#! FIELDS time phi psi
#! SET max_psi pi
 0.180000 -1.501879 1.755947
 0.380000 -1.451900 0.318822
 0.580000 -1.623934 1.354005
 0.780000 -1.412368 0.810729
 0.980000 -1.809902 1.384505
 1.180000 -1.427864 0.815159
 1.380000 -1.737421 1.220322
 1.580000 -1.601794 1.063685
 1.780000 -1.655404 1.093030
 1.980000 -1.792662 1.210206
 2.180000 -1.736192 1.014463
 2.380000 -1.388289 1.267742
 2.580000 -1.728469 0.869435
 2.780000 -1.449506 1.456689
 2.980000 -1.865757 0.811811
 3.180000 -1.526472 1.490493
 3.380000 -1.490080 0.643433
 3.580000 -1.835901 1.519837
 3.780000 -1.567210 0.780056
 3.980000 -1.989767 1.272074
 4.180000 -1.435953 0.877165
 4.380000 -1.775030 1.115606
 4.580000 -1.566300 0.993090
 4.780000 -1.723823 1.150761
 4.980000 -1.459059 1.008774
 5.180000 -1.865569 1.063167
 5.380000 -1.509801 1.187926
 5.580000 -1.797240 1.032992
 5.780000 -1.699304 1.221880
 5.980000 -1.437568 1.075811
 6.180000 -1.943635 1.185873
 6.380000 -1.476082 0.970599
 6.580000 -1.745541 1.175433
 6.780000 -1.693310 1.065822
 6.980000 -1.477105 1.139708
 7.180000 -1.659722 1.145245
 7.380000 -1.719573 1.012593
 7.580000 -1.515590 1.318950
 7.780000 -1.846958 0.929997
 7.980000 -1.422943 1.210472
 8.180000 -1.671653 0.895614
 8.380000 -1.741771 1.284153
 8.580000 -1.551140 1.012921
 8.780000 -1.781232 1.142424
 8.980000 -1.688144 1.108585
 9.180000 -1.537134 1.089688
 9.380000 -1.714910 1.152406
 9.580000 -1.446835 1.001309
 9.780000 -1.580614 1.216040
 9.980000 -1.808816 0.874804
 10.180000 -1.475091 1.270428
 10.380000 -1.711434 0.867649
 10.580001 -1.629346 1.412333
 10.780001 -1.466778 0.799577
 10.980001 -1.704018 1.336935
 11.180001 -1.612864 0.889359
 11.380001 -1.602549 1.270233
 11.580001 -1.763657 0.963579
 11.780001 -1.451532 1.186030
 11.980001 -1.601118 1.131767
 12.180001 -1.700152 1.097817
 12.380001 -1.578604 1.182049
 12.580001 -1.922550 1.169902
 12.780001 -1.636603 1.162504
 12.980001 -1.465954 0.979505
 13.180001 -1.672305 1.197476
 13.380001 -1.741312 1.029098
 13.580001 -1.367324 1.165719
 13.780001 -1.705368 0.919327
 13.980001 -1.674721 1.353681
 14.180001 -1.632185 0.842529
 14.380001 -1.454360 1.229168
 14.580001 -1.588086 0.944749
 14.780001 -1.639822 1.302677
 14.980001 -1.451774 0.793410
 15.180001 -1.464894 1.162216
 15.380001 -1.702329 0.995323
 15.580001 -1.810685 1.132898
 15.780001 -1.546731 1.095303
 15.980001 -1.569563 1.017992
 16.180001 -1.592739 1.165382
 16.380001 -1.582465 1.071570
 16.580001 -1.458198 1.184706
 16.780001 -1.689051 0.918981
 16.980001 -1.577395 1.268009
 17.180001 -1.583355 0.891395
 17.380001 -1.621894 1.259435
 17.580001 -1.542465 0.933360
 17.780001 -1.496079 1.337495
 17.980001 -1.676822 0.978285
 18.180001 -1.596439 1.108141
 18.380001 -1.736819 1.108681
 18.580001 -1.587347 1.042384
 18.780001 -1.558349 1.197304
 18.980001 -1.714116 1.139223
 19.180001 -1.678881 1.017638
 19.380001 -1.729694 1.172098
 19.580001 -1.667514 0.841373
 19.780001 -1.619006 1.301235
 19.980001 -1.530012 0.941348
 20.180001 -1.456045 1.300226
 20.380001 -1.632822 1.014939
 20.580001 -1.773672 1.183460
 20.780001 -1.848838 1.168650
 20.980001 -1.662686 1.023153
 21.180001 -1.656775 1.288197
 21.380001 -1.488568 0.894183
 21.580001 -1.484026 1.333737
 21.780001 -1.685654 0.962864
 21.980001 -1.672245 1.243801
 22.180001 -1.699728 0.986014
 22.380001 -1.692657 1.213572
 22.580001 -1.479295 1.076031
 22.780001 -1.645769 1.125596
 22.980001 -1.457564 1.011731
 23.180001 -1.614044 1.123259
 23.380001 -1.736929 1.035812
 23.580001 -1.547420 1.051222
 23.780001 -1.645771 1.097083
 23.980001 -1.688666 1.040776
 24.180001 -1.499914 1.277630
 24.380001 -1.635905 0.854592
 24.580001 -1.771902 1.255847
 24.780001 -1.600232 0.942980
 24.980001 -1.438920 1.214681
 25.180001 -1.531766 0.965845
 25.380001 -1.499884 1.440889
 25.580001 -1.572320 0.919695
 25.780001 -1.563816 1.254171
 25.980001 -1.637581 0.906798
 26.180001 -1.979194 1.320513
 26.380001 -1.615802 1.026748
 26.580001 -1.564558 1.232778
 26.780001 -1.604285 1.133593
 26.980001 -1.389250 1.082745
 27.180001 -1.482864 1.083899
 27.380001 -1.866044 0.988985
 27.580001 -1.748299 1.242977
 27.780001 -1.668241 0.960067
 27.980001 -1.438556 1.044994
 28.180001 -1.568605 1.114951
 28.380001 -1.667091 1.135225
 28.580001 -1.506475 1.010168
 28.780001 -1.588835 1.213766
 28.980001 -2.019562 1.052366
 29.180001 -1.429774 1.172897
 29.380001 -1.803596 1.141624
 29.580001 -1.633884 1.167222
 29.780001 -1.415997 1.107230
 29.980001 -1.921539 1.134256
 30.180001 -1.797890 1.071073
 30.380001 -1.424258 1.062863
 30.580001 -1.675833 0.985091
 30.780001 -1.543790 1.235821
 30.980001 -1.479267 1.144192
 31.180001 -1.556967 1.079035
 31.380001 -1.607432 1.096717
 31.580001 -1.837713 1.091033
 31.780002 -1.836524 1.146999
 31.980002 -1.553208 0.985343
 32.180002 -1.684974 1.263910
 32.380002 -1.706397 0.975033
 32.580002 -1.607162 1.356070
 32.780002 -1.706429 0.945263
 32.980002 -1.600558 1.247343
 33.180002 -1.541188 0.877034
 33.380002 -1.610519 1.257671
 33.580002 -1.481877 1.033082
 33.780002 -1.506665 1.096086
 33.980002 -1.738320 1.031820
 34.180002 -1.617366 1.083407
 34.380002 -1.820589 1.120250
 34.580002 -1.546691 1.069272
 34.780002 -1.683676 1.169476
 34.980002 -1.717080 1.061232
 35.180002 -1.702584 1.095116
 35.380002 -1.476332 1.082492
 35.580002 -1.782653 1.019486
 35.780002 -1.548999 1.208801
 35.980002 -1.439852 0.948051
 36.180002 -1.593182 1.130020
 36.380002 -1.597667 1.054751
 36.580002 -1.787412 1.045257
 36.780002 -1.597517 1.109636
 36.980002 -1.580929 1.047397
 37.180002 -1.611414 1.045392
 37.380002 -1.522443 1.138344
 37.580002 -1.488986 1.066203
 37.780002 -1.704267 1.094585
 37.980002 -1.579638 1.023274
 38.180002 -1.614796 1.056012
 38.380002 -1.786564 1.106479
 38.580002 -1.565395 0.985395
 38.780002 -1.619561 1.159204
 38.980002 -1.651368 0.993725
 39.180002 -1.527844 1.149651
 39.380002 -1.747985 1.076612
 39.580002 -1.566196 0.926322
 39.780002 -1.589960 1.199076
 39.980002 -1.737628 1.048140
 40.180002 -1.490680 1.162254
 40.380002 -1.520776 1.099153
 40.580002 -1.534307 1.104233
 40.780002 -1.620448 1.300971
 40.980002 -1.618143 0.961009
 41.180002 -1.697853 1.267514
 41.380002 -1.653905 1.045413
 41.580002 -1.696769 1.313217
 41.780002 -1.623588 0.994003
 41.980002 -1.496680 1.290797
 42.180002 -1.461661 0.893551
 42.380002 -1.650796 1.257118
 42.580002 -1.489271 0.928449
 42.780002 -1.736435 1.163848
 42.980002 -1.562754 1.023536
 43.180002 -1.689868 1.114688
 43.380002 -1.685582 1.058436
 43.580002 -1.603437 1.143666
 43.780002 -1.612882 1.206847
 43.980002 -1.534994 0.927211
 44.180002 -1.587016 1.154835
 44.380002 -1.454680 0.872964
 44.580002 -1.647374 1.232490
 44.780002 -1.459132 0.996858
 44.980002 -1.757946 1.164492
 45.180002 -1.476956 0.936333
 45.380002 -1.572339 1.072640
 45.580002 -1.710262 1.141354
 45.780002 -1.684691 1.012953
 45.980002 -1.574679 1.018880
 46.180002 -1.701655 1.036203
 46.380002 -1.544098 1.252529
 46.580002 -1.572730 0.925157
 46.780002 -1.555510 1.181944
 46.980002 -1.589246 0.991486
 47.180002 -1.714596 1.167783
 47.380002 -1.637471 1.049721
 47.580002 -1.545224 1.103502
 47.780002 -1.783687 1.207220
 47.980002 -1.687763 1.012069
 48.180002 -1.643379 1.165285
 48.380002 -1.616945 1.014934
 48.580002 -1.496257 1.136977
 48.780002 -1.638517 1.210894
 48.980002 -1.553958 1.101346
 49.180002 -1.503561 1.208072
 49.380002 -1.683992 1.072894
 49.580002 -1.614581 1.135269
 49.780002 -1.642275 1.222505
 49.980002 -1.640188 0.949581
 50.180002 -1.501371 1.219393
 50.380002 -1.608250 1.044414
 50.580002 -1.436503 1.101903
 50.780002 -1.663610 1.017611
 50.980002 -1.563468 1.076979
 51.180002 -1.782756 1.179467
 51.380002 -1.482644 1.052869
 51.580002 -1.727736 1.206210
 51.780002 -1.594211 1.028810
 51.980002 -1.582004 1.124801
 52.180002 -1.573438 1.119825
 52.380002 -1.728329 1.018259
 52.580002 -1.633017 1.102712
 52.780003 -1.616493 1.049963
 52.980003 -1.712537 1.064707
 53.180003 -1.442021 1.032556
 53.380003 -1.621238 1.205367
 53.580003 -1.666246 1.020292
 53.780003 -1.507106 1.079315
 53.980003 -1.652822 0.985496
 54.180003 -1.446760 1.217060
 54.380003 -1.618220 0.999283
 54.580003 -1.523424 1.174033
 54.780003 -1.635397 1.086134
 54.980003 -1.751007 1.105236
 55.180003 -1.546984 1.071895
 55.380003 -1.694236 1.029115
 55.580003 -1.767135 1.210445
 55.780003 -1.388024 0.902642
 55.980003 -1.605341 1.165504
 56.180003 -1.775522 0.950336
 56.380003 -1.433217 1.136161
 56.580003 -1.613761 0.905779
 56.780003 -1.754166 1.306529
 56.980003 -1.553629 0.983874
 57.180003 -1.555216 1.143614
 57.380003 -1.689605 1.134036
 57.580003 -1.459728 1.071128
 57.780003 -1.836754 1.063025
 57.980003 -1.512531 1.083465
 58.180003 -1.698866 1.099017
 58.380003 -1.604889 1.066339
 58.580003 -1.512702 1.064076
 58.780003 -1.596501 1.178627
 58.980003 -1.815773 0.994221
 59.180003 -1.570062 1.128631
 59.380003 -1.629560 0.953296
 59.580003 -1.640985 1.160133
 59.780003 -1.588489 0.964130
 59.980003 -1.737359 1.190482
 60.180003 -1.583254 0.972755
 60.380003 -1.787314 1.133899
 60.580003 -1.614557 1.147346
 60.780003 -1.595703 1.058660
 60.980003 -1.402667 1.129456
 61.180003 -1.739235 1.064285
 61.380003 -1.499107 1.188355
 61.580003 -1.862781 0.932712
 61.780003 -1.477429 1.095088
 61.980003 -1.722258 0.946591
 62.180003 -1.612872 1.138178
 62.380003 -1.550261 1.020683
 62.580003 -1.581117 1.007922
 62.780003 -1.595907 1.135407
 62.980003 -1.651403 1.087675
 63.180003 -1.559532 1.097322
 63.380003 -1.745303 1.057989
 63.580003 -1.574765 1.115800
 63.780003 -1.977883 1.134414
 63.980003 -1.354816 1.108730
 64.180003 -1.807629 1.094570
 64.380003 -1.599230 1.059530
 64.580003 -1.624915 1.145431
 64.780003 -1.458992 1.093355
 64.980003 -1.785006 1.026714
 65.180003 -1.601860 1.027006
 65.380003 -1.732132 1.132498
 65.580003 -1.593773 1.063369
 65.780003 -1.539472 1.195810
 65.980003 -1.801888 0.960398
 66.180003 -1.340011 1.128331
 66.380003 -1.845183 1.032792
 66.580003 -1.682278 1.133683
 66.780003 -1.531638 0.998289
 66.980003 -1.530885 1.183026
 67.180003 -1.723855 0.890383
 67.380003 -1.537349 1.313994
 67.580003 -1.619985 0.859641
 67.780003 -1.672484 1.191718
 67.980003 -1.771985 0.978230
 68.180003 -1.623159 1.096041
 68.380003 -1.709723 1.180354
 68.580003 -1.420633 1.038038
 68.780003 -1.831600 1.278516
 68.980003 -1.437730 0.950395
 69.180003 -1.828693 1.208750
 69.380003 -1.609663 0.959761
 69.580003 -1.788083 1.290497
 69.780003 -1.563362 1.042684
 69.980003 -1.375009 1.136755
 70.180003 -1.733629 1.115630
 70.380003 -1.716687 1.095213
 70.580003 -1.593379 0.959777
 70.780003 -1.619746 1.054315
 70.980003 -1.754882 1.143243
 71.180003 -1.480992 1.119133
 71.380003 -1.596030 0.975797
 71.580003 -1.365249 1.112269
 71.780003 -1.719127 1.036319
 71.980003 -1.741528 1.153965
 72.180003 -1.531021 0.989922
 72.380003 -1.562928 1.238743
 72.580003 -1.731056 1.142910
 72.780003 -1.456689 1.249815
 72.980003 -1.716072 1.026052
 73.180003 -1.692764 1.254832
 73.380003 -1.694379 1.041714
 73.580003 -1.802391 1.099977
 73.780004 -1.527969 1.080567
 73.980004 -1.609453 1.158122
 74.180004 -1.560811 1.063082
 74.380004 -1.581716 1.052647
 74.580004 -1.653173 1.113901
 74.780004 -1.836453 0.988343
 74.980004 -1.455787 1.156073
 75.180004 -1.883414 0.900159
 75.380004 -1.544497 1.257518
 75.580004 -1.595980 0.979490
 75.780004 -1.858757 1.232300
 75.980004 -1.562604 0.893820
 76.180004 -1.835121 1.341107
 76.380004 -1.604871 0.872764
 76.580004 -1.607524 1.224166
 76.780004 -1.614650 1.027212
 76.980004 -1.663368 1.169122
 77.180004 -1.441442 0.937741
 77.380004 -1.883171 1.239869
 77.580004 -1.468614 0.899477
 77.780004 -1.695340 1.272571
 77.980004 -1.673637 0.951046
 78.180004 -1.489279 1.136120
 78.380004 -1.604667 0.970259
 78.580004 -1.781453 1.138104
 78.780004 -1.494858 1.118432
 78.980004 -1.734562 0.959936
 79.180004 -1.582091 1.305547
 79.380004 -1.524562 0.920459
 79.580004 -1.728370 1.253271
 79.780004 -1.581622 0.908148
 79.980004 -1.679660 1.234653
 80.180004 -1.655012 0.920620
 80.380004 -1.530605 1.157352
 80.580004 -1.701246 1.122405
 80.780004 -1.928201 0.938053
 80.980004 -1.535075 1.156746
 81.180004 -1.900699 1.078982
 81.380004 -1.642052 1.241806
 81.580004 -1.435492 1.044166
 81.780004 -1.800944 1.308443
 81.980004 -1.569798 0.900609
 82.180004 -1.664335 1.255186
 82.380004 -1.762937 0.796670
 82.580004 -1.585659 1.239939
 82.780004 -1.724711 1.054529
 82.980004 -1.478642 1.054215
 83.180004 -1.414010 1.149709
 83.380004 -1.804043 0.956989
 83.580004 -1.653336 1.278833
 83.780004 -1.616327 0.877846
 83.980004 -1.650307 1.178709
 84.180004 -1.543273 1.021705
 84.380004 -1.730658 1.287945
 84.580004 -1.540496 0.953864
 84.780004 -1.646722 1.293699
 84.980004 -1.774398 0.840719
 85.180004 -1.599997 1.382615
 85.380004 -1.448567 0.783457
 85.580004 -1.639836 1.228991
 85.780004 -1.479730 1.028169
 85.980004 -1.745036 1.141563
 86.180004 -1.566513 1.172157
 86.380004 -1.638873 1.023366
 86.580004 -1.821612 1.163279
 86.780004 -1.517233 0.943336
 86.980004 -1.523866 1.107665
 87.180004 -1.708619 1.123173
 87.380004 -1.621573 1.066192
 87.580004 -1.600923 1.114732
 87.780004 -1.826013 1.108309
 87.980004 -1.641377 1.189130
 88.180004 -1.643025 1.025257
 88.380004 -1.564401 1.109134
 88.580004 -1.501390 1.042740
 88.780004 -1.679151 1.140879
 88.980004 -1.614860 1.033599
 89.180004 -1.677168 1.240857
 89.380004 -1.506420 0.955481
 89.580004 -1.600893 1.311610
 89.780004 -1.500915 1.029033
 89.980004 -1.722805 1.240786
 90.180004 -1.695774 1.042380
 90.380004 -1.478790 1.054580
 90.580004 -1.600806 1.043120
 90.780004 -1.482803 1.152071
 90.980004 -1.411856 1.068574
 91.180004 -1.461388 0.896692
 91.380004 -1.603852 1.144797
 91.580004 -1.714069 0.961369
 91.780004 -1.647840 1.119413
 91.980004 -1.509305 1.010486
 92.180004 -1.669848 1.217308
 92.380004 -1.915159 1.104967
 92.580004 -1.439472 1.051817
 92.780004 -1.873752 1.191576
 92.980004 -1.626787 1.025322
 93.180004 -1.520559 1.196253
 93.380004 -1.684987 0.970146
 93.580004 -1.590457 1.023052
 93.780004 -1.636378 1.159758
 93.980004 -1.695605 0.985751
 94.180004 -1.652663 1.183033
 94.380004 -1.471634 0.902978
 94.580004 -1.670176 1.363908
 94.780005 -1.520205 0.949202
 94.980005 -1.526559 1.277382
 95.180005 -1.671613 0.974059
 95.380005 -1.634629 1.247010
 95.580005 -1.729306 1.133407
 95.780005 -1.616196 1.072120
 95.980005 -1.394235 1.261242
 96.180005 -1.722833 1.043609
 96.380005 -1.656150 1.216029
 96.580005 -1.564673 0.926217
 96.780005 -1.742287 1.141386
 96.980005 -1.662848 1.008718
 97.180005 -1.428656 1.141014
 97.380005 -1.637128 0.916453
 97.580005 -1.533434 1.247523
 97.780005 -1.594317 0.968236
 97.980005 -1.732647 1.151725
 98.180005 -1.578348 0.924649
 98.380005 -1.728315 1.304660
 98.580005 -1.590635 0.916965
 98.780005 -1.478631 1.278753
 98.980005 -1.651979 0.968236
 99.180005 -1.747415 1.214458
 99.380005 -1.574051 1.030104
 99.580005 -1.729813 1.119833
 99.780005 -1.623314 1.144783
 99.980005 -1.603982 1.066491
 100.180005 -1.449764 1.183440
 100.380005 -1.584059 0.933967
 100.580005 -1.574643 1.360645
 100.780005 -1.706013 0.916014
 100.980005 -1.472470 1.278754
 101.180005 -1.737816 0.973854
 101.380005 -1.578832 1.288624
 101.580005 -1.663345 0.934067
 101.780005 -1.409288 1.112366
 101.980005 -1.720772 1.006664
 102.180005 -1.559093 1.203559
 102.380005 -1.639623 0.979401
 102.580005 -1.507226 1.145662
 102.780005 -1.726715 0.912349
 102.980005 -1.633276 1.297625
 103.180005 -1.660935 0.834750
 103.380005 -1.603185 1.288719
 103.580005 -1.653918 0.940070
 103.780005 -1.687793 1.199796
 103.980005 -1.640347 1.229990
 104.180005 -1.574202 0.976351
 104.380005 -1.661147 1.342493
 104.580005 -1.559509 0.913954
 104.780005 -1.580585 1.228103
 104.980005 -1.748916 0.997208
 105.180005 -1.477526 1.095218
 105.380005 -1.786148 1.100142
 105.580005 -1.552734 1.053867
 105.780005 -1.515836 1.082055
 105.980005 -1.650892 1.114358
 106.180005 -1.605549 1.078440
 106.380005 -1.471958 1.063475
 106.580005 -1.799867 0.941389
 106.780005 -1.632623 1.318653
 106.980005 -1.679138 0.917679
 107.180005 -1.565866 1.309899
 107.380005 -1.458372 0.878381
 107.580005 -1.710372 1.304556
 107.780005 -1.729237 0.942982
 107.980005 -1.615793 1.191664
 108.180005 -1.702278 1.066922
 108.380005 -1.661922 1.140868
 108.580005 -1.511430 1.284504
 108.780005 -1.787179 0.902043
 108.980005 -1.535853 1.237582
 109.180005 -1.640888 0.873729
 109.380005 -1.665118 1.305273
 109.580005 -1.456047 0.916694
 109.780005 -1.696634 1.325735
 109.980005 -1.564228 0.936182
 110.180005 -1.686608 1.189575
 110.380005 -1.850533 0.947931
 110.580005 -1.575159 1.120683
 110.780005 -1.560230 1.112924
 110.980005 -1.545449 0.995085
 111.180005 -1.639803 1.300173
 111.380005 -1.547119 0.915561
 111.580005 -1.806082 1.355224
 111.780005 -1.598319 0.956902
 111.980005 -1.809833 1.114148
 112.180005 -1.513366 0.979177
 112.380005 -1.574964 1.286591
 112.580005 -1.610143 0.944544
 112.780005 -1.591428 1.120015
 112.980005 -1.734351 1.123780
 113.180005 -1.840319 1.099724
 113.380005 -1.577091 1.100551
 113.580005 -1.446775 1.061575
 113.780005 -1.633292 1.208502
 113.980005 -1.574287 0.977651
 114.180005 -1.580067 1.195710
 114.380005 -1.714008 0.832003
 114.580005 -1.552808 1.282870
 114.780005 -1.747623 0.969520
 114.980005 -1.529174 1.217236
 115.180005 -1.467634 0.900877
 115.380005 -1.751323 1.375387
 115.580005 -1.508474 0.893214
 115.780005 -1.603089 1.225933
 115.980006 -1.571758 0.984480
 116.180006 -1.881502 1.212573
 116.380006 -1.560679 1.133768
 116.580006 -1.660758 0.942999
 116.780006 -1.412726 1.183705
 116.980006 -1.655855 0.902615
 117.180006 -1.606851 1.264777
 117.380006 -1.518939 0.967133
 117.580006 -1.639264 1.161172
 117.780006 -1.623506 1.055937
 117.980006 -1.470524 1.047289
 118.180006 -1.694685 1.157667
 118.380006 -1.725984 1.071223
 118.580006 -1.559297 1.043990
 118.780006 -1.688238 1.122308
 118.980006 -1.536250 1.042432
 119.180006 -1.436170 1.241513
 119.380006 -1.704704 0.911119
 119.580006 -1.504009 1.213752
 119.780006 -1.729881 0.997954
 119.980006 -1.854808 1.176719
 120.180006 -1.587925 1.060499
 120.380006 -1.537295 1.173762
 120.580006 -1.525299 0.962215
 120.780006 -1.579317 1.109786
 120.980006 -1.696154 1.050824
 121.180006 -1.782964 1.107322
 121.380006 -1.401817 1.031867
 121.580006 -1.769531 1.170832
 121.780006 -1.544030 1.085696
 121.980006 -1.554216 1.142010
 122.180006 -1.676752 1.015745
 122.380006 -1.647787 1.093561
 122.580006 -1.654774 1.115676
 122.780006 -1.590307 1.160061
 122.980006 -1.402625 1.095925
 123.180006 -1.485595 1.066911
 123.380006 -1.631690 1.052011
 123.580006 -1.651538 1.120288
 123.780006 -1.657838 1.106956
 123.980006 -1.618424 1.133669
 124.180006 -1.271093 1.006567
 124.380006 -1.796116 1.253002
 124.580006 -1.656639 0.982364
 124.780006 -1.497268 1.108067
 124.980006 -1.687586 1.041079
 125.180006 -1.651398 1.118273
 125.380006 -1.522719 1.145914
 125.580006 -1.652497 0.990967
 125.780006 -1.517882 1.140735
 125.980006 -1.758645 0.932822
 126.180006 -1.659519 1.240658
 126.380006 -1.498800 0.885778
 126.580006 -1.577024 1.106420
 126.780006 -1.656264 1.036990
 126.980006 -1.425541 1.058033
 127.180006 -1.751867 1.058380
 127.380006 -1.842252 1.248780
 127.580006 -1.620588 0.999879
 127.780006 -1.706288 1.208168
 127.980006 -1.630518 0.954747
 128.180006 -1.649472 1.298097
 128.380006 -1.450997 0.908221
 128.580006 -1.574391 1.216365
 128.780006 -1.601845 1.084757
 128.980006 -1.747612 1.020724
 129.180006 -1.614622 1.132372
 129.380006 -1.624817 0.928412
 129.580006 -1.563069 1.269281
 129.780006 -1.510883 0.862148
 129.980006 -1.597328 1.249901
 130.180006 -1.767967 0.975980
 130.380006 -1.537402 1.196142
 130.580006 -1.516105 0.975763
 130.780006 -1.569754 1.187801
 130.980006 -1.743911 1.158900
 131.180006 -1.549190 1.072299
 131.380006 -1.748476 1.068415
 131.580006 -1.607374 1.195079
 131.780006 -1.526056 1.043281
 131.980006 -1.565084 1.048364
 132.180006 -1.582100 1.043340
 132.380006 -1.721855 1.116764
 132.580006 -1.644530 1.006705
 132.780006 -1.722286 1.038617
 132.980006 -1.531838 1.148342
 133.180006 -1.727984 1.143191
 133.380006 -1.288555 1.017143
 133.580006 -1.616235 1.192880
 133.780006 -1.632844 1.017115
 133.980006 -1.697854 1.264897
 134.180006 -1.507942 0.939075
 134.380006 -1.906731 1.207104
 134.580006 -1.502423 1.139459
 134.780006 -1.858731 1.225307
 134.980006 -1.496541 1.039265
 135.180006 -1.622871 1.259667
 135.380006 -1.753017 1.041948
 135.580006 -1.658211 1.193568
 135.780006 -1.521760 0.944674
 135.980006 -1.791677 1.343951
 136.180006 -1.527214 0.940366
 136.380006 -1.442861 1.158377
 136.580006 -1.649733 0.884459
 136.780006 -1.535954 1.249186
 136.980007 -1.571394 0.817982
 137.180007 -1.640238 1.147169
 137.380007 -1.648948 1.120145
 137.580007 -1.810698 1.205527
 137.780007 -1.806129 1.161611
 137.980007 -1.475859 0.993756
 138.180007 -1.894517 1.222540
 138.380007 -1.588407 0.925302
 138.580007 -1.553340 1.409068
 138.780007 -1.465243 0.766111
 138.980007 -1.624575 1.491915
 139.180007 -1.562212 0.662484
 139.380007 -1.736609 1.432815
 139.580007 -1.576319 0.730877
 139.780007 -1.822650 1.456318
 139.980007 -1.869011 0.977055
 140.180007 -1.455095 1.156506
 140.380007 -1.752572 0.999565
 140.580007 -1.610775 1.181008
 140.780007 -1.532941 1.116486
 140.980007 -1.584895 0.844571
 141.180007 -1.609131 1.301376
 141.380007 -1.717419 0.730209
 141.580007 -1.546061 1.262725
 141.780007 -1.659176 0.996438
 141.980007 -1.580079 1.139462
 142.180007 -1.590649 1.158460
 142.380007 -1.659447 1.079578
 142.580007 -1.762176 1.189286
 142.780007 -1.417685 1.007186
 142.980007 -1.690587 1.364099
 143.180007 -1.736800 1.009756
 143.380007 -1.501171 1.345954
 143.580007 -1.566998 0.868163
 143.780007 -1.642422 1.241978
 143.980007 -1.584138 1.014789
 144.180007 -1.616659 1.060193
 144.380007 -1.393271 1.071978
 144.580007 -1.688224 1.037487
 144.780007 -1.649033 1.255753
 144.980007 -1.463082 0.939455
 145.180007 -1.626685 1.170615
 145.380007 -1.770089 1.050293
 145.580007 -1.610136 1.166190
 145.780007 -1.508542 0.828017
 145.980007 -1.734288 1.308689
 146.180007 -1.649381 0.918371
 146.380007 -1.644514 1.333016
 146.580007 -1.389785 0.963813
 146.780007 -1.687622 1.286583
 146.980007 -1.746380 1.002020
 147.180007 -1.533606 1.121145
 147.380007 -1.625982 0.911508
 147.580007 -1.735197 1.185918
 147.780007 -1.495109 1.016160
 147.980007 -1.506987 1.101239
 148.180007 -1.673229 1.186841
 148.380007 -1.663955 1.115148
 148.580007 -1.575794 1.232832
 148.780007 -1.767202 0.932251
 148.980007 -1.635017 1.367727
 149.180007 -1.573715 0.974934
 149.380007 -1.734122 1.245384
 149.580007 -1.570859 0.980932
 149.780007 -1.804999 1.416696
 149.980007 -1.550539 0.944482
 150.180007 -1.298775 1.193851
 150.380007 -1.653728 1.069944
 150.580007 -1.729258 1.237411
 150.780007 -1.541336 1.040790
 150.980007 -1.585463 1.064786
 151.180007 -1.656252 1.269089
 151.380007 -1.577184 1.001401
 151.580007 -1.639559 1.233102
 151.780007 -1.445586 0.962097
 151.980007 -1.734200 1.254425
 152.180007 -1.679453 0.950388
 152.380007 -1.732958 1.143041
 152.580007 -1.518443 1.134502
 152.780007 -1.733657 1.012448
 152.980007 -1.579055 1.272648
 153.180007 -1.511005 0.902204
 153.380007 -1.804312 1.275825
 153.580007 -1.586576 0.816404
 153.780007 -1.665434 1.302096
 153.980007 -1.600862 0.947609
 154.180007 -1.537208 1.171674
 154.380007 -1.607663 1.103625
 154.580007 -1.748544 1.062890
 154.780007 -1.533518 1.258139
 154.980007 -1.792543 0.720542
 155.180007 -1.581610 1.538525
 155.380007 -1.555278 0.821974
 155.580007 -1.720142 1.287583
 155.780007 -1.509489 0.953570
 155.980007 -1.689976 1.238030
 156.180007 -1.711071 1.013703
 156.380007 -1.447205 1.127932
 156.580007 -1.728975 1.138475
 156.780007 -1.521835 1.072388
 156.980007 -1.550276 1.171534
 157.180007 -1.739619 1.020315
 157.380007 -1.615906 1.218477
 157.580007 -1.648204 1.035186
 157.780007 -1.608179 1.221222
 157.980008 -1.401668 0.855227
 158.180008 -1.502556 1.305374
 158.380008 -1.748218 0.826317
 158.580008 -1.596641 1.319631
 158.780008 -1.647926 1.018016
 158.980008 -1.796712 1.044829
 159.180008 -1.746817 1.217110
 159.380008 -1.606787 0.966018
 159.580008 -1.873726 1.176886
 159.780008 -1.545621 0.991784
 159.980008 -1.782599 1.206486
 160.180008 -1.538352 1.105583
 160.380008 -1.634328 1.137793
 160.580008 -1.680646 1.191933
 160.780008 -1.703177 0.941259
 160.980008 -1.484734 1.165704
 161.180008 -1.741282 1.135741
 161.380008 -1.713928 1.208842
 161.580008 -1.313031 0.961715
 161.780008 -1.706335 1.289988
 161.980008 -1.728122 0.885057
 162.180008 -1.674302 1.340628
 162.380008 -1.360603 0.847067
 162.580008 -1.522881 1.205134
 162.780008 -1.553406 1.001927
 162.980008 -1.778028 1.261497
 163.180008 -1.531223 1.092487
 163.380008 -1.747459 1.024308
 163.580008 -1.723972 1.204318
 163.780008 -1.720694 0.962626
 163.980008 -1.481077 1.244785
 164.180008 -1.687866 0.859001
 164.380008 -1.581806 1.356060
 164.580008 -1.485679 0.852424
 164.780008 -1.626677 1.277860
 164.980008 -1.823191 0.825493
 165.180008 -1.572259 1.339825
 165.380008 -1.350762 0.878875
 165.580008 -1.533861 1.243356
 165.780008 -1.803399 1.049416
 165.980008 -1.601823 1.094513
 166.180008 -1.579274 1.092097
 166.380008 -1.755163 0.934460
 166.580008 -1.707872 1.287571
 166.780008 -1.433486 0.913301
 166.980008 -1.468918 1.209743
 167.180008 -1.719146 1.058058
 167.380008 -1.576240 1.112194
 167.580008 -1.691631 1.097624
 167.780008 -1.532537 0.975846
 167.980008 -1.683753 1.255607
 168.180008 -1.573952 0.981342
 168.380008 -1.563628 1.194324
 168.580008 -1.503670 0.931728
 168.780008 -1.791195 1.319478
 168.980008 -1.468092 0.960375
 169.180008 -1.643116 1.193485
 169.380008 -1.514538 1.122553
 169.580008 -1.712383 1.131901
 169.780008 -1.524932 1.042699
 169.980008 -1.653756 1.045760
 170.180008 -1.614845 1.029789
 170.380008 -1.608513 1.045541
 170.580008 -1.592127 1.037822
 170.780008 -1.555182 0.982364
 170.980008 -1.739698 1.095023
 171.180008 -1.787677 1.029292
 171.380008 -1.414917 1.122477
 171.580008 -1.659073 0.976653
 171.780008 -1.602481 1.176887
 171.980008 -1.530020 1.145627
 172.180008 -1.771656 1.092402
 172.380008 -1.726781 1.357498
 172.580008 -1.718986 0.893422
 172.780008 -1.609782 1.378725
 172.980008 -1.519740 0.830505
 173.180008 -1.392924 1.356694
 173.380008 -1.722047 0.872681
 173.580008 -1.552298 1.277616
 173.780008 -1.814549 0.903802
 173.980008 -1.723192 1.112980
 174.180008 -1.597311 1.074606
 174.380008 -1.596327 0.984355
 174.580008 -1.703655 1.150560
 174.780008 -1.419738 0.956922
 174.980008 -1.837282 1.246968
 175.180008 -1.517254 1.048015
 175.380008 -1.554230 1.023564
 175.580008 -1.816821 1.175565
 175.780008 -1.457312 1.056180
 175.980008 -1.754091 1.040704
 176.180008 -1.631012 1.066455
 176.380008 -1.586231 1.149231
 176.580008 -1.761858 1.130756
 176.780008 -1.781922 0.975075
 176.980008 -1.535571 1.154864
 177.180008 -2.000399 0.877170
 177.380008 -1.425975 1.220487
 177.580008 -1.602405 0.985602
 177.780008 -1.696951 1.079009
 177.980008 -1.560983 1.164090
 178.180008 -1.742059 0.936390
 178.380008 -1.782666 1.099087
 178.580008 -1.523169 0.960587
 178.780008 -1.800031 1.143490
 178.980009 -1.708400 1.111678
 179.180009 -1.415877 1.081487
 179.380009 -2.022448 0.891507
 179.580009 -1.566430 1.252094
 179.780009 -1.805831 0.914857
 179.980009 -1.557635 1.113067
 180.180009 -1.524927 1.023966
 180.380009 -1.684641 1.196534
 180.580009 -1.652784 0.909846
 180.780009 -1.349299 1.164070
 180.980009 -1.788395 1.031046
 181.180009 -1.621082 1.186229
 181.380009 -1.537942 1.012910
 181.580009 -1.629472 1.155017
 181.780009 -1.624606 0.957102
 181.980009 -1.716120 1.043571
 182.180009 -1.587964 1.121701
 182.380009 -1.576234 1.037567
 182.580009 -1.526097 1.296865
 182.780009 -1.575024 1.003453
 182.980009 -1.616662 1.308549
 183.180009 -1.798586 0.866986
 183.380009 -1.510444 1.243477
 183.580009 -1.750728 0.987232
 183.780009 -1.470926 1.260264
 183.980009 -1.545377 0.829477
 184.180009 -1.543485 1.214881
 184.380009 -1.725135 1.007150
 184.580009 -1.672535 1.163137
 184.780009 -1.794030 1.133346
 184.980009 -1.501798 1.025700
 185.180009 -1.491926 1.136813
 185.380009 -1.710257 1.018393
 185.580009 -1.504921 1.081180
 185.780009 -1.695032 1.060615
 185.980009 -1.622805 0.909828
 186.180009 -1.799591 1.246879
 186.380009 -1.572618 0.915420
 186.580009 -1.449571 1.229151
 186.780009 -1.666291 1.042158
 186.980009 -1.740934 1.199006
 187.180009 -1.703297 1.085776
 187.380009 -1.725905 0.973450
 187.580009 -1.601433 1.214587
 187.780009 -1.781396 0.985795
 187.980009 -1.622930 1.198448
 188.180009 -1.564985 1.041892
 188.380009 -1.635492 1.180063
 188.580009 -1.753566 1.073116
 188.780009 -1.538656 1.192191
 188.980009 -1.628695 1.023817
 189.180009 -1.582701 1.249870
 189.380009 -1.660186 1.056286
 189.580009 -1.593399 1.258350
 189.780009 -1.646002 0.931273
 189.980009 -1.640854 1.347580
 190.180009 -1.649995 0.824565
 190.380009 -1.495893 1.274922
 190.580009 -1.634778 0.886949
 190.780009 -1.480943 1.300652
 190.980009 -1.557287 0.981658
 191.180009 -1.747687 1.180895
 191.380009 -1.720391 1.183013
 191.580009 -1.851265 0.992364
 191.780009 -1.629857 1.218928
 191.980009 -1.827687 0.808754
 192.180009 -1.638133 1.501118
 192.380009 -1.512610 0.817283
 192.580009 -1.562651 1.480193
 192.780009 -1.422655 0.687559
 192.980009 -1.613476 1.512585
 193.180009 -1.661989 0.659370
 193.380009 -1.481584 1.419594
 193.580009 -1.631029 0.890249
 193.780009 -1.644112 1.174864
 193.980009 -1.715715 1.141957
 194.180009 -1.766527 1.040303
 194.380009 -1.488860 1.219830
 194.580009 -1.645394 0.855082
 194.780009 -1.675585 1.388393
 194.980009 -1.529410 0.922368
 195.180009 -1.587522 1.209274
 195.380009 -1.625555 0.823833
 195.580009 -1.624164 1.308336
 195.780009 -1.708783 0.761042
 195.980009 -1.604371 1.316459
 196.180009 -1.657656 0.992887
 196.380009 -1.594794 1.257923
 196.580009 -1.438496 0.962269
 196.780009 -1.712977 1.198470
 196.980009 -1.829606 1.118647
 197.180009 -1.580290 1.099960
 197.380009 -1.838742 1.116749
 197.580009 -1.637999 1.003504
 197.780009 -1.617439 1.213060
 197.980009 -1.635175 0.929123
 198.180009 -1.498520 1.103995
 198.380009 -1.627786 0.940127
 198.580009 -1.626751 1.140397
 198.780009 -1.550135 1.067708
 198.980009 -1.639657 1.134653
 199.180009 -1.808623 1.122399
 199.380009 -1.390224 1.050316
 199.580009 -1.980074 1.124118
 199.780009 -1.367618 1.090120
 199.980009 -1.759959 1.151921
