#! FIELDS time phi psi
#! SET max_psi pi
 0.180000 -1.869105 -2.719447
 0.380000 -1.880222 -2.391537
 0.580000 -1.596350 -1.929638
 0.780000 -2.126606 -2.694412
 0.980000 -1.762926 -1.965469
 1.180000 -2.329467 -2.216577
 1.380000 -1.559132 -2.621039
 1.580000 -2.202218 -2.013076
 1.780000 -1.806072 -2.912455
 1.980000 -1.683892 -1.993028
 2.180000 -2.008108 -2.247711
 2.380000 -1.573739 -2.596862
 2.580000 -2.333356 -1.870819
 2.780000 -1.439876 -2.708970
 2.980000 -2.354559 -2.220889
 3.180000 -1.475016 -2.455214
 3.380000 -1.910037 -2.756201
 3.580000 -2.011666 -2.182362
 3.780000 -1.686223 -2.613843
 3.980000 -2.297046 -2.237960
 4.180000 -1.437091 -2.488761
 4.380000 -2.271277 -2.237530
 4.580000 -1.594470 -2.339169
 4.780000 -2.066564 -2.370048
 4.980000 -1.804089 -2.381491
 5.180000 -1.870323 -2.402963
 5.380000 -2.101131 -2.159849
 5.580000 -1.801564 -2.424180
 5.780000 -2.029305 -2.302437
 5.980000 -1.574977 -2.071927
 6.180000 -2.031409 -2.431765
 6.380000 -1.566495 -2.232139
 6.580000 -1.778696 -2.003055
 6.780000 -2.066549 -2.600817
 6.980000 -1.706536 -1.887585
 7.180000 -1.990683 -2.479597
 7.380000 -1.752585 -2.263440
 7.580000 -1.853537 -1.977015
 7.780000 -1.731746 -2.702101
 7.980000 -1.873821 -2.038361
 8.180000 -1.686057 -2.591563
 8.380000 -1.995172 -2.364354
 8.580000 -1.813252 -2.194424
 8.780000 -1.865413 -2.846610
 8.980000 -1.908258 -2.037210
 9.180000 -1.681083 -2.559969
 9.380000 -1.944081 -2.447098
 9.580000 -1.670253 -1.972858
 9.780000 -2.227628 -2.718912
 9.980000 -1.649310 -1.902446
 10.180000 -2.165777 -2.433147
 10.380000 -1.847092 -2.371191
 10.580001 -1.874159 -2.033250
 10.780001 -2.160882 -2.678405
 10.980001 -1.632547 -2.116623
 11.180001 -2.152772 -2.305876
 11.380001 -1.602471 -2.523214
 11.580001 -2.008390 -1.875871
 11.780001 -1.830758 -2.787819
 11.980001 -1.730525 -2.098827
 12.180001 -1.800132 -2.130206
 12.380001 -1.822405 -2.719468
 12.580001 -2.098175 -1.798746
 12.780001 -1.508544 -2.688337
 12.980001 -2.205044 -2.214720
 13.180001 -1.405092 -2.283368
 13.380001 -2.029076 -2.614152
 13.580001 -1.743268 -2.064500
 13.780001 -1.844111 -2.791265
 13.980001 -1.986467 -2.275815
 14.180001 -1.815981 -2.230667
 14.380001 -2.044849 -2.529329
 14.580001 -1.727689 -2.133754
 14.780001 -1.977316 -2.378511
 14.980001 -1.683433 -2.451175
 15.180001 -2.023613 -2.115677
 15.380001 -1.845526 -2.553231
 15.580001 -1.891868 -2.297428
 15.780001 -2.004500 -2.152512
 15.980001 -1.666443 -2.557234
 16.180001 -2.198884 -2.050470
 16.380001 -1.664291 -2.373745
 16.580001 -2.113488 -2.324892
 16.780001 -1.748638 -2.032909
 16.980001 -1.974166 -2.399574
 17.180001 -2.050529 -2.129318
 17.380001 -1.685194 -2.311518
 17.580001 -2.069625 -2.329175
 17.780001 -1.590209 -2.205596
 17.980001 -2.163068 -2.232914
 18.180001 -1.610464 -2.475996
 18.380001 -2.049375 -2.194143
 18.580001 -1.687918 -2.480310
 18.780001 -1.878750 -2.172200
 18.980001 -2.052589 -2.292176
 19.180001 -1.600138 -2.336535
 19.380001 -2.246121 -2.204485
 19.580001 -1.568768 -2.440086
 19.780001 -2.407245 -2.136265
 19.980001 -1.585588 -2.406285
 20.180001 -2.005300 -2.264304
 20.380001 -1.729364 -2.350584
 20.580001 -1.739931 -2.441369
 20.780001 -2.109675 -2.135847
 20.980001 -1.663133 -2.490465
 21.180001 -2.299604 -2.135592
 21.380001 -1.574110 -2.338274
 21.580001 -2.116347 -2.258118
 21.780001 -1.698159 -2.183718
 21.980001 -1.985197 -2.341537
 22.180001 -2.059111 -2.247238
 22.380001 -1.776590 -2.310122
 22.580001 -2.038168 -2.370553
 22.780001 -1.715414 -2.324303
 22.980001 -1.884604 -2.296415
 23.180001 -1.681202 -2.300877
 23.380001 -2.112975 -2.311898
 23.580001 -1.884712 -2.334649
 23.780001 -1.978261 -2.362441
 23.980001 -1.771369 -2.395148
 24.180001 -1.963407 -2.252357
 24.380001 -1.760238 -2.431936
 24.580001 -1.819282 -2.393475
 24.780001 -2.031156 -2.259144
 24.980001 -1.592699 -2.531144
 25.180001 -2.022563 -2.244125
 25.380001 -1.713555 -2.508292
 25.580001 -1.960898 -2.342979
 25.780001 -1.823305 -2.360795
 25.980001 -1.680344 -2.362759
 26.180001 -2.091074 -2.340009
 26.380001 -1.529810 -2.341877
 26.580001 -2.185449 -2.289982
 26.780001 -1.558701 -2.402601
 26.980001 -1.875330 -2.268908
 27.180001 -1.994139 -2.432954
 27.380001 -1.607902 -2.252991
 27.580001 -2.464692 -2.425275
 27.780001 -1.498867 -2.318392
 27.980001 -2.056750 -2.221741
 28.180001 -1.775979 -2.519013
 28.380001 -1.696639 -2.065068
 28.580001 -2.003909 -2.375664
 28.780001 -1.648005 -2.396065
 28.980001 -1.985724 -2.074887
 29.180001 -1.812809 -2.566555
 29.380001 -1.908269 -2.064493
 29.580001 -1.734329 -2.208869
 29.780001 -1.923019 -2.588427
 29.980001 -1.842853 -1.980461
 30.180001 -1.772436 -2.324886
 30.380001 -1.934694 -2.260777
 30.580001 -1.983454 -2.066819
 30.780001 -1.887928 -2.646671
 30.980001 -1.987741 -2.151684
 31.180001 -1.748847 -2.366814
 31.380001 -1.788522 -2.378427
 31.580001 -2.024258 -2.221539
 31.780002 -1.803019 -2.401131
 31.980002 -2.091254 -2.483828
 32.180002 -1.661876 -2.205564
 32.380002 -2.035514 -2.440672
 32.580002 -1.687077 -2.340382
 32.780002 -1.726306 -2.300465
 32.980002 -2.104441 -2.508462
 33.180002 -1.625400 -2.274886
 33.380002 -1.974828 -2.536577
 33.580002 -1.762707 -2.418338
 33.780002 -1.806634 -2.208495
 33.980002 -1.939310 -2.573511
 34.180002 -1.752881 -2.166828
 34.380002 -2.076600 -2.344608
 34.580002 -1.829704 -2.304713
 34.780002 -2.071953 -2.289112
 34.980002 -1.883705 -2.571078
 35.180002 -1.838175 -2.019228
 35.380002 -2.067685 -2.351189
 35.580002 -1.814743 -2.462283
 35.780002 -2.150831 -2.221470
 35.980002 -1.687444 -2.533393
 36.180002 -1.877547 -2.139303
 36.380002 -1.855633 -2.266864
 36.580002 -1.898790 -2.531976
 36.780002 -1.983894 -1.877484
 36.980002 -1.775666 -2.550007
 37.180002 -1.931443 -2.119788
 37.380002 -1.631521 -2.303060
 37.580002 -2.031083 -2.415331
 37.780002 -1.751973 -2.069888
 37.980002 -1.811686 -2.404031
 38.180002 -1.951847 -2.165606
 38.380002 -1.582812 -2.315629
 38.580002 -2.149277 -2.494998
 38.780002 -1.603492 -2.148775
 38.980002 -2.032481 -2.517697
 39.180002 -1.775788 -2.328850
 39.380002 -1.820356 -2.299461
 39.580002 -2.098582 -2.357088
 39.780002 -1.749657 -2.249810
 39.980002 -2.085358 -2.168257
 40.180002 -1.777405 -2.400320
 40.380002 -1.924142 -2.080849
 40.580002 -2.016268 -2.491026
 40.780002 -1.844284 -2.124314
 40.980002 -2.107835 -2.544965
 41.180002 -1.636291 -2.225552
 41.380002 -1.930225 -2.274865
 41.580002 -1.744411 -2.347054
 41.780002 -1.967159 -2.213737
 41.980002 -1.928738 -2.521596
 42.180002 -1.857156 -2.087129
 42.380002 -2.026387 -2.610410
 42.580002 -1.695212 -2.388614
 42.780002 -2.150017 -2.225734
 42.980002 -1.750242 -2.568722
 43.180002 -1.877768 -2.061830
 43.380002 -1.872710 -2.477805
 43.580002 -1.756901 -2.340313
 43.780002 -1.959064 -2.237935
 43.980002 -1.840884 -2.544995
 44.180002 -1.940264 -2.278232
 44.380002 -1.728715 -2.246399
 44.580002 -1.932083 -2.530186
 44.780002 -1.608400 -2.181273
 44.980002 -2.028842 -2.430878
 45.180002 -1.733956 -2.403076
 45.380002 -2.031238 -1.961125
 45.580002 -1.675614 -2.512519
 45.780002 -2.030333 -2.211500
 45.980002 -1.907934 -2.446692
 46.180002 -1.860349 -2.317364
 46.380002 -2.077631 -2.057455
 46.580002 -1.631817 -2.531334
 46.780002 -2.307786 -2.188819
 46.980002 -1.611076 -2.411837
 47.180002 -2.085611 -2.404430
 47.380002 -1.665941 -2.235290
 47.580002 -1.827966 -2.452233
 47.780002 -1.994664 -2.312381
 47.980002 -1.661119 -2.305569
 48.180002 -2.222714 -2.391229
 48.380002 -1.522906 -2.396716
 48.580002 -2.118183 -2.201079
 48.780002 -1.574970 -2.442259
 48.980002 -1.896741 -2.250006
 49.180002 -2.038103 -2.320871
 49.380002 -1.738999 -2.383429
 49.580002 -2.079513 -2.186310
 49.780002 -1.607896 -2.452614
 49.980002 -2.076403 -2.140082
 50.180002 -1.617944 -2.359974
 50.380002 -1.932435 -2.501310
 50.580002 -1.653523 -2.051512
 50.780002 -1.772486 -2.504690
 50.980002 -2.044314 -2.181756
 51.180002 -1.780886 -2.346444
 51.380002 -1.964584 -2.394334
 51.580002 -1.618857 -2.110211
 51.780002 -1.987895 -2.401117
 51.980002 -1.729020 -2.245545
 52.180002 -1.975035 -2.339796
 52.380002 -1.811889 -2.351867
 52.580002 -1.863205 -2.215434
 52.780003 -1.905531 -2.429121
 52.980003 -1.833101 -2.292956
 53.180003 -1.883562 -2.161985
 53.380003 -1.865279 -2.404633
 53.580003 -1.844008 -2.109998
 53.780003 -1.774324 -2.471888
 53.980003 -1.910717 -2.360009
 54.180003 -1.837782 -2.255870
 54.380003 -1.851918 -2.376003
 54.580003 -1.991001 -2.223380
 54.780003 -1.811570 -2.487675
 54.980003 -2.110342 -2.293119
 55.180003 -1.690421 -2.210917
 55.380003 -2.043953 -2.460291
 55.580003 -1.739577 -2.168629
 55.780003 -1.857802 -2.443478
 55.980003 -1.945270 -2.272790
 56.180003 -1.639090 -2.241906
 56.380003 -2.154098 -2.446893
 56.580003 -1.588653 -2.245029
 56.780003 -2.080120 -2.425307
 56.980003 -1.810913 -2.348191
 57.180003 -1.829129 -2.249404
 57.380003 -2.069766 -2.439142
 57.580003 -1.604084 -2.329553
 57.780003 -2.071765 -2.176469
 57.980003 -1.680428 -2.489565
 58.180003 -1.830682 -2.108674
 58.380003 -1.852029 -2.419711
 58.580003 -1.559558 -2.312912
 58.780003 -1.905763 -2.128973
 58.980003 -1.829463 -2.552824
 59.180003 -1.820511 -2.166283
 59.380003 -1.815793 -2.400171
 59.580003 -1.709377 -2.215262
 59.780003 -1.806307 -2.285512
 59.980003 -1.907227 -2.388840
 60.180003 -1.875234 -2.157029
 60.380003 -1.728751 -2.534446
 60.580003 -1.846973 -2.132782
 60.780003 -1.712775 -2.483285
 60.980003 -1.954025 -2.379568
 61.180003 -1.803258 -2.282021
 61.380003 -1.771568 -2.497201
 61.580003 -1.700965 -2.124589
 61.780003 -1.964312 -2.514275
 61.980003 -1.856230 -2.267820
 62.180003 -1.939322 -2.261068
 62.380003 -1.830332 -2.519912
 62.580003 -1.821755 -2.165675
 62.780003 -1.925283 -2.506362
 62.980003 -1.785813 -2.261762
 63.180003 -1.825094 -2.180670
 63.380003 -1.906622 -2.451377
 63.580003 -1.753368 -2.098700
 63.780003 -1.953344 -2.197053
 63.980003 -2.003315 -2.442404
 64.180003 -1.740538 -2.019065
 64.380003 -1.915240 -2.562500
 64.580003 -1.836897 -2.091993
 64.780003 -1.987381 -2.394164
 64.980003 -1.972775 -2.486519
 65.180003 -1.922439 -2.171192
 65.380003 -1.790384 -2.482713
 65.580003 -1.786969 -2.257554
 65.780003 -2.023690 -2.337190
 65.980003 -1.845954 -2.484316
 66.180003 -1.980969 -2.138318
 66.380003 -1.769679 -2.391292
 66.580003 -1.991043 -2.387592
 66.780003 -1.838711 -2.199555
 66.980003 -2.072553 -2.527862
 67.180003 -1.862193 -2.134605
 67.380003 -1.739182 -2.241531
 67.580003 -1.924243 -2.348540
 67.780003 -1.801312 -2.105230
 67.980003 -2.028204 -2.476086
 68.180003 -1.753690 -2.252984
 68.380003 -1.894643 -2.109519
 68.580003 -1.920247 -2.476651
 68.780003 -1.908875 -2.053422
 68.980003 -2.106689 -2.547159
 69.180003 -1.719595 -2.247217
 69.380003 -1.842333 -2.161921
 69.580003 -1.708604 -2.714334
 69.780003 -2.033552 -2.108187
 69.980003 -1.894743 -2.511301
 70.180003 -1.957647 -2.393331
 70.380003 -1.918611 -2.148931
 70.580003 -1.786178 -2.695758
 70.780003 -1.946021 -2.062951
 70.980003 -1.671076 -2.518933
 71.180003 -1.870277 -2.427655
 71.380003 -1.697582 -1.959265
 71.580003 -2.018338 -2.767425
 71.780003 -1.842978 -1.913343
 71.980003 -1.904165 -2.481693
 72.180003 -1.894751 -2.370149
 72.380003 -1.694828 -1.991818
 72.580003 -1.985338 -2.698045
 72.780003 -1.527148 -2.033988
 72.980003 -2.028126 -2.401680
 73.180003 -1.790135 -2.413869
 73.380003 -1.746836 -1.867899
 73.580003 -1.895399 -2.632981
 73.780004 -1.800128 -2.179824
 73.980004 -1.831834 -2.283591
 74.180004 -1.865984 -2.482654
 74.380004 -1.794556 -1.953989
 74.580004 -1.918861 -2.511115
 74.780004 -1.845930 -2.170945
 74.980004 -1.652322 -2.187793
 75.180004 -1.963541 -2.572383
 75.380004 -1.740788 -2.016557
 75.580004 -1.885417 -2.355052
 75.780004 -1.942439 -2.532884
 75.980004 -1.716737 -2.015272
 76.180004 -1.888842 -2.537663
 76.380004 -1.729882 -2.311842
 76.580004 -1.822185 -2.147653
 76.780004 -1.831358 -2.655179
 76.980004 -1.858413 -2.018547
 77.180004 -1.824935 -2.518916
 77.380004 -1.814293 -2.450551
 77.580004 -1.722122 -2.187624
 77.780004 -1.785648 -2.563779
 77.980004 -1.824121 -2.134901
 78.180004 -1.883977 -2.394741
 78.380004 -1.985656 -2.540785
 78.580004 -1.839666 -2.010863
 78.780004 -1.943861 -2.517038
 78.980004 -1.835900 -2.084974
 79.180004 -1.820626 -2.267350
 79.380004 -2.000708 -2.489302
 79.580004 -1.759205 -2.077650
 79.780004 -1.959527 -2.300009
 79.980004 -1.867145 -2.307151
 80.180004 -1.833038 -2.211819
 80.380004 -1.871543 -2.586112
 80.580004 -1.674731 -2.034452
 80.780004 -1.949063 -2.386902
 80.980004 -1.791804 -2.342960
 81.180004 -1.983366 -2.144042
 81.380004 -1.849176 -2.494797
 81.580004 -1.780653 -2.133729
 81.780004 -1.799612 -2.331552
 81.980004 -1.824555 -2.324645
 82.180004 -1.905451 -2.234479
 82.380004 -1.745212 -2.594337
 82.580004 -1.922401 -2.244921
 82.780004 -1.634796 -2.405369
 82.980004 -1.948936 -2.402893
 83.180004 -1.779803 -2.265306
 83.380004 -1.934646 -2.425148
 83.580004 -1.934419 -2.286419
 83.780004 -1.766208 -2.196133
 83.980004 -2.106100 -2.494310
 84.180004 -1.843988 -2.217168
 84.380004 -2.005077 -2.326023
 84.580004 -1.794519 -2.416877
 84.780004 -1.868054 -2.124724
 84.980004 -1.998716 -2.588763
 85.180004 -1.747085 -2.141348
 85.380004 -2.017161 -2.321013
 85.580004 -1.744224 -2.359506
 85.780004 -1.891486 -2.084450
 85.980004 -2.043592 -2.505151
 86.180004 -1.825695 -2.086743
 86.380004 -1.825983 -2.447963
 86.580004 -1.804509 -2.301932
 86.780004 -1.973817 -2.399948
 86.980004 -1.751588 -2.293789
 87.180004 -1.939382 -2.124445
 87.380004 -1.895550 -2.383922
 87.580004 -1.857856 -2.156806
 87.780004 -1.834001 -2.420676
 87.980004 -1.893518 -2.242704
 88.180004 -1.749740 -2.193230
 88.380004 -1.861858 -2.428897
 88.580004 -1.996630 -2.279396
 88.780004 -1.771107 -2.311748
 88.980004 -1.939916 -2.346805
 89.180004 -1.669472 -2.155598
 89.380004 -1.862595 -2.351569
 89.580004 -1.914704 -2.361795
 89.780004 -1.839648 -2.228356
 89.980004 -1.860864 -2.249822
 90.180004 -1.696385 -2.455911
 90.380004 -1.778704 -2.238720
 90.580004 -1.896274 -2.423866
 90.780004 -1.802380 -2.277257
 90.980004 -1.672025 -2.291549
 91.180004 -1.850303 -2.497526
 91.380004 -1.786212 -2.226164
 91.580004 -1.863913 -2.529071
 91.780004 -1.841893 -2.211467
 91.980004 -1.765496 -2.322841
 92.180004 -1.885709 -2.374579
 92.380004 -1.963877 -2.164974
 92.580004 -1.834580 -2.482667
 92.780004 -1.875597 -2.212784
 92.980004 -1.739285 -2.258346
 93.180004 -1.878679 -2.411017
 93.380004 -1.904018 -2.383187
 93.580004 -1.646419 -2.231550
 93.780004 -2.023176 -2.466120
 93.980004 -1.674914 -2.225723
 94.180004 -1.860047 -2.401018
 94.380004 -1.882504 -2.409645
 94.580004 -1.727494 -2.268147
 94.780005 -1.961245 -2.473224
 94.980005 -1.819538 -2.411165
 95.180005 -2.032444 -2.352187
 95.380005 -1.774224 -2.393566
 95.580005 -1.883063 -2.353929
 95.780005 -1.885714 -2.265374
 95.980005 -1.808318 -2.416717
 96.180005 -2.155061 -2.303254
 96.380005 -1.722982 -2.454509
 96.580005 -1.963289 -2.309818
 96.780005 -1.934844 -2.200840
 96.980005 -1.828795 -2.556004
 97.180005 -1.965116 -2.177324
 97.380005 -1.920809 -2.617641
 97.580005 -1.827499 -2.073375
 97.780005 -1.934225 -2.410890
 97.980005 -1.685969 -2.536649
 98.180005 -1.884415 -2.025184
 98.380005 -1.771636 -2.777182
 98.580005 -1.757298 -1.895952
 98.780005 -1.885671 -2.426759
 98.980005 -1.821154 -2.421191
 99.180005 -2.014607 -1.826705
 99.380005 -1.845789 -2.761725
 99.580005 -1.939799 -2.048679
 99.780005 -1.728917 -2.197602
 99.980005 -1.890908 -2.638097
 100.180005 -1.851838 -1.799423
 100.380005 -1.797388 -2.584707
 100.580005 -2.103913 -2.289939
 100.780005 -1.756768 -2.234753
 100.980005 -1.974450 -2.453611
 101.180005 -1.875715 -2.156910
 101.380005 -1.834934 -2.527662
 101.580005 -1.996467 -2.572632
 101.780005 -1.797582 -2.087360
 101.980005 -2.101062 -2.537852
 102.180005 -1.649050 -2.332336
 102.380005 -2.098129 -2.315493
 102.580005 -1.746800 -2.525268
 102.780005 -1.864464 -2.194745
 102.980005 -1.927750 -2.447927
 103.180005 -1.624563 -2.460626
 103.380005 -2.004378 -2.217465
 103.580005 -1.668970 -2.500116
 103.780005 -1.954318 -2.199686
 103.980005 -1.726302 -2.242839
 104.180005 -1.751506 -2.250408
 104.380005 -1.967544 -2.250663
 104.580005 -1.682772 -2.320727
 104.780005 -1.939740 -2.253472
 104.980005 -1.784131 -2.341095
 105.180005 -1.824015 -2.339371
 105.380005 -1.778935 -2.269892
 105.580005 -1.672531 -2.374348
 105.780005 -1.910235 -2.275565
 105.980005 -1.669067 -2.225975
 106.180005 -1.953477 -2.381136
 106.380005 -1.745244 -2.006476
 106.580005 -1.883919 -2.295569
 106.780005 -1.929977 -2.335257
 106.980005 -1.746569 -2.042825
 107.180005 -2.110996 -2.537929
 107.380005 -1.619650 -2.112138
 107.580005 -2.051060 -2.203555
 107.780005 -1.613352 -2.506690
 107.980005 -1.784599 -2.127029
 108.180005 -1.763911 -2.461986
 108.380005 -1.677189 -2.242364
 108.580005 -1.784947 -2.099174
 108.780005 -1.915567 -2.561854
 108.980005 -1.849893 -2.061887
 109.180005 -1.750644 -2.517629
 109.380005 -1.843558 -2.339323
 109.580005 -1.732708 -2.084760
 109.780005 -2.005389 -2.502011
 109.980005 -1.759441 -2.109229
 110.180005 -1.774901 -2.280795
 110.380005 -1.976014 -2.508995
 110.580005 -1.791580 -2.057696
 110.780005 -2.000345 -2.491194
 110.980005 -1.847726 -2.314640
 111.180005 -1.758346 -2.218150
 111.380005 -1.911888 -2.542704
 111.580005 -1.845788 -2.084266
 111.780005 -2.008972 -2.504864
 111.980005 -1.673848 -2.379032
 112.180005 -1.955535 -2.146325
 112.380005 -1.736662 -2.503401
 112.580005 -1.852982 -2.238289
 112.780005 -1.791265 -2.421785
 112.980005 -1.669192 -2.363626
 113.180005 -1.868756 -2.261882
 113.380005 -1.835897 -2.542802
 113.580005 -1.992121 -2.299896
 113.780005 -1.843495 -2.261458
 113.980005 -1.866629 -2.416134
 114.180005 -1.851995 -2.058974
 114.380005 -2.004988 -2.468959
 114.580005 -1.913765 -2.171712
 114.780005 -2.060967 -2.460595
 114.980005 -1.736519 -2.378173
 115.180005 -1.886438 -2.344695
 115.380005 -1.907381 -2.466728
 115.580005 -1.887072 -2.318201
 115.780005 -1.885388 -2.203996
 115.980006 -1.761429 -2.445872
 116.180006 -2.052955 -2.241541
 116.380006 -1.729537 -2.444132
 116.580006 -1.871790 -2.575820
 116.780006 -1.747006 -2.153483
 116.980006 -1.950094 -2.528040
 117.180006 -1.909593 -2.319131
 117.380006 -1.844119 -2.274673
 117.580006 -1.964529 -2.428802
 117.780006 -1.550105 -2.148725
 117.980006 -1.860443 -2.549210
 118.180006 -1.863656 -2.426691
 118.380006 -1.847073 -2.152760
 118.580006 -1.912782 -2.487564
 118.780006 -1.782666 -2.193242
 118.980006 -1.833817 -2.332607
 119.180006 -1.915130 -2.427472
 119.380006 -1.743236 -2.092710
 119.580006 -1.912433 -2.523235
 119.780006 -1.860358 -2.312947
 119.980006 -1.913898 -2.169222
 120.180006 -1.830574 -2.362574
 120.380006 -1.817092 -2.124758
 120.580006 -1.917377 -2.146103
 120.780006 -1.767317 -2.475603
 120.980006 -1.860143 -2.013335
 121.180006 -1.728738 -2.433613
 121.380006 -1.854797 -2.374608
 121.580006 -1.771375 -2.055626
 121.780006 -1.779107 -2.492366
 121.980006 -1.871978 -2.182748
 122.180006 -1.642702 -2.308562
 122.380006 -1.899417 -2.362067
 122.580006 -1.854256 -2.182809
 122.780006 -1.757957 -2.414563
 122.980006 -1.858037 -2.373549
 123.180006 -1.735503 -2.271181
 123.380006 -1.802533 -2.393836
 123.580006 -1.906149 -2.470176
 123.780006 -1.764755 -2.187376
 123.980006 -1.988478 -2.406986
 124.180006 -1.805991 -2.153510
 124.380006 -1.916556 -2.380611
 124.580006 -1.906102 -2.410958
 124.780006 -1.821200 -2.327434
 124.980006 -1.865640 -2.286818
 125.180006 -1.774576 -2.366703
 125.380006 -1.789129 -2.245713
 125.580006 -1.867751 -2.486601
 125.780006 -1.589976 -2.321908
 125.980006 -1.973133 -2.271389
 126.180006 -1.760138 -2.465592
 126.380006 -1.956784 -2.195974
 126.580006 -1.892417 -2.442357
 126.780006 -1.742809 -2.247669
 126.980006 -1.949493 -2.265099
 127.180006 -1.832953 -2.510919
 127.380006 -1.966531 -2.111800
 127.580006 -1.778015 -2.411593
 127.780006 -1.725799 -2.313744
 127.980006 -1.889838 -2.204245
 128.180006 -1.813424 -2.682661
 128.380006 -2.018192 -2.157734
 128.580006 -1.714856 -2.273659
 128.780006 -1.953007 -2.361163
 128.980006 -1.728319 -2.188681
 129.180006 -1.972052 -2.455758
 129.380006 -1.894431 -2.176495
 129.580006 -1.746004 -2.289036
 129.780006 -1.870460 -2.476924
 129.980006 -1.683376 -2.167944
 130.180006 -1.885081 -2.418350
 130.380006 -1.918967 -2.207311
 130.580006 -1.668703 -2.332967
 130.780006 -1.967351 -2.457195
 130.980006 -1.803878 -1.970725
 131.180006 -2.143117 -2.478971
 131.380006 -1.792419 -2.212588
 131.580006 -1.786724 -2.278156
 131.780006 -1.896315 -2.429566
 131.980006 -1.720849 -2.112679
 132.180006 -2.199201 -2.494598
 132.380006 -1.769551 -2.179032
 132.580006 -1.788941 -2.165742
 132.780006 -1.974308 -2.697275
 132.980006 -1.714380 -1.965069
 133.180006 -2.091186 -2.387683
 133.380006 -1.782426 -2.268039
 133.580006 -1.839052 -1.905096
 133.780006 -1.869699 -2.597566
 133.980006 -1.814945 -2.128884
 134.180006 -1.859959 -2.404784
 134.380006 -1.756703 -2.513649
 134.580006 -1.833791 -1.991040
 134.780006 -1.907751 -2.458677
 134.980006 -1.946117 -2.176967
 135.180006 -1.585805 -2.257663
 135.380006 -1.871531 -2.593645
 135.580006 -1.769393 -1.908179
 135.780006 -1.847789 -2.630746
 135.980006 -2.007325 -2.217874
 136.180006 -1.579524 -2.143662
 136.380006 -1.987578 -2.596772
 136.580006 -1.787031 -2.092971
 136.780006 -1.718265 -2.418777
 136.980007 -1.889137 -2.404503
 137.180007 -1.577881 -2.167070
 137.380007 -2.035847 -2.548826
 137.580007 -1.736631 -2.177427
 137.780007 -1.914427 -2.393104
 137.980007 -1.886397 -2.369590
 138.180007 -1.850825 -2.116586
 138.380007 -2.011626 -2.528467
 138.580007 -1.870487 -2.087157
 138.780007 -1.893663 -2.379260
 138.980007 -1.587945 -2.627588
 139.180007 -1.925433 -2.117493
 139.380007 -1.881743 -2.486272
 139.580007 -1.823349 -2.324315
 139.780007 -1.804750 -2.229388
 139.980007 -1.879277 -2.672314
 140.180007 -1.929535 -2.038016
 140.380007 -2.056182 -2.557278
 140.580007 -1.849692 -2.290820
 140.780007 -1.915667 -2.161593
 140.980007 -1.964420 -2.544015
 141.180007 -1.770523 -2.189169
 141.380007 -1.874108 -2.321588
 141.580007 -1.845543 -2.232126
 141.780007 -1.853455 -2.111964
 141.980007 -1.979903 -2.393208
 142.180007 -1.941603 -2.157340
 142.380007 -1.729065 -2.269328
 142.580007 -1.876116 -2.434511
 142.780007 -1.716790 -2.229779
 142.980007 -2.027358 -2.438876
 143.180007 -1.808341 -2.351786
 143.380007 -1.697663 -2.124273
 143.580007 -2.088687 -2.467782
 143.780007 -1.803152 -2.169197
 143.980007 -2.111179 -2.381991
 144.180007 -1.722364 -2.428933
 144.380007 -1.822034 -2.135881
 144.580007 -1.696959 -2.670458
 144.780007 -1.787278 -2.196957
 144.980007 -1.808122 -2.333498
 145.180007 -1.737394 -2.404360
 145.380007 -1.988224 -1.995433
 145.580007 -1.792681 -2.546308
 145.780007 -2.014280 -2.231950
 145.980007 -1.639429 -2.098897
 146.180007 -1.846842 -2.656544
 146.380007 -1.694665 -1.940158
 146.580007 -1.844977 -2.574283
 146.780007 -1.941319 -2.309265
 146.980007 -1.684268 -2.173124
 147.180007 -2.107872 -2.543955
 147.380007 -1.753341 -1.982560
 147.580007 -2.047483 -2.687019
 147.780007 -1.730430 -2.426207
 147.980007 -1.802594 -2.058598
 148.180007 -2.011167 -2.508130
 148.380007 -1.592572 -2.049779
 148.580007 -1.915683 -2.375551
 148.780007 -1.629691 -2.365455
 148.980007 -1.949331 -2.000699
 149.180007 -1.845828 -2.513424
 149.380007 -1.874117 -2.062380
 149.580007 -1.757183 -2.277468
 149.780007 -1.918150 -2.190683
 149.980007 -2.022078 -2.172679
 150.180007 -1.809773 -2.384507
 150.380007 -2.026926 -2.076700
 150.580007 -1.672592 -2.443629
 150.780007 -1.931858 -2.416463
 150.980007 -1.787066 -2.244775
 151.180007 -1.851214 -2.439156
 151.380007 -1.945128 -2.312683
 151.580007 -1.932062 -2.075979
 151.780007 -2.032984 -2.530526
 151.980007 -1.743156 -2.163264
 152.180007 -2.037469 -2.275356
 152.380007 -1.756897 -2.497742
 152.580007 -2.000030 -2.088701
 152.780007 -1.782001 -2.625253
 152.980007 -1.821802 -2.108959
 153.180007 -1.994196 -2.324297
 153.380007 -1.739803 -2.596794
 153.580007 -2.036018 -2.095178
 153.780007 -1.717231 -2.605577
 153.980007 -1.822816 -2.205491
 154.180007 -1.842857 -2.354219
 154.380007 -1.899013 -2.629054
 154.580007 -1.991806 -1.872513
 154.780007 -1.903541 -2.587661
 154.980007 -1.933246 -2.071839
 155.180007 -1.507303 -2.138217
 155.380007 -2.063093 -2.664937
 155.580007 -1.725773 -2.076425
 155.780007 -1.873495 -2.461673
 155.980007 -1.913121 -2.380841
 156.180007 -1.748912 -2.200197
 156.380007 -2.091835 -2.482488
 156.580007 -1.618803 -2.142431
 156.780007 -1.873814 -2.419204
 156.980007 -1.751922 -2.541730
 157.180007 -2.028813 -2.234214
 157.380007 -1.889878 -2.483858
 157.580007 -1.808913 -2.251296
 157.780007 -1.882005 -2.331034
 157.980008 -1.943868 -2.604582
 158.180008 -1.921827 -2.180980
 158.380008 -1.922288 -2.584698
 158.580008 -1.910942 -2.372553
 158.780008 -1.753120 -2.303418
 158.980008 -1.951294 -2.343222
 159.180008 -1.856288 -2.285092
 159.380008 -2.055472 -2.296569
 159.580008 -1.765679 -2.168722
 159.780008 -1.834401 -2.459725
 159.980008 -1.905837 -2.195140
 160.180008 -1.801121 -2.392829
 160.380008 -1.975014 -2.397091
 160.580008 -1.818066 -2.108720
 160.780008 -2.015635 -2.427372
 160.980008 -1.765345 -2.206074
 161.180008 -1.932213 -2.329533
 161.380008 -1.943636 -2.257728
 161.580008 -1.720927 -2.484519
 161.780008 -2.009839 -2.557451
 161.980008 -1.717725 -2.228633
 162.180008 -2.114259 -2.463823
 162.380008 -1.643485 -2.319920
 162.580008 -1.929093 -2.115923
 162.780008 -1.836958 -2.468115
 162.980008 -1.804482 -2.094674
 163.180008 -2.071007 -2.411356
 163.380008 -1.785018 -2.298728
 163.580008 -1.877816 -2.272349
 163.780008 -1.787054 -2.438127
 163.980008 -1.964358 -2.213087
 164.180008 -1.833920 -2.448097
 164.380008 -1.966951 -2.238198
 164.580008 -1.797200 -2.081719
 164.780008 -1.900754 -2.437327
 164.980008 -1.926069 -2.209355
 165.180008 -1.722040 -2.200009
 165.380008 -2.062285 -2.454517
 165.580008 -1.709129 -2.139558
 165.780008 -1.970736 -2.418600
 165.980008 -1.860224 -2.435456
 166.180008 -1.807613 -2.170245
 166.380008 -2.073443 -2.325600
 166.580008 -1.558978 -2.233672
 166.780008 -2.078275 -2.215084
 166.980008 -1.920109 -2.421348
 167.180008 -1.681354 -2.102777
 167.380008 -2.071297 -2.278738
 167.580008 -1.601096 -2.342857
 167.780008 -1.957708 -2.102707
 167.980008 -1.696854 -2.544822
 168.180008 -1.845335 -1.994134
 168.380008 -1.760273 -2.454002
 168.580008 -1.777339 -2.166997
 168.780008 -1.918695 -2.192871
 168.980008 -1.663418 -2.532358
 169.180008 -1.952102 -2.082784
 169.380008 -1.746852 -2.506861
 169.580008 -2.000077 -2.201474
 169.780008 -1.964412 -2.376457
 169.980008 -1.665270 -2.322091
 170.180008 -1.843953 -2.256988
 170.380008 -1.672296 -2.499188
 170.580008 -1.932438 -2.084644
 170.780008 -1.957997 -2.504131
 170.980008 -1.743715 -2.165003
 171.180008 -1.857148 -2.243248
 171.380008 -1.675853 -2.434612
 171.580008 -1.922348 -1.985999
 171.780008 -1.844613 -2.661458
 171.980008 -1.701914 -2.005210
 172.180008 -1.784783 -2.324816
 172.380008 -1.707573 -2.514087
 172.580008 -1.697267 -1.960791
 172.780008 -1.908538 -2.662061
 172.980008 -1.748115 -2.135410
 173.180008 -1.842772 -2.320777
 173.380008 -1.893027 -2.409357
 173.580008 -1.795693 -2.151112
 173.780008 -2.002488 -2.462442
 173.980008 -1.920823 -2.208426
 174.180008 -1.759664 -2.220949
 174.380008 -1.970981 -2.417822
 174.580008 -1.915418 -2.172042
 174.780008 -1.833853 -2.402766
 174.980008 -2.030367 -2.357101
 175.180008 -1.705978 -2.226259
 175.380008 -2.032180 -2.441743
 175.580008 -1.923293 -2.132512
 175.780008 -1.919326 -2.358125
 175.980008 -2.033328 -2.215701
 176.180008 -1.649253 -2.319979
 176.380008 -2.047423 -2.366260
 176.580008 -1.736560 -2.208097
 176.780008 -1.822239 -2.444620
 176.980008 -1.966690 -2.327348
 177.180008 -1.726825 -2.364433
 177.380008 -2.080869 -2.349200
 177.580008 -1.702956 -2.396161
 177.780008 -1.840040 -2.216199
 177.980008 -2.054651 -2.350922
 178.180008 -1.606150 -2.271413
 178.380008 -2.136553 -2.212331
 178.580008 -1.707700 -2.289523
 178.780008 -2.028575 -2.265808
 178.980009 -1.794990 -2.302767
 179.180009 -1.653801 -2.454164
 179.380009 -2.045429 -2.231919
 179.580009 -1.636272 -2.454613
 179.780009 -2.098802 -2.302539
 179.980009 -1.665103 -2.344427
 180.180009 -1.902592 -2.455349
 180.380009 -1.822875 -2.173953
 180.580009 -1.750357 -2.498098
 180.780009 -2.122739 -2.210173
 180.980009 -1.653601 -2.496511
 181.180009 -1.925179 -2.451985
 181.380009 -1.675036 -2.382481
 181.580009 -1.959220 -2.554106
 181.780009 -1.696381 -2.359222
 181.980009 -1.724817 -2.524326
 182.180009 -2.014943 -2.206227
 182.380009 -1.780020 -2.311162
 182.580009 -2.111455 -2.441390
 182.780009 -1.804596 -2.323175
 182.980009 -1.941470 -2.187230
 183.180009 -1.878478 -2.558235
 183.380009 -1.896097 -2.408025
 183.580009 -1.941955 -2.344559
 183.780009 -1.667938 -2.506505
 183.980009 -2.042819 -2.290615
 184.180009 -1.705051 -2.323315
 184.380009 -2.073506 -2.249384
 184.580009 -1.930958 -2.335073
 184.780009 -1.829176 -2.244263
 184.980009 -1.846334 -2.328574
 185.180009 -1.866039 -2.258609
 185.380009 -1.934092 -2.474797
 185.580009 -1.776614 -2.294399
 185.780009 -1.752364 -2.363191
 185.980009 -1.658742 -2.367554
 186.180009 -1.930326 -2.229249
 186.380009 -1.792505 -2.405461
 186.580009 -1.997649 -2.234764
 186.780009 -1.675652 -2.263493
 186.980009 -1.832531 -2.360477
 187.180009 -1.895133 -2.194263
 187.380009 -1.761052 -2.484859
 187.580009 -1.967029 -2.134093
 187.780009 -1.658289 -2.361368
 187.980009 -1.868015 -2.445044
 188.180009 -1.781041 -2.277919
 188.380009 -1.937597 -2.415254
 188.580009 -2.000463 -2.167970
 188.780009 -1.784703 -2.260047
 188.980009 -2.060059 -2.276215
 189.180009 -1.755748 -2.238223
 189.380009 -2.037089 -2.323972
 189.580009 -1.727523 -2.484472
 189.780009 -1.830411 -2.114358
 189.980009 -1.815659 -2.476728
 190.180009 -1.912672 -2.270333
 190.380009 -2.004545 -2.139342
 190.580009 -1.695686 -2.638719
 190.780009 -2.023609 -1.924828
 190.980009 -1.643797 -2.447855
 191.180009 -1.837122 -2.449431
 191.380009 -1.904784 -1.986314
 191.580009 -1.741118 -2.588295
 191.780009 -2.038113 -2.076370
 191.980009 -1.456109 -2.205728
 192.180009 -1.961313 -2.570424
 192.380009 -1.697920 -2.080707
 192.580009 -1.718400 -2.427617
 192.780009 -2.046425 -2.455475
 192.980009 -1.470406 -2.130257
 193.180009 -2.107226 -2.397035
 193.380009 -1.692088 -2.232666
 193.580009 -1.870994 -2.211605
 193.780009 -2.049271 -2.537877
 193.980009 -1.709542 -2.053071
 194.180009 -1.989077 -2.552060
 194.380009 -1.655027 -2.337849
 194.580009 -2.059415 -2.226964
 194.780009 -1.855144 -2.601081
 194.980009 -1.700824 -2.038200
 195.180009 -2.014163 -2.439315
 195.380009 -1.648267 -2.275460
 195.580009 -2.059369 -2.250416
 195.780009 -1.681934 -2.579410
 195.980009 -1.827069 -2.005949
 196.180009 -1.861562 -2.423209
 196.380009 -1.739610 -2.312791
 196.580009 -2.043675 -2.268461
 196.780009 -1.821488 -2.470069
 196.980009 -1.950161 -2.123878
 197.180009 -1.810658 -2.355657
 197.380009 -1.926854 -2.369963
 197.580009 -1.758482 -2.177309
 197.780009 -1.891100 -2.328203
 197.980009 -1.680498 -2.170180
 198.180009 -2.021885 -2.375211
 198.380009 -1.790848 -2.268678
 198.580009 -1.829966 -2.205936
 198.780009 -1.929780 -2.393531
 198.980009 -1.643107 -2.198953
 199.180009 -2.031261 -2.285537
 199.380009 -1.692742 -2.370703
 199.580009 -2.040116 -2.148912
 199.780009 -1.808348 -2.379662
 199.980009 -1.944173 -2.259678
