#! FIELDS time phi psi
#! SET max_psi pi
 0.180000 -3.131659 0.805602
 0.380000 -2.907095 -0.770761
 0.580000 -2.958733 0.066565
 0.780000 -2.795903 0.321208
 0.980000 2.908331 -0.636394
 1.180000 -3.045019 -0.138890
 1.380000 -2.812884 0.222240
 1.580000 -3.106542 -0.136912
 1.780000 -2.910198 0.210276
 1.980000 -2.456494 0.155254
 2.180000 -2.906433 0.202932
 2.380000 -3.032197 -0.216500
 2.580000 -2.706776 0.056236
 2.780000 -2.518345 0.330095
 2.980000 3.095693 0.276289
 3.180000 3.080287 -0.852780
 3.380000 -2.871797 0.396576
 3.580000 -2.917010 -0.037478
 3.780000 2.979054 -0.486794
 3.980000 -2.860755 -0.084673
 4.180000 -2.954238 0.344043
 4.380000 -2.744417 0.041675
 4.580000 3.084326 0.018596
 4.780000 -2.783633 0.171154
 4.980000 -3.125785 0.189760
 5.180000 -2.831797 -0.003827
 5.380000 -3.076107 0.217802
 5.580000 -2.888876 -0.083400
 5.780000 -3.035954 0.218310
 5.980000 -2.836049 0.063189
 6.180000 -3.098089 0.016736
 6.380000 -2.889064 -0.203918
 6.580000 -3.047281 -0.192784
 6.780000 -3.082007 -0.298414
 6.980000 3.114871 -0.416091
 7.180000 -3.025089 -0.434189
 7.380000 3.078501 -0.382413
 7.580000 -3.134057 -0.219344
 7.780000 -2.821343 0.217055
 7.980000 -2.862480 0.251101
 8.180000 -3.019301 -0.499032
 8.380000 2.919733 -0.296802
 8.580000 -2.841720 -0.158270
 8.780000 -3.012685 0.434037
 8.980000 -2.894043 -0.018284
 9.180000 -3.005124 -0.003496
 9.380000 -2.996669 0.060735
 9.580000 -2.993838 -0.064953
 9.780000 -2.915614 -0.373990
 9.980000 -2.970995 -0.289334
 10.180000 -2.897861 -0.042608
 10.380000 -2.755905 0.277975
 10.580001 -3.039358 -0.233600
 10.780001 3.063828 -0.633422
 10.980001 -3.011984 0.038540
 11.180001 -2.951419 0.287754
 11.380001 -2.886328 0.094046
 11.580001 -3.075576 0.213979
 11.780001 -2.816342 0.228567
 11.980001 3.098842 0.028442
 12.180001 -2.947992 -0.389165
 12.380001 -3.069224 0.010483
 12.580001 -2.690428 -0.457577
 12.780001 2.977427 -0.132887
 12.980001 -2.915096 -0.551567
 13.180001 2.861875 0.020819
 13.380001 -2.998607 -0.588376
 13.580001 2.993466 -0.208796
 13.780001 -2.962383 -0.422330
 13.980001 -2.833983 0.099205
 14.180001 -2.679039 0.251244
 14.380001 -2.991814 -0.072298
 14.580001 -3.093400 -0.197640
 14.780001 -2.837056 0.161938
 14.980001 -2.879064 0.140322
 15.180001 -3.057811 -0.214794
 15.380001 2.980736 -0.235159
 15.580001 -2.978844 -0.492690
 15.780001 -2.901540 0.107489
 15.980001 -2.993455 0.266945
 16.180001 3.078756 -0.435110
 16.380001 -3.032664 -0.487463
 16.580001 -2.761338 0.086376
 16.780001 -2.806579 0.345901
 16.980001 -3.023862 0.000475
 17.180001 3.084518 -0.600510
 17.380001 3.139699 -0.324588
 17.580001 -2.908056 -0.123177
 17.780001 -3.136184 0.516704
 17.980001 -2.789351 -0.089912
 18.180001 -2.997533 -0.217175
 18.380001 3.132011 -0.424391
 18.580001 3.109413 -0.200291
 18.780001 -3.083389 -0.075187
 18.980001 -2.891794 0.320029
 19.180001 -2.907923 0.008972
 19.380001 -2.767183 -0.063899
 19.580001 -2.809735 0.176477
 19.780001 -2.849322 0.044941
 19.980001 -3.035897 0.059068
 20.180001 -2.951866 -0.080877
 20.380001 -3.070846 -0.031368
 20.580001 -3.010610 0.254479
 20.780001 -2.915650 0.063600
 20.980001 -2.953394 -0.005254
 21.180001 -2.959524 -0.511531
 21.380001 -3.093698 -0.176291
 21.580001 -2.896037 0.185400
 21.780001 -2.923156 0.206573
 21.980001 -3.005203 -0.473153
 22.180001 2.873337 -0.407149
 22.380001 -2.841762 -0.292904
 22.580001 -2.842670 0.419867
 22.780001 -2.799536 0.005732
 22.980001 -3.112993 -0.520233
 23.180001 3.046977 -0.303046
 23.380001 -3.010891 -0.122573
 23.580001 -3.108841 0.319921
 23.780001 -2.884185 -0.126946
 23.980001 -3.067499 0.031041
 24.180001 -2.928275 0.336230
 24.380001 -2.868994 0.054568
 24.580001 -2.962350 -0.175128
 24.780001 -3.138058 -0.593536
 24.980001 -3.129217 -0.002749
 25.180001 -2.887918 0.255214
 25.380001 -3.001864 -0.111692
 25.580001 -3.046467 -0.477003
 25.780001 3.115378 -0.372961
 25.980001 -3.138377 -0.117779
 26.180001 -2.897389 0.110510
 26.380001 -3.032479 0.248771
 26.580001 -2.951526 -0.291743
 26.780001 2.964845 -0.361714
 26.980001 3.119841 -0.331485
 27.180001 -2.883658 0.113540
 27.380001 -2.879088 0.342206
 27.580001 -3.100578 -0.191917
 27.780001 3.133445 -0.283021
 27.980001 -2.797646 -0.235301
 28.180001 -2.918404 0.126289
 28.380001 -3.023027 0.329407
 28.580001 -3.128117 -0.081874
 28.780001 -3.047874 -0.426263
 28.980001 -3.115451 -0.280277
 29.180001 -2.963485 -0.289921
 29.380001 -2.732516 0.316450
 29.580001 -2.824448 0.096300
 29.780001 3.061175 -0.574931
 29.980001 3.057406 -0.115354
 30.180001 -3.021272 0.033083
 30.380001 -2.909339 0.030083
 30.580001 -3.020392 -0.253590
 30.780001 -3.003588 -0.306360
 30.980001 -2.880329 -0.062528
 31.180001 -2.880921 0.292563
 31.380001 -2.879984 -0.188973
 31.580001 -3.131213 -0.405307
 31.780002 -2.764648 -0.301136
 31.980002 -3.033228 0.127667
 32.180002 -3.038845 0.112384
 32.380002 3.109827 -0.313716
 32.580002 2.956649 -0.622160
 32.780002 -2.789654 0.151180
 32.980002 -2.886954 0.360892
 33.180002 -2.989372 -0.564694
 33.380002 3.079643 -0.082821
 33.580002 -2.893082 -0.549620
 33.780002 2.856913 -0.184106
 33.980002 -2.998263 -0.525387
 34.180002 -3.016616 0.388768
 34.380002 -2.879184 -0.155537
 34.580002 2.951739 -0.520550
 34.780002 -2.931376 -0.211231
 34.980002 -2.901056 0.433487
 35.180002 -2.881364 -0.260369
 35.380002 2.752991 -0.452587
 35.580002 -2.932330 -0.295146
 35.780002 -3.132786 0.569525
 35.980002 -2.911139 -0.365093
 36.180002 2.961981 -0.351533
 36.380002 -2.882045 -0.306556
 36.580002 -2.701805 0.605268
 36.780002 -3.022949 -0.220464
 36.980002 2.896282 -0.436447
 37.180002 -3.042289 -0.364735
 37.380002 -2.967433 0.058562
 37.580002 -2.800066 0.312579
 37.780002 -3.027513 0.033469
 37.980002 -3.008533 -0.365060
 38.180002 -3.084576 -0.434387
 38.380002 -3.087447 -0.199055
 38.580002 -3.043475 0.004732
 38.780002 -2.888264 0.254694
 38.980002 -2.682130 0.138281
 39.180002 -3.130261 0.071524
 39.380002 -2.836837 0.359756
 39.580002 -2.754436 0.057182
 39.780002 -2.715315 -0.300110
 39.980002 -3.061785 0.392396
 40.180002 -2.869889 -0.101171
 40.380002 -2.930363 0.082126
 40.580002 -2.611452 0.159947
 40.780002 -3.096897 0.013024
 40.980002 -2.885231 0.370335
 41.180002 -2.801344 0.101133
 41.380002 -2.931544 -0.440383
 41.580002 2.949696 -0.353090
 41.780002 -2.988911 -0.302965
 41.980002 -2.966585 0.191478
 42.180002 -2.946088 0.094468
 42.380002 -3.015173 -0.246637
 42.580002 -3.106283 -0.368117
 42.780002 -2.860991 -0.194652
 42.980002 -2.979417 0.311591
 43.180002 -2.836591 0.053092
 43.380002 2.984372 -0.395197
 43.580002 3.134379 -0.347205
 43.780002 -2.787208 0.210246
 43.980002 -2.923915 0.036270
 44.180002 -3.037887 -0.295262
 44.380002 3.036177 -0.328856
 44.580002 -2.815232 -0.243605
 44.780002 -2.851364 0.145092
 44.980002 -2.883755 0.175730
 45.180002 -3.099179 -0.390904
 45.380002 2.982122 -0.340339
 45.580002 -2.948402 -0.301532
 45.780002 3.118105 -0.198348
 45.980002 3.137992 -0.731344
 46.180002 -2.966520 0.246701
 46.380002 -2.857483 0.378642
 46.580002 -3.035286 -0.222589
 46.780002 3.053085 -0.436948
 46.980002 -3.062430 -0.322583
 47.180002 -2.872882 0.225754
 47.380002 -2.985535 0.162903
 47.580002 -2.979902 -0.169892
 47.780002 3.058385 -0.367504
 47.980002 -3.006964 -0.305447
 48.180002 -3.130175 -0.101071
 48.380002 -2.862271 0.169636
 48.580002 3.132987 0.185063
 48.780002 -2.827383 -0.534070
 48.980002 3.127238 -0.300706
 49.180002 -2.848735 -0.317884
 49.380002 -2.796786 -0.069220
 49.580002 -2.778014 -0.209607
 49.780002 -3.035686 0.441216
 49.980002 -2.923440 -0.118818
 50.180002 -3.107931 -0.350552
 50.380002 -3.035418 -0.468381
 50.580002 -2.957151 0.157053
 50.780002 -2.892087 0.344557
 50.980002 -2.834099 -0.107325
 51.180002 -2.998655 -0.037504
 51.380002 -2.908393 0.184728
 51.580002 -3.040934 0.045797
 51.780002 -3.053625 -0.240143
 51.980002 -3.005385 -0.406604
 52.180002 -2.783961 0.034915
 52.380002 -2.654828 0.361318
 52.580002 -2.989493 -0.073361
 52.780003 2.794888 -0.430463
 52.980003 -3.068872 -0.501178
 53.180003 -3.139051 -0.088332
 53.380003 -2.832068 0.357869
 53.580003 -2.973969 0.023969
 53.780003 -2.832968 -0.407892
 53.980003 -2.874082 -0.176013
 54.180003 -2.895523 0.293133
 54.380003 -3.047586 0.045078
 54.580003 -2.951680 -0.282030
 54.780003 -3.135119 -0.426782
 54.980003 -3.051648 -0.278151
 55.180003 -2.889453 -0.075567
 55.380003 -2.872339 0.178641
 55.580003 -2.893547 0.294491
 55.780003 3.123486 -0.189742
 55.980003 3.092886 -0.375796
 56.180003 -3.127459 -0.265639
 56.380003 -2.809181 -0.197422
 56.580003 -2.896852 0.434529
 56.780003 -2.736166 0.024433
 56.980003 -2.917572 -0.274802
 57.180003 3.083747 -0.331273
 57.380003 2.997458 -0.418057
 57.580003 -3.122443 -0.129562
 57.780003 -2.791009 0.161342
 57.980003 -2.824200 0.147699
 58.180003 -3.018138 0.155911
 58.380003 -2.786966 0.294184
 58.580003 -2.914450 -0.087817
 58.780003 -2.964277 -0.271144
 58.980003 -3.096705 -0.048599
 59.180003 -2.936848 0.138728
 59.380003 -2.850679 0.235682
 59.580003 -2.941202 -0.282060
 59.780003 3.093046 -0.373592
 59.980003 -3.123307 -0.317624
 60.180003 3.107293 -0.049197
 60.380003 -3.040792 0.108723
 60.580003 -2.654726 -0.017888
 60.780003 -2.762322 0.056877
 60.980003 -2.800394 0.383263
 61.180003 -2.798846 0.171819
 61.380003 -2.790022 -0.003994
 61.580003 -3.085468 0.237851
 61.780003 -3.096960 0.048435
 61.980003 3.063717 -0.214936
 62.180003 3.095487 -0.591426
 62.380003 -2.979347 0.018684
 62.580003 -2.667534 0.267745
 62.780003 -2.852313 0.102500
 62.980003 -3.100920 -0.318463
 63.180003 3.122376 -0.565005
 63.380003 -2.970510 -0.162860
 63.580003 -2.940674 0.230650
 63.780003 -2.936718 0.102047
 63.980003 -2.882838 -0.315084
 64.180003 3.100428 -0.545188
 64.380003 -2.910932 -0.006626
 64.580003 -3.067965 0.297705
 64.780003 -2.780616 -0.060133
 64.980003 -3.055876 -0.283637
 65.180003 -3.016586 -0.327866
 65.380003 -2.665000 0.094445
 65.580003 -2.766086 0.235723
 65.780003 -2.867699 0.094021
 65.980003 -3.108922 -0.145849
 66.180003 -3.061881 -0.470824
 66.380003 -2.982739 -0.257781
 66.580003 -3.140479 0.050048
 66.780003 -3.061284 0.352037
 66.980003 -2.712455 -0.197830
 67.180003 -2.946826 -0.349309
 67.380003 3.050812 -0.185950
 67.580003 3.119805 -0.468848
 67.780003 -3.059432 -0.408776
 67.980003 3.082394 -0.395671
 68.180003 3.065568 -0.403869
 68.380003 -2.922385 -0.488386
 68.580003 2.962102 -0.244788
 68.780003 3.123313 -0.258055
 68.980003 -2.689617 0.354657
 69.180003 -3.088479 -0.034496
 69.380003 3.104747 -0.481391
 69.580003 -2.755805 0.420372
 69.780003 -3.006550 -0.071140
 69.980003 -3.134142 -0.495385
 70.180003 -2.756660 0.165035
 70.380003 -2.749378 0.310166
 70.580003 -2.980750 -0.421210
 70.780003 2.934785 -0.165591
 70.980003 -3.118197 -0.616881
 71.180003 -3.071363 -0.102027
 71.380003 -3.075880 -0.066574
 71.580003 -3.077138 0.187167
 71.780003 -2.690896 0.065622
 71.980003 -2.909693 -0.435309
 72.180003 3.065873 -0.318529
 72.380003 -2.977386 -0.043102
 72.580003 -2.934122 0.197227
 72.780003 -2.886378 0.128252
 72.980003 -3.106676 0.119482
 73.180003 -2.875471 0.147138
 73.380003 -2.879417 0.212765
 73.580003 -2.916708 -0.162471
 73.780004 -2.954036 0.116510
 73.980004 -2.802670 0.196575
 74.180004 -3.035547 -0.028201
 74.380004 -3.012620 -0.360514
 74.580004 -2.900869 -0.354309
 74.780004 -2.765575 -0.061473
 74.980004 -2.916564 0.371861
 75.180004 -2.923960 0.202518
 75.380004 -3.066651 -0.131748
 75.580004 3.057056 -0.552632
 75.780004 -3.001168 -0.026706
 75.980004 -2.751162 0.376396
 76.180004 -2.920365 -0.257032
 76.380004 3.109879 -0.370108
 76.580004 -2.983716 -0.273933
 76.780004 -3.017923 0.312855
 76.980004 -3.001390 0.148789
 77.180004 3.122356 -0.397833
 77.380004 3.105727 -0.399734
 77.580004 -2.896343 -0.110124
 77.780004 -2.994065 0.450911
 77.980004 -2.832872 -0.192789
 78.180004 3.118784 -0.371378
 78.380004 -3.120036 -0.408670
 78.580004 -3.048814 0.149074
 78.780004 -2.824766 0.241710
 78.980004 -3.085316 -0.389295
 79.180004 3.124206 -0.247127
 79.380004 -2.764346 0.287879
 79.580004 -3.096844 0.203850
 79.780004 -2.997424 -0.550681
 79.980004 2.997960 -0.165735
 80.180004 -3.045119 -0.353371
 80.380004 3.062207 -0.282728
 80.580004 -2.842650 -0.198998
 80.780004 -2.727361 0.452376
 80.980004 -3.065949 -0.046840
 81.180004 2.925328 -0.629927
 81.380004 -2.905278 -0.087962
 81.580004 -2.917090 0.279572
 81.780004 -2.943100 -0.343359
 81.980004 2.982055 -0.265560
 82.180004 -2.924318 -0.456314
 82.380004 -2.945211 0.256290
 82.580004 -2.904119 0.103013
 82.780004 -3.012797 0.128211
 82.980004 -2.847914 0.118285
 83.180004 -3.095909 0.322837
 83.380004 -2.853874 0.039933
 83.580004 3.120441 -0.160904
 83.780004 -3.092370 -0.233458
 83.980004 -3.137550 -0.555165
 84.180004 -3.085698 0.038604
 84.380004 -2.750862 0.276944
 84.580004 -3.106532 -0.201574
 84.780004 3.115508 -0.469689
 84.980004 -2.787339 0.152483
 85.180004 -3.092011 0.012718
 85.380004 -3.062538 -0.665134
 85.580004 -3.032587 -0.045882
 85.780004 -2.919157 0.288380
 85.980004 3.135677 0.045553
 86.180004 -3.048628 -0.314530
 86.380004 3.027745 -0.536004
 86.580004 -3.037038 -0.083563
 86.780004 -2.869465 0.486590
 86.980004 -3.000738 -0.233024
 87.180004 2.778746 -0.461569
 87.380004 -2.983830 0.087162
 87.580004 -2.932576 0.292572
 87.780004 -2.823929 -0.154298
 87.980004 -3.058026 -0.316655
 88.180004 -2.992519 -0.290643
 88.380004 -2.782149 0.125713
 88.580004 -2.997870 0.225177
 88.780004 3.137895 -0.418268
 88.980004 2.978145 -0.448775
 89.180004 -2.959595 -0.252379
 89.380004 -3.102185 0.461603
 89.580004 -2.823423 -0.167195
 89.780004 -3.135290 -0.476831
 89.980004 -3.023425 -0.342391
 90.180004 -2.867977 0.132827
 90.380004 -2.667095 0.131052
 90.580004 -3.018554 -0.398122
 90.780004 3.027186 -0.339960
 90.980004 -2.943075 -0.231217
 91.180004 -2.792331 0.117519
 91.380004 -3.014327 0.351675
 91.580004 -2.946406 -0.209461
 91.780004 3.064970 -0.239823
 91.980004 -3.088567 -0.671497
 92.180004 -3.028754 0.072112
 92.380004 -2.758674 0.302585
 92.580004 -2.781853 -0.131846
 92.780004 -3.096506 -0.379056
 92.980004 -3.075623 -0.312475
 93.180004 -3.130745 -0.235848
 93.380004 -3.131668 -0.554543
 93.580004 3.140558 0.071238
 93.780004 -2.691808 0.255448
 93.980004 -2.877175 0.089814
 94.180004 -2.968763 -0.226438
 94.380004 3.035243 -0.376548
 94.580004 -3.072843 -0.273027
 94.780005 3.130303 0.267706
 94.980005 -2.951368 0.026266
 95.180005 -3.028521 -0.479936
 95.380005 -3.051955 -0.087120
 95.580005 -2.849429 0.252375
 95.780005 -3.137362 -0.290984
 95.980005 2.917113 -0.290504
 96.180005 -3.060894 -0.449033
 96.380005 -2.953600 -0.168568
 96.580005 -2.846945 -0.030159
 96.780005 -3.099424 0.438534
 96.980005 -2.789869 -0.260588
 97.180005 3.058254 -0.331036
 97.380005 -3.129694 -0.318569
 97.580005 -2.836292 -0.155799
 97.780005 -2.864500 -0.162244
 97.980005 -2.895740 -0.238664
 98.180005 3.113929 -0.203954
 98.380005 -2.979840 -0.392711
 98.580005 3.087002 -0.133449
 98.780005 -3.002711 0.092403
 98.980005 -2.977170 0.236170
 99.180005 -2.933107 0.065695
 99.380005 -2.874627 0.085126
 99.580005 -2.923668 0.283920
 99.780005 -2.875416 0.090522
 99.980005 3.065351 -0.354593
 100.180005 -3.070339 -0.353955
 100.380005 -2.821983 0.068841
 100.580005 -2.871560 0.500811
 100.780005 -3.071649 -0.190181
 100.980005 2.982691 -0.682476
 101.180005 -2.997077 -0.084908
 101.380005 -2.959073 0.494905
 101.580005 -2.853983 -0.372990
 101.780005 3.074984 -0.422300
 101.980005 -2.908874 -0.424678
 102.180005 -3.037496 0.522431
 102.380005 -2.585602 -0.153483
 102.580005 3.129296 -0.314906
 102.780005 3.041662 -0.433785
 102.980005 -3.126182 -0.047562
 103.180005 -2.763479 0.111679
 103.380005 -3.092867 0.238579
 103.580005 -2.976621 0.056760
 103.780005 -2.940950 0.195121
 103.980005 -2.653002 0.184822
 104.180005 -2.972231 0.174867
 104.380005 -2.962604 0.005226
 104.580005 -2.919975 0.134023
 104.780005 -2.964361 0.062176
 104.980005 -3.021730 -0.441897
 105.180005 3.016923 -0.371870
 105.380005 -2.962817 -0.383766
 105.580005 3.135053 -0.396650
 105.780005 3.072958 -0.382416
 105.980005 -3.032710 -0.204483
 106.180005 -2.769028 0.309511
 106.380005 -2.831831 0.089872
 106.580005 -2.928492 -0.050000
 106.780005 3.032936 -0.455095
 106.980005 3.102499 -0.358074
 107.180005 -3.053368 -0.260100
 107.380005 -2.849941 0.266363
 107.580005 -2.887645 0.314856
 107.780005 -2.940877 -0.035810
 107.980005 -2.887794 0.265068
 108.180005 -2.977547 0.140880
 108.380005 -3.134236 -0.440516
 108.580005 2.977571 -0.487417
 108.780005 -2.913122 0.017012
 108.980005 -2.796637 0.356062
 109.180005 -2.630749 -0.253119
 109.380005 3.113290 -0.364029
 109.580005 3.012427 -0.498364
 109.780005 -3.060383 0.279656
 109.980005 -2.926441 -0.039050
 110.180005 -2.800829 -0.378793
 110.380005 -2.834461 0.095133
 110.580005 -2.984704 0.247027
 110.780005 -3.023513 0.050144
 110.980005 -3.089908 -0.173231
 111.180005 3.021413 -0.441077
 111.380005 3.110047 -0.185245
 111.580005 -2.765062 0.420132
 111.780005 -2.788741 -0.096890
 111.980005 -2.901396 -0.374347
 112.180005 3.124760 -0.373037
 112.380005 3.073761 -0.184896
 112.580005 -3.062726 -0.376123
 112.780005 3.084062 -0.289056
 112.980005 -3.029235 -0.519309
 113.180005 -3.102629 -0.101398
 113.380005 -2.863472 -0.260351
 113.580005 -3.058248 0.248210
 113.780005 -2.694498 0.143272
 113.980005 -3.095025 -0.049491
 114.180005 -3.084131 -0.636062
 114.380005 2.935091 -0.252063
 114.580005 -2.961866 -0.468924
 114.780005 -3.009270 0.148074
 114.980005 -2.896010 0.307643
 115.180005 -2.885662 0.147548
 115.380005 -2.923811 -0.236361
 115.580005 3.044469 -0.391196
 115.780005 -3.133714 -0.290052
 115.980006 -2.861474 0.269880
 116.180006 -2.944755 -0.014148
 116.380006 3.122545 -0.436835
 116.580006 3.106842 -0.318300
 116.780006 -3.048977 -0.024651
 116.980006 -3.112369 0.305297
 117.180006 -3.093170 -0.310335
 117.380006 3.063581 -0.277479
 117.580006 -2.832144 -0.269750
 117.780006 -2.882275 0.265989
 117.980006 -2.926490 0.123091
 118.180006 2.852886 -0.431670
 118.380006 3.106076 -0.337991
 118.580006 -2.771774 0.185204
 118.780006 -3.038916 0.167699
 118.980006 -2.991535 -0.497184
 119.180006 3.084263 -0.139306
 119.380006 -2.832227 -0.294093
 119.580006 -3.017291 0.338558
 119.780006 -2.961622 -0.103686
 119.980006 3.083298 -0.603160
 120.180006 -2.867231 -0.060852
 120.380006 -2.880121 0.451330
 120.580006 -2.966701 -0.040098
 120.780006 2.935242 -0.279229
 120.980006 3.061351 -0.451287
 121.180006 -2.959005 0.286652
 121.380006 -2.988187 0.078332
 121.580006 -2.973011 -0.368656
 121.780006 -3.026690 -0.337108
 121.980006 -2.945546 0.070367
 122.180006 -2.892553 0.303814
 122.380006 -3.115763 -0.048678
 122.580006 -3.069389 -0.559298
 122.780006 -2.983925 -0.039779
 122.980006 -2.864924 0.350348
 123.180006 -3.062767 -0.303767
 123.380006 3.043486 -0.411633
 123.580006 -2.900319 -0.443855
 123.780006 3.014489 -0.204491
 123.980006 -3.083259 -0.457528
 124.180006 -2.914095 0.011309
 124.380006 -2.872071 0.381479
 124.580006 -3.025033 -0.060784
 124.780006 -3.125996 0.152304
 124.980006 -2.688754 0.192067
 125.180006 -2.912484 0.046165
 125.380006 -2.829456 0.106466
 125.580006 3.048809 0.293253
 125.780006 -2.970237 -0.365998
 125.980006 3.102162 -0.280706
 126.180006 -2.972826 -0.304957
 126.380006 -2.928419 -0.239260
 126.580006 -2.759842 -0.052079
 126.780006 -2.884170 0.464358
 126.980006 -3.068642 -0.057064
 127.180006 3.060135 -0.498617
 127.380006 3.110347 -0.420826
 127.580006 -2.978110 0.046683
 127.780006 -2.902129 0.166601
 127.980006 -2.857769 -0.054976
 128.180006 3.073503 -0.404416
 128.380006 2.975302 -0.371047
 128.580006 -2.796214 0.220198
 128.780006 -2.807175 0.239645
 128.980006 -2.840233 -0.320361
 129.180006 -3.076839 -0.252036
 129.380006 -2.781479 -0.311488
 129.580006 -3.096794 0.340546
 129.780006 -2.800070 -0.077502
 129.980006 2.851032 -0.302246
 130.180006 3.088068 -0.621611
 130.380006 -2.916598 0.480303
 130.580006 -3.031955 -0.333294
 130.780006 -3.126321 -0.195074
 130.980006 -2.646935 -0.000825
 131.180006 2.930080 0.369318
 131.380006 -2.916587 -0.663494
 131.580006 2.765008 -0.133988
 131.780006 -2.950005 -0.619518
 131.980006 -3.020886 0.059962
 132.180006 -2.672533 -0.113826
 132.380006 -3.044852 0.450476
 132.580006 -2.892221 0.051237
 132.780006 -3.032601 -0.599464
 132.980006 3.053373 -0.004789
 133.180006 -3.011358 -0.101964
 133.380006 -3.060948 0.002271
 133.580006 -3.098782 -0.729060
 133.780006 2.892973 -0.049727
 133.980006 -2.957335 -0.381755
 134.180006 -2.923251 0.481312
 134.380006 -2.839917 -0.092160
 134.580006 2.962059 -0.542074
 134.780006 -2.888377 -0.172203
 134.980006 -2.949867 0.488964
 135.180006 -2.982301 -0.463609
 135.380006 2.888186 -0.331138
 135.580006 -2.755118 -0.279036
 135.780006 -2.985929 0.267427
 135.980006 -2.692606 -0.188114
 136.180006 3.039297 -0.361900
 136.380006 -3.099841 -0.225023
 136.580006 -2.962368 0.388475
 136.780006 -2.783198 0.008174
 136.980007 -3.063492 -0.361356
 137.180007 3.105326 -0.441831
 137.380007 -2.985438 0.167018
 137.580007 -2.819697 0.313663
 137.780007 -3.010441 -0.323211
 137.980007 2.898829 -0.434481
 138.180007 -2.840736 0.025854
 138.380007 -2.902706 0.374512
 138.580007 -2.848585 -0.395069
 138.780007 2.958059 -0.369798
 138.980007 -2.859024 -0.455012
 139.180007 -3.076410 0.562371
 139.380007 -2.788988 -0.461656
 139.580007 2.815755 -0.286349
 139.780007 -2.818530 -0.409505
 139.980007 -2.926411 0.545659
 140.180007 -2.797277 -0.097407
 140.380007 2.934669 -0.416651
 140.580007 -3.090976 -0.453486
 140.780007 -3.029802 0.314280
 140.980007 -2.815909 -0.016594
 141.180007 3.114923 -0.260653
 141.380007 -3.093150 -0.477508
 141.580007 -2.951348 0.255567
 141.780007 -2.940627 0.033911
 141.980007 3.056655 -0.553820
 142.180007 3.109989 -0.231577
 142.380007 -2.979306 -0.113722
 142.580007 -2.757070 0.198824
 142.780007 3.132614 0.021437
 142.980007 -3.050498 -0.608096
 143.180007 -2.797067 0.128468
 143.380007 -2.992281 0.308077
 143.580007 3.063571 -0.299649
 143.780007 3.129696 -0.345745
 143.980007 -2.570468 -0.236879
 144.180007 -3.072114 0.426736
 144.380007 -2.843723 -0.077713
 144.580007 2.923025 -0.306632
 144.780007 3.122392 -0.568290
 144.980007 -3.074655 0.642402
 145.180007 -2.793505 -0.125202
 145.380007 -3.083578 -0.472112
 145.580007 -2.874515 -0.095143
 145.780007 -2.816802 0.385248
 145.980007 -2.908706 -0.326117
 146.180007 2.982126 -0.369607
 146.380007 3.099890 -0.400905
 146.580007 3.019906 -0.252446
 146.780007 -3.141502 -0.606933
 146.980007 -3.005460 0.276334
 147.180007 -2.840946 0.213907
 147.380007 -3.086483 -0.731636
 147.580007 -3.041929 0.082905
 147.780007 -2.745128 0.375304
 147.980007 -3.097748 -0.120916
 148.180007 -3.090273 -0.305601
 148.380007 2.981102 -0.524174
 148.580007 -3.015180 -0.088713
 148.780007 -2.864454 0.512331
 148.980007 -2.978154 -0.188051
 149.180007 -3.122428 -0.507579
 149.380007 -2.881343 -0.050008
 149.580007 -2.808993 0.269443
 149.780007 -2.752213 -0.177804
 149.980007 3.089219 -0.316572
 150.180007 2.989436 -0.401306
 150.380007 -2.960079 0.172562
 150.580007 -2.924355 0.292327
 150.780007 -2.928803 -0.169274
 150.980007 -2.997765 0.335503
 151.180007 -2.870497 0.016338
 151.380007 3.069688 -0.583357
 151.580007 3.130440 -0.324287
 151.780007 -3.056141 0.357477
 151.980007 -2.976985 -0.084216
 152.180007 -3.010958 -0.100137
 152.380007 -2.931279 -0.323799
 152.580007 -3.074028 -0.162188
 152.780007 -2.935237 -0.407608
 152.980007 3.074528 -0.361664
 153.180007 3.055900 -0.509795
 153.380007 3.118480 0.283845
 153.580007 -2.503550 0.087904
 153.780007 -2.906836 -0.067506
 153.980007 -2.844569 -0.214823
 154.180007 -3.029410 -0.453950
 154.380007 3.101174 -0.184833
 154.580007 -2.970869 0.097602
 154.780007 -3.063679 0.123756
 154.980007 -2.934221 -0.268053
 155.180007 2.851061 -0.322703
 155.380007 -3.027693 -0.255554
 155.580007 -2.757173 0.474308
 155.780007 -2.856080 -0.141747
 155.980007 3.092087 -0.363405
 156.180007 -2.951221 -0.357876
 156.380007 -3.047495 0.173231
 156.580007 -2.993545 0.072534
 156.780007 2.919657 -0.194084
 156.980007 -3.037644 -0.583874
 157.180007 -2.930961 0.224634
 157.380007 -2.994641 0.176150
 157.580007 -3.076047 -0.580164
 157.780007 3.077512 -0.217552
 157.980008 -2.750654 0.342392
 158.180008 -2.854983 0.031008
 158.380008 -2.905871 -0.373089
 158.580008 2.932710 -0.349227
 158.780008 -3.097558 -0.180559
 158.980008 -2.886528 0.228618
 159.180008 -2.870621 -0.070335
 159.380008 -2.776586 -0.272417
 159.580008 -2.944145 -0.120297
 159.780008 -2.752174 0.105192
 159.980008 -3.049045 0.219438
 160.180008 -2.916309 -0.209862
 160.380008 2.989120 0.032990
 160.580008 -3.047600 -0.407872
 160.780008 -3.059897 0.320976
 160.980008 -2.833475 -0.040847
 161.180008 -3.085503 -0.157325
 161.380008 -2.897794 -0.256976
 161.580008 -2.639981 0.457990
 161.780008 -3.055955 0.000229
 161.980008 2.998417 -0.457036
 162.180008 -2.929727 -0.313941
 162.380008 -3.021979 0.104133
 162.580008 -2.875108 0.306677
 162.780008 3.012647 -0.347409
 162.980008 -3.088897 -0.486161
 163.180008 -2.916745 0.295649
 163.380008 -3.012470 0.100098
 163.580008 -3.128335 -0.486369
 163.780008 3.017192 -0.332784
 163.980008 -2.911556 -0.270608
 164.180008 -3.055329 -0.352546
 164.380008 -3.103646 -0.428225
 164.580008 3.051521 -0.147410
 164.780008 -3.027527 -0.479010
 164.980008 -3.017437 -0.324295
 165.180008 -2.981704 -0.231939
 165.380008 -2.836023 0.101082
 165.580008 -2.800345 0.207645
 165.780008 -2.987002 0.092618
 165.980008 -3.085427 0.026865
 166.180008 -2.815447 0.136373
 166.380008 -2.968394 0.108091
 166.580008 -2.959025 0.289678
 166.780008 -2.853327 0.104806
 166.980008 -2.787324 0.066107
 167.180008 -2.880442 0.136179
 167.380008 -2.926330 0.101727
 167.580008 -2.853597 0.073816
 167.780008 -2.807545 0.075861
 167.980008 -3.057485 0.300439
 168.180008 -2.957182 0.035811
 168.380008 -3.020263 0.132654
 168.580008 -2.875904 0.131335
 168.780008 -3.039986 0.059648
 168.980008 -2.801174 0.099068
 169.180008 -2.930693 0.095967
 169.380008 -2.851457 0.117074
 169.580008 -3.024203 0.180581
 169.780008 -2.936811 0.092104
 169.980008 -2.953499 0.124981
 170.180008 -2.853062 0.068984
 170.380008 -2.918102 0.193397
 170.580008 -2.827388 0.151198
 170.780008 -3.073059 0.098184
 170.980008 -3.034493 -0.058277
 171.180008 -2.917098 0.137675
 171.380008 -2.904065 0.040481
 171.580008 -2.875487 0.123630
 171.780008 -2.993739 0.174962
 171.980008 -2.915347 0.117182
 172.180008 -2.933018 0.030317
 172.380008 -2.990995 0.007268
 172.580008 -2.871070 0.030428
 172.780008 -2.852182 -0.275285
 172.980008 -2.973817 -0.323425
 173.180008 3.137376 -0.292647
 173.380008 -2.942024 0.082356
 173.580008 -2.920759 0.236437
 173.780008 -2.856209 -0.093265
 173.980008 -3.039595 -0.020984
 174.180008 -2.904636 -0.327709
 174.380008 -3.101248 -0.330983
 174.580008 -3.073350 -0.407356
 174.780008 -3.139097 -0.049614
 174.980008 -2.863694 0.226337
 175.180008 -2.935946 0.124697
 175.380008 -2.909580 -0.158589
 175.580008 -3.001334 0.081705
 175.780008 -2.855249 0.405344
 175.980008 -2.776457 0.016409
 176.180008 -2.975104 -0.419629
 176.380008 2.937914 -0.366178
 176.580008 -3.011631 -0.386275
 176.780008 -3.036400 0.196541
 176.980008 -2.901286 0.073422
 177.180008 -3.079114 -0.067669
 177.380008 -3.126309 -0.328987
 177.580008 3.123368 -0.514207
 177.780008 3.132353 -0.206947
 177.980008 -2.898509 -0.131884
 178.180008 -2.989851 0.252970
 178.380008 -2.724694 0.018304
 178.580008 -3.047858 -0.063736
 178.780008 -2.903691 -0.364992
 178.980009 3.072719 -0.274800
 179.180009 -2.953821 -0.474905
 179.380009 -2.988861 0.483999
 179.580009 -2.898090 -0.136263
 179.780009 3.101069 -0.518545
 179.980009 -3.141535 -0.166217
 180.180009 -2.753207 0.482829
 180.380009 -2.978151 -0.405228
 180.580009 -3.086969 -0.192042
 180.780009 -2.789760 -0.171608
 180.980009 3.053558 0.279819
 181.180009 -2.959948 -0.220151
 181.380009 3.070057 0.222595
 181.580009 -2.809342 -0.044952
 181.780009 -2.926263 0.387807
 181.980009 -2.662989 0.057259
 182.180009 -2.965379 0.222422
 182.380009 -2.972258 -0.005328
 182.580009 -2.965126 0.220285
 182.780009 -2.815521 0.132599
 182.980009 -2.898838 0.031188
 183.180009 -2.881208 0.238025
 183.380009 -2.770029 0.129254
 183.580009 -2.985720 0.155746
 183.780009 -2.996334 0.172698
 183.980009 -3.083918 -0.097913
 184.180009 -3.065231 -0.473102
 184.380009 3.136741 -0.320172
 184.580009 -2.985479 -0.289348
 184.780009 -2.988515 -0.337469
 184.980009 -3.032584 -0.355792
 185.180009 3.095587 -0.212652
 185.380009 -3.014271 -0.212740
 185.580009 -3.079442 -0.606421
 185.780009 -3.078333 -0.125473
 185.980009 -2.977525 -0.420684
 186.180009 -2.910648 0.173164
 186.380009 -2.874817 0.189054
 186.580009 -3.114495 0.015771
 186.780009 -2.934451 0.127615
 186.980009 -2.758468 0.251573
 187.180009 -2.894212 0.243089
 187.380009 -2.811681 -0.111504
 187.580009 -2.917420 0.295332
 187.780009 -2.941225 -0.193211
 187.980009 -3.138143 -0.338142
 188.180009 -3.020056 -0.304241
 188.380009 -2.916013 0.152150
 188.580009 -3.085559 0.276626
 188.780009 -3.122351 -0.351501
 188.980009 3.085967 -0.393440
 189.180009 -2.773493 -0.238837
 189.380009 -2.787042 0.180692
 189.580009 -2.870889 0.447859
 189.780009 -3.025043 0.005972
 189.980009 -2.986682 -0.377096
 190.180009 -3.051124 -0.423085
 190.380009 -3.101517 -0.180562
 190.580009 -2.916344 -0.043332
 190.780009 -2.904955 -0.056280
 190.980009 -2.986102 -0.121951
 191.180009 -3.084139 -0.218839
 191.380009 -3.065185 -0.213268
 191.580009 3.089940 -0.659751
 191.780009 -2.891251 -0.046971
 191.980009 -2.843898 0.396219
 192.180009 -2.780451 0.075509
 192.380009 -3.094219 -0.299349
 192.580009 3.095995 -0.564627
 192.780009 3.034229 0.046387
 192.980009 -2.799992 0.196971
 193.180009 3.079848 -0.331721
 193.380009 3.025170 -0.427267
 193.580009 -2.940545 0.324375
 193.780009 -3.064314 -0.137505
 193.980009 -3.063395 -0.497012
 194.180009 -2.892916 -0.014947
 194.380009 -2.958712 0.379470
 194.580009 -2.944910 -0.151121
 194.780009 -3.121083 0.194823
 194.980009 -2.806796 0.139589
 195.180009 -3.051507 0.251353
 195.380009 -2.738617 -0.255538
 195.580009 -3.000786 0.301782
 195.780009 -2.621230 -0.073745
 195.980009 3.076320 0.317616
 196.180009 -2.855959 -0.158336
 196.380009 -3.134678 0.391951
 196.580009 -2.703595 -0.242955
 196.780009 -3.036801 0.429502
 196.980009 -2.508443 -0.143734
 197.180009 3.060623 0.243173
 197.380009 -2.518108 -0.406148
 197.580009 -2.846699 0.443393
 197.780009 -2.804406 0.042856
 197.980009 3.100393 -0.046428
 198.180009 -3.088584 -0.459069
 198.380009 -2.856266 0.320754
 198.580009 -2.643443 0.102838
 198.780009 -3.129159 -0.177955
 198.980009 -3.134236 -0.284151
 199.180009 -2.634718 -0.191793
 199.380009 -2.802242 0.282927
 199.580009 -3.002173 0.257780
 199.780009 -2.864238 0.167551
 199.980009 -2.607599 0.137870
