#! FIELDS time phi psi
#! SET max_psi pi
 0.180000 0.188689 1.744151
 0.380000 0.027898 0.983079
 0.580000 0.346881 1.457266
 0.780000 -0.289233 0.964792
 0.980000 -0.326580 1.147592
 1.180000 0.421299 1.174345
 1.380000 0.749865 1.069532
 1.580000 -0.485197 1.462029
 1.780000 -0.401341 1.144503
 1.980000 0.431753 1.215572
 2.180000 -0.085090 1.162532
 2.380000 -0.198868 1.538240
 2.580000 0.075636 1.104715
 2.780000 0.350755 1.116905
 2.980000 0.081071 1.287347
 3.180000 -0.088487 1.205151
 3.380000 0.304350 1.222193
 3.580000 -0.164510 1.056070
 3.780000 -0.193692 1.462092
 3.980000 0.109079 1.186260
 4.180000 0.242605 1.306572
 4.380000 0.220935 0.995264
 4.580000 0.195658 1.259744
 4.780000 0.440820 1.271891
 4.980000 0.106983 1.140786
 5.180000 -0.095385 1.368202
 5.380000 0.209598 1.165044
 5.580000 0.071987 1.305198
 5.780000 -0.228585 1.174319
 5.980000 -0.011992 1.425538
 6.180000 0.328502 1.109798
 6.380000 0.485457 1.346212
 6.580000 -0.040352 1.060936
 6.780000 0.356957 1.247383
 6.980000 0.120345 1.154567
 7.180000 -0.025368 1.221139
 7.380000 -0.220538 1.251158
 7.580000 0.119372 1.264552
 7.780000 0.250312 1.129838
 7.980000 0.076942 1.176749
 8.180000 0.017324 1.212396
 8.380000 0.380584 1.107818
 8.580000 0.152342 1.207386
 8.780000 -0.192825 1.347513
 8.980000 -0.144222 1.203295
 9.180000 0.191250 1.229972
 9.380000 0.208835 1.117236
 9.580000 -0.008183 1.391569
 9.780000 0.286076 1.151544
 9.980000 0.502279 1.040213
 10.180000 -0.083510 1.458129
 10.380000 0.013450 1.209649
 10.580001 0.309507 1.094937
 10.780001 -0.273303 1.234702
 10.980001 -0.146001 1.246456
 11.180001 0.169431 1.205938
 11.380001 0.433305 1.159025
 11.580001 -0.310749 1.304243
 11.780001 0.126471 1.200293
 11.980001 0.232183 1.176791
 12.180001 -0.117446 1.375410
 12.380001 -0.074481 1.177726
 12.580001 0.114707 1.544092
 12.780001 0.344518 0.739632
 12.980001 0.074449 1.618610
 13.180001 0.254760 0.826634
 13.380001 0.466963 1.432185
 13.580001 -0.221634 1.105387
 13.780001 -0.214670 1.467069
 13.980001 -0.004944 1.137658
 14.180001 0.384249 1.299410
 14.380001 -0.057241 1.222575
 14.580001 0.195296 1.217956
 14.780001 0.538295 1.056674
 14.980001 -0.020827 1.232257
 15.180001 -0.361354 1.309753
 15.380001 0.164974 1.230787
 15.580001 0.308351 1.073062
 15.780001 -0.211775 1.369217
 15.980001 0.169178 1.244516
 16.180001 0.479856 1.016366
 16.380001 0.067909 1.283268
 16.580001 -0.273413 1.346382
 16.780001 0.299430 1.115179
 16.980001 0.012421 1.291505
 17.180001 -0.229321 1.306653
 17.380001 0.016056 1.185045
 17.580001 0.449154 1.350295
 17.780001 0.402020 0.786891
 17.980001 -0.059827 1.445377
 18.180001 0.100333 1.227260
 18.380001 0.114646 1.162443
 18.580001 -0.215624 1.281515
 18.780001 0.116766 1.474869
 18.980001 0.477441 0.846793
 19.180001 0.222932 1.240279
 19.380001 0.312209 1.310926
 19.580001 0.411600 1.073104
 19.780001 -0.279034 1.210457
 19.980001 -0.473581 1.404394
 20.180001 0.387415 1.141579
 20.380001 0.542564 1.126584
 20.580001 -0.127664 1.355906
 20.780001 0.122000 1.060102
 20.980001 0.416487 1.300725
 21.180001 -0.101270 1.250888
 21.380001 -0.349053 1.460926
 21.580001 0.405107 0.889508
 21.780001 0.268708 1.308194
 21.980001 -0.308994 1.242030
 22.180001 0.045160 1.285867
 22.380001 0.307156 1.056568
 22.580001 -0.167876 1.371987
 22.780001 -0.408535 1.199154
 22.980001 0.432253 1.186447
 23.180001 0.396162 1.232658
 23.380001 -0.163833 1.231865
 23.580001 -0.249743 1.022684
 23.780001 0.483423 1.297767
 23.980001 0.100911 1.127081
 24.180001 -0.603438 1.420356
 24.380001 0.245095 1.224788
 24.580001 0.232123 1.018064
 24.780001 0.017050 1.437545
 24.980001 0.097052 1.088725
 25.180001 0.653973 1.441625
 25.380001 0.102152 0.924324
 25.580001 -0.699797 1.483254
 25.780001 0.295512 1.021098
 25.980001 0.419960 1.240422
 26.180001 -0.336630 1.333418
 26.380001 -0.141129 1.041220
 26.580001 0.577753 1.347551
 26.780001 -0.133774 1.087366
 26.980001 -0.452044 1.336362
 27.180001 0.414267 1.375263
 27.380001 0.275302 0.972078
 27.580001 -0.510017 1.553740
 27.780001 -0.079124 0.930778
 27.980001 0.518008 1.284518
 28.180001 0.120350 1.231277
 28.380001 -0.127811 1.513283
 28.580001 0.244161 1.037577
 28.780001 0.237724 1.167794
 28.980001 -0.175270 1.469910
 29.180001 0.118437 1.142093
 29.380001 0.396165 1.148809
 29.580001 -0.313420 1.223915
 29.780001 -0.175121 1.367590
 29.980001 0.283973 1.175184
 30.180001 0.225898 1.098324
 30.380001 -0.124389 1.318273
 30.580001 0.324643 0.986316
 30.780001 0.563467 1.178312
 30.980001 -0.047669 1.245556
 31.180001 -0.088542 1.269502
 31.380001 0.081971 1.231386
 31.580001 0.121899 1.177464
 31.780002 -0.043416 1.310755
 31.980002 0.167112 1.237769
 32.180002 0.427883 1.185007
 32.380002 0.086741 1.180361
 32.580002 0.081421 1.307032
 32.780002 0.245165 1.141213
 32.980002 0.282514 1.265488
 33.180002 -0.168197 1.204031
 33.380002 -0.079123 1.290107
 33.580002 0.247959 1.083581
 33.780002 0.224164 1.251702
 33.980002 0.000498 1.109376
 34.180002 -0.125022 1.395651
 34.380002 0.184443 1.006834
 34.580002 0.126439 1.382543
 34.780002 0.086439 1.183697
 34.980002 0.175306 1.307175
 35.180002 0.283910 1.065604
 35.380002 0.137558 1.283310
 35.580002 0.132337 1.288549
 35.780002 0.188116 1.121567
 35.980002 0.067831 1.389440
 36.180002 -0.068101 1.098298
 36.380002 0.205956 1.431431
 36.580002 0.192248 1.003264
 36.780002 0.098909 1.264248
 36.980002 0.028794 1.200849
 37.180002 0.160641 1.327538
 37.380002 0.357590 1.053637
 37.580002 -0.032971 1.363696
 37.780002 0.031056 1.269504
 37.980002 0.224409 1.088856
 38.180002 0.088681 1.402486
 38.380002 -0.102890 1.160196
 38.580002 0.138763 1.258418
 38.780002 0.065907 1.133585
 38.980002 0.013308 1.300163
 39.180002 0.165064 1.109173
 39.380002 0.314066 1.425107
 39.580002 0.026046 0.881727
 39.780002 0.089061 1.486190
 39.980002 0.235609 0.965856
 40.180002 0.035891 1.608869
 40.380002 -0.147688 0.928728
 40.580002 -0.001596 1.683932
 40.780002 0.375746 0.913632
 40.980002 0.110388 1.423728
 41.180002 -0.261535 1.124105
 41.380002 0.104050 1.440775
 41.580002 0.241371 0.977337
 41.780002 0.253392 1.240645
 41.980002 -0.173300 1.169461
 42.180002 0.101846 1.237793
 42.380002 0.158034 1.228197
 42.580002 -0.069579 1.341014
 42.780002 0.080983 1.113343
 42.980002 0.361258 1.262225
 43.180002 0.190091 1.243147
 43.380002 -0.034451 1.120407
 43.580002 0.048980 1.421708
 43.780002 0.150860 1.201936
 43.980002 0.023881 1.272884
 44.180002 -0.091595 1.186059
 44.380002 0.427207 1.229794
 44.580002 0.103793 1.107478
 44.780002 -0.346609 1.414038
 44.980002 0.173819 1.256051
 45.180002 0.329934 1.094543
 45.380002 0.149165 1.394212
 45.580002 0.114984 1.050145
 45.780002 0.204589 1.319273
 45.980002 0.158524 1.238905
 46.180002 0.103471 1.153412
 46.380002 -0.015648 1.177174
 46.580002 0.083517 1.289699
 46.780002 -0.078677 1.274723
 46.980002 -0.102298 1.211228
 47.180002 0.295829 1.236152
 47.380002 0.179900 1.149645
 47.580002 0.087307 1.321250
 47.780002 0.154061 1.072553
 47.980002 -0.027450 1.417223
 48.180002 0.068676 1.077659
 48.380002 -0.116682 1.350091
 48.580002 0.165543 1.159978
 48.780002 0.348985 1.452839
 48.980002 0.017233 1.163266
 49.180002 0.293715 1.421449
 49.380002 0.340684 0.936772
 49.580002 0.153086 1.440753
 49.780002 -0.093930 1.201637
 49.980002 0.117255 1.365195
 50.180002 0.036796 1.035922
 50.380002 0.125950 1.470391
 50.580002 0.093895 1.059931
 50.780002 0.021117 1.583496
 50.980002 0.090866 0.938984
 51.180002 0.001254 1.514583
 51.380002 0.250981 0.820631
 51.580002 0.058230 1.505416
 51.780002 -0.332718 1.196369
 51.980002 0.218692 1.335382
 52.180002 0.328148 0.940212
 52.380002 0.318856 1.298417
 52.580002 0.011688 1.223390
 52.780003 0.216475 1.118891
 52.980003 0.132044 1.290512
 53.180003 0.120392 1.072253
 53.380003 -0.002569 1.314676
 53.580003 -0.084941 1.190255
 53.780003 0.173852 1.239373
 53.980003 0.115821 1.200592
 54.180003 0.242359 1.053481
 54.380003 0.063024 1.315241
 54.580003 0.080899 1.147302
 54.780003 -0.125868 1.327829
 54.980003 0.217697 1.163886
 55.180003 0.223178 1.311401
 55.380003 0.231549 1.106937
 55.580003 0.125509 1.351241
 55.780003 0.383217 1.099730
 55.980003 0.254159 1.308576
 56.180003 -0.074891 1.158715
 56.380003 -0.099490 1.328830
 56.580003 -0.000479 1.176267
 56.780003 0.143306 1.246550
 56.980003 -0.165885 1.250438
 57.180003 0.218171 1.170946
 57.380003 0.281581 1.239371
 57.580003 0.114098 1.211390
 57.780003 0.048536 1.221449
 57.980003 0.256201 1.052762
 58.180003 -0.257902 1.350594
 58.380003 -0.075311 1.318901
 58.580003 0.058019 1.159245
 58.780003 0.171859 1.252551
 58.980003 0.363912 1.159997
 59.180003 0.281792 1.312806
 59.380003 0.135641 1.077034
 59.580003 0.082891 1.325017
 59.780003 -0.071135 1.343647
 59.980003 -0.012282 1.284402
 60.180003 0.191389 1.120993
 60.380003 0.071206 1.066058
 60.580003 -0.241170 1.507474
 60.780003 0.505780 0.866778
 60.980003 0.300620 1.330903
 61.180003 -0.242317 1.348834
 61.380003 -0.110748 1.117404
 61.580003 0.190354 1.296133
 61.780003 0.306054 1.031946
 61.980003 -0.224892 1.365946
 62.180003 0.143005 1.136350
 62.380003 0.695252 1.142391
 62.580003 -0.058267 1.272080
 62.780003 -0.321425 1.258422
 62.980003 0.027478 1.265197
 63.180003 0.311472 1.188976
 63.380003 -0.001026 1.251480
 63.580003 0.006263 1.270922
 63.780003 0.544027 1.228890
 63.980003 0.403201 1.053732
 64.180003 -0.250506 1.340049
 64.380003 0.001873 1.391323
 64.580003 0.317843 0.976977
 64.780003 -0.211367 1.455819
 64.980003 -0.196209 1.350265
 65.180003 0.470810 1.153882
 65.380003 0.370833 1.176453
 65.580003 -0.167535 1.340042
 65.780003 0.306899 1.079956
 65.980003 0.224477 1.225795
 66.180003 -0.060858 1.190418
 66.380003 -0.274872 1.267008
 66.580003 0.002125 1.244638
 66.780003 0.425729 1.192201
 66.980003 -0.286970 1.222199
 67.180003 0.065732 1.278644
 67.380003 0.428644 1.011300
 67.580003 0.072842 1.346438
 67.780003 -0.537455 1.077949
 67.980003 -0.076545 1.453947
 68.180003 0.566143 1.017452
 68.380003 0.092995 1.304859
 68.580003 -0.166579 1.217367
 68.780003 0.191981 1.329947
 68.980003 0.423449 1.093221
 69.180003 -0.218414 1.324785
 69.380003 -0.482960 1.326055
 69.580003 0.139731 1.298732
 69.780003 0.446028 1.043824
 69.980003 0.072158 1.123441
 70.180003 0.102429 1.282247
 70.380003 0.368602 1.134896
 70.580003 0.132802 1.302287
 70.780003 -0.199857 1.151584
 70.980003 0.116755 1.299958
 71.180003 0.021661 1.238857
 71.380003 -0.090499 1.295830
 71.580003 0.097438 1.122988
 71.780003 0.406279 1.290639
 71.980003 0.144325 1.202987
 72.180003 0.097696 1.250181
 72.380003 0.256864 1.135061
 72.580003 0.041892 1.195298
 72.780003 -0.137584 1.393476
 72.980003 0.100699 1.202000
 73.180003 0.049962 1.197547
 73.380003 0.195791 1.314783
 73.580003 0.051389 1.105396
 73.780004 0.210204 1.260752
 73.980004 0.135061 1.179985
 74.180004 0.061173 1.261636
 74.380004 -0.107143 1.306112
 74.580004 0.126288 1.054497
 74.780004 -0.062425 1.379498
 74.980004 0.280021 1.146589
 75.180004 0.171630 1.234067
 75.380004 0.209552 1.266569
 75.580004 0.164272 1.299928
 75.780004 0.178334 1.122472
 75.980004 0.020318 1.191548
 76.180004 0.212823 1.241815
 76.380004 0.055160 1.307588
 76.580004 -0.229421 1.223942
 76.780004 0.022905 1.369987
 76.980004 0.389918 0.940855
 77.180004 0.306493 1.398298
 77.380004 -0.011079 0.925915
 77.580004 0.274048 1.343104
 77.780004 0.069260 1.096515
 77.980004 -0.143289 1.447466
 78.180004 -0.289214 1.006746
 78.380004 -0.108590 1.498735
 78.580004 0.188758 1.071900
 78.780004 0.205264 1.147703
 78.980004 -0.041901 1.345120
 79.180004 0.207981 1.281199
 79.380004 0.411369 1.157590
 79.580004 0.086583 1.129429
 79.780004 -0.074165 1.432465
 79.980004 0.216778 1.030812
 80.180004 0.033792 1.454975
 80.380004 -0.153778 1.038913
 80.580004 -0.114430 1.355266
 80.780004 0.411740 1.016378
 80.980004 0.233939 1.203630
 81.180004 -0.113168 1.263582
 81.380004 0.039475 1.252073
 81.580004 0.286648 1.147812
 81.780004 -0.176244 1.198575
 81.980004 -0.278207 1.385081
 82.180004 0.201832 1.272593
 82.380004 0.351543 1.105739
 82.580004 -0.051224 1.278335
 82.780004 0.168779 1.290574
 82.980004 0.227564 1.016579
 83.180004 0.126190 1.447556
 83.380004 -0.100930 1.113401
 83.580004 0.397692 1.273616
 83.780004 0.113072 1.053614
 83.980004 -0.183900 1.602017
 84.180004 -0.010073 0.989596
 84.380004 0.397417 1.344423
 84.580004 0.008655 1.116035
 84.780004 0.048018 1.427966
 84.980004 0.166107 0.990865
 85.180004 0.093695 1.379645
 85.380004 0.029428 1.169320
 85.580004 0.247694 1.283052
 85.780004 0.042381 1.124937
 85.980004 -0.121403 1.319352
 86.180004 0.086082 1.226677
 86.380004 -0.008845 1.277937
 86.580004 0.087020 1.143464
 86.780004 -0.050736 1.271682
 86.980004 -0.047618 1.206148
 87.180004 0.440715 1.137321
 87.380004 0.113046 1.168176
 87.580004 0.034402 1.234725
 87.780004 0.188180 1.250658
 87.980004 0.128109 1.202561
 88.180004 -0.100125 1.240388
 88.380004 -0.002326 1.377551
 88.580004 0.282308 1.144968
 88.780004 -0.103841 1.269407
 88.980004 0.207154 1.228677
 89.180004 0.290053 1.197857
 89.380004 0.335139 1.234929
 89.580004 -0.185067 1.266516
 89.780004 -0.098355 1.284575
 89.980004 0.249071 1.177900
 90.180004 0.063038 1.361032
 90.380004 -0.078538 1.199749
 90.580004 0.367891 1.317796
 90.780004 0.338728 0.897037
 90.980004 -0.312426 1.577837
 91.180004 -0.066893 1.110423
 91.380004 0.193056 1.259000
 91.580004 0.096088 1.157759
 91.780004 -0.049420 1.399063
 91.980004 0.160184 1.030758
 92.180004 0.146091 1.468199
 92.380004 0.006426 1.006825
 92.580004 0.064228 1.319953
 92.780004 0.211183 1.165741
 92.980004 -0.089078 1.271690
 93.180004 -0.403922 1.305212
 93.380004 0.187655 1.350854
 93.580004 0.348743 0.919370
 93.780004 -0.028121 1.366582
 93.980004 0.102594 1.084298
 94.180004 0.306008 1.395211
 94.380004 0.129596 1.012328
 94.580004 -0.297361 1.482658
 94.780005 0.156844 1.029008
 94.980005 0.317015 1.162683
 95.180005 0.054278 1.277964
 95.380005 0.070989 1.225682
 95.580005 0.328787 1.230316
 95.780005 -0.013414 1.091303
 95.980005 -0.079756 1.547719
 96.180005 0.092857 1.002228
 96.380005 0.160030 1.448293
 96.580005 -0.122312 1.033999
 96.780005 -0.090429 1.390404
 96.980005 0.308938 1.004639
 97.180005 0.053450 1.325930
 97.380005 -0.050847 1.203595
 97.580005 0.241946 1.273044
 97.780005 0.529986 1.056362
 97.980005 -0.174079 1.367138
 98.180005 -0.097589 1.256937
 98.380005 0.269634 1.208472
 98.580005 -0.001403 1.279947
 98.780005 -0.109031 1.279454
 98.980005 0.225949 1.219619
 99.180005 0.225087 1.088144
 99.380005 -0.118429 1.359194
 99.580005 -0.076002 1.074791
 99.780005 0.243551 1.388853
 99.980005 0.152488 1.051803
 100.180005 -0.247010 1.596324
 100.380005 0.088336 1.124423
 100.580005 0.309921 1.305451
 100.780005 0.183619 1.141610
 100.980005 0.168122 1.294034
 101.180005 0.300846 1.126990
 101.380005 0.199940 1.218987
 101.580005 0.046744 1.370004
 101.780005 0.203255 1.083192
 101.980005 0.269175 1.282820
 102.180005 -0.002399 1.290524
 102.380005 -0.102150 1.210162
 102.580005 0.220532 1.070158
 102.780005 0.192729 1.239484
 102.980005 -0.103586 1.230471
 103.180005 0.392759 1.216341
 103.380005 -0.117345 1.128182
 103.580005 -0.077289 1.318786
 103.780005 -0.015942 1.235429
 103.980005 0.106139 1.431207
 104.180005 0.002156 1.004865
 104.380005 0.079870 1.456127
 104.580005 0.582331 0.802398
 104.780005 0.134422 1.467244
 104.980005 0.003653 1.082776
 105.180005 0.123339 1.385117
 105.380005 0.132898 1.158426
 105.580005 -0.169494 1.497663
 105.780005 -0.190674 1.075001
 105.980005 0.253524 1.282499
 106.180005 0.245675 1.151633
 106.380005 0.249868 1.453909
 106.580005 0.205977 0.948032
 106.780005 0.231022 1.424032
 106.980005 -0.026749 1.251793
 107.180005 -0.109110 1.177494
 107.380005 -0.182613 1.394359
 107.580005 0.297548 1.150461
 107.780005 0.184856 1.163828
 107.980005 0.002947 1.156351
 108.180005 0.374192 1.285470
 108.380005 0.289496 1.038508
 108.580005 -0.069808 1.402731
 108.780005 -0.112625 1.200610
 108.980005 0.325459 1.157052
 109.180005 -0.171650 1.335008
 109.380005 0.068562 1.261743
 109.580005 0.212453 1.040117
 109.780005 0.168844 1.352556
 109.980005 0.190992 1.196281
 110.180005 0.372104 1.109316
 110.380005 0.146698 1.293497
 110.580005 -0.003738 1.313721
 110.780005 0.239377 1.108098
 110.980005 -0.040324 1.345954
 111.180005 0.111253 1.195000
 111.380005 -0.037916 1.229093
 111.580005 -0.038948 1.187473
 111.780005 0.201661 1.221598
 111.980005 0.173172 1.251250
 112.180005 0.135584 1.117826
 112.380005 0.190709 1.244513
 112.580005 0.133097 1.296746
 112.780005 -0.001645 1.289015
 112.980005 0.123963 1.176956
 113.180005 -0.042753 1.364685
 113.380005 0.023468 1.174436
 113.580005 0.158917 1.290543
 113.780005 0.198140 1.110687
 113.980005 0.017854 1.239213
 114.180005 0.244698 1.084064
 114.380005 -0.051348 1.232207
 114.580005 -0.022283 1.200261
 114.780005 -0.003747 1.140259
 114.980005 0.072387 1.287454
 115.180005 0.113045 1.033012
 115.380005 0.034008 1.399593
 115.580005 0.072668 1.178071
 115.780005 0.330633 1.259520
 115.980006 -0.012413 1.279817
 116.180006 0.123961 1.413514
 116.380006 0.123988 1.170367
 116.580006 -0.022419 1.252056
 116.780006 0.038627 1.334720
 116.980006 0.328106 1.256614
 117.180006 0.198260 1.050425
 117.380006 -0.090182 1.368667
 117.580006 0.119657 1.112037
 117.780006 -0.088766 1.232229
 117.980006 -0.018127 1.349644
 118.180006 -0.007879 1.212709
 118.380006 0.340154 1.150332
 118.580006 0.312583 1.002791
 118.780006 -0.002755 1.381424
 118.980006 0.179697 1.140858
 119.180006 0.250340 1.186880
 119.380006 -0.100800 1.339768
 119.580006 -0.225049 1.257347
 119.780006 0.260336 1.220349
 119.980006 0.294448 1.056144
 120.180006 0.040037 1.300583
 120.380006 0.319661 1.171212
 120.580006 0.226889 1.156830
 120.780006 -0.326915 1.340256
 120.980006 -0.202903 1.323022
 121.180006 0.237032 1.350265
 121.380006 0.213102 1.006579
 121.580006 -0.064653 1.236955
 121.780006 0.260543 1.294259
 121.980006 0.458450 1.129895
 122.180006 0.106670 1.241280
 122.380006 0.020592 1.103719
 122.580006 -0.049085 1.405921
 122.780006 -0.247648 1.253813
 122.980006 0.145882 1.334327
 123.180006 0.222183 1.156075
 123.380006 0.252918 1.316524
 123.580006 0.516563 0.664145
 123.780006 0.295443 1.507603
 123.980006 -0.123102 1.205892
 124.180006 0.148619 1.424681
 124.380006 -0.116883 0.958981
 124.580006 0.008895 1.577335
 124.780006 0.056658 0.883160
 124.980006 0.156290 1.612955
 125.180006 0.322762 0.944007
 125.380006 0.160132 1.501999
 125.580006 -0.022195 1.045328
 125.780006 0.249280 1.274741
 125.980006 -0.103178 1.217929
 126.180006 0.037237 1.252776
 126.380006 -0.146665 1.214149
 126.580006 -0.069033 1.242333
 126.780006 0.196623 1.282489
 126.980006 0.347864 1.002645
 127.180006 -0.011194 1.384832
 127.380006 0.412241 1.177344
 127.580006 0.060972 1.181205
 127.780006 -0.015086 1.207856
 127.980006 0.042837 1.349832
 128.180006 0.101438 1.163519
 128.380006 0.115136 1.292867
 128.580006 0.041925 0.993416
 128.780006 -0.062972 1.247402
 128.980006 0.202089 1.268543
 129.180006 0.240590 1.140146
 129.380006 0.056509 1.235574
 129.580006 -0.012867 1.224930
 129.780006 0.233739 1.063267
 129.980006 -0.071778 1.248573
 130.180006 -0.104999 1.329583
 130.380006 0.256100 1.235029
 130.580006 0.132418 1.118955
 130.780006 0.096578 1.343366
 130.980006 0.338946 0.992639
 131.180006 0.215931 1.284068
 131.380006 -0.106084 1.176982
 131.580006 -0.019863 1.304343
 131.780006 0.157665 1.192254
 131.980006 0.080190 1.200315
 132.180006 0.004709 1.204103
 132.380006 0.144522 1.325741
 132.580006 0.461606 0.989166
 132.780006 -0.059804 1.428329
 132.980006 0.048662 1.083793
 133.180006 0.341176 1.213871
 133.380006 -0.011325 1.196342
 133.580006 -0.336462 1.429551
 133.780006 0.017253 1.226310
 133.980006 0.210355 1.197116
 134.180006 0.208883 1.016927
 134.380006 0.006766 1.418264
 134.580006 0.433865 0.999430
 134.780006 0.106907 1.449342
 134.980006 -0.264028 1.117781
 135.180006 0.191634 1.253855
 135.380006 0.350366 1.002650
 135.580006 -0.085142 1.464100
 135.780006 -0.170662 1.061669
 135.980006 0.335299 1.474933
 136.180006 0.200728 0.837632
 136.380006 -0.186483 1.483377
 136.580006 0.110773 1.103157
 136.780006 0.398500 1.362713
 136.980007 -0.233772 1.221868
 137.180007 -0.097269 1.392029
 137.380007 0.306894 1.084664
 137.580007 0.294612 1.173386
 137.780007 -0.068627 1.241778
 137.980007 0.022803 1.136475
 138.180007 0.312375 1.250251
 138.380007 0.002013 1.208272
 138.580007 0.019108 1.298128
 138.780007 0.024593 1.220072
 138.980007 -0.033953 1.304589
 139.180007 -0.027235 1.189820
 139.380007 0.074388 1.309894
 139.580007 0.419628 0.985963
 139.780007 0.208876 1.142007
 139.980007 0.035572 1.373445
 140.180007 0.104653 1.162884
 140.380007 0.227333 1.208778
 140.580007 -0.427150 1.185835
 140.780007 -0.196660 1.309031
 140.980007 0.423088 1.130918
 141.180007 0.408691 1.285903
 141.380007 -0.241669 1.072130
 141.580007 -0.201231 1.300784
 141.780007 0.507990 1.021187
 141.980007 -0.016192 1.230897
 142.180007 -0.250469 1.396031
 142.380007 0.384003 1.099621
 142.580007 0.447641 0.949181
 142.780007 0.063503 1.320982
 142.980007 0.135100 1.077036
 143.180007 0.142711 1.337353
 143.380007 -0.160979 1.065368
 143.580007 -0.087796 1.367183
 143.780007 0.142476 1.122728
 143.980007 0.355795 1.300609
 144.180007 0.128525 0.973869
 144.380007 0.014692 1.263927
 144.580007 0.243887 1.146150
 144.780007 0.139871 1.023070
 144.980007 -0.610592 1.541100
 145.180007 -0.218041 1.107519
 145.380007 0.606296 1.362600
 145.580007 0.213078 1.023974
 145.780007 0.034362 1.464131
 145.980007 -0.067880 1.054208
 146.180007 0.232311 1.188940
 146.380007 0.140406 1.195572
 146.580007 -0.262749 1.450822
 146.780007 -0.008344 1.212168
 146.980007 0.335931 1.105916
 147.180007 0.036610 1.183744
 147.380007 0.015919 1.202208
 147.580007 0.368503 1.229384
 147.780007 0.156003 1.217508
 147.980007 0.053491 1.365055
 148.180007 0.081767 1.113904
 148.380007 0.459837 1.364913
 148.580007 -0.044451 1.092454
 148.780007 -0.345842 1.489445
 148.980007 0.282360 1.156276
 149.180007 0.226905 1.333130
 149.380007 -0.203166 0.988259
 149.580007 -0.010516 1.406609
 149.780007 0.666853 0.967594
 149.980007 0.007635 1.296712
 150.180007 -0.489089 1.255497
 150.380007 0.139121 1.156237
 150.580007 0.489337 1.279159
 150.780007 -0.100688 1.123160
 150.980007 0.042635 1.207419
 151.180007 0.541650 1.269660
 151.380007 0.330851 1.060241
 151.580007 -0.230512 1.299099
 151.780007 0.015969 1.230884
 151.980007 0.415865 1.086324
 152.180007 -0.263321 1.408492
 152.380007 -0.222867 1.206034
 152.580007 0.427303 1.216371
 152.780007 0.218353 1.094750
 152.980007 0.101338 1.359905
 153.180007 -0.057691 0.936582
 153.380007 0.229769 1.512649
 153.580007 -0.027245 1.154339
 153.780007 -0.077767 1.408319
 153.980007 0.233887 1.066780
 154.180007 0.254053 1.207468
 154.380007 0.045340 1.272104
 154.580007 0.127519 1.135906
 154.780007 0.347138 1.376412
 154.980007 0.109021 1.106709
 155.180007 -0.200440 1.508248
 155.380007 0.025628 1.034865
 155.580007 0.165467 1.372786
 155.780007 0.047717 1.193041
 155.980007 0.042823 1.315095
 156.180007 0.342874 1.024115
 156.380007 0.281831 1.419318
 156.580007 -0.101782 1.111253
 156.780007 0.249976 1.261598
 156.980007 0.126257 1.082218
 157.180007 -0.100199 1.390808
 157.380007 -0.034172 1.118273
 157.580007 0.168047 1.283893
 157.780007 0.132144 1.138962
 157.980008 0.211263 1.286412
 158.180008 0.118219 1.026639
 158.380008 0.289334 1.292401
 158.580008 0.063401 1.264736
 158.780008 -0.203282 1.190378
 158.980008 -0.066593 1.354283
 159.180008 0.724642 0.948546
 159.380008 0.525611 1.200585
 159.580008 -0.098240 1.205693
 159.780008 0.102455 1.261423
 159.980008 0.133471 1.049641
 160.180008 -0.205219 1.481684
 160.380008 -0.017698 1.077835
 160.580008 0.465403 1.398630
 160.780008 0.022876 1.057714
 160.980008 0.134732 1.448550
 161.180008 -0.048592 0.940803
 161.380008 -0.127940 1.507710
 161.580008 0.116206 0.941255
 161.780008 0.111999 1.493035
 161.980008 -0.071796 1.094525
 162.180008 0.346497 1.401387
 162.380008 0.106519 0.979653
 162.580008 0.237174 1.413338
 162.780008 0.051843 0.993713
 162.980008 0.002945 1.509615
 163.180008 -0.091910 1.107605
 163.380008 0.104825 1.469337
 163.580008 0.089790 1.099102
 163.780008 0.282596 1.318325
 163.980008 0.220602 1.054525
 164.180008 0.236811 1.268141
 164.380008 -0.043365 1.231277
 164.580008 0.076343 1.153223
 164.780008 0.061439 1.323612
 164.980008 0.027251 1.152519
 165.180008 0.277174 1.214779
 165.380008 0.353757 1.135835
 165.580008 0.361997 1.117896
 165.780008 0.136579 1.243359
 165.980008 0.070902 1.198901
 166.180008 -0.036181 1.180631
 166.380008 0.041701 1.241202
 166.580008 -0.013333 1.185702
 166.780008 0.024767 1.296325
 166.980008 0.313772 1.183079
 167.180008 0.336754 1.246919
 167.380008 0.233626 1.094704
 167.580008 -0.102575 1.315554
 167.780008 -0.021483 1.064895
 167.980008 0.144994 1.319284
 168.180008 -0.228488 1.245185
 168.380008 -0.088750 1.407160
 168.580008 0.279282 0.941811
 168.780008 0.231839 1.349862
 168.980008 0.069370 1.131441
 169.180008 0.121971 1.316206
 169.380008 0.213664 1.141622
 169.580008 -0.020025 1.341379
 169.780008 -0.203291 1.304190
 169.980008 0.201703 1.187986
 170.180008 0.265121 1.077590
 170.380008 0.418888 1.099588
 170.580008 0.072629 1.291501
 170.780008 0.206386 1.282502
 170.980008 0.148592 1.188245
 171.180008 -0.202656 1.243769
 171.380008 -0.110598 1.292838
 171.580008 0.205554 1.192371
 171.780008 0.360877 1.101574
 171.980008 -0.146092 1.415892
 172.180008 0.263289 1.146129
 172.380008 0.376909 1.021767
 172.580008 0.144987 1.197507
 172.780008 -0.109105 1.401097
 172.980008 0.098247 1.257598
 173.180008 -0.031592 1.077233
 173.380008 0.302723 1.179789
 173.580008 0.213189 1.191031
 173.780008 0.205994 1.319017
 173.980008 -0.073294 1.027954
 174.180008 0.332424 1.358037
 174.380008 0.228619 1.243729
 174.580008 -0.089155 1.198913
 174.780008 -0.137735 1.216762
 174.980008 0.520726 1.324368
 175.180008 0.517669 1.040649
 175.380008 -0.034856 1.359744
 175.580008 0.050050 0.942407
 175.780008 0.396831 1.319343
 175.980008 -0.071912 1.312336
 176.180008 -0.436160 1.439535
 176.380008 0.574372 0.859264
 176.580008 0.041103 1.456313
 176.780008 -0.246097 1.053369
 176.980008 -0.096201 1.389737
 177.180008 0.468642 0.983314
 177.380008 -0.050883 1.386176
 177.580008 -0.765716 1.116011
 177.780008 0.243649 1.523318
 177.980008 0.565623 0.679220
 178.180008 0.112562 1.441422
 178.380008 -0.084375 1.019402
 178.580008 0.537725 1.370981
 178.780008 0.143006 1.139545
 178.980009 -0.288633 1.454687
 179.180009 0.235305 0.986623
 179.380009 0.168841 1.379743
 179.580009 -0.080206 1.156144
 179.780009 0.123847 1.279492
 179.980009 0.369175 1.023700
 180.180009 -0.134585 1.389517
 180.380009 -0.140995 0.990762
 180.580009 0.106826 1.281109
 180.780009 0.192605 1.091697
 180.980009 0.007693 1.373733
 181.180009 -0.280299 1.290917
 181.380009 0.427686 1.087845
 181.580009 0.346762 1.171916
 181.780009 -0.199435 1.301446
 181.980009 -0.070637 1.265348
 182.180009 0.327477 1.011469
 182.380009 0.099203 1.383971
 182.580009 -0.251998 1.138961
 182.780009 0.119700 1.418939
 182.980009 0.135395 0.834947
 183.180009 0.000018 1.648733
 183.380009 -0.064675 0.927076
 183.580009 0.275820 1.355016
 183.780009 0.076569 1.090880
 183.980009 0.118238 1.472320
 184.180009 -0.169778 0.920270
 184.380009 0.257324 1.556660
 184.580009 0.127506 1.092190
 184.780009 0.239941 1.399981
 184.980009 -0.030349 0.981784
 185.180009 0.090552 1.270318
 185.380009 -0.104631 1.355851
 185.580009 0.206255 1.067958
 185.780009 -0.077644 1.138749
 185.980009 0.104383 1.231241
 186.180009 0.230219 1.117157
 186.380009 0.239892 1.250784
 186.580009 0.013654 1.247864
 186.780009 0.282777 1.104587
 186.980009 -0.185375 1.441320
 187.180009 -0.117848 1.134393
 187.380009 0.081298 1.385798
 187.580009 0.102530 1.191024
 187.780009 0.210322 1.280196
 187.980009 0.144635 1.031906
 188.180009 0.147980 1.428699
 188.380009 0.001718 1.061965
 188.580009 0.161748 1.342533
 188.780009 0.133434 1.055490
 188.980009 0.076347 1.516550
 189.180009 0.275071 0.955826
 189.380009 0.167213 1.546901
 189.580009 0.168130 1.071579
 189.780009 0.150594 1.374775
 189.980009 0.078063 0.999891
 190.180009 0.058413 1.428104
 190.380009 0.050066 1.206480
 190.580009 0.154792 1.218275
 190.780009 0.109859 1.296270
 190.980009 0.235228 1.169008
 191.180009 0.185757 1.250896
 191.380009 0.302899 1.032899
 191.580009 0.076499 1.409859
 191.780009 -0.053514 1.111703
 191.980009 0.233779 1.432298
 192.180009 -0.137948 1.060370
 192.380009 -0.155495 1.484556
 192.580009 0.072625 1.020729
 192.780009 0.473402 1.219326
 192.980009 -0.020537 1.295437
 193.180009 0.342444 1.248657
 193.380009 0.191652 1.098433
 193.580009 -0.007206 1.203594
 193.780009 0.028767 1.351004
 193.980009 0.050141 1.126791
 194.180009 0.016026 1.347887
 194.380009 0.191955 0.995100
 194.580009 0.160245 1.457816
 194.780009 0.316369 0.991722
 194.980009 0.208020 1.286954
 195.180009 -0.073282 1.207740
 195.380009 0.219665 1.251577
 195.580009 0.022362 1.201296
 195.780009 0.053182 1.358318
 195.980009 0.032729 1.246316
 196.180009 0.312965 1.146430
 196.380009 0.165815 1.326076
 196.580009 0.239175 1.163762
 196.780009 0.100434 1.293792
 196.980009 0.184137 1.006191
 197.180009 -0.041174 1.461637
 197.380009 -0.063757 1.129227
 197.580009 0.374163 1.239288
 197.780009 -0.143089 1.227978
 197.980009 0.121363 1.272421
 198.180009 0.039116 1.194538
 198.380009 0.064797 1.290187
 198.580009 0.060272 1.263030
 198.780009 -0.083543 1.300293
 198.980009 0.213790 1.100952
 199.180009 0.158172 1.123773
 199.380009 -0.109528 1.348528
 199.580009 0.075617 1.241523
 199.780009 0.173531 1.114685
 199.980009 0.033531 1.320105
