#! FIELDS time phi psi
#! SET max_psi pi
 0.180000 -1.366911 -1.277632
 0.380000 -1.301186 -1.342520
 0.580000 -0.545273 -1.017636
 0.780000 -1.114422 -1.173230
 0.980000 -0.980241 -1.359420
 1.180000 -1.062195 -0.814076
 1.380000 -1.621450 -1.369487
 1.580000 -1.475742 -0.894748
 1.780000 -1.072953 -1.265159
 1.980000 -1.273957 -1.288583
 2.180000 -1.157957 -0.930101
 2.380000 -1.067448 -0.915346
 2.580000 -1.224854 -1.094400
 2.780000 -0.835441 -1.443400
 2.980000 -1.169003 -0.876706
 3.180000 -1.366126 -1.331370
 3.380000 -1.003757 -1.041647
 3.580000 -0.915614 -1.275725
 3.780000 -1.417363 -1.015528
 3.980000 -0.828082 -1.015522
 4.180000 -1.280566 -1.254001
 4.380000 -1.067743 -1.311743
 4.580000 -0.900039 -0.954063
 4.780000 -1.392876 -1.186500
 4.980000 -1.242504 -1.148741
 5.180000 -0.990568 -0.978898
 5.380000 -1.374569 -1.565019
 5.580000 -1.156002 -0.787037
 5.780000 -0.981746 -1.232788
 5.980000 -1.246483 -1.124400
 6.180000 -1.120271 -1.162264
 6.380000 -1.045747 -0.740617
 6.580000 -1.365489 -1.549146
 6.780000 -1.219913 -0.903347
 6.980000 -1.224176 -0.957285
 7.180000 -1.233822 -1.301753
 7.380000 -0.881266 -1.245476
 7.580000 -1.225293 -1.010099
 7.780000 -1.477418 -1.182168
 7.980000 -0.846332 -1.079214
 8.180000 -1.154919 -1.047920
 8.380000 -1.062204 -1.542533
 8.580000 -0.893722 -0.733419
 8.780000 -1.269321 -1.475917
 8.980000 -1.119420 -1.032921
 9.180000 -0.750859 -1.229398
 9.380000 -1.308009 -0.954967
 9.580000 -1.189120 -1.234518
 9.780000 -0.887514 -1.064284
 9.980000 -1.342835 -1.377079
 10.180000 -1.303820 -0.923899
 10.380000 -1.035993 -1.067686
 10.580001 -1.203824 -1.323977
 10.780001 -1.019872 -1.056527
 10.980001 -1.156211 -1.063140
 11.180001 -1.360724 -1.167603
 11.380001 -1.043707 -1.225630
 11.580001 -1.161476 -0.991934
 11.780001 -1.318115 -1.369249
 11.980001 -1.021023 -0.808207
 12.180001 -0.983366 -1.235893
 12.380001 -1.162436 -1.327211
 12.580001 -1.205333 -0.947760
 12.780001 -1.259933 -0.884966
 12.980001 -1.267105 -1.245195
 13.180001 -0.808478 -1.125124
 13.380001 -1.031529 -1.205388
 13.580001 -1.361507 -1.125146
 13.780001 -1.139552 -0.813682
 13.980001 -1.158039 -1.364354
 14.180001 -1.166659 -1.333019
 14.380001 -1.017450 -0.856632
 14.580001 -1.273882 -1.014622
 14.780001 -1.140913 -1.194522
 14.980001 -0.952102 -1.032773
 15.180001 -1.368444 -1.100023
 15.380001 -1.355019 -1.268928
 15.580001 -1.010707 -1.113049
 15.780001 -1.103194 -1.169818
 15.980001 -1.152302 -1.111220
 16.180001 -1.067678 -1.031793
 16.380001 -1.157623 -1.302692
 16.580001 -1.320114 -1.100316
 16.780001 -1.223480 -0.979251
 16.980001 -1.131196 -1.232229
 17.180001 -1.087055 -1.142639
 17.380001 -1.081143 -0.993047
 17.580001 -1.273888 -1.050799
 17.780001 -0.994872 -1.150370
 17.980001 -1.102332 -1.213241
 18.180001 -1.378961 -1.136856
 18.380001 -1.077443 -1.051627
 18.580001 -1.226803 -1.182978
 18.780001 -0.923841 -1.228283
 18.980001 -1.088387 -0.991672
 19.180001 -1.349396 -1.052798
 19.380001 -1.059054 -1.093850
 19.580001 -1.179958 -1.201818
 19.780001 -1.315012 -1.274263
 19.980001 -1.302431 -0.851681
 20.180001 -1.261380 -1.112464
 20.380001 -1.212559 -1.140538
 20.580001 -1.119682 -1.133018
 20.780001 -1.347033 -1.048891
 20.980001 -1.376186 -1.232478
 21.180001 -1.096288 -0.906722
 21.380001 -1.173309 -1.178335
 21.580001 -1.109507 -1.101241
 21.780001 -1.154698 -1.012708
 21.980001 -1.433475 -1.064333
 22.180001 -1.109017 -1.352545
 22.380001 -1.193197 -1.082248
 22.580001 -1.329296 -1.165488
 22.780001 -1.182794 -1.023214
 22.980001 -1.051651 -0.986495
 23.180001 -1.082288 -1.329247
 23.380001 -1.009073 -1.016822
 23.580001 -1.142887 -1.030738
 23.780001 -1.335917 -1.219721
 23.980001 -1.001382 -1.107247
 24.180001 -1.082759 -1.085680
 24.380001 -1.312290 -1.269155
 24.580001 -1.048478 -0.944420
 24.780001 -1.126618 -1.264663
 24.980001 -1.239513 -1.209602
 25.180001 -1.038051 -1.026463
 25.380001 -1.401453 -1.180132
 25.580001 -1.296625 -1.116494
 25.780001 -1.103403 -0.931571
 25.980001 -1.207773 -1.188038
 26.180001 -1.161890 -1.045811
 26.380001 -1.245898 -0.981247
 26.580001 -1.499787 -1.382719
 26.780001 -1.145048 -0.972109
 26.980001 -1.254577 -1.214075
 27.180001 -1.409049 -1.049442
 27.380001 -0.775178 -1.001294
 27.580001 -1.213617 -1.144890
 27.780001 -1.076457 -1.288666
 27.980001 -0.784919 -1.014944
 28.180001 -1.126604 -1.211273
 28.380001 -0.847812 -0.968808
 28.580001 -0.865741 -1.301563
 28.780001 -1.071067 -1.281182
 28.980001 -1.087788 -0.956817
 29.180001 -1.149266 -1.038866
 29.380001 -1.091769 -1.149275
 29.580001 -1.114121 -1.170540
 29.780001 -1.223103 -1.045459
 29.980001 -1.222870 -1.022404
 30.180001 -1.139173 -1.146432
 30.380001 -1.151921 -1.256877
 30.580001 -1.083312 -1.036019
 30.780001 -1.282781 -1.053725
 30.980001 -1.332353 -0.954026
 31.180001 -1.125574 -1.169581
 31.380001 -1.023573 -1.210376
 31.580001 -1.287587 -1.099082
 31.780002 -1.350775 -0.890111
 31.980002 -1.274432 -0.989542
 32.180002 -0.951515 -1.334201
 32.380002 -1.233444 -0.919518
 32.580002 -1.446836 -0.908780
 32.780002 -0.975864 -1.253472
 32.980002 -0.966318 -1.099342
 33.180002 -1.195496 -1.150951
 33.380002 -1.216313 -0.973004
 33.580002 -1.056822 -1.046480
 33.780002 -1.024125 -1.332415
 33.980002 -1.080818 -1.035293
 34.180002 -1.096450 -1.008350
 34.380002 -0.929891 -1.215847
 34.580002 -0.888606 -1.032635
 34.780002 -0.873702 -1.208550
 34.980002 -1.060646 -1.076175
 35.180002 -1.060670 -1.082278
 35.380002 -0.678475 -1.214922
 35.580002 -0.971817 -1.092470
 35.780002 -0.732714 -1.170363
 35.980002 -0.973484 -1.068746
 36.180002 -1.020297 -1.102735
 36.380002 -0.819689 -1.043304
 36.580002 -0.952264 -1.323639
 36.780002 -0.966657 -1.086360
 36.980002 -1.132326 -1.069960
 37.180002 -1.158228 -1.187968
 37.380002 -1.070890 -1.079528
 37.580002 -1.256961 -0.887881
 37.780002 -1.133294 -1.287624
 37.980002 -1.044538 -1.229383
 38.180002 -1.118456 -1.030386
 38.380002 -1.333864 -1.089520
 38.580002 -1.177228 -0.983879
 38.780002 -0.985881 -1.163429
 38.980002 -1.352203 -1.164305
 39.180002 -0.946381 -1.007023
 39.380002 -1.387039 -0.987317
 39.580002 -0.936863 -1.366025
 39.780002 -1.281069 -0.935735
 39.980002 -1.302495 -1.113035
 40.180002 -1.049679 -0.996350
 40.380002 -0.859115 -1.274031
 40.580002 -1.381252 -1.178060
 40.780002 -1.575290 -1.039918
 40.980002 -1.089189 -0.891628
 41.180002 -1.178265 -1.275129
 41.380002 -1.188091 -1.127210
 41.580002 -1.329664 -0.769131
 41.780002 -1.279936 -1.173289
 41.980002 -1.149219 -1.150631
 42.180002 -1.290980 -1.087261
 42.380002 -1.612637 -1.045512
 42.580002 -1.099898 -0.993734
 42.780002 -1.193348 -1.153982
 42.980002 -1.160091 -1.257732
 43.180002 -1.004250 -0.904291
 43.380002 -1.341477 -1.269918
 43.580002 -0.976530 -1.253208
 43.780002 -1.089411 -1.013270
 43.980002 -1.210440 -1.317971
 44.180002 -1.111223 -0.994355
 44.380002 -0.940194 -1.038281
 44.580002 -1.304924 -1.294713
 44.780002 -0.813807 -0.984391
 44.980002 -1.150384 -1.267438
 45.180002 -1.147341 -1.400564
 45.380002 -0.949222 -0.840615
 45.580002 -1.211577 -1.050734
 45.780002 -1.114475 -1.071351
 45.980002 -0.869308 -1.184907
 46.180002 -1.263571 -1.102243
 46.380002 -1.192687 -1.018856
 46.580002 -0.953108 -1.180032
 46.780002 -1.217504 -1.355397
 46.980002 -1.194665 -0.908250
 47.180002 -1.204417 -1.012743
 47.380002 -1.225408 -1.071350
 47.580002 -0.965738 -1.158651
 47.780002 -1.194642 -1.120962
 47.980002 -1.249884 -1.122942
 48.180002 -1.156302 -0.980915
 48.380002 -1.307483 -1.196198
 48.580002 -1.091061 -1.178224
 48.780002 -1.103566 -0.988738
 48.980002 -1.240691 -1.103400
 49.180002 -1.173804 -1.237211
 49.380002 -1.134801 -1.019006
 49.580002 -1.414995 -1.227658
 49.780002 -1.271542 -1.017838
 49.980002 -1.073271 -1.117706
 50.180002 -1.186151 -1.205567
 50.380002 -0.956984 -0.900926
 50.580002 -1.180868 -1.203900
 50.780002 -1.048851 -1.275229
 50.980002 -1.005482 -1.092290
 51.180002 -1.231076 -1.049148
 51.380002 -1.038986 -1.089923
 51.580002 -0.801211 -1.173114
 51.780002 -1.076041 -1.153224
 51.980002 -1.172362 -0.919140
 52.180002 -1.085786 -1.074250
 52.380002 -1.002877 -1.382746
 52.580002 -1.055856 -1.065706
 52.780003 -0.779690 -1.126126
 52.980003 -1.234268 -1.223358
 53.180003 -0.999430 -0.984107
 53.380003 -1.176414 -1.079150
 53.580003 -1.262496 -1.209229
 53.780003 -1.208248 -0.947583
 53.980003 -1.293944 -1.203460
 54.180003 -1.267974 -1.201329
 54.380003 -1.071970 -1.056553
 54.580003 -1.267269 -1.132284
 54.780003 -1.239037 -1.043295
 54.980003 -0.994212 -1.091009
 55.180003 -1.279524 -1.222217
 55.380003 -1.131377 -1.119096
 55.580003 -0.938161 -1.098046
 55.780003 -1.188182 -1.204033
 55.980003 -1.083482 -1.173477
 56.180003 -1.084485 -1.005208
 56.380003 -1.257233 -1.226683
 56.580003 -1.153553 -1.070773
 56.780003 -1.086547 -0.956215
 56.980003 -1.192033 -1.309748
 57.180003 -1.009106 -1.113581
 57.380003 -1.046060 -0.998219
 57.580003 -1.237769 -1.212018
 57.780003 -1.115859 -1.092295
 57.980003 -1.079488 -0.949783
 58.180003 -1.232247 -1.414920
 58.380003 -1.060562 -1.066331
 58.580003 -1.081113 -1.034315
 58.780003 -1.214406 -1.175235
 58.980003 -0.903602 -1.180656
 59.180003 -1.206423 -0.985345
 59.380003 -1.172182 -1.277810
 59.580003 -1.113680 -0.979841
 59.780003 -1.163149 -1.060114
 59.980003 -1.214634 -1.181089
 60.180003 -0.775218 -1.060044
 60.380003 -1.219846 -1.205600
 60.580003 -1.124751 -1.328338
 60.780003 -1.026922 -0.967733
 60.980003 -1.286891 -1.134276
 61.180003 -1.024256 -1.134631
 61.380003 -1.091418 -1.079036
 61.580003 -1.275156 -1.147506
 61.780003 -1.141921 -1.060149
 61.980003 -1.157129 -1.108052
 62.180003 -1.233848 -1.191748
 62.380003 -1.099975 -1.184896
 62.580003 -1.334232 -0.989390
 62.780003 -1.057173 -1.239746
 62.980003 -1.042806 -1.081741
 63.180003 -1.124689 -1.024923
 63.380003 -1.006027 -1.096668
 63.580003 -0.991430 -1.129162
 63.780003 -1.001825 -1.166088
 63.980003 -1.053095 -1.053491
 64.180003 -0.984301 -1.152788
 64.380003 -0.889521 -1.172925
 64.580003 -1.106256 -1.051821
 64.780003 -1.138118 -0.994788
 64.980003 -1.259021 -1.150922
 65.180003 -1.299087 -0.941938
 65.380003 -1.133665 -1.262178
 65.580003 -1.283978 -1.043750
 65.780003 -1.060107 -1.192064
 65.980003 -1.262582 -1.014666
 66.180003 -1.169512 -1.114322
 66.380003 -1.105939 -1.094095
 66.580003 -1.271313 -1.240301
 66.780003 -1.147870 -1.015999
 66.980003 -1.171183 -1.159242
 67.180003 -1.140879 -1.146247
 67.380003 -1.082366 -1.173498
 67.580003 -1.274973 -0.960812
 67.780003 -1.204876 -1.167158
 67.980003 -1.073961 -1.204662
 68.180003 -1.131149 -1.071546
 68.380003 -1.132925 -1.157408
 68.580003 -0.838953 -1.116409
 68.780003 -0.981407 -1.276582
 68.980003 -1.110191 -0.949635
 69.180003 -0.830165 -1.254650
 69.380003 -1.157633 -1.121285
 69.580003 -0.960972 -1.074795
 69.780003 -1.131038 -1.134093
 69.980003 -1.088424 -1.119381
 70.180003 -0.997903 -1.111584
 70.380003 -1.313323 -1.195767
 70.580003 -1.154304 -1.065555
 70.780003 -1.179695 -1.065354
 70.980003 -1.170048 -1.193276
 71.180003 -1.116706 -1.112722
 71.380003 -1.189900 -1.089458
 71.580003 -1.334017 -1.055478
 71.780003 -1.257393 -1.133454
 71.980003 -1.060615 -1.173848
 72.180003 -1.245859 -1.063331
 72.380003 -1.110776 -1.072879
 72.580003 -1.005150 -1.112178
 72.780003 -1.074785 -1.175093
 72.980003 -1.160586 -1.080813
 73.180003 -1.014235 -1.107200
 73.380003 -0.916293 -1.249042
 73.580003 -1.114900 -1.082654
 73.780004 -1.038323 -1.119020
 73.980004 -1.098903 -1.121322
 74.180004 -1.100520 -1.083283
 74.380004 -1.151160 -1.140405
 74.580004 -1.155871 -1.106550
 74.780004 -1.248133 -1.113647
 74.980004 -1.273158 -1.017562
 75.180004 -1.025095 -1.219997
 75.380004 -1.185599 -1.182670
 75.580004 -1.047231 -0.988645
 75.780004 -1.162281 -1.217809
 75.980004 -1.049020 -1.139879
 76.180004 -1.110876 -1.092603
 76.380004 -1.360800 -1.176775
 76.580004 -1.058045 -1.052864
 76.780004 -1.168940 -1.176419
 76.980004 -1.201041 -1.180828
 77.180004 -1.164746 -0.937654
 77.380004 -1.300205 -1.181479
 77.580004 -1.178661 -1.103874
 77.780004 -1.104546 -1.021277
 77.980004 -1.095889 -1.261208
 78.180004 -0.912279 -1.091593
 78.380004 -1.111542 -1.042399
 78.580004 -1.259414 -1.226174
 78.780004 -1.244125 -0.879153
 78.980004 -0.989142 -1.150992
 79.180004 -1.207117 -1.203348
 79.380004 -0.930812 -1.231343
 79.580004 -1.207697 -1.105397
 79.780004 -1.261752 -1.169583
 79.980004 -1.207837 -0.906227
 80.180004 -1.020861 -1.228498
 80.380004 -1.138569 -1.133664
 80.580004 -0.896489 -0.957871
 80.780004 -1.221623 -1.132047
 80.980004 -1.021312 -1.335016
 81.180004 -0.980241 -1.074685
 81.380004 -1.300036 -1.024702
 81.580004 -1.285744 -1.052571
 81.780004 -1.023855 -1.099239
 81.980004 -1.053848 -1.151181
 82.180004 -1.376510 -1.022878
 82.380004 -1.087948 -1.092914
 82.580004 -1.153116 -1.079282
 82.780004 -1.232760 -1.258649
 82.980004 -1.032277 -1.028210
 83.180004 -1.117765 -1.135599
 83.380004 -1.002576 -1.167722
 83.580004 -1.298296 -1.166794
 83.780004 -1.501276 -1.015941
 83.980004 -1.110318 -1.095576
 84.180004 -1.282604 -1.199600
 84.380004 -1.136404 -1.071337
 84.580004 -1.050219 -0.948900
 84.780004 -1.146575 -1.205938
 84.980004 -1.172136 -1.165922
 85.180004 -1.044728 -1.040438
 85.380004 -1.331744 -1.259744
 85.580004 -1.207685 -1.107299
 85.780004 -0.921259 -1.137561
 85.980004 -1.248032 -1.158720
 86.180004 -0.968240 -1.159437
 86.380004 -1.132361 -0.972929
 86.580004 -1.152737 -1.321253
 86.780004 -1.052867 -1.027807
 86.980004 -1.276242 -1.062969
 87.180004 -1.236682 -1.409244
 87.380004 -0.962900 -1.069367
 87.580004 -1.102252 -1.032809
 87.780004 -1.225688 -1.057553
 87.980004 -0.987183 -1.073075
 88.180004 -1.249587 -1.251426
 88.380004 -1.222205 -1.196166
 88.580004 -0.913219 -0.865265
 88.780004 -1.168936 -1.379107
 88.980004 -0.913560 -1.045830
 89.180004 -0.991047 -0.891356
 89.380004 -1.292977 -1.386761
 89.580004 -0.919298 -1.174278
 89.780004 -1.020592 -1.166544
 89.980004 -1.552073 -1.292517
 90.180004 -1.149207 -0.869067
 90.380004 -1.214954 -1.171232
 90.580004 -1.384624 -1.480645
 90.780004 -0.780042 -0.822532
 90.980004 -1.222028 -1.392589
 91.180004 -1.052448 -1.232578
 91.380004 -0.759463 -1.126595
 91.580004 -1.476133 -1.296199
 91.780004 -1.251678 -0.930481
 91.980004 -0.978555 -1.050266
 92.180004 -0.947739 -1.477359
 92.380004 -1.081565 -1.010156
 92.580004 -1.153934 -0.884613
 92.780004 -1.326136 -1.206819
 92.980004 -1.111467 -1.217475
 93.180004 -1.150513 -1.098399
 93.380004 -1.547342 -1.076203
 93.580004 -0.985288 -0.949024
 93.780004 -1.024110 -1.300810
 93.980004 -1.152423 -1.379114
 94.180004 -1.078531 -0.798368
 94.380004 -1.310413 -1.130383
 94.580004 -1.162719 -1.142647
 94.780005 -1.068021 -0.945129
 94.980005 -1.446125 -1.170819
 95.180005 -1.215731 -1.023350
 95.380005 -0.979407 -1.166550
 95.580005 -1.151397 -1.369620
 95.780005 -1.227350 -0.879127
 95.980005 -1.253267 -0.963162
 96.180005 -1.228554 -1.179395
 96.380005 -1.028332 -1.239584
 96.580005 -1.278422 -0.954521
 96.780005 -1.123454 -1.164822
 96.980005 -1.208570 -1.119782
 97.180005 -1.061369 -1.190413
 97.380005 -1.334329 -1.011969
 97.580005 -1.077221 -1.042403
 97.780005 -1.142642 -1.164526
 97.980005 -1.208976 -1.250363
 98.180005 -0.948381 -1.063793
 98.380005 -1.347830 -1.107351
 98.580005 -1.309230 -0.979892
 98.780005 -0.972285 -1.095943
 98.980005 -1.110097 -1.261421
 99.180005 -1.344699 -1.088162
 99.380005 -1.166758 -0.899144
 99.580005 -1.299836 -1.189190
 99.780005 -1.152723 -1.367174
 99.980005 -1.074283 -0.863098
 100.180005 -1.257067 -1.291771
 100.380005 -1.098519 -1.079352
 100.580005 -0.974480 -1.036838
 100.780005 -1.228559 -1.295611
 100.980005 -1.109190 -1.172692
 101.180005 -1.075710 -0.916681
 101.380005 -1.265179 -1.359857
 101.580005 -1.113398 -0.961557
 101.780005 -1.140342 -0.947198
 101.980005 -1.408906 -1.262772
 102.180005 -0.946528 -1.116552
 102.380005 -1.188693 -1.308336
 102.580005 -1.386523 -1.112717
 102.780005 -1.040765 -0.923468
 102.980005 -1.134883 -1.172736
 103.180005 -1.118567 -1.196210
 103.380005 -0.926276 -1.015016
 103.580005 -1.257478 -1.249876
 103.780005 -1.162495 -1.250045
 103.980005 -0.856385 -1.125204
 104.180005 -1.231969 -1.029352
 104.380005 -1.078685 -1.063390
 104.580005 -1.052405 -1.159489
 104.780005 -1.222241 -0.970978
 104.980005 -1.087920 -1.204136
 105.180005 -1.239484 -1.145982
 105.380005 -1.074879 -1.248473
 105.580005 -1.020103 -1.081425
 105.780005 -1.013275 -1.121689
 105.980005 -1.203088 -0.813835
 106.180005 -0.838437 -1.364479
 106.380005 -1.122271 -1.206746
 106.580005 -1.312155 -1.044571
 106.780005 -1.040437 -1.025877
 106.980005 -1.175206 -1.256526
 107.180005 -1.108406 -1.167098
 107.380005 -1.337599 -0.703860
 107.580005 -1.199899 -1.228830
 107.780005 -1.089715 -1.213086
 107.980005 -1.252016 -1.085697
 108.180005 -1.488565 -0.921771
 108.380005 -1.256452 -1.034792
 108.580005 -0.929141 -1.196411
 108.780005 -1.193835 -1.207255
 108.980005 -1.189568 -0.789291
 109.180005 -1.398215 -1.154644
 109.380005 -1.078010 -1.372723
 109.580005 -1.015602 -1.140170
 109.780005 -1.343839 -0.919246
 109.980005 -1.206958 -1.036425
 110.180005 -1.119333 -1.285256
 110.380005 -1.100445 -1.180834
 110.580005 -1.238218 -1.029331
 110.780005 -1.192382 -1.085791
 110.980005 -1.068093 -1.140850
 111.180005 -0.978106 -0.967402
 111.380005 -1.192924 -1.307327
 111.580005 -1.135055 -0.896059
 111.780005 -0.930437 -1.243053
 111.980005 -0.998746 -1.316182
 112.180005 -1.098763 -1.268074
 112.380005 -1.283124 -0.792530
 112.580005 -1.341516 -1.220953
 112.780005 -1.009766 -1.160262
 112.980005 -1.183393 -1.163403
 113.180005 -1.276131 -0.920150
 113.380005 -1.186238 -1.240477
 113.580005 -1.127866 -1.259726
 113.780005 -1.049662 -1.183037
 113.980005 -1.217607 -0.895423
 114.180005 -1.156696 -1.111313
 114.380005 -1.015256 -1.141160
 114.580005 -1.079847 -1.089291
 114.780005 -1.152476 -1.298049
 114.980005 -1.000377 -0.976149
 115.180005 -1.024327 -1.310845
 115.380005 -1.166567 -1.025602
 115.580005 -1.029162 -1.038742
 115.780005 -1.198709 -1.101702
 115.980006 -0.882314 -1.298572
 116.180006 -0.917324 -0.941535
 116.380006 -1.186766 -1.323017
 116.580006 -1.290684 -0.871289
 116.780006 -1.067082 -1.247732
 116.980006 -1.239663 -1.257586
 117.180006 -1.125349 -0.869004
 117.380006 -0.978347 -1.301890
 117.580006 -1.311707 -1.040187
 117.780006 -0.994521 -1.151220
 117.980006 -1.317133 -0.856814
 118.180006 -1.184198 -1.323878
 118.380006 -1.175646 -0.965742
 118.580006 -1.314109 -1.215111
 118.780006 -1.365576 -1.036991
 118.980006 -1.122151 -1.208176
 119.180006 -1.267877 -1.190671
 119.380006 -1.363367 -1.070335
 119.580006 -1.068675 -1.041407
 119.780006 -1.180813 -1.120120
 119.980006 -0.922897 -1.251646
 120.180006 -1.085213 -1.034503
 120.380006 -1.198006 -1.248828
 120.580006 -1.208963 -0.901499
 120.780006 -1.152083 -1.446048
 120.980006 -1.074172 -1.027214
 121.180006 -1.185038 -1.156254
 121.380006 -1.029069 -0.916172
 121.580006 -1.156675 -1.319019
 121.780006 -0.976971 -0.940128
 121.980006 -1.069638 -1.321863
 122.180006 -1.203875 -1.037063
 122.380006 -0.970355 -1.129007
 122.580006 -1.114264 -1.217793
 122.780006 -1.053301 -1.131701
 122.980006 -1.012606 -1.055631
 123.180006 -1.284158 -1.069319
 123.380006 -0.929537 -1.347506
 123.580006 -1.037211 -0.976018
 123.780006 -1.270706 -1.377229
 123.980006 -1.043081 -1.014898
 124.180006 -1.057765 -1.172928
 124.380006 -1.367652 -0.948290
 124.580006 -1.072073 -1.016843
 124.780006 -1.096942 -1.228076
 124.980006 -1.362218 -1.284869
 125.180006 -0.997052 -0.859156
 125.380006 -1.426427 -1.361539
 125.580006 -1.008944 -0.990642
 125.780006 -1.027667 -1.144193
 125.980006 -1.212705 -1.339795
 126.180006 -0.877672 -0.988172
 126.380006 -1.497191 -0.934767
 126.580006 -1.233877 -1.315617
 126.780006 -0.840403 -1.191365
 126.980006 -1.313155 -0.910276
 127.180006 -1.172963 -1.378284
 127.380006 -1.080965 -0.856960
 127.580006 -1.176885 -1.257663
 127.780006 -1.255493 -1.047957
 127.980006 -0.870287 -1.086576
 128.180006 -1.410124 -1.215220
 128.380006 -1.157487 -0.962730
 128.580006 -0.751479 -1.204547
 128.780006 -1.210283 -1.445754
 128.980006 -0.865923 -1.009347
 129.180006 -1.039210 -1.141999
 129.380006 -1.009750 -1.309325
 129.580006 -1.006952 -0.845190
 129.780006 -1.124985 -1.198478
 129.980006 -1.201075 -0.994167
 130.180006 -1.046031 -1.216457
 130.380006 -1.441882 -1.121077
 130.580006 -1.453079 -1.226994
 130.780006 -1.142940 -0.962776
 130.980006 -1.127844 -1.336500
 131.180006 -1.169247 -1.014943
 131.380006 -1.201565 -1.022885
 131.580006 -1.309020 -1.079998
 131.780006 -1.018316 -1.107856
 131.980006 -1.233772 -1.088464
 132.180006 -1.500041 -1.119088
 132.380006 -1.026869 -1.117154
 132.580006 -1.040443 -1.159860
 132.780006 -1.299003 -1.312962
 132.980006 -0.925754 -0.785218
 133.180006 -1.127418 -1.568240
 133.380006 -1.206648 -1.056964
 133.580006 -0.839234 -1.159450
 133.780006 -1.218052 -1.052755
 133.980006 -1.079498 -1.243310
 134.180006 -0.896577 -0.965734
 134.380006 -1.256053 -1.292536
 134.580006 -1.093352 -0.987747
 134.780006 -1.239667 -1.167062
 134.980006 -1.196228 -1.213010
 135.180006 -1.137066 -0.942307
 135.380006 -1.008644 -1.125675
 135.580006 -1.269097 -1.197237
 135.780006 -1.076306 -0.982522
 135.980006 -1.227780 -1.044142
 136.180006 -1.251123 -1.380168
 136.380006 -1.026830 -0.942411
 136.580006 -1.479109 -1.235278
 136.780006 -1.387565 -1.087632
 136.980007 -0.973287 -1.229951
 137.180007 -1.166797 -1.099437
 137.380007 -1.296618 -1.036312
 137.580007 -1.103373 -0.921825
 137.780007 -1.255301 -1.312984
 137.980007 -1.158829 -1.072732
 138.180007 -1.111272 -1.012028
 138.380007 -1.281435 -1.325101
 138.580007 -0.884938 -1.004753
 138.780007 -1.072097 -1.133624
 138.980007 -1.273411 -1.269287
 139.180007 -0.699871 -1.116859
 139.380007 -0.967323 -1.057758
 139.580007 -1.103262 -1.473276
 139.780007 -0.911865 -0.780395
 139.980007 -1.089392 -1.319588
 140.180007 -1.172976 -1.159306
 140.380007 -1.051364 -1.001651
 140.580007 -1.385986 -1.207090
 140.780007 -1.305160 -1.070065
 140.980007 -0.894402 -1.095579
 141.180007 -1.252666 -1.272343
 141.380007 -1.092551 -1.119028
 141.580007 -1.133114 -0.886278
 141.780007 -1.288903 -1.367393
 141.980007 -0.987497 -1.057939
 142.180007 -1.092796 -1.200719
 142.380007 -1.269072 -1.199503
 142.580007 -1.007014 -1.050329
 142.780007 -1.139145 -1.175574
 142.980007 -1.186254 -1.305243
 143.180007 -1.195065 -0.819098
 143.380007 -1.187662 -1.234594
 143.580007 -1.024269 -1.135966
 143.780007 -0.931047 -1.137236
 143.980007 -1.249808 -1.259651
 144.180007 -1.329551 -0.935130
 144.380007 -0.947180 -1.164056
 144.580007 -1.141294 -1.273611
 144.780007 -1.063360 -1.107240
 144.980007 -1.160025 -0.871310
 145.180007 -1.209918 -1.453093
 145.380007 -1.144724 -0.975476
 145.580007 -1.293625 -1.068423
 145.780007 -1.297570 -1.166083
 145.980007 -1.016570 -1.087437
 146.180007 -1.074376 -1.036928
 146.380007 -1.110524 -1.372396
 146.580007 -0.914859 -1.077414
 146.780007 -1.165350 -0.971878
 146.980007 -1.249081 -1.294885
 147.180007 -1.028233 -1.134956
 147.380007 -1.082428 -1.129425
 147.580007 -1.167523 -1.078524
 147.780007 -1.033883 -1.181123
 147.980007 -1.135656 -1.035004
 148.180007 -1.222949 -1.257173
 148.380007 -1.134448 -0.893217
 148.580007 -1.214315 -1.322280
 148.780007 -1.202881 -1.061848
 148.980007 -1.154077 -1.054459
 149.180007 -1.222379 -1.170855
 149.380007 -1.210688 -1.123191
 149.580007 -1.103150 -1.066802
 149.780007 -1.068160 -1.362530
 149.980007 -0.998444 -1.040702
 150.180007 -1.129640 -1.004232
 150.380007 -1.108460 -1.257841
 150.580007 -1.088934 -1.095708
 150.780007 -1.271712 -1.081962
 150.980007 -1.279085 -1.186491
 151.180007 -1.061496 -1.111770
 151.380007 -1.224029 -0.988944
 151.580007 -1.153761 -1.355317
 151.780007 -0.945660 -0.898363
 151.980007 -1.155586 -1.264870
 152.180007 -1.165635 -1.090037
 152.380007 -0.868353 -1.288447
 152.580007 -1.261489 -1.154079
 152.780007 -1.213185 -0.937113
 152.980007 -1.029888 -1.071048
 153.180007 -1.073538 -1.253067
 153.380007 -1.055817 -1.080340
 153.580007 -1.178863 -0.980765
 153.780007 -1.268259 -1.318624
 153.980007 -1.066384 -1.112046
 154.180007 -1.150291 -1.174488
 154.380007 -1.345356 -1.153494
 154.580007 -0.925211 -1.067952
 154.780007 -1.150581 -1.274215
 154.980007 -1.184414 -1.211831
 155.180007 -1.073602 -0.733280
 155.380007 -1.321446 -1.285750
 155.580007 -1.240165 -1.120978
 155.780007 -1.079277 -0.907510
 155.980007 -1.292694 -1.434273
 156.180007 -1.042339 -0.953848
 156.380007 -1.045234 -1.294061
 156.580007 -1.356521 -1.138933
 156.780007 -1.074524 -0.994598
 156.980007 -1.033199 -1.087712
 157.180007 -1.108473 -1.358866
 157.380007 -1.058880 -0.810005
 157.580007 -1.158467 -1.162748
 157.780007 -1.226896 -1.402439
 157.980008 -0.912141 -0.925833
 158.180008 -1.150447 -1.156829
 158.380008 -1.154008 -1.251339
 158.580008 -0.722851 -1.108275
 158.780008 -1.288671 -1.044898
 158.980008 -1.266257 -1.327302
 159.180008 -0.946640 -0.822706
 159.380008 -1.345009 -1.534225
 159.580008 -1.292470 -0.888598
 159.780008 -1.071611 -0.975209
 159.980008 -1.277398 -1.376643
 160.180008 -1.180529 -0.925878
 160.380008 -1.281149 -0.949693
 160.580008 -1.508475 -1.390539
 160.780008 -0.904954 -1.228493
 160.980008 -1.106688 -0.908017
 161.180008 -1.221155 -1.394732
 161.380008 -0.738427 -0.934744
 161.580008 -1.072953 -1.377159
 161.780008 -1.218898 -1.192016
 161.980008 -0.941678 -1.052131
 162.180008 -1.080719 -1.118639
 162.380008 -1.118473 -1.226070
 162.580008 -0.997189 -0.887311
 162.780008 -1.390043 -1.311829
 162.980008 -1.218203 -1.084386
 163.180008 -0.928150 -1.210179
 163.380008 -1.518094 -1.367082
 163.580008 -1.086422 -0.870497
 163.780008 -0.891033 -1.256266
 163.980008 -1.248618 -1.120605
 164.180008 -1.145264 -1.052236
 164.380008 -1.170952 -0.888657
 164.580008 -1.234812 -1.484748
 164.780008 -0.957281 -0.912990
 164.980008 -1.303207 -1.072248
 165.180008 -1.352168 -1.126529
 165.380008 -1.080375 -1.101858
 165.580008 -1.058699 -1.248685
 165.780008 -1.084970 -1.259586
 165.980008 -0.777418 -0.930805
 166.180008 -1.169589 -1.292366
 166.380008 -1.091638 -1.034005
 166.580008 -0.996212 -1.094144
 166.780008 -1.268955 -1.333037
 166.980008 -0.968842 -1.038871
 167.180008 -1.131240 -0.990166
 167.380008 -1.131306 -1.334146
 167.580008 -0.981648 -1.133091
 167.780008 -1.154946 -0.965890
 167.980008 -1.405544 -1.106688
 168.180008 -1.006682 -1.134472
 168.380008 -1.129505 -1.292028
 168.580008 -1.415406 -1.013034
 168.780008 -1.151703 -1.035219
 168.980008 -1.165286 -1.074188
 169.180008 -1.037035 -1.205175
 169.380008 -1.064638 -0.944626
 169.580008 -1.195516 -1.352788
 169.780008 -1.069746 -1.137003
 169.980008 -1.239392 -0.967672
 170.180008 -1.176327 -1.311372
 170.380008 -0.845645 -1.062836
 170.580008 -1.188531 -1.071217
 170.780008 -1.271431 -1.095370
 170.980008 -0.952703 -1.037348
 171.180008 -1.254316 -1.259466
 171.380008 -1.359000 -1.339962
 171.580008 -0.848858 -0.702406
 171.780008 -1.172608 -1.380671
 171.980008 -0.862081 -1.089016
 172.180008 -1.089263 -1.039430
 172.380008 -1.296266 -1.245059
 172.580008 -1.080838 -0.931566
 172.780008 -1.169097 -1.058343
 172.980008 -1.194996 -1.256177
 173.180008 -1.163934 -0.914159
 173.380008 -1.210152 -0.991486
 173.580008 -1.112394 -1.348033
 173.780008 -1.134760 -1.102266
 173.980008 -1.321406 -1.061084
 174.180008 -1.143132 -1.114090
 174.380008 -1.026734 -1.245732
 174.580008 -0.966127 -1.044925
 174.780008 -1.006786 -1.270645
 174.980008 -1.085346 -1.034277
 175.180008 -1.097608 -1.023236
 175.380008 -1.155136 -1.161159
 175.580008 -0.828110 -1.360069
 175.780008 -0.910305 -0.928131
 175.980008 -1.126370 -1.176636
 176.180008 -1.199936 -1.163317
 176.380008 -1.064204 -0.991935
 176.580008 -1.144342 -1.409396
 176.780008 -1.117360 -0.862189
 176.980008 -0.919831 -1.317189
 177.180008 -1.183281 -0.932369
 177.380008 -0.968985 -1.120608
 177.580008 -1.352309 -0.862628
 177.780008 -1.085009 -1.414474
 177.980008 -1.342157 -0.771496
 178.180008 -1.184245 -1.169709
 178.380008 -1.186321 -1.084915
 178.580008 -0.924263 -1.067157
 178.780008 -1.279767 -1.117551
 178.980009 -1.222351 -1.052952
 179.180009 -1.156245 -1.172823
 179.380009 -1.303392 -1.044954
 179.580009 -0.873690 -1.294505
 179.780009 -1.078691 -0.928525
 179.980009 -1.030028 -1.269916
 180.180009 -1.117320 -0.882820
 180.380009 -1.054337 -1.295446
 180.580009 -1.199192 -1.124090
 180.780009 -0.969558 -1.062434
 180.980009 -0.905728 -1.133984
 181.180009 -1.154651 -1.185589
 181.380009 -0.967330 -0.886619
 181.580009 -1.123447 -1.221224
 181.780009 -1.261833 -1.048495
 181.980009 -1.073943 -1.218976
 182.180009 -1.266153 -1.218908
 182.380009 -1.164391 -1.041807
 182.580009 -1.198775 -1.109984
 182.780009 -1.019873 -1.156876
 182.980009 -1.126851 -1.136027
 183.180009 -1.044063 -0.869912
 183.380009 -1.183453 -1.222949
 183.580009 -1.216783 -1.182275
 183.780009 -0.937925 -1.086171
 183.980009 -1.391979 -0.992010
 184.180009 -1.201151 -1.259427
 184.380009 -0.922877 -1.015969
 184.580009 -1.306318 -1.328142
 184.780009 -1.272401 -1.023908
 184.980009 -1.071886 -1.013880
 185.180009 -1.256670 -1.202768
 185.380009 -1.165269 -1.050647
 185.580009 -0.954426 -1.083257
 185.780009 -1.249497 -1.249137
 185.980009 -1.167291 -1.003203
 186.180009 -1.387208 -0.882483
 186.380009 -1.209244 -1.317010
 186.580009 -1.169199 -1.123030
 186.780009 -1.215633 -1.067096
 186.980009 -1.330439 -1.138666
 187.180009 -0.902220 -0.998589
 187.380009 -1.044164 -1.247023
 187.580009 -1.057317 -1.161349
 187.780009 -0.809301 -0.985225
 187.980009 -1.240563 -1.238433
 188.180009 -0.963330 -1.299749
 188.380009 -0.976993 -0.988197
 188.580009 -1.119025 -1.285572
 188.780009 -1.061111 -0.905434
 188.980009 -0.985213 -1.133087
 189.180009 -1.133026 -1.238842
 189.380009 -1.276316 -1.181860
 189.580009 -1.298063 -0.983012
 189.780009 -1.238307 -1.237772
 189.980009 -1.145872 -1.079490
 190.180009 -1.124247 -1.012838
 190.380009 -1.259815 -1.105150
 190.580009 -0.964425 -1.156044
 190.780009 -1.138342 -1.129647
 190.980009 -1.326346 -1.284334
 191.180009 -1.087311 -0.950534
 191.380009 -1.201581 -1.149184
 191.580009 -1.112173 -1.252096
 191.780009 -1.120772 -0.983181
 191.980009 -1.384837 -1.265287
 192.180009 -1.174108 -1.016587
 192.380009 -0.885248 -1.114405
 192.580009 -1.225971 -1.292223
 192.780009 -0.932550 -1.114127
 192.980009 -1.204085 -0.988785
 193.180009 -1.329866 -1.235989
 193.380009 -1.162769 -0.949828
 193.580009 -1.015641 -1.101404
 193.780009 -1.169402 -1.326869
 193.980009 -0.991584 -1.026418
 194.180009 -1.109183 -1.147688
 194.380009 -1.201901 -1.235648
 194.580009 -1.018490 -1.136634
 194.780009 -0.995567 -1.137096
 194.980009 -1.205604 -1.219851
 195.180009 -0.995885 -0.807512
 195.380009 -1.314330 -1.185212
 195.580009 -1.079066 -1.242861
 195.780009 -1.036245 -1.020643
 195.980009 -1.414596 -1.002731
 196.180009 -1.019854 -1.140626
 196.380009 -1.049309 -1.209419
 196.580009 -1.257087 -1.229271
 196.780009 -1.286390 -0.857161
 196.980009 -1.157296 -1.144892
 197.180009 -1.143563 -1.314983
 197.380009 -0.970189 -0.953693
 197.580009 -1.052606 -1.153828
 197.780009 -1.102390 -1.106691
 197.980009 -0.897882 -1.263601
 198.180009 -1.094871 -1.144119
 198.380009 -1.240189 -1.101812
 198.580009 -0.831808 -1.029461
 198.780009 -1.120968 -1.390205
 198.980009 -1.020798 -0.918681
 199.180009 -1.212605 -1.113777
 199.380009 -1.310922 -1.148040
 199.580009 -1.060845 -1.098886
 199.780009 -1.246288 -0.943758
 199.980009 -1.336682 -1.193309
