#! FIELDS time phi psi
#! SET max_psi pi
 0.180000 -3.031940 1.434969
 0.380000 -2.680273 0.008034
 0.580000 -2.946407 1.138897
 0.780000 -2.961175 0.235472
 0.980000 3.092812 0.827235
 1.180000 -3.018030 0.170432
 1.380000 -2.993814 0.922162
 1.580000 -2.532235 0.488811
 1.780000 -2.932913 0.754926
 1.980000 -2.796300 0.603519
 2.180000 3.131278 0.623245
 2.380000 -2.856592 0.648721
 2.580000 3.090606 0.534437
 2.780000 -2.704258 0.848349
 2.980000 -2.967628 0.460513
 3.180000 -2.752296 0.805540
 3.380000 -2.902547 0.465148
 3.580000 -2.995605 0.646787
 3.780000 -3.021143 0.689292
 3.980000 -3.093812 0.244069
 4.180000 -2.781610 0.904072
 4.380000 -3.003000 0.446231
 4.580000 -2.779717 0.727881
 4.780000 -3.034039 0.517887
 4.980000 -2.906444 0.748109
 5.180000 -3.056006 0.652694
 5.380000 -2.831453 0.492522
 5.580000 -2.900143 0.817596
 5.780000 -2.913491 0.362950
 5.980000 -2.878135 1.032628
 6.180000 -2.867494 0.176398
 6.380000 -3.033445 1.231483
 6.580000 -2.881476 0.116709
 6.780000 -2.834379 1.076161
 6.980000 -2.800612 0.240292
 7.180000 -3.030201 0.784516
 7.380000 -2.808396 0.533986
 7.580000 -2.975901 0.611260
 7.780000 -2.728506 0.737453
 7.980000 -3.088361 0.536368
 8.180000 -2.917412 0.815676
 8.380000 -2.905783 0.514217
 8.580000 -2.868816 0.780382
 8.780000 3.123815 0.378287
 8.980000 -2.933882 0.781155
 9.180000 -2.862271 0.600638
 9.380000 3.029625 0.671012
 9.580000 -2.916515 0.439322
 9.780000 -2.980149 0.629699
 9.980000 -2.723707 0.724838
 10.180000 -3.104659 0.556546
 10.380000 -3.006284 0.672767
 10.580001 -3.012311 0.469738
 10.780001 -2.819634 0.912250
 10.980001 -3.037302 0.296821
 11.180001 -3.016589 0.792848
 11.380001 -2.815811 0.502175
 11.580001 -2.867532 0.751111
 11.780001 -2.777091 0.472593
 11.980001 -3.044610 0.718788
 12.180001 -2.735590 0.589007
 12.380001 -2.864928 0.744473
 12.580001 -2.939114 0.655221
 12.780001 -2.962315 0.456619
 12.980001 -2.748713 0.820945
 13.180001 -2.941501 0.475345
 13.380001 -2.764047 0.819282
 13.580001 -2.880786 0.422251
 13.780001 -2.980109 0.744481
 13.980001 -2.900255 0.473345
 14.180001 -2.900820 0.699196
 14.380001 -2.945250 0.551103
 14.580001 -2.821459 0.716022
 14.780001 -2.775758 0.635958
 14.980001 -2.992953 0.652292
 15.180001 -2.934282 0.703461
 15.380001 -3.046554 0.564367
 15.580001 -2.949862 0.632566
 15.780001 -3.017812 0.603579
 15.980001 -2.675261 0.639394
 16.180001 -3.025446 0.503832
 16.380001 -2.721319 0.689981
 16.580001 -2.818071 0.606644
 16.780001 -3.025261 0.671630
 16.980001 -3.002255 0.432986
 17.180001 -3.025658 0.697029
 17.380001 -2.827647 0.602744
 17.580001 -3.062646 0.666659
 17.780001 -2.684965 0.666876
 17.980001 -3.013865 0.599954
 18.180001 -2.937871 0.794068
 18.380001 -3.035876 0.494620
 18.580001 -2.962156 0.701802
 18.780001 -2.998292 0.608645
 18.980001 -2.847001 0.502488
 19.180001 -2.976275 0.521181
 19.380001 -2.785517 0.776856
 19.580001 -2.802772 0.655104
 19.780001 -2.952717 0.514376
 19.980001 -3.123380 0.663676
 20.180001 -3.061877 0.470364
 20.380001 -2.953435 0.704868
 20.580001 -2.832231 0.588629
 20.780001 -2.933927 0.517903
 20.980001 -3.029436 0.709498
 21.180001 -2.949029 0.494745
 21.380001 -3.075667 0.766380
 21.580001 -3.050349 0.277381
 21.780001 -2.825592 0.817199
 21.980001 -2.774127 0.517450
 22.180001 -2.706246 0.830638
 22.380001 -2.968337 0.538082
 22.580001 -2.927232 0.628672
 22.780001 3.087593 0.611701
 22.980001 -2.712116 0.575776
 23.180001 -3.087216 0.715581
 23.380001 -2.859660 0.470566
 23.580001 -2.880668 0.718545
 23.780001 -2.740748 0.555081
 23.980001 -3.071074 0.764713
 24.180001 -2.845762 0.518469
 24.380001 -3.077170 0.741560
 24.580001 -2.969686 0.485415
 24.780001 -3.046974 0.560958
 24.980001 -2.874966 0.646445
 25.180001 -2.925870 0.582153
 25.380001 -2.896764 0.645747
 25.580001 -2.903303 0.665948
 25.780001 3.129709 0.564504
 25.980001 -2.962001 0.650036
 26.180001 -2.947250 0.780984
 26.380001 -2.763378 0.541777
 26.580001 -2.989260 0.647505
 26.780001 -2.867569 0.437684
 26.980001 -3.104768 0.638665
 27.180001 3.139431 0.666800
 27.380001 -3.068376 0.466312
 27.580001 3.136187 0.774574
 27.780001 -2.591042 0.404109
 27.980001 -2.873753 0.790517
 28.180001 -2.641374 0.516629
 28.380001 -2.779244 0.553101
 28.580001 -2.852041 0.670832
 28.780001 -2.944991 0.435139
 28.980001 -3.098072 0.785226
 29.180001 -2.903449 0.436578
 29.380001 -2.920332 0.768812
 29.580001 -2.790672 0.549006
 29.780001 -2.856106 0.685350
 29.980001 -2.888491 0.627643
 30.180001 -2.892831 0.590733
 30.380001 -2.883551 0.608319
 30.580001 -3.078001 0.584739
 30.780001 2.997582 0.640397
 30.980001 -2.986108 0.480104
 31.180001 -2.955799 0.733690
 31.380001 -2.817090 0.626293
 31.580001 -2.861107 0.644257
 31.780002 -3.065976 0.729647
 31.980002 -3.043978 0.616849
 32.180002 -3.118809 0.541689
 32.380002 -2.980085 0.746540
 32.580002 -2.811434 0.539498
 32.780002 -2.969255 0.762259
 32.980002 -2.987853 0.531869
 33.180002 -2.933407 0.752106
 33.380002 -2.897297 0.447440
 33.580002 -3.112641 0.742334
 33.780002 -2.990075 0.592301
 33.980002 -3.005278 0.559367
 34.180002 -2.935665 0.623526
 34.380002 -2.866455 0.641079
 34.580002 -2.895301 0.759834
 34.780002 -2.969575 0.515486
 34.980002 -3.006583 0.830268
 35.180002 -3.097485 0.432334
 35.380002 -2.962746 0.694493
 35.580002 -2.887462 0.666228
 35.780002 -2.743329 0.586133
 35.980002 -2.985115 0.536345
 36.180002 -2.759558 0.610713
 36.380002 -2.798345 0.748747
 36.580002 -3.013012 0.461644
 36.780002 -3.001880 0.665422
 36.980002 -2.847740 0.565068
 37.180002 -3.006298 0.768721
 37.380002 -3.010575 0.499520
 37.580002 -2.865349 0.802006
 37.780002 -2.950188 0.599350
 37.980002 -2.995008 0.702220
 38.180002 -2.885404 0.531958
 38.380002 -2.955159 0.649968
 38.580002 -2.980040 0.661801
 38.780002 -2.983544 0.544696
 38.980002 -2.931651 0.848706
 39.180002 -2.953364 0.380852
 39.380002 -2.659795 0.819962
 39.580002 -2.964913 0.389818
 39.780002 -2.822246 0.775136
 39.980002 -2.943495 0.399810
 40.180002 -2.866952 0.772948
 40.380002 -3.109045 0.554357
 40.580002 -2.812197 0.638799
 40.780002 -3.028918 0.750373
 40.980002 -2.907723 0.540876
 41.180002 -3.013075 0.739559
 41.380002 -3.022371 0.316270
 41.580002 -2.837165 0.866292
 41.780002 -2.921446 0.369098
 41.980002 -3.016864 0.929040
 42.180002 -2.929938 0.394879
 42.380002 -2.699075 0.640530
 42.580002 -3.109180 0.644646
 42.780002 -2.820060 0.725600
 42.980002 -3.053457 0.516581
 43.180002 -2.895923 0.645086
 43.380002 -3.099082 0.648076
 43.580002 -2.748991 0.617385
 43.780002 3.129604 0.734254
 43.980002 -2.924390 0.549227
 44.180002 -2.926618 0.653650
 44.380002 -3.081671 0.646550
 44.580002 -2.901179 0.560703
 44.780002 3.090681 0.646455
 44.980002 -2.856250 0.567083
 45.180002 3.047410 0.664125
 45.380002 -2.582494 0.583907
 45.580002 3.079734 0.719956
 45.780002 -2.779474 0.681968
 45.980002 -3.109560 0.841360
 46.180002 -3.138235 0.289149
 46.380002 -2.801501 0.814785
 46.580002 -2.864110 0.317923
 46.780002 -2.909894 0.963559
 46.980002 -2.909720 0.439551
 47.180002 -2.821327 0.854614
 47.380002 -3.112070 0.345038
 47.580002 -2.743790 0.856181
 47.780002 -2.933971 0.645570
 47.980002 -3.085774 0.618235
 48.180002 -2.771273 0.692994
 48.380002 -2.770206 0.482292
 48.580002 -3.064312 0.825066
 48.780002 -2.831252 0.405002
 48.980002 -3.007644 0.800694
 49.180002 -3.003577 0.500978
 49.380002 -2.762640 0.792209
 49.580002 -2.921115 0.518426
 49.780002 -3.023248 0.779882
 49.980002 -2.857641 0.480938
 50.180002 -2.947821 0.759048
 50.380002 -3.078023 0.524215
 50.580002 -2.832676 0.576697
 50.780002 -2.876866 0.828987
 50.980002 -2.937913 0.559744
 51.180002 -2.853291 0.634649
 51.380002 -2.884088 0.455865
 51.580002 -2.989174 0.824768
 51.780002 -2.807726 0.331412
 51.980002 -3.120158 0.924617
 52.180002 -2.905278 0.448155
 52.380002 -2.837649 0.727203
 52.580002 -2.841889 0.567599
 52.780003 -3.041819 0.729276
 52.980003 -2.809392 0.587455
 53.180003 -2.984720 0.645960
 53.380003 -3.016563 0.756676
 53.580003 -2.849227 0.492520
 53.780003 -2.942753 0.800825
 53.980003 -2.965529 0.411486
 54.180003 -2.710298 0.767297
 54.380003 -3.021550 0.462833
 54.580003 -2.983229 0.819989
 54.780003 -2.957529 0.426294
 54.980003 -2.927333 0.727989
 55.180003 -3.042291 0.475407
 55.380003 -2.867692 0.687153
 55.580003 -2.971073 0.556194
 55.780003 -2.901821 0.649415
 55.980003 -3.002503 0.648049
 56.180003 -2.961446 0.576780
 56.380003 -2.763209 0.727962
 56.580003 -3.066216 0.464156
 56.780003 -2.852024 0.757076
 56.980003 -3.013290 0.670227
 57.180003 -2.990051 0.534548
 57.380003 -2.919778 0.840321
 57.580003 -2.684399 0.423374
 57.780003 -3.118171 0.783543
 57.980003 -2.873160 0.502908
 58.180003 -2.849141 0.775093
 58.380003 -2.809633 0.533011
 58.580003 -2.959309 0.605091
 58.780003 -2.888862 0.635593
 58.980003 -2.914502 0.657299
 59.180003 -3.117157 0.848538
 59.380003 -2.816168 0.393726
 59.580003 -3.064077 0.918422
 59.780003 -2.758192 0.270304
 59.980003 -2.862343 0.760187
 60.180003 -2.875391 0.546262
 60.380003 -3.028000 0.683399
 60.580003 -2.828045 0.743358
 60.780003 -2.943055 0.419732
 60.980003 3.116281 0.854601
 61.180003 -2.663724 0.479697
 61.380003 -2.830189 0.906452
 61.580003 -2.899107 0.299427
 61.780003 -2.836234 0.856557
 61.980003 -2.873507 0.417401
 62.180003 3.130601 0.926454
 62.380003 -2.807662 0.587473
 62.580003 -2.930318 0.648745
 62.780003 -3.077267 0.461216
 62.980003 -2.864408 0.639944
 63.180003 -2.922306 0.676732
 63.380003 -2.967173 0.666404
 63.580003 -2.868507 0.521091
 63.780003 -3.014515 0.557242
 63.980003 -2.890709 0.672651
 64.180003 -2.847676 0.582446
 64.380003 -2.902157 0.610770
 64.580003 -3.103528 0.571046
 64.780003 -2.970266 0.790045
 64.980003 -2.941758 0.442288
 65.180003 -3.046690 0.833263
 65.380003 -2.903753 0.439935
 65.580003 -2.798746 0.622289
 65.780003 -2.885936 0.773620
 65.980003 -3.077288 0.466858
 66.180003 -2.931184 0.778282
 66.380003 -3.054625 0.435944
 66.580003 -2.967351 0.857976
 66.780003 -2.812879 0.468883
 66.980003 -3.022488 0.708482
 67.180003 -2.806584 0.622616
 67.380003 -2.945392 0.680570
 67.580003 -2.879766 0.554886
 67.780003 -3.018584 0.540878
 67.980003 -2.656809 0.840556
 68.180003 -2.978021 0.409951
 68.380003 -2.997565 0.927512
 68.580003 -2.619932 0.385864
 68.780003 -3.051831 0.802845
 68.980003 -2.787448 0.341725
 69.180003 -2.777770 0.681202
 69.380003 -2.979826 0.618899
 69.580003 -3.002624 0.628475
 69.780003 -2.827899 0.652914
 69.980003 -3.062067 0.508944
 70.180003 -2.880508 0.982461
 70.380003 -2.814971 0.431539
 70.580003 -3.123168 0.815924
 70.780003 -2.961272 0.445007
 70.980003 -3.009004 0.802415
 71.180003 -3.023707 0.594634
 71.380003 3.130741 0.519183
 71.580003 -2.674870 0.726619
 71.780003 -2.991509 0.461009
 71.980003 -2.835189 0.974366
 72.180003 -2.793723 0.335335
 72.380003 -3.089221 0.893842
 72.580003 -3.031074 0.363606
 72.780003 -3.009378 0.727763
 72.980003 -2.855207 0.630127
 73.180003 -2.912452 0.709409
 73.380003 -2.659850 0.765873
 73.580003 -3.094963 0.335020
 73.780004 -2.854564 0.899604
 73.980004 -2.937257 0.398774
 74.180004 -2.974666 0.798079
 74.380004 -2.840872 0.501423
 74.580004 -2.778430 0.713888
 74.780004 -3.008018 0.688540
 74.980004 -2.801140 0.622077
 75.180004 -2.989800 0.730534
 75.380004 -3.024704 0.438609
 75.580004 -2.922388 0.860407
 75.780004 -2.815328 0.562308
 75.980004 -2.984371 0.786778
 76.180004 -2.887841 0.446494
 76.380004 -2.857199 0.785984
 76.580004 -3.002523 0.471048
 76.780004 -2.893159 0.782314
 76.980004 -2.868166 0.384395
 77.180004 -2.868695 0.747664
 77.380004 -2.770974 0.438244
 77.580004 -2.876344 0.721239
 77.780004 -2.925215 0.663675
 77.980004 -2.662308 0.641805
 78.180004 -3.097527 0.817520
 78.380004 -3.019577 0.306564
 78.580004 -2.940024 0.793506
 78.780004 -2.910157 0.479312
 78.980004 -3.068933 0.917058
 79.180004 -2.835977 0.460788
 79.380004 -2.887132 0.894496
 79.580004 -3.057312 0.418410
 79.780004 -3.032275 0.638672
 79.980004 -3.038617 0.648373
 80.180004 -3.010621 0.661797
 80.380004 -2.821396 0.684848
 80.580004 -2.926492 0.393912
 80.780004 -3.090238 0.902116
 80.980004 -2.684908 0.485203
 81.180004 -2.953969 0.898572
 81.380004 -3.030795 0.283524
 81.580004 -3.058935 0.800162
 81.780004 -3.018075 0.605592
 81.980004 -3.064474 0.627973
 82.180004 -2.883064 0.688722
 82.380004 -2.843792 0.525813
 82.580004 -2.930917 0.792889
 82.780004 -2.872749 0.456211
 82.980004 -3.130609 0.912255
 83.180004 -2.800803 0.364819
 83.380004 -2.810583 0.806625
 83.580004 -2.977858 0.213713
 83.780004 -2.840037 0.881096
 83.980004 -2.705525 0.542166
 84.180004 -3.036617 0.718198
 84.380004 -2.924294 0.595259
 84.580004 -2.963160 0.613944
 84.780004 -3.032363 0.722206
 84.980004 -2.929974 0.497881
 85.180004 -2.865291 0.777679
 85.380004 -3.098605 0.419088
 85.580004 -2.938580 0.777690
 85.780004 -2.923280 0.567627
 85.980004 -2.967891 0.578530
 86.180004 -2.905222 0.597343
 86.380004 -2.736965 0.562825
 86.580004 -2.877473 0.836990
 86.780004 -2.833928 0.504951
 86.980004 -2.718240 0.698318
 87.180004 -2.925121 0.560357
 87.380004 -2.896857 0.631692
 87.580004 -2.851840 0.682464
 87.780004 -3.052819 0.599991
 87.980004 -2.913046 0.707199
 88.180004 -2.817641 0.541307
 88.380004 -3.125545 0.677204
 88.580004 -3.012334 0.582295
 88.780004 -2.831691 0.671338
 88.980004 3.050017 0.699870
 89.180004 -2.830765 0.484698
 89.380004 -2.970254 0.698108
 89.580004 -2.990714 0.429039
 89.780004 -3.041563 0.773205
 89.980004 -2.735697 0.434140
 90.180004 -3.068949 0.660838
 90.380004 -2.777767 0.613619
 90.580004 -2.925643 0.752832
 90.780004 -2.983330 0.600843
 90.980004 -2.901155 0.691276
 91.180004 -2.945343 0.683141
 91.380004 -2.871848 0.521564
 91.580004 -2.933368 0.717688
 91.780004 -2.640985 0.522020
 91.980004 -2.984942 0.842758
 92.180004 -3.035554 0.381850
 92.380004 -3.091825 0.672269
 92.580004 -2.940221 0.669701
 92.780004 -2.868364 0.689311
 92.980004 -2.865367 0.636199
 93.180004 -2.809688 0.544644
 93.380004 -3.016944 0.730043
 93.580004 -2.935440 0.400566
 93.780004 -2.990564 0.675236
 93.980004 -3.044571 0.525826
 94.180004 -2.881883 0.662659
 94.380004 -2.844688 0.648338
 94.580004 -2.909298 0.643219
 94.780005 -2.765396 0.594810
 94.980005 -2.859887 0.629873
 95.180005 -2.846041 0.651282
 95.380005 -2.936916 0.545856
 95.580005 -2.903761 0.683768
 95.780005 -2.910764 0.635604
 95.980005 -2.715006 0.686907
 96.180005 -2.953466 0.571294
 96.380005 -2.959166 0.659101
 96.580005 -2.890283 0.677855
 96.780005 -3.026091 0.574669
 96.980005 -2.936085 0.566076
 97.180005 -2.950718 0.657942
 97.380005 -2.826785 0.651033
 97.580005 -3.002821 0.486098
 97.780005 -3.058453 0.656468
 97.980005 -2.777793 0.501704
 98.180005 -2.922737 0.730435
 98.380005 -2.965921 0.550258
 98.580005 -2.832870 0.508941
 98.780005 -2.935474 0.634646
 98.980005 -2.963909 0.718544
 99.180005 -2.668080 0.563359
 99.380005 -3.088793 0.609418
 99.580005 -2.921756 0.696194
 99.780005 -2.926625 0.697294
 99.980005 -3.039602 0.571932
 100.180005 -3.094676 0.755705
 100.380005 -2.728052 0.553360
 100.580005 -3.134617 0.747365
 100.780005 -2.926434 0.436206
 100.980005 -2.797771 0.901041
 101.180005 -2.978206 0.499560
 101.380005 -2.966104 0.773265
 101.580005 -3.119721 0.437974
 101.780005 -2.794160 0.703946
 101.980005 -3.040421 0.686987
 102.180005 -2.730003 0.522681
 102.380005 -3.128895 0.676572
 102.580005 -2.878864 0.606646
 102.780005 -2.824248 0.730894
 102.980005 -2.983841 0.565097
 103.180005 -2.970956 0.668452
 103.380005 -2.801743 0.591226
 103.580005 -2.862622 0.858092
 103.780005 -2.999873 0.547518
 103.980005 -2.689398 0.586688
 104.180005 -3.081143 0.676882
 104.380005 -2.800173 0.669572
 104.580005 -3.111554 0.568021
 104.780005 -3.026649 0.579850
 104.980005 -2.942186 0.667546
 105.180005 -2.861214 0.672661
 105.380005 3.117092 0.663325
 105.580005 -2.916534 0.588558
 105.780005 -2.904849 0.809489
 105.980005 -3.120393 0.431813
 106.180005 -3.061056 0.684545
 106.380005 -2.837298 0.582822
 106.580005 -2.945459 0.615038
 106.780005 -3.001727 0.655399
 106.980005 -2.853393 0.544300
 107.180005 -2.957775 0.727677
 107.380005 -2.936316 0.637697
 107.580005 -2.841633 0.547028
 107.780005 -3.090051 0.653688
 107.980005 -2.900086 0.600191
 108.180005 -3.026921 0.638085
 108.380005 -2.933729 0.567423
 108.580005 -2.915559 0.674338
 108.780005 -2.855689 0.788029
 108.980005 -2.916988 0.501079
 109.180005 -2.996268 0.753914
 109.380005 -2.898871 0.510498
 109.580005 -3.056524 0.720084
 109.780005 -2.857904 0.419583
 109.980005 -3.119156 0.777641
 110.180005 -2.581627 0.608262
 110.380005 -3.034740 0.654404
 110.580005 -2.879094 0.641826
 110.780005 -2.988811 0.569270
 110.980005 -2.771916 0.841516
 111.180005 -3.129240 0.373083
 111.380005 -2.887453 0.722043
 111.580005 -2.695252 0.717995
 111.780005 -2.854045 0.625486
 111.980005 -2.841255 0.631658
 112.180005 -2.835661 0.544115
 112.380005 -2.925254 0.806856
 112.580005 -2.959991 0.478214
 112.780005 -2.862415 0.718656
 112.980005 -3.012750 0.495378
 113.180005 -2.805270 0.676259
 113.380005 -3.023756 0.559304
 113.580005 -2.975899 0.641202
 113.780005 -2.870072 0.751871
 113.980005 -2.844371 0.469372
 114.180005 3.111676 0.739205
 114.380005 -2.858561 0.422481
 114.580005 -2.879912 0.844860
 114.780005 -3.003609 0.501043
 114.980005 -2.954223 0.626160
 115.180005 -2.937397 0.547006
 115.380005 -2.923756 0.762503
 115.580005 -2.964618 0.539899
 115.780005 -2.948093 0.665082
 115.980006 -2.994052 0.607138
 116.180006 -2.917576 0.698746
 116.380006 -2.884677 0.576525
 116.580006 3.114846 0.559667
 116.780006 -2.796939 0.833278
 116.980006 -2.890465 0.621850
 117.180006 -3.100266 0.625125
 117.380006 -3.130952 0.477999
 117.580006 -2.780047 0.695033
 117.780006 -2.943849 0.599662
 117.980006 -2.942254 0.616281
 118.180006 -2.815707 0.602628
 118.380006 -2.907668 0.774849
 118.580006 -2.866749 0.541192
 118.780006 -2.993465 0.535579
 118.980006 -2.950334 0.688045
 119.180006 -2.712122 0.555644
 119.380006 -3.094783 0.682808
 119.580006 -2.835117 0.577764
 119.780006 -2.916998 0.716517
 119.980006 -2.738808 0.545477
 120.180006 -2.939104 0.634867
 120.380006 -2.994085 0.611904
 120.580006 -2.942314 0.575088
 120.780006 -3.095977 0.838212
 120.980006 -2.865517 0.446345
 121.180006 3.012933 0.677251
 121.380006 -2.683150 0.560107
 121.580006 -2.994608 0.766334
 121.780006 -2.993307 0.300985
 121.980006 -3.084853 0.873653
 122.180006 -2.845526 0.327759
 122.380006 -3.019974 0.899881
 122.580006 -2.922772 0.436323
 122.780006 -2.827599 0.562464
 122.980006 -2.891895 0.648201
 123.180006 -2.699521 0.614033
 123.380006 -3.125566 0.825258
 123.580006 -2.927632 0.242161
 123.780006 -2.996146 0.994762
 123.980006 -2.913149 0.486662
 124.180006 -2.824127 0.733608
 124.380006 -2.968755 0.539482
 124.580006 -2.794887 0.742363
 124.780006 -2.964091 0.534729
 124.980006 -2.731051 0.695797
 125.180006 -3.017613 0.533959
 125.380006 -2.940188 0.478364
 125.580006 -2.968646 0.755308
 125.780006 -2.961304 0.526391
 125.980006 -2.838980 0.786491
 126.180006 -2.887395 0.549657
 126.380006 -2.853060 0.762960
 126.580006 -2.903465 0.574329
 126.780006 -2.948401 0.704446
 126.980006 -2.969718 0.447049
 127.180006 -3.089109 0.755078
 127.380006 -2.882221 0.423642
 127.580006 -2.942045 0.745076
 127.780006 -2.795010 0.525817
 127.980006 -2.800192 0.640409
 128.180006 -2.829886 0.879922
 128.380006 -2.864762 0.453413
 128.580006 3.077101 0.791098
 128.780006 -2.871904 0.398630
 128.980006 -2.782555 0.850562
 129.180006 -2.958023 0.439835
 129.380006 -2.822486 0.720284
 129.580006 -3.028347 0.584244
 129.780006 -2.978414 0.713073
 129.980006 3.068281 0.596989
 130.180006 -3.020190 0.655678
 130.380006 -3.033607 0.550276
 130.580006 -2.718741 0.662685
 130.780006 -3.012124 0.748744
 130.980006 -2.663458 0.461215
 131.180006 -3.042748 0.843531
 131.380006 -2.843098 0.502802
 131.580006 2.934502 0.724535
 131.780006 -2.932593 0.422906
 131.980006 -2.983795 0.796853
 132.180006 -2.896138 0.374626
 132.380006 -2.934463 0.741625
 132.580006 -2.790831 0.584418
 132.780006 -2.807308 0.823764
 132.980006 -3.113987 0.407551
 133.180006 -2.944341 0.650107
 133.380006 -3.017398 0.814421
 133.580006 -2.998873 0.285878
 133.780006 -3.080483 0.846930
 133.980006 -2.675487 0.390320
 134.180006 -2.770556 0.959275
 134.380006 -2.844629 0.258397
 134.580006 -2.890552 0.866469
 134.780006 -2.985656 0.375121
 134.980006 -3.057440 0.883799
 135.180006 -2.915264 0.500392
 135.380006 -3.038997 0.677988
 135.580006 -2.825405 0.682415
 135.780006 -2.809051 0.578060
 135.980006 -2.756472 0.856428
 136.180006 3.069261 0.355112
 136.380006 -2.948622 0.837704
 136.580006 -3.092047 0.467503
 136.780006 -3.102098 0.805921
 136.980007 -2.720942 0.373078
 137.180007 -2.840765 0.888706
 137.380007 -2.867916 0.383817
 137.580007 -3.046122 0.755747
 137.780007 -2.960056 0.622882
 137.980007 3.010033 0.325540
 138.180007 -2.667048 0.838448
 138.380007 -2.950878 0.455568
 138.580007 -2.975328 0.948974
 138.780007 -2.932608 0.461778
 138.980007 -2.863858 0.838934
 139.180007 -3.073174 0.453502
 139.380007 -2.938386 0.670498
 139.580007 -2.858044 0.625886
 139.780007 -3.009149 0.663304
 139.980007 -2.667304 0.692031
 140.180007 -2.937254 0.483997
 140.380007 -3.134278 0.699425
 140.580007 -3.039807 0.596843
 140.780007 -2.815862 0.748240
 140.980007 3.015107 0.412928
 141.180007 -2.703212 0.670125
 141.380007 -2.928611 0.608046
 141.580007 -2.828245 0.670332
 141.780007 -3.022636 0.492063
 141.980007 -2.857125 0.697727
 142.180007 -3.078934 0.550388
 142.380007 -3.088548 0.573157
 142.580007 -2.846248 0.690403
 142.780007 -2.952762 0.615851
 142.980007 -2.717488 0.696847
 143.180007 3.060174 0.537126
 143.380007 -2.833228 0.716603
 143.580007 -2.883434 0.677452
 143.780007 -2.787508 0.527789
 143.980007 -3.053071 0.610095
 144.180007 -2.845089 0.640134
 144.380007 -2.863410 0.659721
 144.580007 -3.007623 0.532340
 144.780007 -2.797721 0.669853
 144.980007 -3.089807 0.558945
 145.180007 -2.862987 0.725309
 145.380007 -2.923364 0.562426
 145.580007 -3.021081 0.898506
 145.780007 -2.910819 0.443235
 145.980007 -2.744080 0.697196
 146.180007 -3.107638 0.723374
 146.380007 -2.890442 0.495177
 146.580007 -2.958927 0.826987
 146.780007 -2.907923 0.356378
 146.980007 -3.015805 0.867571
 147.180007 -2.909659 0.377520
 147.380007 -2.826009 0.883737
 147.580007 -2.864742 0.491691
 147.780007 -2.796344 0.749876
 147.980007 -3.051362 0.509092
 148.180007 -2.905636 0.728117
 148.380007 -2.956436 0.631430
 148.580007 -2.953051 0.472983
 148.780007 -3.069022 0.593432
 148.980007 -2.822335 0.562939
 149.180007 -2.655320 0.825275
 149.380007 -3.112344 0.431488
 149.580007 -2.954069 0.644402
 149.780007 -3.026309 0.571652
 149.980007 -2.800082 0.684944
 150.180007 -2.999503 0.649312
 150.380007 -2.733495 0.455239
 150.580007 -2.912159 0.827838
 150.780007 -2.879130 0.410647
 150.980007 -2.967635 0.813853
 151.180007 -2.881881 0.311763
 151.380007 -2.747078 0.858180
 151.580007 -2.672509 0.505856
 151.780007 -2.890729 0.775427
 151.980007 -2.981740 0.493158
 152.180007 -2.828024 0.866569
 152.380007 -2.844576 0.571835
 152.580007 -3.108192 0.677573
 152.780007 -2.877306 0.549963
 152.980007 -2.645258 0.616846
 153.180007 -3.044488 0.893491
 153.380007 -2.918473 0.321661
 153.580007 -3.037524 0.782997
 153.780007 -2.950997 0.382939
 153.980007 -3.044119 0.742019
 154.180007 -2.952339 0.430442
 154.380007 -3.090741 0.662405
 154.580007 -2.754258 0.700812
 154.780007 -2.791572 0.475212
 154.980007 3.054425 0.814573
 155.180007 -2.777427 0.419636
 155.380007 -2.923255 0.832418
 155.580007 -2.936270 0.334489
 155.780007 -3.056156 0.709204
 155.980007 -2.665802 0.502847
 156.180007 -2.992156 0.838268
 156.380007 -3.042027 0.473052
 156.580007 -3.096584 0.708111
 156.780007 -3.118950 0.654795
 156.980007 -2.922664 0.521945
 157.180007 -2.814776 0.728533
 157.380007 -2.909392 0.606468
 157.580007 -2.901749 0.766514
 157.780007 -2.941713 0.606624
 157.980008 -2.974893 0.626916
 158.180008 2.999812 0.649143
 158.380008 -2.977074 0.516802
 158.580008 -3.097849 0.708065
 158.780008 -2.835943 0.491575
 158.980008 -2.882733 0.685709
 159.180008 -2.836809 0.712435
 159.380008 -2.967268 0.541939
 159.580008 -2.964349 0.701961
 159.780008 -3.066690 0.570605
 159.980008 -2.962059 0.656731
 160.180008 -2.883398 0.641787
 160.380008 -2.962223 0.595461
 160.580008 -2.802608 0.595439
 160.780008 -2.987659 0.669322
 160.980008 -2.923869 0.659484
 161.180008 -3.029717 0.521300
 161.380008 -3.092301 0.686127
 161.580008 -2.924077 0.624326
 161.780008 -3.020080 0.717998
 161.980008 -2.775041 0.578868
 162.180008 -3.086184 0.722768
 162.380008 -2.632365 0.667250
 162.580008 -2.986253 0.699701
 162.780008 -2.998961 0.575300
 162.980008 -3.016508 0.544854
 163.180008 -2.830292 0.643729
 163.380008 -2.956365 0.764052
 163.580008 -3.027137 0.547018
 163.780008 -2.967702 0.677936
 163.980008 -2.975216 0.699648
 164.180008 -2.964023 0.637134
 164.380008 -3.031100 0.473083
 164.580008 -2.815778 0.738002
 164.780008 -2.891607 0.712533
 164.980008 -2.937893 0.567698
 165.180008 -2.959077 0.510536
 165.380008 -2.759587 0.788357
 165.580008 -2.870057 0.567075
 165.780008 -3.084517 0.614378
 165.980008 -3.127229 0.573203
 166.180008 -2.852129 0.746036
 166.380008 -2.816919 0.604875
 166.580008 3.140897 0.594772
 166.780008 -2.895616 0.620663
 166.980008 -3.065055 0.639602
 167.180008 -3.038939 0.505978
 167.380008 3.064717 0.766191
 167.580008 -2.706015 0.619707
 167.780008 -2.823587 0.901354
 167.980008 -2.979913 0.435996
 168.180008 3.086561 0.680820
 168.380008 -3.001818 0.483162
 168.580008 -2.983504 0.915842
 168.780008 -2.862602 0.572213
 168.980008 -2.999322 0.591219
 169.180008 -2.937650 0.684235
 169.380008 -2.900249 0.849594
 169.580008 -2.995851 0.563867
 169.780008 3.082129 0.500406
 169.980008 -2.828417 0.697814
 170.180008 -2.977372 0.606027
 170.380008 -2.948616 0.696938
 170.580008 -2.932518 0.595730
 170.780008 -2.750615 0.767732
 170.980008 -3.015291 0.495752
 171.180008 -2.978066 0.812478
 171.380008 -2.916776 0.581912
 171.580008 -3.032335 0.661566
 171.780008 -2.708471 0.560216
 171.980008 -3.048799 0.585146
 172.180008 -2.729991 0.577601
 172.380008 -2.871991 0.622035
 172.580008 -2.751111 0.606861
 172.780008 3.089173 0.459323
 172.980008 -2.856049 0.658874
 173.180008 -2.921289 0.651086
 173.380008 -2.908236 0.625805
 173.580008 -2.920382 0.567576
 173.780008 -2.687569 0.708095
 173.980008 -2.871938 0.640882
 174.180008 -3.025789 0.665885
 174.380008 -2.882831 0.591463
 174.580008 -3.068898 0.629924
 174.780008 -2.828801 0.626750
 174.980008 -3.074192 0.667603
 175.180008 -2.843810 0.578786
 175.380008 -2.831734 0.811328
 175.580008 -2.850545 0.461165
 175.780008 -3.057425 0.768721
 175.980008 -2.925601 0.349596
 176.180008 -2.787154 0.919789
 176.380008 -2.978073 0.302504
 176.580008 -2.899575 0.860116
 176.780008 -2.961460 0.523919
 176.980008 -2.959108 0.627108
 177.180008 -3.085406 0.623142
 177.380008 -2.760276 0.591786
 177.580008 -2.783330 0.672171
 177.780008 -2.916657 0.541902
 177.980008 -3.029235 0.669458
 178.180008 -3.024201 0.466109
 178.380008 -2.857476 0.757700
 178.580008 -3.105827 0.464938
 178.780008 -2.899699 0.671926
 178.980009 -3.013684 0.652960
 179.180009 -2.701780 0.741717
 179.380009 3.041403 0.680247
 179.580009 -2.935096 0.498384
 179.780009 -2.942582 0.677575
 179.980009 -2.982033 0.571554
 180.180009 -3.075237 0.679498
 180.380009 -2.915323 0.527266
 180.580009 -2.965546 0.848528
 180.780009 -2.844514 0.496429
 180.980009 -2.902720 0.672345
 181.180009 -3.003753 0.444609
 181.380009 -3.121732 0.717803
 181.580009 -2.878540 0.550538
 181.780009 -3.104648 0.696739
 181.980009 -2.931571 0.463302
 182.180009 -2.719677 0.747769
 182.380009 -2.819572 0.636419
 182.580009 -2.891141 0.700229
 182.780009 -3.038968 0.618132
 182.980009 -3.036930 0.600467
 183.180009 -2.846811 0.696974
 183.380009 -2.944244 0.631981
 183.580009 -3.016589 0.575735
 183.780009 -2.937007 0.597309
 183.980009 -2.650012 0.826740
 184.180009 -3.132851 0.433778
 184.380009 -2.968785 0.579070
 184.580009 -2.939836 0.716293
 184.780009 -2.973797 0.570300
 184.980009 -2.954364 0.526592
 185.180009 -3.020543 0.507537
 185.380009 -2.842474 0.732158
 185.580009 -2.938493 0.630484
 185.780009 -2.934628 0.633905
 185.980009 -2.968586 0.519407
 186.180009 -2.831748 0.752489
 186.380009 -3.041747 0.505369
 186.580009 -3.012036 0.739047
 186.780009 -2.873347 0.597884
 186.980009 -2.950338 0.806625
 187.180009 -2.759165 0.632468
 187.380009 -2.890212 0.633692
 187.580009 -2.810067 0.575577
 187.780009 -2.814473 0.653413
 187.980009 -2.787584 0.785462
 188.180009 -3.059996 0.505995
 188.380009 -2.884484 0.697373
 188.580009 -2.830625 0.591764
 188.780009 -3.084146 0.743660
 188.980009 -2.948974 0.556946
 189.180009 -2.767701 0.723066
 189.380009 -2.902327 0.804981
 189.580009 -3.036030 0.499058
 189.780009 -3.100620 0.696118
 189.980009 -2.912139 0.479668
 190.180009 -2.862643 0.770696
 190.380009 -2.970880 0.510129
 190.580009 -3.001641 0.628207
 190.780009 -2.748583 0.592641
 190.980009 -2.975591 0.703696
 191.180009 -2.918655 0.526712
 191.380009 -2.963940 0.436802
 191.580009 -3.014736 0.834998
 191.780009 -3.033920 0.471125
 191.980009 -2.965397 0.884499
 192.180009 -3.027670 0.369798
 192.380009 -2.843433 0.936136
 192.580009 -2.866150 0.415164
 192.780009 3.140545 0.803661
 192.980009 -2.932009 0.456263
 193.180009 -2.871678 0.681949
 193.380009 -2.863956 0.752851
 193.580009 -2.925095 0.514169
 193.780009 -2.859743 0.772324
 193.980009 -2.870148 0.669599
 194.180009 -2.965206 0.663122
 194.380009 -2.957652 0.388757
 194.580009 -2.964472 0.853636
 194.780009 -2.833149 0.394267
 194.980009 -3.049265 0.645948
 195.180009 -3.023839 0.486600
 195.380009 -3.025699 0.915049
 195.580009 -2.738618 0.430451
 195.780009 3.042775 0.956257
 195.980009 -2.913109 0.354350
 196.180009 -2.930575 0.692536
 196.380009 -2.932734 0.570731
 196.580009 -2.957233 0.508982
 196.780009 -3.035281 0.567263
 196.980009 -2.929016 0.487735
 197.180009 -2.949010 0.869235
 197.380009 -2.855184 0.177058
 197.580009 3.089969 1.022561
 197.780009 -2.770501 0.353402
 197.980009 -2.982100 0.901776
 198.180009 -2.739424 0.288230
 198.380009 -2.919343 0.657722
 198.580009 -2.848895 0.475752
 198.780009 -2.953220 0.672260
 198.980009 -2.938674 0.600215
 199.180009 -3.137988 0.547047
 199.380009 -2.910349 0.736869
 199.580009 -2.891024 0.574839
 199.780009 -2.907396 0.754293
 199.980009 -3.046196 0.476948
