#! FIELDS time phi psi
#! SET max_psi pi
 0.180000 -2.855600 0.800040
 0.380000 -2.798732 -0.736479
 0.580000 -2.995616 -0.080750
 0.780000 -2.830821 0.203130
 0.980000 3.102866 -0.612750
 1.180000 -2.752314 -0.352564
 1.380000 -2.956040 0.421594
 1.580000 -3.124180 -0.437687
 1.780000 -3.112784 -0.255950
 1.980000 -2.748072 0.142682
 2.180000 -2.909510 -0.055100
 2.380000 -2.821304 -0.462457
 2.580000 -2.824461 -0.094981
 2.780000 -2.716514 0.460518
 2.980000 -2.926965 -0.553334
 3.180000 -2.927408 -0.178289
 3.380000 -2.666408 0.273129
 3.580000 -2.758047 -0.108286
 3.780000 -2.691218 0.028265
 3.980000 -2.526307 0.333578
 4.180000 -2.911945 0.210950
 4.380000 -2.629743 -0.230965
 4.580000 -2.859665 0.558417
 4.780000 -2.803853 -0.342670
 4.980000 -2.999192 -0.089255
 5.180000 -2.473506 -0.182064
 5.380000 -2.950708 0.469728
 5.580000 -2.605350 -0.091743
 5.780000 -2.570098 0.478722
 5.980000 -2.721094 -0.037252
 6.180000 -2.820503 0.160438
 6.380000 -2.460929 -0.010655
 6.580000 3.091865 0.013439
 6.780000 -2.776783 -0.107794
 6.980000 -2.593183 0.371617
 7.180000 -2.886267 0.004539
 7.380000 -2.647499 0.086533
 7.580000 -2.941001 0.082370
 7.780000 -2.744221 0.074778
 7.980000 -2.537783 0.305033
 8.180000 -2.654903 -0.141850
 8.380000 -2.982061 0.308710
 8.580000 -2.463115 -0.133370
 8.780000 -2.902522 0.219015
 8.980000 -2.681321 0.260434
 9.180000 -2.700042 -0.037906
 9.380000 -2.798123 -0.185238
 9.580000 -2.872795 0.441897
 9.780000 -2.670440 -0.133731
 9.980000 -2.883057 0.329233
 10.180000 -2.726291 0.016584
 10.380000 -2.628485 0.058285
 10.580001 -2.658341 0.364350
 10.780001 -2.752842 -0.092390
 10.980001 -2.571195 0.159891
 11.180001 -2.813330 0.170957
 11.380001 -2.658245 -0.019969
 11.580001 -2.436779 0.149121
 11.780001 -2.799718 0.162880
 11.980001 -2.824612 -0.046833
 12.180001 -2.496205 0.302055
 12.380001 -2.716542 0.021731
 12.580001 -2.662029 0.278487
 12.780001 -2.526268 0.137577
 12.980001 -3.018381 0.005054
 13.180001 -2.692627 -0.007021
 13.380001 -2.713308 0.224676
 13.580001 -2.891986 -0.122686
 13.780001 -2.907722 0.217521
 13.980001 -2.677370 -0.013448
 14.180001 -2.967085 -0.060700
 14.380001 -2.783573 0.333651
 14.580001 -2.709563 -0.082348
 14.780001 -3.026121 -0.304089
 14.980001 -2.778952 -0.045243
 15.180001 -2.714486 0.392507
 15.380001 -2.824430 -0.132849
 15.580001 -2.880655 0.098356
 15.780001 -2.720546 0.021357
 15.980001 -2.827690 0.232608
 16.180001 -2.573706 0.228801
 16.380001 -3.043723 -0.020055
 16.580001 -2.720381 -0.101303
 16.780001 -2.726956 0.370983
 16.980001 -2.707973 0.022667
 17.180001 -2.600964 0.229487
 17.380001 -2.761149 0.129618
 17.580001 -2.960985 0.002579
 17.780001 -2.544457 0.298592
 17.980001 -2.748317 0.045462
 18.180001 -2.781270 0.108527
 18.380001 -2.718436 0.255513
 18.580001 -2.668364 -0.050879
 18.780001 -2.791612 0.316038
 18.980001 -2.602925 0.090093
 19.180001 -3.065768 -0.244566
 19.380001 -3.015509 -0.400097
 19.580001 -2.435686 0.287704
 19.780001 -2.736752 0.067022
 19.980001 -2.887899 -0.271522
 20.180001 -2.340226 0.203177
 20.380001 -2.893245 0.181425
 20.580001 -2.648535 -0.043433
 20.780001 -2.670889 0.374284
 20.980001 -2.812533 -0.072000
 21.180001 -2.642835 0.240141
 21.380001 -2.607136 0.128151
 21.580001 -3.091890 -0.283051
 21.780001 -2.817369 -0.244787
 21.980001 -2.712762 0.106050
 22.180001 -2.884438 0.279695
 22.380001 -2.610124 0.024311
 22.580001 -2.593885 0.296881
 22.780001 -2.833921 0.117619
 22.980001 -2.636117 0.095715
 23.180001 -2.628787 0.306747
 23.380001 -2.878890 -0.151575
 23.580001 -2.741403 0.143759
 23.780001 -2.718131 0.273473
 23.980001 -2.939067 -0.138334
 24.180001 -2.685123 0.305103
 24.380001 -2.592397 0.072644
 24.580001 -2.743880 0.073361
 24.780001 -2.707427 0.229129
 24.980001 -2.724399 -0.192603
 25.180001 -2.859880 0.179285
 25.380001 -2.671841 0.153693
 25.580001 -2.736568 -0.107348
 25.780001 -2.784866 0.346596
 25.980001 -2.765864 0.050874
 26.180001 -2.584871 -0.030525
 26.380001 -2.614657 0.354751
 26.580001 -2.972834 0.015569
 26.780001 -2.689902 0.060546
 26.980001 -2.762816 0.304262
 27.180001 -2.707667 -0.072082
 27.380001 -2.745688 0.225751
 27.580001 -2.738678 -0.039471
 27.780001 -3.015248 -0.024771
 27.980001 -2.528755 0.182889
 28.180001 -2.767253 0.156611
 28.380001 -2.899432 -0.261848
 28.580001 -2.610264 0.056507
 28.780001 -2.709060 0.225287
 28.980001 -2.836757 -0.067981
 29.180001 -2.676425 0.199534
 29.380001 -2.722271 0.194696
 29.580001 -2.788806 0.032657
 29.780001 -2.652386 0.217936
 29.980001 -2.934176 0.027463
 30.180001 -2.686722 0.225723
 30.380001 -2.706253 0.269327
 30.580001 -2.795801 0.122147
 30.780001 -2.706453 0.013637
 30.980001 -2.852664 0.127736
 31.180001 -2.665479 0.085349
 31.380001 -2.835357 0.293434
 31.580001 -2.736781 0.181210
 31.780002 -2.855285 0.152696
 31.980002 -2.703536 0.135656
 32.180002 -2.764838 0.162380
 32.380002 -2.662938 -0.006715
 32.580002 -2.876399 0.383252
 32.780002 -2.606074 -0.117739
 32.980002 -2.820511 -0.101687
 33.180002 -2.646648 0.227052
 33.380002 -2.856112 0.071504
 33.580002 -2.641333 -0.151305
 33.780002 -2.894806 0.546460
 33.980002 -2.596762 -0.168051
 34.180002 -2.770413 0.025670
 34.380002 -2.634016 0.315163
 34.580002 -2.791181 -0.108730
 34.780002 -2.700484 -0.122994
 34.980002 -2.723130 0.384575
 35.180002 -2.823583 -0.154688
 35.380002 -2.580507 0.127364
 35.580002 -2.829639 0.271130
 35.780002 -2.815418 -0.223634
 35.980002 -2.820767 0.144531
 36.180002 -2.622001 0.186895
 36.380002 -2.894078 0.169901
 36.580002 -2.378535 0.032972
 36.780002 -2.826475 0.220736
 36.980002 -2.832760 0.018183
 37.180002 -2.649102 0.258938
 37.380002 -2.869042 -0.059269
 37.580002 -2.654143 0.315914
 37.780002 -2.760182 0.048791
 37.980002 -2.807860 0.010609
 38.180002 -2.627237 0.236111
 38.380002 -2.728423 0.088216
 38.580002 -2.756940 0.127575
 38.780002 -2.672322 0.154912
 38.980002 -2.665774 -0.046242
 39.180002 -2.805462 0.446139
 39.380002 -2.727114 -0.140770
 39.580002 -2.721270 0.058721
 39.780002 -2.864710 0.278999
 39.980002 -2.699391 0.031809
 40.180002 -2.793127 0.185919
 40.380002 -2.814602 0.107247
 40.580002 -2.738657 -0.011191
 40.780002 -2.614176 0.434101
 40.980002 -2.818890 0.016369
 41.180002 -2.698307 0.178274
 41.380002 -2.587866 0.035877
 41.580002 -2.757683 0.174858
 41.780002 -2.521917 0.204572
 41.980002 -2.932069 0.126520
 42.180002 -2.716105 0.010022
 42.380002 -2.606296 0.290171
 42.580002 -2.740289 -0.115994
 42.780002 -2.788191 0.232021
 42.980002 -2.640723 0.126415
 43.180002 -2.876125 0.028663
 43.380002 -2.603350 0.297302
 43.580002 -2.767520 0.019825
 43.780002 -2.880285 -0.064736
 43.980002 -2.792978 0.299725
 44.180002 -2.598360 0.104373
 44.380002 -2.903012 0.134858
 44.580002 -2.557032 0.251919
 44.780002 -2.798610 -0.052592
 44.980002 -2.807787 0.173802
 45.180002 -2.669037 0.171249
 45.380002 -2.395162 -0.251666
 45.580002 -2.823234 0.360597
 45.780002 -2.562391 0.028253
 45.980002 -2.943216 -0.150141
 46.180002 -3.048671 -0.149625
 46.380002 -2.619298 0.257749
 46.580002 -2.750367 0.038284
 46.780002 -2.914183 0.235655
 46.980002 -2.637331 0.078438
 47.180002 -2.801255 -0.065148
 47.380002 -2.984438 0.396664
 47.580002 -2.651110 -0.196298
 47.780002 -2.639319 0.147392
 47.980002 -2.802107 0.297855
 48.180002 -2.759177 -0.199148
 48.380002 -2.695800 0.274282
 48.580002 -2.790386 0.002108
 48.780002 -2.978516 -0.375888
 48.980002 -2.714465 -0.267131
 49.180002 -2.664104 0.489139
 49.380002 -2.917304 -0.542044
 49.580002 -3.093296 -0.169353
 49.780002 -2.599914 0.059793
 49.980002 -2.982707 0.252031
 50.180002 -2.602722 -0.387426
 50.380002 -2.807613 0.141823
 50.580002 -2.747146 0.109594
 50.780002 -2.769934 0.055264
 50.980002 -2.784272 0.402529
 51.180002 -2.896074 -0.122816
 51.380002 -2.500202 0.049165
 51.580002 -2.833551 0.346775
 51.780002 -2.781102 0.109505
 51.980002 -2.376041 0.014778
 52.180002 -2.918193 0.315057
 52.380002 -2.770627 0.037673
 52.580002 -2.744787 0.217040
 52.780003 -2.977474 -0.016719
 52.980003 -2.659780 0.224447
 53.180003 -2.576660 -0.073891
 53.380003 -2.877903 0.435633
 53.580003 -2.702005 -0.059981
 53.780003 -2.818034 0.005298
 53.980003 -2.739945 0.221314
 54.180003 -2.789242 0.056392
 54.380003 -2.723002 0.047051
 54.580003 -2.875939 0.349990
 54.780003 -2.515962 -0.194084
 54.980003 -2.953119 0.345810
 55.180003 -2.522705 -0.011466
 55.380003 -2.755736 -0.143371
 55.580003 -2.744994 0.045513
 55.780003 -2.922512 0.321665
 55.980003 -2.621753 -0.017798
 56.180003 -2.636986 0.291924
 56.380003 -2.763765 -0.042203
 56.580003 -2.535799 -0.029208
 56.780003 -2.805204 0.322087
 56.980003 -2.655405 -0.040351
 57.180003 -2.530193 0.249873
 57.380003 -2.785302 0.072219
 57.580003 -2.868281 0.019943
 57.780003 -2.445800 0.184205
 57.980003 -2.874272 0.093840
 58.180003 -2.448158 0.119407
 58.380003 -2.747642 0.169163
 58.580003 -2.767805 0.091807
 58.780003 -2.638635 0.204820
 58.980003 -2.571758 0.041589
 59.180003 -2.916845 0.258264
 59.380003 -2.677795 0.053847
 59.580003 -2.746997 0.099493
 59.780003 -2.834624 0.247939
 59.980003 -2.605969 0.206209
 60.180003 -2.844083 0.152019
 60.380003 -2.955133 0.072018
 60.580003 -2.628850 0.150834
 60.780003 -2.627374 0.029477
 60.980003 -2.842047 0.134242
 61.180003 -2.731931 -0.029332
 61.380003 -2.882050 0.088315
 61.580003 -2.655188 0.186256
 61.780003 -2.677296 0.095529
 61.980003 -2.710519 0.081271
 62.180003 -2.921322 0.034519
 62.380003 -2.784613 0.144906
 62.580003 -2.749149 0.044533
 62.780003 -2.816604 -0.064766
 62.980003 -2.478706 0.265064
 63.180003 -2.647723 0.342086
 63.380003 -2.657789 -0.167098
 63.580003 -2.823183 0.259560
 63.780003 -2.790626 0.138081
 63.980003 -2.835416 -0.394539
 64.180003 -2.747108 -0.149818
 64.380003 -2.701802 0.522382
 64.580003 -2.783631 -0.393816
 64.780003 -2.896809 -0.212595
 64.980003 -2.654719 0.171021
 65.180003 -2.793639 0.186525
 65.380003 -2.826293 -0.505390
 65.580003 -3.014963 -0.274167
 65.780003 -2.754983 0.148773
 65.980003 -2.760671 0.283254
 66.180003 -2.777571 0.038795
 66.380003 -2.711788 0.217125
 66.580003 -2.863618 0.106572
 66.780003 -2.735527 0.065501
 66.980003 -2.696576 0.270273
 67.180003 -2.794700 0.030231
 67.380003 -2.891528 0.119329
 67.580003 -2.708955 0.109032
 67.780003 -3.104382 0.164191
 67.980003 -2.699878 0.077709
 68.180003 -2.888828 0.233100
 68.380003 -2.723828 -0.201638
 68.580003 -2.813052 0.225697
 68.780003 -2.563452 0.120753
 68.980003 -2.850021 0.093454
 69.180003 -2.717695 -0.023820
 69.380003 -2.766129 0.352466
 69.580003 -2.799406 -0.157110
 69.780003 -2.823276 0.269045
 69.980003 -2.671075 0.254664
 70.180003 -3.072657 -0.305631
 70.380003 -2.822191 -0.096599
 70.580003 -2.586120 0.353687
 70.780003 -2.843721 -0.169759
 70.980003 -2.848750 0.102880
 71.180003 -2.693815 0.129430
 71.380003 -2.930060 0.134611
 71.580003 -2.857616 0.000554
 71.780003 -2.843794 0.308272
 71.980003 -2.780780 0.015786
 72.180003 -2.820763 0.180865
 72.380003 -2.640579 0.167679
 72.580003 -2.768628 0.150972
 72.780003 -2.782229 -0.000890
 72.980003 -2.690074 0.118437
 73.180003 -2.827251 0.135136
 73.380003 -2.804111 -0.099998
 73.580003 -2.651504 0.309509
 73.780004 -2.818992 0.101685
 73.980004 -2.704068 0.235933
 74.180004 -2.597928 0.040647
 74.380004 -2.889014 0.170725
 74.580004 -2.481075 0.057813
 74.780004 -2.872654 0.225298
 74.980004 -2.732910 0.154735
 75.180004 -2.620064 0.297188
 75.380004 -2.887507 -0.122789
 75.580004 -2.834157 0.131790
 75.780004 -2.562026 0.123638
 75.980004 -2.838802 -0.017062
 76.180004 -2.633365 0.199416
 76.380004 -2.655893 0.239374
 76.580004 -2.919596 -0.100030
 76.780004 -2.689896 0.185798
 76.980004 -2.669474 0.110013
 77.180004 -2.732089 -0.033669
 77.380004 -2.518070 0.346116
 77.580004 -2.824917 -0.053948
 77.780004 -2.979203 0.142819
 77.980004 -2.673555 0.227111
 78.180004 -2.756406 -0.056597
 78.380004 -2.840578 0.163734
 78.580004 -2.501116 0.084643
 78.780004 -2.944933 0.130551
 78.980004 -2.592072 0.117602
 79.180004 -2.521115 0.238575
 79.380004 -2.507778 -0.097314
 79.580004 -2.885206 0.459858
 79.780004 -2.369436 -0.026428
 79.980004 -2.862938 0.255118
 80.180004 -2.573700 0.106798
 80.380004 -2.686510 0.269647
 80.580004 -2.684219 0.034187
 80.780004 -2.760760 0.282117
 80.980004 -2.560194 -0.101815
 81.180004 -2.781064 0.389868
 81.380004 -2.751617 0.077545
 81.580004 -2.701649 0.015908
 81.780004 -2.982716 0.286834
 81.980004 -2.686016 0.036378
 82.180004 -2.602539 0.191287
 82.380004 -2.861788 0.327453
 82.580004 -2.749676 -0.069022
 82.780004 -2.711013 -0.067107
 82.980004 -2.868613 0.411769
 83.180004 -2.744707 -0.289714
 83.380004 -2.564792 0.064736
 83.580004 -2.698637 0.373606
 83.780004 -3.031925 -0.289221
 83.980004 -2.717317 -0.132680
 84.180004 -2.586404 0.285026
 84.380004 -2.761898 0.129193
 84.580004 -2.597389 0.129569
 84.780004 -2.708287 0.328124
 84.980004 -2.858284 -0.241419
 85.180004 -2.708169 0.335458
 85.380004 -2.649443 -0.031594
 85.580004 -2.793222 0.043867
 85.780004 -2.685169 0.290671
 85.980004 -2.744479 -0.082041
 86.180004 -2.752778 0.212270
 86.380004 -2.729959 0.197925
 86.580004 -3.073278 -0.379352
 86.780004 -2.940870 -0.418838
 86.980004 -2.880406 0.026463
 87.180004 -2.710740 0.303513
 87.380004 -2.907764 -0.473916
 87.580004 -2.748315 -0.159932
 87.780004 -2.681745 0.487847
 87.980004 -2.777111 -0.105763
 88.180004 -2.539960 -0.121024
 88.380004 -2.544976 0.455136
 88.580004 -2.759535 -0.073292
 88.780004 -2.373469 0.071843
 88.980004 -2.782136 0.261872
 89.180004 -2.854283 0.028068
 89.380004 -2.591073 0.373443
 89.580004 -2.790517 -0.037549
 89.780004 -3.087960 -0.110713
 89.980004 -2.570463 0.054125
 90.180004 -2.910126 0.215101
 90.380004 -2.714753 -0.256824
 90.580004 -2.672001 0.306493
 90.780004 -2.576945 0.045315
 90.980004 -3.049457 0.287750
 91.180004 -2.412085 0.126186
 91.380004 -2.907364 0.253948
 91.580004 -2.612772 0.022849
 91.780004 -2.670488 0.330762
 91.980004 -2.668346 0.017742
 92.180004 -2.801101 0.095192
 92.380004 -2.622581 0.118781
 92.580004 -2.807579 0.243031
 92.780004 -2.742740 0.094007
 92.980004 -2.644771 0.216806
 93.180004 -2.690424 -0.047585
 93.380004 -2.737581 0.217047
 93.580004 -2.687519 0.060114
 93.780004 -2.773191 -0.034758
 93.980004 -2.768587 0.278293
 94.180004 -2.642066 -0.028939
 94.380004 -2.835834 0.268598
 94.580004 -2.740274 0.026325
 94.780005 -2.647595 0.154081
 94.980005 -2.692918 0.122878
 95.180005 -2.688769 0.242827
 95.380005 -2.586411 0.002827
 95.580005 -3.025041 0.243719
 95.780005 -2.574777 0.050402
 95.980005 -2.760620 0.338396
 96.180005 -2.570461 0.055081
 96.380005 -2.865043 0.295254
 96.580005 -2.577598 -0.061682
 96.780005 -2.924681 0.403619
 96.980005 -2.617688 -0.074653
 97.180005 -2.937315 0.294686
 97.380005 -2.594411 0.124471
 97.580005 -2.842219 0.322377
 97.780005 -2.577045 0.011586
 97.980005 -2.941981 0.179827
 98.180005 -2.546083 0.158813
 98.380005 -3.026529 0.183184
 98.580005 -2.587845 -0.101465
 98.780005 -2.945945 0.436870
 98.980005 -2.581320 -0.240570
 99.180005 -2.676793 0.331753
 99.380005 -2.766187 0.016343
 99.580005 3.092866 -0.109140
 99.780005 -2.606178 0.221769
 99.980005 -2.885118 0.149173
 100.180005 -2.788393 -0.217523
 100.380005 -2.563183 0.174157
 100.580005 -2.832482 0.209973
 100.780005 -2.825772 0.025871
 100.980005 -2.612705 0.169869
 101.180005 -2.808786 -0.015375
 101.380005 -3.021147 -0.177478
 101.580005 -2.675722 -0.297738
 101.780005 -2.870792 0.582347
 101.980005 -2.539261 -0.235535
 102.180005 -2.639846 0.037545
 102.380005 -2.666264 0.405196
 102.580005 -2.931575 -0.068983
 102.780005 -2.671991 -0.087179
 102.980005 -2.889670 0.343113
 103.180005 -2.897355 -0.249143
 103.380005 -2.538049 0.056312
 103.580005 -2.763735 0.377484
 103.780005 -2.880933 -0.342359
 103.980005 -2.754214 -0.070561
 104.180005 -2.653801 0.283818
 104.380005 -2.784939 -0.156278
 104.580005 -2.558599 0.173447
 104.780005 -2.790011 0.114988
 104.980005 -2.829715 -0.035981
 105.180005 -2.787345 0.110494
 105.380005 -2.617473 0.349803
 105.580005 -2.674493 -0.045379
 105.780005 -2.785376 0.255617
 105.980005 -2.677405 -0.139668
 106.180005 -2.727105 0.027487
 106.380005 -2.661115 0.343213
 106.580005 -2.712727 0.042396
 106.780005 -2.715522 0.002497
 106.980005 -2.653175 0.433850
 107.180005 -2.692900 -0.185388
 107.380005 -2.683120 -0.182532
 107.580005 -2.809309 0.432972
 107.780005 -2.592357 -0.217308
 107.980005 -2.818843 0.232197
 108.180005 -2.479390 0.095663
 108.380005 -2.874750 0.120473
 108.580005 -2.778602 0.011252
 108.780005 -2.835888 0.295050
 108.980005 -2.751395 -0.110251
 109.180005 -2.605736 0.142876
 109.380005 -2.702276 0.200107
 109.580005 -2.631598 -0.104860
 109.780005 -2.686170 0.270151
 109.980005 -2.708162 -0.116437
 110.180005 -2.893012 -0.205613
 110.380005 -2.853905 -0.037508
 110.580005 -2.822303 0.327768
 110.780005 -2.782284 -0.160779
 110.980005 -2.697264 -0.000110
 111.180005 -2.633422 0.405215
 111.380005 -2.614356 -0.241199
 111.580005 -2.909632 0.188019
 111.780005 -2.577852 0.120290
 111.980005 -3.016216 0.198531
 112.180005 -2.531946 0.113710
 112.380005 -2.869174 0.224040
 112.580005 -2.643199 -0.196642
 112.780005 -2.834161 0.386559
 112.980005 -2.551660 -0.074618
 113.180005 -2.877850 0.158772
 113.380005 -2.543183 0.171839
 113.580005 -2.864228 0.135032
 113.780005 -2.654574 -0.087870
 113.980005 -2.654768 0.476523
 114.180005 -2.773887 -0.297498
 114.380005 -2.871333 0.379835
 114.580005 -2.710133 0.074390
 114.780005 -2.750995 -0.001106
 114.980005 -2.751623 0.300228
 115.180005 -2.917072 -0.262666
 115.380005 -2.927328 0.060180
 115.580005 -2.595694 0.232294
 115.780005 -2.678651 0.186304
 115.980006 -2.605588 -0.161887
 116.180006 -3.043260 0.267940
 116.380006 -2.773450 -0.139561
 116.580006 -2.701570 0.209165
 116.780006 -2.658181 0.196605
 116.980006 -2.988795 0.006358
 117.180006 -2.752374 0.084790
 117.380006 -2.816436 0.258122
 117.580006 -2.760060 -0.368319
 117.780006 -2.786632 -0.211924
 117.980006 -2.674291 0.215476
 118.180006 -2.544387 0.172453
 118.380006 -2.770674 -0.002511
 118.580006 -2.892250 0.370961
 118.780006 -2.673384 -0.193512
 118.980006 -2.871793 -0.072050
 119.180006 -2.838789 0.335663
 119.380006 -2.736442 -0.282183
 119.580006 -2.535508 0.073496
 119.780006 -2.962184 0.349690
 119.980006 -2.756679 -0.151284
 120.180006 -2.601993 0.105073
 120.380006 -2.878031 0.365753
 120.580006 -2.555406 0.011670
 120.780006 -2.931775 0.354390
 120.980006 -2.942155 -0.189550
 121.180006 -2.628293 0.374790
 121.380006 -2.676393 -0.001229
 121.580006 -3.020126 0.268689
 121.780006 -2.557064 0.110356
 121.980006 -2.745805 0.201401
 122.180006 -2.789420 0.254905
 122.380006 -2.603085 0.020702
 122.580006 -2.935174 0.320007
 122.780006 -2.856433 0.030228
 122.980006 -2.793693 0.087468
 123.180006 -2.810083 0.187497
 123.380006 -2.968219 0.251963
 123.580006 -2.299945 -0.015766
 123.780006 -2.988282 0.309141
 123.980006 -2.614435 0.009130
 124.180006 -2.552849 0.263144
 124.380006 -2.841033 0.086325
 124.580006 -2.709464 0.294166
 124.780006 -2.329837 0.054090
 124.980006 -3.067241 0.183366
 125.180006 -2.414603 0.001729
 125.380006 -2.645638 0.396326
 125.580006 -2.893239 -0.238630
 125.780006 -2.585655 0.276819
 125.980006 -2.597943 -0.013548
 126.180006 -2.865623 0.376103
 126.380006 -2.340257 0.139842
 126.580006 -2.795957 -0.001160
 126.780006 -2.805484 0.185601
 126.980006 -2.502011 0.138849
 127.180006 -2.816123 0.299564
 127.380006 -2.733443 0.101042
 127.580006 -2.751646 0.127240
 127.780006 -2.866679 0.213304
 127.980006 -2.669269 0.102391
 128.180006 -2.508912 0.311535
 128.380006 -3.044646 0.091862
 128.580006 -2.738725 -0.052901
 128.780006 -2.800460 0.309566
 128.980006 -2.781611 0.003181
 129.180006 -2.718853 0.178521
 129.380006 -2.680686 0.237210
 129.580006 -2.920595 -0.053587
 129.780006 -2.627403 0.172119
 129.980006 -2.584451 0.117468
 130.180006 -2.924798 -0.060478
 130.380006 -2.766719 0.104282
 130.580006 -2.647612 0.172140
 130.780006 -2.960902 0.061701
 130.980006 -2.757241 0.296057
 131.180006 -2.512973 -0.108099
 131.380006 -2.745449 0.086141
 131.580006 -2.561403 0.453409
 131.780006 -2.757131 -0.081890
 131.980006 -2.920596 -0.566432
 132.180006 -2.681958 0.296109
 132.380006 -2.467179 0.120545
 132.580006 -2.956806 -0.420507
 132.780006 -2.903275 -0.064845
 132.980006 -2.409961 0.294889
 133.180006 -2.833208 -0.010060
 133.380006 -3.032944 -0.404057
 133.580006 -2.615587 -0.143382
 133.780006 -2.682976 0.382112
 133.980006 -2.823439 -0.084975
 134.180006 -2.735164 0.248575
 134.380006 -2.732353 0.157598
 134.580006 -2.964181 -0.067002
 134.780006 -2.623409 0.052704
 134.980006 -2.715531 0.250242
 135.180006 -2.779299 0.046968
 135.380006 -2.695078 0.195635
 135.580006 -2.990091 0.000997
 135.780006 -2.730507 0.125889
 135.980006 -2.655085 0.172979
 136.180006 -2.815884 -0.021859
 136.380006 -2.873902 0.283770
 136.580006 -2.609828 0.013590
 136.780006 -2.870158 0.261778
 136.980007 -2.661388 0.124867
 137.180007 -2.737843 0.000979
 137.380007 -2.763344 0.063289
 137.580007 -2.761463 0.285029
 137.780007 -2.725450 -0.095724
 137.980007 -2.753629 0.190901
 138.180007 -2.594317 0.072117
 138.380007 -2.831869 0.183788
 138.580007 -2.562711 0.058574
 138.780007 -2.718584 0.286137
 138.980007 -2.621422 -0.075680
 139.180007 -2.798360 0.322113
 139.380007 -2.482107 0.050964
 139.580007 -2.843314 0.262877
 139.780007 -2.666243 0.095073
 139.980007 -2.769284 0.153412
 140.180007 -2.773290 0.078311
 140.380007 -2.694029 0.229242
 140.580007 -2.592811 0.049198
 140.780007 -2.837776 0.254760
 140.980007 -2.624947 0.184286
 141.180007 -2.856193 -0.003244
 141.380007 -3.029022 0.311684
 141.580007 -2.715136 -0.110529
 141.780007 -2.770360 0.198058
 141.980007 -2.777889 0.222184
 142.180007 -2.686147 0.059723
 142.380007 -2.560870 0.042702
 142.580007 -2.920959 0.264876
 142.780007 -2.379316 -0.017823
 142.980007 -2.860388 0.272439
 143.180007 -2.845134 -0.092300
 143.380007 -2.741010 0.169244
 143.580007 -2.607689 0.066179
 143.780007 -2.726802 0.206057
 143.980007 -2.680639 0.032992
 144.180007 -2.960371 0.170051
 144.380007 -2.606354 0.002313
 144.580007 -2.642486 0.220276
 144.780007 -2.959140 0.073197
 144.980007 -2.683771 0.113665
 145.180007 -2.730622 0.121200
 145.380007 -2.714842 0.219312
 145.580007 -2.553755 0.144976
 145.780007 -2.834950 0.019260
 145.980007 -2.892759 0.164017
 146.180007 -2.449479 0.131878
 146.380007 -2.863466 0.339469
 146.580007 -2.753401 0.059561
 146.780007 -2.827295 0.092208
 146.980007 -2.820733 0.191987
 147.180007 -2.708833 0.117909
 147.380007 -2.682046 0.101457
 147.580007 -2.849656 0.195672
 147.780007 -2.706221 0.085484
 147.980007 -2.752373 -0.054582
 148.180007 -2.938139 0.323426
 148.380007 -2.739733 -0.052831
 148.580007 -2.671689 0.282641
 148.780007 -2.886451 0.197243
 148.980007 -2.679103 -0.044357
 149.180007 -2.611491 0.277848
 149.380007 -2.794474 0.039967
 149.580007 -2.601128 0.110944
 149.780007 -2.652213 0.229503
 149.980007 -2.988970 -0.015438
 150.180007 -2.595979 0.165483
 150.380007 -2.799040 0.218146
 150.580007 -2.741020 0.202543
 150.780007 -2.416332 0.167289
 150.980007 -2.874240 0.140762
 151.180007 -2.720110 0.124078
 151.380007 -2.579077 0.108769
 151.580007 -2.724213 -0.045556
 151.780007 -2.792146 0.350396
 151.980007 -2.738157 -0.105471
 152.180007 -2.733292 0.114586
 152.380007 -2.762138 0.222494
 152.580007 -2.609900 -0.099639
 152.780007 -2.660643 0.252453
 152.980007 -2.825814 0.039387
 153.180007 -2.691421 -0.094936
 153.380007 -2.758203 0.289444
 153.580007 -2.791442 -0.091366
 153.780007 -2.527779 0.195731
 153.980007 -2.954969 0.123461
 154.180007 -2.716280 -0.017447
 154.380007 -2.664404 0.416655
 154.580007 -2.848018 0.011670
 154.780007 -2.878812 0.203042
 154.980007 -2.697584 -0.006444
 155.180007 -2.946645 -0.230187
 155.380007 -2.805270 -0.182370
 155.580007 -2.693658 0.441411
 155.780007 -2.683067 0.029011
 155.980007 -2.861829 -0.043175
 156.180007 -2.778079 0.282126
 156.380007 -2.673415 -0.010090
 156.580007 -2.924420 -0.359835
 156.780007 -2.758093 -0.312775
 156.980007 -2.671157 0.545087
 157.180007 -2.838751 -0.307604
 157.380007 -2.904783 -0.346355
 157.580007 -2.728683 0.000082
 157.780007 -2.759482 0.217984
 157.980008 -2.845447 -0.404316
 158.180008 -2.928753 -0.345171
 158.380008 -2.703553 0.428522
 158.580008 -2.682825 -0.160335
 158.780008 -2.627118 -0.467506
 158.980008 -2.854501 0.158560
 159.180008 -2.630736 0.317381
 159.380008 -2.974124 -0.332041
 159.580008 -2.937032 -0.485028
 159.780008 -2.649550 0.453736
 159.980008 -2.803464 -0.257441
 160.180008 -2.979561 -0.349544
 160.380008 -2.890070 -0.271329
 160.580008 -2.867846 0.623431
 160.780008 -2.697318 -0.414954
 160.980008 -2.742721 -0.302840
 161.180008 -2.823845 0.300045
 161.380008 -2.781499 -0.038583
 161.580008 -3.126526 -0.489976
 161.780008 -2.894592 -0.242155
 161.980008 -2.635935 0.549648
 162.180008 -2.845019 -0.500475
 162.380008 -2.972723 -0.089847
 162.580008 -2.388009 0.355911
 162.780008 -2.948955 -0.131560
 162.980008 -2.777386 -0.320418
 163.180008 -2.740187 0.259121
 163.380008 -2.813856 0.073477
 163.580008 -2.825153 -0.040406
 163.780008 -2.575554 0.385541
 163.980008 -2.830874 -0.141543
 164.180008 -2.673645 0.167762
 164.380008 -2.500616 0.194806
 164.580008 -2.935443 -0.192541
 164.780008 -2.824851 -0.296123
 164.980008 -2.606157 0.084135
 165.180008 -2.826976 0.248738
 165.380008 -2.678488 0.150475
 165.580008 -2.747770 0.164983
 165.780008 -2.768176 0.011842
 165.980008 -2.728068 -0.006671
 166.180008 -2.534405 0.190066
 166.380008 -2.814249 0.136350
 166.580008 -2.724744 0.044247
 166.780008 -2.783078 0.248896
 166.980008 -2.718161 0.001397
 167.180008 -2.684068 0.286074
 167.380008 -2.595222 0.054505
 167.580008 -2.740744 0.165545
 167.780008 -2.702398 0.235384
 167.980008 -2.795265 -0.074473
 168.180008 -2.760081 0.206317
 168.380008 -2.588031 0.147847
 168.580008 -2.703787 0.086766
 168.780008 -2.935581 -0.211592
 168.980008 -2.847645 0.170726
 169.180008 -2.659924 0.194102
 169.380008 -2.836097 -0.041921
 169.580008 -2.707005 0.325425
 169.780008 -2.797453 0.006706
 169.980008 -2.809564 -0.034056
 170.180008 -2.730299 0.405897
 170.380008 -2.742174 -0.148398
 170.580008 -2.884030 -0.264699
 170.780008 -2.688951 0.001373
 170.980008 -2.733516 0.219658
 171.180008 -2.772206 0.071344
 171.380008 -2.685808 0.070953
 171.580008 -2.684679 0.187786
 171.780008 -2.690076 -0.096660
 171.980008 -2.758043 0.256653
 172.180008 -2.746421 0.000080
 172.380008 -2.915113 0.017846
 172.580008 -2.640556 0.045094
 172.780008 -2.700454 0.316790
 172.980008 -2.682952 0.119170
 173.180008 -2.685639 0.105434
 173.380008 -2.840476 0.059543
 173.580008 -2.687866 0.068463
 173.780008 -2.822819 0.204061
 173.980008 -2.796235 -0.191411
 174.180008 -2.789939 0.224224
 174.380008 -2.775685 0.056688
 174.580008 -2.883406 0.209811
 174.780008 -2.666508 0.027729
 174.980008 -2.817367 0.172000
 175.180008 -2.621253 0.102481
 175.380008 -2.763849 0.165616
 175.580008 -2.877389 -0.024999
 175.780008 -2.786828 0.177878
 175.980008 -2.570035 -0.008883
 176.180008 -2.775483 0.372748
 176.380008 -2.556520 -0.091268
 176.580008 -2.982853 0.080305
 176.780008 -2.970380 -0.291867
 176.980008 -2.743103 0.300526
 177.180008 -2.730496 -0.205207
 177.380008 -2.735574 0.249394
 177.580008 -2.613806 0.195787
 177.780008 -2.853165 -0.139369
 177.980008 -2.771482 0.413572
 178.180008 -2.828856 -0.160839
 178.380008 -2.707389 -0.043009
 178.580008 -2.649377 0.418870
 178.780008 -2.782410 0.006256
 178.980009 -2.752566 -0.184000
 179.180009 -2.861299 0.450118
 179.380009 -3.043186 -0.415293
 179.580009 -3.126224 -0.419165
 179.780009 -2.860954 -0.210653
 179.980009 -2.818004 0.372394
 180.180009 -2.477970 -0.168759
 180.380009 -2.838605 0.120690
 180.580009 -2.432314 0.290232
 180.780009 -2.685505 -0.217899
 180.980009 -2.823464 -0.217120
 181.180009 -2.670537 0.214320
 181.380009 -2.665681 0.204833
 181.580009 -2.985424 -0.127505
 181.780009 -2.777963 -0.082901
 181.980009 -2.572651 0.498955
 182.180009 -2.868030 -0.041580
 182.380009 -2.755765 -0.218644
 182.580009 -2.559239 -0.255878
 182.780009 -2.804447 0.392683
 182.980009 -2.467837 -0.180821
 183.180009 -2.916604 -0.071971
 183.380009 -2.616011 0.361582
 183.580009 -2.875867 -0.111233
 183.780009 -2.584603 0.014696
 183.980009 -2.731659 0.300360
 184.180009 -2.726783 -0.051570
 184.380009 -2.699179 0.302881
 184.580009 -2.854404 0.071510
 184.780009 -2.892655 0.163410
 184.980009 -2.563245 0.225208
 185.180009 -2.729666 0.044126
 185.380009 -2.736733 0.152151
 185.580009 -2.612754 0.107450
 185.780009 -2.836690 0.280023
 185.980009 -2.611708 0.207700
 186.180009 -2.801951 0.074779
 186.380009 -2.776630 0.130082
 186.580009 -2.776075 0.262916
 186.780009 -2.593040 -0.121846
 186.980009 -2.950954 0.466696
 187.180009 -2.711460 -0.174589
 187.380009 -2.683172 0.278991
 187.580009 -2.627416 0.005579
 187.780009 -2.855498 0.078228
 187.980009 -2.579816 0.206248
 188.180009 -2.979565 0.053235
 188.380009 -2.604511 0.127873
 188.580009 -2.640359 0.129542
 188.780009 -2.956848 -0.233608
 188.980009 -2.683368 0.000771
 189.180009 -2.448531 0.209018
 189.380009 -2.751294 0.015666
 189.580009 -2.501150 0.193384
 189.780009 -2.626381 0.131618
 189.980009 -2.848613 -0.196262
 190.180009 -2.708436 0.326474
 190.380009 -2.667633 0.053037
 190.580009 -2.858099 0.066812
 190.780009 -2.675342 0.182014
 190.980009 -2.703690 0.099719
 191.180009 -2.755955 0.232911
 191.380009 -2.736371 0.186976
 191.580009 -2.690278 -0.058047
 191.780009 -2.874487 0.338178
 191.980009 -2.876109 -0.303260
 192.180009 -2.571883 -0.053113
 192.380009 -2.812908 0.336616
 192.580009 -2.774352 -0.105025
 192.780009 -2.680925 -0.339355
 192.980009 -2.798346 0.045671
 193.180009 -2.723163 0.293625
 193.380009 -2.674807 -0.284143
 193.580009 -2.834799 0.393726
 193.780009 -2.710911 -0.110581
 193.980009 -2.891033 -0.277787
 194.180009 -2.735614 -0.461397
 194.380009 -2.708858 0.266228
 194.580009 -2.718243 0.092740
 194.780009 -3.043604 -0.074836
 194.980009 -2.708700 0.081449
 195.180009 -2.593784 0.322122
 195.380009 -2.929029 -0.482560
 195.580009 -2.897409 -0.243102
 195.780009 -2.638189 -0.115062
 195.980009 -2.841128 0.377320
 196.180009 -2.741779 -0.223974
 196.380009 -2.760412 -0.416093
 196.580009 -2.900716 0.423528
 196.780009 -2.593459 -0.102482
 196.980009 -2.975811 -0.107672
 197.180009 -2.860825 -0.561704
 197.380009 -2.709420 0.506535
 197.580009 -2.710460 -0.077214
 197.780009 -2.923670 -0.411031
 197.980009 -2.807948 -0.017660
 198.180009 -2.435831 0.391281
 198.380009 -2.626966 -0.264034
 198.580009 -2.926441 -0.416195
 198.780009 -2.492375 0.293748
 198.980009 -2.670407 0.014004
 199.180009 -3.092950 -0.437055
 199.380009 -2.702086 -0.268456
 199.580009 -2.547065 0.512558
 199.780009 -2.757670 -0.044072
 199.980009 -2.699355 0.112498
