#! FIELDS time phi psi
#! SET max_psi pi
 0.180000 2.104015 -2.564165
 0.380000 2.855420 -2.453884
 0.580000 1.887006 -2.430013
 0.780000 1.749626 -2.431321
 0.980000 2.534027 -2.200805
 1.180000 2.689626 -2.765695
 1.380000 1.873908 -2.419356
 1.580000 2.291460 -2.550163
 1.780000 2.689825 -2.498704
 1.980000 2.493955 -2.574225
 2.180000 2.029654 -2.632805
 2.380000 2.403228 -2.078138
 2.580000 3.089705 -2.884544
 2.780000 2.505341 -2.118372
 2.980000 1.753288 -2.463804
 3.180000 2.025619 -2.429565
 3.380000 2.748310 -2.603751
 3.580000 2.331161 -2.367396
 3.780000 1.818866 -2.464590
 3.980000 2.359649 -2.610231
 4.180000 2.528781 -2.053442
 4.380000 2.263995 -2.862921
 4.580000 2.320732 -2.201654
 4.780000 2.376616 -2.378490
 4.980000 1.853384 -2.501428
 5.180000 2.194325 -2.576516
 5.380000 2.702378 -2.356454
 5.580000 2.396789 -2.319637
 5.780000 2.092854 -2.813767
 5.980000 2.588283 -2.060479
 6.180000 2.636109 -2.904677
 6.380000 1.993180 -2.099417
 6.580000 2.363639 -2.490004
 6.780000 2.703431 -2.211419
 6.980000 2.431269 -2.602589
 7.180000 2.286574 -2.455019
 7.380000 2.398125 -2.195520
 7.580000 2.317477 -2.850259
 7.780000 2.594974 -2.296631
 7.980000 2.430267 -2.508970
 8.180000 2.185811 -2.278299
 8.380000 2.346194 -2.859177
 8.580000 2.596085 -2.399851
 8.780000 2.136087 -2.575383
 8.980000 2.340461 -2.387931
 9.180000 2.666012 -2.393768
 9.380000 2.329751 -2.935298
 9.580000 2.216859 -2.200247
 9.780000 2.428575 -2.452343
 9.980000 2.459093 -2.389971
 10.180000 2.159113 -2.787994
 10.380000 2.412393 -2.247008
 10.580001 2.455552 -2.482425
 10.780001 2.377469 -2.546368
 10.980001 2.323733 -2.505118
 11.180001 2.370054 -2.275107
 11.380001 2.475823 -2.573865
 11.580001 2.578268 -2.549035
 11.780001 2.493477 -2.250531
 11.980001 2.073536 -2.538748
 12.180001 2.433125 -2.431193
 12.380001 2.816034 -2.480993
 12.580001 2.248618 -2.232225
 12.780001 1.772415 -2.680710
 12.980001 2.402279 -2.244637
 13.180001 2.733736 -2.649202
 13.380001 2.327428 -2.308118
 13.580001 2.115214 -2.400436
 13.780001 2.270524 -2.401583
 13.980001 2.587090 -2.517624
 14.180001 2.313565 -2.342065
 14.380001 2.194770 -2.392443
 14.580001 2.412700 -2.664633
 14.780001 2.511090 -2.353204
 14.980001 2.209883 -2.669207
 15.180001 2.294273 -2.276070
 15.380001 2.620808 -2.634922
 15.580001 2.445145 -2.487157
 15.780001 2.163922 -2.519641
 15.980001 2.314617 -2.406193
 16.180001 2.606348 -2.554637
 16.380001 2.252051 -2.458572
 16.580001 2.191810 -2.384744
 16.780001 2.538525 -2.491310
 16.980001 2.708418 -2.400620
 17.180001 2.499184 -2.395857
 17.380001 2.256421 -2.425180
 17.580001 2.600759 -2.673160
 17.780001 2.553785 -2.240851
 17.980001 2.023236 -2.706025
 18.180001 2.440693 -2.340889
 18.380001 2.608178 -2.557932
 18.580001 2.352201 -2.445119
 18.780001 2.064053 -2.623190
 18.980001 2.565743 -2.472601
 19.180001 2.576393 -2.488017
 19.380001 2.382039 -2.527649
 19.580001 2.412568 -2.447367
 19.780001 2.557441 -2.607457
 19.980001 2.521092 -2.513394
 20.180001 2.544549 -2.555111
 20.380001 2.438043 -2.381031
 20.580001 2.376495 -2.525461
 20.780001 2.407306 -2.474462
 20.980001 2.283275 -2.469846
 21.180001 2.366782 -2.471357
 21.380001 2.459513 -2.491220
 21.580001 2.233802 -2.477718
 21.780001 2.296713 -2.668020
 21.980001 2.649236 -2.406229
 22.180001 2.438650 -2.704894
 22.380001 2.166038 -2.549830
 22.580001 2.563230 -2.433472
 22.780001 2.540929 -2.556771
 22.980001 2.164730 -2.600438
 23.180001 2.280759 -2.361998
 23.380001 2.551039 -2.582430
 23.580001 2.512924 -2.686624
 23.780001 2.175925 -2.407690
 23.980001 2.431508 -2.461939
 24.180001 2.761144 -2.529872
 24.380001 2.365344 -2.519630
 24.580001 2.122424 -2.335116
 24.780001 2.530265 -2.480521
 24.980001 2.677023 -2.472105
 25.180001 2.223414 -2.369870
 25.380001 2.309001 -2.312759
 25.580001 2.517231 -2.618670
 25.780001 2.451896 -2.449236
 25.980001 2.217028 -2.367407
 26.180001 2.525776 -2.541240
 26.380001 2.610159 -2.748996
 26.580001 2.425749 -2.282741
 26.780001 2.475817 -2.537027
 26.980001 2.486305 -2.570280
 27.180001 2.362470 -2.468024
 27.380001 2.206433 -2.368453
 27.580001 2.560590 -2.445893
 27.780001 2.675426 -2.558212
 27.980001 2.280308 -2.425568
 28.180001 2.171231 -2.379704
 28.380001 2.516791 -2.465444
 28.580001 2.618179 -2.726748
 28.780001 2.391057 -2.431033
 28.980001 2.200221 -2.402516
 29.180001 2.286982 -2.507441
 29.380001 2.629216 -2.641248
 29.580001 2.447301 -2.533640
 29.780001 2.256063 -2.438257
 29.980001 2.512753 -2.475057
 30.180001 2.586276 -2.547179
 30.380001 2.218568 -2.466032
 30.580001 2.157335 -2.443053
 30.780001 2.623745 -2.427224
 30.980001 2.604438 -2.700374
 31.180001 2.176859 -2.320401
 31.380001 2.225583 -2.604481
 31.580001 2.682337 -2.455995
 31.780002 2.460274 -2.650206
 31.980002 2.102185 -2.424333
 32.180002 2.379787 -2.431893
 32.380002 2.770293 -2.680815
 32.580002 2.122153 -2.325134
 32.780002 1.801356 -2.321724
 32.980002 2.494636 -2.543460
 33.180002 2.605072 -2.555302
 33.380002 2.197474 -2.278948
 33.580002 2.148495 -2.535032
 33.780002 2.717043 -2.527613
 33.980002 2.336866 -2.550018
 34.180002 1.992689 -2.150399
 34.380002 2.356696 -2.672341
 34.580002 2.816942 -2.588478
 34.780002 1.945551 -2.466701
 34.980002 1.966558 -2.287290
 35.180002 2.646941 -2.509912
 35.380002 2.790530 -2.728332
 35.580002 2.052919 -2.066675
 35.780002 1.883145 -2.731921
 35.980002 2.574778 -2.344091
 36.180002 2.368881 -2.725812
 36.380002 2.034262 -2.235880
 36.580002 2.372604 -2.575151
 36.780002 2.708392 -2.522858
 36.980002 2.318787 -2.416359
 37.180002 2.024842 -2.433150
 37.380002 2.432289 -2.389803
 37.580002 2.695396 -2.689424
 37.780002 2.436675 -2.397373
 37.980002 2.294034 -2.239282
 38.180002 2.548256 -2.636134
 38.380002 2.523882 -2.646152
 38.580002 2.251976 -2.295179
 38.780002 2.129562 -2.380302
 38.980002 2.793490 -2.948098
 39.180002 2.504536 -2.354852
 39.380002 1.769288 -2.259734
 39.580002 2.378759 -2.628057
 39.780002 2.872915 -2.529464
 39.980002 1.955048 -2.409414
 40.180002 1.710130 -2.275984
 40.380002 2.758737 -2.574333
 40.580002 2.601213 -2.390554
 40.780002 1.616826 -2.258238
 40.980002 2.387114 -2.525924
 41.180002 2.965718 -2.599403
 41.380002 2.122153 -2.455819
 41.580002 1.999221 -2.554487
 41.780002 2.656871 -2.230334
 41.980002 2.520785 -2.753950
 42.180002 1.760962 -2.140234
 42.380002 2.074017 -2.408610
 42.580002 2.683170 -2.625231
 42.780002 2.413813 -2.462668
 42.980002 1.954733 -2.111676
 43.180002 2.060999 -2.510326
 43.380002 2.792148 -2.736017
 43.580002 2.160960 -2.443017
 43.780002 2.155814 -2.273145
 43.980002 2.717424 -2.793899
 44.180002 2.695163 -2.608736
 44.380002 1.995899 -2.382921
 44.580002 1.972427 -2.436484
 44.780002 2.719976 -2.661724
 44.980002 2.360604 -2.356452
 45.180002 1.892418 -2.259555
 45.380002 2.176387 -2.529095
 45.580002 2.613863 -2.493774
 45.780002 2.436061 -2.339278
 45.980002 1.947311 -2.374912
 46.180002 2.417082 -2.405422
 46.380002 2.761120 -2.440060
 46.580002 2.381485 -2.700235
 46.780002 1.909034 -2.180321
 46.980002 2.299043 -2.444145
 47.180002 2.690402 -2.518206
 47.380002 2.309699 -2.628416
 47.580002 2.032516 -2.131536
 47.780002 2.459443 -2.644008
 47.980002 2.650569 -2.557587
 48.180002 2.212230 -2.449485
 48.380002 2.233733 -2.130986
 48.580002 2.537803 -2.807595
 48.780002 2.757883 -2.550886
 48.980002 2.271299 -2.392061
 49.180002 2.059690 -2.373179
 49.380002 2.470764 -2.550552
 49.580002 2.672551 -2.553717
 49.780002 2.225177 -2.297267
 49.980002 2.325002 -2.609868
 50.180002 2.573449 -2.425691
 50.380002 2.516276 -2.679323
 50.580002 2.173807 -2.178497
 50.780002 2.250430 -2.562252
 50.980002 2.600478 -2.446910
 51.180002 2.310973 -2.574418
 51.380002 2.177553 -2.230519
 51.580002 2.500340 -2.501406
 51.780002 2.571506 -2.735924
 51.980002 2.087742 -2.319984
 52.180002 2.113980 -2.389581
 52.380002 2.519059 -2.601643
 52.580002 2.688225 -2.670517
 52.780003 2.138787 -2.247005
 52.980003 2.200369 -2.515885
 53.180003 2.760169 -2.672648
 53.380003 2.365652 -2.563710
 53.580003 2.136632 -2.294404
 53.780003 2.387395 -2.554818
 53.980003 2.604781 -2.641473
 54.180003 2.243020 -2.396033
 54.380003 2.028604 -2.393627
 54.580003 2.523870 -2.558321
 54.780003 2.711977 -2.701212
 54.980003 2.202264 -2.370118
 55.180003 2.321363 -2.501599
 55.380003 2.563386 -2.577655
 55.580003 2.527530 -2.546317
 55.780003 1.964081 -2.383134
 55.980003 2.329019 -2.506065
 56.180003 2.710452 -2.726436
 56.380003 2.321610 -2.516452
 56.580003 2.101450 -2.407220
 56.780003 2.545589 -2.511841
 56.980003 2.664369 -2.621375
 57.180003 2.110500 -2.465652
 57.380003 2.161219 -2.290445
 57.580003 2.643762 -2.514129
 57.780003 2.528214 -2.547408
 57.980003 1.881640 -2.266528
 58.180003 2.104401 -2.362178
 58.380003 2.806505 -2.660850
 58.580003 2.484383 -2.369295
 58.780003 1.971769 -2.227875
 58.980003 2.169247 -2.653942
 59.180003 2.626199 -2.386351
 59.380003 2.354950 -2.525688
 59.580003 1.999862 -2.293698
 59.780003 2.414874 -2.508795
 59.980003 2.516783 -2.460786
 60.180003 1.895314 -2.495215
 60.380003 2.262537 -2.223781
 60.580003 2.563319 -2.420703
 60.780003 2.541421 -2.707916
 60.980003 2.142598 -2.240983
 61.180003 2.430660 -2.358497
 61.380003 2.561495 -2.774359
 61.580003 2.147068 -2.553945
 61.780003 2.043278 -2.343219
 61.980003 2.395164 -2.535675
 62.180003 2.603146 -2.792827
 62.380003 2.121413 -2.348832
 62.580003 2.106293 -2.290555
 62.780003 2.545709 -2.825603
 62.980003 2.655608 -2.461339
 63.180003 2.141075 -2.397456
 63.380003 2.251081 -2.453512
 63.580003 2.648331 -2.690761
 63.780003 2.345628 -2.484071
 63.980003 2.042070 -2.248141
 64.180003 2.346760 -2.736454
 64.380003 2.720201 -2.253897
 64.580003 2.193614 -2.680304
 64.780003 2.030375 -2.442479
 64.980003 2.628431 -2.494408
 65.180003 2.557165 -2.369339
 65.380003 2.142270 -2.575624
 65.580003 2.392879 -2.349874
 65.780003 2.561643 -2.436368
 65.980003 2.563501 -2.660034
 66.180003 2.323368 -2.310261
 66.380003 2.369403 -2.356597
 66.580003 2.560013 -2.549635
 66.780003 2.276778 -2.542467
 66.980003 2.337994 -2.308833
 67.180003 2.447310 -2.533479
 67.380003 2.487771 -2.719279
 67.580003 2.428609 -2.432850
 67.780003 2.306027 -2.393217
 67.980003 2.516262 -2.664561
 68.180003 2.734180 -2.618784
 68.380003 2.399728 -2.534322
 68.580003 2.353454 -2.449361
 68.780003 2.603927 -2.586089
 68.980003 2.710581 -2.477947
 69.180003 2.279053 -2.465053
 69.380003 1.994401 -2.426635
 69.580003 2.395585 -2.482620
 69.780003 2.744101 -2.620811
 69.980003 2.453069 -2.369708
 70.180003 2.133062 -2.530515
 70.380003 2.435533 -2.447731
 70.580003 2.736003 -2.569649
 70.780003 2.334413 -2.338493
 70.980003 2.302225 -2.475004
 71.180003 2.472696 -2.572460
 71.380003 2.368441 -2.504097
 71.580003 1.987877 -2.358672
 71.780003 2.187514 -2.541564
 71.980003 2.730406 -2.677924
 72.180003 2.355776 -2.454880
 72.380003 2.050765 -2.397467
 72.580003 2.551127 -2.505742
 72.780003 2.823515 -2.545946
 72.980003 2.354419 -2.568842
 73.180003 2.208462 -2.348415
 73.380003 2.808430 -2.708289
 73.580003 2.539084 -2.382322
 73.780004 2.156298 -2.296307
 73.980004 2.320114 -2.427512
 74.180004 2.561811 -2.466402
 74.380004 2.330554 -2.472577
 74.580004 2.165268 -2.442472
 74.780004 2.561376 -2.424293
 74.980004 2.507199 -2.553859
 75.180004 2.297461 -2.580525
 75.380004 2.298752 -2.318400
 75.580004 2.660202 -2.538572
 75.780004 2.554313 -2.612656
 75.980004 2.311098 -2.446105
 76.180004 2.415561 -2.295834
 76.380004 2.635296 -2.455801
 76.580004 2.642137 -2.664980
 76.780004 2.391623 -2.447351
 76.980004 2.230166 -2.508195
 77.180004 2.575707 -2.435735
 77.380004 2.390754 -2.575197
 77.580004 2.030253 -2.523218
 77.780004 2.397385 -2.496795
 77.980004 2.614834 -2.530558
 78.180004 2.337524 -2.504471
 78.380004 2.143231 -2.593393
 78.580004 2.623237 -2.518839
 78.780004 2.515483 -2.681708
 78.980004 2.301154 -2.399519
 79.180004 2.666545 -2.532883
 79.380004 2.680866 -2.436375
 79.580004 1.986369 -2.561680
 79.780004 2.027332 -2.281163
 79.980004 2.507659 -2.454533
 80.180004 2.560399 -2.578164
 80.380004 2.118869 -2.247218
 80.580004 1.913618 -2.571817
 80.780004 2.575094 -2.499338
 80.980004 2.682829 -2.620817
 81.180004 2.221350 -2.227463
 81.380004 2.313392 -2.690918
 81.580004 2.537184 -2.380389
 81.780004 2.273119 -2.587081
 81.980004 2.099993 -2.238592
 82.180004 2.643874 -2.592948
 82.380004 2.788273 -2.439816
 82.580004 2.061993 -2.368381
 82.780004 2.081230 -2.360518
 82.980004 2.520858 -2.407528
 83.180004 2.540494 -2.750852
 83.380004 2.315724 -2.201838
 83.580004 2.363837 -2.573194
 83.780004 2.310424 -2.335453
 83.980004 2.588542 -2.767456
 84.180004 2.339787 -2.156194
 84.380004 2.223721 -2.643183
 84.580004 2.238550 -2.489672
 84.780004 2.480591 -2.445159
 84.980004 2.415976 -2.502148
 85.180004 2.189453 -2.498553
 85.380004 2.285404 -2.552328
 85.580004 2.369861 -2.226173
 85.780004 2.654552 -2.754612
 85.980004 2.277111 -2.240225
 86.180004 2.171514 -2.650261
 86.380004 2.443469 -2.304152
 86.580004 2.604972 -2.626294
 86.780004 2.393576 -2.393204
 86.980004 2.448721 -2.734366
 87.180004 2.546760 -2.428280
 87.380004 2.298800 -2.553941
 87.580004 2.422388 -2.624975
 87.780004 2.557906 -2.321154
 87.980004 2.600273 -2.722904
 88.180004 2.364923 -2.260825
 88.380004 2.057035 -2.571525
 88.580004 2.264352 -2.447854
 88.780004 2.622796 -2.564882
 88.980004 2.557217 -2.276538
 89.180004 2.136936 -2.675217
 89.380004 2.428586 -2.552541
 89.580004 2.723500 -2.322905
 89.780004 2.436276 -2.583586
 89.980004 2.335270 -2.524597
 90.180004 2.568983 -2.411283
 90.380004 2.532179 -2.397636
 90.580004 2.327735 -2.632408
 90.780004 2.466688 -2.251147
 90.980004 2.413101 -2.361480
 91.180004 2.434753 -2.582829
 91.380004 2.551680 -2.433874
 91.580004 2.416226 -2.423633
 91.780004 2.299022 -2.456538
 91.980004 2.660701 -2.510398
 92.180004 2.662196 -2.376890
 92.380004 2.194464 -2.523354
 92.580004 2.182968 -2.507056
 92.780004 2.624031 -2.363244
 92.980004 2.280058 -2.524961
 93.180004 2.125960 -2.479593
 93.380004 2.402883 -2.394115
 93.580004 2.564583 -2.576636
 93.780004 2.573578 -2.454934
 93.980004 2.338545 -2.507051
 94.180004 2.460325 -2.459036
 94.380004 2.687446 -2.559238
 94.580004 2.267986 -2.372542
 94.780005 2.335916 -2.621098
 94.980005 2.592553 -2.376398
 95.180005 2.607265 -2.651562
 95.380005 2.343965 -2.344525
 95.580005 2.233319 -2.510807
 95.780005 2.528621 -2.499623
 95.980005 2.491356 -2.499309
 96.180005 2.237394 -2.369685
 96.380005 2.308575 -2.519973
 96.580005 2.662051 -2.602890
 96.780005 2.374095 -2.391423
 96.980005 2.292243 -2.589201
 97.180005 2.367834 -2.458398
 97.380005 2.524093 -2.710344
 97.580005 2.232216 -2.204413
 97.780005 2.346773 -2.703069
 97.980005 2.539554 -2.627116
 98.180005 2.357815 -2.456744
 98.380005 2.302489 -2.435327
 98.580005 2.493844 -2.535385
 98.780005 2.579445 -2.837792
 98.980005 2.422629 -2.197776
 99.180005 2.203099 -2.601514
 99.380005 2.343595 -2.387801
 99.580005 2.593827 -2.629131
 99.780005 2.303182 -2.419700
 99.980005 2.059575 -2.425630
 100.180005 2.553334 -2.529588
 100.380005 2.599104 -2.408674
 100.580005 1.976610 -2.561693
 100.780005 2.183503 -2.374708
 100.980005 2.988727 -2.487143
 101.180005 2.917151 -2.515143
 101.380005 1.940105 -2.439220
 101.580005 2.145037 -2.409668
 101.780005 2.969337 -2.709165
 101.980005 2.515876 -2.693843
 102.180005 2.294909 -2.175845
 102.380005 2.428075 -2.440534
 102.580005 2.592041 -2.543987
 102.780005 2.020669 -2.441880
 102.980005 2.184317 -2.072694
 103.180005 2.577950 -2.722755
 103.380005 2.321776 -2.489029
 103.580005 1.940240 -2.336853
 103.780005 2.216417 -2.492964
 103.980005 2.770446 -2.646918
 104.180005 2.397124 -2.723428
 104.380005 2.238887 -2.198472
 104.580005 2.577630 -2.736337
 104.780005 2.603916 -2.406436
 104.980005 2.093716 -2.706964
 105.180005 2.135460 -2.284839
 105.380005 2.627142 -2.571290
 105.580005 2.262569 -2.546289
 105.780005 2.153200 -2.256746
 105.980005 2.298588 -2.504024
 106.180005 2.617606 -2.463080
 106.380005 2.331037 -2.701430
 106.580005 2.328258 -2.231480
 106.780005 2.741973 -2.538105
 106.980005 2.557685 -2.502463
 107.180005 2.099683 -2.404150
 107.380005 2.293297 -2.392604
 107.580005 2.854404 -2.697404
 107.780005 2.611704 -2.397324
 107.980005 2.101679 -2.362543
 108.180005 2.311341 -2.575100
 108.380005 2.769041 -2.414735
 108.580005 2.540421 -2.502484
 108.780005 2.017603 -2.432686
 108.980005 2.437187 -2.455929
 109.180005 2.652693 -2.444838
 109.380005 2.306985 -2.586303
 109.580005 2.319741 -2.414302
 109.780005 2.656652 -2.435937
 109.980005 2.311105 -2.531931
 110.180005 2.020269 -2.493255
 110.380005 2.474836 -2.246878
 110.580005 2.534461 -2.581260
 110.780005 2.115076 -2.555352
 110.980005 2.349758 -2.387363
 111.180005 2.676486 -2.376259
 111.380005 2.268813 -2.646244
 111.580005 2.017290 -2.584803
 111.780005 2.364677 -2.122147
 111.980005 2.695833 -2.719030
 112.180005 2.447509 -2.471543
 112.380005 2.190200 -2.383978
 112.580005 2.256785 -2.338669
 112.780005 2.513674 -2.578776
 112.980005 2.480264 -2.438462
 113.180005 2.226361 -2.406625
 113.380005 2.335138 -2.465993
 113.580005 2.493215 -2.525216
 113.780005 2.480164 -2.614128
 113.980005 2.292087 -2.262919
 114.180005 2.361722 -2.761826
 114.380005 2.513207 -2.188051
 114.580005 2.179283 -2.694506
 114.780005 2.187897 -2.313981
 114.980005 2.575878 -2.505245
 115.180005 2.509063 -2.479591
 115.380005 2.275380 -2.667493
 115.580005 2.409128 -2.382359
 115.780005 2.423601 -2.672567
 115.980006 2.549341 -2.582280
 116.180006 2.384243 -2.535070
 116.380006 2.340281 -2.507290
 116.580006 2.425610 -2.498763
 116.780006 2.404280 -2.540351
 116.980006 2.215117 -2.202522
 117.180006 2.355533 -2.698207
 117.380006 2.439084 -2.320010
 117.580006 2.170381 -2.526792
 117.780006 2.139813 -2.196151
 117.980006 2.618396 -2.833629
 118.180006 2.458447 -2.236677
 118.380006 1.947153 -2.475348
 118.580006 2.363305 -2.571580
 118.780006 2.839502 -2.636904
 118.980006 2.441395 -2.756569
 119.180006 1.975906 -2.283236
 119.380006 2.438334 -2.520202
 119.580006 2.753258 -2.394288
 119.780006 2.191815 -2.760759
 119.980006 2.209695 -2.091282
 120.180006 2.458430 -2.595651
 120.380006 2.588731 -2.647828
 120.580006 2.024899 -2.372773
 120.780006 2.290021 -2.271985
 120.980006 2.857511 -2.683021
 121.180006 2.349597 -2.543327
 121.380006 1.951664 -2.287044
 121.580006 2.102380 -2.439326
 121.780006 2.598061 -2.624475
 121.980006 2.455886 -2.518299
 122.180006 2.109314 -2.126808
 122.380006 2.316205 -2.904686
 122.580006 2.655490 -2.459393
 122.780006 2.146043 -2.574401
 122.980006 1.983873 -2.207211
 123.180006 2.673385 -2.753505
 123.380006 2.631592 -2.558023
 123.580006 1.754578 -2.350060
 123.780006 2.089740 -2.488035
 123.980006 2.755250 -2.554891
 124.180006 2.408712 -2.670496
 124.380006 2.077636 -2.355340
 124.580006 2.300563 -2.371095
 124.780006 2.502921 -2.696078
 124.980006 2.273147 -2.641793
 125.180006 2.320957 -2.232395
 125.380006 2.489076 -2.581760
 125.580006 2.434766 -2.478167
 125.780006 2.297364 -2.617552
 125.980006 2.438721 -2.180327
 126.180006 2.644238 -2.706072
 126.380006 2.391355 -2.324653
 126.580006 2.275287 -2.455595
 126.780006 2.290613 -2.495217
 126.980006 2.534229 -2.511778
 127.180006 2.389806 -2.479940
 127.380006 2.182995 -2.504268
 127.580006 2.358219 -2.410848
 127.780006 2.662977 -2.496505
 127.980006 2.435710 -2.612610
 128.180006 2.320077 -2.424019
 128.380006 2.432986 -2.550340
 128.580006 2.605803 -2.509646
 128.780006 2.370795 -2.595508
 128.980006 2.298376 -2.260900
 129.180006 2.440997 -2.602032
 129.380006 2.588916 -2.348705
 129.580006 2.260351 -2.502373
 129.780006 2.295072 -2.473875
 129.980006 2.645650 -2.457518
 130.180006 2.500694 -2.429148
 130.380006 2.111195 -2.482524
 130.580006 2.386834 -2.482025
 130.780006 2.491232 -2.439199
 130.980006 2.279376 -2.574290
 131.180006 2.303565 -2.383226
 131.380006 2.334411 -2.484187
 131.580006 2.505951 -2.650976
 131.780006 2.418390 -2.559316
 131.980006 2.340763 -2.418389
 132.180006 2.297251 -2.594212
 132.380006 2.411613 -2.646864
 132.580006 2.481869 -2.605616
 132.780006 2.342896 -2.387398
 132.980006 2.362929 -2.442034
 133.180006 2.342582 -2.479351
 133.380006 2.501884 -2.714201
 133.580006 2.404500 -2.331387
 133.780006 2.514642 -2.562303
 133.980006 2.354114 -2.456243
 134.180006 2.320792 -2.739856
 134.380006 2.516015 -2.358561
 134.580006 2.475177 -2.631710
 134.780006 2.384087 -2.467567
 134.980006 2.312882 -2.629442
 135.180006 2.385731 -2.384553
 135.380006 2.621741 -2.547545
 135.580006 2.492607 -2.581248
 135.780006 2.370657 -2.400274
 135.980006 2.357400 -2.673815
 136.180006 2.526395 -2.314954
 136.380006 2.630117 -2.458561
 136.580006 2.333649 -2.416980
 136.780006 2.295910 -2.680527
 136.980007 2.638216 -2.210643
 137.180007 2.366592 -2.680708
 137.380007 2.297388 -2.364603
 137.580007 2.465125 -2.281908
 137.780007 2.422206 -2.546404
 137.980007 2.362433 -2.511625
 138.180007 2.428213 -2.451345
 138.380007 2.441213 -2.404869
 138.580007 2.318952 -2.738827
 138.780007 2.488180 -2.306549
 138.980007 2.349549 -2.499690
 139.180007 2.264801 -2.598553
 139.380007 2.481438 -2.384706
 139.580007 2.442291 -2.396612
 139.780007 2.351467 -2.542588
 139.980007 2.205433 -2.482030
 140.180007 2.472188 -2.346824
 140.380007 2.309147 -2.478122
 140.580007 2.378455 -2.589532
 140.780007 2.466527 -2.345680
 140.980007 2.419006 -2.620761
 141.180007 2.426067 -2.508277
 141.380007 2.528013 -2.612053
 141.580007 2.538968 -2.445654
 141.780007 2.400447 -2.697763
 141.980007 2.484027 -2.491155
 142.180007 2.414487 -2.477579
 142.380007 2.362340 -2.710796
 142.580007 2.597636 -2.348856
 142.780007 2.531286 -2.594422
 142.980007 2.345087 -2.233727
 143.180007 2.246121 -2.761828
 143.380007 2.498649 -2.270750
 143.580007 2.602723 -2.426932
 143.780007 2.331449 -2.385641
 143.980007 2.460480 -2.604965
 144.180007 2.503389 -2.579857
 144.380007 2.589995 -2.272469
 144.580007 2.337062 -2.634620
 144.780007 2.473537 -2.492822
 144.980007 2.651332 -2.532140
 145.180007 2.319275 -2.532185
 145.380007 2.317725 -2.524670
 145.580007 2.620339 -2.424401
 145.780007 2.653348 -2.610060
 145.980007 2.402405 -2.545720
 146.180007 2.493259 -2.387603
 146.380007 2.455379 -2.588312
 146.580007 2.469763 -2.388341
 146.780007 2.425370 -2.465897
 146.980007 2.350347 -2.401648
 147.180007 2.337900 -2.555478
 147.380007 2.481476 -2.483832
 147.580007 2.387875 -2.654710
 147.780007 2.474992 -2.474338
 147.980007 2.439462 -2.626712
 148.180007 2.342166 -2.534251
 148.380007 2.482545 -2.543240
 148.580007 2.423016 -2.516207
 148.780007 2.459835 -2.314934
 148.980007 2.132291 -2.671734
 149.180007 2.416654 -2.342252
 149.380007 2.414159 -2.526156
 149.580007 2.329214 -2.473905
 149.780007 2.469054 -2.624344
 149.980007 2.357874 -2.514835
 150.180007 2.353228 -2.575007
 150.380007 2.561967 -2.662339
 150.580007 2.468593 -2.639805
 150.780007 2.336999 -2.527601
 150.980007 2.412687 -2.450197
 151.180007 2.411325 -2.594405
 151.380007 2.436031 -2.634260
 151.580007 2.484706 -2.352199
 151.780007 2.350521 -2.411314
 151.980007 2.412447 -2.594168
 152.180007 2.342513 -2.359605
 152.380007 2.438341 -2.396856
 152.580007 2.419137 -2.471201
 152.780007 2.465940 -2.641572
 152.980007 2.446862 -2.380635
 153.180007 2.312475 -2.534018
 153.380007 2.335010 -2.398120
 153.580007 2.415058 -2.559958
 153.780007 2.414258 -2.573397
 153.980007 2.281872 -2.420007
 154.180007 2.471095 -2.475129
 154.380007 2.532005 -2.506247
 154.580007 2.441852 -2.642703
 154.780007 2.405052 -2.335815
 154.980007 2.452798 -2.522907
 155.180007 2.423038 -2.369220
 155.380007 2.353448 -2.597716
 155.580007 2.415783 -2.318950
 155.780007 2.591322 -2.504085
 155.980007 2.296018 -2.397926
 156.180007 2.211073 -2.523957
 156.380007 2.571473 -2.300655
 156.580007 2.492683 -2.562845
 156.780007 2.187838 -2.373727
 156.980007 2.489343 -2.412815
 157.180007 2.503436 -2.674430
 157.380007 2.399465 -2.420875
 157.580007 2.175251 -2.477091
 157.780007 2.194749 -2.373773
 157.980008 2.436864 -2.552080
 158.180008 2.510768 -2.460041
 158.380008 2.309388 -2.468213
 158.580008 2.194122 -2.518741
 158.780008 2.527000 -2.589400
 158.980008 2.672735 -2.587212
 159.180008 2.197927 -2.515089
 159.380008 2.146553 -2.509049
 159.580008 2.461975 -2.644535
 159.780008 2.556377 -2.742503
 159.980008 2.293552 -2.290502
 160.180008 2.206777 -2.639785
 160.380008 2.527875 -2.484318
 160.580008 2.391851 -2.476895
 160.780008 2.208034 -2.372056
 160.980008 2.384031 -2.484812
 161.180008 2.598565 -2.473638
 161.380008 2.314122 -2.380049
 161.580008 2.005802 -2.365627
 161.780008 2.385556 -2.628597
 161.980008 2.645343 -2.490930
 162.180008 2.057035 -2.365237
 162.380008 2.048551 -2.673505
 162.580008 2.686786 -2.654538
 162.780008 2.448852 -2.535705
 162.980008 2.064309 -2.366384
 163.180008 2.391265 -2.555000
 163.380008 2.583239 -2.707527
 163.580008 2.283496 -2.426355
 163.780008 2.301015 -2.300211
 163.980008 2.552076 -2.429799
 164.180008 2.592801 -2.528697
 164.380008 2.190041 -2.392583
 164.580008 2.259724 -2.377050
 164.780008 2.647959 -2.380816
 164.980008 2.658311 -2.518613
 165.180008 2.051241 -2.350708
 165.380008 2.249805 -2.576288
 165.580008 2.644106 -2.260719
 165.780008 2.442104 -2.630041
 165.980008 2.194011 -2.497484
 166.180008 2.380196 -2.434326
 166.380008 2.662109 -2.399992
 166.580008 2.345021 -2.705791
 166.780008 2.128475 -2.392715
 166.980008 2.488015 -2.302376
 167.180008 2.642646 -2.494521
 167.380008 2.245959 -2.505876
 167.580008 1.946312 -2.363654
 167.780008 2.311356 -2.335538
 167.980008 2.702098 -2.676508
 168.180008 2.508123 -2.162479
 168.380008 2.308984 -2.477087
 168.580008 2.212437 -2.481600
 168.780008 2.556387 -2.533531
 168.980008 2.522202 -2.348620
 169.180008 2.196984 -2.401389
 169.380008 2.318628 -2.646822
 169.580008 2.573759 -2.350368
 169.780008 2.292332 -2.482236
 169.980008 2.226154 -2.500219
 170.180008 2.579784 -2.515030
 170.380008 2.525812 -2.288668
 170.580008 1.927206 -2.650774
 170.780008 2.413168 -2.237369
 170.980008 2.553326 -2.496260
 171.180008 2.307989 -2.462108
 171.380008 2.311844 -2.449178
 171.580008 2.496589 -2.361926
 171.780008 2.584104 -2.504865
 171.980008 2.324220 -2.720972
 172.180008 2.445471 -2.348376
 172.380008 2.869911 -2.708074
 172.580008 2.397768 -2.365489
 172.780008 1.994707 -2.785002
 172.980008 2.407805 -2.116171
 173.180008 2.715378 -2.822750
 173.380008 2.302308 -2.438420
 173.580008 2.012383 -2.353398
 173.780008 2.340585 -2.467761
 173.980008 2.638075 -2.397866
 174.180008 2.294207 -2.767896
 174.380008 2.360997 -2.191063
 174.580008 2.596611 -2.578921
 174.780008 2.481924 -2.430443
 174.980008 2.193667 -2.648012
 175.180008 2.473661 -2.399992
 175.380008 2.656435 -2.571776
 175.580008 2.352330 -2.515822
 175.780008 2.245031 -2.321693
 175.980008 2.460588 -2.540368
 176.180008 2.473171 -2.419363
 176.380008 2.228251 -2.627145
 176.580008 2.350473 -2.134545
 176.780008 2.584227 -2.890742
 176.980008 2.619489 -2.379902
 177.180008 2.191637 -2.414412
 177.380008 2.266736 -2.391560
 177.580008 2.729855 -2.703790
 177.780008 2.554230 -2.530227
 177.980008 1.959196 -2.363437
 178.180008 2.315844 -2.574975
 178.380008 2.748559 -2.429539
 178.580008 2.387113 -2.856981
 178.780008 2.251337 -2.289718
 178.980009 2.539664 -2.457441
 179.180009 2.489992 -2.594644
 179.380009 2.108956 -2.646549
 179.580009 2.260136 -2.115057
 179.780009 2.765390 -2.652382
 179.980009 2.606959 -2.600045
 180.180009 2.085907 -2.222707
 180.380009 2.119946 -2.344983
 180.580009 2.930368 -2.671753
 180.780009 2.203355 -2.483280
 180.980009 2.037525 -2.128526
 181.180009 2.531000 -2.692820
 181.380009 2.708391 -2.357622
 181.580009 1.948869 -2.613839
 181.780009 1.966315 -2.259516
 181.980009 2.891065 -2.678478
 182.180009 2.821255 -2.528941
 182.380009 2.122512 -2.428567
 182.580009 2.285676 -2.697338
 182.780009 2.729581 -2.460683
 182.980009 2.230290 -2.741137
 183.180009 2.117493 -2.300687
 183.380009 2.469077 -2.535987
 183.580009 2.610695 -2.624429
 183.780009 2.089150 -2.297936
 183.980009 2.099753 -2.438996
 184.180009 2.751529 -2.455199
 184.380009 2.377494 -2.854611
 184.580009 2.240472 -1.967952
 184.780009 2.202925 -2.689045
 184.980009 2.516624 -2.439467
 185.180009 2.368129 -2.577879
 185.380009 2.028091 -2.237384
 185.580009 2.581469 -2.667130
 185.780009 2.612865 -2.421449
 185.980009 2.135071 -2.397726
 186.180009 1.914159 -2.536625
 186.380009 2.562158 -2.350481
 186.580009 2.795844 -2.757966
 186.780009 2.036933 -2.144698
 186.980009 2.049103 -2.648071
 187.180009 2.579644 -2.321806
 187.380009 2.587800 -2.739222
 187.580009 2.255414 -2.296286
 187.780009 2.285483 -2.479502
 187.980009 2.592498 -2.625843
 188.180009 2.402051 -2.396275
 188.380009 2.205740 -2.460751
 188.580009 2.292357 -2.482485
 188.780009 2.540385 -2.788564
 188.980009 2.554390 -2.222632
 189.180009 2.290912 -2.629239
 189.380009 2.482099 -2.484184
 189.580009 2.493480 -2.638576
 189.780009 2.263263 -2.287582
 189.980009 2.499535 -2.704614
 190.180009 2.535440 -2.428496
 190.380009 2.262206 -2.513287
 190.580009 2.296264 -2.316955
 190.780009 2.475971 -2.533781
 190.980009 2.535757 -2.653588
 191.180009 2.210813 -2.225263
 191.380009 1.839595 -2.571557
 191.580009 2.503821 -2.302611
 191.780009 2.825705 -2.715288
 191.980009 2.113624 -2.062530
 192.180009 2.211609 -2.876725
 192.380009 2.492447 -2.303123
 192.580009 2.420822 -2.681523
 192.780009 2.177609 -2.291873
 192.980009 2.360272 -2.424780
 193.180009 2.404316 -2.787116
 193.380009 2.288579 -2.189693
 193.580009 1.979373 -2.505703
 193.780009 2.321668 -2.441263
 193.980009 2.589908 -2.670078
 194.180009 2.430759 -2.106203
 194.380009 2.037785 -2.756611
 194.580009 2.321425 -2.394899
 194.780009 2.579818 -2.533926
 194.980009 2.259865 -2.426166
 195.180009 2.347127 -2.551095
 195.380009 2.516942 -2.371487
 195.580009 2.628642 -2.587538
 195.780009 2.226183 -2.365481
 195.980009 2.155819 -2.566074
 196.180009 2.636533 -2.740294
 196.380009 2.432191 -2.439624
 196.580009 2.376589 -2.321512
 196.780009 2.485761 -2.456164
 196.980009 2.691861 -2.708255
 197.180009 2.018719 -2.499471
 197.380009 2.139094 -2.216859
 197.580009 2.483433 -2.589133
 197.780009 2.758324 -2.522512
 197.980009 2.027984 -2.644022
 198.180009 1.879015 -2.111104
 198.380009 2.653998 -2.668473
 198.580009 2.730952 -2.414486
 198.780009 2.225824 -2.515055
 198.980009 1.871881 -2.437866
 199.180009 2.849292 -2.554061
 199.380009 2.657197 -2.447159
 199.580009 1.987802 -2.253310
 199.780009 2.156794 -2.667447
 199.980009 2.827549 -2.279776
