#! FIELDS time phi psi
#! SET max_psi pi
 0.180000 1.888016 2.944659
 0.380000 2.711419 -2.858645
 0.580000 1.839883 3.127593
 0.780000 1.471790 -2.535930
 0.980000 2.422416 -2.806959
 1.180000 2.492739 3.061035
 1.380000 1.765688 -2.794937
 1.580000 1.736558 -2.549920
 1.780000 1.885936 -3.025847
 1.980000 2.539354 3.089108
 2.180000 2.310509 -2.826955
 2.380000 1.630517 -2.848297
 2.580000 2.034623 -2.839457
 2.780000 2.576922 -2.994144
 2.980000 2.152820 -3.034184
 3.180000 1.856015 -2.759529
 3.380000 1.781728 -2.732542
 3.580000 2.055362 -3.011942
 3.780000 2.527457 -2.935630
 3.980000 2.064232 -2.593019
 4.180000 1.577964 -3.048364
 4.380000 2.088908 -2.568686
 4.580000 2.559429 -3.123079
 4.780000 2.018453 -2.992063
 4.980000 1.992352 -2.817547
 5.180000 1.833316 -2.731855
 5.380000 1.773880 -3.077811
 5.580000 2.363669 -2.971512
 5.780000 2.234011 -2.707080
 5.980000 1.776737 2.982570
 6.180000 2.159722 -2.497739
 6.380000 2.327020 -2.956824
 6.580000 1.860684 -3.033797
 6.780000 1.887414 -2.653703
 6.980000 1.926773 -2.971828
 7.180000 2.153506 -2.769470
 7.380000 2.287030 -2.966766
 7.580000 2.086417 -2.778151
 7.780000 1.854443 -2.986513
 7.980000 2.001758 -2.793120
 8.180000 2.313535 -2.955255
 8.380000 2.319363 -3.048135
 8.580000 1.897847 -2.665548
 8.780000 1.772076 -3.116939
 8.980000 2.199755 -2.767737
 9.180000 2.376638 -3.050294
 9.380000 1.941728 -2.760962
 9.580000 1.931044 -3.083575
 9.780000 1.834522 -2.757999
 9.980000 2.173820 -3.033036
 10.180000 2.327400 -2.897722
 10.380000 2.121452 -2.766279
 10.580001 1.720130 -3.015388
 10.780001 2.296108 -2.626071
 10.980001 2.196864 2.985853
 11.180001 1.953332 -2.689296
 11.380001 2.170234 -2.883985
 11.580001 1.940590 -2.854850
 11.780001 1.828500 -2.816153
 11.980001 2.214892 -2.975908
 12.180001 1.949876 -2.587132
 12.380001 2.023815 -3.131557
 12.580001 2.113906 -2.578565
 12.780001 2.076546 -3.035812
 12.980001 1.891677 -2.835995
 13.180001 2.057421 -2.775212
 13.380001 2.065821 -3.027895
 13.580001 2.077800 -2.773118
 13.780001 2.073091 -3.030047
 13.980001 1.992959 -2.635686
 14.180001 1.886736 -2.869573
 14.380001 2.116758 -2.881448
 14.580001 2.280792 -2.896979
 14.780001 2.031977 -3.019663
 14.980001 2.130593 -2.664829
 15.180001 2.021459 -2.823021
 15.380001 1.968015 -2.941576
 15.580001 2.078234 -2.782219
 15.780001 1.902901 -2.932282
 15.980001 2.001481 -2.720437
 16.180001 2.295933 -2.857061
 16.380001 2.169741 -2.935080
 16.580001 2.103459 -2.860325
 16.780001 1.951113 -2.823996
 16.980001 1.944743 -2.903990
 17.180001 2.238786 -2.796299
 17.380001 2.076902 -2.793437
 17.580001 1.945215 -2.799332
 17.780001 2.150579 -2.979194
 17.980001 2.157174 -2.650027
 18.180001 1.725175 -3.046049
 18.380001 1.970082 -2.634583
 18.580001 2.203203 -2.995266
 18.780001 2.098181 -2.869380
 18.980001 2.012049 -2.881039
 19.180001 1.966445 -2.816955
 19.380001 1.873226 -2.821984
 19.580001 2.195255 -2.957840
 19.780001 2.243704 -2.771552
 19.980001 1.937517 -3.011134
 20.180001 1.908246 -2.631055
 20.380001 2.015636 -2.943395
 20.580001 2.279559 -2.932721
 20.780001 2.123583 -2.927798
 20.980001 1.681292 -2.930642
 21.180001 2.028221 -2.775349
 21.380001 2.234663 -2.878250
 21.580001 1.881120 -2.735242
 21.780001 2.073653 -2.908833
 21.980001 1.937008 -2.705786
 22.180001 1.910285 -2.982029
 22.380001 2.202471 -2.680216
 22.580001 2.152706 -2.817144
 22.780001 1.876340 -3.055475
 22.980001 2.067486 -2.545685
 23.180001 2.111300 -2.996777
 23.380001 1.813534 -2.824470
 23.580001 2.116634 -2.921207
 23.780001 2.085673 -2.839618
 23.980001 1.933701 -2.962767
 24.180001 1.941816 -2.869376
 24.380001 2.176333 -2.818529
 24.580001 1.980867 -2.907350
 24.780001 2.021027 -2.827836
 24.980001 2.048576 -2.894909
 25.180001 2.091178 -2.983070
 25.380001 2.238996 -2.879535
 25.580001 1.983075 -2.888501
 25.780001 2.037926 -2.927731
 25.980001 2.072115 -2.840074
 26.180001 2.022937 -2.969622
 26.380001 2.091440 -2.942902
 26.580001 2.046155 -2.683035
 26.780001 1.958010 -3.033203
 26.980001 2.123297 -2.839753
 27.180001 2.200299 -2.904526
 27.380001 2.193798 -2.871997
 27.580001 1.987352 -2.779526
 27.780001 1.920062 -2.890955
 27.980001 2.034199 -2.847009
 28.180001 2.329584 -2.978072
 28.380001 2.052081 -2.815826
 28.580001 1.786889 -2.767383
 28.780001 2.187660 -2.890735
 28.980001 2.257500 -2.737990
 29.180001 2.054965 3.107771
 29.380001 2.005434 -2.702063
 29.580001 1.957355 -2.847784
 29.780001 1.924985 -2.718277
 29.980001 2.499858 -2.959746
 30.180001 2.173104 -2.938233
 30.380001 1.916481 -2.815825
 30.580001 1.877697 -2.879164
 30.780001 2.092336 -2.913325
 30.980001 2.299702 -2.915159
 31.180001 2.215405 -2.939794
 31.380001 1.579502 -2.713698
 31.580001 2.024494 -2.935011
 31.780002 2.379075 -2.815712
 31.980002 2.312229 -2.943162
 32.180002 1.821880 -2.866321
 32.380002 1.914560 -2.744579
 32.580002 2.360104 -2.911332
 32.780002 2.261596 -3.056162
 32.980002 2.024926 -2.766638
 33.180002 1.987139 -2.652305
 33.380002 2.004326 3.136474
 33.580002 2.156511 -2.846051
 33.780002 2.102729 -2.893337
 33.980002 1.885795 -2.818997
 34.180002 2.010744 -2.889825
 34.380002 2.260909 -2.971945
 34.580002 2.273629 -2.904608
 34.780002 1.831054 -2.920572
 34.980002 1.909042 -2.850243
 35.180002 2.376153 -2.962683
 35.380002 2.326626 -3.029680
 35.580002 1.806337 -2.881843
 35.780002 1.648804 -2.689048
 35.980002 2.156810 -2.969567
 36.180002 2.399999 -3.023547
 36.380002 2.129970 -2.847655
 36.580002 1.669840 -2.704864
 36.780002 1.777105 -2.849025
 36.980002 2.395743 -2.949885
 37.180002 2.306233 -2.796561
 37.380002 1.664761 -2.874603
 37.580002 1.842982 -2.734292
 37.780002 2.109594 -2.884654
 37.980002 2.279840 -2.990495
 38.180002 2.126272 -2.775385
 38.380002 1.789062 -2.603494
 38.580002 1.807254 -3.117684
 38.780002 2.264807 -2.755814
 38.980002 2.272242 -2.872173
 39.180002 1.609388 -2.955399
 39.380002 1.734531 -2.650906
 39.580002 2.166219 -2.889905
 39.780002 2.122350 -2.935152
 39.980002 1.916389 -2.999231
 40.180002 1.963384 -2.686367
 40.380002 1.659699 -2.933793
 40.580002 1.986622 -2.886611
 40.780002 2.279609 -2.753923
 40.980002 1.882366 -2.987335
 41.180002 1.749316 -2.765144
 41.380002 2.080809 -2.951117
 41.580002 2.141472 -2.784378
 41.780002 2.090656 -3.049594
 41.980002 1.972785 -2.590034
 42.180002 1.827663 -2.997200
 42.380002 2.115869 -2.842448
 42.580002 2.209316 -2.902410
 42.780002 1.941706 -3.066580
 42.980002 1.536799 -2.637141
 43.180002 2.056620 -3.047270
 43.380002 2.350813 -2.612296
 43.580002 2.287102 -3.112170
 43.780002 1.732110 -2.747120
 43.980002 1.831112 -2.939497
 44.180002 2.336058 -2.983288
 44.380002 2.335677 -2.664829
 44.580002 1.962418 -3.086286
 44.780002 1.778784 -2.551721
 44.980002 2.265114 3.141454
 45.180002 2.016153 -2.544642
 45.380002 2.129917 2.975764
 45.580002 2.059536 -2.474901
 45.780002 1.897447 -3.021168
 45.980002 2.298372 -3.003757
 46.180002 2.157124 -2.663769
 46.380002 1.794982 2.918179
 46.580002 2.006584 -2.423946
 46.780002 2.461500 3.084902
 46.980002 2.102085 -2.695102
 47.180002 1.774920 -3.059222
 47.380002 1.978666 -2.717587
 47.580002 2.244603 -2.986998
 47.780002 2.281780 -3.118306
 47.980002 2.020808 -2.686748
 48.180002 1.754065 -2.832701
 48.380002 2.088075 -2.980839
 48.580002 2.480512 -3.131497
 48.780002 1.887893 -2.466111
 48.980002 1.768617 -2.953422
 49.180002 2.546077 -2.948875
 49.380002 2.020897 3.044944
 49.580002 1.784637 -2.548859
 49.780002 2.046708 -3.140810
 49.980002 2.489312 -3.050013
 50.180002 1.978614 -2.716087
 50.380002 1.582459 -2.845348
 50.580002 2.362356 -3.040237
 50.780002 2.539515 -2.866406
 50.980002 1.989119 -2.613489
 51.180002 1.683082 -2.989766
 51.380002 2.337109 -2.719357
 51.580002 2.452836 3.136771
 51.780002 1.771550 -2.723638
 51.980002 1.828814 -2.829284
 52.180002 2.475434 -2.773017
 52.380002 2.425997 -3.135063
 52.580002 1.896690 -2.739071
 52.780003 1.928796 -2.654870
 52.980003 2.395935 3.130502
 53.180003 2.412492 -2.840507
 53.380003 2.007761 -2.991649
 53.580003 1.834322 -2.647594
 53.780003 2.309205 -2.990230
 53.980003 2.190374 -2.893531
 54.180003 1.962206 -2.892953
 54.380003 1.903680 -2.808951
 54.580003 2.260271 -2.822703
 54.780003 2.490202 -3.055945
 54.980003 1.990271 -2.835856
 55.180003 1.751143 -2.853103
 55.380003 2.095546 -2.738321
 55.580003 2.272065 3.113559
 55.780003 2.143760 -2.807010
 55.980003 1.977865 -2.770210
 56.180003 1.832341 -2.857633
 56.380003 2.289129 -3.065980
 56.580003 2.450717 -2.874061
 56.780003 1.909015 -2.857333
 56.980003 1.866133 -2.878929
 57.180003 2.233135 -2.795718
 57.380003 2.272277 3.111627
 57.580003 2.031859 -2.763069
 57.780003 2.006812 -2.934398
 57.980003 1.864708 -2.819703
 58.180003 2.153028 -3.021749
 58.380003 2.298222 -2.819524
 58.580003 1.854473 -2.794193
 58.780003 1.944079 -2.929075
 58.980003 2.146294 -2.893288
 59.180003 2.144669 -2.985676
 59.380003 2.007583 -2.831070
 59.580003 1.875962 -2.860781
 59.780003 1.968486 -2.764778
 59.980003 2.370160 -2.887028
 60.180003 2.152254 -2.831757
 60.380003 1.709434 -2.958702
 60.580003 2.035759 -2.686001
 60.780003 2.180448 -2.825830
 60.980003 2.300253 -2.942336
 61.180003 2.138240 -2.615712
 61.380003 1.850122 -3.047325
 61.580003 1.870286 -2.655210
 61.780003 2.246767 -3.012777
 61.980003 1.987095 -2.723252
 62.180003 1.807558 -2.881437
 62.380003 1.994789 -2.807975
 62.580003 2.080554 -2.722086
 62.780003 2.100972 -3.101270
 62.980003 2.018378 -2.510348
 63.180003 1.807280 -2.868497
 63.380003 1.928485 -2.869254
 63.580003 2.307451 -2.803211
 63.780003 2.241888 -2.819567
 63.980003 1.688134 -2.690295
 64.180003 2.002084 -2.848656
 64.380003 2.140438 -2.713771
 64.580003 1.932353 3.004949
 64.780003 1.986402 -2.478375
 64.980003 1.886792 -3.062009
 65.180003 2.095260 -2.638372
 65.380003 2.149058 -2.904075
 65.580003 1.728627 -3.036034
 65.780003 1.790836 -2.544042
 65.980003 2.251846 2.980154
 66.180003 2.177177 -2.515190
 66.380003 1.958790 3.075446
 66.580003 1.873248 -2.597402
 66.780003 2.019461 -3.057138
 66.980003 2.086751 -2.873967
 67.180003 1.796802 -2.641852
 67.380003 1.904279 3.134091
 67.580003 2.195915 -2.411944
 67.780003 2.249255 2.953599
 67.980003 2.051297 -2.445652
 68.180003 1.994810 3.090373
 68.380003 2.023959 -2.601054
 68.580003 2.014675 -2.932061
 68.780003 2.105304 -2.979373
 68.980003 1.775993 -2.464961
 69.180003 1.862137 3.105344
 69.380003 2.218120 -2.528572
 69.580003 2.266082 3.097188
 69.780003 1.980258 -2.721481
 69.980003 1.758685 -3.059842
 70.180003 2.002085 -2.733185
 70.380003 2.368633 -2.886598
 70.580003 2.234810 -3.076001
 70.780003 1.796011 -2.617659
 70.980003 1.807958 -3.068081
 71.180003 2.158156 -2.664382
 71.380003 2.260916 -3.019964
 71.580003 1.974854 -2.703107
 71.780003 1.634853 3.117724
 71.980003 2.058080 -2.677782
 72.180003 2.372058 -2.819043
 72.380003 2.055960 3.137990
 72.580003 1.952375 -2.666974
 72.780003 1.785553 -3.132113
 72.980003 2.063844 -2.655393
 73.180003 2.307727 -3.037402
 73.380003 2.103842 -2.484675
 73.580003 1.894651 3.053469
 73.780004 2.138322 -2.705642
 73.980004 2.096952 -2.911501
 74.180004 1.998575 -3.006557
 74.380004 1.958356 -2.677202
 74.580004 2.016549 -3.109905
 74.780004 2.231768 -2.672797
 74.980004 2.090660 -2.959913
 75.180004 1.784910 -2.637792
 75.380004 2.090273 -3.074782
 75.580004 2.309838 -2.741795
 75.780004 1.951964 -2.950886
 75.980004 1.827256 -2.764262
 76.180004 2.103397 -2.741828
 76.380004 2.177390 -3.140959
 76.580004 2.069554 -2.686426
 76.780004 2.028651 -2.803170
 76.980004 1.998173 -2.751631
 77.180004 2.220721 3.138640
 77.380004 2.023700 -2.694235
 77.580004 1.877001 -2.825542
 77.780004 1.904509 -2.847916
 77.980004 1.982597 -2.832649
 78.180004 2.085595 -2.992530
 78.380004 1.863124 -2.848284
 78.580004 1.871028 -2.780043
 78.780004 1.932532 -2.718288
 78.980004 1.984119 3.103845
 79.180004 2.112685 -2.649522
 79.380004 1.915053 -2.959083
 79.580004 1.789911 -2.876777
 79.780004 2.128222 -2.678545
 79.980004 2.083555 -3.088880
 80.180004 2.000604 -2.775490
 80.380004 2.026388 -2.861393
 80.580004 1.889579 -2.610442
 80.780004 2.194005 -3.123711
 80.980004 2.188956 -2.710940
 81.180004 1.841947 -2.966981
 81.380004 1.929111 -2.712560
 81.580004 2.124809 -2.779820
 81.780004 1.964341 -3.055970
 81.980004 2.022426 -2.830006
 82.180004 2.012745 -2.834697
 82.380004 1.853848 -2.956443
 82.580004 2.178094 -2.860894
 82.780004 2.343358 -2.636202
 82.980004 1.742347 -3.059829
 83.180004 1.969631 -2.928473
 83.380004 2.270773 -2.790552
 83.580004 2.036427 3.074099
 83.780004 2.009703 -2.503737
 83.980004 2.051453 -2.962104
 84.180004 1.772383 -2.908133
 84.380004 2.277837 -2.906392
 84.580004 2.185492 -2.915691
 84.780004 1.673561 -2.881709
 84.980004 2.024796 -2.971466
 85.180004 2.095325 -2.764196
 85.380004 2.033611 3.032361
 85.580004 2.044628 -2.606785
 85.780004 2.129638 -2.817792
 85.980004 2.029109 -3.082895
 86.180004 2.079867 -2.953082
 86.380004 2.133027 -3.015218
 86.580004 1.936392 -2.803256
 86.780004 2.072464 -2.983053
 86.980004 2.285783 -2.595914
 87.180004 2.252208 3.123568
 87.380004 2.000674 -2.743795
 87.580004 1.967538 -2.857603
 87.780004 1.941610 -2.890989
 87.980004 2.085722 -2.830742
 88.180004 2.307144 -3.031836
 88.380004 2.129542 -2.669931
 88.580004 1.876476 -3.046298
 88.780004 1.977871 -2.724241
 88.980004 2.234518 -3.126088
 89.180004 2.136344 -2.770244
 89.380004 2.151569 -2.713808
 89.580004 1.775859 -2.907686
 89.780004 2.027978 -2.836851
 89.980004 2.163848 -2.995959
 90.180004 2.037968 -2.783104
 90.380004 1.857025 -2.980421
 90.580004 1.847758 -2.702323
 90.780004 2.102514 -3.056991
 90.980004 2.212271 -2.708883
 91.180004 2.085576 -2.780502
 91.380004 1.585267 -2.976217
 91.580004 2.026129 -2.727893
 91.780004 2.213382 -3.104863
 91.980004 1.930975 -2.837286
 92.180004 1.930218 -2.979305
 92.380004 2.122844 -2.865371
 92.580004 1.988933 -2.888064
 92.780004 1.993327 -2.907095
 92.980004 1.979472 -2.713082
 93.180004 1.835196 -2.998347
 93.380004 1.965961 -2.790672
 93.580004 1.934032 -2.903584
 93.780004 2.018328 -2.747761
 93.980004 2.131103 -2.802682
 94.180004 1.828549 -2.847417
 94.380004 1.968868 -2.847103
 94.580004 2.004729 -2.750996
 94.780005 2.125518 -2.947012
 94.980005 2.159328 -2.853819
 95.180005 1.909969 -2.863450
 95.380005 1.908009 -2.822975
 95.580005 2.032979 -2.777909
 95.780005 1.969609 -2.935487
 95.980005 2.020552 -2.949731
 96.180005 2.229961 -2.694660
 96.380005 1.835958 -2.746257
 96.580005 1.973877 -2.882600
 96.780005 2.121543 -2.866827
 96.980005 1.981114 -2.966655
 97.180005 1.997254 -2.894106
 97.380005 2.098692 -2.783399
 97.580005 2.004894 -2.930524
 97.780005 1.960356 -2.948000
 97.980005 1.879528 -2.811486
 98.180005 1.844653 -2.884538
 98.380005 2.097448 -2.891771
 98.580005 2.161404 -2.907660
 98.780005 2.016041 -2.857535
 98.980005 1.874253 -2.980011
 99.180005 1.920455 -2.863585
 99.380005 2.309509 -2.822533
 99.580005 2.325203 -2.854767
 99.780005 2.065434 -2.885337
 99.980005 1.977438 -2.815388
 100.180005 2.078443 -2.858562
 100.380005 2.201027 -2.906274
 100.580005 1.971948 -2.795035
 100.780005 1.937998 -2.846160
 100.980005 2.062829 -2.833685
 101.180005 2.239185 -2.864575
 101.380005 2.200898 -2.932998
 101.580005 2.042721 -2.855853
 101.780005 1.826943 -2.880115
 101.980005 1.956143 -2.762486
 102.180005 2.137164 -2.870192
 102.380005 2.145078 -2.922866
 102.580005 1.940895 -2.723334
 102.780005 1.821592 -3.038325
 102.980005 2.057423 -2.827881
 103.180005 2.374291 -2.836966
 103.380005 2.167161 -2.956081
 103.580005 1.757115 -2.688337
 103.780005 1.882304 -2.911405
 103.980005 2.335259 -2.908775
 104.180005 2.257731 -3.034353
 104.380005 1.908194 -2.550349
 104.580005 1.778160 -2.841905
 104.780005 2.041101 -2.962104
 104.980005 2.388160 -2.837819
 105.180005 2.104978 -2.976027
 105.380005 1.864851 -2.704045
 105.580005 2.179773 -2.994949
 105.780005 2.459142 -2.843610
 105.980005 2.066924 -3.132383
 106.180005 1.898521 -2.677053
 106.380005 1.803816 -2.721842
 106.580005 2.100019 -2.967154
 106.780005 2.186755 -2.872911
 106.980005 1.945613 -2.866388
 107.180005 1.882875 -2.745869
 107.380005 2.203287 -3.003929
 107.580005 2.461566 -2.641529
 107.780005 2.068106 -2.993742
 107.980005 1.835435 -2.798349
 108.180005 2.215617 -2.801419
 108.380005 2.200485 -3.006210
 108.580005 1.961962 -2.788098
 108.780005 2.072393 -2.902671
 108.980005 2.174893 -2.734150
 109.180005 2.009840 -3.120239
 109.380005 2.190405 -2.712672
 109.580005 1.971267 -2.855615
 109.780005 1.769752 -2.962987
 109.980005 2.399672 -2.779406
 110.180005 2.277550 -2.937276
 110.380005 1.866930 -2.873882
 110.580005 1.980493 -2.795048
 110.780005 2.198615 -2.968063
 110.980005 2.059878 -3.078798
 111.180005 2.139680 -2.756180
 111.380005 2.032651 -2.841398
 111.580005 2.130434 -2.935059
 111.780005 2.160312 -2.936735
 111.980005 2.225940 -2.970705
 112.180005 2.250639 -2.801148
 112.380005 1.908562 -2.818690
 112.580005 1.938855 -2.872657
 112.780005 2.140939 -3.003805
 112.980005 2.215675 -2.870307
 113.180005 2.037745 -2.848408
 113.380005 1.901988 -2.884795
 113.580005 2.120942 -2.779627
 113.780005 2.129610 -2.963078
 113.980005 2.175043 -3.025800
 114.180005 1.947058 -2.760091
 114.380005 1.978194 -2.837078
 114.580005 2.191365 -2.886792
 114.780005 2.163825 -2.965909
 114.980005 2.180850 -2.808393
 115.180005 1.902714 -2.853483
 115.380005 1.974085 -2.800499
 115.580005 2.031284 -2.835034
 115.780005 2.422526 -2.905056
 115.980006 2.091880 -2.852627
 116.180006 1.873205 -2.861341
 116.380006 2.142854 -2.852691
 116.580006 2.276058 -2.936364
 116.780006 2.260941 -2.846011
 116.980006 1.915977 -2.723834
 117.180006 1.942410 -2.776745
 117.380006 2.124821 -2.918298
 117.580006 2.283984 -2.986838
 117.780006 2.062843 -2.787847
 117.980006 1.775651 -2.855093
 118.180006 2.297325 -2.780268
 118.380006 2.423105 -2.820044
 118.580006 1.906081 -2.976747
 118.780006 1.782188 -2.758982
 118.980006 2.058487 -2.800225
 119.180006 2.395740 -2.977276
 119.380006 2.129272 -2.805949
 119.580006 1.580997 -2.630870
 119.780006 1.944257 -2.962563
 119.980006 2.652095 -2.854989
 120.180006 2.201011 -2.930799
 120.380006 1.533601 -2.763524
 120.580006 1.995025 -2.846916
 120.780006 2.486279 -2.891511
 120.980006 2.411821 -2.983496
 121.180006 1.783268 -2.661801
 121.380006 1.704712 -2.899936
 121.580006 2.383989 -2.789183
 121.780006 2.555495 -2.904392
 121.980006 1.779192 -2.923493
 122.180006 1.568212 -2.658062
 122.380006 2.371253 -3.024068
 122.580006 2.422435 -2.731917
 122.780006 1.670635 -3.044307
 122.980006 1.785340 -2.670977
 123.180006 2.339238 -3.046909
 123.380006 2.446605 -2.966029
 123.580006 1.848389 -2.752034
 123.780006 1.766915 -2.875847
 123.980006 2.144650 -2.918156
 124.180006 2.517438 -3.032329
 124.380006 1.830327 -2.736763
 124.580006 1.706579 -2.885638
 124.780006 2.165015 -2.871507
 124.980006 2.545094 -3.079031
 125.180006 1.766637 -2.854700
 125.380006 1.746564 -2.685451
 125.580006 2.203178 3.087224
 125.780006 2.587947 -2.981410
 125.980006 1.865422 -2.899099
 126.180006 1.713386 -2.667925
 126.380006 2.529152 3.140984
 126.580006 2.433130 -3.054830
 126.780006 1.584184 -2.728352
 126.980006 1.902443 -2.820630
 127.180006 2.682402 -3.116665
 127.380006 2.104775 -3.106209
 127.580006 1.713445 -2.572340
 127.780006 2.076224 -2.927028
 127.980006 2.425735 -2.957240
 128.180006 1.927581 -2.883044
 128.380006 1.538520 -2.464931
 128.580006 1.964615 3.127437
 128.780006 2.755371 -2.912619
 128.980006 2.070941 -2.891262
 129.180006 1.624359 -2.655867
 129.380006 2.550197 -2.969803
 129.580006 2.508193 -2.930114
 129.780006 1.552721 -2.614398
 129.980006 1.801602 -2.870736
 130.180006 2.568743 -2.878772
 130.380006 2.335801 3.098677
 130.580006 1.694193 -2.342030
 130.780006 1.815310 -2.887721
 130.980006 2.600728 -3.024137
 131.180006 1.932405 -2.956433
 131.380006 1.628163 -2.565853
 131.580006 2.140405 3.137850
 131.780006 2.622683 -2.985891
 131.980006 2.006421 -2.825476
 132.180006 1.648538 -2.582239
 132.380006 2.304439 -2.957610
 132.580006 2.596959 -3.111109
 132.780006 1.569892 -2.764146
 132.980006 1.768424 -2.829416
 133.180006 2.409247 -2.871993
 133.380006 2.300877 2.887069
 133.580006 1.874518 -2.451192
 133.780006 1.756475 -2.887395
 133.980006 2.617691 -3.094784
 134.180006 2.172185 -2.961004
 134.380006 1.712625 -2.696843
 134.580006 1.965698 -2.950622
 134.780006 2.598635 3.090186
 134.980006 2.072882 -2.774766
 135.180006 1.587015 -2.984875
 135.380006 2.173903 -2.765402
 135.580006 2.547138 -3.104199
 135.780006 2.127854 -2.996949
 135.980006 1.820422 -2.939160
 136.180006 1.923530 -2.734409
 136.380006 2.436217 -3.130399
 136.580006 2.137132 -2.886944
 136.780006 1.806035 -2.583219
 136.980007 1.859027 -3.101645
 137.180007 2.650951 -3.046656
 137.380007 1.969661 -2.778315
 137.580007 1.487397 -2.520659
 137.780007 2.421470 -2.992062
 137.980007 2.667226 -2.915488
 138.180007 1.715753 -2.924285
 138.380007 1.616359 -2.693811
 138.580007 2.434552 -2.949302
 138.780007 2.521592 -2.922326
 138.980007 1.571572 -2.702455
 139.180007 1.761629 -2.847309
 139.380007 2.343730 -2.897927
 139.580007 2.469879 -2.998410
 139.780007 1.849008 -2.543757
 139.980007 1.732134 -3.053284
 140.180007 2.541510 -2.735992
 140.380007 2.467785 -2.992454
 140.580007 1.781835 -2.604593
 140.780007 1.828773 -2.752594
 140.980007 2.353742 -2.816686
 141.180007 2.364187 -2.984212
 141.380007 1.689079 -2.779357
 141.580007 1.898285 -2.679685
 141.780007 2.476131 -2.947966
 141.980007 2.542075 -2.970161
 142.180007 2.012625 -2.755994
 142.380007 1.661003 -2.717095
 142.580007 2.169020 -2.929153
 142.780007 2.516413 -2.860833
 142.980007 1.899005 -2.965864
 143.180007 1.524355 -2.742608
 143.380007 2.202576 -2.935950
 143.580007 2.599638 -2.916691
 143.780007 1.967218 -2.923362
 143.980007 1.599809 -2.583489
 144.180007 2.207597 -2.913660
 144.380007 2.560204 -2.962511
 144.580007 1.838327 -3.124034
 144.780007 1.743406 -2.602379
 144.980007 2.171347 -2.955434
 145.180007 2.404083 -3.093264
 145.380007 1.932493 -2.881667
 145.580007 1.849694 -2.593239
 145.780007 2.020988 -3.030418
 145.980007 2.571057 -3.016240
 146.180007 1.848346 -2.946770
 146.380007 1.477879 -2.799342
 146.580007 2.253329 -2.832846
 146.780007 2.434060 -3.038958
 146.980007 1.882645 -2.944412
 147.180007 1.775434 -2.689727
 147.380007 2.179555 -3.032951
 147.580007 2.400772 -3.079760
 147.780007 1.954305 -2.842643
 147.980007 1.696444 -2.581142
 148.180007 1.911651 -3.026723
 148.380007 2.525846 -2.949245
 148.580007 2.291072 -2.855158
 148.780007 1.560068 -2.807356
 148.980007 1.870786 -2.831225
 149.180007 2.501684 -2.845156
 149.380007 2.258654 -3.119270
 149.580007 1.854220 -2.722974
 149.780007 1.604256 -2.824533
 149.980007 2.275519 -2.796552
 150.180007 2.432317 -2.990374
 150.380007 1.835128 -3.015961
 150.580007 1.619809 -2.757185
 150.780007 2.215580 -2.905120
 150.980007 2.160130 -2.827340
 151.180007 1.940838 -3.081593
 151.380007 1.680103 -2.651816
 151.580007 1.852803 -2.887068
 151.780007 2.339794 -3.019510
 151.980007 2.265941 -2.731640
 152.180007 1.780625 -3.134303
 152.380007 1.649176 -2.698685
 152.580007 2.246038 -2.871249
 152.780007 2.157812 -2.939733
 152.980007 2.005735 -2.914363
 153.180007 1.871662 -2.964675
 153.380007 1.941761 -2.763609
 153.580007 2.306369 -2.979868
 153.780007 1.987146 -2.938043
 153.980007 1.916579 -2.977301
 154.180007 2.075431 -2.850770
 154.380007 2.312391 -2.999201
 154.580007 2.414640 -2.961742
 154.780007 1.918980 -2.873787
 154.980007 1.795206 -3.021506
 155.180007 2.247149 -2.685036
 155.380007 2.272692 -3.031850
 155.580007 2.022293 -2.936023
 155.780007 1.826687 -2.801079
 155.980007 2.074798 -2.948915
 156.180007 2.300288 -3.010595
 156.380007 2.033311 -2.919398
 156.580007 1.901806 -2.768292
 156.780007 2.032832 -3.038379
 156.980007 2.270160 -2.902911
 157.180007 2.209502 -2.883182
 157.380007 1.698225 -2.834556
 157.580007 2.223193 -3.015459
 157.780007 2.344192 -2.962784
 157.980008 1.872372 -3.082748
 158.180008 1.953066 -2.625861
 158.380008 1.938050 -2.837004
 158.580008 2.184035 3.048926
 158.780008 2.302998 -2.888558
 158.980008 1.741855 -2.771016
 159.180008 1.681156 -2.779120
 159.380008 2.401231 -2.784461
 159.580008 2.288904 -3.064172
 159.780008 1.687068 -2.848275
 159.980008 1.961001 -2.860633
 160.180008 2.003373 -2.740666
 160.380008 2.272527 3.099459
 160.580008 2.088358 -2.706487
 160.780008 1.768380 -2.925723
 160.980008 1.949259 -2.936586
 161.180008 2.558036 -2.764510
 161.380008 2.128176 -3.003549
 161.580008 1.457294 -2.728584
 161.780008 2.167097 -2.903777
 161.980008 2.263634 -2.730552
 162.180008 2.127628 2.996070
 162.380008 2.030706 -2.544930
 162.580008 1.876161 -2.780766
 162.780008 2.140370 3.138697
 162.980008 2.411915 -2.865599
 163.180008 2.041562 -2.993648
 163.380008 1.556223 -2.663922
 163.580008 2.168272 -3.018443
 163.780008 2.309329 -2.684210
 163.980008 2.026438 2.978419
 164.180008 1.948838 -2.450212
 164.380008 1.763685 -2.923546
 164.580008 2.249140 3.101526
 164.780008 2.443963 -2.734905
 164.980008 1.656783 -2.968429
 165.180008 1.740809 -2.605859
 165.380008 2.399929 3.102474
 165.580008 2.144308 -2.582936
 165.780008 1.835073 -3.123737
 165.980008 1.783851 -2.602798
 166.180008 1.998648 -2.794878
 166.380008 2.214883 3.105720
 166.580008 2.116233 -2.621444
 166.780008 1.703244 -3.014672
 166.980008 2.012030 -2.815375
 167.180008 2.450713 -3.064967
 167.380008 2.179000 -2.691105
 167.580008 1.655254 -2.949781
 167.780008 2.366232 -3.034872
 167.980008 2.338410 -2.821195
 168.180008 1.549562 -3.071662
 168.380008 1.861010 -2.625448
 168.580008 2.439200 -3.017014
 168.780008 2.333018 -2.952346
 168.980008 1.681589 -2.833910
 169.180008 1.878841 -2.599529
 169.380008 2.453940 -2.878997
 169.580008 2.512597 -3.005767
 169.780008 1.618742 -2.795194
 169.980008 1.797890 -2.770185
 170.180008 2.434728 -2.904093
 170.380008 2.391003 -3.065680
 170.580008 1.880234 -2.503933
 170.780008 1.638383 -3.029553
 170.980008 2.382993 -2.972258
 171.180008 2.343646 -2.877618
 171.380008 1.653583 -2.726527
 171.580008 1.696183 -2.911445
 171.780008 2.319294 -2.983288
 171.980008 2.047040 -2.814408
 172.180008 1.851425 -3.013746
 172.380008 1.989174 -2.438918
 172.580008 2.146747 2.858320
 172.780008 2.483720 -2.810843
 172.980008 2.058973 -2.882036
 173.180008 1.521147 -2.745586
 173.380008 2.119987 -2.933196
 173.580008 2.605211 -2.964956
 173.780008 2.031403 -2.932887
 173.980008 1.723213 -2.981391
 174.180008 2.059587 -2.575029
 174.380008 2.144075 -3.109571
 174.580008 2.217643 -2.898259
 174.780008 2.117556 -2.793927
 174.980008 1.541893 -2.760214
 175.180008 1.980886 -2.958492
 175.380008 2.578541 -2.686005
 175.580008 2.111604 -2.975715
 175.780008 1.574546 -2.886177
 175.980008 2.204873 -2.638570
 176.180008 2.187931 -3.097768
 176.380008 1.970413 -2.724640
 176.580008 2.053180 -2.916377
 176.780008 1.700833 -2.939519
 176.980008 2.151836 -2.927198
 177.180008 2.424678 -2.856701
 177.380008 2.199452 -2.854391
 177.580008 1.724695 -2.783668
 177.780008 2.022954 -2.779211
 177.980008 2.372915 -2.992181
 178.180008 2.306514 -2.910923
 178.380008 1.998561 -2.859059
 178.580008 1.806069 -2.651073
 178.780008 2.038190 -3.012531
 178.980009 2.364766 -2.899585
 179.180009 2.096837 -2.829271
 179.380009 1.612002 -2.947460
 179.580009 2.107572 -2.763678
 179.780009 2.254410 -2.949747
 179.980009 2.261868 -2.956187
 180.180009 1.890553 -2.747575
 180.380009 1.879911 -2.711948
 180.580009 2.226923 -3.032721
 180.780009 2.354512 -2.914291
 180.980009 2.094604 -2.764341
 181.180009 1.620498 -2.798236
 181.380009 2.329135 -2.984736
 181.580009 2.592742 -2.835060
 181.780009 1.778510 -2.868890
 181.980009 1.712862 -2.750371
 182.180009 2.429101 -2.769901
 182.380009 2.373159 -2.992486
 182.580009 1.936705 -2.910867
 182.780009 1.883274 -2.682142
 182.980009 2.142316 -2.875956
 183.180009 2.341195 -3.067303
 183.380009 2.132774 -2.827889
 183.580009 1.736918 -2.768368
 183.780009 1.981815 -2.993437
 183.980009 2.643076 -2.875962
 184.180009 2.220431 -2.986594
 184.380009 1.764278 -2.671175
 184.580009 2.017499 -2.938146
 184.780009 2.482873 -2.814765
 184.980009 2.181642 -2.903839
 185.180009 1.615662 -2.836749
 185.380009 1.950717 -2.657664
 185.580009 2.495219 -2.990900
 185.780009 2.339795 -2.916983
 185.980009 1.876646 -2.779564
 186.180009 1.791650 -2.749901
 186.380009 2.336346 -2.962588
 186.580009 2.434971 -2.929302
 186.780009 1.882559 -2.744768
 186.980009 1.727763 -2.796311
 187.180009 2.161802 -2.858595
 187.380009 2.332990 -2.932673
 187.580009 1.824964 -2.861627
 187.780009 1.749274 -2.640086
 187.980009 2.365226 -2.797755
 188.180009 2.439767 -3.024056
 188.380009 1.994548 -2.852291
 188.580009 1.854096 -2.653768
 188.780009 2.155474 -2.913730
 188.980009 2.351577 -2.919990
 189.180009 2.028012 -2.858951
 189.380009 1.650343 -2.873446
 189.580009 1.964896 -2.957949
 189.780009 2.559657 -3.072696
 189.980009 2.109222 -2.837560
 190.180009 1.588034 -2.808723
 190.380009 2.172629 -2.874170
 190.580009 2.542968 3.110857
 190.780009 1.987519 -2.995801
 190.980009 1.845866 -2.659922
 191.180009 2.085549 -3.027249
 191.380009 2.667982 -3.080347
 191.580009 2.048180 -2.909108
 191.780009 1.583054 -2.738363
 191.980009 2.431302 -3.052642
 192.180009 2.394184 -2.978028
 192.380009 1.668452 -2.945719
 192.580009 1.747107 -2.747374
 192.780009 2.544273 -3.024089
 192.980009 2.460238 -2.942788
 193.180009 1.747938 -2.870305
 193.380009 1.891474 -2.803170
 193.580009 2.388670 -2.940116
 193.780009 2.186297 -3.106972
 193.980009 1.924615 -2.633368
 194.180009 1.846592 -2.918973
 194.380009 2.242997 3.129655
 194.580009 2.314055 -2.920864
 194.780009 1.961957 -2.510649
 194.980009 1.741369 -3.029814
 195.180009 2.392533 -2.905751
 195.380009 2.389863 -3.052469
 195.580009 1.579672 -2.798688
 195.780009 2.057620 -2.787075
 195.980009 2.363224 -2.904510
 196.180009 2.097372 -3.106174
 196.380009 1.995891 -2.830583
 196.580009 1.955306 -2.741208
 196.780009 1.927374 -2.888456
 196.980009 2.296874 -2.860390
 197.180009 2.511516 -2.851264
 197.380009 1.778955 -2.930183
 197.580009 1.895665 -2.715264
 197.780009 2.087149 -2.844939
 197.980009 2.214764 -2.965563
 198.180009 2.129563 -2.936510
 198.380009 1.750852 -2.796239
 198.580009 1.748474 -2.910457
 198.780009 2.313689 -2.825140
 198.980009 2.285878 -2.810845
 199.180009 1.957932 -3.036142
 199.380009 2.005765 -2.786130
 199.580009 1.956892 -3.001365
 199.780009 2.000562 -2.768671
 199.980009 2.200068 -2.988839
