#! FIELDS time phi psi
#! SET max_psi pi
 0.180000 -0.679347 2.422080
 0.380000 -1.186026 2.130144
 0.580000 -0.915571 2.784548
 0.780000 -1.256395 2.224566
 0.980000 -1.036367 2.755072
 1.180000 -0.908264 2.131467
 1.380000 -1.083812 2.570739
 1.580000 -0.964139 2.420597
 1.780000 -1.267049 2.455748
 1.980000 -1.213073 2.585879
 2.180000 -1.271901 2.381859
 2.380000 -1.011331 2.498230
 2.580000 -1.392733 2.322530
 2.780000 -0.971343 2.439527
 2.980000 -1.398422 2.672494
 3.180000 -1.317651 2.308026
 3.380000 -1.316291 2.572707
 3.580000 -0.873828 2.402319
 3.780000 -1.460904 2.624785
 3.980000 -1.494001 2.283802
 4.180000 -1.052768 2.449641
 4.380000 -1.193060 2.446941
 4.580000 -1.252219 2.576534
 4.780000 -1.033867 2.204755
 4.980000 -0.829460 2.511986
 5.180000 -1.152120 2.333772
 5.380000 -1.314721 2.340228
 5.580000 -1.061654 2.517169
 5.780000 -0.939338 2.280069
 5.980000 -1.314188 2.710094
 6.180000 -1.224125 2.045431
 6.380000 -1.220496 2.748500
 6.580000 -1.093501 2.319842
 6.780000 -1.585012 2.565028
 6.980000 -0.877456 2.306449
 7.180000 -1.101004 2.422718
 7.380000 -1.065485 2.490100
 7.580000 -1.323145 2.322906
 7.780000 -0.634276 2.462563
 7.980000 -1.266229 2.354129
 8.180000 -1.183677 2.441992
 8.380000 -1.200789 2.516409
 8.580000 -1.076497 2.374609
 8.780000 -1.217240 2.559755
 8.980000 -1.154079 2.309131
 9.180000 -0.958850 2.595256
 9.380000 -1.010696 2.203700
 9.580000 -1.257720 2.564002
 9.780000 -0.857534 2.285594
 9.980000 -1.068427 2.419486
 10.180000 -0.988737 2.558042
 10.380000 -1.205376 2.144460
 10.580001 -0.949163 2.611632
 10.780001 -1.008871 2.270418
 10.980001 -1.239582 2.529010
 11.180001 -0.974518 2.304602
 11.380001 -0.968990 2.383471
 11.580001 -1.003064 2.531408
 11.780001 -1.147123 2.102741
 11.980001 -0.845399 2.576862
 12.180001 -1.168134 2.403002
 12.380001 -0.980991 2.408006
 12.580001 -1.008281 2.319413
 12.780001 -0.784625 2.170449
 12.980001 -1.136038 2.555027
 13.180001 -0.953363 2.199952
 13.380001 -1.007276 2.678039
 13.580001 -0.895558 2.127935
 13.780001 -1.113134 2.531220
 13.980001 -1.069894 2.448013
 14.180001 -0.990992 2.409047
 14.380001 -1.114026 2.389514
 14.580001 -1.195601 2.248039
 14.780001 -1.088363 2.627938
 14.980001 -1.190050 2.321413
 15.180001 -1.229857 2.288423
 15.380001 -1.079281 2.539915
 15.580001 -1.065170 2.431198
 15.780001 -1.118250 2.521708
 15.980001 -1.096792 2.108729
 16.180001 -1.037102 2.748956
 16.380001 -1.137694 2.319096
 16.580001 -1.172946 2.430893
 16.780001 -0.889658 2.363885
 16.980001 -1.024338 2.397178
 17.180001 -1.174064 2.416595
 17.380001 -1.070614 2.348591
 17.580001 -0.903230 2.464263
 17.780001 -1.295315 2.314956
 17.980001 -1.097499 2.442842
 18.180001 -0.987370 2.487194
 18.380001 -1.103032 2.285866
 18.580001 -1.058769 2.682293
 18.780001 -1.226208 2.143977
 18.980001 -0.959645 2.510367
 19.180001 -1.038889 2.311278
 19.380001 -1.124757 2.497101
 19.580001 -0.957869 2.514375
 19.780001 -0.925166 2.238582
 19.980001 -1.026276 2.515460
 20.180001 -0.988704 2.221285
 20.380001 -0.986464 2.622580
 20.580001 -1.055231 2.278803
 20.780001 -1.315657 2.412474
 20.980001 -1.163036 2.646834
 21.180001 -1.226343 2.202255
 21.380001 -1.134602 2.524399
 21.580001 -1.413011 2.221997
 21.780001 -1.018394 2.589829
 21.980001 -1.140505 2.534475
 22.180001 -1.179584 2.140037
 22.380001 -1.161934 2.736474
 22.580001 -0.968952 2.251992
 22.780001 -0.940220 2.492315
 22.980001 -1.110846 2.175218
 23.180001 -1.072235 2.641029
 23.380001 -0.927437 2.356867
 23.580001 -1.085585 2.202390
 23.780001 -1.109407 2.623862
 23.980001 -1.148118 2.198327
 24.180001 -1.137918 2.607336
 24.380001 -1.195734 2.221114
 24.580001 -1.230165 2.458927
 24.780001 -1.067609 2.500980
 24.980001 -1.029139 2.230664
 25.180001 -1.039222 2.594694
 25.380001 -1.192398 2.133099
 25.580001 -0.994541 2.612850
 25.780001 -1.026004 2.282251
 25.980001 -0.962488 2.287799
 26.180001 -1.179074 2.758424
 26.380001 -0.973617 2.141321
 26.580001 -0.976018 2.722803
 26.780001 -1.088642 2.052947
 26.980001 -1.222699 2.691062
 27.180001 -1.191059 2.392219
 27.380001 -1.210038 2.353502
 27.580001 -1.314876 2.618708
 27.780001 -1.355162 2.202295
 27.980001 -1.133947 2.686338
 28.180001 -1.117290 2.309642
 28.380001 -1.162789 2.527045
 28.580001 -1.281300 2.448073
 28.780001 -0.971820 2.370632
 28.980001 -1.153764 2.601456
 29.180001 -1.112508 2.264509
 29.380001 -1.117017 2.611874
 29.580001 -1.033815 2.391148
 29.780001 -1.225824 2.437806
 29.980001 -1.132878 2.350000
 30.180001 -1.057188 2.256593
 30.380001 -1.020247 2.623098
 30.580001 -1.191578 2.295995
 30.780001 -1.120667 2.480145
 30.980001 -1.149766 2.259674
 31.180001 -1.070518 2.553568
 31.380001 -1.265599 2.323816
 31.580001 -1.151545 2.363447
 31.780002 -0.813581 2.477268
 31.980002 -0.980619 2.429930
 32.180002 -0.957282 2.409264
 32.380002 -0.989678 2.405334
 32.580002 -0.844222 2.268809
 32.780002 -0.816493 2.504381
 32.980002 -0.959358 2.297682
 33.180002 -1.068083 2.473141
 33.380002 -0.820619 2.128303
 33.580002 -1.069554 2.482651
 33.780002 -1.016950 2.317426
 33.980002 -0.968116 2.346313
 34.180002 -0.879101 2.434756
 34.380002 -1.161588 2.331065
 34.580002 -0.911191 2.457970
 34.780002 -1.023240 2.333440
 34.980002 -1.025186 2.361038
 35.180002 -1.101141 2.373210
 35.380002 -0.858227 2.460374
 35.580002 -0.995302 2.496800
 35.780002 -1.095484 2.217485
 35.980002 -1.113426 2.438049
 36.180002 -1.006052 2.362443
 36.380002 -1.067722 2.573821
 36.580002 -1.282755 2.444985
 36.780002 -1.353052 2.336288
 36.980002 -1.032591 2.524224
 37.180002 -1.241185 2.401324
 37.380002 -1.234078 2.541903
 37.580002 -1.177859 2.310033
 37.780002 -1.065989 2.492130
 37.980002 -1.080876 2.538169
 38.180002 -1.277192 2.354493
 38.380002 -1.079527 2.577460
 38.580002 -0.842277 2.280448
 38.780002 -1.180735 2.615927
 38.980002 -1.170223 2.240056
 39.180002 -1.122256 2.566537
 39.380002 -1.152195 2.536469
 39.580002 -1.256801 2.338998
 39.780002 -1.197733 2.539314
 39.980002 -1.088472 2.462187
 40.180002 -1.094375 2.471757
 40.380002 -1.308212 2.358441
 40.580002 -0.911910 2.517542
 40.780002 -1.117898 2.504748
 40.980002 -1.102477 2.353421
 41.180002 -0.983046 2.514821
 41.380002 -0.887156 2.175064
 41.580002 -1.144003 2.569872
 41.780002 -1.163948 2.203694
 41.980002 -1.072153 2.655168
 42.180002 -1.028574 2.269965
 42.380002 -1.252614 2.398824
 42.580002 -1.135013 2.554142
 42.780002 -1.023559 2.239315
 42.980002 -1.248789 2.618786
 43.180002 -1.162421 2.155107
 43.380002 -0.723493 2.667623
 43.580002 -1.139435 2.317604
 43.780002 -1.060621 2.442670
 43.980002 -1.106005 2.473863
 44.180002 -0.967321 2.134608
 44.380002 -1.102960 2.737272
 44.580002 -1.210172 2.134206
 44.780002 -0.832596 2.765575
 44.980002 -1.146258 2.113338
 45.180002 -1.089191 2.345570
 45.380002 -1.151049 2.494648
 45.580002 -0.937335 2.375745
 45.780002 -1.275543 2.439949
 45.980002 -0.948503 2.193913
 46.180002 -0.992336 2.619787
 46.380002 -0.932732 2.349800
 46.580002 -1.322600 2.377550
 46.780002 -1.040230 2.491318
 46.980002 -1.178472 2.436617
 47.180002 -0.975868 2.627033
 47.380002 -1.178680 2.257774
 47.580002 -1.108367 2.531134
 47.780002 -1.132008 2.467506
 47.980002 -1.116121 2.338224
 48.180002 -1.319557 2.487115
 48.380002 -1.042979 2.264571
 48.580002 -0.979698 2.648134
 48.780002 -1.192694 2.097627
 48.980002 -1.198418 2.580031
 49.180002 -1.096201 2.609274
 49.380002 -1.219250 2.046131
 49.580002 -1.250413 2.685168
 49.780002 -1.210170 2.188186
 49.980002 -1.023739 2.679109
 50.180002 -1.256013 2.288647
 50.380002 -1.072837 2.425973
 50.580002 -1.007062 2.560385
 50.780002 -1.123300 2.243274
 50.980002 -1.171807 2.610912
 51.180002 -1.009141 2.276262
 51.380002 -1.030176 2.640663
 51.580002 -1.115223 2.217481
 51.780002 -1.037093 2.450724
 51.980002 -1.040121 2.655413
 52.180002 -1.115824 2.107608
 52.380002 -1.259771 2.708791
 52.580002 -0.917762 2.197782
 52.780003 -1.110420 2.675887
 52.980003 -1.154212 2.076080
 53.180003 -1.001106 2.530008
 53.380003 -1.047986 2.366022
 53.580003 -1.307716 2.403393
 53.780003 -1.131090 2.429926
 53.980003 -0.961852 2.331720
 54.180003 -1.002345 2.536978
 54.380003 -1.123654 2.236157
 54.580003 -0.974610 2.511662
 54.780003 -0.944203 2.406155
 54.980003 -1.059765 2.205869
 55.180003 -1.041773 2.618914
 55.380003 -0.974467 2.331519
 55.580003 -0.973956 2.576787
 55.780003 -1.051113 1.992261
 55.980003 -0.962098 2.573076
 56.180003 -0.965918 2.482152
 56.380003 -1.014641 2.132611
 56.580003 -1.016205 2.572909
 56.780003 -0.939940 2.251860
 56.980003 -1.127959 2.594508
 57.180003 -1.179183 2.335680
 57.380003 -1.050765 2.502037
 57.580003 -1.100552 2.417169
 57.780003 -1.197634 2.351062
 57.980003 -0.939268 2.477951
 58.180003 -1.063386 2.318353
 58.380003 -1.123180 2.388353
 58.580003 -1.038502 2.328422
 58.780003 -1.133291 2.539675
 58.980003 -1.202246 2.361648
 59.180003 -1.021917 2.420571
 59.380003 -1.098648 2.458599
 59.580003 -1.024197 2.286289
 59.780003 -1.054721 2.475172
 59.980003 -0.957185 2.365771
 60.180003 -0.975079 2.483448
 60.380003 -1.099948 2.129183
 60.580003 -1.181581 2.689402
 60.780003 -1.217360 2.514901
 60.980003 -1.248183 2.345507
 61.180003 -1.164183 2.506129
 61.380003 -0.941669 2.367348
 61.580003 -1.264704 2.496109
 61.780003 -1.128350 2.305468
 61.980003 -1.157244 2.522542
 62.180003 -0.969356 2.427651
 62.380003 -1.152592 2.517720
 62.580003 -1.000717 2.338746
 62.780003 -1.129959 2.472824
 62.980003 -1.159818 2.482091
 63.180003 -1.319531 2.448502
 63.380003 -1.082786 2.382535
 63.580003 -1.105612 2.420472
 63.780003 -0.994193 2.562393
 63.980003 -1.315950 2.553966
 64.180003 -1.098115 2.491580
 64.380003 -1.081454 2.312721
 64.580003 -1.100890 2.465646
 64.780003 -1.345807 2.502528
 64.980003 -1.034060 2.478108
 65.180003 -1.092548 2.378425
 65.380003 -1.076187 2.536950
 65.580003 -1.234637 2.540630
 65.780003 -1.076585 2.380504
 65.980003 -0.915200 2.372231
 66.180003 -1.168348 2.454391
 66.380003 -1.140556 2.449175
 66.580003 -1.078091 2.513777
 66.780003 -1.181337 2.494025
 66.980003 -1.193080 2.434124
 67.180003 -1.176692 2.311296
 67.380003 -1.076954 2.462314
 67.580003 -1.010978 2.518418
 67.780003 -1.164328 2.370089
 67.980003 -1.241294 2.503141
 68.180003 -1.016698 2.284937
 68.380003 -1.044103 2.536445
 68.580003 -1.148811 2.255688
 68.780003 -1.010164 2.415639
 68.980003 -0.920080 2.395062
 69.180003 -0.944630 2.382833
 69.380003 -1.165627 2.555559
 69.580003 -1.120981 2.187744
 69.780003 -1.037372 2.489009
 69.980003 -1.003039 2.354355
 70.180003 -1.071979 2.504435
 70.380003 -0.987016 2.322009
 70.580003 -1.091397 2.410955
 70.780003 -0.936074 2.511895
 70.980003 -1.015199 2.227740
 71.180003 -0.936899 2.352000
 71.380003 -1.012533 2.470717
 71.580003 -0.884943 2.325289
 71.780003 -1.090363 2.439073
 71.980003 -0.763390 2.214256
 72.180003 -0.966480 2.649083
 72.380003 -1.038617 2.143946
 72.580003 -1.027042 2.567888
 72.780003 -1.006185 2.280219
 72.980003 -1.094717 2.465456
 73.180003 -0.985916 2.294805
 73.380003 -1.006789 2.265267
 73.580003 -0.934434 2.526767
 73.780004 -1.074836 2.275600
 73.980004 -0.867927 2.424135
 74.180004 -1.086939 2.371806
 74.380004 -0.928600 2.453623
 74.580004 -1.138336 2.379692
 74.780004 -1.000764 2.348340
 74.980004 -0.999394 2.588761
 75.180004 -0.983219 2.264779
 75.380004 -1.140515 2.444451
 75.580004 -1.036255 2.501498
 75.780004 -1.038425 2.344986
 75.980004 -1.229608 2.275287
 76.180004 -1.117051 2.524380
 76.380004 -1.276376 2.596113
 76.580004 -1.089059 2.296523
 76.780004 -1.164740 2.324613
 76.980004 -1.018115 2.376816
 77.180004 -1.106167 2.549216
 77.380004 -1.063586 2.299982
 77.580004 -1.268931 2.509537
 77.780004 -0.922884 2.409716
 77.980004 -1.109640 2.420708
 78.180004 -1.042632 2.373101
 78.380004 -1.266075 2.439370
 78.580004 -0.943082 2.493419
 78.780004 -1.146913 2.532193
 78.980004 -1.138587 2.317560
 79.180004 -1.009776 2.548801
 79.380004 -1.140417 2.304093
 79.580004 -1.168004 2.505340
 79.780004 -1.093272 2.470682
 79.980004 -1.150869 2.524130
 80.180004 -1.144416 2.414344
 80.380004 -1.138401 2.382760
 80.580004 -1.056817 2.391085
 80.780004 -1.001038 2.373908
 80.980004 -1.125696 2.569495
 81.180004 -0.914370 2.366410
 81.380004 -1.129286 2.459679
 81.580004 -1.076924 2.315171
 81.780004 -1.415318 2.670539
 81.980004 -1.143609 2.298687
 82.180004 -1.172029 2.541026
 82.380004 -1.199403 2.416043
 82.580004 -1.331446 2.448452
 82.780004 -1.091265 2.469349
 82.980004 -1.324925 2.414484
 83.180004 -1.044239 2.519745
 83.380004 -1.145604 2.342584
 83.580004 -0.868547 2.425264
 83.780004 -1.265574 2.541246
 83.980004 -1.094150 2.355206
 84.180004 -1.261074 2.504006
 84.380004 -0.998200 2.294512
 84.580004 -1.117810 2.671714
 84.780004 -1.155648 2.350035
 84.980004 -1.023257 2.604996
 85.180004 -1.150881 2.287695
 85.380004 -1.203395 2.469120
 85.580004 -1.221411 2.422168
 85.780004 -1.164866 2.582750
 85.980004 -1.101721 2.338285
 86.180004 -1.169713 2.439747
 86.380004 -1.078082 2.464357
 86.580004 -1.094404 2.411476
 86.780004 -1.229726 2.538525
 86.980004 -1.071643 2.431265
 87.180004 -1.034442 2.340297
 87.380004 -1.178402 2.398008
 87.580004 -1.161448 2.496985
 87.780004 -0.929604 2.411554
 87.980004 -1.035440 2.307813
 88.180004 -1.168731 2.286393
 88.380004 -1.107941 2.565943
 88.580004 -1.014875 2.412868
 88.780004 -1.413698 2.489422
 88.980004 -1.093573 2.264658
 89.180004 -1.150074 2.629125
 89.380004 -1.028196 2.298544
 89.580004 -1.217879 2.594741
 89.780004 -0.860528 2.289387
 89.980004 -1.073624 2.443614
 90.180004 -0.924246 2.386011
 90.380004 -1.133920 2.328089
 90.580004 -0.987338 2.443437
 90.780004 -0.969772 2.356885
 90.980004 -1.110796 2.317674
 91.180004 -1.141282 2.332577
 91.380004 -0.810135 2.377008
 91.580004 -1.130826 2.497572
 91.780004 -1.155948 2.225916
 91.980004 -0.920912 2.455321
 92.180004 -0.777473 2.399505
 92.380004 -1.086037 2.178288
 92.580004 -1.053943 2.463706
 92.780004 -0.887418 2.307445
 92.980004 -1.180819 2.514086
 93.180004 -1.254616 2.164967
 93.380004 -1.006985 2.589510
 93.580004 -0.979208 2.343679
 93.780004 -1.139709 2.439937
 93.980004 -1.035624 2.393794
 94.180004 -0.857921 2.323799
 94.380004 -0.989545 2.564392
 94.580004 -1.214380 2.309504
 94.780005 -1.092042 2.547506
 94.980005 -1.048645 2.387252
 95.180005 -1.173305 2.230824
 95.380005 -1.148459 2.603389
 95.580005 -1.070325 2.318209
 95.780005 -1.126627 2.615163
 95.980005 -1.052482 2.017707
 96.180005 -0.986642 2.492618
 96.380005 -1.102249 2.552925
 96.580005 -1.239002 2.195113
 96.780005 -1.084412 2.543769
 96.980005 -0.994448 2.275486
 97.180005 -1.117933 2.649316
 97.380005 -1.131040 2.248143
 97.580005 -0.877771 2.304358
 97.780005 -1.061068 2.602273
 97.980005 -1.175580 2.338892
 98.180005 -1.113908 2.424721
 98.380005 -1.024655 2.380934
 98.580005 -1.130018 2.380706
 98.780005 -1.144679 2.513957
 98.980005 -1.117466 2.249134
 99.180005 -1.038176 2.600182
 99.380005 -1.259424 2.288222
 99.580005 -1.061071 2.550829
 99.780005 -1.018797 2.186041
 99.980005 -1.009122 2.435233
 100.180005 -1.049303 2.567275
 100.380005 -1.174720 2.409906
 100.580005 -0.800883 2.377402
 100.780005 -0.962987 2.234884
 100.980005 -1.094315 2.597695
 101.180005 -1.220797 2.281859
 101.380005 -0.917720 2.481080
 101.580005 -1.132697 2.495482
 101.780005 -1.292689 2.194764
 101.980005 -1.024725 2.705773
 102.180005 -1.154579 2.171897
 102.380005 -1.305213 2.722909
 102.580005 -1.211179 2.195205
 102.780005 -1.015739 2.451829
 102.980005 -1.161201 2.544467
 103.180005 -1.246117 2.259321
 103.380005 -0.859545 2.623421
 103.580005 -0.998696 2.157220
 103.780005 -1.107114 2.562668
 103.980005 -1.349504 2.386415
 104.180005 -1.020154 2.326710
 104.380005 -1.293049 2.686466
 104.580005 -1.358685 2.132386
 104.780005 -1.285454 2.735945
 104.980005 -1.030387 2.291978
 105.180005 -1.147387 2.343472
 105.380005 -1.028884 2.596321
 105.580005 -0.987745 2.231118
 105.780005 -0.968310 2.563615
 105.980005 -1.142228 2.231566
 106.180005 -1.025268 2.599687
 106.380005 -1.118113 2.524821
 106.580005 -1.130765 2.323632
 106.780005 -0.931621 2.722972
 106.980005 -1.112373 2.163226
 107.180005 -1.029601 2.708615
 107.380005 -1.103553 2.189374
 107.580005 -1.075592 2.458883
 107.780005 -1.264985 2.563371
 107.980005 -1.202494 2.270376
 108.180005 -1.028981 2.637364
 108.380005 -1.244581 2.090244
 108.580005 -1.296827 2.595124
 108.780005 -1.128970 2.382180
 108.980005 -1.262547 2.477524
 109.180005 -1.279311 2.717998
 109.380005 -1.115842 2.073343
 109.580005 -0.960714 2.661253
 109.780005 -1.120519 2.202170
 109.980005 -1.008286 2.624339
 110.180005 -1.161146 2.412133
 110.380005 -1.143109 2.192981
 110.580005 -1.204479 2.648328
 110.780005 -1.050635 2.021490
 110.980005 -0.851965 2.810468
 111.180005 -1.120081 2.095908
 111.380005 -1.161131 2.474819
 111.580005 -1.147687 2.404304
 111.780005 -1.128522 2.322835
 111.980005 -1.242422 2.504095
 112.180005 -1.117990 2.180326
 112.380005 -0.882938 2.670444
 112.580005 -1.072274 2.206378
 112.780005 -1.060413 2.444834
 112.980005 -0.900958 2.361738
 113.180005 -0.984794 2.356595
 113.380005 -1.036547 2.460077
 113.580005 -1.078419 2.216849
 113.780005 -0.945988 2.713315
 113.980005 -1.008097 2.117775
 114.180005 -1.048753 2.512819
 114.380005 -1.098268 2.231185
 114.580005 -1.106929 2.635641
 114.780005 -1.195872 2.348414
 114.980005 -1.086661 2.335089
 115.180005 -1.074884 2.668401
 115.380005 -1.230515 2.186132
 115.580005 -1.109568 2.489714
 115.780005 -0.933653 2.414549
 115.980006 -1.122183 2.302179
 116.180006 -1.159720 2.622065
 116.380006 -0.947279 2.210792
 116.580006 -1.072557 2.701264
 116.780006 -1.137018 2.083372
 116.980006 -1.206355 2.618823
 117.180006 -0.949399 2.337111
 117.380006 -1.223291 2.549849
 117.580006 -1.175458 2.450697
 117.780006 -1.170277 2.206235
 117.980006 -0.975173 2.606415
 118.180006 -1.302709 2.304627
 118.380006 -1.068412 2.432697
 118.580006 -1.083688 2.499722
 118.780006 -1.142449 2.484505
 118.980006 -1.191941 2.457221
 119.180006 -1.035242 2.210324
 119.380006 -0.989536 2.645824
 119.580006 -1.072277 2.255428
 119.780006 -1.197378 2.613591
 119.980006 -0.996921 2.316418
 120.180006 -1.106002 2.375594
 120.380006 -1.103154 2.571929
 120.580006 -1.216689 2.181072
 120.780006 -1.013525 2.702752
 120.980006 -1.204374 2.276324
 121.180006 -1.156352 2.542327
 121.380006 -1.154261 2.313795
 121.580006 -1.104154 2.247200
 121.780006 -1.079275 2.705548
 121.980006 -1.123950 2.292675
 122.180006 -1.160819 2.441305
 122.380006 -1.172988 2.476622
 122.580006 -1.062539 2.407224
 122.780006 -1.198869 2.549642
 122.980006 -1.145897 2.256054
 123.180006 -1.110138 2.650408
 123.380006 -1.159759 2.244449
 123.580006 -1.209382 2.657984
 123.780006 -1.033174 2.300783
 123.980006 -0.951268 2.442999
 124.180006 -1.169414 2.469951
 124.380006 -1.086583 2.352275
 124.580006 -1.045225 2.560970
 124.780006 -1.295116 2.295958
 124.980006 -1.035907 2.570778
 125.180006 -1.202221 2.418531
 125.380006 -1.205095 2.407237
 125.580006 -1.252170 2.666057
 125.780006 -1.080286 2.190010
 125.980006 -1.019280 2.622104
 126.180006 -1.191596 2.294116
 126.380006 -1.066498 2.456684
 126.580006 -1.108548 2.349040
 126.780006 -1.205658 2.465219
 126.980006 -0.988530 2.408453
 127.180006 -1.267127 2.414081
 127.380006 -1.000372 2.422962
 127.580006 -1.135947 2.526533
 127.780006 -1.113723 2.331823
 127.980006 -1.076868 2.497639
 128.180006 -0.942993 2.365521
 128.380006 -1.098928 2.317879
 128.580006 -0.991768 2.504567
 128.780006 -0.926625 2.290177
 128.980006 -1.000543 2.482990
 129.180006 -0.919172 2.275232
 129.380006 -1.104041 2.580086
 129.580006 -0.993316 2.250751
 129.780006 -1.065233 2.459055
 129.980006 -0.904292 2.387109
 130.180006 -1.261018 2.382422
 130.380006 -0.827170 2.331290
 130.580006 -1.091947 2.445809
 130.780006 -0.936522 2.261312
 130.980006 -1.207300 2.556334
 131.180006 -0.786067 2.247798
 131.380006 -1.153313 2.582785
 131.580006 -0.879521 2.215812
 131.780006 -1.060688 2.444599
 131.980006 -0.797820 2.384994
 132.180006 -1.091785 2.283394
 132.380006 -1.057895 2.519506
 132.580006 -1.070541 2.293225
 132.780006 -1.038400 2.564744
 132.980006 -1.061748 2.176289
 133.180006 -1.057527 2.529100
 133.380006 -0.883448 2.383344
 133.580006 -1.113678 2.296690
 133.780006 -0.940338 2.310490
 133.980006 -1.097288 2.400028
 134.180006 -0.874459 2.513417
 134.380006 -1.191150 2.357850
 134.580006 -1.042241 2.217924
 134.780006 -1.061024 2.780961
 134.980006 -0.997892 2.148796
 135.180006 -1.225728 2.688160
 135.380006 -0.851715 2.229900
 135.580006 -1.135428 2.473808
 135.780006 -0.917400 2.434153
 135.980006 -1.063579 2.294031
 136.180006 -0.791238 2.453093
 136.380006 -1.203612 2.312659
 136.580006 -1.040070 2.514690
 136.780006 -0.969852 2.236255
 136.980007 -1.121851 2.487503
 137.180007 -1.212443 2.425320
 137.380007 -1.072747 2.198860
 137.580007 -0.955097 2.542943
 137.780007 -1.326098 2.260101
 137.980007 -1.049717 2.603028
 138.180007 -1.107129 2.227537
 138.380007 -1.037691 2.379662
 138.580007 -1.184290 2.614336
 138.780007 -0.938823 2.278071
 138.980007 -1.244732 2.671951
 139.180007 -0.990871 2.181191
 139.380007 -1.298188 2.650906
 139.580007 -1.003069 2.301152
 139.780007 -1.385499 2.627094
 139.980007 -0.947289 2.473701
 140.180007 -1.198804 2.309364
 140.380007 -1.077240 2.581255
 140.580007 -1.348453 2.308313
 140.780007 -1.057552 2.568144
 140.980007 -1.215829 2.269328
 141.180007 -1.113704 2.447680
 141.380007 -1.053985 2.597648
 141.580007 -1.324082 2.359812
 141.780007 -1.271508 2.537610
 141.980007 -1.103178 2.416241
 142.180007 -0.958778 2.436103
 142.380007 -1.334062 2.552544
 142.580007 -1.208364 2.309018
 142.780007 -1.105450 2.655947
 142.980007 -1.100906 2.228662
 143.180007 -1.266859 2.683663
 143.380007 -1.156639 2.156701
 143.580007 -1.233735 2.701114
 143.780007 -1.062907 2.362362
 143.980007 -1.402762 2.442103
 144.180007 -1.042176 2.454463
 144.380007 -1.133046 2.447819
 144.580007 -1.082444 2.478181
 144.780007 -1.515128 2.419222
 144.980007 -1.129821 2.486290
 145.180007 -1.142759 2.623731
 145.380007 -1.222142 2.217863
 145.580007 -1.361857 2.793191
 145.780007 -1.171130 2.239435
 145.980007 -1.109382 2.558023
 146.180007 -1.253073 2.428286
 146.380007 -1.174121 2.464094
 146.580007 -0.965625 2.537333
 146.780007 -1.160558 2.420742
 146.980007 -0.924641 2.535665
 147.180007 -1.082161 2.356045
 147.380007 -1.138207 2.471854
 147.580007 -1.178157 2.503157
 147.780007 -0.991500 2.289250
 147.980007 -1.106119 2.512201
 148.180007 -1.271023 2.360016
 148.380007 -1.026664 2.376068
 148.580007 -1.174502 2.604768
 148.780007 -1.005448 2.084295
 148.980007 -1.238771 2.578853
 149.180007 -0.862783 2.261369
 149.380007 -1.252198 2.483425
 149.580007 -0.885351 2.376170
 149.780007 -1.269187 2.301733
 149.980007 -0.876094 2.467537
 150.180007 -1.298527 2.357509
 150.380007 -0.762078 2.461031
 150.580007 -1.233560 2.507170
 150.780007 -1.005843 2.255955
 150.980007 -1.085061 2.627666
 151.180007 -0.954267 2.181572
 151.380007 -1.180734 2.596560
 151.580007 -0.938911 2.395165
 151.780007 -1.133918 2.483983
 151.980007 -1.146704 2.448377
 152.180007 -1.115618 2.491798
 152.380007 -1.273244 2.550903
 152.580007 -1.096425 2.420799
 152.780007 -1.245787 2.547449
 152.980007 -1.221409 2.407239
 153.180007 -1.253944 2.460932
 153.380007 -1.266321 2.546672
 153.580007 -1.339861 2.401073
 153.780007 -1.064792 2.569461
 153.980007 -1.083256 2.406981
 154.180007 -1.026726 2.369512
 154.380007 -1.291196 2.505131
 154.580007 -1.037834 2.481695
 154.780007 -1.321975 2.535433
 154.980007 -1.120324 2.342566
 155.180007 -1.276756 2.722230
 155.380007 -1.067800 2.309540
 155.580007 -1.251983 2.524379
 155.780007 -1.167131 2.421823
 155.980007 -1.085130 2.342498
 156.180007 -1.124000 2.564238
 156.380007 -1.248506 2.277091
 156.580007 -1.060008 2.615497
 156.780007 -1.156760 2.395369
 156.980007 -1.176395 2.442118
 157.180007 -1.100303 2.502920
 157.380007 -1.039374 2.411658
 157.580007 -1.195325 2.511378
 157.780007 -1.107702 2.350528
 157.980008 -0.971462 2.549393
 158.180008 -1.136180 2.414783
 158.380008 -1.283688 2.327433
 158.580008 -1.139144 2.683390
 158.780008 -1.087328 2.315772
 158.980008 -1.106366 2.556519
 159.180008 -1.175003 2.294793
 159.380008 -1.128257 2.445970
 159.580008 -1.086506 2.425197
 159.780008 -1.173970 2.384061
 159.980008 -1.115441 2.528479
 160.180008 -1.034378 2.504178
 160.380008 -0.998347 2.439453
 160.580008 -1.329552 2.385466
 160.780008 -1.117577 2.335771
 160.980008 -1.139410 2.652041
 161.180008 -1.037226 2.211085
 161.380008 -1.320986 2.607975
 161.580008 -1.117574 2.354489
 161.780008 -1.275364 2.499676
 161.980008 -1.016043 2.355408
 162.180008 -1.230151 2.481002
 162.380008 -0.916409 2.399912
 162.580008 -1.139332 2.368610
 162.780008 -1.018978 2.483020
 162.980008 -1.231640 2.354003
 163.180008 -0.987795 2.493614
 163.380008 -1.315927 2.416629
 163.580008 -1.138116 2.327634
 163.780008 -1.054453 2.625158
 163.980008 -1.103256 2.285114
 164.180008 -1.131873 2.499796
 164.380008 -1.083270 2.218022
 164.580008 -1.042300 2.675277
 164.780008 -1.207810 2.363745
 164.980008 -1.133811 2.416446
 165.180008 -1.284542 2.592920
 165.380008 -0.972938 2.371973
 165.580008 -1.228025 2.463260
 165.780008 -0.942826 2.247976
 165.980008 -1.011375 2.618475
 166.180008 -0.917121 2.366980
 166.380008 -1.206194 2.282372
 166.580008 -1.076767 2.502497
 166.780008 -1.092649 2.514356
 166.980008 -1.137950 2.316692
 167.180008 -1.218965 2.305791
 167.380008 -0.849163 2.352810
 167.580008 -1.270928 2.623727
 167.780008 -1.215286 2.269997
 167.980008 -1.122937 2.601939
 168.180008 -0.938354 2.264994
 168.380008 -1.244696 2.550429
 168.580008 -0.952857 2.116889
 168.780008 -1.144461 2.585291
 168.980008 -1.114071 2.435320
 169.180008 -1.375597 2.352709
 169.380008 -1.124258 2.620047
 169.580008 -1.373251 2.379496
 169.780008 -1.237025 2.528622
 169.980008 -1.144893 2.252327
 170.180008 -1.017294 2.582621
 170.380008 -1.203907 2.352132
 170.580008 -1.144131 2.361486
 170.780008 -0.880512 2.676299
 170.980008 -1.143193 2.116020
 171.180008 -1.008780 2.606881
 171.380008 -0.970244 2.276395
 171.580008 -1.069305 2.578990
 171.780008 -1.013355 2.325900
 171.980008 -1.219804 2.294638
 172.180008 -0.983472 2.678239
 172.380008 -1.042376 1.958660
 172.580008 -0.962413 2.606412
 172.780008 -0.969550 2.175009
 172.980008 -1.031398 2.580254
 173.180008 -1.058501 2.285894
 173.380008 -1.016509 2.351744
 173.580008 -0.885317 2.591526
 173.780008 -1.197423 2.219046
 173.980008 -1.171464 2.488667
 174.180008 -0.832845 2.335800
 174.380008 -0.908735 2.412024
 174.580008 -1.069190 2.350091
 174.780008 -1.029250 2.285958
 174.980008 -0.968675 2.554860
 175.180008 -0.941578 2.280785
 175.380008 -1.048822 2.344670
 175.580008 -1.070735 2.259417
 175.780008 -1.036321 2.539605
 175.980008 -0.842552 2.471405
 176.180008 -0.926692 2.162298
 176.380008 -1.003003 2.472048
 176.580008 -1.024357 2.501095
 176.780008 -1.039784 2.427509
 176.980008 -1.213646 2.462087
 177.180008 -1.202484 2.392694
 177.380008 -1.237757 2.619615
 177.580008 -1.297633 2.380272
 177.780008 -1.277618 2.604707
 177.980008 -1.287826 2.398682
 178.180008 -1.166169 2.376772
 178.380008 -1.109632 2.540102
 178.580008 -1.031344 2.366635
 178.780008 -0.964424 2.581299
 178.980009 -1.077557 2.380615
 179.180009 -1.065979 2.439705
 179.380009 -0.964095 2.486734
 179.580009 -0.933482 2.426250
 179.780009 -1.123293 2.442581
 179.980009 -0.950929 2.265095
 180.180009 -1.010790 2.499156
 180.380009 -1.019708 2.304440
 180.580009 -0.877632 2.295358
 180.780009 -1.122176 2.417262
 180.980009 -1.084937 2.276102
 181.180009 -0.954701 2.381869
 181.380009 -0.936808 2.202543
 181.580009 -0.964186 2.471090
 181.780009 -0.660384 2.288770
 181.980009 -0.777522 2.300163
 182.180009 -0.825735 2.379821
 182.380009 -1.046835 2.519411
 182.580009 -1.007189 2.517825
 182.780009 -1.042582 2.375822
 182.980009 -1.204635 2.385597
 183.180009 -1.215369 2.621201
 183.380009 -1.106904 2.421953
 183.580009 -0.959112 2.441381
 183.780009 -1.185537 2.444947
 183.980009 -1.392618 2.579625
 184.180009 -1.217536 2.431958
 184.380009 -1.181542 2.444867
 184.580009 -1.278897 2.381055
 184.780009 -1.135388 2.491327
 184.980009 -1.082288 2.557881
 185.180009 -1.242211 2.412633
 185.380009 -1.270838 2.505451
 185.580009 -0.901523 2.428228
 185.780009 -0.844885 2.392666
 185.980009 -0.999048 2.285146
 186.180009 -1.238587 2.537314
 186.380009 -1.074542 2.464020
 186.580009 -1.101684 2.361399
 186.780009 -1.223994 2.353703
 186.980009 -1.184966 2.327714
 187.180009 -0.990929 2.583591
 187.380009 -1.161092 2.156193
 187.580009 -0.966785 2.414949
 187.780009 -0.882296 2.398694
 187.980009 -0.871253 2.321864
 188.180009 -1.214787 2.513980
 188.380009 -1.067298 2.300116
 188.580009 -0.901702 2.618595
 188.780009 -1.010604 2.138845
 188.980009 -1.238909 2.447306
 189.180009 -1.131388 2.500070
 189.380009 -1.029167 2.269188
 189.580009 -1.102755 2.627938
 189.780009 -1.374917 2.165003
 189.980009 -0.913785 2.528302
 190.180009 -0.942990 2.254380
 190.380009 -1.048456 2.367491
 190.580009 -1.288848 2.554492
 190.780009 -0.978296 2.393556
 190.980009 -1.200115 2.553771
 191.180009 -1.158845 2.218873
 191.380009 -1.164991 2.717932
 191.580009 -0.989889 2.353453
 191.780009 -1.075716 2.342391
 191.980009 -1.314537 2.609019
 192.180009 -1.033178 2.435610
 192.380009 -1.452576 2.508939
 192.580009 -1.360544 2.401653
 192.780009 -1.024473 2.491887
 192.980009 -1.066188 2.488713
 193.180009 -1.185074 2.204067
 193.380009 -1.185783 2.676002
 193.580009 -0.905904 2.339322
 193.780009 -1.266636 2.457181
 193.980009 -1.273561 2.391133
 194.180009 -0.929541 2.397336
 194.380009 -1.187906 2.529409
 194.580009 -1.240949 2.196316
 194.780009 -0.919808 2.757947
 194.980009 -1.096776 2.130675
 195.180009 -1.172430 2.722471
 195.380009 -1.143953 2.249157
 195.580009 -1.075402 2.599832
 195.780009 -1.209303 2.494542
 195.980009 -1.294722 2.361833
 196.180009 -1.033477 2.603983
 196.380009 -1.133054 2.339533
 196.580009 -1.147037 2.449219
 196.780009 -1.205427 2.432223
 196.980009 -1.113329 2.408503
 197.180009 -1.297263 2.909458
 197.380009 -1.268210 1.937211
 197.580009 -1.155163 2.712140
 197.780009 -1.021163 2.381068
 197.980009 -1.435791 2.576908
 198.180009 -1.131822 2.397683
 198.380009 -1.099664 2.321235
 198.580009 -1.271097 2.701375
 198.780009 -1.233825 2.172511
 198.980009 -1.157345 2.608881
 199.180009 -1.224067 2.503984
 199.380009 -1.129177 2.300628
 199.580009 -1.148793 2.488403
 199.780009 -1.170707 2.297299
 199.980009 -1.229791 2.788216
