#! FIELDS time phi psi
#! SET max_psi pi
 0.180000 -2.082586 -0.189877
 0.380000 -2.362096 -0.951959
 0.580000 -1.885300 -0.310411
 0.780000 -1.894838 -0.276541
 0.980000 -2.339293 -0.865939
 1.180000 -2.271409 -0.346645
 1.380000 -1.551504 -0.366563
 1.580000 -2.580339 -0.762101
 1.780000 -2.406901 -0.595726
 1.980000 -1.897584 -0.495909
 2.180000 -2.585627 -0.416776
 2.380000 -2.085399 -0.913755
 2.580000 -2.025533 -0.095312
 2.780000 -1.935474 -0.664731
 2.980000 -2.227562 -0.957168
 3.180000 -2.220183 -0.043357
 3.380000 -1.917304 -0.441940
 3.580000 -2.488214 -0.662263
 3.780000 -2.036155 -0.685454
 3.980000 -1.761530 -0.254433
 4.180000 -2.313060 -0.511678
 4.380000 -2.108651 -0.760014
 4.580000 -2.083910 -0.348456
 4.780000 -1.805621 -0.366187
 4.980000 -2.438267 -0.777855
 5.180000 -2.505188 -0.726931
 5.380000 -1.746556 -0.396585
 5.580000 -2.060263 -0.381779
 5.780000 -2.237786 -0.811350
 5.980000 -2.439632 -0.522345
 6.180000 -1.683762 -0.321414
 6.380000 -2.234464 -0.460306
 6.580000 -2.293587 -1.009048
 6.780000 -2.146278 -0.237470
 6.980000 -1.933042 -0.408771
 7.180000 -2.182946 -0.759553
 7.380000 -2.424176 -0.615993
 7.580000 -1.665810 -0.291387
 7.780000 -2.130734 -0.475707
 7.980000 -2.405173 -0.840516
 8.180000 -1.941832 -0.564008
 8.380000 -1.985908 -0.129808
 8.580000 -2.227611 -0.914825
 8.780000 -2.437198 -0.602722
 8.980000 -1.874642 -0.429754
 9.180000 -1.931514 -0.449145
 9.380000 -2.230540 -0.459197
 9.580000 -1.948764 -0.693212
 9.780000 -2.123649 -0.172999
 9.980000 -1.921010 -0.654978
 10.180000 -2.326183 -0.648162
 10.380000 -1.994817 -0.590689
 10.580001 -1.685858 -0.395169
 10.780001 -2.349445 -0.539046
 10.980001 -2.111895 -0.856225
 11.180001 -2.229116 -0.512634
 11.380001 -2.042800 -0.442190
 11.580001 -2.383558 -0.641706
 11.780001 -2.594026 -0.601422
 11.980001 -1.828729 -0.525734
 12.180001 -2.221113 -0.432052
 12.380001 -2.237947 -0.979058
 12.580001 -2.275765 -0.411831
 12.780001 -1.835304 -0.244818
 12.980001 -2.244606 -0.964379
 13.180001 -2.363803 -0.523587
 13.380001 -1.758042 -0.638706
 13.580001 -2.223252 -0.270441
 13.780001 -2.039549 -0.799416
 13.980001 -2.279748 -0.497209
 14.180001 -1.829816 -0.390953
 14.380001 -2.236211 -0.387189
 14.580001 -2.257759 -0.856849
 14.780001 -1.976639 -0.556397
 14.980001 -2.079517 -0.209213
 15.180001 -2.107082 -0.634319
 15.380001 -2.240609 -0.689847
 15.580001 -1.977183 -0.503001
 15.780001 -1.890147 -0.361360
 15.980001 -2.035144 -0.640336
 16.180001 -1.987012 -0.520674
 16.380001 -2.048904 -0.208038
 16.580001 -2.045547 -0.664750
 16.780001 -2.407977 -0.690953
 16.980001 -2.041661 -0.367913
 17.180001 -1.987028 -0.394628
 17.380001 -2.413157 -0.577724
 17.580001 -2.171457 -0.784875
 17.780001 -2.055575 -0.245260
 17.980001 -2.006911 -0.634884
 18.180001 -2.374564 -0.846413
 18.380001 -2.331972 -0.665320
 18.580001 -1.903184 -0.355626
 18.780001 -2.178059 -0.394290
 18.980001 -2.411653 -0.892232
 19.180001 -2.233862 -0.538072
 19.380001 -1.981859 -0.460729
 19.580001 -2.041445 -0.494920
 19.780001 -2.339143 -0.684178
 19.980001 -2.275077 -0.750815
 20.180001 -2.000242 -0.441800
 20.380001 -2.070498 -0.470129
 20.580001 -2.347964 -0.795613
 20.780001 -2.067618 -0.665270
 20.980001 -2.117752 -0.086136
 21.180001 -2.135181 -0.856564
 21.380001 -2.391060 -0.593126
 21.580001 -1.899451 -0.545640
 21.780001 -2.029889 -0.405836
 21.980001 -2.318774 -0.709313
 22.180001 -2.156306 -0.521172
 22.380001 -2.042672 -0.258182
 22.580001 -2.108067 -0.507338
 22.780001 -2.165988 -0.944270
 22.980001 -2.361784 -0.268158
 23.180001 -1.841372 -0.666517
 23.380001 -2.366862 -0.365975
 23.580001 -1.927831 -0.782575
 23.780001 -2.130979 -0.377576
 23.980001 -2.080122 -0.541864
 24.180001 -2.318367 -0.628939
 24.380001 -2.425069 -0.698227
 24.580001 -2.100558 -0.571738
 24.780001 -2.177479 -0.445680
 24.980001 -2.243113 -0.653431
 25.180001 -2.174315 -0.610356
 25.380001 -1.969591 -0.249908
 25.580001 -1.890773 -0.808220
 25.780001 -2.352516 -0.507741
 25.980001 -2.274140 -0.911271
 26.180001 -2.024058 -0.272712
 26.380001 -1.922255 -0.594930
 26.580001 -2.402531 -0.742642
 26.780001 -2.256707 -0.563512
 26.980001 -1.741741 -0.170340
 27.180001 -2.092821 -0.670098
 27.380001 -2.255822 -0.745611
 27.580001 -1.799282 -0.470213
 27.780001 -2.110811 -0.193116
 27.980001 -2.388484 -1.056862
 28.180001 -2.262130 -0.593116
 28.380001 -1.910673 -0.413481
 28.580001 -2.148827 -0.351469
 28.780001 -1.989969 -0.882379
 28.980001 -2.163899 -0.262646
 29.180001 -1.614832 -0.587212
 29.380001 -2.403992 -0.415442
 29.580001 -1.972053 -0.816155
 29.780001 -2.023196 -0.332832
 29.980001 -1.956289 -0.610823
 30.180001 -2.212085 -0.569248
 30.380001 -2.148390 -0.690094
 30.580001 -1.827812 -0.296751
 30.780001 -2.202708 -0.658460
 30.980001 -2.468243 -0.757989
 31.180001 -2.130144 -0.552151
 31.380001 -1.990529 -0.163978
 31.580001 -2.353676 -0.858431
 31.780002 -2.475327 -0.731378
 31.980002 -1.813775 -0.536518
 32.180002 -2.230479 -0.322759
 32.380002 -2.209598 -0.895973
 32.580002 -2.286549 -0.502270
 32.780002 -1.880561 -0.356443
 32.980002 -2.380063 -0.573246
 33.180002 -2.470529 -0.882204
 33.380002 -1.955280 -0.252587
 33.580002 -1.969650 -0.551285
 33.780002 -2.583234 -0.740735
 33.980002 -2.166069 -0.741133
 34.180002 -1.840544 -0.274845
 34.380002 -2.206607 -0.796656
 34.580002 -2.421636 -0.617139
 34.780002 -1.934568 -0.714220
 34.980002 -2.100537 -0.089958
 35.180002 -2.119811 -1.092264
 35.380002 -2.364100 -0.465998
 35.580002 -1.853302 -0.496082
 35.780002 -2.208160 -0.249029
 35.980002 -2.071176 -0.823762
 36.180002 -1.941546 -0.159984
 36.380002 -1.800464 -0.607073
 36.580002 -2.431489 -0.431089
 36.780002 -2.035836 -0.874884
 36.980002 -2.009842 -0.100746
 37.180002 -2.059619 -0.751466
 37.380002 -2.306351 -0.656994
 37.580002 -2.085403 -0.482613
 37.780002 -1.894678 -0.166182
 37.980002 -2.113000 -0.838184
 38.180002 -2.383337 -0.424669
 38.380002 -1.774613 -0.528707
 38.580002 -2.042867 -0.298669
 38.780002 -2.030352 -0.660666
 38.980002 -2.205527 -0.477762
 39.180002 -1.912977 -0.478884
 39.380002 -2.188004 -0.283178
 39.580002 -2.080877 -0.844586
 39.780002 -2.300178 -0.364470
 39.980002 -1.951511 -0.589115
 40.180002 -2.256489 -0.484955
 40.380002 -2.144030 -0.693119
 40.580002 -1.947946 -0.428416
 40.780002 -2.223292 -0.707429
 40.980002 -2.343107 -0.403962
 41.180002 -2.124288 -0.689635
 41.380002 -2.083144 -0.339898
 41.580002 -2.040997 -0.569967
 41.780002 -2.169414 -0.477781
 41.980002 -1.979542 -0.555776
 42.180002 -2.250366 -0.318876
 42.380002 -1.845135 -0.684673
 42.580002 -2.326390 -0.354562
 42.780002 -1.992527 -0.657835
 42.980002 -2.042401 -0.347965
 43.180002 -2.070233 -0.477292
 43.380002 -1.987739 -0.504081
 43.580002 -2.286582 -0.388151
 43.780002 -2.021850 -0.638130
 43.980002 -2.234031 -0.497395
 44.180002 -2.035620 -0.394694
 44.380002 -1.901395 -0.644749
 44.580002 -2.070611 -0.391708
 44.780002 -1.919329 -0.625607
 44.980002 -2.194885 -0.378782
 45.180002 -1.908412 -0.690637
 45.380002 -2.333530 -0.452380
 45.580002 -2.186777 -0.709620
 45.780002 -2.070965 -0.229380
 45.980002 -2.038609 -0.636588
 46.180002 -2.014440 -0.574705
 46.380002 -2.243659 -0.609038
 46.580002 -2.147738 -0.372090
 46.780002 -1.907405 -0.619145
 46.980002 -2.212446 -0.574465
 47.180002 -2.006960 -0.605457
 47.380002 -2.118299 -0.382919
 47.580002 -2.028152 -0.634350
 47.780002 -2.442093 -0.610675
 47.980002 -2.090450 -0.617633
 48.180002 -1.872162 -0.414495
 48.380002 -2.234098 -0.595898
 48.580002 -2.226839 -0.670377
 48.780002 -2.102052 -0.207658
 48.980002 -1.848818 -0.491909
 49.180002 -2.329587 -0.751003
 49.380002 -2.177018 -0.737980
 49.580002 -1.940682 -0.350301
 49.780002 -2.115640 -0.499781
 49.980002 -2.255612 -0.680264
 50.180002 -2.284862 -0.508490
 50.380002 -1.998425 -0.419682
 50.580002 -2.053393 -0.441556
 50.780002 -2.197337 -0.472211
 50.980002 -2.106053 -0.737636
 51.180002 -2.229605 -0.409110
 51.380002 -1.891363 -0.618791
 51.580002 -2.176671 -0.428343
 51.780002 -1.945336 -0.753654
 51.980002 -2.272479 -0.244655
 52.180002 -2.027551 -0.486529
 52.380002 -2.167235 -0.443158
 52.580002 -2.324342 -0.836377
 52.780003 -1.935352 -0.467570
 52.980003 -2.016608 -0.461533
 53.180003 -2.248890 -0.603681
 53.380003 -2.220336 -0.950900
 53.580003 -1.983112 -0.145448
 53.780003 -1.826529 -0.644334
 53.980003 -2.434737 -0.586460
 54.180003 -2.078393 -0.700901
 54.380003 -1.876187 -0.173484
 54.580003 -2.151038 -0.701332
 54.780003 -2.438272 -0.673296
 54.980003 -2.006505 -0.460602
 55.180003 -1.981100 -0.352639
 55.380003 -2.318650 -0.703518
 55.580003 -2.276063 -0.587761
 55.780003 -1.746540 -0.299135
 55.980003 -2.244525 -0.463250
 56.180003 -2.326323 -0.894009
 56.380003 -2.212891 -0.249794
 56.580003 -1.827803 -0.361151
 56.780003 -2.333330 -0.709036
 56.980003 -2.340303 -0.665817
 57.180003 -1.716775 -0.329028
 57.380003 -2.319880 -0.409525
 57.580003 -2.101318 -0.906048
 57.780003 -2.100857 -0.273840
 57.980003 -1.836412 -0.460683
 58.180003 -2.496247 -0.688204
 58.380003 -2.276602 -0.776466
 58.580003 -2.020864 -0.322663
 58.780003 -2.118166 -0.484032
 58.980003 -2.402701 -0.798642
 59.180003 -2.167874 -0.754178
 59.380003 -1.843098 -0.410419
 59.580003 -2.099887 -0.571446
 59.780003 -2.470822 -0.562566
 59.980003 -2.210003 -0.764701
 60.180003 -2.072910 -0.042850
 60.380003 -1.952093 -0.775873
 60.580003 -2.569660 -0.595960
 60.780003 -2.094232 -0.654006
 60.980003 -1.879820 -0.243863
 61.180003 -2.123075 -0.782158
 61.380003 -2.431261 -0.511512
 61.580003 -2.186464 -0.722369
 61.780003 -1.960753 -0.342683
 61.980003 -2.251988 -0.700837
 62.180003 -2.147234 -0.562485
 62.380003 -2.008872 -0.555182
 62.580003 -2.068363 -0.501607
 62.780003 -1.832596 -0.682893
 62.980003 -2.323979 -0.395726
 63.180003 -2.058805 -0.695285
 63.380003 -2.172022 -0.282240
 63.580003 -2.056564 -0.711546
 63.780003 -2.288868 -0.583559
 63.980003 -2.106861 -0.543976
 64.180003 -2.031597 -0.420701
 64.380003 -1.961317 -0.523526
 64.580003 -2.341276 -0.649016
 64.780003 -2.187440 -0.673424
 64.980003 -1.960574 -0.188171
 65.180003 -2.187162 -0.780864
 65.380003 -2.399842 -0.589784
 65.580003 -1.950442 -0.664820
 65.780003 -2.086012 -0.312727
 65.980003 -2.031899 -0.637044
 66.180003 -2.137427 -0.571356
 66.380003 -2.142588 -0.631024
 66.580003 -2.001070 -0.296307
 66.780003 -2.056393 -0.777582
 66.980003 -2.114518 -0.315258
 67.180003 -1.834214 -0.572750
 67.380003 -2.261048 -0.259880
 67.580003 -1.799729 -0.859311
 67.780003 -2.186428 -0.117970
 67.980003 -1.928161 -0.625121
 68.180003 -2.147544 -0.358982
 68.380003 -2.120121 -0.744268
 68.580003 -1.974183 -0.296426
 68.780003 -2.094965 -0.511221
 68.980003 -2.310140 -0.525719
 69.180003 -2.141790 -0.735281
 69.380003 -2.110008 -0.186065
 69.580003 -1.961905 -0.865472
 69.780003 -2.335215 -0.518074
 69.980003 -1.956359 -0.599489
 70.180003 -2.152886 -0.234785
 70.380003 -2.231916 -0.631569
 70.580003 -2.136733 -0.565103
 70.780003 -2.109521 -0.531041
 70.980003 -2.217101 -0.517007
 71.180003 -2.123687 -0.687532
 71.380003 -2.074057 -0.307416
 71.580003 -1.910516 -0.474656
 71.780003 -2.187580 -0.639540
 71.980003 -2.092028 -0.562707
 72.180003 -1.976716 -0.296134
 72.380003 -2.168794 -0.588927
 72.580003 -2.422648 -0.733049
 72.780003 -2.137697 -0.645604
 72.980003 -1.933319 -0.234735
 73.180003 -2.207282 -0.771398
 73.380003 -2.050550 -0.792666
 73.580003 -2.073995 -0.368595
 73.780004 -1.898696 -0.380631
 73.980004 -2.077762 -0.715696
 74.180004 -2.288718 -0.489692
 74.380004 -1.862310 -0.570113
 74.580004 -2.199334 -0.228255
 74.780004 -2.195595 -0.943095
 74.980004 -2.345166 -0.392095
 75.180004 -1.786645 -0.280433
 75.380004 -2.378207 -0.710262
 75.580004 -2.478839 -0.613866
 75.780004 -1.800354 -0.401725
 75.980004 -2.342550 -0.425821
 76.180004 -2.269278 -0.882984
 76.380004 -1.897372 -0.328996
 76.580004 -2.019705 -0.239955
 76.780004 -2.262167 -0.809678
 76.980004 -2.317533 -0.578231
 77.180004 -1.960556 -0.515705
 77.380004 -2.232296 -0.297088
 77.580004 -2.261674 -0.749885
 77.780004 -2.317414 -0.538608
 77.980004 -2.150208 -0.593273
 78.180004 -1.979174 -0.400675
 78.380004 -2.208523 -0.565473
 78.580004 -2.265876 -0.644032
 78.780004 -2.220594 -0.722842
 78.980004 -2.202272 -0.507272
 79.180004 -1.947605 -0.632130
 79.380004 -2.349716 -0.345530
 79.580004 -1.823969 -0.767576
 79.780004 -2.306033 -0.463934
 79.980004 -1.961263 -0.600974
 80.180004 -2.038015 -0.507225
 80.380004 -2.020108 -0.437967
 80.580004 -2.096715 -0.638623
 80.780004 -2.339280 -0.633783
 80.980004 -2.091695 -0.642538
 81.180004 -2.143442 -0.308223
 81.380004 -2.121379 -0.501980
 81.580004 -2.249183 -0.741256
 81.780004 -2.316482 -0.205664
 81.980004 -1.881135 -0.684137
 82.180004 -2.492088 -0.321859
 82.380004 -2.118657 -0.824563
 82.580004 -2.189890 -0.404817
 82.780004 -2.123907 -0.642373
 82.980004 -1.913130 -0.533161
 83.180004 -2.281921 -0.639984
 83.380004 -2.171112 -0.525243
 83.580004 -2.080059 -0.691789
 83.780004 -2.160627 -0.302987
 83.980004 -1.927646 -0.744702
 84.180004 -2.250113 -0.419372
 84.380004 -2.100306 -0.615932
 84.580004 -2.124940 -0.473286
 84.780004 -2.225065 -0.554376
 84.980004 -2.105855 -0.702603
 85.180004 -2.267078 -0.687764
 85.380004 -2.088331 -0.394313
 85.580004 -2.020396 -0.619861
 85.780004 -2.388866 -0.619126
 85.980004 -2.105364 -0.701088
 86.180004 -2.035957 -0.331984
 86.380004 -2.018552 -0.638967
 86.580004 -2.226610 -0.735689
 86.780004 -2.142799 -0.419434
 86.980004 -1.915594 -0.524372
 87.180004 -2.319396 -0.365889
 87.380004 -1.895702 -0.663795
 87.580004 -2.095586 -0.572654
 87.780004 -2.115523 -0.453590
 87.980004 -2.062488 -0.556456
 88.180004 -2.366508 -0.550159
 88.380004 -1.969846 -0.747305
 88.580004 -2.220452 -0.495314
 88.780004 -2.059456 -0.577824
 88.980004 -2.121337 -0.548274
 89.180004 -2.180107 -0.304432
 89.380004 -2.080252 -0.726734
 89.580004 -2.459341 -0.398584
 89.780004 -1.939006 -0.735293
 89.980004 -2.325702 -0.241120
 90.180004 -1.936089 -0.772731
 90.380004 -2.147291 -0.513483
 90.580004 -2.054606 -0.496756
 90.780004 -2.165410 -0.357879
 90.980004 -2.240820 -0.970841
 91.180004 -2.152342 -0.434279
 91.380004 -1.997529 -0.513076
 91.580004 -2.309913 -0.530781
 91.780004 -2.235648 -0.927695
 91.980004 -1.886697 -0.153233
 92.180004 -1.931365 -0.536068
 92.380004 -2.696336 -0.712424
 92.580004 -1.775065 -0.748895
 92.780004 -2.008233 0.050375
 92.980004 -2.385508 -1.268943
 93.180004 -2.214035 -0.356208
 93.380004 -1.847458 -0.521185
 93.580004 -2.435315 -0.483268
 93.780004 -2.284156 -0.789929
 93.980004 -2.071665 -0.235624
 94.180004 -1.981469 -0.745749
 94.380004 -2.511927 -0.748027
 94.580004 -2.145053 -0.478559
 94.780005 -1.976704 -0.353663
 94.980005 -2.444581 -0.794053
 95.180005 -2.346269 -0.848948
 95.380005 -2.019880 -0.272031
 95.580005 -1.979276 -0.364511
 95.780005 -2.441284 -0.911700
 95.980005 -2.203459 -0.384239
 96.180005 -1.697236 -0.347468
 96.380005 -2.466558 -0.703232
 96.580005 -2.210278 -0.694759
 96.780005 -2.114719 -0.306527
 96.980005 -2.147751 -0.689229
 97.180005 -2.613427 -0.978736
 97.380005 -2.042401 -0.528518
 97.580005 -2.107820 -0.237767
 97.780005 -2.285449 -0.890491
 97.980005 -2.398504 -0.538270
 98.180005 -1.647767 -0.461429
 98.380005 -2.175749 -0.432630
 98.580005 -2.505117 -0.990273
 98.780005 -2.080000 -0.476551
 98.980005 -1.818487 -0.270893
 99.180005 -2.474375 -0.892470
 99.380005 -2.167329 -0.726290
 99.580005 -1.955471 -0.207016
 99.780005 -2.223274 -0.606674
 99.980005 -2.433426 -0.771172
 100.180005 -1.918379 -0.640744
 100.380005 -2.040465 -0.236044
 100.580005 -2.381262 -0.986402
 100.780005 -2.393041 -0.695991
 100.980005 -1.793770 -0.285821
 101.180005 -1.889380 -0.495793
 101.380005 -2.506739 -0.981357
 101.580005 -1.966333 -0.452983
 101.780005 -1.722439 -0.221398
 101.980005 -2.401041 -0.912600
 102.180005 -2.344310 -0.730735
 102.380005 -2.036019 -0.204478
 102.580005 -2.115834 -0.512934
 102.780005 -2.453010 -0.715507
 102.980005 -1.945697 -0.761062
 103.180005 -2.032678 -0.271043
 103.380005 -2.164746 -0.828642
 103.580005 -2.344986 -0.569068
 103.780005 -1.906927 -0.546174
 103.980005 -2.046940 -0.390977
 104.180005 -2.199733 -0.611899
 104.380005 -2.090018 -0.474732
 104.580005 -1.931891 -0.567170
 104.780005 -2.277667 -0.352297
 104.980005 -2.123414 -0.617184
 105.180005 -2.154860 -0.448453
 105.380005 -2.206748 -0.590259
 105.580005 -2.170973 -0.669065
 105.780005 -2.015329 -0.560122
 105.980005 -2.215608 -0.416695
 106.180005 -2.268171 -0.559537
 106.380005 -2.234148 -0.479087
 106.580005 -2.159493 -0.502762
 106.780005 -2.125837 -0.656214
 106.980005 -2.260977 -0.492609
 107.180005 -1.868439 -0.467995
 107.380005 -2.189811 -0.404033
 107.580005 -2.274748 -0.749189
 107.780005 -2.226870 -0.693974
 107.980005 -2.090698 -0.528850
 108.180005 -2.169538 -0.567675
 108.380005 -2.200025 -0.761532
 108.580005 -2.117640 -0.647766
 108.780005 -2.100642 -0.373459
 108.980005 -1.887141 -0.520445
 109.180005 -2.278071 -0.502231
 109.380005 -2.183069 -0.842032
 109.580005 -2.034754 -0.495990
 109.780005 -1.940862 -0.365814
 109.980005 -2.203043 -0.622475
 110.180005 -2.389561 -0.836837
 110.380005 -1.846275 -0.321430
 110.580005 -1.964396 -0.328822
 110.780005 -2.449825 -0.743658
 110.980005 -2.004137 -0.686822
 111.180005 -1.973237 -0.090901
 111.380005 -2.255190 -0.942275
 111.580005 -2.503373 -0.666409
 111.780005 -1.649323 -0.338839
 111.980005 -2.196507 -0.516059
 112.180005 -2.404047 -0.891446
 112.380005 -1.829031 -0.452958
 112.580005 -1.917255 -0.293625
 112.780005 -2.128086 -0.679419
 112.980005 -2.237336 -0.760160
 113.180005 -2.021598 -0.189560
 113.380005 -1.883659 -0.571177
 113.580005 -2.352180 -0.716639
 113.780005 -2.275845 -0.555679
 113.980005 -1.787671 -0.436418
 114.180005 -2.112059 -0.375894
 114.380005 -2.148420 -0.796712
 114.580005 -2.087045 -0.497664
 114.780005 -1.943020 -0.312389
 114.980005 -2.180686 -0.619166
 115.180005 -2.204309 -0.755967
 115.380005 -2.452500 -0.614121
 115.580005 -2.008167 -0.514181
 115.780005 -2.200422 -0.570874
 115.980006 -2.219665 -0.613825
 116.180006 -2.012184 -0.506414
 116.380006 -2.300398 -0.348089
 116.580006 -2.163685 -0.750056
 116.780006 -2.277011 -0.450204
 116.980006 -1.874557 -0.500942
 117.180006 -2.246390 -0.440437
 117.380006 -2.212681 -0.765143
 117.580006 -2.119083 -0.460445
 117.780006 -1.944978 -0.597938
 117.980006 -2.149277 -0.570839
 118.180006 -2.476177 -0.772747
 118.380006 -1.978646 -0.577032
 118.580006 -2.088987 -0.339762
 118.780006 -1.887905 -0.723074
 118.980006 -2.174298 -0.534277
 119.180006 -1.970071 -0.516613
 119.380006 -2.024404 -0.440413
 119.580006 -2.174037 -0.627645
 119.780006 -2.166170 -0.550472
 119.980006 -2.156610 -0.514014
 120.180006 -1.863333 -0.538271
 120.380006 -2.051256 -0.597985
 120.580006 -2.053595 -0.439980
 120.780006 -1.910563 -0.651150
 120.980006 -2.291147 -0.249308
 121.180006 -2.001229 -0.651476
 121.380006 -2.321088 -0.423136
 121.580006 -1.840804 -0.603005
 121.780006 -2.121003 -0.454709
 121.980006 -2.088644 -0.806267
 122.180006 -2.144379 -0.409206
 122.380006 -2.066633 -0.540716
 122.580006 -2.114859 -0.441776
 122.780006 -2.170027 -0.606248
 122.980006 -1.959292 -0.412788
 123.180006 -1.961514 -0.437628
 123.380006 -2.141671 -0.581857
 123.580006 -2.118333 -0.615842
 123.780006 -1.988591 -0.306530
 123.980006 -1.802932 -0.496555
 124.180006 -2.439151 -0.507387
 124.380006 -2.075004 -0.841538
 124.580006 -1.973648 -0.344786
 124.780006 -1.922806 -0.656836
 124.980006 -2.215556 -0.540795
 125.180006 -2.214137 -0.594738
 125.380006 -1.874398 -0.315553
 125.580006 -2.146117 -0.666648
 125.780006 -2.499580 -0.759632
 125.980006 -1.966621 -0.590059
 126.180006 -2.057414 -0.128023
 126.380006 -2.255647 -0.912133
 126.580006 -2.311033 -0.655241
 126.780006 -1.702651 -0.524559
 126.980006 -2.251037 -0.359563
 127.180006 -2.352414 -1.074321
 127.380006 -2.020501 -0.090991
 127.580006 -1.793356 -0.521557
 127.780006 -2.516178 -0.867912
 127.980006 -2.245067 -0.489385
 128.180006 -1.636889 -0.276156
 128.380006 -2.527664 -0.654431
 128.580006 -2.356842 -0.891192
 128.780006 -1.957120 -0.148600
 128.980006 -2.110158 -0.599593
 129.180006 -2.463983 -0.756613
 129.380006 -1.983444 -0.555648
 129.580006 -1.836496 -0.289519
 129.780006 -2.460023 -0.858280
 129.980006 -2.305339 -0.568967
 130.180006 -1.888888 -0.434975
 130.380006 -2.274936 -0.487822
 130.580006 -2.221529 -0.775136
 130.780006 -2.146408 -0.515844
 130.980006 -1.777450 -0.484817
 131.180006 -2.153882 -0.478944
 131.380006 -2.163194 -0.697357
 131.580006 -2.232165 -0.623235
 131.780006 -1.912977 -0.510362
 131.980006 -2.057812 -0.464830
 132.180006 -2.303573 -0.568536
 132.380006 -1.989145 -0.592170
 132.580006 -2.117523 -0.356582
 132.780006 -1.909878 -0.684531
 132.980006 -2.088307 -0.452628
 133.180006 -1.871606 -0.462992
 133.380006 -2.037836 -0.528776
 133.580006 -2.406911 -0.784493
 133.780006 -1.943466 -0.523904
 133.980006 -1.947311 -0.301106
 134.180006 -2.228418 -0.660731
 134.380006 -2.141356 -0.811459
 134.580006 -2.096386 -0.409212
 134.780006 -1.916818 -0.463869
 134.980006 -2.268828 -0.578477
 135.180006 -2.176560 -0.711431
 135.380006 -2.144541 -0.501266
 135.580006 -2.033009 -0.398128
 135.780006 -2.249890 -0.829804
 135.980006 -2.180298 -0.362826
 136.180006 -1.999348 -0.511417
 136.380006 -2.271128 -0.510051
 136.580006 -2.035703 -0.692672
 136.780006 -2.336336 -0.466194
 136.980007 -2.062523 -0.686613
 137.180007 -2.430900 -0.265753
 137.380007 -2.237656 -0.813154
 137.580007 -2.126510 -0.298834
 137.780007 -1.891390 -0.461945
 137.980007 -2.229215 -0.645807
 138.180007 -2.142699 -0.548181
 138.380007 -1.974321 -0.545877
 138.580007 -2.089862 -0.450885
 138.780007 -2.064349 -0.711704
 138.980007 -2.212263 -0.544701
 139.180007 -1.985897 -0.501377
 139.380007 -2.023843 -0.311183
 139.580007 -2.078517 -0.759765
 139.780007 -2.175869 -0.299538
 139.980007 -1.679521 -0.592531
 140.180007 -2.290171 -0.449742
 140.380007 -2.047862 -0.788302
 140.580007 -2.059327 -0.163465
 140.780007 -2.059286 -0.721798
 140.980007 -2.343303 -0.673992
 141.180007 -2.399901 -0.610247
 141.380007 -1.980395 -0.514286
 141.580007 -2.376874 -0.535971
 141.780007 -2.232563 -0.798748
 141.980007 -2.244803 -0.652624
 142.180007 -2.133418 -0.376437
 142.380007 -1.959204 -0.693147
 142.580007 -2.376549 -0.422444
 142.780007 -1.764536 -0.734284
 142.980007 -2.388953 -0.159547
 143.180007 -1.922419 -0.820705
 143.380007 -2.156963 -0.333462
 143.580007 -1.939753 -0.536892
 143.780007 -1.977108 -0.423734
 143.980007 -2.207099 -0.748178
 144.180007 -1.970178 -0.464072
 144.380007 -2.070685 -0.434975
 144.580007 -2.343010 -0.690687
 144.780007 -2.350633 -0.859162
 144.980007 -2.150455 -0.284154
 145.180007 -1.838105 -0.366779
 145.380007 -2.442824 -0.653594
 145.580007 -2.022397 -0.763444
 145.780007 -2.039789 -0.228724
 145.980007 -2.076933 -0.591872
 146.180007 -2.444585 -0.922921
 146.380007 -2.097926 -0.396351
 146.580007 -1.693287 -0.394620
 146.780007 -2.272676 -0.493144
 146.980007 -1.954867 -0.658311
 147.180007 -2.112354 -0.319214
 147.380007 -2.111018 -0.730102
 147.580007 -2.482309 -0.839350
 147.780007 -2.045533 -0.478223
 147.980007 -1.815936 -0.340173
 148.180007 -2.276417 -0.572909
 148.380007 -2.233272 -0.725403
 148.580007 -2.138024 -0.430103
 148.780007 -1.891757 -0.334078
 148.980007 -2.228941 -0.681932
 149.180007 -2.486583 -0.581738
 149.380007 -1.767570 -0.630930
 149.580007 -2.211065 -0.125774
 149.780007 -2.029514 -0.931417
 149.980007 -2.422875 -0.497658
 150.180007 -1.905253 -0.528300
 150.380007 -2.232696 -0.288973
 150.580007 -2.321657 -0.863211
 150.780007 -2.182237 -0.564655
 150.980007 -2.078936 -0.330056
 151.180007 -2.080714 -0.674291
 151.380007 -2.345976 -0.716993
 151.580007 -1.951346 -0.416435
 151.780007 -2.022251 -0.382551
 151.980007 -2.308700 -0.687342
 152.180007 -2.260196 -0.769279
 152.380007 -2.386094 -0.431380
 152.580007 -1.960650 -0.587997
 152.780007 -2.305799 -0.604885
 152.980007 -2.097607 -0.455609
 153.180007 -1.967598 -0.503671
 153.380007 -2.215609 -0.329211
 153.580007 -2.013594 -0.852151
 153.780007 -2.248924 -0.130764
 153.980007 -1.823448 -0.639506
 154.180007 -2.096504 -0.490949
 154.380007 -2.014257 -0.606239
 154.580007 -2.032792 -0.501050
 154.780007 -2.090076 -0.391225
 154.980007 -2.170999 -0.721384
 155.180007 -2.392265 -0.640774
 155.380007 -1.992813 -0.568889
 155.580007 -2.006992 -0.427850
 155.780007 -2.073033 -0.550434
 155.980007 -2.091481 -0.559396
 156.180007 -1.869948 -0.453284
 156.380007 -2.066052 -0.435830
 156.580007 -2.279167 -0.884668
 156.780007 -2.545480 -0.598749
 156.980007 -1.936014 -0.517055
 157.180007 -2.134647 -0.485949
 157.380007 -2.238363 -0.748497
 157.580007 -2.170151 -0.500880
 157.780007 -1.740717 -0.378448
 157.980008 -2.343013 -0.529016
 158.180008 -2.314170 -0.975171
 158.380008 -2.148343 -0.325402
 158.580008 -1.852494 -0.358488
 158.780008 -2.471502 -0.872710
 158.980008 -2.355639 -0.679795
 159.180008 -1.892116 -0.224441
 159.380008 -2.404301 -0.790458
 159.580008 -2.712441 -0.722995
 159.780008 -1.822691 -0.446735
 159.980008 -2.267745 -0.442930
 160.180008 -2.369033 -0.989188
 160.380008 -1.888046 -0.396520
 160.580008 -2.012905 -0.170571
 160.780008 -2.302288 -0.886454
 160.980008 -2.500686 -0.472074
 161.180008 -1.767734 -0.531114
 161.380008 -2.295165 -0.359260
 161.580008 -2.311730 -0.940535
 161.780008 -1.851857 -0.258857
 161.980008 -2.163092 -0.356249
 162.180008 -2.366596 -0.982545
 162.380008 -2.170991 -0.520083
 162.580008 -1.720014 -0.122671
 162.780008 -2.293844 -0.970816
 162.980008 -2.266988 -0.404639
 163.180008 -1.624120 -0.371617
 163.380008 -2.584214 -0.694639
 163.580008 -2.020562 -0.728638
 163.780008 -1.933183 -0.257372
 163.980008 -2.350200 -0.708200
 164.180008 -2.068928 -0.897264
 164.380008 -2.181952 -0.236792
 164.580008 -1.931019 -0.438840
 164.780008 -2.233085 -0.648212
 164.980008 -2.148466 -0.456723
 165.180008 -1.737911 -0.488406
 165.380008 -2.367488 -0.296161
 165.580008 -2.206620 -0.867483
 165.780008 -2.049802 -0.562655
 165.980008 -1.911024 -0.193956
 166.180008 -2.133594 -0.783483
 166.380008 -2.404526 -0.575277
 166.580008 -1.692209 -0.580132
 166.780008 -2.195393 -0.001498
 166.980008 -2.323357 -0.895062
 167.180008 -2.364446 -0.699632
 167.380008 -2.203286 -0.434267
 167.580008 -1.865703 -0.438320
 167.780008 -2.450984 -0.690777
 167.980008 -2.187467 -0.591365
 168.180008 -1.934257 -0.471060
 168.380008 -2.286502 -0.346563
 168.580008 -1.827497 -0.864130
 168.780008 -2.303017 -0.071314
 168.980008 -1.784300 -0.905005
 169.180008 -2.214990 -0.282247
 169.380008 -1.716150 -0.678620
 169.580008 -2.115868 -0.189323
 169.780008 -2.018641 -0.902570
 169.980008 -2.131469 -0.339247
 170.180008 -2.047674 -0.445182
 170.380008 -2.177611 -0.525541
 170.580008 -2.378263 -1.006621
 170.780008 -2.064304 -0.164773
 170.980008 -1.810711 -0.638780
 171.180008 -2.694247 -0.614168
 171.380008 -2.051698 -0.838122
 171.580008 -1.956516 0.086383
 171.780008 -2.115889 -0.805779
 171.980008 -2.490464 -0.686619
 172.180008 -1.970804 -0.549910
 172.380008 -2.182216 -0.241328
 172.580008 -2.410994 -0.974282
 172.780008 -2.149528 -0.531570
 172.980008 -2.120734 -0.563657
 173.180008 -2.012220 -0.418685
 173.380008 -2.123125 -0.682327
 173.580008 -2.085433 -0.526021
 173.780008 -1.755234 -0.585860
 173.980008 -2.250706 -0.324899
 174.180008 -1.845841 -0.763846
 174.380008 -2.337455 -0.443017
 174.580008 -1.981534 -0.761927
 174.780008 -2.233399 -0.415722
 174.980008 -2.261200 -0.658170
 175.180008 -2.251020 -0.607379
 175.380008 -2.162256 -0.312715
 175.580008 -1.982352 -0.360146
 175.780008 -2.151790 -0.675602
 175.980008 -2.011348 -0.505192
 176.180008 -2.023035 -0.451571
 176.380008 -2.099897 -0.332889
 176.580008 -1.984410 -0.697340
 176.780008 -2.308034 -0.327219
 176.980008 -2.050035 -0.519913
 177.180008 -2.252427 -0.295272
 177.380008 -2.134004 -0.676947
 177.580008 -2.129473 -0.436751
 177.780008 -2.057633 -0.436176
 177.980008 -2.102674 -0.535356
 178.180008 -2.146400 -0.590366
 178.380008 -2.029764 -0.475280
 178.580008 -2.119875 -0.479624
 178.780008 -2.218350 -0.527035
 178.980009 -2.098906 -0.630238
 179.180009 -2.059217 -0.248095
 179.380009 -1.921698 -0.588627
 179.580009 -2.235507 -0.525275
 179.780009 -2.099533 -0.566692
 179.980009 -2.169888 -0.398432
 180.180009 -2.072411 -0.544881
 180.380009 -2.344113 -0.599849
 180.580009 -2.189561 -0.777675
 180.780009 -1.976331 -0.212484
 180.980009 -2.060971 -0.511788
 181.180009 -2.346081 -0.742995
 181.380009 -2.091031 -0.458943
 181.580009 -1.966688 -0.334648
 181.780009 -2.243372 -0.671630
 181.980009 -2.508288 -0.739951
 182.180009 -1.793165 -0.548099
 182.380009 -2.076358 -0.177820
 182.580009 -2.150252 -1.023022
 182.780009 -2.341927 -0.488719
 182.980009 -1.953163 -0.388272
 183.180009 -1.984292 -0.524050
 183.380009 -2.412535 -0.769536
 183.580009 -2.062043 -0.578633
 183.780009 -1.959998 -0.398776
 183.980009 -2.242849 -0.642539
 184.180009 -2.185938 -0.877460
 184.380009 -2.038680 -0.259349
 184.580009 -1.970830 -0.605752
 184.780009 -2.511920 -0.784692
 184.980009 -2.031977 -0.575315
 185.180009 -1.870641 -0.389944
 185.380009 -2.329892 -0.771957
 185.580009 -2.283682 -0.884395
 185.780009 -2.086218 -0.333307
 185.980009 -1.890016 -0.513341
 186.180009 -2.502449 -0.921871
 186.380009 -2.181699 -0.555039
 186.580009 -1.915917 -0.505057
 186.780009 -2.375679 -0.564532
 186.980009 -2.290720 -0.860409
 187.180009 -2.192293 -0.257717
 187.380009 -1.981301 -0.538774
 187.580009 -2.293886 -0.855678
 187.780009 -2.229936 -0.265168
 187.980009 -1.921605 -0.697914
 188.180009 -2.641344 -0.588662
 188.380009 -2.003936 -0.804420
 188.580009 -2.279036 -0.340591
 188.780009 -1.822880 -0.567400
 188.980009 -2.181949 -0.544936
 189.180009 -2.190236 -0.690334
 189.380009 -1.871708 -0.458422
 189.580009 -1.991446 -0.363388
 189.780009 -2.327819 -0.818980
 189.980009 -2.491248 -0.665053
 190.180009 -1.943963 -0.471920
 190.380009 -2.036669 -0.470400
 190.580009 -2.230806 -0.708603
 190.780009 -2.227633 -0.849092
 190.980009 -1.937275 -0.116916
 191.180009 -1.960598 -0.537913
 191.380009 -2.491524 -0.626014
 191.580009 -1.848861 -0.754992
 191.780009 -2.018108 -0.148519
 191.980009 -1.975176 -0.966196
 192.180009 -2.095456 -0.487999
 192.380009 -1.996700 -0.450176
 192.580009 -1.894990 -0.556106
 192.780009 -2.346178 -0.778261
 192.980009 -2.003798 -0.384455
 193.180009 -1.904113 -0.508569
 193.380009 -2.465892 -0.370037
 193.580009 -2.098636 -1.061465
 193.780009 -2.177149 -0.183384
 193.980009 -1.681433 -0.596056
 194.180009 -2.369842 -0.467502
 194.380009 -1.979554 -0.815992
 194.580009 -2.053119 -0.271427
 194.780009 -2.228931 -0.574641
 194.980009 -2.172063 -0.786338
 195.180009 -2.424788 -0.573010
 195.380009 -1.759417 -0.514746
 195.580009 -2.371337 -0.338046
 195.780009 -2.313170 -0.808802
 195.980009 -2.169003 -0.797195
 196.180009 -1.969355 -0.170789
 196.380009 -2.169066 -0.771701
 196.580009 -2.857941 -0.631797
 196.780009 -1.899571 -0.637953
 196.980009 -2.051380 -0.293974
 197.180009 -2.266341 -0.863250
 197.380009 -2.253000 -0.632343
 197.580009 -1.997727 -0.241232
 197.780009 -1.983056 -0.518143
 197.980009 -2.412942 -1.094210
 198.180009 -2.397757 -0.191091
 198.380009 -1.795214 -0.701366
 198.580009 -2.622060 -0.529778
 198.780009 -2.163882 -0.868627
 198.980009 -1.874362 -0.160816
 199.180009 -2.149922 -0.659189
 199.380009 -2.381786 -0.864499
 199.580009 -2.071087 -0.342398
 199.780009 -1.922957 -0.444719
 199.980009 -2.423547 -0.911604
