#! FIELDS time phi psi
#! SET max_psi pi
 0.180000 -0.897852 1.292029
 0.380000 -0.807016 0.161480
 0.580000 -1.226132 1.075697
 0.780000 -1.001692 0.773677
 0.980000 -1.568813 0.881525
 1.180000 -0.848712 0.783213
 1.380000 -1.064269 0.918637
 1.580000 -0.939033 0.845388
 1.780000 -1.183230 0.816707
 1.980000 -1.188195 0.942990
 2.180000 -1.324022 1.008350
 2.380000 -0.753721 0.607012
 2.580000 -0.981639 0.946740
 2.780000 -0.978705 0.752808
 2.980000 -1.000790 1.264938
 3.180000 -0.854344 0.495794
 3.380000 -1.000165 1.105233
 3.580000 -0.847063 0.514113
 3.780000 -1.031434 1.130126
 3.980000 -1.193300 0.625147
 4.180000 -0.950166 1.143983
 4.380000 -0.996962 0.465063
 4.580000 -1.034564 1.178189
 4.780000 -0.994345 0.629238
 4.980000 -1.082840 1.205701
 5.180000 -1.186945 0.539185
 5.380000 -0.925052 1.192224
 5.580000 -1.163271 0.471239
 5.780000 -0.887158 1.238057
 5.980000 -1.125705 0.441994
 6.180000 -1.258070 1.201677
 6.380000 -1.177556 0.611074
 6.580000 -0.917533 1.114929
 6.780000 -1.000356 0.612911
 6.980000 -1.006189 0.997164
 7.180000 -0.967136 0.758771
 7.380000 -1.234900 1.004296
 7.580000 -0.944970 0.867717
 7.780000 -1.066679 0.786935
 7.980000 -0.968241 0.850689
 8.180000 -1.118566 0.800798
 8.380000 -1.258609 1.139299
 8.580000 -1.114701 0.736487
 8.780000 -0.872233 1.089189
 8.980000 -1.111988 0.808729
 9.180000 -0.811879 1.000171
 9.380000 -1.231880 0.815891
 9.580000 -1.206829 1.204386
 9.780000 -0.797546 0.657797
 9.980000 -0.989101 1.026544
 10.180000 -1.037414 0.805180
 10.380000 -1.083053 0.873130
 10.580001 -1.173680 0.999740
 10.780001 -1.050242 0.756280
 10.980001 -0.861823 1.017934
 11.180001 -0.989783 0.734700
 11.380001 -1.087131 1.197570
 11.580001 -1.075217 0.531454
 11.780001 -0.857387 1.031460
 11.980001 -1.150918 0.762174
 12.180001 -1.089262 1.024537
 12.380001 -0.999965 0.637613
 12.580001 -1.095996 1.075168
 12.780001 -1.162836 0.697662
 12.980001 -1.297749 1.003825
 13.180001 -1.112692 0.795753
 13.380001 -1.212863 0.954708
 13.580001 -0.940294 0.756617
 13.780001 -0.993964 0.882759
 13.980001 -1.048424 0.844172
 14.180001 -1.038258 1.043195
 14.380001 -0.849913 0.685104
 14.580001 -1.242338 0.973941
 14.780001 -0.987204 0.869625
 14.980001 -1.182310 1.058969
 15.180001 -1.071404 0.767857
 15.380001 -1.188120 0.864002
 15.580001 -1.133522 0.963214
 15.780001 -1.168475 0.908789
 15.980001 -1.125451 0.882721
 16.180001 -1.191493 0.826496
 16.380001 -0.916382 0.819673
 16.580001 -1.126348 0.934341
 16.780001 -1.003383 1.016183
 16.980001 -1.086337 0.854232
 17.180001 -0.834271 0.845760
 17.380001 -1.038714 0.777685
 17.580001 -1.178208 1.051198
 17.780001 -1.219700 0.857764
 17.980001 -1.223974 0.894989
 18.180001 -1.177982 0.886435
 18.380001 -1.078947 0.959478
 18.580001 -1.314710 0.875607
 18.780001 -1.118736 0.867688
 18.980001 -0.954148 0.964970
 19.180001 -0.885204 0.715911
 19.380001 -0.892039 0.837938
 19.580001 -1.055177 0.910269
 19.780001 -1.088180 1.014620
 19.980001 -0.928016 0.773871
 20.180001 -1.021436 0.825703
 20.380001 -1.187066 0.891097
 20.580001 -0.966208 0.845715
 20.780001 -1.040378 1.111178
 20.980001 -0.969969 0.673553
 21.180001 -1.274590 1.081775
 21.380001 -1.191675 0.683321
 21.580001 -1.040063 1.121967
 21.780001 -1.052989 0.602410
 21.980001 -0.919050 0.837567
 22.180001 -1.237596 0.800662
 22.380001 -0.950760 0.942435
 22.580001 -1.218775 0.785318
 22.780001 -0.983189 0.906949
 22.980001 -1.107324 0.624741
 23.180001 -1.007405 1.084349
 23.380001 -1.314405 0.678070
 23.580001 -1.043954 1.027344
 23.780001 -1.259462 0.704081
 23.980001 -0.908512 1.094110
 24.180001 -1.304823 0.738590
 24.380001 -0.870821 0.961492
 24.580001 -1.128939 0.782798
 24.780001 -0.879042 0.841794
 24.980001 -1.162134 0.913840
 25.180001 -1.065690 0.955473
 25.380001 -1.280222 1.052919
 25.580001 -1.068298 0.573672
 25.780001 -1.016048 1.102428
 25.980001 -1.159604 0.541166
 26.180001 -1.119759 1.175144
 26.380001 -1.199858 0.717719
 26.580001 -0.898774 1.095592
 26.780001 -0.937204 0.589175
 26.980001 -0.860575 1.017895
 27.180001 -0.995688 0.960764
 27.380001 -1.081690 0.930599
 27.580001 -1.022645 0.868201
 27.780001 -0.850659 0.659011
 27.980001 -1.032993 0.984468
 28.180001 -1.146266 0.834645
 28.380001 -1.056878 0.972167
 28.580001 -1.067394 0.637316
 28.780001 -0.846249 0.919273
 28.980001 -1.139979 0.738065
 29.180001 -0.974813 1.089848
 29.380001 -1.142676 0.633380
 29.580001 -1.127198 1.191978
 29.780001 -1.302314 0.496819
 29.980001 -0.865587 1.069340
 30.180001 -1.170432 0.592258
 30.380001 -1.019682 1.261026
 30.580001 -1.076738 0.636550
 30.780001 -1.036616 0.954043
 30.980001 -1.099821 0.796050
 31.180001 -1.041520 0.920550
 31.380001 -1.201931 0.878081
 31.580001 -1.189963 0.821544
 31.780002 -1.053813 0.913561
 31.980002 -1.114432 0.718797
 32.180002 -0.982259 0.928262
 32.380002 -1.288260 0.798300
 32.580002 -1.118961 1.049411
 32.780002 -1.187570 0.666689
 32.980002 -1.091590 1.170357
 33.180002 -0.988857 0.701838
 33.380002 -0.985313 1.110297
 33.580002 -1.123325 0.767361
 33.780002 -0.947442 1.058848
 33.980002 -1.036591 0.723045
 34.180002 -0.936274 0.992335
 34.380002 -1.021381 0.763046
 34.580002 -1.151465 0.958620
 34.780002 -1.079467 0.851981
 34.980002 -1.159929 0.849382
 35.180002 -1.017780 0.788207
 35.380002 -1.178996 0.842525
 35.580002 -0.960324 0.913492
 35.780002 -1.223608 0.866605
 35.980002 -0.747226 0.849917
 36.180002 -1.105682 0.954192
 36.380002 -0.852216 0.770534
 36.580002 -0.985696 0.900798
 36.780002 -1.080748 0.762878
 36.980002 -1.125695 0.911669
 37.180002 -1.161180 0.724637
 37.380002 -1.268543 0.974533
 37.580002 -1.140633 0.983992
 37.780002 -0.969721 0.746707
 37.980002 -1.180896 0.934569
 38.180002 -1.201484 0.933930
 38.380002 -1.071931 0.923602
 38.580002 -0.933330 0.760303
 38.780002 -0.908577 0.927222
 38.980002 -1.059648 0.824702
 39.180002 -1.086342 1.003754
 39.380002 -0.813238 0.798546
 39.580002 -0.965646 0.766005
 39.780002 -1.012461 1.039942
 39.980002 -1.259142 0.730224
 40.180002 -1.282341 1.164744
 40.380002 -1.242556 0.741302
 40.580002 -0.876170 0.922055
 40.780002 -1.218305 0.793799
 40.980002 -0.885174 0.897477
 41.180002 -1.003633 0.797992
 41.380002 -1.093031 0.914224
 41.580002 -0.919398 0.853498
 41.780002 -1.127785 0.818166
 41.980002 -0.982234 0.926455
 42.180002 -1.150484 0.792531
 42.380002 -1.170483 0.910638
 42.580002 -1.214075 0.755060
 42.780002 -1.289273 1.058113
 42.980002 -1.293130 0.855118
 43.180002 -1.046526 0.927374
 43.380002 -1.252098 0.813990
 43.580002 -1.177056 0.867616
 43.780002 -1.201502 0.972299
 43.980002 -1.049714 0.900072
 44.180002 -0.938033 0.835953
 44.380002 -1.126484 0.927196
 44.580002 -1.256332 0.966851
 44.780002 -1.030520 0.823558
 44.980002 -1.157716 0.962813
 45.180002 -1.013893 0.869369
 45.380002 -1.127181 0.831300
 45.580002 -1.265347 0.897721
 45.780002 -1.125965 0.947495
 45.980002 -1.192731 0.734788
 46.180002 -1.104659 0.877457
 46.380002 -1.003015 0.783496
 46.580002 -1.138399 0.947457
 46.780002 -0.855304 0.653947
 46.980002 -1.099457 0.945630
 47.180002 -1.194907 0.940276
 47.380002 -1.031051 0.818728
 47.580002 -1.088285 0.810891
 47.780002 -1.237874 0.948950
 47.980002 -0.968157 0.845310
 48.180002 -1.124690 0.818592
 48.380002 -0.950264 0.925425
 48.580002 -1.019065 0.628493
 48.780002 -1.216530 1.051763
 48.980002 -1.127377 0.670971
 49.180002 -1.147681 1.069496
 49.380002 -1.123596 0.752071
 49.580002 -1.102540 1.034189
 49.780002 -1.173894 0.740678
 49.980002 -1.058469 0.854395
 50.180002 -1.105406 1.012440
 50.380002 -0.924486 0.812683
 50.580002 -0.985658 0.967559
 50.780002 -1.127954 0.851130
 50.980002 -0.901633 0.911880
 51.180002 -1.090935 0.842486
 51.380002 -1.117437 0.923571
 51.580002 -0.984050 0.906215
 51.780002 -1.086962 0.940045
 51.980002 -1.104298 0.928500
 52.180002 -0.961597 0.726759
 52.380002 -1.187431 0.944544
 52.580002 -1.152218 0.943236
 52.780003 -0.868362 0.805347
 52.980003 -1.046571 0.929218
 53.180003 -0.982705 0.836740
 53.380003 -0.905264 0.841581
 53.580003 -1.025355 0.855532
 53.780003 -1.094820 0.936159
 53.980003 -0.904329 0.696133
 54.180003 -1.006196 0.970066
 54.380003 -1.192679 0.782140
 54.580003 -1.244949 1.002207
 54.780003 -1.124974 0.624188
 54.980003 -1.205273 1.077738
 55.180003 -1.025370 0.732653
 55.380003 -1.181815 1.075210
 55.580003 -1.038551 0.745138
 55.780003 -1.052112 0.992830
 55.980003 -0.992338 0.822825
 56.180003 -1.128770 0.904545
 56.380003 -0.932534 0.947645
 56.580003 -1.118468 0.868721
 56.780003 -0.959997 0.802194
 56.980003 -1.180597 0.918173
 57.180003 -1.085206 0.923303
 57.380003 -1.289700 0.876559
 57.580003 -0.991075 0.893414
 57.780003 -1.154025 0.837715
 57.980003 -1.109401 0.957857
 58.180003 -1.259523 0.927297
 58.380003 -1.122101 0.879473
 58.580003 -1.191387 0.897090
 58.780003 -1.121514 0.911027
 58.980003 -1.102868 0.912694
 59.180003 -1.045174 0.754991
 59.380003 -1.141815 1.003623
 59.580003 -1.142317 0.812710
 59.780003 -1.229898 0.927939
 59.980003 -1.010672 0.740549
 60.180003 -1.213579 0.902782
 60.380003 -1.126708 0.632183
 60.580003 -1.109899 0.970392
 60.780003 -1.172785 0.856536
 60.980003 -1.143689 0.926899
 61.180003 -1.137754 0.795867
 61.380003 -1.025042 0.884927
 61.580003 -1.115772 0.771504
 61.780003 -1.117552 0.983621
 61.980003 -1.135237 0.887809
 62.180003 -1.054663 0.867016
 62.380003 -1.043973 0.725216
 62.580003 -1.094438 1.006452
 62.780003 -1.178726 0.923205
 62.980003 -1.146413 0.907011
 63.180003 -0.967518 0.899998
 63.380003 -1.271126 0.911323
 63.580003 -1.126330 0.977203
 63.780003 -1.085671 0.741699
 63.980003 -1.164972 0.883131
 64.180003 -0.987926 0.779164
 64.380003 -1.094668 0.943315
 64.580003 -1.185596 0.899633
 64.780003 -0.874308 0.866237
 64.980003 -1.028883 0.741077
 65.180003 -1.128031 0.914593
 65.380003 -1.031695 0.930716
 65.580003 -1.095769 0.898306
 65.780003 -0.937067 0.864168
 65.980003 -1.148719 0.707761
 66.180003 -1.067782 1.025768
 66.380003 -1.144135 0.756732
 66.580003 -1.216133 0.871890
 66.780003 -1.133774 0.782472
 66.980003 -1.063390 0.835495
 67.180003 -1.094134 0.949289
 67.380003 -1.041743 0.826743
 67.580003 -0.965974 0.872255
 67.780003 -0.866897 0.722540
 67.980003 -1.301971 1.092660
 68.180003 -1.190796 0.759322
 68.380003 -0.950091 0.985470
 68.580003 -1.208390 0.612729
 68.780003 -1.032878 1.059032
 68.980003 -1.068186 0.543072
 69.180003 -1.120933 1.137688
 69.380003 -1.186989 0.827398
 69.580003 -0.903618 0.908464
 69.780003 -1.101995 0.879877
 69.980003 -1.016629 0.840465
 70.180003 -0.956067 0.997359
 70.380003 -1.101434 0.776033
 70.580003 -0.985582 0.928109
 70.780003 -1.340210 0.835950
 70.980003 -1.198619 1.067673
 71.180003 -1.117812 0.739516
 71.380003 -1.120331 0.932446
 71.580003 -1.019361 0.828432
 71.780003 -0.951228 0.845076
 71.980003 -1.238151 0.959114
 72.180003 -0.802137 0.746145
 72.380003 -1.062028 0.943401
 72.580003 -1.126082 0.866411
 72.780003 -1.055799 0.989848
 72.980003 -1.144475 0.757933
 73.180003 -1.016923 0.889466
 73.380003 -1.042492 0.747342
 73.580003 -1.121937 0.942483
 73.780004 -1.208397 0.909907
 73.980004 -1.149167 0.879848
 74.180004 -0.955556 0.835977
 74.380004 -0.852211 0.819740
 74.580004 -1.196448 0.989667
 74.780004 -1.154576 0.834642
 74.980004 -1.065292 1.007843
 75.180004 -0.827575 0.644587
 75.380004 -1.003495 0.989385
 75.580004 -1.212003 0.844836
 75.780004 -1.102655 0.938345
 75.980004 -1.081570 0.749632
 76.180004 -1.130680 0.916886
 76.380004 -1.103509 0.883871
 76.580004 -1.142440 0.930009
 76.780004 -1.228052 1.012941
 76.980004 -0.833378 0.764747
 77.180004 -1.034486 0.878766
 77.380004 -1.031427 0.875595
 77.580004 -1.108800 0.963673
 77.780004 -1.049299 0.815578
 77.980004 -1.039341 0.801776
 78.180004 -1.045477 0.952870
 78.380004 -1.130807 0.803356
 78.580004 -1.114638 0.902864
 78.780004 -1.074140 0.866288
 78.980004 -1.105329 0.940023
 79.180004 -1.176865 0.883588
 79.380004 -1.192105 1.020179
 79.580004 -1.032173 0.637401
 79.780004 -1.151020 0.932772
 79.980004 -1.221485 0.937982
 80.180004 -1.010433 0.788227
 80.380004 -1.164859 0.802580
 80.580004 -1.138613 0.886644
 80.780004 -0.858234 0.746371
 80.980004 -1.048125 0.881627
 81.180004 -1.072755 1.038213
 81.380004 -0.924817 0.694847
 81.580004 -0.988686 0.968731
 81.780004 -1.160642 0.920244
 81.980004 -1.106005 0.985021
 82.180004 -1.107865 0.755605
 82.380004 -0.938660 1.054667
 82.580004 -1.196106 0.782630
 82.780004 -1.386889 0.983423
 82.980004 -1.075410 0.796296
 83.180004 -1.085670 0.880658
 83.380004 -0.914689 0.798883
 83.580004 -1.197251 0.863644
 83.780004 -1.092946 0.951657
 83.980004 -1.083355 0.679563
 84.180004 -1.124609 0.881779
 84.380004 -1.216404 1.035342
 84.580004 -1.262633 0.928100
 84.780004 -1.215022 0.912112
 84.980004 -0.980865 0.746145
 85.180004 -1.168857 0.864670
 85.380004 -1.032953 0.897069
 85.580004 -1.185364 0.852245
 85.780004 -0.993986 0.909248
 85.980004 -1.133036 0.664796
 86.180004 -1.120192 1.042407
 86.380004 -1.296338 0.780288
 86.580004 -1.122144 1.083504
 86.780004 -1.108423 0.674882
 86.980004 -1.025477 0.965579
 87.180004 -1.271103 0.849477
 87.380004 -1.038177 0.901483
 87.580004 -1.055563 0.694379
 87.780004 -1.009044 0.879332
 87.980004 -1.232425 0.888630
 88.180004 -1.272757 0.834152
 88.380004 -1.317409 0.873307
 88.580004 -1.156785 0.908011
 88.780004 -1.117284 0.806989
 88.980004 -1.064135 0.886981
 89.180004 -1.148815 0.969601
 89.380004 -0.949730 0.838607
 89.580004 -0.955314 0.891299
 89.780004 -1.125956 0.822359
 89.980004 -1.228535 0.984217
 90.180004 -1.228095 0.845280
 90.380004 -1.219692 1.078949
 90.580004 -1.017299 0.659703
 90.780004 -1.359853 0.925946
 90.980004 -1.288541 0.888484
 91.180004 -1.198668 0.898307
 91.380004 -1.035746 0.744269
 91.580004 -1.153182 0.941842
 91.780004 -0.995440 0.841061
 91.980004 -1.330454 0.872300
 92.180004 -0.954611 0.880803
 92.380004 -1.118535 0.860131
 92.580004 -0.990683 0.964212
 92.780004 -1.164688 0.786917
 92.980004 -1.069390 0.924091
 93.180004 -1.118150 0.849417
 93.380004 -1.136555 0.974223
 93.580004 -1.016388 0.737161
 93.780004 -1.086922 1.027050
 93.980004 -1.115461 0.842411
 94.180004 -0.932509 0.744097
 94.380004 -1.151070 1.016867
 94.580004 -1.067489 0.838768
 94.780005 -1.045309 0.940716
 94.980005 -1.426843 0.787898
 95.180005 -1.019846 0.986389
 95.380005 -1.141130 0.680177
 95.580005 -1.095659 1.081580
 95.780005 -1.140439 0.668226
 95.980005 -1.131583 1.171727
 96.180005 -1.155567 0.804649
 96.380005 -0.885465 0.948453
 96.580005 -1.011667 0.721932
 96.780005 -1.174523 1.142088
 96.980005 -1.161736 0.669173
 97.180005 -0.998236 0.894593
 97.380005 -1.251642 0.830867
 97.580005 -1.371148 1.027353
 97.780005 -1.127692 0.768748
 97.980005 -1.099891 0.893389
 98.180005 -1.172359 0.793480
 98.380005 -1.139464 0.976686
 98.580005 -0.967227 0.697147
 98.780005 -1.044448 0.845035
 98.980005 -1.054315 0.899743
 99.180005 -1.136852 0.913785
 99.380005 -1.171136 0.805870
 99.580005 -1.076368 0.812539
 99.780005 -1.026498 0.887271
 99.980005 -1.308637 0.953893
 100.180005 -1.288108 0.903195
 100.380005 -1.070350 0.866585
 100.580005 -1.171576 0.819829
 100.780005 -1.148359 0.885578
 100.980005 -1.078556 0.893664
 101.180005 -0.990598 0.908768
 101.380005 -0.851342 0.871984
 101.580005 -1.022790 0.759782
 101.780005 -1.069202 0.952575
 101.980005 -1.141624 0.809933
 102.180005 -1.061706 0.902389
 102.380005 -1.347034 0.906724
 102.580005 -1.214989 1.004893
 102.780005 -1.180215 0.763916
 102.980005 -1.077068 1.043251
 103.180005 -1.186448 0.756328
 103.380005 -1.090836 0.897579
 103.580005 -0.968797 0.839147
 103.780005 -0.977676 0.968807
 103.980005 -1.045321 0.738029
 104.180005 -0.892182 0.909284
 104.380005 -1.015739 0.792796
 104.580005 -1.041529 0.998208
 104.780005 -1.204032 0.881451
 104.980005 -1.200186 0.944302
 105.180005 -1.158356 0.867763
 105.380005 -1.083720 0.863736
 105.580005 -1.101314 0.847303
 105.780005 -1.042898 0.871198
 105.980005 -0.775166 0.859442
 106.180005 -0.742054 0.814582
 106.380005 -0.895079 0.914541
 106.580005 -0.907786 0.913169
 106.780005 -0.850654 0.720496
 106.980005 -0.946603 0.860893
 107.180005 -1.225547 0.939580
 107.380005 -1.184575 0.937357
 107.580005 -1.182888 0.883142
 107.780005 -1.216621 0.821619
 107.980005 -1.059472 0.957315
 108.180005 -1.046571 0.729949
 108.380005 -1.089947 1.096997
 108.580005 -0.914228 0.678964
 108.780005 -1.010449 0.949435
 108.980005 -1.029984 0.873489
 109.180005 -1.046679 1.019694
 109.380005 -1.002789 0.664595
 109.580005 -1.218481 0.949944
 109.780005 -1.134561 0.886202
 109.980005 -1.323273 0.921524
 110.180005 -0.910145 0.769767
 110.380005 -1.162345 0.858620
 110.580005 -1.148444 0.987316
 110.780005 -1.037038 0.864853
 110.980005 -1.011281 0.852937
 111.180005 -1.068651 0.809265
 111.380005 -0.983947 1.049171
 111.580005 -1.062690 0.742381
 111.780005 -0.969674 0.943425
 111.980005 -1.073638 0.898899
 112.180005 -1.138730 0.986412
 112.380005 -0.930532 0.739066
 112.580005 -1.127897 0.926683
 112.780005 -1.154667 0.983519
 112.980005 -1.026163 0.803526
 113.180005 -0.922927 0.817939
 113.380005 -1.151531 0.817013
 113.580005 -1.065436 0.996211
 113.780005 -1.260315 0.910615
 113.980005 -1.008247 0.861004
 114.180005 -1.142054 0.783735
 114.380005 -0.934260 0.983177
 114.580005 -1.032692 0.834539
 114.780005 -1.085014 0.948819
 114.980005 -1.157499 0.834797
 115.180005 -1.112112 1.123378
 115.380005 -1.114616 0.766347
 115.580005 -1.127959 0.969951
 115.780005 -1.176877 0.683471
 115.980006 -1.040230 1.083929
 116.180006 -1.196699 0.746238
 116.380006 -1.055821 0.937492
 116.580006 -1.064586 0.713643
 116.780006 -1.116805 0.983296
 116.980006 -1.159161 0.880360
 117.180006 -1.158369 0.945199
 117.380006 -1.090307 0.818644
 117.580006 -1.073148 0.864912
 117.780006 -0.961261 0.807620
 117.980006 -1.382776 0.934050
 118.180006 -1.071272 1.075284
 118.380006 -1.131694 0.635769
 118.580006 -0.954450 0.958890
 118.780006 -1.143578 0.729360
 118.980006 -1.163154 1.072222
 119.180006 -0.990554 0.648975
 119.380006 -1.012782 0.987624
 119.580006 -1.088195 0.828031
 119.780006 -1.105092 0.853849
 119.980006 -1.140161 0.874575
 120.180006 -1.240845 0.828864
 120.380006 -1.109641 0.841614
 120.580006 -1.239364 0.881813
 120.780006 -1.024100 0.822380
 120.980006 -1.132408 0.859841
 121.180006 -0.924836 0.861747
 121.380006 -1.312488 0.776042
 121.580006 -0.985547 0.959929
 121.780006 -1.203079 0.700776
 121.980006 -0.922362 0.945357
 122.180006 -1.180402 0.697850
 122.380006 -0.913910 0.946647
 122.580006 -1.096006 0.900431
 122.780006 -1.010439 0.867563
 122.980006 -1.039219 0.894669
 123.180006 -1.079125 0.873966
 123.380006 -1.190382 0.955275
 123.580006 -1.241854 0.779893
 123.780006 -1.245099 1.012276
 123.980006 -1.159513 0.673075
 124.180006 -1.297274 1.126368
 124.380006 -1.129828 0.738663
 124.580006 -0.981505 0.903793
 124.780006 -1.097547 0.826671
 124.980006 -0.925772 0.918559
 125.180006 -1.046973 0.834155
 125.380006 -1.123907 0.976459
 125.580006 -1.363215 0.612587
 125.780006 -1.070561 1.044864
 125.980006 -1.317107 0.651741
 126.180006 -1.056005 0.985982
 126.380006 -1.353310 0.814824
 126.580006 -0.962192 0.998648
 126.780006 -0.988835 0.666016
 126.980006 -1.014361 0.899227
 127.180006 -1.123964 0.982938
 127.380006 -0.935901 0.600164
 127.580006 -1.107913 1.057334
 127.780006 -1.110539 0.668372
 127.980006 -1.159615 0.945496
 128.180006 -1.331855 0.731234
 128.380006 -1.109613 1.198645
 128.580006 -1.266902 0.592273
 128.780006 -1.029178 1.013910
 128.980006 -1.229690 0.770197
 129.180006 -1.078770 0.975677
 129.380006 -1.070379 0.865649
 129.580006 -0.977829 0.913508
 129.780006 -0.959695 0.870300
 129.980006 -0.992300 0.715084
 130.180006 -1.178920 1.075199
 130.380006 -1.117037 0.855551
 130.580006 -1.037010 0.908830
 130.780006 -1.346744 0.771602
 130.980006 -1.222212 1.096922
 131.180006 -1.296831 0.838606
 131.380006 -1.051357 0.930914
 131.580006 -1.061066 0.723922
 131.780006 -1.222245 1.031628
 131.980006 -1.190024 0.797029
 132.180006 -0.987316 0.936052
 132.380006 -0.966925 0.834752
 132.580006 -1.097172 0.716597
 132.780006 -1.114634 1.004404
 132.980006 -1.279781 0.910487
 133.180006 -1.059102 0.956609
 133.380006 -1.071869 0.632493
 133.580006 -1.069032 0.920548
 133.780006 -1.311946 0.885571
 133.980006 -1.071046 0.898771
 134.180006 -1.315479 0.728964
 134.380006 -1.062358 1.060759
 134.580006 -1.097521 0.731654
 134.780006 -1.129613 0.975853
 134.980006 -1.306133 0.915258
 135.180006 -1.057216 0.956527
 135.380006 -1.041324 0.780348
 135.580006 -1.108224 0.925883
 135.780006 -1.154723 0.892289
 135.980006 -1.259929 0.840638
 136.180006 -1.246653 1.025505
 136.380006 -0.967510 0.750816
 136.580006 -1.117257 0.915564
 136.780006 -1.075180 0.822916
 136.980007 -0.998044 0.932863
 137.180007 -1.117925 0.751372
 137.380007 -0.927764 0.830206
 137.580007 -1.203708 0.889958
 137.780007 -1.065516 1.046944
 137.980007 -1.124507 0.771570
 138.180007 -1.192767 1.060621
 138.380007 -1.191842 0.749839
 138.580007 -1.078486 0.968558
 138.780007 -1.157749 0.862589
 138.980007 -0.868072 0.873077
 139.180007 -1.177203 0.781267
 139.380007 -0.956614 1.083221
 139.580007 -1.103327 0.656277
 139.780007 -1.131984 0.979554
 139.980007 -1.154651 0.657079
 140.180007 -1.183729 1.153735
 140.380007 -1.167812 0.591418
 140.580007 -1.085459 1.020365
 140.780007 -1.367492 0.953465
 140.980007 -1.150024 0.909392
 141.180007 -1.090767 0.824023
 141.380007 -1.194435 1.037939
 141.580007 -0.991091 0.930887
 141.780007 -0.982171 0.820079
 141.980007 -1.075324 0.929264
 142.180007 -1.074469 0.812247
 142.380007 -1.085664 0.998857
 142.580007 -1.081136 0.790717
 142.780007 -1.027723 0.969169
 142.980007 -1.331989 0.836092
 143.180007 -1.145869 0.942446
 143.380007 -1.148800 0.894383
 143.580007 -0.937512 0.965583
 143.780007 -1.039776 0.712669
 143.980007 -0.962094 0.910266
 144.180007 -1.138456 0.949226
 144.380007 -1.010627 0.941250
 144.580007 -1.032429 0.781413
 144.780007 -0.990113 0.955363
 144.980007 -0.992697 0.704796
 145.180007 -1.183423 1.086484
 145.380007 -1.158561 0.899933
 145.580007 -0.926813 0.829983
 145.780007 -0.997994 0.711148
 145.980007 -0.991746 0.924769
 146.180007 -1.010200 0.792033
 146.380007 -1.193482 1.029694
 146.580007 -0.964252 0.789465
 146.780007 -1.139198 0.847783
 146.980007 -1.174521 0.865443
 147.180007 -1.150078 0.920818
 147.380007 -0.875517 0.900533
 147.580007 -1.011897 0.594509
 147.780007 -0.917847 1.079943
 147.980007 -1.166045 0.633932
 148.180007 -0.841240 1.019791
 148.380007 -0.979974 0.649265
 148.580007 -1.017735 0.955175
 148.780007 -1.160079 0.822536
 148.980007 -1.084700 1.081813
 149.180007 -1.024750 0.641182
 149.380007 -1.086668 0.986362
 149.580007 -1.234619 0.852419
 149.780007 -1.186941 1.077848
 149.980007 -1.198890 0.767752
 150.180007 -1.095130 0.745718
 150.380007 -1.155333 0.913873
 150.580007 -1.141721 0.922588
 150.780007 -1.050440 1.039153
 150.980007 -1.114054 0.746561
 151.180007 -0.906667 0.892677
 151.380007 -1.139840 0.757226
 151.580007 -1.144182 0.971514
 151.780007 -1.238487 0.891498
 151.980007 -0.859654 0.719476
 152.180007 -1.070030 0.913690
 152.380007 -1.073029 0.909170
 152.580007 -1.295369 0.984646
 152.780007 -1.228769 0.810400
 152.980007 -1.056063 0.925813
 153.180007 -0.950660 0.637796
 153.380007 -1.043704 1.032868
 153.580007 -1.027246 0.727740
 153.780007 -1.249620 1.102783
 153.980007 -0.928088 0.716171
 154.180007 -0.936368 0.827023
 154.380007 -1.084261 0.862944
 154.580007 -1.143936 1.002039
 154.780007 -1.060651 0.846425
 154.980007 -0.974586 0.870110
 155.180007 -0.963113 0.714092
 155.380007 -1.235197 1.081520
 155.580007 -1.026119 0.809856
 155.780007 -0.890686 0.814856
 155.980007 -0.817367 0.755566
 156.180007 -0.969847 0.934242
 156.380007 -1.187142 1.026125
 156.580007 -1.010156 0.800229
 156.780007 -0.808686 0.884600
 156.980007 -1.052355 0.828389
 157.180007 -1.098789 0.948100
 157.380007 -1.247821 0.940087
 157.580007 -1.128365 0.902751
 157.780007 -1.084006 0.885192
 157.980008 -0.877277 0.669292
 158.180008 -1.074374 1.063863
 158.380008 -1.115140 0.869472
 158.580008 -1.086448 0.833209
 158.780008 -1.173824 0.954646
 158.980008 -1.240994 0.933748
 159.180008 -1.161508 1.031619
 159.380008 -1.049562 0.617506
 159.580008 -0.939157 0.908678
 159.780008 -0.967028 0.673406
 159.980008 -1.042102 1.077637
 160.180008 -1.094713 0.745470
 160.380008 -0.743573 0.802256
 160.580008 -1.220218 0.896715
 160.780008 -0.881590 0.886165
 160.980008 -1.285263 0.879830
 161.180008 -1.103232 0.928344
 161.380008 -0.927914 0.919256
 161.580008 -0.980311 0.863716
 161.780008 -1.253039 1.048784
 161.980008 -1.061958 0.683682
 162.180008 -1.159684 1.014249
 162.380008 -1.123335 0.754092
 162.580008 -1.172945 0.902274
 162.780008 -1.269039 0.953465
 162.980008 -1.222561 0.996801
 163.180008 -1.050171 0.828252
 163.380008 -1.294859 0.926251
 163.580008 -1.129487 0.932012
 163.780008 -1.023725 0.815239
 163.980008 -0.788172 0.843336
 164.180008 -1.297724 0.826249
 164.380008 -1.022249 1.064619
 164.580008 -1.375775 0.725423
 164.780008 -1.037845 1.109464
 164.980008 -1.157073 0.549305
 165.180008 -1.163054 1.117243
 165.380008 -1.402161 0.693446
 165.580008 -1.073152 1.093008
 165.780008 -1.091711 0.727140
 165.980008 -1.053807 0.977929
 166.180008 -0.934556 0.727758
 166.380008 -1.109660 0.990484
 166.580008 -1.077866 0.761198
 166.780008 -0.950516 0.960111
 166.980008 -1.036050 0.640910
 167.180008 -1.195193 1.126393
 167.380008 -1.272261 0.714037
 167.580008 -0.919854 0.829178
 167.780008 -1.000167 0.865306
 167.980008 -1.131908 0.817247
 168.180008 -1.138258 0.890149
 168.380008 -1.273958 0.880659
 168.580008 -0.914962 1.074336
 168.780008 -0.938095 0.542559
 168.980008 -1.133472 1.071221
 169.180008 -1.093166 0.793422
 169.380008 -0.975664 0.905748
 169.580008 -1.161852 0.900903
 169.780008 -0.979945 0.828682
 169.980008 -1.129315 0.819737
 170.180008 -1.162203 0.984534
 170.380008 -1.299274 0.947894
 170.580008 -1.095353 0.805853
 170.780008 -0.998650 0.928389
 170.980008 -1.096075 0.749558
 171.180008 -1.165052 1.011023
 171.380008 -1.050160 0.633031
 171.580008 -0.912878 0.964920
 171.780008 -1.078331 0.736340
 171.980008 -1.190256 1.154550
 172.180008 -1.044317 0.643214
 172.380008 -1.064106 1.150762
 172.580008 -1.027059 0.817116
 172.780008 -1.111157 0.945106
 172.980008 -1.193750 0.872781
 173.180008 -1.110523 0.909252
 173.380008 -0.920370 0.861407
 173.580008 -1.115410 0.813362
 173.780008 -1.311762 0.913367
 173.980008 -1.354458 1.040931
 174.180008 -0.932087 0.743536
 174.380008 -1.134383 0.920996
 174.580008 -1.114746 0.905438
 174.780008 -1.140017 1.021926
 174.980008 -1.095840 0.744129
 175.180008 -0.917849 0.958991
 175.380008 -1.040333 0.876612
 175.580008 -1.109393 0.949336
 175.780008 -0.998004 0.794489
 175.980008 -1.235893 0.897550
 176.180008 -0.995616 1.003797
 176.380008 -1.201375 0.716357
 176.580008 -1.242796 1.108697
 176.780008 -1.185559 0.604084
 176.980008 -1.033405 0.914262
 177.180008 -1.081288 0.754428
 177.380008 -1.119844 0.992443
 177.580008 -1.135844 0.671857
 177.780008 -1.134951 1.079966
 177.980008 -1.073017 0.776155
 178.180008 -1.010827 0.954691
 178.380008 -1.121444 0.844855
 178.580008 -1.069829 0.991596
 178.780008 -1.038590 0.866877
 178.980009 -0.984453 0.846284
 179.180009 -1.065218 0.911027
 179.380009 -1.169368 0.858584
 179.580009 -1.171088 0.981903
 179.780009 -0.982361 0.800833
 179.980009 -1.193400 1.053627
 180.180009 -1.358953 0.814126
 180.380009 -1.271988 1.127901
 180.580009 -1.096337 0.648010
 180.780009 -1.130790 0.993753
 180.980009 -1.098134 0.831423
 181.180009 -1.156740 1.039171
 181.380009 -1.021685 0.754226
 181.580009 -0.987906 0.871818
 181.780009 -0.862409 0.833065
 181.980009 -1.047876 0.820599
 182.180009 -1.014353 0.948872
 182.380009 -1.154483 0.896717
 182.580009 -1.147950 0.950405
 182.780009 -1.133789 0.739437
 182.980009 -1.003778 0.884049
 183.180009 -1.260595 0.870539
 183.380009 -1.061029 0.969175
 183.580009 -1.113249 0.850798
 183.780009 -1.057592 0.940770
 183.980009 -0.925066 0.666438
 184.180009 -1.141810 1.058860
 184.380009 -1.124966 0.983339
 184.580009 -0.943783 0.964915
 184.780009 -1.113519 0.786567
 184.980009 -1.028637 1.068793
 185.180009 -1.056778 0.714999
 185.380009 -1.224395 1.082802
 185.580009 -1.176291 0.852727
 185.780009 -1.060770 0.825251
 185.980009 -1.161831 0.808925
 186.180009 -1.141798 0.930552
 186.380009 -1.013702 0.622324
 186.580009 -1.216525 0.980985
 186.780009 -1.142162 0.758049
 186.980009 -1.149463 1.101788
 187.180009 -1.035133 0.692268
 187.380009 -0.867158 1.095062
 187.580009 -1.018700 0.835548
 187.780009 -0.932026 0.939223
 187.980009 -0.993422 0.886662
 188.180009 -1.190462 0.894573
 188.380009 -1.002313 0.985963
 188.580009 -1.136670 0.543811
 188.780009 -1.097681 1.125621
 188.980009 -1.183943 0.624534
 189.180009 -1.154097 1.176949
 189.380009 -1.153019 0.647450
 189.580009 -1.001164 1.100385
 189.780009 -1.106065 0.630944
 189.980009 -0.887638 1.152396
 190.180009 -1.071329 0.821801
 190.380009 -0.979999 1.016556
 190.580009 -0.891632 0.658904
 190.780009 -1.189915 1.065286
 190.980009 -1.162283 0.888171
 191.180009 -1.089694 0.694064
 191.380009 -1.187021 1.010248
 191.580009 -1.238604 0.773046
 191.780009 -1.270563 1.096123
 191.980009 -1.382398 0.679146
 192.180009 -0.902874 1.091367
 192.380009 -0.997660 0.732858
 192.580009 -0.948291 1.017806
 192.780009 -1.057397 0.604991
 192.980009 -0.939907 1.002904
 193.180009 -1.107412 0.718255
 193.380009 -0.941249 1.028628
 193.580009 -1.122611 0.733793
 193.780009 -1.167282 1.018886
 193.980009 -1.201681 0.711131
 194.180009 -1.045842 0.977627
 194.380009 -1.342952 0.838899
 194.580009 -0.958467 0.923604
 194.780009 -1.192275 0.916209
 194.980009 -1.085915 0.878089
 195.180009 -1.086163 0.916301
 195.380009 -0.948809 0.821857
 195.580009 -1.095363 0.875679
 195.780009 -1.046300 0.933450
 195.980009 -1.141502 0.898442
 196.180009 -0.999053 0.829429
 196.380009 -1.191551 1.011333
 196.580009 -1.052006 0.610050
 196.780009 -1.169395 0.962808
 196.980009 -1.123100 0.970045
 197.180009 -1.178350 0.882023
 197.380009 -0.863775 0.816071
 197.580009 -1.113205 0.943316
 197.780009 -0.924604 0.816730
 197.980009 -0.973825 0.921581
 198.180009 -0.965162 0.992691
 198.380009 -1.140318 0.740610
 198.580009 -0.951243 1.017853
 198.780009 -1.300530 0.835116
 198.980009 -1.011879 0.923180
 199.180009 -1.123186 0.745946
 199.380009 -0.924388 0.796598
 199.580009 -1.092166 0.883952
 199.780009 -1.073543 0.795800
 199.980009 -1.104134 0.940838
