#! FIELDS time phi psi
#! SET max_psi pi
 0.180000 -2.836663 -1.254494
 0.380000 -2.562875 -1.605299
 0.580000 -2.448341 -0.939516
 0.780000 -2.816381 -1.338300
 0.980000 -2.561200 -1.696226
 1.180000 -3.139588 -1.047225
 1.380000 -2.779969 -1.673559
 1.580000 -2.673257 -1.113382
 1.780000 -2.781076 -1.517293
 1.980000 -2.812847 -1.359892
 2.180000 -2.513192 -1.373341
 2.380000 -2.833003 -1.250266
 2.580000 -2.561730 -1.439517
 2.780000 -2.840573 -1.283458
 2.980000 -2.567542 -1.302723
 3.180000 -2.873610 -1.407102
 3.380000 -2.661909 -1.352400
 3.580000 -2.822820 -1.308531
 3.780000 -2.708882 -1.365425
 3.980000 -2.408211 -1.214956
 4.180000 -2.792949 -1.520415
 4.380000 -2.570393 -1.176363
 4.580000 -2.957630 -1.463040
 4.780000 -2.615977 -1.372744
 4.980000 -2.796086 -1.308281
 5.180000 -2.744658 -1.408898
 5.380000 -2.729165 -1.333585
 5.580000 -2.606737 -1.515982
 5.780000 -2.872551 -1.079923
 5.980000 -2.612055 -1.724472
 6.180000 -2.759620 -0.957970
 6.380000 -2.751356 -1.510553
 6.580000 -2.667870 -1.215050
 6.780000 -2.562508 -1.367213
 6.980000 -2.898629 -1.188950
 7.180000 -2.350979 -1.345601
 7.380000 -2.797088 -1.153972
 7.580000 -2.469501 -1.140865
 7.780000 -2.700729 -1.232481
 7.980000 -2.609248 -1.226382
 8.180000 -2.833810 -1.155549
 8.380000 -2.515200 -1.464980
 8.580000 -2.861641 -1.072315
 8.780000 -2.653508 -1.514874
 8.980000 -2.566704 -1.205321
 9.180000 -2.798881 -1.486079
 9.380000 -2.496863 -0.998397
 9.580000 -2.632050 -1.554461
 9.780000 -2.734135 -1.207556
 9.980000 -2.610547 -1.276976
 10.180000 -2.676359 -1.386010
 10.380000 -2.762355 -1.209225
 10.580001 -2.875995 -1.534363
 10.780001 -2.669775 -0.933368
 10.980001 -2.719131 -1.680291
 11.180001 -2.753189 -1.007432
 11.380001 -2.628276 -1.520109
 11.580001 -2.641988 -1.320839
 11.780001 -2.905798 -1.291078
 11.980001 -2.585656 -1.496260
 12.180001 -2.794474 -1.194035
 12.380001 -2.938113 -1.561986
 12.580001 -2.457641 -1.102377
 12.780001 -2.816298 -1.415027
 12.980001 -2.497669 -1.195892
 13.180001 -2.852299 -1.227572
 13.380001 -2.620521 -1.377612
 13.580001 -2.793818 -1.146576
 13.780001 -2.612624 -1.468362
 13.980001 -2.835544 -1.018627
 14.180001 -2.600119 -1.637851
 14.380001 -2.852684 -0.899661
 14.580001 -2.572184 -1.570250
 14.780001 -2.766067 -1.096371
 14.980001 -2.573572 -1.435298
 15.180001 -2.851921 -1.137661
 15.380001 -2.344324 -1.461089
 15.580001 -2.806827 -1.306143
 15.780001 -2.576144 -1.055973
 15.980001 -2.742726 -1.640722
 16.180001 -2.622345 -1.011728
 16.380001 -2.933795 -1.551502
 16.580001 -2.466497 -1.334132
 16.780001 -2.886241 -1.272307
 16.980001 -2.840246 -1.433716
 17.180001 -2.636232 -1.288388
 17.380001 -2.948252 -1.543272
 17.580001 -2.564718 -1.045425
 17.780001 -2.815971 -1.776868
 17.980001 -2.823367 -0.977769
 18.180001 -2.724056 -1.494560
 18.380001 -2.613531 -1.262116
 18.580001 -2.928343 -1.324821
 18.780001 -2.576888 -1.444778
 18.980001 -2.791984 -1.123313
 19.180001 -2.839664 -1.677957
 19.380001 -2.576742 -1.005353
 19.580001 -2.805908 -1.719373
 19.780001 -2.801511 -0.875321
 19.980001 -2.724772 -1.695480
 20.180001 -2.826118 -0.979905
 20.380001 -2.833957 -1.537467
 20.580001 -2.671811 -1.142238
 20.780001 -2.709957 -1.422376
 20.980001 -2.713216 -1.325783
 21.180001 -2.311440 -1.170594
 21.380001 -2.913217 -1.291860
 21.580001 -2.354406 -1.083760
 21.780001 -2.686486 -1.449121
 21.980001 -2.800585 -1.252649
 22.180001 -2.290403 -1.246338
 22.380001 -2.830209 -1.393975
 22.580001 -2.562163 -1.043326
 22.780001 -2.817956 -1.403492
 22.980001 -2.535360 -1.136557
 23.180001 -2.909344 -1.216524
 23.380001 -2.381981 -1.666609
 23.580001 -2.829903 -0.984434
 23.780001 -2.716913 -1.681158
 23.980001 -2.792377 -0.891530
 24.180001 -2.758143 -1.835273
 24.380001 -3.016062 -0.959576
 24.580001 -2.529633 -1.660468
 24.780001 -2.800697 -1.139267
 24.980001 -2.527353 -1.429261
 25.180001 -2.686497 -1.293846
 25.380001 -2.423635 -1.099393
 25.580001 -2.846146 -1.495654
 25.780001 -2.258241 -1.088359
 25.980001 -2.839769 -1.350754
 26.180001 -2.709542 -1.291873
 26.380001 -2.607321 -1.398011
 26.580001 -2.876694 -1.388842
 26.780001 -2.386867 -1.121615
 26.980001 -2.789438 -1.525826
 27.180001 -2.598062 -1.088801
 27.380001 -2.758864 -1.452338
 27.580001 -2.492465 -1.245525
 27.780001 -2.927391 -1.155494
 27.980001 -2.635928 -1.452716
 28.180001 -2.712374 -1.139569
 28.380001 -2.766118 -1.509437
 28.580001 -2.750776 -1.062687
 28.780001 -2.730869 -1.580641
 28.980001 -2.894798 -1.030588
 29.180001 -2.721063 -1.525483
 29.380001 -2.700287 -1.171534
 29.580001 -2.632386 -1.380000
 29.780001 -2.833621 -1.230982
 29.980001 -2.401118 -1.403687
 30.180001 -2.892854 -1.258608
 30.380001 -2.471833 -1.339207
 30.580001 -2.907449 -1.305783
 30.780001 -2.546570 -1.398681
 30.980001 -2.861341 -1.310878
 31.180001 -2.610113 -1.361422
 31.380001 -2.802913 -1.280615
 31.580001 -2.599935 -1.428903
 31.780002 -2.924838 -1.415995
 31.980002 -2.696895 -1.195592
 32.180002 -2.817621 -1.409920
 32.380002 -2.714457 -1.267397
 32.580002 -2.832281 -1.486309
 32.780002 -2.780742 -1.227653
 32.980002 -2.614545 -1.339161
 33.180002 -2.800675 -1.322043
 33.380002 -2.802571 -1.354461
 33.580002 -2.745935 -1.311765
 33.780002 -2.758249 -1.332197
 33.980002 -2.692889 -1.304652
 34.180002 -2.880854 -1.364295
 34.380002 -2.642267 -1.386399
 34.580002 -2.958634 -1.350401
 34.780002 -2.710793 -1.230960
 34.980002 -2.580803 -1.353213
 35.180002 -2.679994 -1.327053
 35.380002 -2.879981 -1.333178
 35.580002 -2.566971 -1.291342
 35.780002 -2.833788 -1.408766
 35.980002 -2.798964 -1.172570
 36.180002 -2.635629 -1.448232
 36.380002 -2.544072 -1.224809
 36.580002 -2.854789 -1.382570
 36.780002 -2.728614 -1.296331
 36.980002 -2.650271 -1.313687
 37.180002 -2.759623 -1.285554
 37.380002 -2.650509 -1.195143
 37.580002 -2.605916 -1.380678
 37.780002 -2.774887 -1.174741
 37.980002 -2.761962 -1.185692
 38.180002 -2.507297 -1.321595
 38.380002 -2.771844 -1.237400
 38.580002 -2.758568 -1.276207
 38.780002 -2.555918 -1.200319
 38.980002 -2.615859 -1.524143
 39.180002 -2.895127 -1.114200
 39.380002 -2.561846 -1.392103
 39.580002 -2.663051 -1.236305
 39.780002 -2.746670 -1.201119
 39.980002 -2.567776 -1.489221
 40.180002 -2.619855 -1.155816
 40.380002 -2.755869 -1.432221
 40.580002 -2.411060 -1.142483
 40.780002 -2.755912 -1.395513
 40.980002 -2.644698 -1.190323
 41.180002 -2.571123 -1.392064
 41.380002 -2.710415 -1.097286
 41.580002 -2.562058 -1.224484
 41.780002 -2.709689 -1.274421
 41.980002 -2.605774 -1.244061
 42.180002 -2.885769 -1.178161
 42.380002 -2.370605 -1.308929
 42.580002 -2.873925 -1.176467
 42.780002 -2.488967 -1.365848
 42.980002 -2.783758 -1.274359
 43.180002 -2.666047 -1.352514
 43.380002 -2.815571 -1.164797
 43.580002 -2.304414 -1.441984
 43.780002 -2.971654 -1.110801
 43.980002 -2.511945 -1.502001
 44.180002 -2.629718 -1.155226
 44.380002 -2.536042 -1.399449
 44.580002 -2.890862 -1.072526
 44.780002 -2.434886 -1.653229
 44.980002 -3.016038 -1.054962
 45.180002 -2.648100 -1.510600
 45.380002 -2.342202 -1.249459
 45.580002 -2.735500 -1.256693
 45.780002 -2.842127 -1.233289
 45.980002 -2.344522 -1.229061
 46.180002 -2.900027 -1.369524
 46.380002 -2.608695 -1.098838
 46.580002 -2.619508 -1.472083
 46.780002 -2.719347 -1.049468
 46.980002 -2.648346 -1.386004
 47.180002 -2.383074 -1.296437
 47.380002 -2.762129 -1.255780
 47.580002 -2.755341 -1.559859
 47.780002 -2.594635 -1.139467
 47.980002 -2.869303 -1.354004
 48.180002 -2.546660 -1.075109
 48.380002 -2.546884 -1.416364
 48.580002 -2.787892 -1.050679
 48.780002 -2.701987 -1.448089
 48.980002 -2.520655 -1.355148
 49.180002 -2.822873 -1.123693
 49.380002 -2.621542 -1.581780
 49.580002 -2.673365 -1.101960
 49.780002 -2.886943 -1.649172
 49.980002 -2.694812 -1.197730
 50.180002 -2.667458 -1.557362
 50.380002 -2.895132 -1.241810
 50.580002 -2.610489 -1.395330
 50.780002 -2.822282 -1.431532
 50.980002 -2.562888 -0.984105
 51.180002 -2.728585 -1.579442
 51.380002 -2.353677 -1.015552
 51.580002 -2.851080 -1.440874
 51.780002 -2.510309 -1.201036
 51.980002 -2.665335 -1.301606
 52.180002 -2.557775 -1.335997
 52.380002 -2.579317 -1.124818
 52.580002 -2.654516 -1.537016
 52.780003 -2.650981 -1.022229
 52.980003 -2.586427 -1.533831
 53.180003 -2.666617 -1.102932
 53.380003 -2.701337 -1.386780
 53.580003 -2.689859 -1.255140
 53.780003 -2.679937 -1.254056
 53.980003 -2.671512 -1.508954
 54.180003 -2.624784 -1.010516
 54.380003 -2.767336 -1.493450
 54.580003 -2.734716 -1.224088
 54.780003 -2.905008 -1.392616
 54.980003 -2.718608 -1.443925
 55.180003 -2.830213 -1.366696
 55.380003 -2.760150 -1.471058
 55.580003 -2.625753 -1.217006
 55.780003 -2.743772 -1.526241
 55.980003 -2.863634 -1.238421
 56.180003 -2.674250 -1.325951
 56.380003 -2.976400 -1.533919
 56.580003 -2.796935 -1.101416
 56.780003 -2.688456 -1.567806
 56.980003 -2.754513 -1.203361
 57.180003 -2.748774 -1.439439
 57.380003 -2.720772 -1.193050
 57.580003 -2.739240 -1.432611
 57.780003 -2.918558 -1.414400
 57.980003 -2.504260 -1.148936
 58.180003 -2.950028 -1.464674
 58.380003 -2.672052 -1.278876
 58.580003 -2.845664 -1.326335
 58.780003 -2.613119 -1.249699
 58.980003 -2.975782 -1.333346
 59.180003 -2.526553 -1.527839
 59.380003 -2.747175 -0.989359
 59.580003 -2.769347 -1.591559
 59.780003 -2.710673 -1.046951
 59.980003 -2.710665 -1.509477
 60.180003 -2.807359 -1.094954
 60.380003 -2.662626 -1.596172
 60.580003 -2.665349 -1.062018
 60.780003 -2.687354 -1.321953
 60.980003 -2.696647 -1.390458
 61.180003 -2.590491 -1.079301
 61.380003 -2.636774 -1.411546
 61.580003 -2.457535 -1.184566
 61.780003 -2.806463 -1.356437
 61.980003 -2.739764 -1.172792
 62.180003 -2.572562 -1.464568
 62.380003 -2.590336 -1.211128
 62.580003 -2.751532 -1.244922
 62.780003 -2.496281 -1.373768
 62.980003 -2.657313 -1.094526
 63.180003 -2.537653 -1.402570
 63.380003 -2.584498 -1.012038
 63.580003 -2.731860 -1.476617
 63.780003 -2.817146 -0.981771
 63.980003 -2.609974 -1.396059
 64.180003 -2.573501 -1.192722
 64.380003 -2.899635 -1.232915
 64.580003 -2.684131 -1.590512
 64.780003 -2.641150 -1.207692
 64.980003 -2.596493 -1.380509
 65.180003 -2.707649 -1.139274
 65.380003 -2.684236 -1.374830
 65.580003 -2.865900 -1.181797
 65.780003 -2.773076 -1.333596
 65.980003 -2.699837 -1.452926
 66.180003 -2.805185 -1.135019
 66.380003 -2.721432 -1.423184
 66.580003 -2.581024 -1.188540
 66.780003 -2.822623 -1.423144
 66.980003 -2.834398 -1.088299
 67.180003 -2.617118 -1.434865
 67.380003 -2.708071 -1.269941
 67.580003 -2.766673 -1.248994
 67.780003 -2.610655 -1.454830
 67.980003 -2.803572 -1.251616
 68.180003 -2.669214 -1.467660
 68.380003 -2.818813 -1.234502
 68.580003 -2.677897 -1.273394
 68.780003 -2.759834 -1.329952
 68.980003 -2.636483 -1.212280
 69.180003 -2.808749 -1.365730
 69.380003 -2.572842 -1.218658
 69.580003 -2.778750 -1.332877
 69.780003 -2.699646 -1.234526
 69.980003 -2.678504 -1.448306
 70.180003 -2.725329 -1.310581
 70.380003 -2.593385 -1.167695
 70.580003 -2.768418 -1.450402
 70.780003 -2.787969 -1.194848
 70.980003 -2.794429 -1.471212
 71.180003 -2.802436 -1.245054
 71.380003 -2.700951 -1.380419
 71.580003 -2.816461 -1.314211
 71.780003 -2.742653 -1.305815
 71.980003 -2.850127 -1.449128
 72.180003 -2.785619 -1.180350
 72.380003 -2.707761 -1.374319
 72.580003 -2.789863 -1.210632
 72.780003 -2.744682 -1.537586
 72.980003 -2.675070 -1.138359
 73.180003 -2.749768 -1.624870
 73.380003 -2.691663 -1.264497
 73.580003 -2.818090 -1.557865
 73.780004 -2.824394 -1.393330
 73.980004 -2.730541 -1.547480
 74.180004 -2.918334 -1.315189
 74.380004 -2.822258 -1.484190
 74.580004 -2.956543 -1.475085
 74.780004 -2.869872 -1.334510
 74.980004 -3.017933 -1.558518
 75.180004 -2.869761 -1.357789
 75.380004 -2.886583 -1.511831
 75.580004 -2.837167 -1.264127
 75.780004 -2.896340 -1.332306
 75.980004 -2.556751 -1.426971
 76.180004 -2.834431 -1.261387
 76.380004 -2.755575 -1.321205
 76.580004 -2.673507 -1.171020
 76.780004 -2.610927 -1.364797
 76.980004 -2.750440 -1.094851
 77.180004 -2.616338 -1.343344
 77.380004 -2.440302 -1.163389
 77.580004 -2.739250 -1.257969
 77.780004 -2.440835 -1.118477
 77.980004 -2.456933 -1.304384
 78.180004 -2.666239 -1.211220
 78.380004 -2.652452 -1.038541
 78.580004 -2.359102 -1.317587
 78.780004 -2.538769 -1.039657
 78.980004 -2.544193 -1.152248
 79.180004 -2.447128 -1.253215
 79.380004 -2.579905 -1.194993
 79.580004 -2.627764 -1.263534
 79.780004 -2.514686 -1.080186
 79.980004 -2.570039 -1.403155
 80.180004 -2.835110 -0.990580
 80.380004 -2.669258 -1.437904
 80.580004 -2.588652 -1.272741
 80.780004 -2.718910 -1.179646
 80.980004 -2.553567 -1.353887
 81.180004 -2.564929 -1.269373
 81.380004 -2.736967 -1.359402
 81.580004 -2.739432 -1.230619
 81.780004 -2.669974 -1.437189
 81.980004 -2.714595 -1.280868
 82.180004 -2.657624 -1.268482
 82.380004 -2.856635 -1.374913
 82.580004 -2.643107 -1.282145
 82.780004 -2.633720 -1.413255
 82.980004 -2.854868 -1.152497
 83.180004 -2.687381 -1.481055
 83.380004 -2.618517 -1.221283
 83.580004 -2.773962 -1.355732
 83.780004 -2.633396 -1.294235
 83.980004 -2.463258 -1.279041
 84.180004 -2.746037 -1.193784
 84.380004 -2.676399 -1.261277
 84.580004 -2.486836 -1.337455
 84.780004 -2.692991 -1.218839
 84.980004 -2.631312 -1.312288
 85.180004 -2.679257 -1.308330
 85.380004 -2.664432 -1.304514
 85.580004 -2.813314 -1.278712
 85.780004 -2.532679 -1.328506
 85.980004 -2.836163 -1.294697
 86.180004 -2.717770 -1.321805
 86.380004 -2.750859 -1.413267
 86.580004 -2.685628 -1.272317
 86.780004 -2.757748 -1.237428
 86.980004 -2.461672 -1.401151
 87.180004 -2.869402 -1.252770
 87.380004 -2.571138 -1.250625
 87.580004 -2.632718 -1.347109
 87.780004 -2.724379 -1.035009
 87.980004 -2.670730 -1.304782
 88.180004 -2.430596 -1.358601
 88.380004 -3.005179 -1.088532
 88.580004 -2.486888 -1.264878
 88.780004 -2.617432 -1.339720
 88.980004 -2.703240 -1.164384
 89.180004 -2.797354 -1.214658
 89.380004 -2.582635 -1.547946
 89.580004 -2.678652 -1.248474
 89.780004 -2.707552 -1.206973
 89.980004 -2.644946 -1.539910
 90.180004 -2.687537 -1.162251
 90.380004 -2.803399 -1.371794
 90.580004 -2.717003 -1.265318
 90.780004 -2.532922 -1.275531
 90.980004 -3.008784 -1.081088
 91.180004 -2.639955 -1.342158
 91.380004 -2.682257 -1.307502
 91.580004 -2.759306 -1.365693
 91.780004 -2.939334 -1.230103
 91.980004 -2.579416 -1.648431
 92.180004 -2.968995 -1.163668
 92.380004 -2.720475 -1.472834
 92.580004 -2.677809 -1.312430
 92.780004 -2.631014 -1.404075
 92.980004 -2.867394 -1.268599
 93.180004 -2.315723 -1.372961
 93.380004 -2.887869 -1.502816
 93.580004 -2.931408 -1.154453
 93.780004 -2.698828 -1.443845
 93.980004 -2.751258 -1.538261
 94.180004 -2.901889 -1.336485
 94.380004 -2.875317 -1.452150
 94.580004 -2.776394 -1.486225
 94.780005 -2.933808 -1.386861
 94.980005 -2.689324 -1.469478
 95.180005 -2.801927 -1.400687
 95.380005 -2.963428 -1.417758
 95.580005 -2.732571 -1.255139
 95.780005 -2.732526 -1.382474
 95.980005 -2.845167 -1.216662
 96.180005 -2.655415 -1.302521
 96.380005 -2.839586 -1.347389
 96.580005 -2.741000 -1.206441
 96.780005 -2.759167 -1.365912
 96.980005 -2.535590 -1.221337
 97.180005 -2.974387 -1.340927
 97.380005 -2.678332 -1.423522
 97.580005 -2.868313 -1.313977
 97.780005 -2.554101 -1.315419
 97.980005 -2.891469 -1.185945
 98.180005 -2.483692 -1.569155
 98.380005 -2.783019 -1.080590
 98.580005 -2.609874 -1.677917
 98.780005 -2.692379 -1.075777
 98.980005 -2.564956 -1.469695
 99.180005 -2.804849 -1.147607
 99.380005 -2.539437 -1.392417
 99.580005 -2.915978 -1.142945
 99.780005 -2.605941 -1.322125
 99.980005 -2.763396 -1.154394
 100.180005 -2.413986 -1.250418
 100.380005 -2.796560 -1.230809
 100.580005 -2.457207 -1.279131
 100.780005 -2.761394 -1.283175
 100.980005 -2.637406 -1.219410
 101.180005 -2.663014 -1.238687
 101.380005 -2.708210 -1.273698
 101.580005 -2.862619 -1.219315
 101.780005 -2.665466 -1.429180
 101.980005 -2.737943 -1.166627
 102.180005 -2.739092 -1.407227
 102.380005 -2.612067 -1.302777
 102.580005 -2.709480 -1.471197
 102.780005 -2.860777 -1.186308
 102.980005 -2.645887 -1.483216
 103.180005 -2.751941 -1.256995
 103.380005 -2.793336 -1.398241
 103.580005 -2.915733 -1.302263
 103.780005 -2.816022 -1.421198
 103.980005 -2.789657 -1.211002
 104.180005 -2.832777 -1.440173
 104.380005 -2.459916 -1.325626
 104.580005 -2.835973 -1.282319
 104.780005 -2.688506 -1.407826
 104.980005 -2.726931 -1.353009
 105.180005 -2.797206 -1.382987
 105.380005 -2.884486 -1.124944
 105.580005 -2.591479 -1.765164
 105.780005 -2.791734 -1.010601
 105.980005 -2.749520 -1.534867
 106.180005 -2.687097 -1.311812
 106.380005 -2.568969 -1.371917
 106.580005 -2.870351 -1.190112
 106.780005 -2.732768 -1.342109
 106.980005 -2.935668 -1.493544
 107.180005 -2.783196 -1.157586
 107.380005 -2.904298 -1.494398
 107.580005 -2.677981 -1.295549
 107.780005 -2.857978 -1.244880
 107.980005 -2.613336 -1.501385
 108.180005 -2.816577 -1.258640
 108.380005 -2.633786 -1.427731
 108.580005 -2.878078 -1.170698
 108.780005 -2.565245 -1.574286
 108.980005 -2.924839 -1.151327
 109.180005 -2.509083 -1.381153
 109.380005 -2.787072 -1.411573
 109.580005 -2.663202 -1.089754
 109.780005 -2.713728 -1.353527
 109.980005 -2.565035 -1.316845
 110.180005 -2.891271 -1.270367
 110.380005 -2.559387 -1.479431
 110.580005 -2.890857 -1.287422
 110.780005 -2.751378 -1.512091
 110.980005 -2.872343 -1.208705
 111.180005 -2.733382 -1.578315
 111.380005 -2.935469 -1.207773
 111.580005 -2.632506 -1.422226
 111.780005 -2.859481 -1.399989
 111.980005 -2.617200 -1.217801
 112.180005 -2.822331 -1.426299
 112.380005 -2.640225 -1.267567
 112.580005 -2.832804 -1.461446
 112.780005 -2.644760 -1.221933
 112.980005 -2.757887 -1.323658
 113.180005 -2.568957 -1.473506
 113.380005 -2.905790 -1.139082
 113.580005 -2.626395 -1.482887
 113.780005 -2.881992 -1.135037
 113.980005 -2.616111 -1.534651
 114.180005 -2.921639 -1.185306
 114.380005 -2.606537 -1.410490
 114.580005 -2.751753 -1.304417
 114.780005 -2.539844 -1.222912
 114.980005 -2.807806 -1.320168
 115.180005 -2.511316 -1.275740
 115.380005 -2.799869 -1.163726
 115.580005 -2.608648 -1.231821
 115.780005 -2.831236 -1.517248
 115.980006 -2.631731 -1.125178
 116.180006 -2.943642 -1.236762
 116.380006 -2.492991 -1.399835
 116.580006 -2.704667 -1.158505
 116.780006 -2.684204 -1.289071
 116.980006 -2.711941 -1.382265
 117.180006 -2.493348 -1.326103
 117.380006 -2.934997 -1.162504
 117.580006 -2.619028 -1.480783
 117.780006 -2.941494 -1.329132
 117.980006 -2.777784 -1.281898
 118.180006 -2.986268 -1.411643
 118.380006 -2.487235 -1.463352
 118.580006 -3.016511 -1.184332
 118.780006 -2.653299 -1.592660
 118.980006 -2.698205 -1.206603
 119.180006 -2.730332 -1.599412
 119.380006 -2.964227 -1.113704
 119.580006 -2.620579 -1.710714
 119.780006 -2.972666 -1.046937
 119.980006 -2.637149 -1.487785
 120.180006 -2.729986 -1.340445
 120.380006 -2.629898 -1.208136
 120.580006 -2.836995 -1.390164
 120.780006 -2.573091 -1.210353
 120.980006 -2.744314 -1.403976
 121.180006 -2.732814 -1.216272
 121.380006 -2.618639 -1.439559
 121.580006 -2.806229 -1.300190
 121.780006 -2.711158 -1.249377
 121.980006 -2.785757 -1.411411
 122.180006 -2.673131 -1.309559
 122.380006 -2.971533 -1.353394
 122.580006 -2.564800 -1.381817
 122.780006 -2.829560 -1.297634
 122.980006 -2.794367 -1.481256
 123.180006 -2.944691 -1.303270
 123.380006 -2.744501 -1.667386
 123.580006 -3.009789 -1.248683
 123.780006 -2.789983 -1.524444
 123.980006 -2.915806 -1.430094
 124.180006 -2.665451 -1.360635
 124.380006 -3.074388 -1.424815
 124.580006 -2.654934 -1.265880
 124.780006 -2.823648 -1.389617
 124.980006 -2.745479 -1.103149
 125.180006 -2.773736 -1.481394
 125.380006 -2.572822 -1.284147
 125.580006 -2.987396 -1.189789
 125.780006 -2.637989 -1.396765
 125.980006 -2.707813 -1.174093
 126.180006 -2.807975 -1.418674
 126.380006 -2.809901 -1.128810
 126.580006 -2.514491 -1.505070
 126.780006 -2.804844 -1.286485
 126.980006 -2.713259 -1.342218
 127.180006 -2.779362 -1.356780
 127.380006 -2.694323 -1.276830
 127.580006 -2.817155 -1.392586
 127.780006 -2.593711 -1.222713
 127.980006 -2.745652 -1.370589
 128.180006 -2.579358 -1.340464
 128.380006 -2.698522 -1.226697
 128.580006 -2.674185 -1.318950
 128.780006 -2.641105 -1.183665
 128.980006 -2.656945 -1.460769
 129.180006 -2.737401 -1.143499
 129.380006 -2.674003 -1.467696
 129.580006 -2.658924 -1.144936
 129.780006 -2.675524 -1.378727
 129.980006 -2.816699 -1.194877
 130.180006 -2.708553 -1.377893
 130.380006 -2.852873 -1.200853
 130.580006 -2.606565 -1.300165
 130.780006 -2.728400 -1.369170
 130.980006 -2.657984 -1.217406
 131.180006 -2.754125 -1.290808
 131.380006 -2.708687 -1.376684
 131.580006 -2.584525 -1.377257
 131.780006 -2.849677 -1.164555
 131.980006 -2.690861 -1.546322
 132.180006 -2.659100 -1.133604
 132.380006 -2.765540 -1.510225
 132.580006 -2.812443 -1.210896
 132.780006 -2.706207 -1.432383
 132.980006 -2.876842 -1.226462
 133.180006 -2.792866 -1.545572
 133.380006 -2.743288 -1.315609
 133.580006 -2.840029 -1.402355
 133.780006 -2.759640 -1.428152
 133.980006 -2.617820 -1.321061
 134.180006 -3.001937 -1.466978
 134.380006 -2.653463 -1.338045
 134.580006 -2.813627 -1.553423
 134.780006 -2.889684 -1.202609
 134.980006 -2.850181 -1.554113
 135.180006 -2.638333 -1.392099
 135.380006 -3.072585 -1.272488
 135.580006 -2.635996 -1.581304
 135.780006 -2.780102 -1.164313
 135.980006 -2.678199 -1.388482
 136.180006 -2.564971 -1.185453
 136.380006 -2.667719 -1.474234
 136.580006 -2.763869 -1.228148
 136.780006 -2.603862 -1.259106
 136.980007 -2.620489 -1.508948
 137.180007 -2.904906 -1.045115
 137.380007 -2.679972 -1.572097
 137.580007 -2.727950 -1.203586
 137.780007 -2.794833 -1.276129
 137.980007 -2.623930 -1.324874
 138.180007 -2.650349 -1.342059
 138.380007 -2.915756 -1.296373
 138.580007 -2.707141 -1.344692
 138.780007 -2.620492 -1.435271
 138.980007 -2.817084 -1.347109
 139.180007 -2.699431 -1.252729
 139.380007 -2.849219 -1.501330
 139.580007 -2.763891 -1.271140
 139.780007 -2.797790 -1.373366
 139.980007 -2.722361 -1.399417
 140.180007 -2.731978 -1.326761
 140.380007 -2.847254 -1.341642
 140.580007 -2.702735 -1.332194
 140.780007 -2.767026 -1.448559
 140.980007 -2.795845 -1.323124
 141.180007 -2.799511 -1.389275
 141.380007 -2.697854 -1.360219
 141.580007 -2.910715 -1.412141
 141.780007 -2.742352 -1.334085
 141.980007 -2.805545 -1.309947
 142.180007 -2.836279 -1.444194
 142.380007 -2.797037 -1.299301
 142.580007 -2.877806 -1.311028
 142.780007 -2.793244 -1.420425
 142.980007 -2.700512 -1.165874
 143.180007 -2.864199 -1.357273
 143.380007 -2.501242 -1.241164
 143.580007 -2.779475 -1.380278
 143.780007 -2.683185 -1.198237
 143.980007 -2.863843 -1.368146
 144.180007 -2.628359 -1.319943
 144.380007 -2.922711 -1.116567
 144.580007 -2.755631 -1.516842
 144.780007 -2.629824 -1.316365
 144.980007 -2.742185 -1.252752
 145.180007 -2.638167 -1.190034
 145.380007 -2.524010 -1.429217
 145.580007 -2.720576 -1.120475
 145.780007 -2.709997 -1.359724
 145.980007 -2.590563 -1.253535
 146.180007 -2.740723 -1.138596
 146.380007 -2.623009 -1.273867
 146.580007 -2.684308 -1.245929
 146.780007 -2.668155 -1.258303
 146.980007 -2.713402 -1.190373
 147.180007 -2.634209 -1.317665
 147.380007 -2.775183 -1.187591
 147.580007 -2.603930 -1.320628
 147.780007 -2.705462 -1.256635
 147.980007 -2.760265 -1.326058
 148.180007 -2.664425 -1.367814
 148.380007 -2.743694 -1.358266
 148.580007 -2.778436 -1.387528
 148.780007 -2.929485 -1.354140
 148.980007 -2.812687 -1.372633
 149.180007 -3.016670 -1.474918
 149.380007 -2.671540 -1.368134
 149.580007 -2.889654 -1.465663
 149.780007 -2.678729 -1.336393
 149.980007 -2.954417 -1.525271
 150.180007 -2.798103 -1.320137
 150.380007 -2.955317 -1.455274
 150.580007 -2.705316 -1.400416
 150.780007 -2.980595 -1.190696
 150.980007 -2.623525 -1.642966
 151.180007 -2.898113 -1.252405
 151.380007 -2.778266 -1.424584
 151.580007 -2.742791 -1.290423
 151.780007 -2.810090 -1.519979
 151.980007 -2.772132 -1.129306
 152.180007 -2.786470 -1.468313
 152.380007 -2.795222 -1.306864
 152.580007 -2.765429 -1.343882
 152.780007 -2.754566 -1.313250
 152.980007 -2.647236 -1.415758
 153.180007 -2.806417 -1.210219
 153.380007 -2.549770 -1.356532
 153.580007 -2.761242 -1.422142
 153.780007 -2.654346 -1.124991
 153.980007 -2.779167 -1.314180
 154.180007 -2.516155 -1.253073
 154.380007 -2.852214 -1.260641
 154.580007 -2.533820 -1.254540
 154.780007 -2.725567 -1.448218
 154.980007 -2.628604 -1.091556
 155.180007 -2.750372 -1.225060
 155.380007 -2.542217 -1.429807
 155.580007 -2.819118 -1.211049
 155.780007 -2.625626 -1.282633
 155.980007 -2.516602 -1.292879
 156.180007 -2.840794 -1.317483
 156.380007 -2.657272 -1.259763
 156.580007 -2.531226 -1.332663
 156.780007 -2.848831 -1.159368
 156.980007 -2.564623 -1.227607
 157.180007 -2.666238 -1.441487
 157.380007 -2.751381 -1.131323
 157.580007 -2.839768 -1.411414
 157.780007 -2.466679 -1.384161
 157.980008 -3.024893 -1.170311
 158.180008 -2.527878 -1.421029
 158.380008 -2.724427 -1.322673
 158.580008 -2.880503 -1.339659
 158.780008 -2.576879 -1.251892
 158.980008 -2.680996 -1.453954
 159.180008 -2.806488 -1.090687
 159.380008 -2.625191 -1.382862
 159.580008 -2.751762 -1.306093
 159.780008 -2.934852 -1.218787
 159.980008 -2.507538 -1.447059
 160.180008 -2.629304 -1.210895
 160.380008 -2.868395 -1.412462
 160.580008 -2.586759 -1.266872
 160.780008 -2.727322 -1.421803
 160.980008 -2.745033 -1.159041
 161.180008 -2.621179 -1.324051
 161.380008 -2.605551 -1.443532
 161.580008 -2.866242 -1.201724
 161.780008 -2.685348 -1.401721
 161.980008 -2.649150 -1.300354
 162.180008 -2.894616 -1.229128
 162.380008 -2.525193 -1.214462
 162.580008 -2.758586 -1.430083
 162.780008 -2.855173 -1.354332
 162.980008 -2.619712 -1.180634
 163.180008 -2.651281 -1.398041
 163.380008 -2.949628 -1.166550
 163.580008 -2.705474 -1.309814
 163.780008 -2.446300 -1.327201
 163.980008 -2.665966 -1.248910
 164.180008 -2.800092 -1.394981
 164.380008 -2.433484 -1.187988
 164.580008 -2.688671 -1.382602
 164.780008 -2.661656 -1.097598
 164.980008 -2.583290 -1.412158
 165.180008 -2.617137 -1.126494
 165.380008 -2.740533 -1.312749
 165.580008 -2.524965 -1.156876
 165.780008 -2.582642 -1.346090
 165.980008 -2.725930 -1.035853
 166.180008 -2.673777 -1.319568
 166.380008 -2.584931 -1.257894
 166.580008 -2.686934 -1.258614
 166.780008 -2.532810 -1.138104
 166.980008 -2.616687 -1.269135
 167.180008 -2.714879 -1.340329
 167.380008 -2.715667 -1.220756
 167.580008 -2.637197 -1.332963
 167.780008 -2.634256 -1.345077
 167.980008 -2.713721 -1.163597
 168.180008 -2.770642 -1.377859
 168.380008 -2.591527 -1.220833
 168.580008 -2.766690 -1.165998
 168.780008 -2.651701 -1.259982
 168.980008 -2.526808 -1.264946
 169.180008 -2.676276 -1.256964
 169.380008 -2.756314 -1.037086
 169.580008 -2.606021 -1.467855
 169.780008 -2.475081 -0.996436
 169.980008 -2.697942 -1.265077
 170.180008 -2.679094 -1.246344
 170.380008 -2.477888 -1.411711
 170.580008 -2.719928 -1.091330
 170.780008 -2.568042 -1.323271
 170.980008 -2.519071 -1.322777
 171.180008 -2.732761 -1.124809
 171.380008 -2.622926 -1.329180
 171.580008 -2.449307 -1.235298
 171.780008 -2.831339 -1.169095
 171.980008 -2.618240 -1.153238
 172.180008 -2.539907 -1.492158
 172.380008 -2.782974 -1.088981
 172.580008 -2.873907 -1.435183
 172.780008 -2.538615 -1.454070
 172.980008 -2.922504 -1.219218
 173.180008 -2.650532 -1.562471
 173.380008 -2.729263 -1.300228
 173.580008 -2.814859 -1.364050
 173.780008 -2.927379 -1.306457
 173.980008 -2.687057 -1.426037
 174.180008 -2.809503 -1.309622
 174.380008 -2.672027 -1.331237
 174.580008 -2.737963 -1.397820
 174.780008 -2.637099 -1.256237
 174.980008 -2.603216 -1.379649
 175.180008 -2.604484 -1.363736
 175.380008 -2.937194 -1.177429
 175.580008 -2.632729 -1.401739
 175.780008 -2.846721 -1.296379
 175.980008 -2.720856 -1.283173
 176.180008 -2.865942 -1.325477
 176.380008 -2.585462 -1.503973
 176.580008 -2.998276 -1.111217
 176.780008 -2.703081 -1.425509
 176.980008 -2.595004 -1.269726
 177.180008 -2.856305 -1.319816
 177.380008 -2.686009 -1.310141
 177.580008 -2.566471 -1.415671
 177.780008 -2.981921 -1.360244
 177.980008 -2.596466 -1.321193
 178.180008 -2.769836 -1.394738
 178.380008 -2.776464 -1.266468
 178.580008 -2.674817 -1.416589
 178.780008 -2.593723 -1.333995
 178.980009 -2.754247 -1.262264
 179.180009 -2.583046 -1.303410
 179.380009 -2.760416 -1.353728
 179.580009 -2.648725 -1.315165
 179.780009 -2.834250 -1.146135
 179.980009 -2.590954 -1.291988
 180.180009 -2.718092 -1.266857
 180.380009 -2.568593 -1.215647
 180.580009 -2.959544 -1.269302
 180.780009 -2.670576 -1.457065
 180.980009 -2.867025 -1.227090
 181.180009 -2.702680 -1.290953
 181.380009 -2.910285 -1.326401
 181.580009 -2.758112 -1.466249
 181.780009 -3.139395 -1.072728
 181.980009 -2.537836 -1.456865
 182.180009 -2.712670 -1.228301
 182.380009 -2.610753 -1.311370
 182.580009 -2.771741 -1.290609
 182.780009 -2.720399 -1.177177
 182.980009 -2.650495 -1.503118
 183.180009 -2.686151 -1.075381
 183.380009 -2.733976 -1.344275
 183.580009 -2.618430 -1.291365
 183.780009 -2.673063 -1.265573
 183.980009 -2.693201 -1.200179
 184.180009 -2.679324 -1.224203
 184.380009 -2.534622 -1.410201
 184.580009 -2.844693 -1.114135
 184.780009 -2.584632 -1.295741
 184.980009 -2.623810 -1.211150
 185.180009 -2.636945 -1.282856
 185.380009 -2.796454 -1.213144
 185.580009 -2.449656 -1.277175
 185.780009 -2.936042 -1.253198
 185.980009 -2.556390 -1.190443
 186.180009 -2.693100 -1.390303
 186.380009 -2.666040 -1.229180
 186.580009 -2.970789 -1.289134
 186.780009 -2.367880 -1.417591
 186.980009 -2.911628 -1.153072
 187.180009 -2.787278 -1.536015
 187.380009 -2.548682 -1.095097
 187.580009 -2.730340 -1.491316
 187.780009 -2.679995 -1.036428
 187.980009 -2.584847 -1.479090
 188.180009 -2.826507 -1.162243
 188.380009 -2.686118 -1.390014
 188.580009 -2.616781 -1.338706
 188.780009 -2.896784 -1.168576
 188.980009 -2.693556 -1.474770
 189.180009 -2.741521 -1.189257
 189.380009 -2.906766 -1.446878
 189.580009 -2.749179 -1.097366
 189.780009 -2.404638 -1.720874
 189.980009 -2.990158 -1.050036
 190.180009 -2.625046 -1.458635
 190.380009 -2.617060 -1.366705
 190.580009 -2.804082 -1.332479
 190.780009 -2.800192 -1.271292
 190.980009 -2.473397 -1.369608
 191.180009 -2.988134 -1.261762
 191.380009 -2.709372 -1.253631
 191.580009 -2.612785 -1.341128
 191.780009 -2.689095 -1.081673
 191.980009 -2.791428 -1.278600
 192.180009 -2.370765 -1.301873
 192.380009 -2.718046 -1.134414
 192.580009 -2.683565 -1.291358
 192.780009 -2.446860 -1.298157
 192.980009 -2.885414 -1.214258
 193.180009 -2.785723 -1.290957
 193.380009 -2.626933 -1.329182
 193.580009 -2.733334 -1.310525
 193.780009 -2.962653 -1.339793
 193.980009 -2.519938 -1.354518
 194.180009 -2.864394 -1.263638
 194.380009 -2.787143 -1.479603
 194.580009 -2.603574 -1.268249
 194.780009 -2.790593 -1.434376
 194.980009 -2.721305 -1.136023
 195.180009 -2.589788 -1.491925
 195.380009 -2.734305 -0.902830
 195.580009 -2.823233 -1.576307
 195.780009 -2.710193 -1.125015
 195.980009 -2.741115 -1.439307
 196.180009 -2.698481 -1.291796
 196.380009 -2.680242 -1.188453
 196.580009 -2.701635 -1.472054
 196.780009 -2.714381 -1.193916
 196.980009 -2.750550 -1.440173
 197.180009 -2.719231 -1.086725
 197.380009 -2.602479 -1.584339
 197.580009 -2.733335 -1.191148
 197.780009 -2.733356 -1.445365
 197.980009 -2.754081 -1.274110
 198.180009 -2.729401 -1.359735
 198.380009 -2.824695 -1.321687
 198.580009 -2.663639 -1.252713
 198.780009 -2.799068 -1.325824
 198.980009 -2.635838 -1.199925
 199.180009 -2.771937 -1.431761
 199.380009 -2.713995 -1.163281
 199.580009 -2.665001 -1.375165
 199.780009 -2.532544 -1.252359
 199.980009 -2.837078 -1.262412
