#! FIELDS time phi psi
#! SET max_psi pi
 0.180000 -0.984561 -2.491396
 0.380000 -1.229715 -2.859213
 0.580000 -0.691293 -2.558815
 0.780000 -1.208256 -2.287561
 0.980000 -1.235061 -3.103279
 1.180000 -1.578168 -2.325373
 1.380000 -1.206964 -2.674353
 1.580000 -1.120550 -2.774332
 1.780000 -1.531722 -2.484343
 1.980000 -1.161017 -2.239253
 2.180000 -1.574426 -2.949769
 2.380000 -1.023496 -2.474191
 2.580000 -1.366877 -2.671589
 2.780000 -0.769930 -2.993292
 2.980000 -1.134437 -2.786067
 3.180000 -0.994371 -2.623181
 3.380000 -1.395098 -2.836022
 3.580000 -1.403407 -2.527044
 3.780000 -1.624811 -2.691892
 3.980000 -1.161140 -2.659491
 4.180000 -1.165759 -2.584663
 4.380000 -1.231171 -2.635767
 4.580000 -1.354757 -2.480542
 4.780000 -1.235362 -2.628548
 4.980000 -1.220127 -2.650144
 5.180000 -1.239278 -2.498697
 5.380000 -1.304977 -2.455767
 5.580000 -1.401513 -2.605304
 5.780000 -0.981443 -2.487180
 5.980000 -1.227944 -2.821369
 6.180000 -0.993723 -2.651154
 6.380000 -1.335100 -2.575084
 6.580000 -1.223968 -2.786681
 6.780000 -1.227466 -2.636014
 6.980000 -1.221797 -2.455521
 7.180000 -1.158636 -2.599666
 7.380000 -1.188545 -2.739155
 7.580000 -1.116069 -2.568739
 7.780000 -1.206417 -2.651203
 7.980000 -1.224932 -2.741120
 8.180000 -1.254297 -2.555819
 8.380000 -1.083081 -2.531563
 8.580000 -1.225999 -2.659334
 8.780000 -1.283542 -2.630799
 8.980000 -1.208703 -2.510131
 9.180000 -1.210570 -2.849702
 9.380000 -1.302520 -2.423118
 9.580000 -1.045261 -2.520427
 9.780000 -1.303905 -2.765353
 9.980000 -1.102497 -2.666964
 10.180000 -1.331382 -2.471119
 10.380000 -1.166203 -2.740507
 10.580001 -1.280900 -2.741096
 10.780001 -0.912038 -2.604024
 10.980001 -1.230105 -2.825994
 11.180001 -1.331999 -2.737793
 11.380001 -1.162314 -2.552310
 11.580001 -1.168006 -2.869926
 11.780001 -1.129060 -2.734698
 11.980001 -1.076233 -2.526842
 12.180001 -1.375274 -2.720912
 12.380001 -1.228379 -2.722641
 12.580001 -1.364474 -2.514120
 12.780001 -1.151862 -2.659597
 12.980001 -1.378986 -2.744689
 13.180001 -1.265090 -2.358595
 13.380001 -1.266391 -2.657273
 13.580001 -1.075414 -2.891204
 13.780001 -1.192456 -2.470989
 13.980001 -1.147448 -2.622637
 14.180001 -1.344097 -2.863280
 14.380001 -1.111781 -2.399190
 14.580001 -1.354459 -2.522983
 14.780001 -1.302971 -2.773627
 14.980001 -1.059492 -2.445811
 15.180001 -1.291975 -2.588600
 15.380001 -1.177017 -2.971765
 15.580001 -1.358295 -2.265820
 15.780001 -1.119313 -2.365443
 15.980001 -1.468418 -2.975995
 16.180001 -0.995296 -2.448462
 16.380001 -1.225757 -2.426599
 16.580001 -1.062146 -3.014819
 16.780001 -1.374995 -2.532211
 16.980001 -1.073057 -2.436287
 17.180001 -1.277595 -2.852823
 17.380001 -1.168479 -2.500760
 17.580001 -1.282854 -2.471507
 17.780001 -1.151870 -2.958737
 17.980001 -1.252402 -2.477531
 18.180001 -1.301041 -2.553277
 18.380001 -1.288968 -2.837036
 18.580001 -1.212870 -2.258189
 18.780001 -1.063498 -2.559564
 18.980001 -1.257150 -2.819155
 19.180001 -1.083239 -2.447796
 19.380001 -1.353254 -2.559045
 19.580001 -1.100504 -2.845188
 19.780001 -1.496790 -2.327171
 19.980001 -0.972452 -2.736927
 20.180001 -1.349703 -2.763236
 20.380001 -1.040116 -2.481678
 20.580001 -1.125459 -2.250361
 20.780001 -1.371339 -2.837448
 20.980001 -1.206596 -2.738396
 21.180001 -1.277731 -2.208630
 21.380001 -1.008458 -2.939059
 21.580001 -1.146823 -2.709623
 21.780001 -0.843156 -2.267680
 21.980001 -1.450117 -2.771488
 22.180001 -1.229699 -2.879146
 22.380001 -1.327984 -2.282667
 22.580001 -1.061106 -2.707413
 22.780001 -1.134565 -2.962476
 22.980001 -1.104277 -2.394631
 23.180001 -1.443217 -2.390611
 23.380001 -1.271360 -2.928143
 23.580001 -1.219192 -2.376615
 23.780001 -1.208668 -2.681279
 23.980001 -1.192110 -2.730749
 24.180001 -1.227965 -2.473523
 24.380001 -1.256965 -2.651485
 24.580001 -1.295741 -2.681625
 24.780001 -1.150078 -2.490524
 24.980001 -1.084560 -2.701872
 25.180001 -1.197101 -2.879942
 25.380001 -1.286427 -2.360571
 25.580001 -1.354496 -2.854852
 25.780001 -1.331825 -2.559994
 25.980001 -1.169058 -2.553829
 26.180001 -1.136477 -2.952023
 26.380001 -1.231846 -2.426740
 26.580001 -1.282728 -2.642728
 26.780001 -1.358420 -3.102338
 26.980001 -1.120394 -2.196446
 27.180001 -1.324404 -2.588097
 27.380001 -1.053907 -3.045488
 27.580001 -1.032446 -2.540321
 27.780001 -1.136765 -2.624291
 27.980001 -1.248616 -2.842168
 28.180001 -1.273593 -2.461042
 28.380001 -1.222843 -2.531193
 28.580001 -1.241945 -2.945106
 28.780001 -1.097664 -2.542240
 28.980001 -1.283359 -2.684739
 29.180001 -0.948410 -2.852211
 29.380001 -1.255329 -2.593356
 29.580001 -1.170072 -2.836667
 29.780001 -1.361756 -2.785559
 29.980001 -1.305567 -2.402759
 30.180001 -1.240771 -2.765945
 30.380001 -0.982799 -2.647066
 30.580001 -1.123734 -2.716438
 30.780001 -1.096105 -2.649279
 30.980001 -1.308421 -2.560384
 31.180001 -1.097092 -2.598944
 31.380001 -1.313644 -2.741789
 31.580001 -1.112756 -2.758754
 31.780002 -1.260072 -2.382682
 31.980002 -1.322983 -2.646806
 32.180002 -1.193082 -2.661679
 32.380002 -1.123361 -2.685740
 32.580002 -1.210295 -2.592574
 32.780002 -1.035627 -2.667495
 32.980002 -1.320365 -2.665638
 33.180002 -1.246438 -2.656023
 33.380002 -1.254482 -2.631413
 33.580002 -1.157359 -2.754324
 33.780002 -1.147075 -2.663367
 33.980002 -1.238465 -2.734114
 34.180002 -1.224365 -2.768723
 34.380002 -1.394437 -2.649166
 34.580002 -1.199536 -2.605598
 34.780002 -1.363349 -2.612378
 34.980002 -1.105366 -2.764753
 35.180002 -1.212361 -2.563304
 35.380002 -1.065798 -2.519781
 35.580002 -1.260960 -2.795016
 35.780002 -1.210313 -2.584359
 35.980002 -1.217950 -2.526776
 36.180002 -1.207640 -2.837832
 36.380002 -1.262188 -2.465727
 36.580002 -1.203587 -2.327556
 36.780002 -1.246218 -2.848904
 36.980002 -1.369768 -2.522100
 37.180002 -1.284463 -2.398229
 37.380002 -1.314275 -2.805926
 37.580002 -1.256406 -2.557661
 37.780002 -1.232179 -2.419816
 37.980002 -0.981638 -2.938759
 38.180002 -1.255899 -2.516370
 38.380002 -1.053717 -2.473926
 38.580002 -1.250296 -2.927974
 38.780002 -1.279418 -2.528455
 38.980002 -1.273293 -2.480925
 39.180002 -1.252186 -2.992544
 39.380002 -1.044823 -2.497789
 39.580002 -1.182792 -2.576267
 39.780002 -1.100531 -2.972643
 39.980002 -1.413152 -2.437777
 40.180002 -1.453176 -2.316672
 40.380002 -1.151246 -2.945738
 40.580002 -1.220323 -2.450315
 40.780002 -1.109355 -2.291315
 40.980002 -1.159423 -2.950417
 41.180002 -1.280121 -2.433627
 41.380002 -1.296875 -2.275778
 41.580002 -1.187085 -2.947079
 41.780002 -1.275503 -2.580089
 41.980002 -1.210708 -2.310507
 42.180002 -1.274765 -2.812109
 42.380002 -1.180180 -2.635661
 42.580002 -1.059106 -2.458392
 42.780002 -1.109035 -2.854877
 42.980002 -1.280186 -2.619863
 43.180002 -1.297612 -2.433525
 43.380002 -1.336366 -3.045302
 43.580002 -1.140216 -2.424547
 43.780002 -1.196398 -2.673702
 43.980002 -1.058081 -2.894647
 44.180002 -1.298217 -2.486022
 44.380002 -1.281518 -2.595340
 44.580002 -1.300887 -2.872179
 44.780002 -1.168147 -2.366169
 44.980002 -1.235964 -2.735534
 45.180002 -1.246545 -2.752961
 45.380002 -1.302642 -2.483329
 45.580002 -1.156331 -2.568973
 45.780002 -1.306581 -2.876209
 45.980002 -1.163301 -2.274391
 46.180002 -1.333529 -2.792918
 46.380002 -1.221150 -2.809006
 46.580002 -1.133771 -2.352762
 46.780002 -1.317509 -2.579706
 46.980002 -1.149375 -2.771590
 47.180002 -1.286632 -2.456831
 47.380002 -1.262836 -2.834493
 47.580002 -1.339317 -2.593358
 47.780002 -1.139270 -2.543343
 47.980002 -1.054836 -2.774368
 48.180002 -1.258510 -2.624943
 48.380002 -1.240868 -2.613346
 48.580002 -1.241588 -2.852625
 48.780002 -1.167143 -2.378811
 48.980002 -1.206454 -2.654039
 49.180002 -1.187522 -2.863213
 49.380002 -1.071433 -2.488913
 49.580002 -1.265328 -2.605559
 49.780002 -1.192520 -2.784095
 49.980002 -1.125952 -2.416379
 50.180002 -1.323025 -2.744269
 50.380002 -1.136692 -2.625932
 50.580002 -1.377872 -2.526732
 50.780002 -1.048811 -2.792803
 50.980002 -1.367668 -2.677655
 51.180002 -1.134052 -2.530008
 51.380002 -1.217289 -2.832137
 51.580002 -1.112597 -2.682226
 51.780002 -0.992767 -2.605228
 51.980002 -1.141464 -2.773373
 52.180002 -1.280503 -2.531943
 52.380002 -1.257329 -2.410140
 52.580002 -1.348503 -2.807569
 52.780003 -1.205959 -2.455687
 52.980003 -1.185971 -2.719997
 53.180003 -1.005054 -2.608794
 53.380003 -1.204749 -2.609405
 53.580003 -1.117686 -2.601903
 53.780003 -1.229892 -2.635080
 53.980003 -1.099163 -2.609530
 54.180003 -1.096405 -2.756698
 54.380003 -1.162290 -2.682242
 54.580003 -1.239345 -2.593103
 54.780003 -1.341662 -2.783409
 54.980003 -1.286729 -2.744072
 55.180003 -1.032529 -2.386626
 55.380003 -1.204462 -2.760087
 55.580003 -1.041521 -2.668036
 55.780003 -1.335324 -2.539140
 55.980003 -1.229501 -2.548325
 56.180003 -1.381624 -2.838934
 56.380003 -1.198000 -2.274111
 56.580003 -1.204552 -2.486376
 56.780003 -1.220037 -2.834199
 56.980003 -1.140203 -2.465294
 57.180003 -1.311144 -2.581758
 57.380003 -1.088492 -2.897885
 57.580003 -1.161808 -2.331251
 57.780003 -1.118978 -2.672400
 57.980003 -1.198239 -2.868241
 58.180003 -1.293731 -2.428223
 58.380003 -1.386834 -2.521532
 58.580003 -1.244734 -3.014855
 58.780003 -1.136596 -2.328830
 58.980003 -1.024146 -2.714182
 59.180003 -1.107388 -2.855357
 59.380003 -1.012435 -2.445727
 59.580003 -1.262115 -2.729642
 59.780003 -1.241880 -2.881330
 59.980003 -1.230314 -2.320689
 60.180003 -1.236149 -2.887435
 60.380003 -1.229843 -2.570942
 60.580003 -1.005932 -2.444757
 60.780003 -1.152315 -2.836079
 60.980003 -1.279534 -2.665086
 61.180003 -1.160201 -2.338931
 61.380003 -1.092278 -3.041689
 61.580003 -1.155480 -2.464891
 61.780003 -1.174151 -2.359365
 61.980003 -1.170962 -3.141156
 62.180003 -1.447485 -2.310352
 62.380003 -1.529989 -2.266780
 62.580003 -1.254064 -3.020444
 62.780003 -1.273375 -2.308035
 62.980003 -1.117314 -2.446022
 63.180003 -1.126208 -3.089457
 63.380003 -1.291367 -2.318266
 63.580003 -1.288240 -2.569002
 63.780003 -1.186615 -3.072452
 63.980003 -1.065568 -2.405298
 64.180003 -1.172668 -2.501273
 64.380003 -1.129086 -3.121598
 64.580003 -1.341281 -2.281041
 64.780003 -1.231003 -2.773368
 64.980003 -1.194965 -2.979159
 65.180003 -1.080799 -2.270736
 65.380003 -1.316219 -2.641056
 65.580003 -1.200307 -2.941928
 65.780003 -1.329578 -2.199923
 65.980003 -1.453581 -2.805317
 66.180003 -1.299942 -2.604726
 66.380003 -0.983751 -2.361492
 66.580003 -1.110435 -2.896222
 66.780003 -1.137145 -2.652362
 66.980003 -1.009556 -2.060408
 67.180003 -1.276088 -2.921761
 67.380003 -1.406532 -2.662605
 67.580003 -1.191069 -2.203979
 67.780003 -1.210200 -3.122366
 67.980003 -1.146227 -2.447053
 68.180003 -1.221614 -2.174094
 68.380003 -1.316327 -3.028256
 68.580003 -1.408868 -2.585989
 68.780003 -1.210209 -2.445065
 68.980003 -1.034881 -3.092400
 69.180003 -1.179160 -2.520873
 69.380003 -0.876939 -2.287841
 69.580003 -1.232960 -2.977803
 69.780003 -1.342916 -2.635601
 69.980003 -1.150431 -2.088423
 70.180003 -1.335885 -3.071945
 70.380003 -1.365297 -2.538619
 70.580003 -1.022359 -2.430417
 70.780003 -1.015339 -3.057897
 70.980003 -1.264638 -2.498810
 71.180003 -1.259654 -2.316977
 71.380003 -1.151370 3.105903
 71.580003 -1.267019 -2.253879
 71.780003 -1.089048 -2.383254
 71.980003 -1.198721 -3.093229
 72.180003 -1.117816 -2.429486
 72.380003 -1.199567 -2.229708
 72.580003 -1.180962 -3.102484
 72.780003 -1.354147 -2.284077
 72.980003 -1.198719 -2.276261
 73.180003 -1.015765 3.065830
 73.380003 -1.190989 -2.411089
 73.580003 -1.002730 -2.341575
 73.780004 -1.205833 -2.912115
 73.980004 -1.234567 -2.579534
 74.180004 -1.129273 -2.531900
 74.380004 -1.155111 -2.956222
 74.580004 -1.108428 -2.617065
 74.780004 -0.962843 -2.244658
 74.980004 -1.115174 -3.135738
 75.180004 -1.263310 -2.742968
 75.380004 -1.228358 -2.333829
 75.580004 -1.239735 -2.870570
 75.780004 -1.026654 -2.687041
 75.980004 -1.326373 -2.671712
 76.180004 -1.165314 -2.756312
 76.380004 -1.354876 -2.651172
 76.580004 -1.076652 -2.521491
 76.780004 -1.227276 -2.893356
 76.980004 -1.179476 -2.677232
 77.180004 -1.305607 -2.493080
 77.380004 -1.169068 -2.725927
 77.580004 -1.119180 -2.781679
 77.780004 -1.251075 -2.474561
 77.980004 -1.293127 -2.617746
 78.180004 -1.339625 -2.724969
 78.380004 -1.170817 -2.516301
 78.580004 -1.273629 -2.794176
 78.780004 -1.309156 -2.636306
 78.980004 -1.319107 -2.389104
 79.180004 -1.206132 -2.759101
 79.380004 -1.034620 -2.794288
 79.580004 -1.121799 -2.440379
 79.780004 -1.156136 -2.718187
 79.980004 -1.210278 -2.712763
 80.180004 -1.174041 -2.579507
 80.380004 -1.330068 -2.745411
 80.580004 -1.196373 -2.756843
 80.780004 -1.244219 -2.508823
 80.980004 -1.152486 -2.788707
 81.180004 -1.217992 -2.807921
 81.380004 -1.214480 -2.451093
 81.580004 -1.307803 -2.719541
 81.780004 -1.262850 -2.751308
 81.980004 -1.308845 -2.519002
 82.180004 -1.170026 -2.789103
 82.380004 -1.273566 -2.659068
 82.580004 -1.032401 -2.494706
 82.780004 -1.364127 -2.813051
 82.980004 -1.223947 -2.690381
 83.180004 -1.343174 -2.233279
 83.380004 -1.074071 -2.801252
 83.580004 -1.318684 -2.719835
 83.780004 -1.066792 -2.233802
 83.980004 -1.292079 -2.777238
 84.180004 -1.128096 -2.699368
 84.380004 -1.257689 -2.506502
 84.580004 -1.193531 -2.672246
 84.780004 -1.329826 -2.761779
 84.980004 -1.168096 -2.428723
 85.180004 -1.175566 -2.674603
 85.380004 -1.126183 -2.787237
 85.580004 -1.243077 -2.577461
 85.780004 -1.146391 -2.760372
 85.980004 -1.367327 -2.771456
 86.180004 -1.212756 -2.576090
 86.380004 -1.205042 -2.814557
 86.580004 -0.947337 -2.894742
 86.780004 -1.375803 -2.512016
 86.980004 -1.303609 -2.667241
 87.180004 -1.231248 -2.845885
 87.380004 -1.023618 -2.560620
 87.580004 -1.280865 -2.656999
 87.780004 -1.126513 -2.833879
 87.980004 -1.238028 -2.336955
 88.180004 -1.243386 -2.791731
 88.380004 -1.298310 -2.665753
 88.580004 -1.213376 -2.257766
 88.780004 -1.305385 -2.678343
 88.980004 -1.305241 -2.664957
 89.180004 -1.351915 -2.308181
 89.380004 -1.215908 -2.758164
 89.580004 -1.218955 -2.680303
 89.780004 -1.090438 -2.543544
 89.980004 -1.444075 -2.693645
 90.180004 -1.185432 -2.679517
 90.380004 -1.271565 -2.494000
 90.580004 -1.003964 -2.848362
 90.780004 -1.222104 -2.618207
 90.980004 -1.262497 -2.558468
 91.180004 -1.180630 -2.853762
 91.380004 -1.366134 -2.478976
 91.580004 -1.246000 -2.739166
 91.780004 -1.248535 -2.799996
 91.980004 -1.264080 -2.514050
 92.180004 -1.309131 -2.518998
 92.380004 -1.246103 -2.777734
 92.580004 -1.328442 -2.601184
 92.780004 -1.147778 -2.627964
 92.980004 -1.167510 -2.756287
 93.180004 -1.212494 -2.668048
 93.380004 -1.294195 -2.509287
 93.580004 -1.313808 -2.724699
 93.780004 -1.193712 -2.593337
 93.980004 -1.286401 -2.506418
 94.180004 -1.173150 -2.714954
 94.380004 -1.103261 -2.756942
 94.580004 -1.143093 -2.700466
 94.780005 -1.154662 -2.641419
 94.980005 -1.226994 -2.690523
 95.180005 -1.116791 -2.741408
 95.380005 -1.304237 -2.760792
 95.580005 -1.176109 -2.700483
 95.780005 -1.344913 -2.677452
 95.980005 -1.083726 -2.720844
 96.180005 -1.246737 -2.759031
 96.380005 -1.252292 -2.545216
 96.580005 -1.362453 -2.722980
 96.780005 -1.174796 -2.679524
 96.980005 -1.046187 -2.528610
 97.180005 -1.078147 -2.779301
 97.380005 -1.405630 -2.624766
 97.580005 -1.466283 -2.409293
 97.780005 -1.194511 -2.692932
 97.980005 -1.146742 -2.617731
 98.180005 -1.125626 -2.596280
 98.380005 -1.307423 -2.715535
 98.580005 -1.235377 -2.588733
 98.780005 -1.342971 -2.930102
 98.980005 -1.028455 -2.321959
 99.180005 -1.108615 -2.825970
 99.380005 -1.139342 -2.777869
 99.580005 -1.423302 -2.422504
 99.780005 -1.400346 -2.665138
 99.980005 -1.324266 -2.639191
 100.180005 -1.141569 -2.603778
 100.380005 -1.032863 -2.801248
 100.580005 -1.374320 -2.547052
 100.780005 -1.272826 -2.638576
 100.980005 -1.339253 -2.622220
 101.180005 -0.952871 -2.609440
 101.380005 -1.196873 -2.824101
 101.580005 -1.343975 -2.693459
 101.780005 -1.508585 -1.980471
 101.980005 -1.430207 -2.982840
 102.180005 -1.281009 -2.477970
 102.380005 -0.922644 -2.519368
 102.580005 -1.005282 -2.869735
 102.780005 -1.405525 -2.531430
 102.980005 -1.390669 -2.542487
 103.180005 -1.330185 -2.888790
 103.380005 -1.076592 -2.277980
 103.580005 -1.025816 -2.533409
 103.780005 -1.212528 -2.944523
 103.980005 -1.356948 -2.464717
 104.180005 -1.485315 -2.635885
 104.380005 -1.219981 -2.597778
 104.580005 -1.060294 -2.747840
 104.780005 -1.192075 -2.685886
 104.980005 -1.286595 -2.486690
 105.180005 -1.279549 -2.664237
 105.380005 -1.378260 -2.582000
 105.580005 -1.135709 -2.514167
 105.780005 -0.972466 -2.953683
 105.980005 -1.252542 -2.634345
 106.180005 -1.301251 -2.376654
 106.380005 -1.312373 -2.853962
 106.580005 -1.145978 -2.575464
 106.780005 -1.230174 -2.713206
 106.980005 -1.024216 -2.849266
 107.180005 -1.298501 -2.518246
 107.380005 -1.206512 -2.526062
 107.580005 -1.240307 -2.952301
 107.780005 -1.115034 -2.322481
 107.980005 -1.197460 -2.668307
 108.180005 -1.273042 -2.859902
 108.380005 -1.201646 -2.335790
 108.580005 -1.222070 -2.625364
 108.780005 -1.016280 -2.824868
 108.980005 -1.254788 -2.360470
 109.180005 -1.374680 -2.571877
 109.380005 -1.405553 -2.864384
 109.580005 -1.229381 -2.360205
 109.780005 -1.200012 -2.772190
 109.980005 -1.248471 -2.698117
 110.180005 -1.140286 -2.291062
 110.380005 -1.242524 -2.890981
 110.580005 -1.368945 -2.713598
 110.780005 -1.203147 -2.539203
 110.980005 -1.071300 -2.806417
 111.180005 -0.969878 -2.776806
 111.380005 -1.014888 -2.637366
 111.580005 -1.353117 -2.691663
 111.780005 -1.361968 -2.779164
 111.980005 -1.212956 -2.407182
 112.180005 -1.129852 -2.776488
 112.380005 -1.132940 -2.619313
 112.580005 -1.196535 -2.354663
 112.780005 -1.204253 -2.818718
 112.980005 -1.285692 -2.610265
 113.180005 -1.210183 -2.478190
 113.380005 -1.317968 -2.695918
 113.580005 -1.178587 -2.600549
 113.780005 -1.161781 -2.558606
 113.980005 -1.368088 -2.614343
 114.180005 -1.412761 -2.762401
 114.380005 -1.297216 -2.365793
 114.580005 -1.198425 -2.780510
 114.780005 -1.038498 -2.677117
 114.980005 -1.268806 -2.565741
 115.180005 -1.312541 -2.888036
 115.380005 -1.359208 -2.569612
 115.580005 -1.056762 -2.712993
 115.780005 -1.231562 -2.814211
 115.980006 -1.031888 -2.519316
 116.180006 -1.158097 -2.584315
 116.380006 -1.128456 -2.904637
 116.580006 -1.125347 -2.504193
 116.780006 -1.115651 -2.750653
 116.980006 -1.131822 -2.755413
 117.180006 -1.077678 -2.509507
 117.380006 -1.348673 -2.713187
 117.580006 -1.204532 -2.767369
 117.780006 -1.318296 -2.330937
 117.980006 -1.337349 -2.565835
 118.180006 -1.325090 -2.800864
 118.380006 -1.150264 -2.348789
 118.580006 -1.233218 -2.654016
 118.780006 -1.244792 -2.719895
 118.980006 -1.235043 -2.516761
 119.180006 -1.192253 -2.601802
 119.380006 -1.205825 -2.841214
 119.580006 -1.144184 -2.548657
 119.780006 -1.180133 -2.513147
 119.980006 -1.296536 -2.727687
 120.180006 -0.970266 -2.429155
 120.380006 -1.392151 -2.681969
 120.580006 -1.123855 -2.793120
 120.780006 -1.316500 -2.396500
 120.980006 -1.253790 -2.722603
 121.180006 -1.143711 -2.661779
 121.380006 -1.279564 -2.690534
 121.580006 -1.304139 -2.669708
 121.780006 -1.342550 -2.721637
 121.980006 -1.099642 -2.542858
 122.180006 -1.087463 -2.912954
 122.380006 -1.202450 -2.523638
 122.580006 -1.230875 -2.476665
 122.780006 -1.306418 -2.691789
 122.980006 -1.229580 -2.692489
 123.180006 -1.270961 -2.411217
 123.380006 -1.036871 -2.724782
 123.580006 -1.197701 -2.786608
 123.780006 -1.025087 -2.381474
 123.980006 -1.291789 -2.684507
 124.180006 -1.118717 -2.777451
 124.380006 -1.174647 -2.430162
 124.580006 -1.150106 -2.648742
 124.780006 -1.203852 -2.554935
 124.980006 -1.115940 -2.541823
 125.180006 -1.273819 -2.706495
 125.380006 -1.290100 -2.643240
 125.580006 -1.466499 -2.435536
 125.780006 -1.115743 -2.558722
 125.980006 -1.247373 -2.827896
 126.180006 -1.126377 -2.608540
 126.380006 -1.463976 -2.652319
 126.580006 -1.200701 -2.619748
 126.780006 -1.213377 -2.738667
 126.980006 -0.813644 -2.748511
 127.180006 -1.164117 -2.633264
 127.380006 -1.090421 -2.796285
 127.580006 -1.336204 -2.584019
 127.780006 -1.161541 -2.604585
 127.980006 -1.278804 -2.751574
 128.180006 -1.226874 -2.439191
 128.380006 -1.297062 -2.565783
 128.580006 -1.227564 -2.681609
 128.780006 -1.086961 -2.552928
 128.980006 -1.161915 -2.558012
 129.180006 -1.166106 -2.772773
 129.380006 -1.256198 -2.705863
 129.580006 -1.286809 -2.449165
 129.780006 -1.261955 -2.740543
 129.980006 -1.208152 -2.590445
 130.180006 -1.064916 -2.526811
 130.380006 -1.314047 -2.744567
 130.580006 -1.305121 -2.416594
 130.780006 -1.361273 -2.454442
 130.980006 -1.219038 -2.875838
 131.180006 -1.081186 -2.455215
 131.380006 -1.024278 -2.505060
 131.580006 -1.142845 -2.857517
 131.780006 -1.169208 -2.468013
 131.980006 -1.286601 -2.573270
 132.180006 -1.203297 -3.021296
 132.380006 -1.213506 -2.416739
 132.580006 -1.092999 -2.623828
 132.780006 -1.382154 -2.851265
 132.980006 -1.395668 -2.431722
 133.180006 -1.349704 -2.523876
 133.380006 -1.296241 -3.039457
 133.580006 -0.878436 -2.466799
 133.780006 -1.221834 -2.631157
 133.980006 -1.178168 -2.932310
 134.180006 -1.208303 -2.401566
 134.380006 -1.365499 -2.285706
 134.580006 -1.136764 3.129856
 134.780006 -1.066857 -2.275522
 134.980006 -1.154008 -2.436866
 135.180006 -1.093182 -3.085402
 135.380006 -1.231499 -2.396784
 135.580006 -1.405022 -2.438673
 135.780006 -1.289704 -2.949139
 135.980006 -1.344536 -2.371157
 136.180006 -1.105769 -2.624653
 136.380006 -1.128132 -2.828967
 136.580006 -1.234154 -2.461694
 136.780006 -1.127949 -2.506101
 136.980007 -1.405182 -2.864749
 137.180007 -1.061530 -2.472007
 137.380007 -1.220054 -2.544353
 137.580007 -1.161503 -2.847051
 137.780007 -1.239500 -2.471514
 137.980007 -1.290923 -2.506988
 138.180007 -1.138837 -2.915966
 138.380007 -1.231149 -2.434774
 138.580007 -1.081990 -2.493648
 138.780007 -1.244363 -2.906036
 138.980007 -1.398431 -2.407982
 139.180007 -1.330402 -2.533648
 139.380007 -1.326245 -2.992693
 139.580007 -1.057884 -2.211039
 139.780007 -1.126626 -2.898939
 139.980007 -1.128152 -2.761632
 140.180007 -1.149142 -2.236887
 140.380007 -1.357731 -2.851275
 140.580007 -1.343432 -2.796362
 140.780007 -1.180097 -2.308921
 140.980007 -1.183714 -2.936419
 141.180007 -1.025814 -2.697935
 141.380007 -1.210322 -2.366924
 141.580007 -1.191894 -2.927366
 141.780007 -1.429260 -2.587172
 141.980007 -1.312795 -2.349843
 142.180007 -1.185373 -2.788180
 142.380007 -1.093157 -2.637252
 142.580007 -1.288975 -2.465104
 142.780007 -1.124082 -2.841167
 142.980007 -1.330356 -2.557343
 143.180007 -1.013207 -2.724639
 143.380007 -1.082973 -2.836517
 143.580007 -1.175644 -2.612596
 143.780007 -1.312429 -2.476309
 143.980007 -1.493908 -2.842329
 144.180007 -1.202575 -2.369036
 144.380007 -1.159821 -2.837200
 144.580007 -1.173396 -2.656921
 144.780007 -1.252487 -2.430387
 144.980007 -1.368156 -2.565059
 145.180007 -1.164701 -2.958950
 145.380007 -1.152782 -2.417863
 145.580007 -1.139757 -2.626645
 145.780007 -1.242916 -2.864824
 145.980007 -1.157794 -2.396673
 146.180007 -1.246564 -2.654020
 146.380007 -1.313768 -2.783486
 146.580007 -1.165134 -2.345591
 146.780007 -1.244087 -2.567333
 146.980007 -1.145332 -2.812144
 147.180007 -1.310216 -2.497313
 147.380007 -1.153174 -2.412622
 147.580007 -1.278665 -2.850469
 147.780007 -1.346830 -2.527242
 147.980007 -1.236626 -2.552902
 148.180007 -1.133280 -2.708920
 148.380007 -1.171477 -2.672593
 148.580007 -1.055507 -2.570822
 148.780007 -1.384743 -2.797621
 148.980007 -1.147865 -2.506458
 149.180007 -1.315680 -2.632047
 149.380007 -0.965523 -2.790494
 149.580007 -1.166557 -2.566588
 149.780007 -1.207067 -2.651400
 149.980007 -1.349740 -2.792394
 150.180007 -1.117428 -2.239846
 150.380007 -1.384106 -2.648381
 150.580007 -1.009784 -2.852324
 150.780007 -1.194237 -2.432876
 150.980007 -1.128416 -2.579006
 151.180007 -1.325800 -2.801479
 151.380007 -0.988155 -2.543026
 151.580007 -1.315372 -2.597365
 151.780007 -1.137767 -2.636391
 151.980007 -1.275000 -2.632123
 152.180007 -1.242102 -2.679674
 152.380007 -1.294803 -2.616294
 152.580007 -1.244343 -2.714116
 152.780007 -1.137886 -2.664240
 152.980007 -1.308859 -2.499733
 153.180007 -1.282851 -2.659747
 153.380007 -1.254496 -2.601591
 153.580007 -1.241778 -2.662606
 153.780007 -1.171071 -2.500109
 153.980007 -1.289721 -2.633821
 154.180007 -1.110579 -2.703711
 154.380007 -1.276644 -2.508937
 154.580007 -1.233462 -2.593259
 154.780007 -1.368584 -2.590155
 154.980007 -1.181089 -2.615705
 155.180007 -1.310604 -2.680727
 155.380007 -1.088887 -2.563339
 155.580007 -1.191454 -2.742280
 155.780007 -1.187478 -2.639126
 155.980007 -1.320901 -2.657761
 156.180007 -1.204039 -2.705579
 156.380007 -1.128676 -2.748533
 156.580007 -1.109828 -2.673797
 156.780007 -1.369119 -2.626532
 156.980007 -1.256480 -2.626909
 157.180007 -1.411771 -2.741468
 157.380007 -0.984071 -2.630039
 157.580007 -1.240855 -2.570877
 157.780007 -1.161184 -2.693094
 157.980008 -1.266655 -2.649885
 158.180008 -1.285261 -2.569807
 158.380008 -1.211238 -2.810988
 158.580008 -1.211863 -2.419883
 158.780008 -1.101912 -2.458597
 158.980008 -1.379268 -2.648207
 159.180008 -1.273106 -2.736681
 159.380008 -1.461164 -2.327101
 159.580008 -1.268369 -2.757497
 159.780008 -1.110021 -2.565549
 159.980008 -1.110068 -2.425394
 160.180008 -1.457654 -2.767819
 160.380008 -1.163376 -2.762489
 160.580008 -1.281456 -2.520924
 160.780008 -1.172788 -2.784872
 160.980008 -1.101982 -2.740923
 161.180008 -1.092155 -2.549659
 161.380008 -1.370352 -2.619001
 161.580008 -1.309726 -2.828069
 161.780008 -1.348344 -2.690877
 161.980008 -1.083209 -2.482871
 162.180008 -1.275241 -2.710855
 162.380008 -1.100296 -2.643728
 162.580008 -1.495719 -2.514806
 162.780008 -1.214070 -2.680673
 162.980008 -1.186852 -2.639372
 163.180008 -1.021298 -2.544319
 163.380008 -1.290591 -2.880299
 163.580008 -1.297008 -2.563377
 163.780008 -1.336516 -2.650466
 163.980008 -1.216685 -2.921369
 164.180008 -1.063424 -2.507262
 164.380008 -1.125494 -2.566544
 164.580008 -1.328412 -2.952386
 164.780008 -1.326566 -2.487154
 164.980008 -1.381698 -2.580103
 165.180008 -0.911522 -2.904995
 165.380008 -1.308885 -2.433336
 165.580008 -1.215630 -2.474936
 165.780008 -1.423789 -2.862579
 165.980008 -1.098804 -2.219344
 166.180008 -1.168279 -2.613089
 166.380008 -1.076551 -2.954185
 166.580008 -1.327613 -2.338908
 166.780008 -1.299061 -2.240232
 166.980008 -1.319367 -2.946916
 167.180008 -1.227570 -2.556788
 167.380008 -1.218645 -2.543588
 167.580008 -1.190250 -2.882545
 167.780008 -1.274706 -2.335055
 167.980008 -1.325552 -2.700259
 168.180008 -1.249892 -2.798754
 168.380008 -1.035046 -2.504402
 168.580008 -1.109746 -2.690038
 168.780008 -1.260595 -2.760261
 168.980008 -1.203587 -2.359824
 169.180008 -1.311768 -2.604911
 169.380008 -1.218919 -2.773728
 169.580008 -1.136125 -2.521614
 169.780008 -1.195908 -2.750189
 169.980008 -1.241631 -2.466626
 170.180008 -1.240581 -2.736977
 170.380008 -1.220210 -2.690917
 170.580008 -1.218324 -2.530873
 170.780008 -1.309023 -2.541506
 170.980008 -1.236985 -2.543179
 171.180008 -1.178728 -2.746905
 171.380008 -1.160471 -2.572080
 171.580008 -1.135656 -2.818441
 171.780008 -1.157973 -2.620949
 171.980008 -1.236531 -2.472578
 172.180008 -1.244369 -2.746759
 172.380008 -1.052160 -2.558950
 172.580008 -1.311241 -2.370662
 172.780008 -1.193658 -2.765809
 172.980008 -1.337447 -2.603179
 173.180008 -1.107927 -2.372056
 173.380008 -1.344104 -2.942047
 173.580008 -1.271661 -2.304233
 173.780008 -1.108712 -2.402553
 173.980008 -1.182036 -2.898118
 174.180008 -1.150609 -2.729717
 174.380008 -1.327385 -2.353938
 174.580008 -1.269148 -2.960155
 174.780008 -1.358515 -2.496192
 174.980008 -1.144173 -2.571427
 175.180008 -1.210961 -2.822126
 175.380008 -1.216732 -2.456991
 175.580008 -1.467551 -2.555289
 175.780008 -1.270496 -3.033493
 175.980008 -1.243365 -2.194453
 176.180008 -1.179060 -2.662291
 176.380008 -1.045096 -2.924227
 176.580008 -0.984887 -2.323323
 176.780008 -1.357396 -2.596578
 176.980008 -1.399994 -2.782268
 177.180008 -1.235191 -2.148992
 177.380008 -1.356297 -2.836076
 177.580008 -1.364512 -2.616327
 177.780008 -0.930239 -2.309116
 177.980008 -1.244931 -2.993457
 178.180008 -1.447621 -2.596889
 178.380008 -1.278731 -2.112985
 178.580008 -1.102262 3.070292
 178.780008 -1.216143 -2.453275
 178.980009 -1.094957 -2.319056
 179.180009 -1.081292 -3.080101
 179.380009 -1.284845 -2.605946
 179.580009 -1.275901 -2.270194
 179.780009 -1.299902 -3.044111
 179.980009 -1.222981 -2.562423
 180.180009 -1.114178 -2.334804
 180.380009 -1.141811 -3.065688
 180.580009 -1.345440 -2.706129
 180.780009 -1.153800 -2.254985
 180.980009 -1.202854 -3.057297
 181.180009 -1.131246 -2.762999
 181.380009 -1.141545 -2.239349
 181.580009 -1.163822 -2.893690
 181.780009 -1.116874 -2.679423
 181.980009 -1.269963 -2.475939
 182.180009 -1.255136 -2.724910
 182.380009 -1.259871 -2.629984
 182.580009 -1.114178 -2.350601
 182.780009 -1.226248 -2.912064
 182.980009 -1.243584 -2.454857
 183.180009 -1.113078 -2.385095
 183.380009 -1.090665 -2.970950
 183.580009 -1.160418 -2.710674
 183.780009 -1.064443 -2.479602
 183.980009 -1.249041 -3.017176
 184.180009 -1.295489 -2.699598
 184.380009 -1.405723 -2.699194
 184.580009 -1.236198 -2.733841
 184.780009 -1.149707 -2.543735
 184.980009 -1.081662 -2.738435
 185.180009 -1.130364 -2.866542
 185.380009 -1.219638 -2.325318
 185.580009 -1.354631 -2.613698
 185.780009 -1.200462 -2.752279
 185.980009 -1.084456 -2.495004
 186.180009 -1.203840 -2.682784
 186.380009 -1.329513 -2.682655
 186.580009 -1.294849 -2.320866
 186.780009 -1.225833 -2.701205
 186.980009 -1.285225 -2.659178
 187.180009 -1.078906 -2.315333
 187.380009 -1.432214 -2.763861
 187.580009 -1.107968 -2.912612
 187.780009 -1.250198 -2.184208
 187.980009 -1.245541 -2.809961
 188.180009 -1.209759 -2.688570
 188.380009 -1.097105 -2.440240
 188.580009 -1.228801 -2.916182
 188.780009 -1.412650 -2.586721
 188.980009 -1.264464 -2.563019
 189.180009 -1.139893 -2.855913
 189.380009 -1.218964 -2.507839
 189.580009 -1.171042 -2.459440
 189.780009 -1.228503 -2.909437
 189.980009 -1.241579 -2.410705
 190.180009 -1.275825 -2.512267
 190.380009 -1.098109 -2.816457
 190.580009 -1.282974 -2.441845
 190.780009 -1.260425 -2.622454
 190.980009 -1.304923 -2.697476
 191.180009 -1.238291 -2.292650
 191.380009 -1.077899 -2.643993
 191.580009 -1.121350 -2.854801
 191.780009 -1.115415 -2.492279
 191.980009 -1.080616 -2.714019
 192.180009 -1.425091 -2.803609
 192.380009 -0.900691 -2.596284
 192.580009 -1.237738 -2.850006
 192.780009 -1.249287 -2.639098
 192.980009 -1.358534 -2.482426
 193.180009 -1.237615 -2.942301
 193.380009 -1.183414 -2.435620
 193.580009 -1.283481 -2.692716
 193.780009 -1.199274 -2.680704
 193.980009 -1.221494 -2.501684
 194.180009 -1.410780 -2.668802
 194.380009 -1.128588 -2.693213
 194.580009 -1.414258 -2.558346
 194.780009 -0.819918 -2.723237
 194.980009 -1.241724 -2.586387
 195.180009 -1.132563 -2.674590
 195.380009 -1.322014 -2.741475
 195.580009 -1.228677 -2.616791
 195.780009 -1.148470 -2.498949
 195.980009 -1.191484 -2.862373
 196.180009 -1.189653 -2.686832
 196.380009 -1.340224 -2.471679
 196.580009 -1.390726 -2.658844
 196.780009 -1.208671 -2.616547
 196.980009 -1.157069 -2.729620
 197.180009 -1.165207 -2.689680
 197.380009 -1.393528 -2.833927
 197.580009 -1.282086 -2.420715
 197.780009 -1.240864 -2.784264
 197.980009 -0.971537 -2.760404
 198.180009 -1.315721 -2.553907
 198.380009 -1.265912 -2.796994
 198.580009 -1.274375 -2.883850
 198.780009 -1.132787 -2.545591
 198.980009 -1.214392 -2.906316
 199.180009 -1.130222 -2.614243
 199.380009 -1.073905 -2.573097
 199.580009 -1.073158 -2.793880
 199.780009 -1.299982 -2.543177
 199.980009 -1.270876 -2.506493
