#! FIELDS time phi psi
#! SET max_psi pi
 0.180000 3.027498 2.546867
 0.380000 -2.988660 -2.900257
 0.580000 -3.047287 -3.003399
 0.780000 -3.039335 -3.116445
 0.980000 2.980830 -2.973246
 1.180000 -3.059659 -3.069141
 1.380000 3.110223 -3.058087
 1.580000 -3.042019 3.104086
 1.780000 -2.969799 -2.951122
 1.980000 -3.096224 -2.962448
 2.180000 -3.048162 -2.875316
 2.380000 -2.974939 -3.115685
 2.580000 -2.967189 -3.073917
 2.780000 -3.025856 3.097076
 2.980000 3.130856 -2.989599
 3.180000 -3.000792 -3.091623
 3.380000 -3.061158 3.050959
 3.580000 -3.008086 -3.129539
 3.780000 -3.038054 -3.056856
 3.980000 3.037812 -2.873894
 4.180000 -2.917193 3.093954
 4.380000 3.141493 -2.980948
 4.580000 -2.696668 -2.949207
 4.780000 -3.079704 -2.986231
 4.980000 -2.939226 -3.057257
 5.180000 3.119400 3.069952
 5.380000 -3.101923 -2.730564
 5.580000 -2.997875 2.916093
 5.780000 3.125570 -2.695633
 5.980000 -2.747956 2.724947
 6.180000 3.101078 -2.516356
 6.380000 3.111544 2.892314
 6.580000 -3.080290 -2.988096
 6.780000 -3.012785 3.119769
 6.980000 -2.832390 -2.910183
 7.180000 3.127266 -2.962101
 7.380000 -2.879320 3.081395
 7.580000 -3.062126 -3.033949
 7.780000 -2.915645 -3.109921
 7.980000 -3.083610 -2.887676
 8.180000 -3.054055 2.939279
 8.380000 -2.783276 -2.908993
 8.580000 -2.811022 -3.135724
 8.780000 -2.876641 -2.853826
 8.980000 2.949616 -3.099522
 9.180000 -3.109021 3.032222
 9.380000 3.047531 -2.890759
 9.580000 -2.831897 -2.958208
 9.780000 -3.124548 -2.922243
 9.980000 -2.927578 2.991622
 10.180000 -2.946723 -2.811260
 10.380000 -2.906130 -3.073197
 10.580001 -3.088236 -2.936156
 10.780001 -3.066427 2.977886
 10.980001 -2.973070 -3.016641
 11.180001 -2.879092 -3.001271
 11.380001 3.102959 -3.101994
 11.580001 3.015711 -2.984743
 11.780001 -2.980870 2.913031
 11.980001 2.979340 -2.921053
 12.180001 3.121880 2.859308
 12.380001 3.080102 -2.900690
 12.580001 -2.819588 3.058117
 12.780001 3.002646 3.098742
 12.980001 -3.112716 -3.133549
 13.180001 3.076087 3.076497
 13.380001 -3.069752 -2.896144
 13.580001 -2.930860 3.072725
 13.780001 -2.819542 -2.796284
 13.980001 -2.881945 3.120149
 14.180001 -3.035556 -2.874109
 14.380001 -2.808597 -3.085827
 14.580001 -3.045760 -2.871487
 14.780001 -2.933504 -3.092358
 14.980001 -2.970760 -3.006552
 15.180001 -2.999325 -3.014866
 15.380001 -3.009023 3.117406
 15.580001 -3.031292 -2.974924
 15.780001 3.105559 2.807675
 15.980001 -3.114252 -2.649620
 16.180001 -2.760894 2.911083
 16.380001 -2.988010 -2.835513
 16.580001 -3.076359 2.962776
 16.780001 -3.047947 -2.979753
 16.980001 -3.069228 -3.072839
 17.180001 -2.994544 -3.072946
 17.380001 3.131749 -2.932155
 17.580001 -3.070287 2.862932
 17.780001 -3.110432 -2.479940
 17.980001 -2.899793 2.864811
 18.180001 -3.139821 -2.744979
 18.380001 -3.059187 -2.996742
 18.580001 -2.950079 -3.063041
 18.780001 -2.948212 -2.691870
 18.980001 -2.781732 2.974645
 19.180001 -2.967781 -2.623209
 19.380001 -2.821105 3.060741
 19.580001 -3.134839 -2.696099
 19.780001 -2.916395 2.945822
 19.980001 -2.971759 -2.757881
 20.180001 -2.818076 3.094177
 20.380001 -3.031526 -2.845675
 20.580001 3.103531 3.115533
 20.780001 3.088084 3.110080
 20.980001 3.102527 -2.922642
 21.180001 -2.941429 2.930092
 21.380001 3.136247 -2.798574
 21.580001 -3.003341 2.823072
 21.780001 3.074870 -2.854845
 21.980001 -3.058338 3.054479
 22.180001 -2.932643 -3.014401
 22.380001 -2.924551 -2.973504
 22.580001 -3.024053 3.097046
 22.780001 -3.005846 -2.778963
 22.980001 -2.980192 3.069876
 23.180001 3.061140 -2.891815
 23.380001 -2.889962 3.073405
 23.580001 -2.908220 -2.939301
 23.780001 -2.921158 -2.985674
 23.980001 -3.114103 -3.045777
 24.180001 -3.053060 -2.991770
 24.380001 -2.775091 3.074762
 24.580001 -2.958588 -2.915463
 24.780001 3.090518 3.106359
 24.980001 3.111396 -2.942567
 25.180001 -2.962182 3.109538
 25.380001 -2.843281 -2.892791
 25.580001 -2.864501 -3.086152
 25.780001 -2.922277 -2.946721
 25.980001 -3.012028 -3.104405
 26.180001 3.108028 -2.911737
 26.380001 -3.036529 -3.018851
 26.580001 -2.822926 3.049156
 26.780001 -3.000261 -2.878309
 26.980001 -2.907700 -3.045156
 27.180001 -2.919788 -2.950775
 27.380001 -3.134334 3.124706
 27.580001 -2.909147 -2.988395
 27.780001 -2.896391 -2.986115
 27.980001 3.135696 -2.974172
 28.180001 -3.092957 -3.117828
 28.380001 -3.030154 3.102919
 28.580001 -2.850151 -2.961779
 28.780001 -2.958138 -3.085957
 28.980001 -3.056780 -3.037086
 29.180001 -3.088111 3.018110
 29.380001 -2.959986 -2.938090
 29.580001 -2.924915 3.068313
 29.780001 3.123074 -2.885492
 29.980001 -3.041944 2.913994
 30.180001 -2.913768 -2.818817
 30.380001 3.116415 3.113476
 30.580001 -3.015291 -3.024507
 30.780001 3.080245 -3.018750
 30.980001 -2.938255 3.140271
 31.180001 -3.021767 -2.965716
 31.380001 -2.801380 -3.039191
 31.580001 -3.078854 -3.083759
 31.780002 3.028494 -3.079709
 31.980002 -3.017721 -3.108162
 32.180002 -2.986610 -2.994275
 32.380002 -3.008345 3.110825
 32.580002 -2.953361 -2.886189
 32.780002 -3.013130 3.039237
 32.980002 -2.950656 -2.884635
 33.180002 -3.059659 -3.092571
 33.380002 -2.984848 -2.909947
 33.580002 -2.896606 -2.893750
 33.780002 -2.887613 -3.037101
 33.980002 -2.831316 -2.866009
 34.180002 -2.967628 -2.992706
 34.380002 -2.801389 -2.753537
 34.580002 -3.035709 -3.113816
 34.780002 -2.898457 -2.869703
 34.980002 -3.072738 -3.058446
 35.180002 -2.865469 -2.914865
 35.380002 -2.897188 -2.976792
 35.580002 3.136760 3.099354
 35.780002 -3.057943 -2.948052
 35.980002 -3.024380 3.032439
 36.180002 -3.027312 -2.843349
 36.380002 3.125884 3.013527
 36.580002 -3.074225 -3.000537
 36.780002 -3.081726 3.090848
 36.980002 -2.992502 -3.092762
 37.180002 -3.068100 -2.966450
 37.380002 -3.090719 3.063859
 37.580002 3.043288 -2.881815
 37.780002 -2.973677 3.070412
 37.980002 -3.023176 -2.932573
 38.180002 -2.977494 -3.132912
 38.380002 -3.065091 3.120393
 38.580002 -2.996366 -3.001126
 38.780002 -3.044145 -3.116327
 38.980002 3.087056 -2.978135
 39.180002 -3.029731 2.892175
 39.380002 -3.070608 -2.903461
 39.580002 -2.817952 -3.117774
 39.780002 -2.970935 -2.823619
 39.980002 -3.045105 -3.050422
 40.180002 -3.001212 3.022777
 40.380002 -2.939757 -2.752887
 40.580002 -2.706652 3.087601
 40.780002 -3.086660 -2.868609
 40.980002 -3.061105 2.952340
 41.180002 -3.043445 -2.998252
 41.380002 -2.820843 -2.721201
 41.580002 -2.938716 3.112637
 41.780002 -3.036110 -3.072253
 41.980002 -3.021686 -3.112560
 42.180002 -3.019342 -2.627936
 42.380002 -2.865715 3.011349
 42.580002 -2.974285 -2.996637
 42.780002 -2.922655 -3.055957
 42.980002 -3.101868 -2.887933
 43.180002 -2.915462 3.024873
 43.380002 -3.077741 -2.988368
 43.580002 -2.900681 -2.989334
 43.780002 -3.081325 -3.032622
 43.980002 -2.960867 -2.966880
 44.180002 -3.005960 3.072862
 44.380002 -2.992108 -2.811006
 44.580002 -2.898981 3.128955
 44.780002 3.063114 -2.853086
 44.980002 -2.912576 2.869226
 45.180002 2.986677 -2.643604
 45.380002 -3.032790 2.996051
 45.580002 3.065440 -2.956001
 45.780002 -2.992387 3.035360
 45.980002 -2.956815 -2.956498
 46.180002 -3.031649 -2.959711
 46.380002 -3.071943 3.019035
 46.580002 3.047047 -2.923457
 46.780002 -3.119985 2.965679
 46.980002 -2.984151 -2.727147
 47.180002 -2.781668 2.942517
 47.380002 -3.098365 -2.833558
 47.580002 -3.057881 3.103039
 47.780002 -3.108448 -2.857869
 47.980002 -2.754391 -2.948712
 48.180002 -2.847472 3.109437
 48.380002 -2.892133 -2.878906
 48.580002 -2.968393 -3.093839
 48.780002 -2.946720 -2.792236
 48.980002 -2.940182 -3.092778
 49.180002 -3.015932 -3.026216
 49.380002 -2.874326 -3.048608
 49.580002 -2.967630 -2.939744
 49.780002 -3.042528 -2.977315
 49.980002 -3.104385 -3.019393
 50.180002 -2.850256 -3.109873
 50.380002 -3.003986 3.128639
 50.580002 3.129108 -3.063687
 50.780002 -3.098283 -3.138517
 50.980002 -3.062920 -2.999259
 51.180002 -3.027414 2.972954
 51.380002 -2.963296 -3.046215
 51.580002 -3.116043 -3.127646
 51.780002 -3.030845 -3.106754
 51.980002 2.986837 3.115668
 52.180002 -2.902633 -3.095496
 52.380002 3.064462 -2.991928
 52.580002 -2.874005 -3.068872
 52.780003 3.050293 -2.985414
 52.980003 -2.886005 -2.953628
 53.180003 -3.079931 -3.091063
 53.380003 -2.919484 -2.945538
 53.580003 -3.067213 -3.058491
 53.780003 -2.940403 -3.004433
 53.980003 -2.785985 -3.044265
 54.180003 -3.036605 -2.945154
 54.380003 -2.936515 -3.028401
 54.580003 -3.100810 -3.094817
 54.780003 -3.067372 -3.042438
 54.980003 -3.120734 -3.025876
 55.180003 -3.101541 3.136557
 55.380003 -2.952879 -3.052450
 55.580003 -2.814153 -3.088661
 55.780003 -2.935575 -2.966375
 55.980003 -3.013470 -3.046212
 56.180003 -3.079888 3.128476
 56.380003 -3.124401 -3.088618
 56.580003 -3.064831 3.041679
 56.780003 -3.034470 -2.985745
 56.980003 -2.967788 3.126657
 57.180003 -3.118035 -3.045851
 57.380003 -3.042225 -3.107028
 57.580003 2.962782 3.135690
 57.780003 -3.049793 -3.037112
 57.980003 -3.125481 3.103581
 58.180003 -3.072745 -2.828027
 58.380003 -2.847173 3.018290
 58.580003 -2.978408 -2.807905
 58.780003 -2.937178 3.069046
 58.980003 -3.039745 -2.915425
 59.180003 -3.014506 3.138279
 59.380003 -3.022550 -2.977829
 59.580003 -2.897887 -3.074384
 59.780003 -3.048206 -2.977523
 59.980003 -3.127071 -2.883795
 60.180003 -3.047187 -3.043979
 60.380003 -3.023425 -3.024033
 60.580003 -2.817833 -3.141002
 60.780003 -3.130153 -2.930688
 60.980003 -2.744802 -3.081576
 61.180003 -2.850075 -2.932144
 61.380003 -3.133844 3.130191
 61.580003 -2.982247 3.126865
 61.780003 -3.087316 -2.906972
 61.980003 -2.892843 -2.889997
 62.180003 -3.002273 3.134904
 62.380003 -3.078135 3.089566
 62.580003 -3.125619 3.123046
 62.780003 -3.074159 -2.790714
 62.980003 -2.989536 3.040041
 63.180003 -3.059440 -3.004219
 63.380003 -2.860230 2.925770
 63.580003 -3.032108 -2.829482
 63.780003 -3.101760 3.078911
 63.980003 3.103061 -3.084983
 64.180003 -3.004449 -3.076831
 64.380003 -2.961918 3.133628
 64.580003 -3.028822 -2.887223
 64.780003 -2.885310 -3.106927
 64.980003 -2.950101 -2.895073
 65.180003 -3.026920 3.003663
 65.380003 -2.927262 -2.911252
 65.580003 2.978584 -3.056606
 65.780003 -2.967152 -3.062285
 65.980003 -3.075801 -2.881144
 66.180003 -2.760771 3.125244
 66.380003 -2.890307 -2.920335
 66.580003 -2.969762 3.137558
 66.780003 -3.021613 -2.900791
 66.980003 3.073344 -3.111783
 67.180003 -3.023884 3.043634
 67.380003 -3.110129 -3.096398
 67.580003 -2.918409 3.123562
 67.780003 3.124411 -2.971622
 67.980003 -2.986885 -3.128860
 68.180003 2.921318 -3.024104
 68.380003 -3.022412 2.996657
 68.580003 -3.135727 -2.918715
 68.780003 -2.836535 -2.985117
 68.980003 -3.039603 -3.113293
 69.180003 -2.969697 -3.100880
 69.380003 -3.023274 -3.073446
 69.580003 -2.781429 -2.929503
 69.780003 -3.000460 -3.026360
 69.980003 -2.836460 -2.985631
 70.180003 -3.125185 -3.081760
 70.380003 -3.129713 -3.028179
 70.580003 3.079386 -2.992131
 70.780003 -2.915163 -2.997243
 70.980003 -2.855684 -3.110780
 71.180003 -2.950123 -2.977492
 71.380003 2.982807 3.131042
 71.580003 3.086084 -2.972567
 71.780003 -3.000938 3.102129
 71.980003 -2.876640 -2.998679
 72.180003 -3.061276 3.081902
 72.380003 -3.064751 -2.920306
 72.580003 -3.094068 -3.094853
 72.780003 -2.883770 -2.969374
 72.980003 -2.935034 -3.125532
 73.180003 -2.930413 3.089836
 73.380003 -2.925958 -2.993975
 73.580003 -3.060684 -3.048212
 73.780004 3.072179 -3.120599
 73.980004 3.138756 3.072928
 74.180004 -3.043976 -3.077049
 74.380004 -2.832599 -2.896773
 74.580004 -2.966029 -3.064616
 74.780004 -3.011336 -3.105866
 74.980004 3.108539 3.075076
 75.180004 -3.071405 -3.059944
 75.380004 -2.944319 -3.018853
 75.580004 -3.077296 -3.009498
 75.780004 -2.863374 -3.085055
 75.980004 -3.037247 -3.060416
 76.180004 2.992576 -3.090240
 76.380004 -3.029313 -2.965274
 76.580004 -3.008082 -2.968620
 76.780004 -2.817151 -3.131541
 76.980004 -2.977295 -2.973238
 77.180004 -2.960018 -3.075899
 77.380004 3.105271 -2.918352
 77.580004 -2.985087 -3.078581
 77.780004 -3.126536 -3.046150
 77.980004 -2.891110 -3.096519
 78.180004 -3.117099 -3.002749
 78.380004 3.136982 -3.003986
 78.580004 -2.993173 -3.077263
 78.780004 -3.045389 -3.062362
 78.980004 -3.100884 -3.134139
 79.180004 3.079722 -3.020196
 79.380004 -2.804451 -2.979003
 79.580004 -2.735669 -2.926140
 79.780004 -2.764125 -2.991255
 79.980004 3.117468 -3.070340
 80.180004 -2.951823 -2.942633
 80.380004 -3.063346 -2.927008
 80.580004 -2.896286 -3.026382
 80.780004 -3.021456 3.139499
 80.980004 3.091134 -3.026200
 81.180004 -3.115988 -3.131849
 81.380004 -2.900827 -2.948349
 81.580004 -3.026868 -3.136472
 81.780004 -3.019932 -3.094591
 81.980004 -3.090019 3.119436
 82.180004 -2.986278 3.139386
 82.380004 3.101074 3.068499
 82.580004 -3.014498 3.139985
 82.780004 3.114882 -3.127895
 82.980004 -3.103209 -3.078227
 83.180004 -3.058426 3.074682
 83.380004 -3.132855 -3.084074
 83.580004 3.134311 -3.088718
 83.780004 -3.076464 3.055042
 83.980004 -2.934199 -3.020083
 84.180004 -2.868078 -2.950995
 84.380004 -3.075245 -2.932381
 84.580004 2.981228 -3.007467
 84.780004 -3.005302 -3.013506
 84.980004 -2.880452 -2.969004
 85.180004 -2.762863 -2.840465
 85.380004 -2.809042 -2.890440
 85.580004 -2.992368 -3.060875
 85.780004 3.132236 -2.983872
 85.980004 -3.050409 -3.013701
 86.180004 -2.972740 -2.895304
 86.380004 -2.842928 3.140151
 86.580004 -3.133007 -3.110456
 86.780004 -3.094784 3.107361
 86.980004 -3.100591 -2.984767
 87.180004 -2.915532 3.140540
 87.380004 2.998882 3.117284
 87.580004 -2.993492 3.066146
 87.780004 -2.855792 -2.979039
 87.980004 -2.927656 -2.933697
 88.180004 -2.899774 3.059101
 88.380004 3.015655 -2.866170
 88.580004 -2.917362 2.949591
 88.780004 -2.889772 -2.802358
 88.980004 -2.942566 -3.124271
 89.180004 -3.129046 -2.964263
 89.380004 -2.975239 3.133813
 89.580004 -3.076321 -2.900695
 89.780004 -2.770958 -2.939903
 89.980004 -3.021286 3.123412
 90.180004 -2.946290 -2.975069
 90.380004 -2.898322 3.117937
 90.580004 3.047081 -2.713683
 90.780004 -2.965154 2.996852
 90.980004 2.882191 -2.897943
 91.180004 -2.853289 2.951614
 91.380004 -3.090917 -2.902039
 91.580004 -2.912071 -3.096633
 91.780004 3.119184 -3.004130
 91.980004 3.099598 3.137890
 92.180004 -2.817259 -3.036255
 92.380004 -2.894536 -2.928182
 92.580004 -2.829033 3.091029
 92.780004 3.100770 -2.864114
 92.980004 -2.961274 -3.060435
 93.180004 -2.902827 -2.987695
 93.380004 -2.972705 -3.005534
 93.580004 -2.836276 -3.128807
 93.780004 3.071145 -2.807784
 93.980004 -2.836076 -3.078451
 94.180004 -2.927565 -2.890666
 94.380004 -2.885816 -2.989868
 94.580004 3.083107 3.051919
 94.780005 -3.081838 -2.972437
 94.980005 -2.970027 -3.126261
 95.180005 -2.866126 -2.868272
 95.380005 -2.899673 3.052346
 95.580005 -2.974871 -2.757781
 95.780005 -2.884130 -3.014074
 95.980005 -3.063258 -2.869600
 96.180005 -2.959159 -3.105197
 96.380005 -2.961397 -2.983794
 96.580005 -2.863498 -2.930446
 96.780005 -3.063362 -3.085850
 96.980005 -2.829223 -3.052058
 97.180005 3.137045 3.140048
 97.380005 -3.066488 -2.789778
 97.580005 -2.806061 2.872769
 97.780005 3.124359 -2.879120
 97.980005 -3.088996 2.980366
 98.180005 3.019508 -2.847085
 98.380005 -3.061000 3.090528
 98.580005 -2.835742 -2.948391
 98.780005 -3.121772 -3.120410
 98.980005 -2.992265 -3.116701
 99.180005 3.093439 -2.765285
 99.380005 -3.035805 3.083869
 99.580005 -3.105504 -2.821040
 99.780005 -2.872885 3.021242
 99.980005 -2.963494 -2.935544
 100.180005 -2.887725 -3.079956
 100.380005 -2.915236 -3.048499
 100.580005 -3.100713 -3.105845
 100.780005 -2.953924 -3.043949
 100.980005 3.084902 -3.062969
 101.180005 3.109150 -2.982145
 101.380005 3.135844 3.016430
 101.580005 -3.037583 -2.996770
 101.780005 -2.861075 3.013730
 101.980005 -2.998848 -2.983980
 102.180005 -3.032121 3.101918
 102.380005 3.107987 3.071584
 102.580005 3.124444 -3.123102
 102.780005 -3.039714 -3.056523
 102.980005 -2.957383 -2.957488
 103.180005 -3.065230 -3.111369
 103.380005 -3.047221 -2.990097
 103.580005 -3.122000 -2.982341
 103.780005 -2.886645 -2.823658
 103.980005 -2.822562 -3.052797
 104.180005 -2.997239 -2.999300
 104.380005 -2.933896 -3.101806
 104.580005 -2.915732 -2.745951
 104.780005 -2.948702 3.079121
 104.980005 -3.054180 -2.896806
 105.180005 -2.957268 3.132629
 105.380005 -2.945860 -2.935298
 105.580005 -2.902655 -2.899168
 105.780005 -2.652513 -3.007979
 105.980005 -3.036222 -3.088860
 106.180005 -2.869295 -3.055623
 106.380005 3.110684 -3.010335
 106.580005 3.041604 -3.088844
 106.780005 -2.891645 3.135594
 106.980005 -2.993486 -3.066085
 107.180005 -2.900534 -3.093242
 107.380005 -3.108371 3.119912
 107.580005 -3.110601 -3.132455
 107.780005 -3.018497 -3.079430
 107.980005 -2.908796 -2.981793
 108.180005 -2.891054 -2.997669
 108.380005 -2.842994 -3.007500
 108.580005 -2.995787 -3.075315
 108.780005 -2.954155 -3.048224
 108.980005 -3.102615 -3.066525
 109.180005 -2.961891 -2.958239
 109.380005 -2.855499 -3.058799
 109.580005 -3.050324 -3.037212
 109.780005 -2.996040 3.113421
 109.980005 -3.106571 -2.861313
 110.180005 -3.002713 3.014234
 110.380005 3.113555 -3.005126
 110.580005 -2.972059 -3.074654
 110.780005 -3.096657 3.117656
 110.980005 -3.108127 -2.974040
 111.180005 -2.918080 3.051182
 111.380005 3.101708 -2.969431
 111.580005 -2.941835 2.945368
 111.780005 -3.044936 -2.775124
 111.980005 -2.797883 3.008726
 112.180005 -3.072971 -2.750888
 112.380005 -3.105918 3.080690
 112.580005 -3.053150 -2.835473
 112.780005 -2.889424 3.125587
 112.980005 -3.138086 -2.810702
 113.180005 -2.988281 -3.119189
 113.380005 -2.975131 -3.019267
 113.580005 -2.813428 -2.827573
 113.780005 -2.857430 -3.096024
 113.980005 3.129076 -2.797847
 114.180005 -2.908895 3.008843
 114.380005 -3.050456 -2.727543
 114.580005 -2.641711 -3.107743
 114.780005 3.140241 -2.938864
 114.980005 -3.067592 3.112203
 115.180005 -2.934394 3.102618
 115.380005 -2.996519 -2.816755
 115.580005 -2.828016 3.118058
 115.780005 2.996267 -2.791822
 115.980006 -2.983749 2.887602
 116.180006 -3.044456 -2.697193
 116.380006 -2.752254 -2.968614
 116.580006 -2.661371 -2.775081
 116.780006 -3.022539 -2.953878
 116.980006 -2.848176 -3.129419
 117.180006 3.118696 -2.595866
 117.380006 -2.802449 3.013809
 117.580006 -3.080703 -2.821344
 117.780006 -2.922998 3.001880
 117.980006 -2.970670 -3.007793
 118.180006 -2.827841 -3.120187
 118.380006 -3.139223 -3.126084
 118.580006 3.136864 3.099428
 118.780006 -2.965860 -3.059031
 118.980006 -2.931127 -2.936093
 119.180006 -3.091097 3.090555
 119.380006 -2.992762 -2.920460
 119.580006 -3.116037 -3.129396
 119.780006 -3.013430 -2.883432
 119.980006 -3.024557 3.115627
 120.180006 -2.973014 -3.075213
 120.380006 -3.069155 -2.920678
 120.580006 -2.851907 -3.071194
 120.780006 3.124134 -2.896996
 120.980006 -2.753208 2.799020
 121.180006 3.017500 -2.759955
 121.380006 -2.974514 3.063571
 121.580006 -3.081633 -2.914789
 121.780006 -2.925827 -3.139603
 121.980006 -3.056209 -3.066175
 122.180006 -3.098328 -2.896668
 122.380006 -2.883866 3.044132
 122.580006 3.093329 -2.932628
 122.780006 -2.870605 2.931176
 122.980006 -3.115868 -2.727056
 123.180006 -2.953643 3.077543
 123.380006 3.055734 -2.956948
 123.580006 -2.985148 -2.945197
 123.780006 -2.745992 -3.097285
 123.980006 -3.001913 -2.560993
 124.180006 -2.862850 2.999493
 124.380006 3.012446 -2.815062
 124.580006 -2.911425 -3.063745
 124.780006 -3.021672 -2.822199
 124.980006 -2.802298 -3.105532
 125.180006 -3.123744 3.110656
 125.380006 3.090033 -2.762615
 125.580006 -2.948535 2.832363
 125.780006 -3.101895 -2.783171
 125.980006 -2.823717 2.933099
 126.180006 3.136710 -2.876181
 126.380006 -3.003336 -3.052263
 126.580006 -3.022705 -3.135975
 126.780006 -3.026266 -2.947892
 126.980006 -2.844571 -3.082812
 127.180006 -2.999340 -2.675411
 127.380006 -2.810978 3.086615
 127.580006 -3.059064 -2.799054
 127.780006 -2.969722 -2.989496
 127.980006 -2.872661 -2.915733
 128.180006 -3.093889 -2.770528
 128.380006 -2.737567 3.099280
 128.580006 3.095402 -2.749684
 128.780006 -2.993680 3.091486
 128.980006 -3.127936 -2.952047
 129.180006 -2.999565 3.063812
 129.380006 3.094874 -3.076275
 129.580006 3.116770 -2.929532
 129.780006 -3.104304 2.929329
 129.980006 -2.999139 -2.886867
 130.180006 -3.018379 2.974342
 130.380006 3.103169 -2.911211
 130.580006 -3.078158 2.942278
 130.780006 -3.125828 -2.844142
 130.980006 -2.940019 2.918974
 131.180006 3.101327 -2.849857
 131.380006 -2.871355 3.083589
 131.580006 -2.941726 -2.971807
 131.780006 -2.873969 -3.007325
 131.980006 -3.101985 3.129356
 132.180006 2.997317 -2.603431
 132.380006 -2.942480 3.018382
 132.580006 -2.918599 -2.746162
 132.780006 -2.790772 2.955027
 132.980006 3.103619 -2.863695
 133.180006 -3.092268 2.983656
 133.380006 -3.113282 -2.968023
 133.580006 -2.913385 3.085691
 133.780006 -2.872385 -3.072832
 133.980006 -3.108348 -3.097220
 134.180006 -2.975076 -3.034153
 134.380006 -3.054337 -3.100472
 134.580006 -3.064503 -3.014590
 134.780006 -3.131368 -3.050199
 134.980006 -3.065159 -3.042796
 135.180006 -2.734506 -3.001691
 135.380006 -3.067600 -3.005798
 135.580006 -3.109245 -2.948469
 135.780006 -2.979596 -3.051144
 135.980006 -2.895548 -2.974422
 136.180006 -2.773843 -3.113759
 136.380006 -3.050155 -2.986708
 136.580006 -3.062827 -3.055102
 136.780006 3.083862 -3.084609
 136.980007 -2.955705 -3.099059
 137.180007 -3.056032 3.130755
 137.380007 3.120198 -3.110705
 137.580007 -3.121428 3.128379
 137.780007 -3.017112 -3.083858
 137.980007 3.032694 3.135086
 138.180007 -3.086009 3.107882
 138.380007 -3.135633 -3.022457
 138.580007 -2.941775 3.068429
 138.780007 -3.118888 -3.128853
 138.980007 3.140167 3.003077
 139.180007 3.069138 -3.141011
 139.380007 -3.087966 -3.086273
 139.580007 -3.038230 3.115290
 139.780007 3.098636 -3.051661
 139.980007 -2.941703 -2.988941
 140.180007 -3.041596 -2.977400
 140.380007 -2.819901 -2.842329
 140.580007 -3.044691 -3.082583
 140.780007 -3.022347 -2.948500
 140.980007 -3.132943 -3.086653
 141.180007 -2.901129 -2.766825
 141.380007 -2.817811 -3.013587
 141.580007 -2.846612 -2.955666
 141.780007 -2.872074 -2.870262
 141.980007 -2.892171 -2.997367
 142.180007 -2.945747 -2.735470
 142.380007 -2.999149 3.122885
 142.580007 -3.084871 -2.898147
 142.780007 -3.078425 3.082012
 142.980007 -2.935777 -2.941053
 143.180007 -2.971525 -3.065382
 143.380007 -2.839621 -2.974687
 143.580007 -3.053005 -3.067258
 143.780007 -2.934817 -3.085391
 143.980007 -2.956204 -2.968140
 144.180007 -2.871606 3.021659
 144.380007 3.135972 -3.010797
 144.580007 3.027768 3.000113
 144.780007 3.105043 -3.037025
 144.980007 -3.026700 2.917178
 145.180007 -2.982062 -2.879025
 145.380007 3.049676 -3.078983
 145.580007 -3.010892 -3.090052
 145.780007 3.095396 -3.081644
 145.980007 -2.789527 -3.064816
 146.180007 -3.018619 -2.909318
 146.380007 -2.932376 3.114185
 146.580007 -3.133786 -3.051662
 146.780007 -3.063711 -3.067499
 146.980007 -2.961683 -2.930301
 147.180007 -2.907955 -2.966228
 147.380007 -2.835708 -3.122333
 147.580007 -3.082015 -2.886746
 147.780007 -2.965427 -3.112949
 147.980007 -3.038365 -2.856455
 148.180007 -2.832252 -3.067029
 148.380007 -2.921516 -3.015942
 148.580007 -2.980427 -2.965361
 148.780007 -2.893282 -3.112297
 148.980007 -2.893827 -2.721049
 149.180007 -2.925664 2.991147
 149.380007 -3.041547 -2.833107
 149.580007 -2.909459 -3.072009
 149.780007 -3.116341 -2.848591
 149.980007 -2.999601 -3.125410
 150.180007 -3.108310 -3.074114
 150.380007 -2.711219 -2.951974
 150.580007 -2.981094 -3.093089
 150.780007 -2.980129 -2.817366
 150.980007 -3.031824 3.014009
 151.180007 -3.015125 -2.960910
 151.380007 -2.916562 3.139630
 151.580007 -3.036795 -3.058723
 151.780007 -3.001694 -3.093344
 151.980007 -2.964290 3.106485
 152.180007 -2.914406 -2.831483
 152.380007 -2.919065 -3.065775
 152.580007 -3.048622 -2.883681
 152.780007 -3.012785 -3.097173
 152.980007 -3.085949 -3.016580
 153.180007 -2.966839 -3.022418
 153.380007 -3.032406 -2.995335
 153.580007 -3.035090 3.129994
 153.780007 -3.028988 -3.129402
 153.980007 -2.895192 -2.959589
 154.180007 3.139939 -3.101509
 154.380007 -3.054362 -3.037533
 154.580007 -3.085209 3.113322
 154.780007 -2.694343 -2.912553
 154.980007 -2.907259 -3.051394
 155.180007 -2.882975 -2.910877
 155.380007 -3.041749 -3.015285
 155.580007 -3.120247 -3.014347
 155.780007 -3.137651 -3.023630
 155.980007 -2.885656 -3.075638
 156.180007 -2.937792 -2.965398
 156.380007 -2.907254 -3.126399
 156.580007 -3.137388 -3.030097
 156.780007 -3.058120 -3.050768
 156.980007 -3.018176 -3.046612
 157.180007 -3.064290 -2.938210
 157.380007 -2.703833 -3.136103
 157.580007 -2.921150 -3.025090
 157.780007 -3.071119 -2.913995
 157.980008 -3.134805 -3.071011
 158.180008 -3.117732 -2.881652
 158.380008 -2.912779 3.081777
 158.580008 -2.873426 -2.892273
 158.780008 -3.032772 -3.111624
 158.980008 3.124085 -2.891061
 159.180008 -2.973604 3.062216
 159.380008 -3.012494 -3.009148
 159.580008 -3.005551 -3.073695
 159.780008 -2.824955 -2.975561
 159.980008 -3.109747 -3.025475
 160.180008 -2.994312 3.137873
 160.380008 3.126486 -2.955961
 160.580008 -3.082040 3.084740
 160.780008 -3.031883 -2.887847
 160.980008 -3.008172 -3.133248
 161.180008 -2.840114 -3.014035
 161.380008 -3.042619 -3.009591
 161.580008 -2.972131 -3.089383
 161.780008 -3.126593 -2.905326
 161.980008 -2.788512 -3.073436
 162.180008 -2.895699 -2.808520
 162.380008 -2.979090 -3.090383
 162.580008 -2.970776 -2.970024
 162.780008 -3.054008 -2.930209
 162.980008 -2.866586 -3.074055
 163.180008 3.072907 -2.929044
 163.380008 -2.886765 3.132299
 163.580008 3.053256 -2.804066
 163.780008 -2.777309 3.132268
 163.980008 -2.986780 -2.938357
 164.180008 -2.832628 -3.006463
 164.380008 -3.061434 -3.115376
 164.580008 -3.059515 -2.935021
 164.780008 -3.079510 3.052812
 164.980008 -3.094905 -2.931946
 165.180008 -2.938698 3.040720
 165.380008 -3.042154 -2.957579
 165.580008 -2.973284 3.127195
 165.780008 -3.100269 -3.072799
 165.980008 -3.070199 -3.079379
 166.180008 -2.986293 3.134633
 166.380008 -3.043849 -2.932461
 166.580008 -3.086124 3.121632
 166.780008 3.073446 -3.110710
 166.980008 -3.052988 -3.092719
 167.180008 -2.833617 -2.909627
 167.380008 -2.900148 -3.036327
 167.580008 -2.911980 -3.080424
 167.780008 3.117211 -3.009962
 167.980008 -3.028919 -3.076781
 168.180008 -3.068620 -2.837381
 168.380008 -2.845584 3.137307
 168.580008 -3.126621 -3.092831
 168.780008 -2.934238 -2.995023
 168.980008 -3.115148 -3.108147
 169.180008 3.057271 -3.051407
 169.380008 3.127329 2.960699
 169.580008 -3.053358 -3.043980
 169.780008 -3.038776 3.071966
 169.980008 -3.083636 -3.124013
 170.180008 -3.018339 -3.130455
 170.380008 -3.117351 -3.085718
 170.580008 -3.100073 -2.994626
 170.780008 3.114548 3.065536
 170.980008 -2.835520 -2.982927
 171.180008 -3.038243 3.081281
 171.380008 -2.930725 -2.923570
 171.580008 -2.932965 -3.074504
 171.780008 3.134055 -3.106209
 171.980008 -2.813440 -2.931354
 172.180008 -2.902571 -3.009765
 172.380008 -3.078249 -2.715362
 172.580008 -2.928216 2.893956
 172.780008 -3.004443 -2.563251
 172.980008 -2.891936 3.088301
 173.180008 3.098009 -2.814013
 173.380008 -3.016264 3.108654
 173.580008 -2.905651 -3.105915
 173.780008 -3.053235 -3.012945
 173.980008 -2.913918 -3.106842
 174.180008 2.912566 -3.051454
 174.380008 -3.016379 2.922614
 174.580008 -2.891921 -2.886003
 174.780008 -2.891306 -3.059312
 174.980008 -3.123804 -3.059607
 175.180008 3.066836 3.113915
 175.380008 -2.967464 -3.050056
 175.580008 -2.683241 -2.791777
 175.780008 -2.987643 -2.983048
 175.980008 -2.898123 -2.911610
 176.180008 -3.007455 -3.133330
 176.380008 -2.942168 -2.785351
 176.580008 -2.948753 -3.116311
 176.780008 -2.977269 -2.857963
 176.980008 -3.134372 -3.129981
 177.180008 -3.014681 -3.120729
 177.380008 3.122365 -3.001671
 177.580008 -2.866692 -3.052600
 177.780008 3.031145 3.082217
 177.980008 -3.115645 3.028448
 178.180008 -2.982180 -2.976277
 178.380008 -2.890586 -3.070086
 178.580008 -3.033410 3.119086
 178.780008 3.083582 -3.114196
 178.980009 3.110270 3.137416
 179.180009 -2.989588 -3.003803
 179.380009 -2.860096 3.023927
 179.580009 2.897288 -3.040976
 179.780009 -2.938261 3.130751
 179.980009 -3.030544 -2.980479
 180.180009 -3.050252 -2.975945
 180.380009 -2.941120 -3.126063
 180.580009 3.080502 -2.959039
 180.780009 -2.923255 -3.091752
 180.980009 -2.948614 -2.789529
 181.180009 -2.963383 -3.026056
 181.380009 -3.032762 -3.014604
 181.580009 3.093732 -2.916920
 181.780009 -2.798929 3.139759
 181.980009 -2.855911 -2.816854
 182.180009 -2.669888 -3.031976
 182.380009 -2.945296 -2.949983
 182.580009 -3.138295 -3.038504
 182.780009 -2.872357 -2.996640
 182.980009 -3.055648 -2.994600
 183.180009 -2.847443 -3.048265
 183.380009 -3.046727 -3.014570
 183.580009 -2.928639 3.059240
 183.780009 -3.037307 -2.779351
 183.980009 -2.950195 2.973032
 184.180009 2.930362 -2.779647
 184.380009 -2.936583 3.021406
 184.580009 -3.069669 -2.913550
 184.780009 -2.923611 -3.081760
 184.980009 -2.971794 -3.021524
 185.180009 -3.007999 -3.085584
 185.380009 -2.957074 -3.129985
 185.580009 3.063028 -2.846732
 185.780009 -2.868158 3.059199
 185.980009 3.058056 -2.760142
 186.180009 -3.070828 2.913376
 186.380009 -3.114868 -2.774910
 186.580009 -3.085822 3.084566
 186.780009 -2.937824 -2.992924
 186.980009 -3.060624 -3.095636
 187.180009 -3.087911 -3.055595
 187.380009 -3.123910 -2.951488
 187.580009 3.109489 2.886812
 187.780009 -3.058619 -2.923141
 187.980009 -3.029303 2.990527
 188.180009 -2.971103 -2.831336
 188.380009 3.037661 2.973419
 188.580009 -3.131762 -3.032592
 188.780009 3.132051 2.981508
 188.980009 -2.997835 -2.959675
 189.180009 -3.100790 -3.133109
 189.380009 -3.102325 3.115351
 189.580009 -3.104164 -3.012727
 189.780009 -2.930493 3.119908
 189.980009 -2.963352 -2.720383
 190.180009 -2.892827 -3.071474
 190.380009 -2.873372 -2.881710
 190.580009 -2.969903 -3.014427
 190.780009 -2.949426 -2.862125
 190.980009 -2.861082 -2.817462
 191.180009 -3.064547 2.935224
 191.380009 3.062777 -2.945974
 191.580009 -3.135698 2.919502
 191.780009 -3.092619 -2.823600
 191.980009 -3.056376 2.695487
 192.180009 2.803780 -2.997689
 192.380009 -3.012564 2.894590
 192.580009 -3.139546 -2.846347
 192.780009 -3.069114 2.978349
 192.980009 -2.989308 -3.073811
 193.180009 -3.141590 -2.908298
 193.380009 -2.826566 -3.078082
 193.580009 -2.995250 -2.783090
 193.780009 -2.799573 -3.090413
 193.980009 -3.026644 -2.925286
 194.180009 3.099891 3.100102
 194.380009 3.094072 3.136473
 194.580009 -3.009039 -3.015895
 194.780009 -2.876015 -3.041033
 194.980009 -2.913023 -3.014550
 195.180009 -3.059498 3.131710
 195.380009 -3.015367 -3.061208
 195.580009 -2.846355 -2.959863
 195.780009 -2.982496 -2.976256
 195.980009 -2.960197 -3.081364
 196.180009 3.016327 3.022311
 196.380009 -3.044099 -2.837565
 196.580009 -3.077710 -3.062067
 196.780009 -2.794414 -2.994022
 196.980009 -2.871855 3.074131
 197.180009 -3.134119 -2.964035
 197.380009 -3.081508 -3.039406
 197.580009 -2.982050 -2.983983
 197.780009 3.059449 -3.099188
 197.980009 -2.805214 3.011952
 198.180009 -3.061061 -2.963778
 198.380009 -3.004284 3.052798
 198.580009 3.017769 -2.863991
 198.780009 -3.042171 3.002075
 198.980009 -3.045787 -2.935108
 199.180009 -2.816831 3.100250
 199.380009 -2.928439 -2.752036
 199.580009 -2.935814 -2.978944
 199.780009 -3.043397 -3.057398
 199.980009 -3.006182 -2.922854
