#! FIELDS time phi psi
#! SET max_psi pi
 0.180000 -0.441987 2.552917
 0.380000 -0.355462 1.959531
 0.580000 -0.250160 1.951374
 0.780000 -0.983861 1.857101
 0.980000 -0.136834 1.810345
 1.180000 -0.352869 2.043343
 1.380000 -0.544222 1.613235
 1.580000 0.151939 2.106799
 1.780000 -0.708261 1.630746
 1.980000 -0.265734 2.070547
 2.180000 -0.115468 1.788892
 2.380000 -0.712917 1.833545
 2.580000 -0.276975 1.913081
 2.780000 -0.338918 1.802289
 2.980000 -0.610691 1.906962
 3.180000 -0.358267 1.967045
 3.380000 -0.652138 2.034502
 3.580000 -0.570395 1.755034
 3.780000 -0.342957 2.140520
 3.980000 -0.888258 1.701390
 4.180000 -0.407629 2.088501
 4.380000 -0.475001 1.871174
 4.580000 -0.672369 1.842836
 4.780000 -0.004329 1.831895
 4.980000 -0.454404 1.735510
 5.180000 -0.422549 1.893631
 5.380000 0.012383 1.863999
 5.580000 -0.674925 2.037434
 5.780000 -0.675146 1.878733
 5.980000 -0.334131 2.082069
 6.180000 -0.699171 1.823906
 6.380000 -0.563768 2.177000
 6.580000 -0.422351 1.639862
 6.780000 -0.577946 2.147748
 6.980000 -0.117679 1.793755
 7.180000 -0.372225 1.863061
 7.380000 -0.508182 1.845260
 7.580000 -0.057417 1.788743
 7.780000 -0.287464 1.873346
 7.980000 -0.479104 1.859520
 8.180000 -0.369488 2.031875
 8.380000 -0.738394 1.820969
 8.580000 -0.445861 2.044568
 8.780000 -0.322130 1.778793
 8.980000 -0.632718 2.075839
 9.180000 -0.458443 1.658929
 9.380000 -0.517101 2.217928
 9.580000 -0.457991 1.732656
 9.780000 -0.430637 2.214642
 9.980000 -0.650669 1.806794
 10.180000 -0.573706 2.041312
 10.380000 -0.351689 1.890031
 10.580001 -0.566420 1.871804
 10.780001 -0.412791 1.963780
 10.980001 -0.291311 1.723875
 11.180001 -0.482949 2.096296
 11.380001 -0.481789 1.848490
 11.580001 -0.475302 1.885436
 11.780001 -0.426490 1.794541
 11.980001 -0.268752 2.037154
 12.180001 -0.549224 1.874639
 12.380001 -0.592292 1.906365
 12.580001 -0.419656 1.974288
 12.780001 -0.601554 2.057511
 12.980001 -0.643954 1.828250
 13.180001 -0.646938 1.925797
 13.380001 -0.211285 1.943317
 13.580001 -0.318946 1.913537
 13.780001 -0.602333 1.788999
 13.980001 -0.480104 2.006663
 14.180001 -0.150527 1.819225
 14.380001 -0.397071 1.792298
 14.580001 -0.353083 2.037697
 14.780001 -0.659068 1.859706
 14.980001 -0.722742 2.277765
 15.180001 -0.426505 1.851727
 15.380001 -0.537990 2.118540
 15.580001 -0.592855 1.849439
 15.780001 -0.449501 1.918169
 15.980001 -0.519974 2.110558
 16.180001 -0.456127 1.713966
 16.380001 -0.259050 1.960007
 16.580001 -0.497866 1.801079
 16.780001 -0.473524 2.094292
 16.980001 -0.265747 1.798793
 17.180001 -0.434534 2.002351
 17.380001 -0.291767 1.829059
 17.580001 -0.333136 1.889517
 17.780001 -0.598592 2.089945
 17.980001 -0.335816 1.679552
 18.180001 -0.543084 2.173869
 18.380001 -0.508926 1.811943
 18.580001 -0.450863 2.114819
 18.780001 -0.471022 1.912339
 18.980001 -0.599820 2.033601
 19.180001 -0.530448 1.892389
 19.380001 -0.574653 2.023261
 19.580001 -0.566154 1.977825
 19.780001 -0.248716 1.877919
 19.980001 -0.235363 1.768495
 20.180001 -0.208688 1.749934
 20.380001 -0.200156 1.893555
 20.580001 -0.280841 1.822299
 20.780001 -0.392126 1.944128
 20.980001 -0.507836 1.877445
 21.180001 -0.564404 1.948886
 21.380001 -0.644090 1.980179
 21.580001 -0.519852 2.072228
 21.780001 -0.593328 1.941959
 21.980001 -0.621422 1.919000
 22.180001 -0.539483 1.979032
 22.380001 -0.519484 1.983677
 22.580001 -0.326913 1.959740
 22.780001 -0.520433 1.786770
 22.980001 -0.471934 1.942324
 23.180001 -0.512170 1.856693
 23.380001 -0.313253 1.874970
 23.580001 -0.258585 1.843987
 23.780001 -0.449678 1.771832
 23.980001 -0.257536 1.908485
 24.180001 -0.366199 1.814109
 24.380001 -0.621369 1.998056
 24.580001 -0.626944 1.981511
 24.780001 -0.570064 1.905170
 24.980001 -0.478417 1.906799
 25.180001 -0.465308 1.994308
 25.380001 -0.663918 1.928858
 25.580001 -0.402012 1.884444
 25.780001 -0.333813 1.923499
 25.980001 -0.421589 1.930463
 26.180001 -0.528220 1.965371
 26.380001 -0.410833 1.596212
 26.580001 -0.196267 2.034245
 26.780001 -0.134596 1.883019
 26.980001 -0.510295 1.891939
 27.180001 -0.427391 1.792938
 27.380001 -0.381930 1.914068
 27.580001 -0.445518 1.936614
 27.780001 -0.278392 1.925600
 27.980001 -0.553031 1.801328
 28.180001 -0.559114 1.886758
 28.380001 -0.600751 2.097454
 28.580001 -0.605769 1.872483
 28.780001 -0.513141 1.951607
 28.980001 -0.617264 2.009124
 29.180001 -0.704656 2.137325
 29.380001 -0.626330 2.019655
 29.580001 -0.358705 1.809931
 29.780001 -0.366921 1.718104
 29.980001 -0.447606 1.896080
 30.180001 -0.660226 2.057683
 30.380001 -0.488523 1.936295
 30.580001 -0.433451 1.878657
 30.780001 -0.493100 1.925797
 30.980001 -0.237465 1.866393
 31.180001 -0.197920 1.754370
 31.380001 -0.354229 1.792319
 31.580001 -0.430111 1.933339
 31.780002 -0.459819 1.948645
 31.980002 -0.338096 1.792652
 32.180002 -0.518977 2.019471
 32.380002 -0.616479 1.949696
 32.580002 -0.723832 2.082226
 32.780002 -0.471318 1.893261
 32.980002 -0.496200 1.961685
 33.180002 -0.417484 1.880259
 33.380002 -0.650715 2.094905
 33.580002 -0.560196 1.859964
 33.780002 -0.396295 1.944780
 33.980002 -0.327599 1.750170
 34.180002 -0.463785 1.996032
 34.380002 -0.549678 1.855219
 34.580002 -0.606047 2.040688
 34.780002 -0.372312 1.857936
 34.980002 -0.351685 1.774797
 35.180002 -0.415462 2.040316
 35.380002 -0.245586 1.750946
 35.580002 -0.556278 2.035006
 35.780002 -0.429351 1.845155
 35.980002 -0.462314 2.106843
 36.180002 -0.399849 1.773647
 36.380002 -0.487775 2.065020
 36.580002 -0.647349 1.931265
 36.780002 -0.529894 2.016538
 36.980002 -0.335670 1.941229
 37.180002 -0.414931 1.813122
 37.380002 -0.476717 1.951982
 37.580002 -0.491851 1.886825
 37.780002 -0.347898 1.841874
 37.980002 -0.471496 1.872588
 38.180002 -0.421562 1.974730
 38.380002 -0.465555 1.836010
 38.580002 -0.356098 2.082512
 38.780002 -0.436197 1.844332
 38.980002 -0.524896 2.055210
 39.180002 -0.473833 1.652913
 39.380002 -0.519753 2.108023
 39.580002 -0.160299 1.868812
 39.780002 -0.383850 1.879109
 39.980002 -0.655967 1.892703
 40.180002 -0.259514 1.826451
 40.380002 -0.502571 2.063992
 40.580002 -0.479623 1.789835
 40.780002 -0.368316 1.949596
 40.980002 -0.473665 1.853228
 41.180002 -0.407155 2.055219
 41.380002 -0.318030 1.780075
 41.580002 -0.511516 1.931423
 41.780002 -0.352978 1.827914
 41.980002 -0.584725 2.138561
 42.180002 -0.507395 1.745802
 42.380002 -0.260562 1.998460
 42.580002 -0.583703 1.822007
 42.780002 -0.470974 2.082177
 42.980002 -0.563848 1.942996
 43.180002 -0.538655 1.858838
 43.380002 -0.214490 1.839359
 43.580002 -0.643234 2.143996
 43.780002 -0.390713 1.640441
 43.980002 -0.566935 2.158265
 44.180002 -0.427118 1.824027
 44.380002 -0.357082 1.975046
 44.580002 -0.417034 1.867831
 44.780002 -0.501769 1.889081
 44.980002 -0.372146 1.975830
 45.180002 -0.509977 2.051784
 45.380002 -0.405591 1.869539
 45.580002 -0.413273 1.918416
 45.780002 -0.614806 1.948130
 45.980002 -0.406408 1.897938
 46.180002 -0.536349 2.013937
 46.380002 -0.661069 1.853670
 46.580002 -0.287055 1.897992
 46.780002 -0.357581 1.912863
 46.980002 -0.554711 2.019744
 47.180002 -0.297500 1.682627
 47.380002 -0.325163 1.950046
 47.580002 -0.267629 1.814707
 47.780002 -0.361320 1.938917
 47.980002 -0.367549 1.748417
 48.180002 -0.481310 2.081953
 48.380002 -0.292363 1.903034
 48.580002 -0.690080 1.839941
 48.780002 -0.747149 1.958961
 48.980002 -0.371085 1.885724
 49.180002 -0.583422 2.068152
 49.380002 -0.348351 1.823225
 49.580002 -0.657209 1.982509
 49.780002 -0.460053 1.901347
 49.980002 -0.217144 1.863768
 50.180002 -0.623172 1.809922
 50.380002 -0.577646 2.033423
 50.580002 -0.468541 1.815075
 50.780002 -0.208560 1.957189
 50.980002 -0.356295 1.732607
 51.180002 -0.511176 2.058355
 51.380002 -0.557090 1.922165
 51.580002 -0.403935 1.851821
 51.780002 -0.315310 1.810230
 51.980002 -0.477402 1.843852
 52.180002 -0.689380 2.165627
 52.380002 -0.413859 1.854632
 52.580002 -0.380979 2.006457
 52.780003 -0.624682 1.782830
 52.980003 -0.562732 2.043679
 53.180003 -0.482308 1.795641
 53.380003 -0.509538 1.970803
 53.580003 -0.486289 1.881514
 53.780003 -0.452991 1.977322
 53.980003 -0.434723 1.863079
 54.180003 -0.166651 1.726946
 54.380003 -0.474339 2.057580
 54.580003 -0.408771 1.759554
 54.780003 -0.429107 1.985627
 54.980003 -0.456566 1.731324
 55.180003 -0.362373 2.190197
 55.380003 -0.429641 1.733462
 55.580003 -0.720117 1.948858
 55.780003 -0.363341 1.661953
 55.980003 -0.525590 2.144944
 56.180003 -0.490862 1.884580
 56.380003 -0.598912 2.014039
 56.580003 -0.529551 1.991475
 56.780003 -0.550540 1.954043
 56.980003 -0.771042 1.974620
 57.180003 -0.437415 1.779273
 57.380003 -0.371730 1.986049
 57.580003 -0.436860 1.890953
 57.780003 -0.490015 1.878240
 57.980003 -0.458405 1.989976
 58.180003 -0.120820 1.746957
 58.380003 -0.458344 1.975042
 58.580003 -0.519793 1.756732
 58.780003 -0.469349 1.950012
 58.980003 -0.503379 1.950737
 59.180003 -0.473759 1.840439
 59.380003 -0.521093 1.890514
 59.580003 -0.446514 1.923933
 59.780003 -0.551112 1.949786
 59.980003 -0.705027 1.919831
 60.180003 -0.556666 2.041718
 60.380003 -0.337012 1.765027
 60.580003 -0.388009 1.982997
 60.780003 -0.495895 1.689512
 60.980003 -0.135790 2.016024
 61.180003 -0.723598 1.821945
 61.380003 -0.610960 2.049223
 61.580003 -0.308027 1.934633
 61.780003 -0.523974 1.798914
 61.980003 -0.337006 1.897931
 62.180003 -0.563138 1.873819
 62.380003 -0.537974 2.142526
 62.580003 -0.314640 1.752412
 62.780003 -0.592157 1.930596
 62.980003 -0.350755 1.732336
 63.180003 -0.224386 2.119868
 63.380003 -0.586259 1.553987
 63.580003 -0.325267 2.093533
 63.780003 -0.392981 1.798341
 63.980003 -0.790273 1.953060
 64.180003 -0.048095 1.642393
 64.380003 -0.646651 2.067249
 64.580003 -0.507015 1.901372
 64.780003 -0.374413 1.926269
 64.980003 -0.727807 1.956139
 65.180003 -0.161504 1.633097
 65.380003 -0.635140 2.229533
 65.580003 -0.662570 1.656085
 65.780003 -0.258212 2.121925
 65.980003 -0.456689 1.623540
 66.180003 -0.486995 2.040002
 66.380003 -0.144528 1.668586
 66.580003 -0.667603 1.979666
 66.780003 -0.365791 1.804384
 66.980003 -0.258291 1.969985
 67.180003 -0.681030 1.943985
 67.380003 -0.308237 1.848021
 67.580003 -0.851060 2.105689
 67.780003 -0.579382 1.771470
 67.980003 -0.392223 2.318308
 68.180003 -0.728292 1.581235
 68.380003 -0.521198 2.268275
 68.580003 -0.319412 1.606994
 68.780003 -0.593433 2.215881
 68.980003 -0.158188 1.536600
 69.180003 -0.287679 2.177727
 69.380003 -0.504481 1.700907
 69.580003 -0.191735 2.022717
 69.780003 -0.543444 1.748485
 69.980003 -0.466737 1.960146
 70.180003 -0.408553 1.991206
 70.380003 -0.610197 1.818453
 70.580003 -0.536352 2.200639
 70.780003 -0.392996 1.745511
 70.980003 -0.495646 2.219050
 71.180003 -0.427914 1.596358
 71.380003 -0.412386 2.128955
 71.580003 -0.591610 1.640166
 71.780003 -0.304101 2.127698
 71.980003 -0.562647 1.748758
 72.180003 -0.484942 2.017723
 72.380003 -0.441313 1.843370
 72.580003 -0.512432 2.027086
 72.780003 -0.622116 1.975183
 72.980003 -0.440420 1.882355
 73.180003 -0.574603 2.146812
 73.380003 -0.540794 1.715238
 73.580003 -0.584852 2.334991
 73.780004 -0.527501 1.673378
 73.980004 -0.430828 2.181849
 74.180004 -0.621881 1.669080
 74.380004 -0.608579 2.197336
 74.580004 -0.299275 1.722396
 74.780004 -0.384264 2.104992
 74.980004 -0.562752 1.743126
 75.180004 -0.647414 2.049199
 75.380004 -0.498910 1.878476
 75.580004 -0.482295 1.784991
 75.780004 -0.328756 1.931678
 75.980004 -0.627419 1.799360
 76.180004 -0.417507 2.186253
 76.380004 -0.302261 1.579322
 76.580004 -0.351773 2.006861
 76.780004 -0.148361 1.734853
 76.980004 -0.444932 2.057682
 77.180004 -0.323138 1.618675
 77.380004 -0.417709 2.035149
 77.580004 -0.642458 2.027914
 77.780004 -0.434007 1.766736
 77.980004 -0.613541 2.136580
 78.180004 -0.553068 1.733012
 78.380004 -0.338904 2.170315
 78.580004 -0.526237 1.858121
 78.780004 -0.792282 2.115835
 78.980004 -0.311938 1.729552
 79.180004 -0.529439 2.083650
 79.380004 -0.115850 1.702468
 79.580004 -0.197026 1.844338
 79.780004 -0.565245 1.982333
 79.980004 0.059015 1.730828
 80.180004 -0.449213 2.051615
 80.380004 -0.531267 1.543196
 80.580004 -0.289262 2.078253
 80.780004 -0.322345 1.608265
 80.980004 -0.566811 2.140018
 81.180004 -0.469795 1.828182
 81.380004 -0.691077 2.006386
 81.580004 -0.421314 1.940993
 81.780004 -0.531549 1.972361
 81.980004 -0.625069 1.949992
 82.180004 -0.230943 1.795734
 82.380004 -0.573521 2.067877
 82.580004 -0.472990 1.646823
 82.780004 -0.184478 2.140397
 82.980004 -0.527143 1.564843
 83.180004 -0.435233 2.057951
 83.380004 -0.244870 1.781824
 83.580004 -0.767831 1.961733
 83.780004 -0.226886 1.832306
 83.980004 -0.138532 1.810430
 84.180004 -0.608357 1.947310
 84.380004 -0.433128 1.844814
 84.580004 -0.825373 2.025618
 84.780004 -0.593580 1.803784
 84.980004 -0.201484 2.125591
 85.180004 -0.840167 1.697149
 85.380004 -0.502677 2.130076
 85.580004 -0.497892 1.842591
 85.780004 -0.752015 2.066624
 85.980004 -0.124562 1.647671
 86.180004 -0.752336 2.134023
 86.380004 -0.462303 1.837623
 86.580004 -0.185585 1.932802
 86.780004 -0.664628 1.674647
 86.980004 -0.451588 1.996342
 87.180004 -0.357756 1.988937
 87.380004 -0.838341 1.795320
 87.580004 -0.035428 1.940677
 87.780004 -0.327671 1.676158
 87.980004 -0.823220 2.096809
 88.180004 -0.026899 1.809944
 88.380004 -0.601869 1.909588
 88.580004 -0.658978 1.814268
 88.780004 -0.111741 2.073689
 88.980004 -0.925945 1.791814
 89.180004 -0.439082 2.020592
 89.380004 -0.107940 1.748582
 89.580004 -0.810169 2.037382
 89.780004 -0.426096 1.882096
 89.980004 -0.319976 1.886594
 90.180004 -0.459985 1.814432
 90.380004 0.034732 1.838076
 90.580004 -0.198864 1.822819
 90.780004 -0.705637 1.846092
 90.980004 -0.000641 1.940530
 91.180004 -0.665880 1.883135
 91.380004 -0.711902 1.884926
 91.580004 -0.083561 1.936090
 91.780004 -0.852370 2.058764
 91.980004 -0.301198 1.748024
 92.180004 -0.469777 2.062698
 92.380004 -0.836619 1.870049
 92.580004 -0.210711 1.974613
 92.780004 -0.457668 1.732651
 92.980004 -0.544673 1.816325
 93.180004 0.018796 1.912381
 93.380004 -0.377091 1.749807
 93.580004 -0.505334 1.784601
 93.780004 0.050529 1.928564
 93.980004 -0.568615 1.849649
 94.180004 -0.771445 1.858946
 94.380004 -0.139504 1.885222
 94.580004 -0.776108 1.864224
 94.780005 -0.348835 1.980739
 94.980005 -0.360931 1.803667
 95.180005 -0.898869 2.055054
 95.380005 -0.274874 1.825752
 95.580005 -0.525667 2.013184
 95.780005 -0.628908 1.668416
 95.980005 -0.215825 2.086100
 96.180005 -0.629715 1.738901
 96.380005 -0.584732 1.948721
 96.580005 -0.307816 1.996198
 96.780005 -0.795836 1.768400
 96.980005 -0.270289 1.823623
 97.180005 -0.262041 2.016786
 97.380005 -0.690325 1.898750
 97.580005 -0.276033 1.832840
 97.780005 -0.471540 1.718928
 97.980005 -0.715995 1.873144
 98.180005 -0.164449 2.045670
 98.380005 -0.397686 1.706680
 98.580005 -0.553556 1.950057
 98.780005 0.138203 1.828823
 98.980005 -0.748311 1.951973
 99.180005 -0.524109 1.682713
 99.380005 -0.335874 2.234697
 99.580005 -0.759635 1.698515
 99.780005 -0.564860 2.036706
 99.980005 -0.477489 1.881740
 100.180005 -0.789520 2.064000
 100.380005 -0.336604 1.827706
 100.580005 -0.588630 1.915552
 100.780005 -0.603691 1.874018
 100.980005 -0.222949 1.860113
 101.180005 -0.661015 1.795695
 101.380005 -0.371661 1.932988
 101.580005 -0.107644 1.825481
 101.780005 -0.508683 1.886393
 101.980005 -0.355890 1.772157
 102.180005 -0.426026 1.899910
 102.380005 -0.408512 1.836623
 102.580005 -0.376694 1.890890
 102.780005 -0.676264 1.840401
 102.980005 -0.592671 1.997745
 103.180005 -0.271498 1.927235
 103.380005 -0.754263 1.991673
 103.580005 -0.679702 1.893482
 103.780005 -0.304853 1.851640
 103.980005 -0.493810 1.870373
 104.180005 -0.430457 1.912408
 104.380005 -0.640511 1.977725
 104.580005 -0.518709 1.922580
 104.780005 -0.123319 1.879319
 104.980005 -0.399417 1.751112
 105.180005 -0.466922 1.895089
 105.380005 -0.370928 1.914145
 105.580005 -0.664382 2.042045
 105.780005 -0.447665 1.745177
 105.980005 -0.319487 1.905901
 106.180005 -0.658354 2.028469
 106.380005 -0.457574 1.862866
 106.580005 -0.676703 2.033532
 106.780005 -0.692620 1.834835
 106.980005 -0.175953 1.999990
 107.180005 -0.489049 1.789223
 107.380005 -0.315896 1.942065
 107.580005 -0.154851 1.807277
 107.780005 -0.625767 1.974176
 107.980005 -0.437052 1.738648
 108.180005 -0.377836 2.008935
 108.380005 -0.518292 1.844230
 108.580005 -0.504241 1.994700
 108.780005 -0.607310 1.736561
 108.980005 -0.549417 1.906782
 109.180005 -0.234022 2.093250
 109.380005 -0.649092 1.767777
 109.580005 -0.599542 2.059917
 109.780005 -0.629532 1.804398
 109.980005 -0.740569 2.249316
 110.180005 -0.204109 1.760548
 110.380005 -0.214502 1.897540
 110.580005 -0.685150 1.852203
 110.780005 -0.285580 1.995363
 110.980005 -0.323495 1.746001
 111.180005 -0.589560 1.792149
 111.380005 -0.193966 1.976793
 111.580005 -0.766437 1.700923
 111.780005 -0.400879 1.971895
 111.980005 -0.063937 1.782021
 112.180005 -0.775119 2.144381
 112.380005 -0.573770 1.805925
 112.580005 -0.419716 2.186687
 112.780005 -0.670332 1.797897
 112.980005 -0.439678 2.033604
 113.180005 -0.538281 1.863508
 113.380005 -0.587606 1.943884
 113.580005 -0.036326 1.835743
 113.780005 -0.500013 1.786858
 113.980005 -0.562136 2.015462
 114.180005 -0.242309 1.694362
 114.380005 -0.538681 1.948052
 114.580005 -0.298075 1.868398
 114.780005 -0.414682 1.947441
 114.980005 -0.882238 1.886819
 115.180005 -0.410921 2.111824
 115.380005 -0.733446 1.937418
 115.580005 -0.632305 2.037549
 115.780005 -0.140115 1.884826
 115.980006 -0.822326 1.980785
 116.180006 -0.480886 1.583145
 116.380006 -0.148936 2.027542
 116.580006 -0.444612 1.765254
 116.780006 -0.279820 2.059676
 116.980006 -0.561517 1.752280
 117.180006 -0.545939 2.010513
 117.380006 -0.271730 1.862737
 117.580006 -0.454035 1.772441
 117.780006 -0.633888 2.077127
 117.980006 -0.161378 1.702789
 118.180006 -0.576812 2.173966
 118.380006 -0.461108 1.691879
 118.580006 -0.346445 2.053143
 118.780006 -0.572549 1.641262
 118.980006 -0.570847 2.174249
 119.180006 -0.631992 1.715895
 119.380006 -0.614444 2.219155
 119.580006 -0.324027 1.776782
 119.780006 -0.677187 2.017436
 119.980006 -0.532453 1.953367
 120.180006 -0.161327 1.767072
 120.380006 -0.427878 2.049985
 120.580006 -0.402048 1.669890
 120.780006 -0.317509 2.067315
 120.980006 -0.421552 1.773174
 121.180006 -0.424453 2.184621
 121.380006 -0.470552 1.603260
 121.580006 -0.601406 2.055815
 121.780006 -0.607048 1.868881
 121.980006 -0.505115 1.984469
 122.180006 -0.466569 1.800720
 122.380006 -0.380642 2.105252
 122.580006 -0.600643 1.931764
 122.780006 -0.470435 1.906869
 122.980006 -0.638081 1.977413
 123.180006 -0.600793 1.841543
 123.380006 -0.272976 2.074381
 123.580006 -0.407409 1.618231
 123.780006 -0.648029 2.073123
 123.980006 -0.210133 1.762352
 124.180006 -0.280025 1.979745
 124.380006 -0.403066 1.563564
 124.580006 -0.476004 2.017336
 124.780006 -0.517647 1.936445
 124.980006 -0.395930 1.867805
 125.180006 -0.341108 1.748245
 125.380006 -0.671032 1.938871
 125.580006 -0.490555 2.201382
 125.780006 -0.396171 1.715833
 125.980006 -0.621907 2.085731
 126.180006 -0.388102 1.703913
 126.380006 -0.845479 2.179981
 126.580006 -0.426776 1.733046
 126.780006 -0.080260 2.042376
 126.980006 -0.543376 1.725959
 127.180006 -0.482309 2.036082
 127.380006 -0.190610 1.632300
 127.580006 -0.489808 1.942375
 127.780006 -0.279344 1.960714
 127.980006 -0.499432 1.965441
 128.180006 -0.564664 1.724599
 128.380006 -0.305538 1.912399
 128.580006 -0.845805 2.040265
 128.780006 -0.807251 2.006121
 128.980006 -0.361563 1.960214
 129.180006 -0.526503 1.740551
 129.380006 -0.468074 2.089954
 129.580006 -0.065206 1.637688
 129.780006 -0.347133 1.959744
 129.980006 -0.321763 1.737329
 130.180006 -0.412436 2.122186
 130.380006 -0.473383 1.670621
 130.580006 -0.322026 2.176237
 130.780006 -0.517007 1.815365
 130.980006 -0.741345 2.114038
 131.180006 -0.459668 1.795173
 131.380006 -0.506425 2.053178
 131.580006 -0.506419 1.921927
 131.780006 -0.306599 1.904413
 131.980006 -0.608595 1.846663
 132.180006 -0.315945 1.898256
 132.380006 -0.326914 1.963126
 132.580006 -0.484777 1.725140
 132.780006 -0.322163 2.030470
 132.980006 -0.490702 1.717093
 133.180006 -0.496869 1.912646
 133.380006 -0.474272 2.004564
 133.580006 -0.726830 1.941071
 133.780006 -0.353648 2.003603
 133.980006 -0.369504 1.839382
 134.180006 -0.844202 2.107793
 134.380006 -0.519195 1.822525
 134.580006 -0.483558 2.015886
 134.780006 -0.520993 1.786334
 134.980006 -0.329163 2.002318
 135.180006 -0.396411 1.812478
 135.380006 -0.353914 1.815941
 135.580006 -0.279480 1.993973
 135.780006 -0.466185 1.783618
 135.980006 -0.319052 2.082557
 136.180006 -0.270587 1.705139
 136.380006 -0.642010 2.089367
 136.580006 -0.493189 1.808276
 136.780006 -0.603635 2.074665
 136.980007 -0.410474 1.826801
 137.180007 -0.264438 1.987439
 137.380007 -0.676610 1.880276
 137.580007 -0.504773 1.925957
 137.780007 -0.598972 2.124099
 137.980007 -0.448074 1.620020
 138.180007 -0.361942 2.106214
 138.380007 -0.378529 1.603609
 138.580007 -0.545222 2.216706
 138.780007 -0.390129 1.714808
 138.980007 -0.437692 2.130858
 139.180007 -0.475921 1.719847
 139.380007 -0.460948 2.186975
 139.580007 -0.643235 1.902715
 139.780007 -0.480605 1.990565
 139.980007 -0.396638 1.898741
 140.180007 -0.548688 1.885245
 140.380007 -0.508778 1.957995
 140.580007 -0.482774 1.797532
 140.780007 -0.294289 1.972922
 140.980007 -0.254474 1.731003
 141.180007 -0.640320 2.012962
 141.380007 -0.334590 1.633724
 141.580007 -0.326993 2.105646
 141.780007 -0.426695 1.737112
 141.980007 -0.420832 2.030336
 142.180007 -0.494435 1.746570
 142.380007 -0.643310 1.939875
 142.580007 -0.581752 1.971036
 142.780007 -0.569013 1.901817
 142.980007 -0.405912 2.142429
 143.180007 -0.429417 1.761719
 143.380007 -0.561382 2.088469
 143.580007 -0.318089 1.698964
 143.780007 -0.494760 2.071696
 143.980007 -0.389604 1.737572
 144.180007 -0.162968 1.953444
 144.380007 -0.502725 1.806987
 144.580007 -0.580626 1.951410
 144.780007 -0.348006 2.002836
 144.980007 -0.532968 1.862257
 145.180007 -0.460287 1.826829
 145.380007 -0.453147 1.935132
 145.580007 -0.634811 1.975881
 145.780007 -0.344372 1.864161
 145.980007 -0.496825 2.100404
 146.180007 -0.522625 1.819066
 146.380007 -0.278758 1.892043
 146.580007 -0.640160 1.946367
 146.780007 -0.525851 1.858614
 146.980007 -0.443699 1.997323
 147.180007 -0.573509 1.897199
 147.380007 -0.433260 1.923102
 147.580007 -0.339991 1.901689
 147.780007 -0.408304 1.725373
 147.980007 -0.310806 1.770315
 148.180007 -0.226321 1.943652
 148.380007 -0.603789 1.820345
 148.580007 -0.367207 1.964821
 148.780007 -0.663534 1.951108
 148.980007 -0.575693 1.830324
 149.180007 -0.510495 2.119191
 149.380007 -0.715298 1.883700
 149.580007 -0.422328 1.871471
 149.780007 -0.346783 1.936957
 149.980007 -0.430420 2.028742
 150.180007 -0.339221 1.814952
 150.380007 -0.473626 1.819632
 150.580007 -0.391911 1.861141
 150.780007 -0.200231 2.040226
 150.980007 -0.399132 1.636515
 151.180007 -0.579013 2.049735
 151.380007 -0.435023 1.864041
 151.580007 -0.380003 1.945587
 151.780007 -0.491491 1.989321
 151.980007 -0.446681 1.834289
 152.180007 -0.552977 2.035501
 152.380007 -0.224844 1.810543
 152.580007 -0.323980 1.978861
 152.780007 -0.449929 1.671398
 152.980007 -0.408315 2.108034
 153.180007 -0.558359 1.835212
 153.380007 -0.458641 1.935548
 153.580007 -0.434737 1.871198
 153.780007 -0.504629 1.916125
 153.980007 -0.408833 1.990377
 154.180007 -0.340434 1.846527
 154.380007 -0.647235 1.918798
 154.580007 -0.444380 1.923050
 154.780007 -0.517056 2.038191
 154.980007 -0.496980 1.712356
 155.180007 -0.397258 2.146829
 155.380007 -0.639684 1.785079
 155.580007 -0.386036 1.989913
 155.780007 -0.386051 2.001236
 155.980007 -0.780223 1.850860
 156.180007 -0.376193 2.041620
 156.380007 -0.260706 1.706285
 156.580007 -0.449721 1.937675
 156.780007 -0.154166 1.729786
 156.980007 -0.352104 1.938316
 157.180007 -0.355319 1.784653
 157.380007 -0.324160 2.026223
 157.580007 -0.662900 1.822664
 157.780007 -0.513555 2.078212
 157.980008 -0.345776 1.852559
 158.180008 -0.603235 1.905191
 158.380008 -0.309801 2.012860
 158.580008 -0.477025 1.733016
 158.780008 -0.194212 2.068126
 158.980008 -0.279009 1.589914
 159.180008 -0.476745 2.208160
 159.380008 -0.495379 1.793237
 159.580008 -0.557810 2.067777
 159.780008 -0.512237 1.858168
 159.980008 -0.580884 2.033573
 160.180008 -0.468505 1.936797
 160.380008 -0.536417 1.944896
 160.580008 -0.211835 1.913036
 160.780008 -0.661017 1.843760
 160.980008 -0.449134 2.077924
 161.180008 -0.405716 1.695984
 161.380008 -0.410577 1.959429
 161.580008 -0.250669 1.721396
 161.780008 -0.379019 2.093658
 161.980008 -0.476116 1.793386
 162.180008 -0.429116 2.026293
 162.380008 -0.475539 1.729735
 162.580008 -0.644967 2.002390
 162.780008 -0.404392 2.023317
 162.980008 -0.685832 1.871373
 163.180008 -0.178657 2.044521
 163.380008 -0.638310 1.817314
 163.580008 -0.600976 2.117041
 163.780008 -0.332419 1.648455
 163.980008 -0.510316 2.269504
 164.180008 -0.331712 1.407563
 164.380008 -0.466443 2.375999
 164.580008 -0.505920 1.647487
 164.780008 -0.363897 2.163629
 164.980008 -0.489550 1.646451
 165.180008 -0.796098 2.043666
 165.380008 -0.371261 2.013448
 165.580008 -0.501094 1.895596
 165.780008 -0.486290 2.025966
 165.980008 -0.489646 1.845316
 166.180008 -0.695678 2.083816
 166.380008 -0.344208 1.692313
 166.580008 -0.343330 2.193212
 166.780008 -0.417943 1.496362
 166.980008 -0.407549 2.154293
 167.180008 -0.422977 1.867832
 167.380008 -0.419143 1.939233
 167.580008 -0.366642 1.794055
 167.780008 -0.517201 1.910472
 167.980008 -0.423311 1.934497
 168.180008 -0.365866 1.766614
 168.380008 -0.579405 2.044362
 168.580008 -0.510773 1.756296
 168.780008 -0.493309 1.968375
 168.980008 -0.342489 1.929602
 169.180008 -0.559808 1.899676
 169.380008 -0.563557 1.785708
 169.580008 -0.367768 1.950601
 169.780008 -0.524516 1.878008
 169.980008 -0.500146 1.977711
 170.180008 -0.534966 1.894507
 170.380008 -0.345838 1.872394
 170.580008 -0.313543 1.924826
 170.780008 -0.514999 1.806238
 170.980008 -0.482324 1.927270
 171.180008 -0.262579 1.990224
 171.380008 -0.520302 1.892969
 171.580008 -0.667832 1.927244
 171.780008 -0.508473 2.011660
 171.980008 -0.538620 1.855418
 172.180008 -0.246316 1.950293
 172.380008 -0.558340 1.908161
 172.580008 -0.502925 1.839178
 172.780008 -0.238801 1.899655
 172.980008 -0.516959 1.947453
 173.180008 -0.538045 1.856034
 173.380008 -0.364850 1.870944
 173.580008 -0.210718 1.831783
 173.780008 -0.364731 1.951817
 173.980008 -0.473013 1.906841
 174.180008 -0.583397 1.941034
 174.380008 -0.362337 1.844537
 174.580008 -0.378929 1.973061
 174.780008 -0.608203 2.018317
 174.980008 -0.539421 1.994142
 175.180008 -0.518551 1.846378
 175.380008 -0.532601 2.061565
 175.580008 -0.576885 2.017060
 175.780008 -0.498818 1.907776
 175.980008 -0.632328 1.934066
 176.180008 -0.370147 1.898752
 176.380008 -0.290054 1.880231
 176.580008 -0.498109 1.951286
 176.780008 -0.514086 1.984524
 176.980008 -0.297139 1.879049
 177.180008 -0.355430 1.736386
 177.380008 -0.460790 1.864918
 177.580008 -0.363176 2.031999
 177.780008 -0.551875 1.868830
 177.980008 -0.293150 1.842411
 178.180008 -0.535423 1.950817
 178.380008 -0.516413 2.005069
 178.580008 -0.313870 1.951439
 178.780008 -0.519083 1.832690
 178.980009 -0.632596 1.961531
 179.180009 -0.439649 1.842275
 179.380009 -0.672944 2.023848
 179.580009 -0.482767 1.887882
 179.780009 -0.344739 1.826336
 179.980009 -0.544426 1.802551
 180.180009 -0.028998 2.004618
 180.380009 -0.421609 1.677540
 180.580009 -0.572444 1.930821
 180.780009 -0.147845 1.806428
 180.980009 -0.531831 1.933939
 181.180009 -0.397679 1.884553
 181.380009 -0.328350 1.956570
 181.580009 -0.821289 1.979391
 181.780009 -0.558672 1.975668
 181.980009 -0.534219 2.180517
 182.180009 -0.673537 1.705765
 182.380009 -0.524579 2.226207
 182.580009 -0.479143 1.638837
 182.780009 -0.485738 2.108806
 182.980009 -0.220846 1.626755
 183.180009 -0.518395 2.045659
 183.380009 -0.492192 1.676800
 183.580009 -0.276505 2.095991
 183.780009 -0.589027 1.816127
 183.980009 -0.395581 1.937900
 184.180009 -0.430769 1.918176
 184.380009 -0.574217 1.832380
 184.580009 -0.532174 1.972168
 184.780009 -0.523812 1.711751
 184.980009 -0.418680 2.016940
 185.180009 -0.514816 1.943646
 185.380009 -0.647162 2.066305
 185.580009 -0.603913 1.681782
 185.780009 -0.441273 2.107499
 185.980009 -0.535218 1.832760
 186.180009 -0.408295 1.942088
 186.380009 -0.517108 1.846565
 186.580009 -0.678508 1.989780
 186.780009 -0.322897 1.827142
 186.980009 -0.277669 1.835646
 187.180009 -0.505691 1.875079
 187.380009 -0.301047 1.799270
 187.580009 -0.417364 1.925994
 187.780009 -0.463880 1.733385
 187.980009 -0.209222 2.007022
 188.180009 -0.714507 1.770536
 188.380009 -0.335737 1.984482
 188.580009 -0.417035 1.705522
 188.780009 -0.750306 2.250378
 188.980009 -0.542494 1.600633
 189.180009 -0.679047 2.235638
 189.380009 -0.216281 1.658319
 189.580009 -0.532469 2.189994
 189.780009 -0.784915 1.590830
 189.980009 -0.421977 2.099299
 190.180009 -0.481048 1.897467
 190.380009 -0.676932 2.013243
 190.580009 -0.441660 1.812757
 190.780009 -0.528275 1.843229
 190.980009 -0.469847 2.023917
 191.180009 -0.090436 1.757589
 191.380009 -0.671324 1.963617
 191.580009 -0.093542 1.685076
 191.780009 -0.065203 1.975290
 191.980009 -0.502620 1.581524
 192.180009 -0.250301 2.054500
 192.380009 -0.395691 1.817454
 192.580009 -0.700116 2.043008
 192.780009 -0.247926 1.837509
 192.980009 -0.551901 1.891730
 193.180009 -0.650755 2.018358
 193.380009 -0.347295 1.901959
 193.580009 -0.688462 1.914268
 193.780009 -0.456399 1.919910
 193.980009 -0.423546 1.924602
 194.180009 -0.641161 1.917931
 194.380009 -0.304657 1.822352
 194.580009 -0.189970 1.751677
 194.780009 -0.512809 2.041313
 194.980009 -0.252773 1.705923
 195.180009 -0.446469 1.926220
 195.380009 -0.315944 1.799575
 195.580009 -0.253369 1.993143
 195.780009 -0.571350 1.882848
 195.980009 -0.448584 1.754987
 196.180009 -0.586233 2.079133
 196.380009 -0.436855 1.810303
 196.580009 -0.369343 2.107942
 196.780009 -0.450857 1.918451
 196.980009 -0.760995 1.988736
 197.180009 -0.236172 1.818203
 197.380009 -0.428374 1.944215
 197.580009 -0.604203 1.872829
 197.780009 -0.165706 1.905554
 197.980009 -0.634481 1.800167
 198.180009 -0.215678 1.941576
 198.380009 -0.483301 1.968227
 198.580009 -0.562263 1.767709
 198.780009 -0.054468 1.878332
 198.980009 -0.637406 1.838019
 199.180009 -0.515586 2.115225
 199.380009 -0.277266 1.775865
 199.580009 -0.532141 1.908582
 199.780009 -0.422382 1.922412
 199.980009 -0.589375 2.085803
