#! FIELDS time phi psi
#! SET max_psi pi
 0.180000 0.507389 -1.312222
 0.380000 0.641774 -0.927575
 0.580000 -0.049319 -1.477693
 0.780000 0.638270 -1.249034
 0.980000 0.749600 -1.233997
 1.180000 0.240502 -1.326816
 1.380000 0.686437 -1.134797
 1.580000 0.726702 -1.386374
 1.780000 -0.103208 -1.054490
 1.980000 -0.026254 -1.495990
 2.180000 0.972928 -1.029020
 2.380000 0.649967 -1.392719
 2.580000 0.105916 -1.226996
 2.780000 0.503364 -1.470285
 2.980000 0.913435 -1.008977
 3.180000 0.332336 -1.593792
 3.380000 0.137419 -0.957801
 3.580000 0.788529 -1.476379
 3.780000 0.697605 -1.164428
 3.980000 0.392358 -1.288002
 4.180000 0.448207 -1.238524
 4.380000 0.742269 -1.279592
 4.580000 0.545024 -1.425625
 4.780000 0.479248 -0.949245
 4.980000 0.398182 -1.554256
 5.180000 0.748029 -1.090239
 5.380000 0.593790 -1.594976
 5.580000 0.100345 -1.037098
 5.780000 0.630446 -1.419045
 5.980000 0.739922 -1.050673
 6.180000 0.350969 -1.466549
 6.380000 0.036172 -1.282465
 6.580000 0.529933 -1.271051
 6.780000 0.768910 -1.265867
 6.980000 0.299886 -1.472044
 7.180000 0.384394 -1.181422
 7.380000 0.830475 -1.129251
 7.580000 0.461418 -1.369478
 7.780000 0.099314 -1.063564
 7.980000 0.690006 -1.532383
 8.180000 0.741690 -0.977276
 8.380000 0.357576 -1.552145
 8.580000 0.489820 -1.038523
 8.780000 0.667579 -1.458270
 8.980000 0.743211 -1.211584
 9.180000 0.602661 -1.478678
 9.380000 0.531754 -1.196504
 9.580000 0.671641 -1.253985
 9.780000 0.691316 -1.447938
 9.980000 0.469928 -1.082257
 10.180000 0.507078 -1.438226
 10.380000 0.697307 -1.201191
 10.580001 0.511640 -1.381048
 10.780001 0.460696 -1.084908
 10.980001 0.350297 -1.356241
 11.180001 0.671723 -1.149774
 11.380001 0.601460 -1.313387
 11.580001 0.194656 -1.223516
 11.780001 0.534908 -1.131310
 11.980001 0.559116 -1.356004
 12.180001 0.175389 -1.238759
 12.380001 0.755310 -1.201772
 12.580001 0.619605 -1.384930
 12.780001 0.378848 -1.133174
 12.980001 0.721323 -1.525518
 13.180001 0.820890 -1.259954
 13.380001 0.518574 -1.262206
 13.580001 0.566368 -1.347052
 13.780001 0.630917 -1.471386
 13.980001 0.779708 -1.220497
 14.180001 0.489788 -1.267964
 14.380001 0.396973 -1.382803
 14.580001 0.757866 -1.188774
 14.780001 0.620996 -1.326769
 14.980001 0.400060 -1.260609
 15.180001 0.433198 -1.415293
 15.380001 0.486282 -1.017010
 15.580001 0.586478 -1.291559
 15.780001 -0.001189 -1.267375
 15.980001 0.198014 -1.151984
 16.180001 0.783799 -1.161020
 16.380001 0.320529 -1.257071
 16.580001 0.298527 -1.248392
 16.780001 0.744251 -1.343301
 16.980001 0.879312 -1.289713
 17.180001 0.477802 -1.503626
 17.380001 0.602769 -1.166258
 17.580001 0.660230 -1.349808
 17.780001 0.611774 -1.186353
 17.980001 0.627122 -1.430218
 18.180001 0.533032 -1.222603
 18.380001 0.542163 -1.175077
 18.580001 0.488582 -1.409854
 18.780001 0.593636 -1.191530
 18.980001 0.481973 -1.270567
 19.180001 0.367505 -1.139576
 19.380001 0.665880 -1.370866
 19.580001 0.732792 -1.365573
 19.780001 0.494937 -1.276235
 19.980001 0.493629 -1.410942
 20.180001 0.789080 -1.172868
 20.380001 0.735141 -1.448620
 20.580001 0.221028 -1.232083
 20.780001 0.219466 -1.244579
 20.980001 0.784240 -1.076571
 21.180001 0.582235 -1.498285
 21.380001 0.262810 -1.195136
 21.580001 0.571863 -1.357614
 21.780001 0.659289 -1.113406
 21.980001 0.246477 -1.308371
 22.180001 0.594392 -1.403991
 22.380001 0.828119 -1.200027
 22.580001 0.432832 -1.300463
 22.780001 0.331730 -1.224330
 22.980001 0.723189 -1.403541
 23.180001 0.660370 -1.149609
 23.380001 0.329811 -1.534048
 23.580001 0.419996 -1.142670
 23.780001 0.791092 -1.352206
 23.980001 0.508304 -1.157159
 24.180001 0.529604 -1.419873
 24.380001 0.762993 -1.142946
 24.580001 0.577186 -1.235380
 24.780001 0.259840 -1.367816
 24.980001 0.590878 -1.231499
 25.180001 0.489606 -1.241616
 25.380001 0.294259 -1.242737
 25.580001 0.456814 -1.352614
 25.780001 0.477637 -1.141511
 25.980001 0.737791 -1.262071
 26.180001 0.417095 -1.567370
 26.380001 0.699448 -1.028776
 26.580001 0.535101 -1.300169
 26.780001 0.199762 -1.324543
 26.980001 0.321031 -1.144453
 27.180001 0.674737 -1.205136
 27.380001 0.189791 -1.132073
 27.580001 0.204608 -1.310849
 27.780001 0.548718 -1.233694
 27.980001 0.645877 -1.203847
 28.180001 0.314652 -1.439522
 28.380001 0.316014 -1.124835
 28.580001 0.843425 -1.222715
 28.780001 0.657448 -1.384177
 28.980001 0.355636 -1.376894
 29.180001 0.549494 -1.213536
 29.380001 0.691846 -1.145987
 29.580001 0.431374 -1.472768
 29.780001 0.403484 -1.241895
 29.980001 0.676918 -1.123974
 30.180001 0.665901 -1.455894
 30.380001 0.296790 -1.200101
 30.580001 0.408546 -1.189160
 30.780001 0.638476 -1.197219
 30.980001 0.473555 -1.267936
 31.180001 0.351470 -1.312408
 31.380001 0.859268 -1.109792
 31.580001 0.589915 -1.374527
 31.780002 0.178997 -1.278473
 31.980002 0.623507 -1.257652
 32.180002 0.825484 -1.346970
 32.380002 0.506022 -1.350502
 32.580002 0.482018 -1.400893
 32.780002 0.844378 -1.226832
 32.980002 0.882960 -1.368052
 33.180002 0.417751 -1.420305
 33.380002 0.376222 -1.229000
 33.580002 0.653896 -1.071130
 33.780002 0.423914 -1.376317
 33.980002 0.458923 -1.309828
 34.180002 0.577054 -1.271087
 34.380002 0.345285 -1.187465
 34.580002 0.377886 -1.356648
 34.780002 0.582379 -1.344909
 34.980002 0.677746 -1.106722
 35.180002 0.712842 -1.446013
 35.380002 0.312203 -1.340541
 35.580002 0.560283 -1.224783
 35.780002 0.873640 -1.209105
 35.980002 0.394632 -1.457679
 36.180002 0.480999 -1.232483
 36.380002 0.760136 -1.229058
 36.580002 0.548375 -1.224139
 36.780002 0.473663 -1.489917
 36.980002 0.487033 -1.204187
 37.180002 0.621579 -1.128804
 37.380002 0.564010 -1.373650
 37.580002 0.320516 -1.114264
 37.780002 0.657590 -1.463683
 37.980002 0.670755 -1.060705
 38.180002 0.253765 -1.439834
 38.380002 0.633610 -1.101076
 38.580002 0.874302 -1.419663
 38.780002 0.454793 -1.128307
 38.980002 0.400493 -1.493392
 39.180002 0.755571 -1.167007
 39.380002 0.400500 -1.183824
 39.580002 0.413843 -1.457223
 39.780002 0.617426 -1.117039
 39.980002 0.711794 -1.325790
 40.180002 0.449381 -1.380194
 40.380002 0.362039 -1.252860
 40.580002 0.628641 -1.227766
 40.780002 0.689188 -1.294068
 40.980002 0.163443 -1.383730
 41.180002 0.644098 -1.136089
 41.380002 0.589179 -1.322912
 41.580002 0.305319 -1.170403
 41.780002 0.568847 -1.450466
 41.980002 0.930750 -1.252253
 42.180002 0.241389 -1.289658
 42.380002 0.249007 -1.228007
 42.580002 0.724347 -1.317901
 42.780002 0.633309 -1.161279
 42.980002 0.123095 -1.360420
 43.180002 0.333608 -1.027675
 43.380002 0.653220 -1.287716
 43.580002 0.399277 -1.257085
 43.780002 0.285890 -1.311127
 43.980002 0.584642 -1.144329
 44.180002 0.815793 -1.326287
 44.380002 0.203401 -1.188216
 44.580002 0.531052 -1.405538
 44.780002 0.836991 -1.289531
 44.980002 0.832332 -1.478020
 45.180002 0.433987 -1.197961
 45.380002 0.439986 -1.352247
 45.580002 0.675753 -1.183948
 45.780002 0.350316 -1.452407
 45.980002 0.250082 -0.988998
 46.180002 0.470835 -1.355511
 46.380002 0.654581 -1.009290
 46.580002 0.669448 -1.637876
 46.780002 0.589054 -1.088037
 46.980002 0.637665 -1.408503
 47.180002 0.661851 -1.140403
 47.380002 0.521801 -1.454812
 47.580002 0.818558 -1.307141
 47.780002 0.712916 -1.320953
 47.980002 0.295929 -1.381499
 48.180002 0.610337 -1.156660
 48.380002 0.550506 -1.331720
 48.580002 0.338122 -1.182852
 48.780002 0.386878 -1.539318
 48.980002 0.534951 -1.028736
 49.180002 0.559150 -1.385161
 49.380002 0.109481 -1.083951
 49.580002 0.422346 -1.338065
 49.780002 0.701001 -1.159533
 49.980002 0.449568 -1.374285
 50.180002 0.052597 -1.197960
 50.380002 0.729526 -1.261596
 50.580002 0.880993 -1.225701
 50.780002 0.014424 -1.329918
 50.980002 0.411584 -1.259554
 51.180002 0.866630 -1.248653
 51.380002 0.577117 -1.247712
 51.580002 0.395083 -1.372023
 51.780002 0.624838 -1.310934
 51.980002 0.797133 -1.101539
 52.180002 0.271462 -1.504269
 52.380002 0.556386 -1.273274
 52.580002 0.912715 -1.383023
 52.780003 0.434932 -1.223841
 52.980003 0.493119 -1.297191
 53.180003 0.936431 -1.459507
 53.380003 0.609721 -1.203220
 53.580003 0.376488 -1.538812
 53.780003 0.714403 -1.196886
 53.980003 0.779463 -1.473138
 54.180003 0.480267 -1.231925
 54.380003 0.494845 -1.245387
 54.580003 0.554155 -1.287544
 54.780003 0.582548 -1.227140
 54.980003 0.398467 -1.328322
 55.180003 0.366866 -1.036926
 55.380003 0.578034 -1.302065
 55.580003 0.401608 -1.161066
 55.780003 0.231923 -1.261030
 55.980003 0.613584 -1.277972
 56.180003 0.533613 -1.145866
 56.380003 0.124458 -1.273847
 56.580003 0.492857 -1.199086
 56.780003 0.544882 -1.287994
 56.980003 0.593109 -1.183289
 57.180003 0.417531 -1.256737
 57.380003 0.459656 -1.294823
 57.580003 0.792976 -1.279817
 57.780003 0.631769 -1.405327
 57.980003 0.552182 -1.253340
 58.180003 0.584738 -1.485832
 58.380003 0.709549 -1.183735
 58.580003 0.725373 -1.508314
 58.780003 0.529676 -1.127635
 58.980003 0.489057 -1.505313
 59.180003 0.644931 -1.147103
 59.380003 0.575012 -1.493398
 59.580003 0.615932 -1.171826
 59.780003 0.669647 -1.400985
 59.980003 0.601276 -1.253777
 60.180003 0.417554 -1.332985
 60.380003 0.587155 -1.320241
 60.580003 0.423769 -1.084947
 60.780003 0.346009 -1.277504
 60.980003 0.593054 -1.095945
 61.180003 0.615544 -1.391161
 61.380003 0.543670 -1.248255
 61.580003 0.522767 -1.199172
 61.780003 0.617577 -1.313478
 61.980003 0.698269 -1.174248
 62.180003 0.529332 -1.338646
 62.380003 0.699886 -1.255891
 62.580003 0.440721 -1.293060
 62.780003 0.586701 -1.186690
 62.980003 0.619633 -1.346532
 63.180003 0.496333 -1.347076
 63.380003 0.732655 -1.231090
 63.580003 0.326503 -1.191972
 63.780003 0.532650 -1.252567
 63.980003 0.665094 -1.372776
 64.180003 0.769494 -1.132717
 64.380003 0.506643 -1.453173
 64.580003 0.325236 -1.059104
 64.780003 0.701191 -1.304238
 64.980003 0.596024 -1.243515
 65.180003 0.432463 -1.122939
 65.380003 0.663446 -1.333139
 65.580003 0.519242 -1.210288
 65.780003 0.255885 -1.381002
 65.980003 0.762728 -1.107302
 66.180003 0.416521 -1.280982
 66.380003 0.276855 -1.153880
 66.580003 0.769302 -1.485177
 66.780003 0.742829 -1.221604
 66.980003 0.518670 -1.339866
 67.180003 0.436809 -1.358722
 67.380003 0.734737 -1.360770
 67.580003 0.768192 -1.161712
 67.780003 0.323133 -1.353055
 67.980003 0.298790 -1.213018
 68.180003 0.697550 -1.336358
 68.380003 0.499972 -1.103327
 68.580003 0.524845 -1.434257
 68.780003 0.476579 -1.234232
 68.980003 0.664576 -1.110476
 69.180003 0.404590 -1.285099
 69.380003 0.036464 -1.094873
 69.580003 0.723622 -1.484394
 69.780003 0.354290 -1.007200
 69.980003 -0.012993 -1.418518
 70.180003 0.753154 -1.092159
 70.380003 0.638153 -1.366890
 70.580003 -0.002926 -1.221906
 70.780003 0.396359 -1.200260
 70.980003 0.917255 -1.199814
 71.180003 0.313074 -1.305824
 71.380003 0.292978 -1.072468
 71.580003 0.734160 -1.419690
 71.780003 0.843657 -1.127836
 71.980003 0.125233 -1.345173
 72.180003 0.673455 -1.260909
 72.380003 0.706295 -1.218888
 72.580003 -0.011859 -1.340122
 72.780003 0.711510 -1.093017
 72.980003 0.780415 -1.326032
 73.180003 -0.105640 -1.153201
 73.380003 0.253841 -1.368823
 73.580003 0.448234 -0.875858
 73.780004 0.318204 -1.272939
 73.980004 0.224084 -1.286935
 74.180004 0.580269 -1.327173
 74.380004 0.556130 -1.279547
 74.580004 0.382865 -1.290083
 74.780004 0.305571 -1.361589
 74.980004 0.923260 -1.291748
 75.180004 0.576259 -1.319017
 75.380004 0.436976 -1.253112
 75.580004 0.594774 -1.347410
 75.780004 0.740848 -1.089380
 75.980004 0.329619 -1.337111
 76.180004 0.142234 -1.303152
 76.380004 0.668511 -1.195499
 76.580004 0.747268 -1.259755
 76.780004 0.242041 -1.266040
 76.980004 0.576489 -1.427605
 77.180004 0.989483 -1.002117
 77.380004 0.374217 -1.402112
 77.580004 0.611679 -1.240752
 77.780004 0.652515 -1.479705
 77.980004 0.685758 -1.076141
 78.180004 0.436468 -1.519406
 78.380004 0.572816 -1.196898
 78.580004 0.767438 -1.548202
 78.780004 0.392203 -1.133012
 78.980004 0.485969 -1.552056
 79.180004 0.720894 -1.074741
 79.380004 0.495716 -1.315427
 79.580004 0.048883 -1.226203
 79.780004 0.495206 -1.229856
 79.980004 0.622827 -1.026673
 80.180004 0.275347 -1.450958
 80.380004 0.363811 -1.102485
 80.580004 0.649654 -1.372140
 80.780004 0.630680 -1.191119
 80.980004 0.375620 -1.369647
 81.180004 0.711976 -1.215116
 81.380004 0.535009 -1.323164
 81.580004 0.499266 -1.335198
 81.780004 0.836877 -1.075910
 81.980004 0.629340 -1.527132
 82.180004 0.534294 -1.130066
 82.380004 0.761198 -1.625806
 82.580004 0.602752 -1.130011
 82.780004 0.520166 -1.313506
 82.980004 0.306936 -1.381623
 83.180004 0.620432 -1.245574
 83.380004 0.640793 -1.212226
 83.580004 0.248220 -1.296343
 83.780004 0.443686 -1.383606
 83.980004 0.754129 -1.133248
 84.180004 0.142945 -1.195207
 84.380004 0.272981 -1.164717
 84.580004 0.853443 -1.364352
 84.780004 0.387998 -1.005547
 84.980004 0.173694 -1.526082
 85.180004 0.679992 -1.091243
 85.380004 0.566566 -1.230430
 85.580004 0.225194 -1.280868
 85.780004 0.523951 -1.256405
 85.980004 0.474172 -1.132591
 86.180004 0.529934 -1.246011
 86.380004 0.511815 -1.394483
 86.580004 0.563248 -1.235873
 86.780004 0.411122 -1.289383
 86.980004 0.420221 -1.265329
 87.180004 0.974347 -1.265404
 87.380004 0.455382 -1.287301
 87.580004 0.235626 -1.286994
 87.780004 0.854956 -1.413453
 87.980004 0.881637 -1.207491
 88.180004 0.224442 -1.486555
 88.380004 0.687981 -1.112731
 88.580004 0.767661 -1.380663
 88.780004 0.629630 -1.330852
 88.980004 0.699045 -1.330696
 89.180004 0.447387 -1.179804
 89.380004 0.670640 -1.341268
 89.580004 0.575697 -1.490776
 89.780004 0.557804 -1.063356
 89.980004 0.536053 -1.383944
 90.180004 0.420604 -1.178327
 90.380004 0.497589 -1.362179
 90.580004 0.709360 -1.123537
 90.780004 0.472373 -1.212406
 90.980004 0.476813 -1.383526
 91.180004 0.577693 -1.227406
 91.380004 0.657981 -1.266499
 91.580004 0.452561 -1.300114
 91.780004 0.357420 -1.306107
 91.980004 0.673751 -1.220188
 92.180004 0.548667 -1.167812
 92.380004 0.125965 -1.127583
 92.580004 0.668453 -1.502956
 92.780004 0.701741 -1.233142
 92.980004 0.349524 -1.424482
 93.180004 0.435228 -1.172584
 93.380004 0.582135 -1.325754
 93.580004 0.863673 -1.340404
 93.780004 0.372870 -1.341359
 93.980004 0.384057 -1.320499
 94.180004 0.805896 -1.229353
 94.380004 0.479012 -1.306513
 94.580004 0.367396 -1.324038
 94.780005 0.497419 -1.172596
 94.980005 0.534887 -1.004885
 95.180005 0.296526 -1.436808
 95.380005 0.325425 -1.215318
 95.580005 0.584703 -1.195288
 95.780005 0.649744 -1.373038
 95.980005 0.418845 -1.217869
 96.180005 0.703944 -1.264520
 96.380005 0.787166 -1.351561
 96.580005 0.299217 -1.413204
 96.780005 0.884306 -1.243405
 96.980005 0.792064 -1.492465
 97.180005 0.450720 -1.215331
 97.380005 0.613293 -1.445262
 97.580005 0.770530 -1.100520
 97.780005 0.314644 -1.343853
 97.980005 0.171142 -1.365400
 98.180005 0.616613 -1.123942
 98.380005 0.528561 -1.121098
 98.580005 0.033067 -1.365189
 98.780005 0.125081 -1.128354
 98.980005 0.679769 -1.249882
 99.180005 0.301014 -1.315318
 99.380005 0.275731 -1.117194
 99.580005 0.672307 -1.330054
 99.780005 0.622864 -1.273173
 99.980005 0.354165 -1.176668
 100.180005 0.661683 -1.299001
 100.380005 0.608162 -1.184581
 100.580005 0.019375 -1.342114
 100.780005 0.309619 -0.998332
 100.980005 0.643875 -1.312784
 101.180005 0.538650 -1.297077
 101.380005 0.313370 -1.181758
 101.580005 0.516143 -1.385533
 101.780005 0.630666 -0.999883
 101.980005 0.401343 -1.620666
 102.180005 0.543310 -1.061564
 102.380005 0.864629 -1.521015
 102.580005 0.678430 -1.168429
 102.780005 0.405490 -1.458403
 102.980005 0.722669 -1.148099
 103.180005 0.726487 -1.344774
 103.380005 0.358042 -1.397216
 103.580005 0.732963 -1.160928
 103.780005 0.613264 -1.320448
 103.980005 0.587772 -1.138153
 104.180005 0.453215 -1.498997
 104.380005 0.810796 -1.265072
 104.580005 0.602172 -1.287647
 104.780005 0.019545 -1.372372
 104.980005 0.601233 -1.188193
 105.180005 0.621355 -1.268749
 105.380005 0.209589 -1.301314
 105.580005 0.468492 -1.258371
 105.780005 0.857007 -1.223133
 105.980005 0.345560 -1.124778
 106.180005 0.349360 -1.370072
 106.380005 0.825785 -1.340667
 106.580005 0.641732 -1.174884
 106.780005 0.009277 -1.381775
 106.980005 0.723899 -1.320115
 107.180005 0.723300 -1.380208
 107.380005 0.324623 -0.964712
 107.580005 0.582456 -1.562414
 107.780005 0.785659 -1.210219
 107.980005 0.545004 -1.241233
 108.180005 0.413631 -1.400400
 108.380005 0.496815 -1.170429
 108.580005 0.583971 -1.141128
 108.780005 0.410988 -1.350644
 108.980005 0.315874 -1.336393
 109.180005 0.627592 -1.112021
 109.380005 0.518149 -1.218572
 109.580005 0.309167 -1.210920
 109.780005 0.753451 -1.362187
 109.980005 0.705312 -1.090668
 110.180005 0.336804 -1.391109
 110.380005 0.604999 -1.290726
 110.580005 0.753236 -1.375828
 110.780005 0.603510 -1.179975
 110.980005 0.505509 -1.437583
 111.180005 0.512590 -1.138259
 111.380005 0.745840 -1.203590
 111.580005 0.537855 -1.484459
 111.780005 0.406100 -1.140831
 111.980005 0.650449 -1.368348
 112.180005 0.829516 -1.251795
 112.380005 0.403457 -1.303300
 112.580005 0.602463 -1.155564
 112.780005 0.579492 -1.324141
 112.980005 0.577280 -1.306662
 113.180005 0.534874 -1.179739
 113.380005 0.487526 -1.158848
 113.580005 0.440057 -1.283809
 113.780005 0.400571 -1.421954
 113.980005 0.602032 -0.975051
 114.180005 0.464098 -1.350890
 114.380005 0.464826 -1.217240
 114.580005 0.577220 -1.254789
 114.780005 0.854380 -1.368885
 114.980005 0.571655 -1.284268
 115.180005 0.545581 -1.404404
 115.380005 0.866371 -1.325471
 115.580005 0.616965 -1.390831
 115.780005 0.620831 -1.317453
 115.980006 0.606822 -1.352141
 116.180006 0.521320 -1.281497
 116.380006 0.642881 -1.260181
 116.580006 0.690020 -1.428961
 116.780006 0.555438 -1.144452
 116.980006 0.548419 -1.485214
 117.180006 0.741539 -1.223602
 117.380006 0.631470 -1.350758
 117.580006 0.627670 -1.220450
 117.780006 0.553634 -1.409323
 117.980006 0.369697 -1.261453
 118.180006 0.509102 -1.118569
 118.380006 0.411683 -1.239737
 118.580006 0.466910 -1.196714
 118.780006 0.338703 -1.428746
 118.980006 0.408623 -1.093739
 119.180006 0.517408 -1.399563
 119.380006 0.640496 -1.153149
 119.580006 0.714796 -1.432472
 119.780006 0.476981 -1.257762
 119.980006 0.390807 -1.313264
 120.180006 0.901300 -1.296473
 120.380006 0.658104 -1.350995
 120.580006 0.460733 -1.302169
 120.780006 0.693614 -1.159177
 120.980006 0.758805 -1.449273
 121.180006 0.241873 -1.097640
 121.380006 0.214743 -1.296359
 121.580006 0.720500 -1.200708
 121.780006 0.350773 -1.173604
 121.980006 0.083799 -1.324348
 122.180006 0.623918 -1.150894
 122.380006 0.440012 -1.305250
 122.580006 0.094653 -1.363999
 122.780006 0.753019 -1.197287
 122.980006 0.558143 -1.138398
 123.180006 0.198228 -1.267851
 123.380006 0.470703 -1.314369
 123.580006 0.760477 -1.139944
 123.780006 0.280536 -1.244745
 123.980006 0.310196 -1.281067
 124.180006 0.645317 -1.263565
 124.380006 0.729462 -1.155084
 124.580006 0.346993 -1.411187
 124.780006 0.684389 -1.223501
 124.980006 0.737885 -1.242326
 125.180006 0.348699 -1.422942
 125.380006 0.598979 -1.183280
 125.580006 0.786099 -1.366293
 125.780006 0.281701 -1.217256
 125.980006 0.156107 -1.286060
 126.180006 0.870187 -1.360161
 126.380006 0.537658 -1.264522
 126.580006 0.166260 -1.319173
 126.780006 0.746992 -1.269143
 126.980006 0.889009 -1.455620
 127.180006 0.590153 -1.367482
 127.380006 0.450434 -1.378393
 127.580006 0.712136 -1.189441
 127.780006 0.749114 -1.404131
 127.980006 0.293841 -1.219715
 128.180006 0.534953 -1.422459
 128.380006 0.651842 -1.131752
 128.580006 0.250566 -1.327998
 128.780006 0.319490 -1.330860
 128.980006 0.688239 -1.273417
 129.180006 0.443370 -1.135897
 129.380006 0.442459 -1.235310
 129.580006 0.459573 -1.337136
 129.780006 0.657925 -1.231736
 129.980006 0.506328 -1.281018
 130.180006 0.566203 -1.202104
 130.380006 0.535193 -1.361772
 130.580006 0.637584 -1.315967
 130.780006 0.651941 -1.319547
 130.980006 0.519060 -1.294767
 131.180006 0.566793 -1.341285
 131.380006 0.788663 -1.353316
 131.580006 0.825117 -1.232674
 131.780006 0.509429 -1.428238
 131.980006 0.523512 -1.221504
 132.180006 0.718830 -1.396809
 132.380006 0.648442 -1.316768
 132.580006 0.518552 -1.272806
 132.780006 -0.034444 -1.198559
 132.980006 0.659009 -1.006042
 133.180006 0.455300 -1.438001
 133.380006 -0.111612 -0.873912
 133.580006 0.413168 -1.408641
 133.780006 0.720426 -1.214643
 133.980006 0.320000 -1.197154
 134.180006 0.533732 -1.336968
 134.380006 0.610497 -1.292462
 134.580006 0.766183 -1.357401
 134.780006 0.609557 -1.430100
 134.980006 0.543744 -1.273974
 135.180006 0.885152 -1.483391
 135.380006 0.701517 -1.255355
 135.580006 0.503555 -1.382725
 135.780006 0.515930 -1.282255
 135.980006 0.495467 -1.156563
 136.180006 0.694389 -1.335336
 136.380006 0.429800 -1.266469
 136.580006 0.318611 -1.302409
 136.780006 0.709701 -1.046904
 136.980007 0.519351 -1.420014
 137.180007 0.081608 -1.060188
 137.380007 0.593536 -1.345957
 137.580007 0.640645 -1.134366
 137.780007 0.227781 -1.356312
 137.980007 0.541284 -1.208392
 138.180007 0.759528 -1.253307
 138.380007 0.512957 -1.416934
 138.580007 0.311524 -1.140122
 138.780007 0.636388 -1.485482
 138.980007 0.839152 -1.144703
 139.180007 0.435980 -1.473338
 139.380007 0.382652 -1.101968
 139.580007 0.698413 -1.384980
 139.780007 0.669134 -1.256847
 139.980007 0.435265 -1.273145
 140.180007 0.510437 -1.476024
 140.380007 0.871383 -1.146047
 140.580007 0.443798 -1.358406
 140.780007 0.482741 -1.269549
 140.980007 0.784462 -1.372689
 141.180007 0.775456 -1.354039
 141.380007 0.365902 -1.255089
 141.580007 0.392421 -1.401725
 141.780007 0.852372 -1.228211
 141.980007 0.528784 -1.327046
 142.180007 0.244571 -1.252638
 142.380007 0.614151 -1.169683
 142.580007 0.487098 -1.178718
 142.780007 0.311070 -1.261634
 142.980007 0.621985 -1.261305
 143.180007 0.472222 -1.206048
 143.380007 0.288769 -1.075719
 143.580007 0.479611 -1.395925
 143.780007 0.604165 -1.174849
 143.980007 0.630228 -1.240417
 144.180007 0.534199 -1.237713
 144.380007 0.410011 -1.362642
 144.580007 0.786859 -1.370468
 144.780007 0.727075 -1.129473
 144.980007 0.435356 -1.437522
 145.180007 0.751016 -1.129724
 145.380007 0.613471 -1.376687
 145.580007 0.603886 -1.229566
 145.780007 0.456196 -1.174141
 145.980007 0.429116 -1.283346
 146.180007 0.449112 -1.180789
 146.380007 0.168932 -1.292997
 146.580007 0.694938 -1.119241
 146.780007 0.699244 -1.407497
 146.980007 0.324762 -1.026594
 147.180007 0.582500 -1.422560
 147.380007 0.886142 -1.339067
 147.580007 0.647789 -1.321443
 147.780007 0.436013 -1.311099
 147.980007 0.798199 -1.332507
 148.180007 0.777857 -1.385237
 148.380007 0.524548 -1.298396
 148.580007 0.429571 -1.250538
 148.780007 0.467673 -1.219741
 148.980007 0.572196 -1.298473
 149.180007 0.482498 -1.180210
 149.380007 0.592794 -1.269937
 149.580007 0.557633 -1.405631
 149.780007 0.467662 -1.288958
 149.980007 0.461890 -1.257522
 150.180007 0.555967 -1.426017
 150.380007 0.712775 -1.095494
 150.580007 0.623385 -1.549279
 150.780007 0.580609 -1.153544
 150.980007 0.421989 -1.390378
 151.180007 0.766682 -1.132618
 151.380007 0.857312 -1.403764
 151.580007 0.246867 -1.278900
 151.780007 0.628901 -1.307360
 151.980007 0.818367 -1.391397
 152.180007 0.212692 -1.182490
 152.380007 0.180015 -1.333129
 152.580007 0.748443 -1.208893
 152.780007 0.488855 -1.330329
 152.980007 0.324526 -1.243006
 153.180007 0.569096 -1.422228
 153.380007 0.742139 -0.977191
 153.580007 0.583609 -1.514310
 153.780007 0.268601 -1.154127
 153.980007 0.580996 -1.239719
 154.180007 0.688349 -1.306180
 154.380007 0.214480 -1.178153
 154.580007 0.267291 -1.423531
 154.780007 0.679401 -1.186382
 154.980007 0.478280 -1.225368
 155.180007 0.296753 -1.304412
 155.380007 0.349990 -1.466319
 155.580007 0.704586 -1.021458
 155.780007 0.639148 -1.394056
 155.980007 0.280020 -1.260604
 156.180007 0.419944 -1.384598
 156.380007 1.029872 -1.129102
 156.580007 0.484211 -1.411479
 156.780007 0.422868 -1.117837
 156.980007 0.638531 -1.597008
 157.180007 0.773560 -1.025254
 157.380007 0.615231 -1.477247
 157.580007 0.401606 -1.147444
 157.780007 0.528439 -1.342295
 157.980008 0.706671 -1.111281
 158.180008 0.416553 -1.321430
 158.380008 0.266383 -1.284937
 158.580008 0.449885 -1.173299
 158.780008 0.393542 -1.042680
 158.980008 0.372667 -1.468844
 159.180008 0.344433 -1.189988
 159.380008 0.577833 -1.242606
 159.580008 0.593588 -1.177710
 159.780008 0.394523 -1.379724
 159.980008 0.816780 -1.342564
 160.180008 0.877694 -1.339302
 160.380008 0.434720 -1.364017
 160.580008 0.407933 -1.256464
 160.780008 0.633982 -1.339152
 160.980008 0.707040 -1.274680
 161.180008 0.461917 -1.333837
 161.380008 0.651495 -1.192195
 161.580008 0.549087 -1.203825
 161.780008 0.418918 -1.358921
 161.980008 0.707752 -1.198962
 162.180008 0.559961 -1.378396
 162.380008 0.532292 -1.164877
 162.580008 0.587780 -1.248576
 162.780008 0.658572 -1.241418
 162.980008 0.540495 -1.357062
 163.180008 0.302633 -1.216840
 163.380008 0.629113 -1.225549
 163.580008 0.700095 -1.362321
 163.780008 0.198476 -1.081275
 163.980008 0.501922 -1.426035
 164.180008 0.854681 -1.277716
 164.380008 0.440458 -1.209210
 164.580008 0.336437 -1.454768
 164.780008 0.608460 -1.359553
 164.980008 0.842703 -1.196182
 165.180008 0.535735 -1.426969
 165.380008 0.474063 -1.152962
 165.580008 0.618422 -1.310320
 165.780008 0.679673 -1.176323
 165.980008 0.453519 -1.596376
 166.180008 0.392918 -1.092044
 166.380008 0.594573 -1.199584
 166.580008 0.559184 -1.354468
 166.780008 0.281791 -1.250050
 166.980008 0.476583 -1.213670
 167.180008 0.569853 -1.094736
 167.380008 0.470212 -1.595523
 167.580008 0.528291 -1.079139
 167.780008 0.612098 -1.376472
 167.980008 0.555078 -1.166538
 168.180008 0.339472 -1.549480
 168.380008 0.900338 -1.065083
 168.580008 0.607828 -1.477147
 168.780008 0.245616 -1.335644
 168.980008 0.501992 -1.142568
 169.180008 0.889862 -1.240705
 169.380008 0.246469 -1.395907
 169.580008 0.108957 -1.325378
 169.780008 0.835341 -1.108292
 169.980008 0.721453 -1.269495
 170.180008 0.107144 -1.296883
 170.380008 0.601584 -1.420581
 170.580008 0.777141 -1.109525
 170.780008 0.179195 -1.570901
 170.980008 0.469748 -0.973437
 171.180008 0.538735 -1.444111
 171.380008 0.389447 -1.039950
 171.580008 0.416205 -1.541539
 171.780008 0.805409 -1.272494
 171.980008 0.486032 -1.083307
 172.180008 0.172749 -1.487792
 172.380008 0.707694 -1.031593
 172.580008 0.811225 -1.360497
 172.780008 -0.011616 -1.274286
 172.980008 0.275813 -1.179965
 173.180008 0.762018 -1.116721
 173.380008 0.350735 -1.235675
 173.580008 0.319615 -1.362986
 173.780008 0.593478 -1.388597
 173.980008 0.824462 -1.069410
 174.180008 0.253451 -1.522694
 174.380008 0.751323 -1.283105
 174.580008 0.713050 -1.407992
 174.780008 0.328789 -1.451019
 174.980008 0.576429 -1.314786
 175.180008 0.732475 -1.211928
 175.380008 0.451811 -1.298735
 175.580008 0.269694 -1.167156
 175.780008 0.867858 -1.473651
 175.980008 0.270799 -0.985789
 176.180008 0.243200 -1.441756
 176.380008 0.635137 -1.124806
 176.580008 0.487327 -1.295291
 176.780008 0.326966 -1.452993
 176.980008 0.519277 -1.332128
 177.180008 0.826738 -1.223835
 177.380008 0.544557 -1.505284
 177.580008 0.364320 -1.391929
 177.780008 0.749065 -1.201282
 177.980008 0.396126 -1.256276
 178.180008 0.584306 -1.347276
 178.380008 0.489191 -1.426512
 178.580008 0.730880 -0.942424
 178.780008 0.257108 -1.360924
 178.980009 0.266846 -1.290771
 179.180009 0.595974 -1.219542
 179.380009 0.695876 -1.103439
 179.580009 0.128229 -1.251945
 179.780009 0.304501 -1.244801
 179.980009 0.867118 -1.119926
 180.180009 0.658163 -1.538476
 180.380009 0.322348 -1.106955
 180.580009 0.381521 -1.523622
 180.780009 0.767545 -0.988619
 180.980009 0.641244 -1.532433
 181.180009 0.366008 -1.310095
 181.380009 0.647029 -1.312356
 181.580009 0.720191 -1.144819
 181.780009 0.068948 -1.304057
 181.980009 -0.327554 -1.324945
 182.180009 0.675005 -1.004397
 182.380009 0.673684 -1.514398
 182.580009 -0.128157 -0.970658
 182.780009 0.346195 -1.555183
 182.980009 0.755056 -0.805342
 183.180009 0.420692 -1.533021
 183.380009 0.235969 -1.131496
 183.580009 0.637283 -1.479662
 183.780009 0.961812 -1.044006
 183.980009 0.130415 -1.492552
 184.180009 0.056573 -1.051994
 184.380009 0.855417 -1.464311
 184.580009 0.742529 -1.190636
 184.780009 0.423061 -1.436521
 184.980009 0.609462 -1.244572
 185.180009 0.681217 -1.115572
 185.380009 0.408769 -1.403205
 185.580009 0.540218 -1.122818
 185.780009 0.496039 -1.532912
 185.980009 0.402149 -0.893470
 186.180009 0.383962 -1.538571
 186.380009 0.571784 -0.932527
 186.580009 0.567428 -1.266371
 186.780009 0.215086 -1.313254
 186.980009 0.379508 -1.216112
 187.180009 0.670467 -1.207170
 187.380009 0.241449 -1.257119
 187.580009 0.258480 -1.368612
 187.780009 0.746855 -1.219863
 187.980009 0.748001 -1.352502
 188.180009 0.260653 -1.315359
 188.380009 0.417696 -1.316962
 188.580009 0.901860 -1.159501
 188.780009 0.475923 -1.448889
 188.980009 0.419030 -1.250524
 189.180009 0.692274 -1.440062
 189.380009 0.740270 -1.078045
 189.580009 0.536643 -1.545049
 189.780009 0.671293 -1.222043
 189.980009 0.632576 -1.221543
 190.180009 0.435902 -1.289243
 190.380009 0.551506 -1.236050
 190.580009 0.469583 -1.238254
 190.780009 0.486725 -1.167090
 190.980009 0.259069 -1.365784
 191.180009 0.651430 -1.153470
 191.380009 0.599090 -1.168306
 191.580009 0.206667 -1.174803
 191.780009 0.419968 -1.280209
 191.980009 0.689478 -1.167587
 192.180009 0.305659 -1.431111
 192.380009 0.664940 -1.025075
 192.580009 0.533592 -1.426441
 192.780009 0.629928 -1.168921
 192.980009 0.836174 -1.475343
 193.180009 0.438468 -1.117348
 193.380009 0.562854 -1.352383
 193.580009 0.754818 -1.393345
 193.780009 0.631710 -1.137411
 193.980009 0.646305 -1.523270
 194.180009 0.512788 -1.076999
 194.380009 0.767521 -1.538285
 194.580009 0.563760 -1.064068
 194.780009 0.351502 -1.321034
 194.980009 0.623200 -1.283149
 195.180009 0.510886 -1.169277
 195.380009 0.596483 -1.354908
 195.580009 0.516797 -1.219131
 195.780009 0.414788 -1.314763
 195.980009 0.578080 -1.111876
 196.180009 0.444376 -1.378674
 196.380009 0.512076 -1.195800
 196.580009 0.748291 -1.305705
 196.780009 0.416816 -1.138382
 196.980009 0.576259 -1.477736
 197.180009 0.647221 -1.282343
 197.380009 0.563433 -1.233148
 197.580009 0.607199 -1.313407
 197.780009 0.726267 -1.387965
 197.980009 0.631983 -1.171524
 198.180009 0.548460 -1.340435
 198.380009 0.536045 -1.439829
 198.580009 0.854111 -1.202759
 198.780009 0.459624 -1.323079
 198.980009 0.039389 -1.182021
 199.180009 0.629748 -1.298761
 199.380009 0.652246 -1.253934
 199.580009 0.275779 -1.248221
 199.780009 0.255114 -1.357316
 199.980009 0.666465 -1.082806
