#! FIELDS time phi psi
#! SET max_psi pi
 0.180000 -2.790212 -0.068320
 0.380000 2.779613 -1.210026
 0.580000 2.937710 -1.067855
 0.780000 -2.923576 -0.977523
 0.980000 2.971460 -1.177822
 1.180000 -3.011857 -0.763512
 1.380000 -2.953248 -0.895035
 1.580000 3.000412 -0.989547
 1.780000 -2.918412 -1.150175
 1.980000 3.019833 -0.927207
 2.180000 3.067893 -1.100177
 2.380000 2.967184 -0.856818
 2.580000 2.929183 -1.143130
 2.780000 2.979452 -1.181605
 2.980000 2.966711 -1.081745
 3.180000 2.907144 -0.845835
 3.380000 2.901697 -1.144317
 3.580000 3.129848 -1.057188
 3.780000 -3.024528 -1.094340
 3.980000 -3.132069 -0.929068
 4.180000 3.004876 -1.015033
 4.380000 3.029194 -1.029496
 4.580000 -3.013864 -1.009352
 4.780000 3.045980 -0.931733
 4.980000 3.030141 -1.023126
 5.180000 -3.141504 -1.023031
 5.380000 -3.018560 -1.104876
 5.580000 3.010826 -1.120035
 5.780000 3.055827 -0.974015
 5.980000 2.877801 -1.204484
 6.180000 2.998654 -1.040308
 6.380000 3.066817 -1.148277
 6.580000 2.966794 -0.984242
 6.780000 3.091489 -1.106934
 6.980000 -3.043459 -1.043097
 7.180000 -3.125205 -1.048772
 7.380000 -3.030369 -1.067686
 7.580000 3.122771 -0.889094
 7.780000 -2.874394 -0.896060
 7.980000 -3.134129 -1.021068
 8.180000 2.935743 -0.962086
 8.380000 -3.095099 -1.055930
 8.580000 2.887167 -1.051752
 8.780000 2.979706 -1.134541
 8.980000 3.072805 -1.088998
 9.180000 2.821107 -1.119017
 9.380000 3.071490 -1.051888
 9.580000 2.946507 -1.121266
 9.780000 2.775140 -0.884029
 9.980000 -3.013759 -0.919752
 10.180000 -3.105180 -1.132312
 10.380000 -3.106136 -0.931944
 10.580001 -3.094270 -0.979871
 10.780001 3.059229 -0.907562
 10.980001 3.016833 -1.042094
 11.180001 -3.108004 -1.080507
 11.380001 -3.107223 -0.962057
 11.580001 2.932483 -1.000633
 11.780001 3.078349 -0.823564
 11.980001 -3.041302 -1.178654
 12.180001 3.105116 -1.018088
 12.380001 3.089781 -1.055567
 12.580001 2.865814 -0.954942
 12.780001 -2.981448 -1.112676
 12.980001 -3.066793 -1.075341
 13.180001 3.017192 -1.089265
 13.380001 3.098522 -0.974875
 13.580001 2.906159 -1.029455
 13.780001 2.833190 -1.225210
 13.980001 -3.034421 -1.038014
 14.180001 2.790127 -1.156859
 14.380001 -3.021872 -0.833841
 14.580001 3.007329 -1.106384
 14.780001 2.897550 -0.949630
 14.980001 -2.954595 -1.190003
 15.180001 2.798449 -1.066997
 15.380001 3.023342 -1.055480
 15.580001 3.079862 -1.008889
 15.780001 3.017112 -1.281578
 15.980001 -2.961951 -0.973151
 16.180001 3.054934 -1.326719
 16.380001 2.871188 -0.729032
 16.580001 -3.086585 -1.196638
 16.780001 2.902281 -0.975544
 16.980001 -3.041155 -1.181311
 17.180001 3.029446 -0.932710
 17.380001 2.931717 -1.000785
 17.580001 -3.004173 -1.016718
 17.780001 3.018513 -1.127135
 17.980001 -3.098759 -1.157922
 18.180001 2.995708 -0.842957
 18.380001 2.914505 -1.050489
 18.580001 -2.977784 -1.122874
 18.780001 2.814814 -1.133235
 18.980001 3.090870 -1.001728
 19.180001 2.934683 -0.977445
 19.380001 2.802794 -1.015141
 19.580001 3.135369 -1.192709
 19.780001 2.878818 -1.066384
 19.980001 3.022449 -0.973399
 20.180001 3.063071 -0.950857
 20.380001 3.104834 -1.205139
 20.580001 -2.995522 -0.894991
 20.780001 3.055711 -1.104432
 20.980001 -3.096582 -0.835620
 21.180001 3.085492 -1.105078
 21.380001 -3.108527 -0.844616
 21.580001 -3.103629 -1.050979
 21.780001 2.889190 -0.853230
 21.980001 -3.003962 -1.230419
 22.180001 3.054127 -0.756846
 22.380001 3.044572 -1.230645
 22.580001 2.945198 -0.962915
 22.780001 2.967694 -1.203390
 22.980001 2.925223 -1.070883
 23.180001 -3.093645 -1.141793
 23.380001 2.910710 -1.011202
 23.580001 3.076003 -0.983630
 23.780001 -3.102440 -1.091550
 23.980001 3.068908 -1.102576
 24.180001 3.065236 -1.032531
 24.380001 2.882887 -1.075643
 24.580001 3.110209 -0.995882
 24.780001 2.974394 -1.100580
 24.980001 -3.140907 -1.186223
 25.180001 3.082887 -0.945483
 25.380001 3.073220 -1.008834
 25.580001 -3.113050 -0.903998
 25.780001 -2.981298 -1.101838
 25.980001 3.027279 -0.911636
 26.180001 -3.061789 -0.987413
 26.380001 2.892308 -0.872651
 26.580001 -2.829956 -1.429288
 26.780001 2.907555 -0.743945
 26.980001 3.090893 -1.271890
 27.180001 3.041806 -0.774132
 27.380001 3.139360 -1.269810
 27.580001 2.772047 -1.021734
 27.780001 -3.068792 -1.324921
 27.980001 2.937044 -0.873319
 28.180001 3.046716 -1.303054
 28.380001 3.026536 -0.929448
 28.580001 3.049898 -1.170588
 28.780001 3.033838 -0.866272
 28.980001 2.998890 -1.063843
 29.180001 -3.131809 -0.970546
 29.380001 -3.121848 -0.984070
 29.580001 3.079230 -1.055746
 29.780001 -2.917385 -0.840922
 29.980001 3.093180 -1.072831
 30.180001 3.048281 -1.020588
 30.380001 3.114435 -1.243305
 30.580001 2.781917 -0.892018
 30.780001 2.935717 -1.217355
 30.980001 -3.111858 -1.051670
 31.180001 2.928557 -1.206760
 31.380001 -3.099718 -0.684604
 31.580001 -3.063892 -1.059060
 31.780002 2.651498 -1.008464
 31.980002 -3.023907 -1.260720
 32.180002 2.743591 -1.058756
 32.380002 3.069443 -1.092693
 32.580002 3.004651 -0.974662
 32.780002 3.004421 -1.272738
 32.980002 3.008092 -0.903529
 33.180002 -3.063097 -0.987868
 33.380002 2.960587 -0.843491
 33.580002 -2.942482 -1.242790
 33.780002 -2.987299 -0.856253
 33.980002 3.078912 -1.094786
 34.180002 2.998810 -0.681817
 34.380002 3.116346 -1.345269
 34.580002 2.902126 -1.027897
 34.780002 -3.093874 -1.256933
 34.980002 2.598190 -0.937905
 35.180002 3.132538 -1.161266
 35.380002 3.080512 -1.079486
 35.580002 2.970951 -1.086555
 35.780002 -3.030542 -0.881088
 35.980002 2.906738 -1.130670
 36.180002 3.013055 -1.072286
 36.380002 -3.073228 -0.990136
 36.580002 2.865003 -1.054542
 36.780002 -3.079347 -1.071409
 36.980002 3.076828 -1.192567
 37.180002 2.831456 -1.010636
 37.380002 -3.078313 -1.018768
 37.580002 2.756632 -1.187399
 37.780002 3.068911 -1.141032
 37.980002 3.069009 -0.992016
 38.180002 2.889422 -1.170308
 38.380002 -3.096168 -1.095319
 38.580002 2.978924 -1.128158
 38.780002 3.116040 -0.915983
 38.980002 -3.035959 -1.124283
 39.180002 2.919222 -0.904371
 39.380002 -3.059501 -1.176371
 39.580002 -3.116495 -1.088657
 39.780002 -3.020704 -0.970286
 39.980002 2.815314 -1.131667
 40.180002 -3.133192 -1.020283
 40.380002 3.023305 -1.095729
 40.580002 2.826795 -1.174528
 40.780002 3.113180 -1.117633
 40.980002 2.713072 -1.154380
 41.180002 2.943704 -1.049919
 41.380002 3.104549 -1.225377
 41.580002 2.947099 -1.054604
 41.780002 3.136062 -1.183382
 41.980002 2.994467 -0.873946
 42.180002 -2.885396 -1.142683
 42.380002 -3.005289 -0.866594
 42.580002 -2.877727 -1.000660
 42.780002 -3.103503 -0.799783
 42.980002 -3.081190 -1.173766
 43.180002 3.004257 -0.736439
 43.380002 3.015759 -1.400461
 43.580002 2.944196 -0.817908
 43.780002 3.002806 -1.274453
 43.980002 2.811075 -0.728334
 44.180002 3.019239 -1.321246
 44.380002 2.966197 -1.035767
 44.580002 3.023010 -1.068507
 44.780002 2.994850 -0.839424
 44.980002 -3.042316 -1.160604
 45.180002 -3.079717 -1.034072
 45.380002 -3.028097 -0.952890
 45.580002 3.122808 -0.907944
 45.780002 -3.118390 -1.044100
 45.980002 -3.030077 -1.134285
 46.180002 3.108247 -0.898992
 46.380002 -3.050912 -1.003918
 46.580002 2.897549 -0.999047
 46.780002 3.136952 -1.226243
 46.980002 3.010514 -0.909947
 47.180002 2.945400 -1.076902
 47.380002 -3.050647 -0.931628
 47.580002 2.881028 -1.196047
 47.780002 2.957542 -0.887066
 47.980002 -3.107792 -1.036780
 48.180002 2.965251 -0.811057
 48.380002 3.029570 -1.493546
 48.580002 3.121614 -0.922634
 48.780002 -3.062994 -1.210765
 48.980002 3.037585 -0.865221
 49.180002 -3.050754 -1.272864
 49.380002 2.944160 -1.056430
 49.580002 3.058808 -1.090617
 49.780002 2.849314 -0.965050
 49.980002 -3.105420 -1.118481
 50.180002 2.973641 -0.992747
 50.380002 3.078700 -0.935559
 50.580002 3.095643 -0.973921
 50.780002 -2.992769 -1.160489
 50.980002 -2.952677 -0.843527
 51.180002 3.088287 -1.002118
 51.380002 -3.108081 -0.761855
 51.580002 -2.906538 -1.328510
 51.780002 2.938218 -0.797476
 51.980002 -2.926157 -1.159852
 52.180002 2.830061 -0.795891
 52.380002 -3.002008 -1.284898
 52.580002 3.086187 -0.955149
 52.780003 3.079657 -0.895961
 52.980003 -3.018090 -0.878641
 53.180003 3.073462 -1.091856
 53.380003 3.029891 -0.989950
 53.580003 3.092962 -1.164540
 53.780003 2.839990 -0.969383
 53.980003 3.094286 -1.126779
 54.180003 2.881744 -1.030162
 54.380003 3.076022 -1.192126
 54.580003 -3.136133 -0.949345
 54.780003 3.106105 -1.083836
 54.980003 2.957446 -0.890291
 55.180003 -2.971942 -1.184435
 55.380003 2.999834 -0.820505
 55.580003 -3.132476 -1.174123
 55.780003 3.039186 -0.822854
 55.980003 -3.141227 -1.054371
 56.180003 3.120544 -0.975025
 56.380003 3.065388 -1.109558
 56.580003 3.118736 -0.895892
 56.780003 3.094152 -1.103208
 56.980003 2.894094 -1.167446
 57.180003 -3.019563 -1.012640
 57.380003 2.954599 -1.002709
 57.580003 2.969316 -1.051616
 57.780003 3.087772 -1.141881
 57.980003 3.027285 -1.060948
 58.180003 -3.075898 -1.162471
 58.380003 2.809182 -0.840911
 58.580003 3.129254 -1.170369
 58.780003 3.057975 -1.000678
 58.980003 3.008897 -1.097296
 59.180003 -3.138506 -0.884563
 59.380003 2.876767 -1.103397
 59.580003 2.979528 -0.977636
 59.780003 -2.949105 -1.109522
 59.980003 3.010413 -0.992755
 60.180003 3.108005 -1.071460
 60.380003 3.072443 -1.009947
 60.580003 3.083356 -1.093814
 60.780003 -2.882435 -1.001441
 60.980003 3.118710 -0.994519
 61.180003 3.118865 -0.962484
 61.380003 2.996605 -0.956648
 61.580003 3.129292 -1.189106
 61.780003 2.884365 -0.895491
 61.980003 3.034141 -1.227464
 62.180003 3.029243 -1.054940
 62.380003 3.098742 -1.095828
 62.580003 3.087500 -1.097017
 62.780003 2.980688 -0.933712
 62.980003 -3.091162 -1.002498
 63.180003 3.088381 -0.975687
 63.380003 2.892792 -1.046410
 63.580003 -3.023629 -0.963050
 63.780003 3.026292 -0.993918
 63.980003 2.955186 -1.004552
 64.180003 -3.127917 -1.167235
 64.380003 2.893030 -1.163422
 64.580003 -3.136226 -1.017807
 64.780003 2.935610 -1.097508
 64.980003 2.798945 -1.137692
 65.180003 -3.049357 -1.070300
 65.380003 2.842444 -1.169599
 65.580003 3.043947 -1.027936
 65.780003 3.102617 -0.994368
 65.980003 3.066036 -1.076356
 66.180003 3.124604 -1.018553
 66.380003 -3.084385 -0.990262
 66.580003 -3.083017 -0.881545
 66.780003 3.137232 -1.085016
 66.980003 3.122675 -0.820374
 67.180003 -2.950609 -1.089679
 67.380003 2.963377 -0.975965
 67.580003 3.108733 -1.095170
 67.780003 3.016948 -1.032134
 67.980003 2.940638 -1.159513
 68.180003 3.092049 -1.034126
 68.380003 2.755377 -1.120343
 68.580003 3.066646 -1.023452
 68.780003 2.947773 -1.059742
 68.980003 2.969193 -1.083891
 69.180003 -3.117574 -1.161042
 69.380003 2.999307 -0.956446
 69.580003 3.123832 -1.178830
 69.780003 3.021723 -0.971501
 69.980003 3.027188 -1.096585
 70.180003 -3.014383 -1.002935
 70.380003 3.013847 -1.059650
 70.580003 3.009601 -0.921682
 70.780003 -3.029451 -1.104072
 70.980003 3.028387 -0.891271
 71.180003 3.011753 -1.109153
 71.380003 3.124102 -0.817960
 71.580003 -3.101835 -1.148366
 71.780003 -3.075563 -0.913735
 71.980003 -3.134474 -1.026235
 72.180003 -3.137153 -0.959351
 72.380003 -3.083937 -0.993571
 72.580003 -3.072682 -0.973234
 72.780003 -3.055999 -1.049479
 72.980003 2.758864 -0.982033
 73.180003 -3.057356 -1.234730
 73.380003 2.914239 -1.186326
 73.580003 3.075974 -1.274853
 73.780004 3.037739 -0.929847
 73.980004 2.854650 -1.065704
 74.180004 3.107051 -1.058369
 74.380004 3.050546 -1.195733
 74.580004 3.071527 -1.090861
 74.780004 2.901955 -0.921766
 74.980004 -2.993858 -1.026587
 75.180004 -3.074228 -0.996027
 75.380004 -3.079794 -1.009991
 75.580004 -3.138019 -0.974540
 75.780004 3.029647 -0.933244
 75.980004 -3.033259 -1.099019
 76.180004 3.054494 -1.080624
 76.380004 3.023730 -0.939392
 76.580004 2.792326 -1.208868
 76.780004 2.993771 -0.931897
 76.980004 2.979659 -1.309362
 77.180004 -2.978932 -0.930391
 77.380004 3.126979 -1.078633
 77.580004 2.914740 -0.949727
 77.780004 3.134181 -1.050838
 77.980004 -3.100155 -1.025551
 78.180004 3.124003 -1.135375
 78.380004 3.038981 -0.858669
 78.580004 2.939782 -0.985762
 78.780004 -2.932454 -0.971354
 78.980004 -3.088106 -1.008395
 79.180004 -3.008746 -0.949547
 79.380004 -3.041512 -0.924000
 79.580004 3.009416 -1.006220
 79.780004 3.097698 -1.083614
 79.980004 2.946368 -1.122371
 80.180004 2.929691 -1.033320
 80.380004 3.110944 -1.175210
 80.580004 2.927288 -1.212415
 80.780004 2.928296 -0.933100
 80.980004 2.982978 -1.052563
 81.180004 3.048518 -0.984273
 81.380004 -2.989023 -1.039754
 81.580004 2.894459 -0.927242
 81.780004 -3.081246 -0.911870
 81.980004 -3.067866 -0.888126
 82.180004 2.979236 -1.138186
 82.380004 -3.102698 -1.042003
 82.580004 2.990974 -1.036100
 82.780004 3.126551 -1.033826
 82.980004 -3.130846 -1.060838
 83.180004 3.023196 -0.830887
 83.380004 -3.011306 -1.081772
 83.580004 3.133887 -0.944587
 83.780004 -3.048195 -1.064570
 83.980004 2.978439 -0.920620
 84.180004 3.094444 -1.032968
 84.380004 -3.112763 -1.076512
 84.580004 3.096380 -1.105193
 84.780004 3.032380 -0.901254
 84.980004 2.998523 -1.175084
 85.180004 3.076598 -0.987146
 85.380004 3.045667 -1.212429
 85.580004 3.105665 -0.908228
 85.780004 3.063125 -1.030146
 85.980004 -3.119133 -0.943898
 86.180004 -3.103573 -1.204939
 86.380004 3.095307 -0.894952
 86.580004 3.110203 -1.225940
 86.780004 3.076567 -0.824719
 86.980004 -3.138223 -1.230563
 87.180004 3.076884 -0.819834
 87.380004 3.120013 -1.226161
 87.580004 2.947816 -0.927041
 87.780004 3.079826 -1.293037
 87.980004 2.951977 -0.911139
 88.180004 2.931304 -1.206725
 88.380004 2.981212 -0.818086
 88.580004 3.080426 -1.277960
 88.780004 3.067968 -0.975157
 88.980004 3.034213 -1.129113
 89.180004 3.071263 -0.834625
 89.380004 3.096127 -1.218742
 89.580004 3.018519 -0.892295
 89.780004 -3.009099 -1.078689
 89.980004 -3.086000 -0.948798
 90.180004 -3.121779 -1.078150
 90.380004 -3.055896 -0.995677
 90.580004 3.084910 -0.946950
 90.780004 2.828490 -1.100638
 90.980004 -3.104025 -1.101182
 91.180004 2.908186 -1.249945
 91.380004 2.910431 -0.939699
 91.580004 3.112413 -1.059602
 91.780004 2.915166 -0.952618
 91.980004 3.034501 -1.393550
 92.180004 3.139921 -0.878278
 92.380004 3.021804 -1.186087
 92.580004 3.051013 -0.905800
 92.780004 3.098105 -1.189047
 92.980004 3.096579 -1.040604
 93.180004 -3.086782 -1.131052
 93.380004 2.822133 -0.870615
 93.580004 -3.095428 -1.325905
 93.780004 2.910975 -0.880918
 93.980004 -3.099153 -1.152858
 94.180004 2.801061 -0.813755
 94.380004 -3.091848 -1.164620
 94.580004 3.025090 -0.933592
 94.780005 -3.032720 -1.148662
 94.980005 3.008103 -0.954406
 95.180005 3.049681 -1.118094
 95.380005 3.084396 -0.980998
 95.580005 3.107281 -1.018831
 95.780005 3.031711 -1.158769
 95.980005 3.077194 -0.969975
 96.180005 -3.059926 -1.124147
 96.380005 3.047376 -0.993121
 96.580005 2.962396 -1.031105
 96.780005 3.117444 -0.927856
 96.980005 2.944531 -1.054358
 97.180005 2.959046 -1.026976
 97.380005 -3.031351 -1.115436
 97.580005 2.680384 -1.095367
 97.780005 3.004661 -0.982795
 97.980005 3.122879 -1.065085
 98.180005 2.900091 -1.184674
 98.380005 3.110683 -1.029380
 98.580005 3.055119 -1.189085
 98.780005 2.831788 -0.835345
 98.980005 -3.105676 -1.113472
 99.180005 2.912877 -1.049010
 99.380005 -3.092494 -1.117241
 99.580005 -3.127094 -1.016849
 99.780005 2.961439 -0.970787
 99.980005 3.112483 -0.977911
 100.180005 3.101698 -1.034949
 100.380005 3.012780 -1.117758
 100.580005 -2.988976 -0.987011
 100.780005 2.976980 -1.098793
 100.980005 3.086817 -0.844634
 101.180005 -2.935056 -1.198752
 101.380005 2.820176 -1.014571
 101.580005 -2.959901 -1.149164
 101.780005 2.753727 -0.775950
 101.980005 3.029309 -1.342028
 102.180005 -3.084341 -0.945058
 102.380005 2.875180 -1.276380
 102.580005 2.990544 -0.832831
 102.780005 3.083802 -1.170251
 102.980005 2.801237 -0.992785
 103.180005 -2.977787 -1.205623
 103.380005 2.847606 -0.942377
 103.580005 3.081281 -1.044870
 103.780005 -3.105297 -0.810890
 103.980005 3.094778 -1.259070
 104.180005 -3.132289 -0.962157
 104.380005 3.111453 -1.018199
 104.580005 3.110469 -0.913743
 104.780005 3.045919 -0.956686
 104.980005 2.895693 -1.184032
 105.180005 -3.097175 -0.953838
 105.380005 3.065837 -1.015388
 105.580005 3.025478 -0.989020
 105.780005 -3.049838 -1.050231
 105.980005 2.993634 -1.118117
 106.180005 -3.077156 -0.923188
 106.380005 3.059662 -1.204590
 106.580005 3.121908 -0.926819
 106.780005 2.969618 -0.976770
 106.980005 2.899912 -1.214276
 107.180005 -3.021345 -1.078235
 107.380005 2.989685 -1.127315
 107.580005 3.019628 -1.006060
 107.780005 -3.091659 -0.901220
 107.980005 3.082792 -1.253335
 108.180005 -3.079077 -0.953046
 108.380005 3.042119 -1.040430
 108.580005 3.078091 -0.878931
 108.780005 -3.038699 -1.186352
 108.980005 -3.047438 -0.847375
 109.180005 -2.890232 -1.100444
 109.380005 2.983870 -0.890791
 109.580005 -3.061790 -1.027074
 109.780005 2.802626 -1.039621
 109.980005 3.086927 -1.183608
 110.180005 2.902404 -0.891826
 110.380005 2.799174 -1.258127
 110.580005 2.853070 -0.929260
 110.780005 3.062892 -1.191862
 110.980005 3.069284 -1.183808
 111.180005 2.887789 -1.053184
 111.380005 -3.094756 -0.873241
 111.580005 3.085578 -1.017458
 111.780005 3.132234 -1.119440
 111.980005 -2.844858 -1.035233
 112.180005 3.089015 -0.927356
 112.380005 -3.134489 -1.004617
 112.580005 3.116734 -0.803813
 112.780005 -2.977159 -1.144613
 112.980005 2.988532 -0.906186
 113.180005 3.066492 -1.102403
 113.380005 3.062557 -0.940421
 113.580005 3.031874 -1.143120
 113.780005 2.941433 -1.173950
 113.980005 2.975448 -1.079378
 114.180005 2.899805 -0.891016
 114.380005 3.071296 -1.207275
 114.580005 2.978249 -1.115477
 114.780005 3.096492 -1.067509
 114.980005 2.974584 -0.953999
 115.180005 -3.090858 -0.928044
 115.380005 -3.119525 -1.118402
 115.580005 -2.971134 -1.114059
 115.780005 3.095342 -0.825908
 115.980006 -3.025142 -1.032624
 116.180006 -3.064018 -0.978728
 116.380006 -3.039908 -1.358997
 116.580006 -3.106703 -0.861246
 116.780006 3.032231 -0.995190
 116.980006 -3.008111 -0.958046
 117.180006 -3.095515 -1.157920
 117.380006 -3.128917 -0.961202
 117.580006 2.889420 -1.053004
 117.780006 -2.979096 -1.024780
 117.980006 2.927514 -1.115198
 118.180006 2.912460 -1.140440
 118.380006 -3.026366 -0.945993
 118.580006 3.074417 -1.073806
 118.780006 -2.975508 -1.006190
 118.980006 3.077613 -1.114672
 119.180006 3.017644 -0.939425
 119.380006 3.077464 -1.079598
 119.580006 3.054957 -0.998747
 119.780006 3.025019 -0.996172
 119.980006 -3.019245 -0.879202
 120.180006 3.062640 -1.126001
 120.380006 -3.035190 -0.932565
 120.580006 3.022587 -1.162284
 120.780006 3.033663 -0.821852
 120.980006 3.123060 -1.169248
 121.180006 2.921514 -1.037535
 121.380006 3.049962 -1.163104
 121.580006 3.051097 -0.971908
 121.780006 3.057553 -1.225645
 121.980006 2.893788 -0.982129
 122.180006 -3.084544 -1.128146
 122.380006 2.686374 -0.957402
 122.580006 -3.127588 -1.289682
 122.780006 2.869910 -1.071842
 122.980006 2.961126 -1.092219
 123.180006 2.925139 -1.027182
 123.380006 3.001402 -1.057102
 123.580006 -3.007842 -1.211019
 123.780006 2.923637 -0.967862
 123.980006 3.030274 -0.963080
 124.180006 -2.977061 -0.978892
 124.380006 -3.046036 -1.032516
 124.580006 -3.016639 -1.020345
 124.780006 -3.097406 -0.951994
 124.980006 -3.017592 -0.897117
 125.180006 3.114911 -0.996465
 125.380006 2.942714 -1.021024
 125.580006 -2.953779 -1.285145
 125.780006 2.881918 -1.022938
 125.980006 3.057395 -1.204888
 126.180006 2.956780 -0.911614
 126.380006 2.990420 -1.209121
 126.580006 -3.114237 -0.920773
 126.780006 3.102378 -1.298445
 126.980006 3.047233 -0.824343
 127.180006 3.127881 -1.183845
 127.380006 3.022601 -0.839997
 127.580006 -3.042913 -1.292139
 127.780006 3.140738 -0.857444
 127.980006 -3.069619 -1.029831
 128.180006 -3.083428 -0.845994
 128.380006 -2.939680 -1.056283
 128.580006 -3.074890 -0.935830
 128.780006 -2.976350 -0.996014
 128.980006 3.044942 -0.879288
 129.180006 3.062887 -1.042145
 129.380006 -3.054406 -1.106591
 129.580006 3.075573 -0.873028
 129.780006 2.868244 -1.109998
 129.980006 3.063501 -1.113981
 130.180006 2.806761 -0.996009
 130.380006 3.127942 -1.030437
 130.580006 -3.076409 -0.877314
 130.780006 2.997232 -1.003644
 130.980006 -2.889130 -1.124013
 131.180006 2.959658 -0.954386
 131.380006 3.138138 -1.165923
 131.580006 3.107302 -0.852297
 131.780006 2.902265 -1.141188
 131.980006 -2.984618 -0.931424
 132.180006 3.074579 -1.263392
 132.380006 3.031281 -0.943104
 132.580006 3.120086 -1.119141
 132.780006 2.956767 -0.906338
 132.980006 3.017186 -1.340271
 133.180006 3.020038 -0.994283
 133.380006 3.023607 -1.156577
 133.580006 3.026795 -0.912919
 133.780006 2.843666 -1.077859
 133.980006 3.056475 -1.017605
 134.180006 3.062994 -1.115615
 134.380006 3.064600 -1.004324
 134.580006 -3.069258 -1.038918
 134.780006 -3.126205 -1.002893
 134.980006 -2.996657 -1.043941
 135.180006 -3.061641 -0.825075
 135.380006 -3.049355 -0.972489
 135.580006 3.111031 -0.895816
 135.780006 -3.107503 -0.904997
 135.980006 3.079009 -1.182826
 136.180006 3.011176 -0.845542
 136.380006 3.022059 -1.138277
 136.580006 3.023963 -1.050990
 136.780006 3.051232 -1.045701
 136.980007 2.973247 -1.031223
 137.180007 2.882388 -1.040060
 137.380007 -3.124480 -1.082830
 137.580007 3.004417 -1.186338
 137.780007 3.014094 -1.151709
 137.980007 -3.134295 -0.926472
 138.180007 2.931725 -1.041571
 138.380007 -3.054427 -1.016217
 138.580007 -3.090894 -1.204140
 138.780007 3.068343 -1.007001
 138.980007 3.087837 -0.912700
 139.180007 3.081456 -0.918717
 139.380007 -2.945532 -1.132759
 139.580007 2.835896 -1.090693
 139.780007 2.964063 -0.935362
 139.980007 3.128143 -1.017326
 140.180007 2.769293 -1.132567
 140.380007 -3.087378 -1.126726
 140.580007 2.828648 -1.034000
 140.780007 3.005690 -1.076924
 140.980007 -3.050249 -0.870896
 141.180007 3.129755 -1.114596
 141.380007 -3.032626 -1.001027
 141.580007 2.968693 -1.004042
 141.780007 2.896970 -1.010223
 141.980007 -3.118761 -0.973615
 142.180007 3.128309 -1.161631
 142.380007 3.121093 -1.136424
 142.580007 2.946267 -1.070436
 142.780007 3.112579 -0.966653
 142.980007 2.959339 -1.111690
 143.180007 2.989631 -1.116781
 143.380007 3.134703 -0.892364
 143.580007 2.945384 -1.015682
 143.780007 2.939345 -1.037348
 143.980007 -3.088069 -1.134315
 144.180007 3.031253 -0.994780
 144.380007 -3.130630 -0.961851
 144.580007 2.856889 -0.935743
 144.780007 -2.959273 -1.046474
 144.980007 -3.118983 -0.901210
 145.180007 3.066221 -1.040140
 145.380007 3.085777 -0.889045
 145.580007 -3.123341 -1.029743
 145.780007 3.010445 -1.011911
 145.980007 2.965835 -1.078190
 146.180007 2.979315 -1.000047
 146.380007 2.824266 -1.063433
 146.580007 3.046521 -1.208139
 146.780007 2.951416 -1.100212
 146.980007 3.072243 -1.136638
 147.180007 2.996420 -1.055910
 147.380007 3.004776 -1.071718
 147.580007 3.123569 -1.050040
 147.780007 -3.038566 -0.931503
 147.980007 -3.118465 -0.935733
 148.180007 2.991434 -1.002546
 148.380007 3.035570 -0.896851
 148.580007 -2.893532 -1.152781
 148.780007 3.109780 -0.968906
 148.980007 -3.014256 -1.063398
 149.180007 3.064292 -0.893281
 149.380007 3.061051 -1.056348
 149.580007 -3.049625 -1.085108
 149.780007 2.810001 -1.154691
 149.980007 3.057342 -1.008722
 150.180007 2.980508 -0.920438
 150.380007 3.024355 -1.097193
 150.580007 -3.020811 -1.207955
 150.780007 2.945065 -1.113377
 150.980007 3.047580 -0.895181
 151.180007 3.069723 -1.145381
 151.380007 -3.003040 -1.247876
 151.580007 2.755993 -1.026020
 151.780007 3.027174 -1.101071
 151.980007 2.869535 -0.832856
 152.180007 3.135481 -1.187236
 152.380007 -2.961678 -0.881072
 152.580007 3.075578 -1.162211
 152.780007 -3.015537 -0.791315
 152.980007 -3.061027 -1.105959
 153.180007 2.921137 -0.929795
 153.380007 3.124350 -1.412019
 153.580007 2.852108 -0.909852
 153.780007 3.097148 -1.198995
 153.980007 3.077023 -0.829438
 154.180007 3.001207 -1.130198
 154.380007 -3.065623 -1.192933
 154.580007 -3.012377 -0.939681
 154.780007 3.107669 -1.020934
 154.980007 -3.119386 -1.025655
 155.180007 3.115862 -1.073439
 155.380007 3.050313 -1.190583
 155.580007 3.119213 -0.902296
 155.780007 2.895633 -1.056091
 155.980007 3.125209 -1.074787
 156.180007 3.135835 -1.015272
 156.380007 -3.137097 -1.107090
 156.580007 3.118820 -1.048432
 156.780007 -3.040671 -1.040226
 156.980007 -3.072261 -0.838214
 157.180007 3.041036 -1.228301
 157.380007 -3.060821 -0.971429
 157.580007 3.051789 -1.164846
 157.780007 3.041861 -0.850451
 157.980008 3.085674 -1.115547
 158.180008 -3.071085 -1.039064
 158.380008 -3.110916 -1.115885
 158.580008 2.942827 -0.871769
 158.780008 3.043307 -1.343818
 158.980008 3.055473 -0.827099
 159.180008 -3.109413 -1.427119
 159.380008 2.996425 -0.879984
 159.580008 3.083938 -1.234247
 159.780008 3.132442 -0.959144
 159.980008 3.088850 -1.203953
 160.180008 2.984754 -0.848835
 160.380008 2.991978 -1.094092
 160.580008 -2.988335 -0.833363
 160.780008 3.123731 -1.246099
 160.980008 3.015940 -0.794043
 161.180008 -3.056862 -1.091464
 161.380008 3.064713 -0.788082
 161.580008 -3.030772 -1.240907
 161.780008 2.926254 -0.992619
 161.980008 -3.124314 -1.008580
 162.180008 2.993643 -1.088526
 162.380008 -3.085298 -1.062997
 162.580008 2.949675 -1.180450
 162.780008 3.099675 -0.994242
 162.980008 3.115772 -1.160492
 163.180008 3.019868 -0.922002
 163.380008 3.022271 -1.299022
 163.580008 3.030254 -0.909104
 163.780008 -3.096702 -1.289221
 163.980008 3.041037 -0.913571
 164.180008 3.139653 -1.152675
 164.380008 -3.139227 -0.844752
 164.580008 -3.027611 -1.251176
 164.780008 3.087035 -0.773836
 164.980008 -3.077960 -1.136824
 165.180008 3.105448 -0.852454
 165.380008 -3.097967 -1.295674
 165.580008 2.950447 -0.867535
 165.780008 -3.132345 -1.053152
 165.980008 -3.132381 -0.908686
 166.180008 -3.124376 -1.181129
 166.380008 2.897282 -0.814165
 166.580008 -3.121093 -1.423882
 166.780008 2.871912 -0.827382
 166.980008 3.118966 -1.321934
 167.180008 3.066485 -0.991162
 167.380008 3.063476 -1.104470
 167.580008 -3.082887 -0.906832
 167.780008 3.129538 -1.137698
 167.980008 -3.025014 -1.232189
 168.180008 3.068210 -0.995509
 168.380008 2.862973 -1.116119
 168.580008 -3.127487 -0.951292
 168.780008 3.106309 -1.305023
 168.980008 3.098575 -0.951559
 169.180008 3.121160 -1.276578
 169.380008 2.956558 -0.858372
 169.580008 2.971632 -1.253126
 169.780008 3.062669 -0.857270
 169.980008 2.943544 -1.288719
 170.180008 -3.105228 -0.753664
 170.380008 3.066373 -1.186233
 170.580008 -3.111712 -0.821159
 170.780008 -2.942138 -1.144246
 170.980008 3.016178 -0.918352
 171.180008 3.057220 -1.100338
 171.380008 2.889288 -1.005081
 171.580008 -3.031189 -1.097149
 171.780008 3.096177 -1.005335
 171.980008 2.882713 -1.267239
 172.180008 3.104466 -0.865519
 172.380008 2.829480 -1.174341
 172.580008 2.892619 -1.116446
 172.780008 -2.985888 -1.162424
 172.980008 2.649882 -1.186041
 173.180008 3.068453 -0.925822
 173.380008 2.967860 -1.024351
 173.580008 3.105251 -0.980533
 173.780008 -2.951967 -1.259189
 173.980008 3.061415 -0.771742
 174.180008 -3.017920 -1.012416
 174.380008 -3.100379 -0.799977
 174.580008 -2.952775 -1.193132
 174.780008 2.986155 -0.900358
 174.980008 3.120786 -1.259965
 175.180008 2.950475 -0.872082
 175.380008 3.125817 -1.281823
 175.580008 2.704455 -1.038747
 175.780008 3.116417 -1.265985
 175.980008 2.729496 -1.049224
 176.180008 3.043665 -1.095754
 176.380008 3.099413 -0.945815
 176.580008 -3.114445 -1.231891
 176.780008 3.126864 -0.880711
 176.980008 -3.141382 -1.074112
 177.180008 -3.023304 -0.763501
 177.380008 -3.135716 -1.145793
 177.580008 -3.140831 -0.757475
 177.780008 -3.090766 -1.137528
 177.980008 3.094659 -0.987138
 178.180008 -3.028951 -1.087386
 178.380008 3.136639 -0.926352
 178.580008 -3.124962 -1.100469
 178.780008 3.032861 -1.034250
 178.980009 -3.086592 -1.080594
 179.180009 3.054540 -1.033356
 179.380009 3.039791 -0.977701
 179.580009 3.033149 -1.146123
 179.780009 2.971207 -1.086323
 179.980009 3.029312 -1.009785
 180.180009 2.958112 -1.143612
 180.380009 2.975830 -1.066001
 180.580009 -2.975592 -0.982281
 180.780009 -3.041933 -1.208866
 180.980009 -3.075683 -0.974265
 181.180009 3.073390 -1.025619
 181.380009 3.122449 -0.934041
 181.580009 3.135329 -0.980683
 181.780009 2.865940 -1.185659
 181.980009 -3.102710 -0.910022
 182.180009 3.049519 -1.095413
 182.380009 3.029143 -1.072636
 182.580009 -3.111656 -1.011408
 182.780009 3.028578 -1.049616
 182.980009 3.102351 -1.089100
 183.180009 2.995069 -1.131323
 183.380009 2.853526 -1.008867
 183.580009 -3.012016 -1.023739
 183.780009 2.978154 -0.985095
 183.980009 -3.055389 -1.112312
 184.180009 3.012496 -0.835369
 184.380009 -3.139090 -1.124103
 184.580009 -3.102612 -0.914380
 184.780009 3.021042 -1.232493
 184.980009 -3.093614 -0.862317
 185.180009 2.946650 -1.040001
 185.380009 2.946748 -0.983084
 185.580009 -3.134509 -1.162257
 185.780009 2.970151 -1.028707
 185.980009 -3.110980 -1.018502
 186.180009 2.958343 -1.002335
 186.380009 3.133105 -1.089113
 186.580009 -2.923592 -1.032845
 186.780009 3.099004 -0.952009
 186.980009 3.070701 -0.925042
 187.180009 -3.110413 -1.201189
 187.380009 -2.999031 -0.872938
 187.580009 3.032058 -1.181881
 187.780009 -3.079708 -1.014702
 187.980009 -3.099202 -1.094111
 188.180009 2.739834 -1.039205
 188.380009 -3.130638 -1.036820
 188.580009 2.852679 -1.161921
 188.780009 -2.997697 -1.111167
 188.980009 3.118891 -0.901873
 189.180009 2.700592 -0.879838
 189.380009 2.913587 -1.294030
 189.580009 -3.068426 -1.023242
 189.780009 2.849258 -1.130442
 189.980009 2.990807 -0.802746
 190.180009 3.038861 -1.150095
 190.380009 2.983585 -0.932767
 190.580009 -2.825369 -1.018896
 190.780009 2.600779 -1.036915
 190.980009 3.100570 -1.222658
 191.180009 3.052095 -0.946375
 191.380009 2.604087 -1.137778
 191.580009 2.971340 -1.120812
 191.780009 3.004305 -1.207173
 191.980009 2.638029 -0.995892
 192.180009 -2.888911 -0.986689
 192.380009 -3.131586 -0.878960
 192.580009 2.694672 -1.201184
 192.780009 -3.089545 -0.867737
 192.980009 2.974155 -1.221489
 193.180009 2.859708 -0.928626
 193.380009 3.046925 -1.359878
 193.580009 2.724709 -0.935134
 193.780009 -3.003683 -1.061165
 193.980009 -3.030477 -0.934596
 194.180009 2.930376 -1.080099
 194.380009 3.070700 -0.981812
 194.580009 -3.043980 -0.963159
 194.780009 -3.063963 -1.128849
 194.980009 3.028742 -1.040863
 195.180009 3.077809 -1.142880
 195.380009 2.655485 -1.086240
 195.580009 2.765939 -1.176629
 195.780009 -3.030804 -0.808424
 195.980009 2.849406 -1.233070
 196.180009 3.027473 -0.814912
 196.380009 -2.847747 -1.133851
 196.580009 2.858795 -0.793747
 196.780009 -3.086116 -1.279722
 196.980009 2.907083 -1.026057
 197.180009 2.867937 -1.002942
 197.380009 -3.092718 -0.859767
 197.580009 3.046915 -1.168996
 197.780009 2.988609 -1.102830
 197.980009 -3.127820 -0.878219
 198.180009 2.972196 -1.093107
 198.380009 3.032329 -1.074222
 198.580009 -2.917127 -1.116547
 198.780009 2.954253 -0.904079
 198.980009 -3.058372 -0.996581
 199.180009 2.963519 -0.908238
 199.380009 -2.984360 -1.053802
 199.580009 3.104975 -0.998167
 199.780009 2.938100 -1.037976
 199.980009 -3.076099 -1.024670
