#! FIELDS time phi psi
#! SET max_psi pi
 0.180000 1.119538 2.152606
 0.380000 1.408839 2.748909
 0.580000 1.439156 1.917031
 0.780000 1.541096 1.800504
 0.980000 1.245710 2.812610
 1.180000 1.382843 1.818545
 1.380000 1.460358 1.855397
 1.580000 1.496964 2.574659
 1.780000 1.424209 1.650556
 1.980000 0.817062 1.820426
 2.180000 1.694195 2.076804
 2.380000 1.267760 2.363487
 2.580000 1.259419 1.801011
 2.780000 1.432180 2.096733
 2.980000 1.178656 2.190621
 3.180000 1.342939 2.078871
 3.380000 1.415763 2.054823
 3.580000 1.362697 2.001298
 3.780000 0.975501 1.985423
 3.980000 1.537511 2.089381
 4.180000 1.185504 2.358214
 4.380000 1.347286 1.842902
 4.580000 1.221061 2.124302
 4.780000 1.322059 2.230397
 4.980000 1.289346 2.079310
 5.180000 1.199635 1.988127
 5.380000 1.340028 2.016030
 5.580000 1.382533 2.310852
 5.780000 1.294915 2.008016
 5.980000 1.124361 2.113869
 6.180000 1.516195 2.057554
 6.380000 1.327272 2.455516
 6.580000 1.594198 1.987804
 6.780000 1.391982 1.964189
 6.980000 1.563009 2.268272
 7.180000 1.493781 2.113497
 7.380000 1.303508 1.939497
 7.580000 1.677893 2.131986
 7.780000 1.223691 2.344932
 7.980000 1.481169 1.959439
 8.180000 1.583875 2.070216
 8.380000 1.412881 2.218684
 8.580000 1.185637 2.153732
 8.780000 1.697847 2.288991
 8.980000 1.321053 2.028727
 9.180000 1.003591 2.232976
 9.380000 1.675478 2.146263
 9.580000 1.496070 2.197078
 9.780000 1.327879 2.178770
 9.980000 1.360990 2.005625
 10.180000 1.645990 2.306333
 10.380000 1.359870 2.018096
 10.580001 1.311747 2.244490
 10.780001 1.316459 2.110317
 10.980001 1.388441 1.907973
 11.180001 1.196313 2.226661
 11.380001 1.320454 2.152953
 11.580001 1.475275 1.770419
 11.780001 1.360726 2.159566
 11.980001 1.240425 2.167230
 12.180001 1.336189 1.780562
 12.380001 1.326804 2.187740
 12.580001 1.260095 2.351194
 12.780001 1.357438 1.846007
 12.980001 1.492076 2.085036
 13.180001 1.286766 2.225450
 13.380001 1.268814 2.072468
 13.580001 1.349553 1.877960
 13.780001 1.372800 2.353971
 13.980001 1.085098 1.995658
 14.180001 1.310870 1.720976
 14.380001 1.548988 2.348141
 14.580001 1.175730 1.997742
 14.780001 1.042068 1.971827
 14.980001 1.532068 2.133534
 15.180001 1.356844 2.175609
 15.380001 1.258532 1.928309
 15.580001 1.275525 2.230300
 15.780001 1.551141 2.050784
 15.980001 1.258338 2.067862
 16.180001 1.333888 2.269123
 16.380001 1.481316 1.871832
 16.580001 1.235160 1.953342
 16.780001 1.249351 2.486440
 16.980001 1.612798 2.084882
 17.180001 1.284930 1.883798
 17.380001 1.441696 2.260920
 17.580001 1.553209 2.260778
 17.780001 1.127557 1.714065
 17.980001 1.460990 2.033950
 18.180001 1.139507 2.542587
 18.380001 1.437215 1.871357
 18.580001 1.600330 2.072348
 18.780001 1.361747 2.194663
 18.980001 1.268711 2.086354
 19.180001 1.615080 2.007611
 19.380001 1.370810 2.213075
 19.580001 1.047937 2.102516
 19.780001 1.548856 2.155816
 19.980001 1.408186 2.303247
 20.180001 1.346215 1.836514
 20.380001 1.092019 1.918527
 20.580001 1.471642 2.404988
 20.780001 1.280417 1.760435
 20.980001 1.125917 1.943272
 21.180001 1.658096 2.354491
 21.380001 1.314700 1.845801
 21.580001 1.244430 2.078815
 21.780001 1.329295 2.317132
 21.980001 1.432364 2.109363
 22.180001 1.420934 1.873629
 22.380001 1.345586 2.291579
 22.580001 1.349355 2.224727
 22.780001 1.387551 1.795060
 22.980001 1.380571 2.159425
 23.180001 1.245272 2.305796
 23.380001 1.057629 1.601759
 23.580001 1.385170 2.081388
 23.780001 1.219064 2.373770
 23.980001 1.091729 1.850034
 24.180001 1.240603 1.927222
 24.380001 1.426649 2.332149
 24.580001 1.352778 1.927004
 24.780001 1.147073 1.866904
 24.980001 1.256112 2.338133
 25.180001 1.476795 2.180476
 25.380001 1.166447 1.698617
 25.580001 1.314056 2.325619
 25.780001 1.276221 2.149667
 25.980001 1.198840 1.738392
 26.180001 1.332666 2.198080
 26.380001 1.273668 2.290638
 26.580001 1.101598 1.521405
 26.780001 1.227275 2.269019
 26.980001 1.274558 2.318471
 27.180001 1.151371 1.656959
 27.380001 1.463340 2.068611
 27.580001 1.199619 2.201273
 27.780001 1.222257 2.146204
 27.980001 1.460580 1.901898
 28.180001 1.254491 2.332852
 28.380001 1.354309 2.040959
 28.580001 1.205540 1.938269
 28.780001 1.271281 2.093711
 28.980001 1.004694 2.127036
 29.180001 1.210457 1.929055
 29.380001 1.281363 2.182547
 29.580001 1.333723 2.095372
 29.780001 1.136482 2.039819
 29.980001 1.313507 2.098097
 30.180001 1.430914 2.056235
 30.380001 1.268872 2.011049
 30.580001 1.340791 2.168069
 30.780001 1.408976 2.147495
 30.980001 1.150919 1.929547
 31.180001 1.257787 2.150906
 31.380001 1.436891 2.090414
 31.580001 1.099270 1.812923
 31.780002 1.190671 2.062098
 31.980002 1.256663 2.383226
 32.180002 1.462455 1.809601
 32.380002 1.237757 1.864707
 32.580002 1.355116 2.500282
 32.780002 1.199423 1.969183
 32.980002 1.261165 1.503063
 33.180002 1.475735 2.457747
 33.380002 1.339311 1.977427
 33.580002 1.153266 1.674283
 33.780002 1.422773 2.274900
 33.980002 1.279416 2.089803
 34.180002 0.904608 1.796725
 34.380002 1.466594 2.194227
 34.580002 1.418970 2.439463
 34.780002 1.210761 1.771897
 34.980002 1.479416 2.107754
 35.180002 1.446144 2.497886
 35.380002 1.181854 1.889886
 35.580002 1.329079 1.741692
 35.780002 1.474164 2.648502
 35.980002 1.413735 1.872349
 36.180002 1.220860 1.806639
 36.380002 1.314857 2.474416
 36.580002 1.319839 2.251449
 36.780002 1.152590 1.935793
 36.980002 1.611739 2.128025
 37.180002 1.420421 2.255598
 37.380002 1.316609 2.001519
 37.580002 1.291025 2.191787
 37.780002 1.480137 2.119691
 37.980002 1.215720 2.161098
 38.180002 1.475740 2.063147
 38.380002 1.477946 2.223667
 38.580002 1.293389 2.127871
 38.780002 1.471788 1.969333
 38.980002 1.559545 2.090372
 39.180002 1.368438 2.211507
 39.380002 0.934420 2.102859
 39.580002 1.437216 2.022091
 39.780002 1.516674 2.181991
 39.980002 1.340098 2.051841
 40.180002 1.213865 2.020731
 40.380002 1.445477 2.132535
 40.580002 1.254913 2.246186
 40.780002 1.343895 2.040030
 40.980002 1.480426 2.081381
 41.180002 1.456365 2.197969
 41.380002 1.047794 2.119462
 41.580002 1.304311 1.933086
 41.780002 1.623824 2.214698
 41.980002 1.146791 2.064272
 42.180002 1.094425 2.080447
 42.380002 1.235728 2.203227
 42.580002 1.395962 2.021249
 42.780002 1.075588 2.064262
 42.980002 1.534460 2.052549
 43.180002 1.310968 2.103397
 43.380002 1.344011 1.906446
 43.580002 1.368589 2.218114
 43.780002 1.572425 2.174879
 43.980002 1.043496 1.911086
 44.180002 1.185775 1.999323
 44.380002 1.507909 2.276661
 44.580002 1.298081 1.973687
 44.780002 1.179105 2.033571
 44.980002 1.256762 2.349703
 45.180002 1.607209 2.076523
 45.380002 1.141637 1.969608
 45.580002 1.383957 2.108627
 45.780002 1.411152 2.215226
 45.980002 1.309870 1.795700
 46.180002 1.176044 2.309090
 46.380002 1.360864 2.242642
 46.580002 1.277772 1.724737
 46.780002 1.537552 2.346962
 46.980002 1.306479 2.021970
 47.180002 1.173439 1.721826
 47.380002 1.517999 2.111528
 47.580002 1.178115 2.374616
 47.780002 1.247515 1.803383
 47.980002 1.561684 2.207282
 48.180002 1.498829 2.280557
 48.380002 1.194885 1.963754
 48.580002 1.479193 2.058499
 48.780002 1.347512 2.106080
 48.980002 1.222568 2.301341
 49.180002 1.371310 1.803516
 49.380002 1.266362 2.011990
 49.580002 1.190564 2.047795
 49.780002 1.334501 2.228428
 49.980002 1.693864 1.942124
 50.180002 1.181450 2.192257
 50.380002 1.142879 2.180625
 50.580002 1.383015 2.027117
 50.780002 1.382678 1.912146
 50.980002 1.293695 2.338922
 51.180002 1.291041 2.011489
 51.380002 1.348147 2.019189
 51.580002 1.220721 2.184506
 51.780002 1.440279 2.133968
 51.980002 1.261932 1.862070
 52.180002 1.264967 2.125268
 52.380002 1.348473 2.220387
 52.580002 1.277893 2.059510
 52.780003 1.195417 1.820189
 52.980003 1.343135 2.338733
 53.180003 1.161354 2.126170
 53.380003 1.286531 1.694304
 53.580003 1.262690 2.287318
 53.780003 1.321449 2.288063
 53.980003 1.339570 1.779891
 54.180003 1.429859 2.135207
 54.380003 1.294243 2.289378
 54.580003 1.286850 1.993045
 54.780003 1.243870 2.061489
 54.980003 1.260878 2.241722
 55.180003 1.294458 1.999642
 55.380003 1.265642 1.969167
 55.580003 1.405626 2.058609
 55.780003 1.209802 2.123777
 55.980003 1.251260 1.936833
 56.180003 1.304962 2.124009
 56.380003 1.194046 2.110127
 56.580003 1.196856 1.970342
 56.780003 1.336006 2.303501
 56.980003 1.238536 2.044319
 57.180003 1.350328 2.060012
 57.380003 1.458812 2.094803
 57.580003 1.197084 2.143151
 57.780003 1.232427 2.016419
 57.980003 1.280201 2.122965
 58.180003 1.363036 2.107870
 58.380003 1.335860 2.032252
 58.580003 1.192088 1.961514
 58.780003 1.264648 2.250729
 58.980003 1.315985 2.209513
 59.180003 1.299145 1.897005
 59.380003 1.334950 2.188597
 59.580003 1.213698 2.229633
 59.780003 1.336312 1.876717
 59.980003 1.444032 2.107406
 60.180003 1.159512 2.318462
 60.380003 1.461187 1.884870
 60.580003 1.292508 1.869983
 60.780003 1.224514 2.309502
 60.980003 1.280975 2.121070
 61.180003 1.343946 1.871445
 61.380003 1.390081 2.216117
 61.580003 1.211147 2.065182
 61.780003 1.271977 1.904281
 61.980003 1.447014 2.357928
 62.180003 1.244913 2.011641
 62.380003 1.321655 2.002143
 62.580003 1.554796 2.120881
 62.780003 1.249419 2.110032
 62.980003 1.284532 1.919870
 63.180003 1.371384 2.323430
 63.380003 1.440959 1.919391
 63.580003 1.316909 2.114547
 63.780003 1.375473 2.177888
 63.980003 1.126470 2.029626
 64.180003 1.278776 1.960307
 64.380003 1.470077 2.346418
 64.580003 1.507904 1.960128
 64.780003 1.286121 2.087509
 64.980003 1.265357 2.215953
 65.180003 1.504346 2.195744
 65.380003 1.348747 1.901125
 65.580003 1.328244 2.329326
 65.780003 1.446447 2.203452
 65.980003 1.501580 1.835728
 66.180003 1.298172 2.250085
 66.380003 1.476484 2.168084
 66.580003 1.268695 1.847134
 66.780003 1.342470 2.053643
 66.980003 1.231170 2.423286
 67.180003 1.403526 1.944430
 67.380003 1.383046 1.891172
 67.580003 1.357655 2.320239
 67.780003 1.449899 1.924832
 67.980003 1.294863 1.809854
 68.180003 1.377834 2.237150
 68.380003 1.168748 2.281649
 68.580003 1.354592 1.817692
 68.780003 1.356814 2.223908
 68.980003 1.369485 2.071194
 69.180003 1.140489 2.023621
 69.380003 1.344062 1.971573
 69.580003 1.309661 2.305130
 69.780003 1.294725 1.947836
 69.980003 1.188138 2.054889
 70.180003 1.425509 2.107304
 70.380003 1.391609 2.126884
 70.580003 1.241427 1.887891
 70.780003 1.391174 2.205240
 70.980003 1.351187 2.210822
 71.180003 1.293391 1.946215
 71.380003 1.237268 2.208341
 71.580003 1.410661 2.113499
 71.780003 1.348763 2.010863
 71.980003 1.311738 2.032711
 72.180003 1.226529 2.334825
 72.380003 1.510600 1.963422
 72.580003 1.301425 2.057414
 72.780003 1.423542 2.266282
 72.980003 1.517119 2.000129
 73.180003 1.262357 2.000374
 73.380003 1.371698 2.319340
 73.580003 1.493383 2.353318
 73.780004 1.428529 1.900860
 73.980004 1.255259 2.275305
 74.180004 1.515537 2.086195
 74.380004 1.238203 2.087665
 74.580004 1.392430 2.144455
 74.780004 1.478370 2.183221
 74.980004 1.192168 2.093102
 75.180004 1.425081 1.882609
 75.380004 1.518530 2.409799
 75.580004 1.374366 2.072254
 75.780004 1.259165 1.823487
 75.980004 1.529208 2.088200
 76.180004 1.301563 2.425425
 76.380004 1.466959 1.866794
 76.580004 1.255572 2.089503
 76.780004 1.387143 2.319957
 76.980004 1.409469 1.955220
 77.180004 1.233480 1.880624
 77.380004 1.256307 2.254497
 77.580004 1.385168 2.153952
 77.780004 1.203035 1.815111
 77.980004 1.260567 2.273023
 78.180004 1.364948 2.223518
 78.380004 1.208684 1.880804
 78.580004 1.329224 1.950392
 78.780004 1.385649 2.231179
 78.980004 1.153852 1.973977
 79.180004 1.379391 2.067290
 79.380004 1.457718 2.352254
 79.580004 1.248917 2.005904
 79.780004 1.179092 1.893444
 79.980004 1.560503 2.353746
 80.180004 1.214247 2.200381
 80.380004 1.253080 1.674999
 80.580004 1.287816 2.344751
 80.780004 1.364866 2.347087
 80.980004 1.018478 1.691004
 81.180004 1.260236 1.962352
 81.380004 1.506829 2.357257
 81.580004 1.250820 1.900881
 81.780004 1.255021 1.995388
 81.980004 1.252348 2.570916
 82.180004 1.404993 1.643763
 82.380004 1.193393 2.140618
 82.580004 1.351012 2.365093
 82.780004 1.323436 1.709518
 82.980004 1.275885 1.697415
 83.180004 1.413789 2.506459
 83.380004 1.178107 2.069705
 83.580004 1.176656 1.646763
 83.780004 1.580613 2.484573
 83.980004 1.431892 1.896148
 84.180004 1.121713 1.868114
 84.380004 1.421801 2.195187
 84.580004 1.257689 2.460915
 84.780004 1.337985 1.719912
 84.980004 1.483788 2.262322
 85.180004 1.299435 2.333215
 85.380004 1.167196 1.702188
 85.580004 1.392027 2.013673
 85.780004 1.315481 2.384810
 85.980004 1.198636 1.896753
 86.180004 1.231940 1.931115
 86.380004 1.447972 2.448798
 86.580004 1.295421 1.703694
 86.780004 1.182388 2.047488
 86.980004 1.405869 2.316533
 87.180004 1.365179 2.124331
 87.380004 1.427301 1.806465
 87.580004 1.415284 2.456289
 87.780004 1.318163 2.179829
 87.980004 1.234156 1.782552
 88.180004 1.514681 2.416363
 88.380004 1.328794 2.104497
 88.580004 1.122072 1.835571
 88.780004 1.373269 2.158615
 88.980004 1.322577 2.361068
 89.180004 1.285952 1.708770
 89.380004 1.320111 1.947049
 89.580004 1.371326 2.465786
 89.780004 1.075679 1.888893
 89.980004 1.046062 1.751741
 90.180004 1.505994 2.418231
 90.380004 1.415866 2.025987
 90.580004 1.060143 1.793334
 90.780004 1.455960 2.270794
 90.980004 1.430482 2.079784
 91.180004 0.985987 1.892586
 91.380004 1.304302 1.995812
 91.580004 1.455456 2.291470
 91.780004 1.218876 1.778693
 91.980004 1.269140 2.059748
 92.180004 1.329186 2.337074
 92.380004 1.440180 1.877762
 92.580004 1.291153 2.060079
 92.780004 1.307031 2.321500
 92.980004 1.624259 2.059075
 93.180004 1.498645 1.905495
 93.380004 1.412905 2.343358
 93.580004 1.309538 2.232627
 93.780004 1.510746 1.935225
 93.980004 1.515069 2.276313
 94.180004 1.207255 2.226292
 94.380004 1.369294 2.067166
 94.580004 1.488172 2.287902
 94.780005 1.395236 2.038066
 94.980005 1.499176 2.122239
 95.180005 1.463776 2.286048
 95.380005 1.232848 2.095590
 95.580005 1.344272 2.061261
 95.780005 1.378417 2.238212
 95.980005 1.415456 2.069020
 96.180005 1.268912 2.005751
 96.380005 1.391754 2.269326
 96.580005 1.548533 2.049062
 96.780005 1.382111 2.068604
 96.980005 1.305787 2.200970
 97.180005 1.394394 2.208883
 97.380005 1.363175 1.968568
 97.580005 1.141869 2.390085
 97.780005 1.444488 2.160634
 97.980005 1.431118 1.979913
 98.180005 1.288717 2.176896
 98.380005 1.394378 2.151057
 98.580005 1.368424 2.012551
 98.780005 1.314393 2.040370
 98.980005 1.314623 2.396150
 99.180005 1.397631 1.801471
 99.380005 1.315726 2.239293
 99.580005 1.248232 2.160647
 99.780005 1.324123 1.939936
 99.980005 1.341302 2.048406
 100.180005 1.277075 2.204611
 100.380005 1.280893 1.993227
 100.580005 1.216812 2.180484
 100.780005 1.435746 2.133178
 100.980005 1.474714 2.048084
 101.180005 1.368644 2.229222
 101.380005 1.536352 1.989885
 101.580005 1.192066 2.197420
 101.780005 1.528347 2.009722
 101.980005 1.109373 2.239826
 102.180005 1.338844 1.971053
 102.380005 1.372544 2.216343
 102.580005 1.407274 2.051043
 102.780005 1.010917 2.172243
 102.980005 1.475831 1.951275
 103.180005 1.537387 2.135299
 103.380005 1.217298 2.061210
 103.580005 1.320473 2.267790
 103.780005 1.649262 2.275222
 103.980005 1.179239 1.765309
 104.180005 1.134591 2.066558
 104.380005 1.715366 2.174322
 104.580005 1.061563 2.045191
 104.780005 1.256851 1.922537
 104.980005 1.624976 2.461151
 105.180005 1.482553 2.097337
 105.380005 1.326243 2.146643
 105.580005 1.432632 2.242324
 105.780005 1.891342 2.112906
 105.980005 1.060363 2.163716
 106.180005 1.285249 2.079286
 106.380005 1.597536 2.222556
 106.580005 1.403429 2.175316
 106.780005 1.219141 2.208807
 106.980005 1.577510 2.096078
 107.180005 1.560341 1.918401
 107.380005 1.088018 2.329159
 107.580005 1.590207 2.225958
 107.780005 1.498012 1.895161
 107.980005 1.420145 1.999010
 108.180005 1.296677 2.375493
 108.380005 1.678660 1.927180
 108.580005 1.112178 2.112099
 108.780005 1.011677 2.406225
 108.980005 1.750525 1.889197
 109.180005 1.447523 2.017342
 109.380005 1.398471 2.150794
 109.580005 1.304157 2.225964
 109.780005 1.535651 1.949653
 109.980005 1.337935 2.283063
 110.180005 1.300284 2.195920
 110.380005 1.214303 1.535439
 110.580005 1.560702 2.116504
 110.780005 1.280468 2.473994
 110.980005 1.125673 1.783875
 111.180005 1.496652 2.021260
 111.380005 1.125443 2.606498
 111.580005 1.337446 1.676649
 111.780005 1.213652 1.866261
 111.980005 1.319647 2.278164
 112.180005 1.210457 1.955894
 112.380005 1.218269 1.638847
 112.580005 1.437351 2.457367
 112.780005 1.150590 2.118138
 112.980005 1.232268 1.851947
 113.180005 1.326368 2.298788
 113.380005 1.311145 1.911199
 113.580005 1.102947 1.833389
 113.780005 1.331803 2.258224
 113.980005 1.326477 2.018286
 114.180005 1.169220 1.858517
 114.380005 1.277089 2.435514
 114.580005 1.487436 2.165708
 114.780005 1.188226 1.853892
 114.980005 1.362964 2.104789
 115.180005 1.605908 2.223499
 115.380005 1.168747 2.069929
 115.580005 1.264804 2.129438
 115.780005 1.473018 2.313396
 115.980006 1.527426 1.789508
 116.180006 1.227084 2.306869
 116.380006 1.466841 2.178257
 116.580006 1.317199 1.783019
 116.780006 1.605030 2.045520
 116.980006 1.426632 2.320987
 117.180006 1.250378 1.914630
 117.380006 1.286518 1.935155
 117.580006 1.348350 2.515795
 117.780006 1.346860 1.867400
 117.980006 1.342436 2.109195
 118.180006 1.358987 2.346238
 118.380006 1.337030 2.032143
 118.580006 1.535226 1.837235
 118.780006 1.259463 2.413035
 118.980006 1.316245 2.037804
 119.180006 1.135888 1.864498
 119.380006 1.413336 2.201391
 119.580006 1.450186 2.054463
 119.780006 1.175909 1.840797
 119.980006 1.296663 2.107784
 120.180006 1.400541 2.204553
 120.380006 1.451772 1.998518
 120.580006 1.162330 2.081037
 120.780006 1.474149 2.195328
 120.980006 1.245325 2.137967
 121.180006 1.448598 1.831129
 121.380006 1.318989 2.246796
 121.580006 1.437655 2.059294
 121.780006 1.282668 2.005318
 121.980006 1.302041 2.178095
 122.180006 1.182928 2.181381
 122.380006 1.455672 2.086097
 122.580006 1.250077 2.036824
 122.780006 1.314807 2.170619
 122.980006 1.483797 2.117003
 123.180006 1.023979 2.054648
 123.380006 1.282860 2.068635
 123.580006 1.418754 2.546193
 123.780006 1.174776 1.832482
 123.980006 1.340488 1.865716
 124.180006 1.553490 2.327551
 124.380006 1.204126 1.852609
 124.580006 1.186411 1.863191
 124.780006 1.350451 2.542107
 124.980006 1.539377 2.026313
 125.180006 1.234483 1.774785
 125.380006 1.291032 2.319939
 125.580006 1.466485 2.291631
 125.780006 1.225702 1.884414
 125.980006 1.377955 2.240046
 126.180006 1.461400 2.243969
 126.380006 1.158648 1.750456
 126.580006 1.387454 2.024397
 126.780006 1.376129 2.463610
 126.980006 1.059323 1.894496
 127.180006 1.378763 1.703553
 127.380006 1.226353 2.745946
 127.580006 1.369284 1.924865
 127.780006 1.215257 1.657621
 127.980006 1.311118 2.292458
 128.180006 1.395206 2.033913
 128.380006 0.980114 1.756498
 128.580006 1.465247 2.108793
 128.780006 1.256764 2.506874
 128.980006 1.349418 1.742664
 129.180006 1.500345 1.937850
 129.380006 1.226040 2.419803
 129.580006 1.129251 2.024371
 129.780006 1.464155 1.591194
 129.980006 1.316469 2.496717
 130.180006 1.301026 1.964938
 130.380006 1.121846 1.797752
 130.580006 1.382699 2.498167
 130.780006 1.556609 2.029073
 130.980006 1.215610 1.551537
 131.180006 1.307617 2.520090
 131.380006 1.359436 2.317757
 131.580006 1.437194 1.675512
 131.780006 1.516641 2.077955
 131.980006 1.452614 2.407580
 132.180006 0.778648 1.771840
 132.380006 1.214620 1.562731
 132.580006 1.435986 2.764253
 132.780006 1.221684 1.642772
 132.980006 1.296776 1.779331
 133.180006 1.512495 2.633819
 133.380006 1.739418 1.757089
 133.580006 1.329484 1.930428
 133.780006 1.119783 2.459436
 133.980006 1.497702 2.200802
 134.180006 1.323770 1.785541
 134.380006 1.493428 2.185252
 134.580006 1.560568 2.089522
 134.780006 1.215332 1.951925
 134.980006 1.212553 2.116539
 135.180006 1.322580 2.346265
 135.380006 1.464877 1.833715
 135.580006 1.541752 2.076993
 135.780006 1.181423 2.243170
 135.980006 1.243126 2.212219
 136.180006 1.571597 1.950971
 136.380006 1.288787 2.269643
 136.580006 1.163764 2.197345
 136.780006 1.505453 1.919580
 136.980007 1.415062 2.220825
 137.180007 1.209540 2.047204
 137.380007 1.421283 2.064836
 137.580007 1.578892 2.264752
 137.780007 1.319346 1.826763
 137.980007 1.116046 2.133190
 138.180007 1.282721 2.326016
 138.380007 1.196041 1.747795
 138.580007 1.261528 2.042813
 138.780007 1.406979 2.378123
 138.980007 1.306788 1.612368
 139.180007 1.407933 1.836836
 139.380007 1.391657 2.472897
 139.580007 1.370618 2.150445
 139.780007 1.195638 1.690501
 139.980007 1.293935 2.416814
 140.180007 1.469963 2.113082
 140.380007 1.000733 1.453359
 140.580007 1.428219 2.190091
 140.780007 1.414841 2.382295
 140.980007 0.952973 1.570583
 141.180007 1.521075 2.069629
 141.380007 1.179937 2.589178
 141.580007 1.444089 1.735961
 141.780007 1.343296 1.622355
 141.980007 1.310400 2.584159
 142.180007 1.341439 1.891625
 142.380007 1.087641 1.500743
 142.580007 1.515052 2.452867
 142.780007 1.262551 2.101375
 142.980007 1.269661 1.753592
 143.180007 1.520889 2.325720
 143.380007 1.290997 2.212288
 143.580007 1.039996 2.012603
 143.780007 1.351804 2.064993
 143.980007 1.669721 2.291443
 144.180007 1.309849 1.897152
 144.380007 1.306822 2.159082
 144.580007 1.513894 2.232556
 144.780007 1.325006 1.962567
 144.980007 1.188094 2.180757
 145.180007 1.496698 2.213113
 145.380007 1.478891 2.168992
 145.580007 1.515023 1.994392
 145.780007 1.375391 2.305941
 145.980007 1.441694 2.328089
 146.180007 1.269196 1.983292
 146.380007 1.505449 2.279087
 146.580007 1.440837 2.157554
 146.780007 1.529965 2.047890
 146.980007 1.438640 2.190667
 147.180007 1.413293 2.320879
 147.380007 1.507910 1.736901
 147.580007 1.240193 2.270347
 147.780007 1.316639 2.378229
 147.980007 1.337873 2.008158
 148.180007 1.646992 1.951752
 148.380007 1.498343 2.385994
 148.580007 1.185052 2.025063
 148.780007 1.352509 1.772475
 148.980007 1.537377 2.350617
 149.180007 1.208786 2.031723
 149.380007 0.952687 1.810071
 149.580007 1.544814 2.356905
 149.780007 1.482097 2.059163
 149.980007 1.197804 1.879027
 150.180007 1.412062 2.195282
 150.380007 1.524429 2.251565
 150.580007 1.091548 1.919794
 150.780007 1.245389 2.143139
 150.980007 1.470563 2.194602
 151.180007 1.244590 1.903462
 151.380007 1.317308 2.090980
 151.580007 1.387298 2.339928
 151.780007 1.343254 1.829904
 151.980007 1.203862 1.868754
 152.180007 1.318691 2.501541
 152.380007 1.206879 2.217844
 152.580007 1.335460 1.762979
 152.780007 1.579701 2.425871
 152.980007 1.273115 1.970555
 153.180007 1.025962 1.943043
 153.380007 1.682464 2.198509
 153.580007 1.469143 2.236605
 153.780007 1.110551 1.902895
 153.980007 1.478826 2.164113
 154.180007 1.406302 2.279127
 154.380007 1.213349 2.016933
 154.580007 1.457317 1.748097
 154.780007 1.543583 2.255932
 154.980007 0.972463 2.161124
 155.180007 1.322267 1.753266
 155.380007 1.450681 2.230254
 155.580007 1.218067 2.134309
 155.780007 1.047577 2.014852
 155.980007 1.417165 2.043041
 156.180007 1.457238 2.322262
 156.380007 1.231349 1.808824
 156.580007 1.062010 2.100428
 156.780007 1.221800 2.362261
 156.980007 1.313474 1.603225
 157.180007 1.459896 2.112365
 157.380007 1.190057 2.324157
 157.580007 1.308497 2.011337
 157.780007 1.191565 1.848425
 157.980008 1.324889 2.365195
 158.180008 1.223556 1.903948
 158.380008 0.999220 1.836412
 158.580008 1.323588 2.416008
 158.780008 1.330368 2.017562
 158.980008 1.364671 1.890301
 159.180008 1.326342 2.415103
 159.380008 1.607334 2.088624
 159.580008 1.183080 1.819501
 159.780008 1.203648 2.283117
 159.980008 1.516142 2.272738
 160.180008 1.267066 1.634816
 160.380008 1.412457 2.234924
 160.580008 1.362448 2.373649
 160.780008 1.415811 1.739498
 160.980008 1.279663 2.029172
 161.180008 1.252960 2.428724
 161.380008 1.334779 1.860486
 161.580008 1.301151 1.991495
 161.780008 1.563615 2.371355
 161.980008 1.340462 1.938846
 162.180008 1.185838 1.818492
 162.380008 1.398048 2.310645
 162.580008 1.309822 2.178001
 162.780008 1.203975 1.813423
 162.980008 1.391114 2.356671
 163.180008 1.448236 2.180109
 163.380008 1.219543 1.891243
 163.580008 1.319199 2.069269
 163.780008 1.479953 2.299006
 163.980008 1.098098 1.888543
 164.180008 1.144439 2.146206
 164.380008 1.491362 2.299767
 164.580008 1.001469 1.555939
 164.780008 1.274708 2.048113
 164.980008 1.270586 2.399483
 165.180008 1.223799 1.797412
 165.380008 1.485420 1.777409
 165.580008 1.300890 2.418992
 165.780008 1.485568 2.209254
 165.980008 1.354714 1.727772
 166.180008 1.222596 2.118821
 166.380008 1.621276 2.139364
 166.580008 1.107491 2.023309
 166.780008 1.175385 1.899347
 166.980008 1.483409 2.311158
 167.180008 1.465195 2.029572
 167.380008 1.208973 2.164188
 167.580008 1.312036 2.264355
 167.780008 1.384215 1.544393
 167.980008 1.251521 2.288017
 168.180008 1.393727 2.125945
 168.380008 1.141367 2.071492
 168.580008 1.675123 2.018052
 168.780008 1.344396 2.340811
 168.980008 1.574688 1.797863
 169.180008 1.458802 2.144348
 169.380008 1.285295 2.306915
 169.580008 1.471065 1.994630
 169.780008 1.180871 2.219724
 169.980008 1.200249 2.071970
 170.180008 1.383669 2.085898
 170.380008 1.602660 2.027469
 170.580008 1.174703 2.249474
 170.780008 1.563246 2.069814
 170.980008 1.490468 1.848738
 171.180008 1.302607 2.164818
 171.380008 1.496455 2.070968
 171.580008 1.290539 1.832403
 171.780008 1.386618 2.264014
 171.980008 1.374115 2.265261
 172.180008 1.314687 1.830246
 172.380008 1.549089 2.578544
 172.580008 1.358636 1.916432
 172.780008 1.268270 2.111783
 172.980008 1.418592 2.355469
 173.180008 1.275334 1.913007
 173.380008 1.306486 1.970960
 173.580008 1.466417 2.351079
 173.780008 1.363947 1.878869
 173.980008 1.435063 1.965268
 174.180008 1.284954 2.406192
 174.380008 1.589486 2.112089
 174.580008 1.145322 1.934886
 174.780008 1.420848 2.234134
 174.980008 1.324493 2.336968
 175.180008 1.437702 1.911508
 175.380008 1.429805 2.336555
 175.580008 1.293084 2.278171
 175.780008 1.519171 1.832629
 175.980008 1.551253 2.319047
 176.180008 1.372160 2.129828
 176.380008 1.271510 1.912913
 176.580008 1.536119 2.014855
 176.780008 1.303015 2.544568
 176.980008 1.432429 1.903313
 177.180008 1.387477 2.133589
 177.380008 1.323035 2.325278
 177.580008 1.447822 2.101787
 177.780008 1.319817 1.935226
 177.980008 1.465266 2.282227
 178.180008 1.227353 2.209680
 178.380008 1.344852 1.904733
 178.580008 1.546166 2.258683
 178.780008 1.405727 2.039972
 178.980009 1.068666 2.118485
 179.180009 1.513749 2.122997
 179.380009 1.442138 2.178940
 179.580009 1.220005 2.099591
 179.780009 1.551501 2.084303
 179.980009 1.502537 2.206832
 180.180009 1.138461 2.104183
 180.380009 1.414920 2.098987
 180.580009 1.579258 2.178236
 180.780009 0.990260 1.847882
 180.980009 1.460144 2.056038
 181.180009 1.326827 2.465377
 181.380009 1.241847 1.755717
 181.580009 1.131565 1.850229
 181.780009 1.482093 2.509390
 181.980009 1.463790 2.122729
 182.180009 1.321597 1.731891
 182.380009 1.533206 2.329127
 182.580009 1.385823 2.366311
 182.780009 1.334007 2.037580
 182.980009 1.270552 2.064774
 183.180009 1.532702 2.261345
 183.380009 1.156648 2.035271
 183.580009 1.435780 1.963287
 183.780009 1.322653 2.310336
 183.980009 1.177503 1.876467
 184.180009 1.156433 1.829418
 184.380009 1.422671 2.385930
 184.580009 1.358093 1.767416
 184.780009 1.335110 1.855449
 184.980009 1.324396 2.354824
 185.180009 1.358795 2.134781
 185.380009 1.301954 1.714741
 185.580009 1.271409 2.597174
 185.780009 1.494321 2.098300
 185.980009 1.154738 1.726631
 186.180009 1.303130 2.288985
 186.380009 1.534782 2.112960
 186.580009 1.302931 1.770269
 186.780009 1.421264 2.183914
 186.980009 1.277113 2.375913
 187.180009 1.417509 1.838656
 187.380009 1.266279 2.251694
 187.580009 1.417369 2.259880
 187.780009 1.228856 2.057141
 187.980009 1.580903 2.001602
 188.180009 1.415205 2.386736
 188.380009 1.218478 2.097477
 188.580009 1.322897 1.954682
 188.780009 1.423770 2.425108
 188.980009 1.253205 2.057029
 189.180009 1.347305 1.883300
 189.380009 1.823116 2.309003
 189.580009 1.138800 2.043155
 189.780009 1.307816 2.014120
 189.980009 1.497915 2.337144
 190.180009 1.537738 1.927687
 190.380009 1.169038 2.100609
 190.580009 1.495270 2.310783
 190.780009 1.397182 1.873493
 190.980009 1.294510 2.223389
 191.180009 1.323552 2.216486
 191.380009 1.552435 2.001357
 191.580009 1.459880 2.049989
 191.780009 1.157321 2.311666
 191.980009 1.752731 1.962401
 192.180009 1.174338 2.201206
 192.380009 1.460423 2.102444
 192.580009 1.496187 1.973367
 192.780009 1.467538 2.213740
 192.980009 1.064540 2.062048
 193.180009 1.282009 1.932216
 193.380009 1.498657 2.126501
 193.580009 1.249997 2.085391
 193.780009 1.272430 2.067491
 193.980009 1.212235 2.111916
 194.180009 1.501063 2.096185
 194.380009 1.033405 2.169483
 194.580009 1.477305 2.076532
 194.780009 1.578245 2.159915
 194.980009 1.128500 1.967289
 195.180009 1.158227 2.224993
 195.380009 1.627248 2.204050
 195.580009 1.199284 1.771526
 195.780009 1.281084 1.988726
 195.980009 1.535162 2.230138
 196.180009 1.148443 1.972903
 196.380009 1.326202 2.083352
 196.580009 1.202656 2.377326
 196.780009 1.433510 1.761571
 196.980009 1.456294 2.317064
 197.180009 1.281170 2.213020
 197.380009 1.371500 1.961282
 197.580009 1.415891 1.844453
 197.780009 1.357702 2.427566
 197.980009 1.333658 1.886632
 198.180009 1.364536 1.933121
 198.380009 1.299565 2.479681
 198.580009 1.558904 2.094599
 198.780009 1.248113 1.805537
 198.980009 1.378397 2.290441
 199.180009 1.360381 2.249795
 199.380009 1.363211 1.790178
 199.580009 1.301203 2.273787
 199.780009 1.476650 2.283789
 199.980009 1.264080 1.846008
