#! FIELDS time phi psi
#! SET max_psi pi
 0.180000 1.345546 -0.463750
 0.380000 1.244671 -1.360153
 0.580000 1.108471 -0.616185
 0.780000 1.083407 -1.069620
 0.980000 1.344168 -0.883035
 1.180000 1.256800 -0.774962
 1.380000 1.174713 -1.169747
 1.580000 1.173189 -0.466858
 1.780000 0.934215 -1.189210
 1.980000 1.097136 -0.561126
 2.180000 1.275390 -1.166449
 2.380000 1.239554 -0.872681
 2.580000 1.357858 -0.935702
 2.780000 1.469312 -1.005315
 2.980000 1.318939 -0.879539
 3.180000 1.105394 -0.915174
 3.380000 1.060094 -0.887186
 3.580000 1.174881 -0.823519
 3.780000 1.140692 -0.981590
 3.980000 1.561042 -0.788821
 4.180000 1.254472 -1.143671
 4.380000 1.377855 -0.604833
 4.580000 0.923135 -1.219285
 4.780000 1.192145 -0.739871
 4.980000 1.150992 -1.228832
 5.180000 1.258762 -0.764952
 5.380000 1.237006 -1.006864
 5.580000 1.478296 -1.012303
 5.780000 1.351828 -0.982663
 5.980000 1.345054 -0.900789
 6.180000 1.066985 -0.843197
 6.380000 1.223250 -0.938752
 6.580000 1.169625 -1.100329
 6.780000 1.231035 -0.728579
 6.980000 1.121081 -1.097299
 7.180000 1.386202 -0.808170
 7.380000 1.314592 -1.087567
 7.580000 1.482624 -0.758263
 7.780000 1.114295 -0.948989
 7.980000 1.144721 -1.005756
 8.180000 1.170262 -0.747123
 8.380000 1.242681 -1.125324
 8.580000 1.109240 -0.909173
 8.780000 1.267125 -0.915232
 8.980000 1.267771 -0.871082
 9.180000 1.367300 -0.939073
 9.380000 1.239729 -1.066636
 9.580000 1.338907 -0.723900
 9.780000 1.403391 -1.040993
 9.980000 1.373691 -0.840639
 10.180000 1.171854 -1.096859
 10.380000 1.169368 -0.774212
 10.580001 1.290400 -0.966850
 10.780001 1.244769 -0.889965
 10.980001 1.099854 -0.796039
 11.180001 1.125212 -0.988081
 11.380001 1.212698 -0.903477
 11.580001 1.308841 -0.963499
 11.780001 1.283541 -0.994810
 11.980001 1.470683 -0.889271
 12.180001 1.287955 -1.170633
 12.380001 1.079572 -0.612628
 12.580001 0.988187 -0.964422
 12.780001 1.269490 -0.822239
 12.980001 1.316253 -0.846696
 13.180001 1.240863 -0.961781
 13.380001 1.169569 -0.728190
 13.580001 1.148660 -1.211210
 13.780001 1.302355 -0.746532
 13.980001 1.183794 -1.140982
 14.180001 1.397501 -0.771961
 14.380001 1.208757 -0.996866
 14.580001 1.382180 -0.815514
 14.780001 1.304711 -1.057760
 14.980001 1.270690 -0.803305
 15.180001 1.241870 -0.917810
 15.380001 0.941246 -0.904387
 15.580001 1.189276 -1.133731
 15.780001 1.326253 -0.833324
 15.980001 1.347627 -1.094746
 16.180001 1.322748 -0.705023
 16.380001 1.288169 -1.105887
 16.580001 1.430591 -0.712526
 16.780001 1.270159 -1.013380
 16.980001 1.333643 -0.858943
 17.180001 1.316404 -0.873727
 17.380001 1.360673 -1.029495
 17.580001 1.087287 -0.896874
 17.780001 1.202711 -0.940239
 17.980001 1.211634 -0.946587
 18.180001 1.209076 -0.987440
 18.380001 1.048368 -0.899169
 18.580001 1.130018 -0.880325
 18.780001 1.242949 -1.031432
 18.980001 1.317249 -0.840248
 19.180001 1.326783 -0.990165
 19.380001 1.366510 -0.871015
 19.580001 1.333986 -1.041050
 19.780001 1.120902 -0.753828
 19.980001 1.219613 -0.927368
 20.180001 1.168960 -0.985516
 20.380001 1.245371 -0.888137
 20.580001 1.066319 -0.868907
 20.780001 1.363240 -1.067526
 20.980001 1.262408 -0.933137
 21.180001 1.212649 -0.817093
 21.380001 1.408649 -0.955866
 21.580001 1.415640 -1.030678
 21.780001 1.264936 -0.913203
 21.980001 1.136267 -0.748247
 22.180001 1.189046 -1.136508
 22.380001 1.220711 -0.837553
 22.580001 1.159310 -0.982274
 22.780001 1.306730 -0.855937
 22.980001 1.248791 -0.945060
 23.180001 1.270145 -0.977449
 23.380001 1.332330 -0.798946
 23.580001 1.154577 -0.872570
 23.780001 1.257374 -0.932028
 23.980001 1.382020 -0.955342
 24.180001 1.264775 -0.982480
 24.380001 1.189975 -0.824438
 24.580001 1.199022 -1.065235
 24.780001 1.300142 -0.772627
 24.980001 1.158130 -1.021892
 25.180001 1.226706 -0.786272
 25.380001 1.240693 -1.233497
 25.580001 1.288090 -0.661874
 25.780001 1.176993 -1.089522
 25.980001 1.265753 -0.720080
 26.180001 1.138778 -1.080922
 26.380001 1.287100 -0.932954
 26.580001 1.087069 -0.846475
 26.780001 1.187892 -0.781991
 26.980001 1.242790 -0.873349
 27.180001 1.345514 -0.909725
 27.380001 1.369443 -1.097013
 27.580001 1.186078 -0.724083
 27.780001 1.232455 -1.296172
 27.980001 1.251113 -0.758029
 28.180001 1.236936 -1.248843
 28.380001 1.173046 -0.693136
 28.580001 1.181911 -0.931525
 28.780001 1.268778 -0.923891
 28.980001 1.264678 -0.804206
 29.180001 1.215119 -0.880278
 29.380001 1.207301 -0.784523
 29.580001 1.451271 -1.175045
 29.780001 1.339494 -0.773905
 29.980001 1.159858 -0.836328
 30.180001 1.109006 -0.970956
 30.380001 1.219563 -0.874603
 30.580001 1.244836 -0.987643
 30.780001 1.216768 -0.917398
 30.980001 1.256865 -1.029519
 31.180001 1.195318 -0.984684
 31.380001 1.160415 -0.771254
 31.580001 1.113386 -1.029887
 31.780002 1.246757 -0.781654
 31.980002 1.252642 -0.944528
 32.180002 1.245683 -0.957375
 32.380002 1.168689 -0.877579
 32.580002 1.172399 -1.081835
 32.780002 1.421311 -0.820579
 32.980002 1.171911 -1.058272
 33.180002 1.058467 -0.761677
 33.380002 1.266458 -0.991429
 33.580002 1.298547 -1.039191
 33.780002 1.267046 -0.731321
 33.980002 1.136657 -1.102015
 34.180002 1.349446 -0.693908
 34.380002 1.316306 -1.233788
 34.580002 1.405569 -0.737124
 34.780002 1.241008 -1.069040
 34.980002 1.082842 -0.907688
 35.180002 1.239775 -0.718634
 35.380002 1.153817 -1.050375
 35.580002 1.184562 -0.879418
 35.780002 1.360489 -0.876482
 35.980002 1.319532 -0.998163
 36.180002 1.446909 -0.771818
 36.380002 1.239678 -1.200733
 36.580002 1.271318 -0.479420
 36.780002 1.115915 -1.238378
 36.980002 1.208816 -0.715150
 37.180002 0.922081 -0.996457
 37.380002 1.210664 -0.817407
 37.580002 1.200488 -1.113610
 37.780002 1.360790 -0.907156
 37.980002 1.172800 -0.877920
 38.180002 1.293122 -0.980714
 38.380002 1.362836 -1.044833
 38.580002 1.277188 -0.751873
 38.780002 1.152861 -1.021558
 38.980002 1.090832 -0.693767
 39.180002 1.179476 -1.116518
 39.380002 1.241454 -0.736845
 39.580002 1.123998 -1.130902
 39.780002 1.213638 -0.851696
 39.980002 1.371222 -0.945866
 40.180002 1.325931 -0.918722
 40.380002 1.389278 -0.942757
 40.580002 1.024021 -0.911906
 40.780002 1.231958 -0.978061
 40.980002 1.243382 -0.791198
 41.180002 1.301628 -1.081383
 41.380002 1.167852 -0.691462
 41.580002 1.155418 -1.045489
 41.780002 1.256708 -0.840246
 41.980002 1.288443 -1.049993
 42.180002 1.159956 -0.805343
 42.380002 1.267113 -0.793990
 42.580002 1.396714 -0.929717
 42.780002 1.250496 -0.971170
 42.980002 1.332225 -0.907368
 43.180002 0.848469 -0.921701
 43.380002 1.262666 -0.998106
 43.580002 1.179899 -0.871398
 43.780002 1.156906 -1.009399
 43.980002 1.223993 -0.970346
 44.180002 1.202715 -0.934005
 44.380002 1.276177 -0.838083
 44.580002 1.322572 -0.809762
 44.780002 1.420589 -0.994911
 44.980002 1.353778 -1.022609
 45.180002 1.284031 -0.858299
 45.380002 1.202458 -0.952380
 45.580002 1.269923 -0.902504
 45.780002 1.004757 -1.029184
 45.980002 1.173054 -0.740539
 46.180002 1.096562 -1.087505
 46.380002 1.327192 -0.752636
 46.580002 1.236597 -0.971736
 46.780002 1.367196 -0.845204
 46.980002 1.227725 -1.032474
 47.180002 1.367506 -0.761898
 47.380002 1.308647 -0.991840
 47.580002 1.201950 -0.910011
 47.780002 1.164871 -0.777249
 47.980002 1.131358 -1.059025
 48.180002 1.261858 -0.810877
 48.380002 1.351416 -1.038005
 48.580002 1.238323 -0.910964
 48.780002 1.312706 -0.804666
 48.980002 1.302967 -1.016582
 49.180002 1.211868 -0.936274
 49.380002 1.051811 -0.945240
 49.580002 1.264633 -0.925833
 49.780002 1.292208 -0.998560
 49.980002 1.195802 -0.858551
 50.180002 1.269517 -0.869354
 50.380002 1.340271 -1.074249
 50.580002 1.380166 -0.871301
 50.780002 1.193221 -0.864421
 50.980002 1.143691 -0.839381
 51.180002 1.098575 -0.837509
 51.380002 1.205901 -0.989678
 51.580002 1.423229 -0.725103
 51.780002 1.312289 -1.183182
 51.980002 1.399175 -0.848121
 52.180002 1.365490 -1.087678
 52.380002 1.333422 -0.851841
 52.580002 1.221451 -0.899922
 52.780003 1.022556 -0.791717
 52.980003 1.095166 -0.893517
 53.180003 1.180507 -0.902581
 53.380003 1.144894 -0.922581
 53.580003 1.320395 -0.961695
 53.780003 1.367170 -0.942706
 53.980003 1.278776 -1.054191
 54.180003 1.390318 -0.856125
 54.380003 1.119416 -0.795987
 54.580003 1.201664 -0.894309
 54.780003 1.248597 -1.024509
 54.980003 1.185036 -0.959539
 55.180003 1.157495 -0.930655
 55.380003 1.194890 -0.962215
 55.580003 1.463767 -0.949435
 55.780003 1.254110 -0.897847
 55.980003 1.320201 -0.910852
 56.180003 1.162203 -1.035270
 56.380003 1.377039 -0.740357
 56.580003 1.130409 -0.961800
 56.780003 1.236925 -0.960223
 56.980003 1.175497 -0.984167
 57.180003 1.240845 -0.929251
 57.380003 1.278901 -0.860833
 57.580003 1.273936 -0.930217
 57.780003 1.337458 -1.006624
 57.980003 1.101148 -0.772645
 58.180003 1.203950 -0.939585
 58.380003 1.254164 -0.843784
 58.580003 1.246966 -0.850740
 58.780003 1.188133 -1.003590
 58.980003 1.150933 -0.976084
 59.180003 1.135251 -1.038346
 59.380003 1.262639 -0.815846
 59.580003 1.300899 -0.938791
 59.780003 1.155504 -0.805397
 59.980003 1.067218 -0.784870
 60.180003 1.364995 -0.929308
 60.380003 1.386453 -0.928107
 60.580003 1.200641 -1.023147
 60.780003 1.101544 -0.955711
 60.980003 1.346700 -0.863610
 61.180003 1.264885 -0.996760
 61.380003 1.200425 -0.753134
 61.580003 1.183920 -0.842410
 61.780003 1.339756 -0.953152
 61.980003 1.311623 -0.840211
 62.180003 1.477397 -0.873116
 62.380003 1.204101 -0.976128
 62.580003 1.245822 -0.971381
 62.780003 1.078072 -0.972558
 62.980003 1.244849 -0.906614
 63.180003 1.171098 -1.015437
 63.380003 0.991637 -0.723732
 63.580003 1.211761 -1.077778
 63.780003 1.296342 -0.754521
 63.980003 1.258476 -1.048276
 64.180003 1.386395 -0.874010
 64.380003 1.251914 -0.899354
 64.580003 1.287773 -0.932872
 64.780003 1.063150 -0.815758
 64.980003 0.964107 -0.879824
 65.180003 1.221252 -1.009605
 65.380003 1.258206 -0.972481
 65.580003 1.347356 -0.960995
 65.780003 1.342133 -0.979040
 65.980003 1.230598 -1.038695
 66.180003 1.291990 -0.674933
 66.380003 1.166193 -0.994456
 66.580003 1.121444 -0.875335
 66.780003 1.262441 -0.778158
 66.980003 1.251616 -1.015718
 67.180003 1.304954 -0.826437
 67.380003 1.253444 -1.143119
 67.580003 1.345589 -0.690512
 67.780003 1.490064 -1.267723
 67.980003 1.372025 -0.795305
 68.180003 1.036698 -0.945381
 68.380003 1.033935 -0.775641
 68.580003 0.976320 -0.680105
 68.780003 1.342244 -1.080933
 68.980003 1.222650 -0.765762
 69.180003 1.306824 -0.740908
 69.380003 1.169382 -1.045178
 69.580003 1.429490 -0.724193
 69.780003 1.144566 -1.112279
 69.980003 1.173281 -0.642798
 70.180003 1.202208 -1.069658
 70.380003 1.345744 -0.987194
 70.580003 1.237705 -0.820129
 70.780003 1.168760 -0.970852
 70.980003 1.359606 -0.720073
 71.180003 1.196906 -1.054261
 71.380003 1.416166 -0.854911
 71.580003 1.220542 -0.714860
 71.780003 1.147255 -1.004282
 71.980003 1.161687 -0.791070
 72.180003 0.987386 -1.102703
 72.380003 1.279268 -0.724475
 72.580003 1.413803 -1.074919
 72.780003 1.347390 -0.889324
 72.980003 1.081511 -0.722585
 73.180003 1.493960 -1.145870
 73.380003 1.182622 -0.684128
 73.580003 1.436461 -1.021968
 73.780004 1.230485 -0.814153
 73.980004 1.242607 -0.991941
 74.180004 1.210423 -1.065625
 74.380004 1.181369 -0.692026
 74.580004 1.144681 -1.055884
 74.780004 1.046236 -0.793383
 74.980004 0.937636 -0.961757
 75.180004 1.451691 -0.973761
 75.380004 1.389925 -0.872613
 75.580004 1.372324 -1.042280
 75.780004 1.349635 -0.735490
 75.980004 1.224200 -1.122163
 76.180004 1.405393 -0.718298
 76.380004 1.048449 -1.020649
 76.580004 1.311298 -0.995647
 76.780004 1.073282 -0.893888
 76.980004 1.135829 -0.985503
 77.180004 1.279197 -0.869003
 77.380004 1.276873 -1.082884
 77.580004 1.431498 -0.821124
 77.780004 1.348675 -1.004031
 77.980004 1.310945 -0.961072
 78.180004 1.191689 -0.759425
 78.380004 1.066780 -1.061320
 78.580004 1.258788 -0.762400
 78.780004 1.090318 -1.030693
 78.980004 1.403005 -0.719583
 79.180004 1.426553 -1.223618
 79.380004 1.379228 -0.870227
 79.580004 1.208114 -0.769529
 79.780004 1.368894 -1.025765
 79.980004 1.182927 -0.825078
 80.180004 1.130625 -0.971850
 80.380004 1.081970 -0.911411
 80.580004 1.176368 -0.844204
 80.780004 1.274396 -1.030870
 80.980004 1.418728 -0.796932
 81.180004 1.239926 -1.284401
 81.380004 1.161455 -0.494392
 81.580004 1.315891 -1.131116
 81.780004 1.478542 -0.926625
 81.980004 1.230120 -0.868133
 82.180004 1.063730 -1.005351
 82.380004 1.311799 -0.855527
 82.580004 1.040974 -0.907559
 82.780004 1.374052 -0.740440
 82.980004 1.234336 -1.007174
 83.180004 1.423645 -0.926421
 83.380004 1.558384 -0.871666
 83.580004 1.372615 -1.049914
 83.780004 1.286400 -0.864620
 83.980004 1.036233 -1.026991
 84.180004 1.233353 -0.955898
 84.380004 1.116514 -0.943741
 84.580004 1.167354 -0.857249
 84.780004 1.296873 -0.952928
 84.980004 1.160588 -0.907413
 85.180004 1.213850 -0.819693
 85.380004 1.266146 -1.023465
 85.580004 1.199697 -0.886005
 85.780004 1.332948 -1.008413
 85.980004 1.438332 -0.874087
 86.180004 1.190547 -0.888923
 86.380004 1.171888 -0.979664
 86.580004 1.203667 -0.894077
 86.780004 1.334768 -1.046257
 86.980004 1.245278 -0.851204
 87.180004 1.065034 -0.808458
 87.380004 1.301077 -1.070669
 87.580004 1.264989 -0.772312
 87.780004 1.154663 -1.059459
 87.980004 1.050784 -0.773772
 88.180004 1.280707 -1.002336
 88.380004 1.406615 -0.877936
 88.580004 1.273284 -1.028782
 88.780004 1.161468 -0.788841
 88.980004 1.278646 -0.996767
 89.180004 1.463784 -0.942182
 89.380004 1.107753 -0.930881
 89.580004 1.149469 -0.915302
 89.780004 1.141440 -0.875366
 89.980004 1.254924 -1.037617
 90.180004 1.066742 -0.878474
 90.380004 1.216389 -0.819708
 90.580004 1.316871 -1.042361
 90.780004 1.248221 -0.811923
 90.980004 1.433580 -0.978319
 91.180004 1.280699 -0.849016
 91.380004 1.342867 -1.073533
 91.580004 1.159102 -0.919368
 91.780004 1.234489 -1.051366
 91.980004 1.118177 -0.844833
 92.180004 1.117410 -0.927772
 92.380004 1.141305 -0.921751
 92.580004 1.217881 -0.911320
 92.780004 1.234843 -0.932965
 92.980004 1.306789 -1.021222
 93.180004 1.436732 -0.945991
 93.380004 1.300309 -0.892365
 93.580004 1.259748 -0.758088
 93.780004 1.280516 -0.973096
 93.980004 1.237376 -0.943058
 94.180004 1.009965 -0.796938
 94.380004 1.164158 -1.016412
 94.580004 1.215088 -0.761176
 94.780005 1.200281 -1.077381
 94.980005 1.202461 -0.884055
 95.180005 1.049092 -0.970838
 95.380005 1.368320 -0.886515
 95.580005 1.322931 -0.927941
 95.780005 1.434507 -0.801747
 95.980005 1.214181 -0.808055
 96.180005 1.261245 -0.956817
 96.380005 1.295311 -0.950620
 96.580005 1.140996 -1.007643
 96.780005 1.226873 -0.912466
 96.980005 1.131543 -0.921297
 97.180005 1.260898 -1.139340
 97.380005 1.180928 -0.824789
 97.580005 1.211564 -0.995099
 97.780005 1.292739 -0.738628
 97.980005 1.357675 -0.961756
 98.180005 1.299858 -0.954427
 98.380005 1.247964 -0.802490
 98.580005 1.256194 -1.143074
 98.780005 1.334013 -0.809650
 98.980005 1.268658 -1.090134
 99.180005 1.215421 -0.777150
 99.380005 1.415997 -1.191068
 99.580005 1.112737 -0.743998
 99.780005 1.229450 -0.932396
 99.980005 1.134571 -0.824574
 100.180005 1.301945 -0.938076
 100.380005 1.366014 -0.905080
 100.580005 1.198918 -0.905937
 100.780005 1.417013 -0.938895
 100.980005 1.283401 -1.112911
 101.180005 1.375909 -0.922776
 101.380005 1.034527 -1.046122
 101.580005 1.216707 -0.671931
 101.780005 1.178211 -1.089062
 101.980005 1.171921 -0.776318
 102.180005 1.342733 -0.957336
 102.380005 1.352064 -1.101578
 102.580005 1.301117 -0.760985
 102.780005 1.142655 -1.003490
 102.980005 1.098988 -0.799561
 103.180005 1.217173 -1.011095
 103.380005 1.245453 -1.032350
 103.580005 1.238376 -0.742779
 103.780005 1.318225 -0.908931
 103.980005 1.333249 -1.033071
 104.180005 1.264872 -0.912487
 104.380005 1.273780 -0.979666
 104.580005 1.338666 -0.773481
 104.780005 1.340010 -0.994105
 104.980005 1.336234 -0.910780
 105.180005 1.310997 -0.997399
 105.380005 1.288297 -0.961191
 105.580005 1.077936 -0.885974
 105.780005 1.099147 -0.901040
 105.980005 1.223611 -1.018196
 106.180005 0.953535 -0.782554
 106.380005 1.093599 -0.984362
 106.580005 1.224656 -0.879450
 106.780005 1.420102 -1.077725
 106.980005 1.204008 -0.878509
 107.180005 1.224919 -0.906849
 107.380005 1.404895 -0.949871
 107.580005 1.182239 -0.907813
 107.780005 1.082215 -0.857653
 107.980005 1.075327 -0.816786
 108.180005 1.249821 -1.022044
 108.380005 1.394339 -0.775349
 108.580005 1.206136 -1.046346
 108.780005 1.429243 -0.933344
 108.980005 1.447450 -1.000356
 109.180005 1.356541 -0.890355
 109.380005 1.300744 -0.921282
 109.580005 1.140931 -0.859164
 109.780005 1.094056 -0.930172
 109.980005 1.075953 -0.765680
 110.180005 1.193597 -1.005473
 110.380005 1.275770 -0.762099
 110.580005 1.282893 -1.018812
 110.780005 1.165595 -0.944702
 110.980005 1.289012 -0.903372
 111.180005 1.412679 -1.098271
 111.380005 1.313529 -0.777848
 111.580005 1.165032 -1.083815
 111.780005 0.998036 -0.747245
 111.980005 1.250705 -0.960697
 112.180005 1.309308 -0.847312
 112.380005 1.270660 -0.951234
 112.580005 1.109680 -0.916855
 112.780005 1.333678 -0.973685
 112.980005 1.224444 -0.957898
 113.180005 1.105798 -0.989423
 113.380005 1.295959 -0.721221
 113.580005 1.118435 -1.010811
 113.780005 1.353240 -0.769732
 113.980005 1.248174 -1.079677
 114.180005 1.291968 -0.859232
 114.380005 1.248800 -0.905575
 114.580005 1.246615 -1.018730
 114.780005 1.177501 -0.805606
 114.980005 1.126109 -0.977819
 115.180005 1.233486 -0.896492
 115.380005 1.353671 -0.949585
 115.580005 1.220783 -0.987011
 115.780005 1.127718 -0.803425
 115.980006 1.322444 -1.034735
 116.180006 1.392306 -0.995694
 116.380006 1.288821 -0.820125
 116.580006 1.104818 -0.904667
 116.780006 1.383814 -0.815585
 116.980006 1.153539 -0.997583
 117.180006 1.036161 -0.725375
 117.380006 1.239014 -0.863773
 117.580006 1.312223 -1.041771
 117.780006 1.074656 -0.836645
 117.980006 1.241746 -0.924545
 118.180006 1.126956 -1.029912
 118.380006 1.316894 -0.878326
 118.580006 1.174919 -0.910892
 118.780006 1.245649 -0.924590
 118.980006 1.258010 -0.941887
 119.180006 1.214680 -0.995961
 119.380006 1.226273 -0.849409
 119.580006 1.239784 -0.938230
 119.780006 1.097279 -0.908653
 119.980006 1.127161 -0.746301
 120.180006 1.371682 -0.968607
 120.380006 1.234891 -1.023352
 120.580006 1.275566 -0.890705
 120.780006 1.164270 -0.878426
 120.980006 1.350743 -0.848008
 121.180006 1.268938 -0.995726
 121.380006 1.253085 -0.911216
 121.580006 1.269745 -0.849545
 121.780006 1.248472 -0.891588
 121.980006 1.282250 -1.057185
 122.180006 1.096161 -0.796425
 122.380006 1.370825 -1.041729
 122.580006 1.137718 -0.913196
 122.780006 1.048926 -0.901428
 122.980006 1.092434 -0.860470
 123.180006 1.370604 -0.921747
 123.380006 1.201944 -1.003391
 123.580006 1.170925 -0.805111
 123.780006 1.109987 -0.821290
 123.980006 1.344731 -0.975727
 124.180006 1.266142 -0.852669
 124.380006 1.214605 -0.917562
 124.580006 1.181062 -0.872736
 124.780006 1.290421 -0.834562
 124.980006 1.237303 -1.025948
 125.180006 1.283942 -0.857925
 125.380006 1.102495 -0.927861
 125.580006 1.184423 -0.861971
 125.780006 1.413693 -1.047728
 125.980006 1.277447 -0.932431
 126.180006 1.231385 -0.861915
 126.380006 1.211369 -1.013002
 126.580006 1.196187 -0.797804
 126.780006 1.079181 -1.002691
 126.980006 1.291600 -0.845666
 127.180006 1.371507 -0.993531
 127.380006 1.245493 -0.931632
 127.580006 1.187825 -0.967180
 127.780006 1.276142 -0.933818
 127.980006 1.226882 -0.921791
 128.180006 1.152873 -0.869980
 128.380006 1.335021 -1.006278
 128.580006 1.334447 -0.905221
 128.780006 1.089995 -0.904484
 128.980006 1.182009 -0.816941
 129.180006 1.203428 -0.958118
 129.380006 1.195645 -0.947632
 129.580006 1.173003 -0.933041
 129.780006 1.352475 -1.025128
 129.980006 1.182400 -0.773433
 130.180006 1.231461 -0.921191
 130.380006 1.219264 -0.915553
 130.580006 1.261754 -0.896547
 130.780006 1.058250 -0.940478
 130.980006 1.045276 -0.703817
 131.180006 1.329631 -1.215492
 131.380006 1.309010 -0.831902
 131.580006 1.148562 -0.982716
 131.780006 1.256154 -0.829214
 131.980006 1.456896 -1.004400
 132.180006 1.390464 -0.789367
 132.380006 1.204538 -0.968168
 132.580006 1.207168 -0.832504
 132.780006 1.181013 -0.883578
 132.980006 1.223358 -0.876482
 133.180006 1.152473 -1.065845
 133.380006 1.120302 -0.855800
 133.580006 1.154693 -0.981274
 133.780006 1.204836 -0.851574
 133.980006 1.302748 -1.040080
 134.180006 1.315478 -0.854230
 134.380006 1.350049 -0.923250
 134.580006 1.212204 -0.909635
 134.780006 1.226435 -0.990451
 134.980006 1.332460 -0.849337
 135.180006 1.164201 -0.918194
 135.380006 1.234598 -0.852658
 135.580006 1.188149 -1.005776
 135.780006 1.254378 -0.906056
 135.980006 1.292436 -0.910900
 136.180006 1.287802 -0.949637
 136.380006 1.331666 -0.941999
 136.580006 1.120515 -0.886345
 136.780006 1.223630 -0.784059
 136.980007 1.295518 -1.070934
 137.180007 1.234280 -0.827359
 137.380007 1.020865 -0.980792
 137.580007 1.293262 -0.843372
 137.780007 1.294525 -1.164021
 137.980007 1.249556 -0.644098
 138.180007 1.189415 -0.935069
 138.380007 1.299999 -0.877963
 138.580007 1.426220 -1.109166
 138.780007 1.266275 -0.842937
 138.980007 1.228654 -0.964675
 139.180007 1.308145 -0.809154
 139.380007 1.186167 -1.133333
 139.580007 1.117501 -0.599568
 139.780007 1.010662 -0.997129
 139.980007 1.370285 -0.862545
 140.180007 1.214692 -0.981892
 140.380007 1.405724 -0.887720
 140.580007 1.276259 -1.044572
 140.780007 1.295575 -0.947037
 140.980007 1.062212 -0.930296
 141.180007 1.301190 -0.739519
 141.380007 1.165031 -0.918730
 141.580007 1.195403 -0.763917
 141.780007 1.449659 -1.070142
 141.980007 1.358295 -0.978556
 142.180007 1.111568 -0.844730
 142.380007 1.156027 -1.077277
 142.580007 1.285866 -0.689424
 142.780007 1.124871 -0.936419
 142.980007 1.398607 -0.901544
 143.180007 1.150522 -0.993003
 143.380007 1.239961 -0.876287
 143.580007 1.222700 -1.044131
 143.780007 1.257532 -0.843142
 143.980007 1.130469 -1.064040
 144.180007 1.340815 -0.806556
 144.380007 1.181167 -0.974397
 144.580007 1.276253 -0.858313
 144.780007 1.220752 -0.985783
 144.980007 1.273163 -0.830746
 145.180007 1.262369 -1.042529
 145.380007 1.248334 -0.874545
 145.580007 1.005520 -1.036636
 145.780007 1.168983 -0.641661
 145.980007 1.290008 -1.086750
 146.180007 1.363405 -0.843762
 146.380007 1.224326 -1.017176
 146.580007 1.283914 -0.772015
 146.780007 1.176553 -1.091426
 146.980007 1.261973 -0.780981
 147.180007 1.097263 -0.925893
 147.380007 1.245420 -0.881106
 147.580007 1.261670 -0.826369
 147.780007 1.216260 -0.962560
 147.980007 1.394775 -0.918386
 148.180007 1.254771 -0.991504
 148.380007 1.290808 -0.990911
 148.580007 1.114404 -0.960354
 148.780007 1.215952 -0.857076
 148.980007 1.182102 -0.892889
 149.180007 1.348626 -0.891954
 149.380007 1.251202 -0.858662
 149.580007 1.365728 -0.958558
 149.780007 1.522827 -0.941073
 149.980007 1.139660 -1.006666
 150.180007 1.205827 -0.938830
 150.380007 1.141169 -0.893917
 150.580007 1.273630 -0.983013
 150.780007 1.228107 -0.702725
 150.980007 1.184520 -0.981907
 151.180007 1.417747 -0.808874
 151.380007 1.268916 -1.002769
 151.580007 1.259758 -0.992976
 151.780007 1.062268 -0.936073
 151.980007 1.436267 -0.937899
 152.180007 1.307819 -0.887666
 152.380007 1.396538 -0.842161
 152.580007 1.200327 -0.846480
 152.780007 1.354877 -0.768361
 152.980007 1.225216 -1.176004
 153.180007 0.941651 -0.720468
 153.380007 1.182319 -1.127499
 153.580007 1.348169 -0.842311
 153.780007 1.317925 -0.998234
 153.980007 1.266844 -0.835730
 154.180007 1.205653 -0.886420
 154.380007 1.260322 -0.989915
 154.580007 1.185220 -0.680877
 154.780007 1.236498 -0.970296
 154.980007 1.313750 -1.034443
 155.180007 1.043300 -0.828495
 155.380007 1.221330 -0.944056
 155.580007 1.446721 -1.005032
 155.780007 1.179353 -1.037863
 155.980007 1.197619 -0.637933
 156.180007 1.241913 -0.996514
 156.380007 1.412788 -0.841269
 156.580007 1.292659 -1.137344
 156.780007 1.041495 -0.771991
 156.980007 1.254713 -1.017538
 157.180007 1.180393 -0.859486
 157.380007 1.211683 -0.808492
 157.580007 1.192049 -1.075259
 157.780007 1.221250 -1.007388
 157.980008 1.108058 -0.768794
 158.180008 1.220070 -1.080605
 158.380008 1.261061 -0.757547
 158.580008 1.135025 -1.080147
 158.780008 1.288750 -0.722962
 158.980008 1.322176 -1.009010
 159.180008 1.396493 -1.027251
 159.380008 1.113058 -0.854204
 159.580008 1.228065 -0.906686
 159.780008 1.165802 -0.930248
 159.980008 1.115980 -0.942992
 160.180008 1.146466 -0.924853
 160.380008 1.259975 -0.800668
 160.580008 1.371833 -1.153358
 160.780008 1.211430 -0.805833
 160.980008 1.235999 -1.013592
 161.180008 1.291189 -0.836379
 161.380008 1.378722 -0.917176
 161.580008 1.196959 -0.915204
 161.780008 1.192183 -0.740413
 161.980008 1.155275 -1.033931
 162.180008 1.320086 -0.768711
 162.380008 1.450679 -1.065606
 162.580008 1.436622 -0.969239
 162.780008 1.282089 -0.862656
 162.980008 1.066986 -0.907062
 163.180008 1.341024 -0.822748
 163.380008 1.285137 -1.158509
 163.580008 1.058641 -0.741312
 163.780008 1.220765 -0.979661
 163.980008 1.340412 -0.978176
 164.180008 1.315139 -0.687600
 164.380008 1.211414 -1.049268
 164.580008 1.361551 -0.824735
 164.780008 1.420599 -1.071626
 164.980008 1.281854 -0.998276
 165.180008 0.908023 -0.860849
 165.380008 1.087831 -1.097981
 165.580008 1.384196 -0.653167
 165.780008 1.139040 -1.049720
 165.980008 1.424885 -0.692629
 166.180008 1.356148 -0.955248
 166.380008 1.548954 -1.083548
 166.580008 1.328486 -0.751905
 166.780008 1.204135 -1.028765
 166.980008 1.045112 -1.005432
 167.180008 1.213671 -0.693416
 167.380008 1.138604 -1.104489
 167.580008 1.168046 -0.677268
 167.780008 1.028768 -1.026262
 167.980008 1.299164 -0.814233
 168.180008 1.392520 -1.107805
 168.380008 1.417349 -1.009375
 168.580008 1.127819 -0.820763
 168.780008 1.194983 -0.972855
 168.980008 1.379675 -0.733012
 169.180008 1.107530 -0.885112
 169.380008 1.185896 -0.901148
 169.580008 1.362433 -0.801858
 169.780008 1.477616 -1.174423
 169.980008 1.412162 -0.752362
 170.180008 1.060413 -1.191682
 170.380008 1.181746 -0.853714
 170.580008 1.187135 -1.140071
 170.780008 1.183156 -0.742870
 170.980008 1.073372 -0.985332
 171.180008 1.364907 -0.889861
 171.380008 1.200744 -0.781859
 171.580008 1.529700 -0.974401
 171.780008 1.155313 -0.960945
 171.980008 1.313322 -0.751836
 172.180008 1.154567 -1.104557
 172.380008 1.180602 -0.773556
 172.580008 1.111909 -0.994688
 172.780008 1.353827 -0.807521
 172.980008 1.206600 -1.007906
 173.180008 1.206581 -0.989721
 173.380008 1.183812 -0.812699
 173.580008 1.230416 -1.058574
 173.780008 1.212802 -0.876571
 173.980008 1.001363 -0.781871
 174.180008 1.174938 -0.982274
 174.380008 1.195704 -0.810798
 174.580008 1.287300 -1.044245
 174.780008 1.264770 -0.932207
 174.980008 1.523717 -0.866398
 175.180008 1.270123 -1.075905
 175.380008 1.200418 -0.698661
 175.580008 1.166686 -1.024230
 175.780008 1.295077 -0.697158
 175.980008 1.214987 -0.887979
 176.180008 1.311939 -0.899647
 176.380008 1.264431 -0.917220
 176.580008 1.331358 -0.985939
 176.780008 1.315185 -1.062551
 176.980008 1.334522 -0.869046
 177.180008 1.098658 -1.005099
 177.380008 1.193128 -0.779999
 177.580008 0.918125 -1.093692
 177.780008 1.261588 -0.693288
 177.980008 1.308491 -1.029896
 178.180008 1.379977 -0.928433
 178.380008 1.253856 -0.984311
 178.580008 1.285068 -0.961279
 178.780008 1.329730 -0.819053
 178.980009 1.143690 -0.898575
 179.180009 1.048992 -0.950723
 179.380009 1.163904 -0.719139
 179.580009 1.296326 -1.133745
 179.780009 1.250989 -0.711279
 179.980009 1.171986 -1.111217
 180.180009 1.313066 -0.941717
 180.380009 1.450492 -1.079664
 180.580009 1.362174 -0.854936
 180.780009 1.160658 -0.861008
 180.980009 1.111762 -1.052959
 181.180009 1.279988 -0.778219
 181.380009 1.151024 -0.955977
 181.580009 1.183481 -0.877712
 181.780009 1.285396 -0.768559
 181.980009 1.112742 -1.074707
 182.180009 1.394367 -0.762650
 182.380009 1.166297 -1.076601
 182.580009 1.317312 -0.788641
 182.780009 1.213891 -1.079084
 182.980009 1.202166 -0.924069
 183.180009 1.232940 -0.793623
 183.380009 1.103340 -0.907440
 183.580009 1.254496 -0.788925
 183.780009 1.183396 -1.055493
 183.980009 1.235907 -0.827210
 184.180009 1.475401 -0.954159
 184.380009 1.571838 -1.007945
 184.580009 1.249670 -0.906686
 184.780009 1.194570 -1.021442
 184.980009 1.092851 -0.631132
 185.180009 1.154193 -1.094387
 185.380009 1.223532 -0.868153
 185.580009 1.214951 -0.869502
 185.780009 1.178330 -1.135058
 185.980009 1.166165 -0.735996
 186.180009 1.226484 -1.089607
 186.380009 1.127107 -0.779621
 186.580009 1.387747 -0.881626
 186.780009 1.428115 -0.962564
 186.980009 1.319583 -0.722225
 187.180009 1.285019 -0.991564
 187.380009 1.189309 -0.760141
 187.580009 1.331911 -1.113227
 187.780009 1.203967 -1.045039
 187.980009 1.207251 -0.756512
 188.180009 1.175820 -0.999175
 188.380009 1.290580 -0.764653
 188.580009 1.345268 -0.885632
 188.780009 1.214890 -1.053739
 188.980009 1.197335 -0.739820
 189.180009 1.183851 -0.933486
 189.380009 1.543915 -0.949419
 189.580009 1.342576 -0.910437
 189.780009 1.184724 -0.980642
 189.980009 1.298897 -0.773649
 190.180009 1.242447 -0.945943
 190.380009 1.212563 -0.974162
 190.580009 1.121878 -0.685564
 190.780009 1.139491 -1.215137
 190.980009 1.123949 -0.774053
 191.180009 1.292013 -0.915182
 191.380009 1.069561 -1.003014
 191.580009 1.389181 -0.696360
 191.780009 1.258629 -1.154518
 191.980009 1.356524 -0.654765
 192.180009 1.370255 -0.937645
 192.380009 1.291177 -1.055195
 192.580009 1.271973 -0.573937
 192.780009 1.068261 -1.039922
 192.980009 1.302327 -0.944574
 193.180009 1.144228 -0.854254
 193.380009 1.186317 -1.018992
 193.580009 1.259766 -0.848939
 193.780009 1.128648 -1.089000
 193.980009 1.230459 -0.643105
 194.180009 1.234418 -0.999517
 194.380009 1.450475 -1.139285
 194.580009 1.288390 -0.684042
 194.780009 1.183322 -1.123687
 194.980009 1.175027 -0.823262
 195.180009 1.432602 -1.040059
 195.380009 1.188016 -0.810742
 195.580009 1.212161 -0.806073
 195.780009 1.044955 -0.977137
 195.980009 1.162571 -0.806921
 196.180009 1.213628 -1.027989
 196.380009 1.241067 -0.865998
 196.580009 1.460271 -1.154928
 196.780009 1.388448 -0.935531
 196.980009 1.315386 -0.933499
 197.180009 1.290629 -0.953328
 197.380009 1.125765 -0.909848
 197.580009 0.958172 -0.917814
 197.780009 1.138075 -0.877513
 197.980009 1.199468 -1.010202
 198.180009 1.215544 -0.976268
 198.380009 1.214940 -0.900940
 198.580009 1.239423 -1.042047
 198.780009 1.201241 -0.995193
 198.980009 1.254303 -0.758045
 199.180009 1.284872 -0.822144
 199.380009 1.339594 -0.999717
 199.580009 1.377179 -1.024963
 199.780009 1.267054 -0.837392
 199.980009 1.217419 -0.911996
