#! FIELDS time phi psi
#! SET max_psi pi
 0.180000 2.692762 -2.959013
 0.380000 -3.019467 -2.410212
 0.580000 -2.856324 -2.102204
 0.780000 3.044295 -2.539949
 0.980000 -2.816311 -2.161235
 1.180000 -3.008651 -2.048549
 1.380000 -2.749327 -2.275897
 1.580000 -2.848743 -2.247430
 1.780000 -2.985541 -2.087936
 1.980000 -2.924995 -2.036076
 2.180000 -2.768295 -2.249676
 2.380000 -2.587274 -1.999596
 2.580000 -2.938852 -2.516010
 2.780000 -3.107561 -2.260761
 2.980000 2.816258 -2.504191
 3.180000 -3.004552 -2.486886
 3.380000 -2.972426 -2.367070
 3.580000 -2.734775 -2.116375
 3.780000 3.124497 -2.308607
 3.980000 -3.041501 -2.256957
 4.180000 3.132400 -2.171830
 4.380000 -2.974413 -2.309135
 4.580000 -2.890716 -2.180125
 4.780000 -2.960754 -2.369076
 4.980000 3.118701 -2.382644
 5.180000 -3.049423 -2.107367
 5.380000 -3.094382 -2.480368
 5.580000 -2.856189 -2.080002
 5.780000 -3.022841 -2.386663
 5.980000 -2.876855 -2.294363
 6.180000 -3.137140 -2.222655
 6.380000 3.101106 -2.348573
 6.580000 -3.136998 -2.203656
 6.780000 -2.828835 -2.325591
 6.980000 -2.888132 -2.171862
 7.180000 3.013985 -2.302879
 7.380000 -2.862509 -2.276969
 7.580000 -3.012243 -2.277591
 7.780000 -2.949780 -2.303080
 7.980000 -3.120776 -2.373510
 8.180000 2.993711 -2.204745
 8.380000 -2.826026 -2.300004
 8.580000 -2.861675 -2.254002
 8.780000 -3.014420 -2.193532
 8.980000 -2.930007 -2.275485
 9.180000 -3.042601 -2.048653
 9.380000 -2.621505 -2.258680
 9.580000 -3.011165 -2.303491
 9.780000 -3.025103 -2.267129
 9.980000 3.132164 -2.357725
 10.180000 -3.077579 -2.302985
 10.380000 -2.876065 -2.213727
 10.580001 -3.085301 -2.323209
 10.780001 -3.062292 -2.340722
 10.980001 -3.012826 -2.155633
 11.180001 -2.907991 -2.271980
 11.380001 -2.791381 -2.131657
 11.580001 -3.041501 -2.293814
 11.780001 -2.827634 -2.221844
 11.980001 -2.983448 -1.983481
 12.180001 -2.794640 -2.205128
 12.380001 -3.025336 -2.386667
 12.580001 -2.933945 -2.117114
 12.780001 -2.913547 -2.328164
 12.980001 3.004128 -2.197325
 13.180001 -2.948957 -2.487221
 13.380001 3.079736 -2.405640
 13.580001 -3.110256 -2.250673
 13.780001 -3.135474 -2.448672
 13.980001 -3.044937 -2.261237
 14.180001 -3.049368 -2.420392
 14.380001 3.076953 -2.319492
 14.580001 -3.001881 -2.168825
 14.780001 -3.007507 -2.431626
 14.980001 -2.859878 -2.008800
 15.180001 -2.830340 -2.222478
 15.380001 -3.005874 -2.306851
 15.580001 -2.850718 -1.915737
 15.780001 -2.772890 -2.560715
 15.980001 3.136770 -1.876030
 16.180001 -2.793458 -2.413784
 16.380001 -2.877032 -2.135500
 16.580001 3.131803 -2.108275
 16.780001 -3.030249 -2.552408
 16.980001 3.050042 -2.084323
 17.180001 -2.886112 -2.379732
 17.380001 -2.913772 -2.394701
 17.580001 -3.116934 -2.068993
 17.780001 -2.945782 -2.626312
 17.980001 -3.049250 -1.960662
 18.180001 -2.744020 -2.433818
 18.380001 -3.039120 -2.405252
 18.580001 3.025364 -2.024484
 18.780001 -2.972888 -2.634022
 18.980001 -2.948358 -2.002665
 19.180001 -2.792563 -2.225963
 19.380001 -3.137851 -2.398466
 19.580001 -3.136791 -2.059119
 19.780001 -2.999629 -2.521373
 19.980001 -2.748107 -2.076350
 20.180001 -2.723429 -2.136523
 20.380001 -2.817041 -2.315038
 20.580001 -3.121970 -2.154233
 20.780001 -2.918245 -2.264959
 20.980001 -2.999440 -2.247232
 21.180001 -2.992795 -2.367032
 21.380001 -3.105165 -2.462612
 21.580001 2.931930 -2.244715
 21.780001 -3.090741 -2.411221
 21.980001 -2.952109 -2.369399
 22.180001 -3.117372 -2.129991
 22.380001 -2.979954 -2.425515
 22.580001 -3.050589 -2.209856
 22.780001 -2.911108 -2.226671
 22.980001 -3.062966 -2.409501
 23.180001 -3.046521 -2.082052
 23.380001 -2.934015 -2.298747
 23.580001 -2.903101 -2.312443
 23.780001 -3.011172 -2.050620
 23.980001 -3.050963 -2.411996
 24.180001 -2.926874 -2.173867
 24.380001 -3.106252 -2.457377
 24.580001 -3.117690 -2.384280
 24.780001 3.100182 -2.231035
 24.980001 -2.973834 -2.415368
 25.180001 -2.968441 -2.275042
 25.380001 -2.941239 -2.314607
 25.580001 -2.868337 -2.289932
 25.780001 -3.012010 -2.140583
 25.980001 -2.845100 -2.321538
 26.180001 -2.847777 -2.166045
 26.380001 -2.692634 -2.097058
 26.580001 -2.865262 -2.288874
 26.780001 -3.031374 -1.917830
 26.980001 -2.758813 -2.446648
 27.180001 -2.839014 -1.998448
 27.380001 -2.904121 -2.262020
 27.580001 -3.035736 -2.377042
 27.780001 -3.044550 -2.095131
 27.980001 3.089408 -2.412927
 28.180001 -2.990978 -2.321212
 28.380001 -3.066946 -2.308466
 28.580001 -3.132515 -2.514854
 28.780001 -3.089463 -2.195472
 28.980001 2.911487 -2.490436
 29.180001 3.095216 -2.312975
 29.380001 -3.000382 -2.390334
 29.580001 3.028536 -2.397566
 29.780001 3.076283 -2.331515
 29.980001 3.059728 -2.309533
 30.180001 -2.982851 -2.265048
 30.380001 -2.982725 -2.361878
 30.580001 -2.945433 -2.195255
 30.780001 -2.719376 -2.198345
 30.980001 -3.061436 -2.198552
 31.180001 -2.897890 -2.122291
 31.380001 -2.855923 -2.189116
 31.580001 -2.933464 -2.226847
 31.780002 -2.982478 -2.334264
 31.980002 -3.017096 -2.257878
 32.180002 -3.010996 -2.418935
 32.380002 -3.023720 -2.301977
 32.580002 3.068837 -2.559067
 32.780002 3.108351 -2.268860
 32.980002 -3.080477 -2.211536
 33.180002 -3.060387 -2.563217
 33.380002 -3.066845 -2.140482
 33.580002 -2.910597 -2.290902
 33.780002 -3.062518 -2.391799
 33.980002 -2.994860 -1.992408
 34.180002 -2.684008 -2.396782
 34.380002 -2.687129 -1.869788
 34.580002 -2.824003 -2.329569
 34.780002 -2.897137 -2.352945
 34.980002 -3.036181 -2.096018
 35.180002 -3.058267 -2.504704
 35.380002 3.109954 -2.280361
 35.580002 -3.125869 -2.480304
 35.780002 -3.132938 -2.472156
 35.980002 -3.024968 -2.290077
 36.180002 -2.989157 -2.483912
 36.380002 2.998813 -2.402948
 36.580002 -3.025494 -2.095857
 36.780002 3.119510 -2.550290
 36.980002 -3.049532 -2.218277
 37.180002 -2.999672 -2.262092
 37.380002 -2.871628 -2.198297
 37.580002 -3.044392 -2.194118
 37.780002 -2.854980 -2.382470
 37.980002 -3.012786 -2.105599
 38.180002 -2.904161 -2.177049
 38.380002 -2.887025 -2.282319
 38.580002 -2.869607 -2.068483
 38.780002 -2.958028 -2.378770
 38.980002 -2.815049 -2.164803
 39.180002 -2.739914 -2.048753
 39.380002 -2.916057 -2.377562
 39.580002 -3.070698 -2.103331
 39.780002 3.111836 -2.186488
 39.980002 -2.832129 -2.438663
 40.180002 -2.953107 -2.178846
 40.380002 3.014877 -2.196739
 40.580002 -2.928542 -2.079651
 40.780002 -3.040872 -2.443733
 40.980002 -3.141122 -2.257833
 41.180002 -3.140769 -2.152075
 41.380002 -3.095726 -2.374998
 41.580002 -2.888153 -2.165417
 41.780002 -2.837242 -2.435974
 41.980002 3.035917 -2.122192
 42.180002 -2.921236 -2.143446
 42.380002 -2.978071 -2.515624
 42.580002 -2.923401 -1.942311
 42.780002 -2.898003 -2.563418
 42.980002 3.126008 -2.150254
 43.180002 3.028232 -2.289601
 43.380002 -3.030070 -2.480946
 43.580002 -3.047855 -2.061775
 43.780002 -3.059659 -2.545146
 43.980002 3.139091 -2.142408
 44.180002 -3.103518 -2.189446
 44.380002 -2.862895 -2.432446
 44.580002 -3.121598 -2.136820
 44.780002 -2.902458 -2.101805
 44.980002 3.002092 -2.512601
 45.180002 -2.909537 -2.075291
 45.380002 -2.953676 -2.365825
 45.580002 -2.998742 -2.102446
 45.780002 3.126136 -2.334805
 45.980002 -2.856251 -2.429793
 46.180002 -2.835261 -2.107161
 46.380002 -2.887011 -2.299795
 46.580002 3.069319 -2.361374
 46.780002 -2.985164 -2.158540
 46.980002 -2.994979 -2.426109
 47.180002 -2.929816 -2.071086
 47.380002 -3.043674 -2.355165
 47.580002 -3.053016 -2.088447
 47.780002 -2.913277 -2.192024
 47.980002 -2.966553 -2.560754
 48.180002 -3.099677 -2.130607
 48.380002 -2.909983 -2.420432
 48.580002 -2.997860 -2.254295
 48.780002 3.095163 -2.209201
 48.980002 -2.921073 -2.234451
 49.180002 -3.106139 -2.243489
 49.380002 -2.741365 -2.221326
 49.580002 -2.953585 -2.214177
 49.780002 -3.104851 -2.172548
 49.980002 -2.939029 -2.333321
 50.180002 -2.945578 -2.183179
 50.380002 -3.063471 -2.441425
 50.580002 -3.019746 -2.278217
 50.780002 3.139209 -2.116705
 50.980002 -3.033091 -2.455784
 51.180002 -2.917663 -2.024130
 51.380002 -3.099631 -2.298018
 51.580002 -2.891603 -2.364038
 51.780002 -3.007060 -2.072568
 51.980002 -2.709550 -2.308307
 52.180002 -3.109461 -2.237423
 52.380002 -2.820115 -2.075279
 52.580002 -2.947154 -2.347314
 52.780003 -3.062423 -2.116803
 52.980003 -2.984329 -2.366362
 53.180003 -2.877263 -2.105167
 53.380003 3.035222 -2.484898
 53.580003 3.112113 -2.289586
 53.780003 -3.108965 -2.373193
 53.980003 -3.118771 -2.530360
 54.180003 -3.052243 -2.130451
 54.380003 3.126677 -2.332406
 54.580003 -3.134810 -2.269265
 54.780003 -2.999994 -2.164546
 54.980003 -3.046516 -2.448819
 55.180003 -3.011090 -2.167006
 55.380003 -2.801716 -2.349277
 55.580003 -2.915837 -2.099813
 55.780003 -3.059096 -2.119345
 55.980003 -2.825465 -2.413718
 56.180003 -2.909179 -1.974327
 56.380003 -2.810609 -2.512226
 56.580003 -3.117546 -2.238233
 56.780003 -2.962413 -2.132345
 56.980003 -2.883049 -2.568749
 57.180003 -3.027578 -2.080998
 57.380003 -3.132140 -2.359101
 57.580003 3.037631 -2.236856
 57.780003 -2.895519 -2.439653
 57.980003 -2.790147 -2.202673
 58.180003 3.072597 -2.192323
 58.380003 -3.071661 -2.303689
 58.580003 -2.931370 -2.146790
 58.780003 -2.675968 -2.260273
 58.980003 -2.893419 -2.172279
 59.180003 -3.127014 -2.184141
 59.380003 -2.952556 -2.473608
 59.580003 -2.973158 -2.026885
 59.780003 -2.805541 -2.418223
 59.980003 -2.957990 -2.243023
 60.180003 2.773232 -2.253497
 60.380003 -2.932958 -2.302022
 60.580003 3.088020 -2.444270
 60.780003 -3.062327 -2.309437
 60.980003 3.129288 -2.337750
 61.180003 3.050229 -2.435384
 61.380003 -3.032748 -2.226678
 61.580003 -2.947608 -2.352655
 61.780003 -2.593630 -2.144162
 61.980003 -2.853290 -2.095494
 62.180003 -2.775488 -2.223199
 62.380003 -2.949441 -2.120259
 62.580003 -2.792907 -2.160411
 62.780003 -2.973084 -2.319554
 62.980003 -3.001022 -2.043905
 63.180003 -3.101450 -2.499201
 63.380003 -3.054393 -2.100806
 63.580003 -3.080411 -2.502026
 63.780003 -2.850060 -2.222094
 63.980003 3.057224 -2.280907
 64.180003 -3.028166 -2.520541
 64.380003 -2.949665 -1.995026
 64.580003 3.039944 -2.416017
 64.780003 3.099102 -2.188367
 64.980003 -3.045947 -2.370539
 65.180003 -2.849102 -2.380958
 65.380003 -3.121717 -2.306952
 65.580003 -3.083224 -2.314647
 65.780003 -2.960711 -2.170664
 65.980003 -2.992274 -2.370013
 66.180003 -2.875730 -2.161784
 66.380003 -2.903313 -2.232328
 66.580003 -2.947534 -2.104169
 66.780003 -3.019224 -2.129585
 66.980003 -2.780866 -2.347603
 67.180003 -2.911723 -2.137725
 67.380003 -3.000579 -2.308441
 67.580003 -2.951420 -2.166797
 67.780003 -2.920469 -2.227007
 67.980003 -2.922353 -2.510613
 68.180003 -3.024998 -2.152042
 68.380003 -3.076444 -2.350330
 68.580003 -3.022800 -2.242956
 68.780003 -2.972652 -2.301113
 68.980003 -2.696639 -2.494117
 69.180003 -3.102658 -2.123257
 69.380003 -2.878965 -2.127570
 69.580003 -3.071048 -2.290718
 69.780003 -2.740860 -2.088444
 69.980003 -2.755895 -2.232378
 70.180003 -3.115810 -2.277624
 70.380003 3.086386 -2.304599
 70.580003 3.139918 -2.463448
 70.780003 -3.072828 -2.285247
 70.980003 -3.000778 -2.316658
 71.180003 3.066632 -2.396602
 71.380003 3.137596 -2.246438
 71.580003 -3.023367 -2.720156
 71.780003 -3.088076 -2.083396
 71.980003 3.058749 -2.471594
 72.180003 -2.870136 -2.410172
 72.380003 -2.673614 -2.108239
 72.580003 -2.903897 -2.345719
 72.780003 -3.028223 -2.129827
 72.980003 -2.827392 -2.288504
 73.180003 -2.812538 -2.113429
 73.380003 -2.834702 -2.153486
 73.580003 -2.862596 -2.180984
 73.780004 -3.033228 -2.315838
 73.980004 -2.897855 -2.285680
 74.180004 -2.960357 -2.063639
 74.380004 -2.959599 -2.378257
 74.580004 3.054264 -2.327096
 74.780004 -3.041547 -2.327984
 74.980004 -2.924745 -2.348985
 75.180004 -3.077904 -2.139994
 75.380004 -3.125974 -2.480137
 75.580004 -3.039692 -2.252316
 75.780004 -2.888885 -2.152920
 75.980004 -2.958870 -2.362777
 76.180004 -2.940138 -2.139970
 76.380004 -2.884037 -2.328184
 76.580004 -2.916265 -2.201264
 76.780004 -2.998715 -2.175053
 76.980004 3.106676 -2.426354
 77.180004 -2.940605 -2.174731
 77.380004 -3.048726 -2.453622
 77.580004 -2.999072 -2.235692
 77.780004 3.138909 -2.325805
 77.980004 -3.031673 -2.285686
 78.180004 -2.998117 -2.137417
 78.380004 -2.858674 -2.388853
 78.580004 -3.009239 -2.135349
 78.780004 -3.048660 -2.303636
 78.980004 -2.950657 -2.260360
 79.180004 -3.021942 -2.135350
 79.380004 -2.990375 -2.416500
 79.580004 3.079453 -2.228237
 79.780004 -3.034260 -2.267162
 79.980004 -3.065916 -2.521167
 80.180004 -2.868936 -2.179382
 80.380004 -3.129664 -2.281592
 80.580004 -2.969711 -2.110157
 80.780004 -2.932888 -2.399011
 80.980004 -2.840785 -2.123830
 81.180004 -2.985345 -2.035690
 81.380004 -3.098519 -2.202441
 81.580004 -2.738716 -2.146955
 81.780004 -2.806759 -2.330613
 81.980004 -3.046246 -2.268569
 82.180004 -3.047965 -2.291064
 82.380004 3.046586 -2.263286
 82.580004 -2.892289 -2.321901
 82.780004 3.115530 -2.400705
 82.980004 2.872776 -2.212803
 83.180004 -2.854850 -2.333372
 83.380004 -3.026140 -2.251334
 83.580004 -3.000049 -2.374650
 83.780004 -2.883585 -2.472983
 83.980004 -3.059357 -2.144848
 84.180004 -3.058164 -2.284181
 84.380004 3.137229 -2.282136
 84.580004 -2.900911 -2.176978
 84.780004 -2.918079 -2.514144
 84.980004 2.791374 -2.202579
 85.180004 -2.872560 -2.289334
 85.380004 3.082521 -2.508284
 85.580004 -2.801161 -1.979673
 85.780004 -2.816138 -2.298159
 85.980004 -3.022327 -2.177972
 86.180004 -2.901733 -2.267478
 86.380004 -3.015876 -2.305522
 86.580004 -2.821994 -2.125622
 86.780004 3.135730 -2.242199
 86.980004 -2.952632 -2.313612
 87.180004 3.097666 -2.171379
 87.380004 -2.996485 -2.234060
 87.580004 -2.920794 -2.379656
 87.780004 -3.028606 -2.263773
 87.980004 -2.985596 -2.350454
 88.180004 -3.008770 -2.153158
 88.380004 -2.808215 -2.304199
 88.580004 -2.974722 -2.460309
 88.780004 -3.024927 -2.148452
 88.980004 -2.930720 -2.383864
 89.180004 -2.815046 -1.863659
 89.380004 -2.997292 -2.543368
 89.580004 -3.020180 -2.077301
 89.780004 3.072396 -2.291815
 89.980004 -2.908450 -2.507140
 90.180004 -2.902077 -1.938131
 90.380004 -2.940007 -2.589153
 90.580004 3.102591 -2.483920
 90.780004 3.007119 -2.052830
 90.980004 -2.921362 -2.774326
 91.180004 -2.795474 -2.061024
 91.380004 -2.942401 -2.200130
 91.580004 -2.990999 -2.261396
 91.780004 -2.971365 -2.045559
 91.980004 -2.833818 -2.646669
 92.180004 -3.126953 -2.089772
 92.380004 -2.835026 -2.113908
 92.580004 -3.095115 -2.441525
 92.780004 -3.024048 -2.095521
 92.980004 -3.022953 -2.601124
 93.180004 -2.984103 -1.939889
 93.380004 -3.102508 -2.441579
 93.580004 -2.988800 -2.505603
 93.780004 -3.000162 -2.138785
 93.980004 -2.913395 -2.423209
 94.180004 -2.974365 -2.171595
 94.380004 3.044729 -2.228650
 94.580004 -2.886776 -2.539636
 94.780005 -2.981791 -2.063081
 94.980005 -2.974577 -2.496452
 95.180005 -3.123901 -2.289055
 95.380005 -3.027303 -2.175224
 95.580005 -2.858523 -2.407092
 95.780005 -2.916327 -2.173629
 95.980005 -3.107481 -2.389585
 96.180005 -2.948264 -2.122800
 96.380005 -2.977572 -2.140042
 96.580005 -2.820572 -2.329406
 96.780005 3.078828 -2.277160
 96.980005 -3.009664 -2.193634
 97.180005 -3.081798 -2.345220
 97.380005 -2.874039 -1.980938
 97.580005 -2.935842 -2.562876
 97.780005 -2.996634 -2.066237
 97.980005 -3.124020 -2.306775
 98.180005 -3.055205 -2.435988
 98.380005 -3.122464 -2.154617
 98.580005 -3.030168 -2.501847
 98.780005 -3.050363 -2.198905
 98.980005 -3.085301 -2.223770
 99.180005 -2.848854 -2.523041
 99.380005 -3.004574 -1.886658
 99.580005 -2.872189 -2.520952
 99.780005 -2.943490 -2.183608
 99.980005 -3.089730 -2.092681
 100.180005 -2.978446 -2.655656
 100.380005 -3.110310 -2.093822
 100.580005 -2.842444 -2.384086
 100.780005 -2.872771 -2.317113
 100.980005 -3.038709 -1.996129
 101.180005 -3.005432 -2.695339
 101.380005 -2.900835 -1.927588
 101.580005 -2.898875 -2.314205
 101.780005 -3.016858 -2.345675
 101.980005 -3.053818 -2.168096
 102.180005 -3.119999 -2.572309
 102.380005 -2.967257 -1.964456
 102.580005 -2.872752 -2.266590
 102.780005 -3.081443 -2.450036
 102.980005 -2.949874 -2.077613
 103.180005 -3.044892 -2.291282
 103.380005 -2.980836 -2.180147
 103.580005 -2.865086 -2.215556
 103.780005 -3.097070 -2.439838
 103.980005 -3.042417 -2.065223
 104.180005 -2.974969 -2.386314
 104.380005 -2.912789 -2.105870
 104.580005 -2.875099 -2.316336
 104.780005 -3.133300 -2.440866
 104.980005 -2.991071 -2.106828
 105.180005 -2.889021 -2.393113
 105.380005 -2.952303 -2.215224
 105.580005 3.116247 -2.333197
 105.780005 -2.909217 -2.339567
 105.980005 -3.118846 -2.175238
 106.180005 -2.781892 -2.296455
 106.380005 -3.022378 -2.203732
 106.580005 -3.051120 -2.107388
 106.780005 -2.879488 -2.271176
 106.980005 3.036875 -2.260161
 107.180005 -2.838035 -2.323661
 107.380005 -2.815300 -2.217225
 107.580005 -2.963744 -2.274283
 107.780005 2.999433 -2.388775
 107.980005 -3.011236 -2.277035
 108.180005 -2.878951 -2.305375
 108.380005 -2.884510 -2.262999
 108.580005 -3.111469 -2.276417
 108.780005 3.083214 -2.321151
 108.980005 -2.937417 -2.066447
 109.180005 -2.911909 -2.330232
 109.380005 -3.053995 -2.339971
 109.580005 -3.030939 -2.253437
 109.780005 -2.908640 -2.266970
 109.980005 -2.999383 -2.182300
 110.180005 -3.089301 -2.325849
 110.380005 -3.062347 -2.242187
 110.580005 -3.015766 -2.318934
 110.780005 -2.866150 -2.297154
 110.980005 -2.995381 -2.050208
 111.180005 3.136550 -2.370002
 111.380005 -2.909707 -2.224009
 111.580005 -3.022627 -2.452107
 111.780005 -2.941317 -2.165730
 111.980005 -3.108370 -2.270630
 112.180005 -3.020016 -2.364684
 112.380005 -3.031978 -2.212798
 112.580005 -2.892557 -2.254380
 112.780005 -3.013985 -2.249011
 112.980005 -2.929064 -2.077261
 113.180005 -2.977880 -2.353919
 113.380005 -2.947825 -1.977973
 113.580005 -2.873098 -2.449706
 113.780005 -2.953508 -2.152486
 113.980005 3.096379 -2.356402
 114.180005 -2.961757 -2.322859
 114.380005 -2.969440 -2.172586
 114.580005 -2.925500 -2.502999
 114.780005 3.129642 -2.215805
 114.980005 3.117719 -2.260523
 115.180005 -2.794049 -2.328307
 115.380005 -2.876658 -2.103013
 115.580005 -2.952423 -2.385448
 115.780005 -2.880102 -2.185496
 115.980006 -3.104053 -2.352525
 116.180006 -3.000970 -2.311322
 116.380006 -2.741418 -2.211858
 116.580006 3.113563 -2.255002
 116.780006 -3.065163 -2.192423
 116.980006 -2.800094 -2.279816
 117.180006 -2.944549 -2.382534
 117.380006 -2.963716 -2.211976
 117.580006 -3.050285 -2.337958
 117.780006 -3.008199 -2.304594
 117.980006 -3.141208 -2.268558
 118.180006 2.977217 -2.441169
 118.380006 -3.084048 -2.246060
 118.580006 3.063419 -2.409104
 118.780006 -2.896626 -2.140527
 118.980006 -2.995227 -2.427578
 119.180006 -2.730866 -2.067835
 119.380006 -3.120301 -2.327898
 119.580006 -2.835374 -2.096440
 119.780006 -2.884830 -2.237746
 119.980006 -3.088984 -2.379984
 120.180006 -2.856716 -2.110314
 120.380006 -3.034023 -2.300319
 120.580006 -2.880494 -2.142198
 120.780006 3.099409 -2.532096
 120.980006 -3.075026 -2.057961
 121.180006 -3.123470 -2.422010
 121.380006 3.102946 -2.288050
 121.580006 -2.880140 -2.357843
 121.780006 2.910534 -2.359617
 121.980006 -3.047354 -2.144316
 122.180006 -2.993459 -2.465030
 122.380006 -3.057737 -2.054960
 122.580006 -3.016903 -2.397305
 122.780006 -3.087197 -2.234040
 122.980006 -2.918068 -2.051644
 123.180006 -2.947953 -2.461203
 123.380006 3.088135 -2.179702
 123.580006 -2.931119 -2.270969
 123.780006 3.080105 -2.379350
 123.980006 -2.957035 -2.140775
 124.180006 -3.104276 -2.690984
 124.380006 -3.067996 -2.078165
 124.580006 3.141177 -2.425924
 124.780006 -3.001675 -2.143938
 124.980006 3.063861 -2.470570
 125.180006 -2.976695 -2.464291
 125.380006 -3.105059 -2.107369
 125.580006 -3.016580 -2.454736
 125.780006 -3.023191 -2.176396
 125.980006 -2.843127 -2.326953
 126.180006 -2.647821 -2.128002
 126.380006 -2.961362 -2.204951
 126.580006 -2.989075 -2.203948
 126.780006 -3.051214 -2.161749
 126.980006 -2.830502 -2.375781
 127.180006 -3.002323 -2.340456
 127.380006 3.070305 -2.232685
 127.580006 -3.021882 -2.347087
 127.780006 -2.975830 -2.152226
 127.980006 -2.777789 -2.370382
 128.180006 -3.067634 -2.258592
 128.380006 -3.133609 -2.315122
 128.580006 -2.923767 -2.208120
 128.780006 -3.089225 -2.118876
 128.980006 -2.940263 -2.480273
 129.180006 -3.120398 -2.161853
 129.380006 3.125322 -2.396758
 129.580006 -2.941799 -2.425638
 129.780006 -2.973115 -2.035747
 129.980006 -3.110621 -2.444358
 130.180006 3.064791 -2.055975
 130.380006 -3.046966 -2.279435
 130.580006 -2.881521 -2.313979
 130.780006 -3.017127 -2.148676
 130.980006 -2.938969 -2.296259
 131.180006 3.075773 -2.163832
 131.380006 -2.899692 -2.272815
 131.580006 -2.823074 -2.353640
 131.780006 -3.086474 -2.087934
 131.980006 -2.984714 -2.504825
 132.180006 3.136325 -1.909459
 132.380006 -2.786767 -2.309071
 132.580006 -2.985223 -2.287213
 132.780006 2.897385 -2.238007
 132.980006 -2.986328 -2.534080
 133.180006 -3.125689 -2.151463
 133.380006 3.077621 -2.500782
 133.580006 2.984417 -2.270528
 133.780006 2.974458 -2.358980
 133.980006 -2.902221 -2.487008
 134.180006 3.071723 -2.107120
 134.380006 -3.011725 -2.400498
 134.580006 -3.011173 -2.223607
 134.780006 -3.053548 -2.136225
 134.980006 -2.716861 -2.285258
 135.180006 -2.866064 -2.098933
 135.380006 -2.663252 -2.234486
 135.580006 -2.974413 -2.300931
 135.780006 -3.020132 -2.051812
 135.980006 -3.035798 -2.298688
 136.180006 -3.095323 -2.240568
 136.380006 -2.971464 -2.325540
 136.580006 -3.102962 -2.324102
 136.780006 -3.127720 -2.204065
 136.980007 3.121948 -2.445793
 137.180007 -3.093435 -2.277369
 137.380007 -2.952954 -2.294795
 137.580007 -2.962983 -2.088861
 137.780007 3.027494 -2.409179
 137.980007 -2.620827 -2.181935
 138.180007 -2.822688 -2.319487
 138.380007 -2.972724 -2.160266
 138.580007 -3.112113 -2.241305
 138.780007 -2.886988 -2.241184
 138.980007 -2.731173 -2.269282
 139.180007 -2.984338 -2.189930
 139.380007 -3.051465 -2.318259
 139.580007 -3.039115 -2.104740
 139.780007 -2.829060 -2.277423
 139.980007 -2.980629 -2.208362
 140.180007 -2.996318 -2.231797
 140.380007 -2.926703 -2.381554
 140.580007 -2.860211 -1.872739
 140.780007 -2.849766 -2.438500
 140.980007 2.847530 -2.203541
 141.180007 -3.066228 -2.367728
 141.380007 -2.933264 -2.477383
 141.580007 3.085725 -2.151474
 141.780007 -2.950116 -2.504991
 141.980007 -3.056533 -2.436366
 142.180007 -2.950037 -2.103617
 142.380007 -3.008880 -2.554659
 142.580007 -3.083590 -2.108792
 142.780007 -3.104547 -2.410966
 142.980007 -3.069529 -2.391155
 143.180007 -2.920783 -2.061737
 143.380007 -2.897717 -2.247441
 143.580007 -2.994607 -2.237442
 143.780007 -2.857054 -2.289600
 143.980007 -2.730771 -2.236137
 144.180007 -2.781849 -2.054975
 144.380007 -2.997386 -2.514544
 144.580007 -3.006957 -1.918321
 144.780007 3.130142 -2.481755
 144.980007 -2.867432 -2.347054
 145.180007 -3.070185 -2.197070
 145.380007 3.139238 -2.484373
 145.580007 3.092623 -2.074046
 145.780007 -2.978983 -2.574501
 145.980007 -3.031419 -2.363412
 146.180007 3.048793 -2.070865
 146.380007 -2.932295 -2.615967
 146.580007 2.928486 -2.151701
 146.780007 -3.003824 -2.305349
 146.980007 -3.010354 -2.350674
 147.180007 -3.059845 -2.095383
 147.380007 -2.918566 -2.555194
 147.580007 -3.060303 -1.963258
 147.780007 -2.885118 -2.403366
 147.980007 -2.750491 -2.301334
 148.180007 -3.121573 -2.110198
 148.380007 -3.025055 -2.332974
 148.580007 -3.002955 -2.250048
 148.780007 -2.948076 -2.292783
 148.980007 -2.977531 -2.321712
 149.180007 -3.120085 -2.327368
 149.380007 -3.074741 -2.262966
 149.580007 3.059249 -2.280364
 149.780007 -2.989297 -2.395118
 149.980007 -2.908832 -2.126751
 150.180007 -2.988311 -2.174355
 150.380007 -2.828714 -2.695486
 150.580007 -3.057063 -1.777964
 150.780007 -2.719027 -2.200112
 150.980007 -2.895784 -2.277270
 151.180007 -3.072512 -1.946508
 151.380007 -2.867530 -2.482570
 151.580007 -2.969720 -2.068395
 151.780007 -2.675999 -2.130677
 151.980007 -2.821203 -2.538105
 152.180007 -2.967414 -1.876723
 152.380007 -3.009844 -2.427565
 152.580007 -2.649635 -1.947003
 152.780007 -2.989575 -2.298791
 152.980007 -3.042533 -2.277370
 153.180007 -3.066534 -2.288765
 153.380007 -3.061266 -2.403135
 153.580007 3.137694 -2.237712
 153.780007 -3.115415 -2.360335
 153.980007 -2.873314 -2.407986
 154.180007 2.967756 -2.264506
 154.380007 -2.883550 -1.945392
 154.580007 -3.004261 -2.546130
 154.780007 -3.016482 -2.000468
 154.980007 -3.010262 -2.510509
 155.180007 -2.959900 -2.208984
 155.380007 -2.995925 -2.172815
 155.580007 3.078573 -2.549604
 155.780007 -3.048530 -2.186986
 155.980007 -3.122632 -2.292479
 156.180007 -2.806674 -2.174503
 156.380007 -2.959374 -2.101589
 156.580007 -2.726232 -2.442386
 156.780007 -2.863964 -2.188077
 156.980007 -2.941662 -2.125358
 157.180007 3.134459 -2.516360
 157.380007 -2.938767 -1.930293
 157.580007 -3.028440 -2.575592
 157.780007 -3.032057 -2.277395
 157.980008 -2.897838 -2.095730
 158.180008 -3.011951 -2.600781
 158.380008 -3.100516 -2.044279
 158.580008 -3.117077 -2.324975
 158.780008 -2.855731 -2.211188
 158.980008 -3.069360 -2.197769
 159.180008 -3.028412 -2.501412
 159.380008 -3.108339 -2.152022
 159.580008 -2.991020 -2.234450
 159.780008 -2.745182 -2.009886
 159.980008 -3.015170 -2.443773
 160.180008 -3.008740 -2.072697
 160.380008 3.104185 -2.364143
 160.580008 -2.798167 -2.290894
 160.780008 -2.904192 -2.334926
 160.980008 -2.993378 -2.223853
 161.180008 2.893909 -2.302153
 161.380008 -2.829020 -2.272569
 161.580008 3.077606 -2.597667
 161.780008 -3.042169 -1.987364
 161.980008 -3.042419 -2.432895
 162.180008 -3.048668 -2.122153
 162.380008 -2.828856 -2.310032
 162.580008 -2.930044 -2.330894
 162.780008 -3.134066 -1.891412
 162.980008 -2.782094 -2.470699
 163.180008 -2.847572 -2.139649
 163.380008 -2.914914 -2.221140
 163.580008 -2.824294 -2.393806
 163.780008 -3.029044 -1.899159
 163.980008 -2.909555 -2.549682
 164.180008 -3.094856 -2.144812
 164.380008 -3.125396 -2.250193
 164.580008 -3.071893 -2.678314
 164.780008 2.860418 -2.101245
 164.980008 -2.890741 -2.586322
 165.180008 -3.083638 -2.181599
 165.380008 -3.070605 -2.224000
 165.580008 -2.876758 -2.460525
 165.780008 -3.025953 -2.007174
 165.980008 -2.769636 -2.372446
 166.180008 -3.110179 -2.154897
 166.380008 -2.955949 -2.149433
 166.580008 -2.877262 -2.416898
 166.780008 -3.015986 -1.989418
 166.980008 -2.865765 -2.343300
 167.180008 -2.991373 -2.264011
 167.380008 -2.860760 -2.200015
 167.580008 -2.915524 -2.406708
 167.780008 3.108616 -2.233600
 167.980008 -3.043267 -2.347698
 168.180008 -3.105197 -2.243549
 168.380008 -3.037296 -2.341120
 168.580008 3.112840 -2.345205
 168.780008 3.001772 -2.293458
 168.980008 -2.946118 -2.379542
 169.180008 -3.068723 -2.188324
 169.380008 -3.037297 -2.377747
 169.580008 -3.059699 -2.348656
 169.780008 -3.040006 -2.096088
 169.980008 -2.871315 -2.348848
 170.180008 -2.968016 -2.138715
 170.380008 -2.833511 -2.223028
 170.580008 -2.844249 -2.306347
 170.780008 -2.809746 -1.974881
 170.980008 -2.842030 -2.309297
 171.180008 -2.976340 -2.151708
 171.380008 3.126529 -2.356016
 171.580008 3.099947 -2.434974
 171.780008 3.139469 -2.288726
 171.980008 -3.125616 -2.476197
 172.180008 3.082005 -2.328894
 172.380008 -3.113419 -2.240580
 172.580008 -3.014581 -2.287772
 172.780008 -2.970807 -2.178439
 172.980008 -2.851806 -2.338061
 173.180008 -3.082810 -2.173863
 173.380008 -2.983134 -2.205864
 173.580008 -2.895853 -2.331880
 173.780008 -2.791108 -2.006801
 173.980008 -2.723918 -2.271368
 174.180008 -3.022882 -2.242400
 174.380008 -2.973419 -2.103238
 174.580008 -2.973940 -2.475248
 174.780008 -2.804756 -2.132292
 174.980008 -3.113336 -2.401366
 175.180008 -3.049848 -2.417193
 175.380008 3.068595 -2.205794
 175.580008 -3.132349 -2.500941
 175.780008 3.100327 -2.406086
 175.980008 -3.068974 -2.162817
 176.180008 -2.986941 -2.519065
 176.380008 -2.965129 -2.032776
 176.580008 -2.962683 -2.389437
 176.780008 -2.882334 -2.197869
 176.980008 -2.910371 -2.007871
 177.180008 -2.803757 -2.433590
 177.380008 -2.895183 -2.094396
 177.580008 -2.929762 -2.268210
 177.780008 -3.080285 -2.330618
 177.980008 -2.851904 -2.103409
 178.180008 -3.138280 -2.595773
 178.380008 3.052583 -2.174512
 178.580008 -3.074097 -2.458617
 178.780008 -3.041199 -2.353652
 178.980009 -2.931653 -2.142493
 179.180009 3.101658 -2.446035
 179.380009 -3.121156 -2.152576
 179.580009 -2.772816 -2.236828
 179.780009 -2.951629 -2.271770
 179.980009 -2.896664 -2.166570
 180.180009 -2.990962 -2.333174
 180.380009 -2.770421 -1.999344
 180.580009 -2.790612 -2.399977
 180.780009 -2.940732 -2.293594
 180.980009 -3.080320 -2.233886
 181.180009 -2.997747 -2.446624
 181.380009 -3.056417 -2.198545
 181.580009 -3.009526 -2.427068
 181.780009 3.010986 -2.292422
 181.980009 -3.010272 -2.082477
 182.180009 -3.117669 -2.588106
 182.380009 -3.039064 -2.101196
 182.580009 -2.839225 -2.346997
 182.780009 3.134418 -2.378095
 182.980009 -2.863992 -1.937491
 183.180009 -3.129595 -2.585363
 183.380009 -2.980200 -1.923809
 183.580009 -2.787642 -2.476689
 183.780009 -2.957221 -2.300178
 183.980009 -2.996664 -2.091884
 184.180009 -3.084322 -2.390162
 184.380009 -2.781749 -2.092937
 184.580009 -3.039239 -2.295477
 184.780009 -2.887246 -2.230667
 184.980009 -3.117633 -2.327009
 185.180009 -3.079962 -2.291247
 185.380009 -2.996216 -2.074430
 185.580009 -2.956009 -2.365790
 185.780009 -2.870865 -2.148386
 185.980009 -2.794679 -2.262669
 186.180009 -2.929868 -2.241953
 186.380009 -2.941559 -2.117520
 186.580009 -2.882087 -2.328036
 186.780009 -2.905199 -2.185716
 186.980009 -3.012922 -2.371194
 187.180009 3.034559 -2.347640
 187.380009 -3.095082 -2.257216
 187.580009 3.124856 -2.496959
 187.780009 3.036490 -2.305547
 187.980009 -3.011042 -2.323764
 188.180009 -3.057026 -2.490124
 188.380009 -3.011245 -2.115033
 188.580009 -3.048729 -2.412768
 188.780009 -2.927347 -2.157670
 188.980009 -3.056484 -2.182907
 189.180009 -2.865035 -2.241788
 189.380009 -2.826940 -2.059023
 189.580009 -2.809948 -2.287865
 189.780009 -2.878588 -2.207258
 189.980009 -2.883084 -2.177467
 190.180009 -3.020415 -2.264053
 190.380009 -2.982204 -2.327087
 190.580009 -3.018185 -2.268640
 190.780009 -3.089780 -2.268530
 190.980009 -3.013064 -2.288164
 191.180009 -3.034308 -2.416355
 191.380009 3.068502 -2.343100
 191.580009 -3.038431 -2.273971
 191.780009 -3.140076 -2.262641
 191.980009 -2.889528 -2.237996
 192.180009 3.089308 -2.386382
 192.380009 -3.016216 -2.134817
 192.580009 -2.860809 -2.225865
 192.780009 -3.030112 -2.345952
 192.980009 -2.826347 -2.194174
 193.180009 -3.099723 -2.307122
 193.380009 -2.851409 -2.050830
 193.580009 -3.110689 -2.457969
 193.780009 -2.855168 -2.096846
 193.980009 -2.900203 -2.411284
 194.180009 -3.061185 -2.217449
 194.380009 3.097059 -2.183287
 194.580009 -3.102250 -2.463694
 194.780009 -2.820981 -2.107408
 194.980009 -2.910293 -2.243014
 195.180009 -3.075962 -2.400265
 195.380009 -3.099130 -1.988869
 195.580009 -2.938601 -2.632005
 195.780009 -2.958117 -2.116971
 195.980009 -3.051527 -2.279030
 196.180009 -2.950326 -2.482935
 196.380009 -3.040155 -2.035146
 196.580009 -2.843884 -2.514315
 196.780009 -2.977462 -2.236990
 196.980009 -3.064986 -1.977638
 197.180009 -2.925635 -2.826166
 197.380009 -2.944364 -1.953089
 197.580009 -2.906682 -2.410051
 197.780009 3.129397 -2.452640
 197.980009 3.090096 -1.998462
 198.180009 -3.058729 -2.852945
 198.380009 3.090693 -1.908773
 198.580009 3.109795 -2.492535
 198.780009 -3.052122 -2.528176
 198.980009 -2.970359 -1.896423
 199.180009 -2.862553 -2.596922
 199.380009 3.012073 -2.166140
 199.580009 -3.000385 -2.197774
 199.780009 -2.892746 -2.445363
 199.980009 -3.018713 -2.007680
