#! FIELDS time phi psi
#! SET max_psi pi
 0.180000 1.013873 -2.326687
 0.380000 1.257964 -1.989249
 0.580000 1.143967 -2.203385
 0.780000 1.225920 -2.193938
 0.980000 1.560163 -1.945534
 1.180000 1.383158 -2.600100
 1.380000 1.564947 -1.831116
 1.580000 1.295224 -2.211730
 1.780000 1.320999 -1.877081
 1.980000 1.364563 -2.031016
 2.180000 1.145815 -2.015366
 2.380000 0.816865 -1.957285
 2.580000 1.290583 -2.229490
 2.780000 1.090353 -1.733463
 2.980000 1.118784 -2.500815
 3.180000 1.327265 -1.747010
 3.380000 1.595105 -2.383905
 3.580000 1.008560 -2.154353
 3.780000 1.067879 -1.860292
 3.980000 1.329360 -2.241717
 4.180000 1.256877 -1.818488
 4.380000 1.402732 -2.462836
 4.580000 1.340391 -1.720759
 4.780000 1.361636 -2.510042
 4.980000 1.254828 -1.965297
 5.180000 1.023490 -1.903861
 5.380000 1.170862 -2.440666
 5.580000 0.841017 -1.642095
 5.780000 1.359493 -2.597645
 5.980000 1.203538 -1.628121
 6.180000 1.308836 -2.701705
 6.380000 1.203592 -1.698213
 6.580000 1.420809 -2.384426
 6.780000 0.980736 -1.880555
 6.980000 1.202572 -2.121719
 7.180000 1.287283 -2.110103
 7.380000 1.294833 -1.936172
 7.580000 1.106957 -2.309802
 7.780000 1.474127 -1.744473
 7.980000 1.134163 -2.257762
 8.180000 1.384523 -1.926687
 8.380000 1.340599 -2.093371
 8.580000 1.081525 -2.219436
 8.780000 1.062376 -1.846644
 8.980000 1.315654 -2.200900
 9.180000 1.167770 -1.958693
 9.380000 1.346339 -2.294063
 9.580000 1.264933 -2.079355
 9.780000 1.397605 -2.229067
 9.980000 1.200431 -2.008442
 10.180000 1.246399 -2.127292
 10.380000 1.278393 -2.175303
 10.580001 1.221417 -1.968980
 10.780001 0.965123 -2.271111
 10.980001 1.358216 -1.788675
 11.180001 1.301828 -2.242437
 11.380001 1.184702 -2.134664
 11.580001 1.430468 -1.905665
 11.780001 1.381701 -2.242596
 11.980001 1.102502 -2.039161
 12.180001 1.277677 -2.371359
 12.380001 1.242645 -1.936754
 12.580001 1.193658 -2.257483
 12.780001 1.336015 -1.816397
 12.980001 1.204028 -2.210237
 13.180001 1.171550 -2.176520
 13.380001 1.372206 -2.106969
 13.580001 1.128864 -2.120956
 13.780001 1.235159 -2.108969
 13.980001 1.235718 -2.209612
 14.180001 1.188394 -2.020420
 14.380001 1.345337 -2.169160
 14.580001 1.326559 -2.068667
 14.780001 1.124408 -2.104091
 14.980001 1.327640 -2.212811
 15.180001 1.262219 -1.926020
 15.380001 1.112490 -2.136211
 15.580001 1.250339 -1.939770
 15.780001 1.367210 -2.106763
 15.980001 0.967162 -2.187106
 16.180001 1.393438 -2.010714
 16.380001 1.437255 -2.209113
 16.580001 1.257054 -2.082767
 16.780001 1.227820 -2.026023
 16.980001 1.305727 -2.157177
 17.180001 1.040403 -2.006420
 17.380001 1.324843 -2.064734
 17.580001 1.334544 -2.032561
 17.780001 1.331200 -2.348558
 17.980001 1.177141 -1.993332
 18.180001 1.185818 -2.198118
 18.380001 1.060012 -2.113929
 18.580001 1.285353 -1.904615
 18.780001 1.141918 -2.285460
 18.980001 1.399128 -2.055894
 19.180001 1.224215 -2.117493
 19.380001 1.227594 -2.058316
 19.580001 1.100993 -2.181579
 19.780001 1.606067 -2.232217
 19.980001 1.071453 -2.079871
 20.180001 1.289673 -2.231652
 20.380001 1.184106 -1.973884
 20.580001 1.333856 -2.235164
 20.780001 1.011478 -2.098285
 20.980001 1.454371 -2.021568
 21.180001 1.301171 -2.123474
 21.380001 1.234730 -2.029667
 21.580001 1.263851 -2.174055
 21.780001 1.270689 -2.074174
 21.980001 0.955881 -2.090796
 22.180001 1.391057 -2.154020
 22.380001 1.268802 -1.900139
 22.580001 1.317107 -2.232432
 22.780001 1.430325 -1.902797
 22.980001 1.432444 -2.049770
 23.180001 1.069162 -2.124628
 23.380001 0.958398 -1.906065
 23.580001 1.144321 -2.056366
 23.780001 1.045457 -2.108768
 23.980001 1.165836 -2.139875
 24.180001 1.347231 -2.045775
 24.380001 1.303815 -1.946055
 24.580001 1.322050 -2.138222
 24.780001 1.306299 -1.973826
 24.980001 1.279077 -2.140770
 25.180001 1.004912 -1.980113
 25.380001 1.222958 -2.285066
 25.580001 1.126546 -1.978623
 25.780001 1.267567 -2.206096
 25.980001 1.245290 -2.138368
 26.180001 1.383279 -2.020395
 26.380001 1.185465 -2.192396
 26.580001 1.162129 -1.900586
 26.780001 1.178148 -2.100651
 26.980001 1.121592 -2.013461
 27.180001 1.068984 -2.108016
 27.380001 1.377608 -2.027656
 27.580001 1.092694 -2.149491
 27.780001 1.513179 -2.272517
 27.980001 1.308584 -2.018956
 28.180001 1.391625 -2.286076
 28.380001 1.206456 -1.953944
 28.580001 1.244633 -2.305659
 28.780001 1.181175 -1.798612
 28.980001 1.170579 -2.289328
 29.180001 1.112423 -1.906596
 29.380001 1.380918 -2.010406
 29.580001 1.320642 -2.266814
 29.780001 1.264546 -1.948505
 29.980001 1.380076 -2.224112
 30.180001 1.030670 -1.956201
 30.380001 1.212948 -2.206893
 30.580001 1.176490 -2.004458
 30.780001 1.085433 -2.000074
 30.980001 1.378551 -2.242775
 31.180001 1.360405 -1.865394
 31.380001 0.976689 -2.261944
 31.580001 1.221667 -1.826850
 31.780002 1.208163 -2.228917
 31.980002 1.031448 -2.064353
 32.180002 1.338817 -2.110698
 32.380002 1.175577 -2.086562
 32.580002 1.054578 -1.950483
 32.780002 1.489854 -2.100891
 32.980002 1.131261 -1.951600
 33.180002 1.261741 -2.283842
 33.380002 1.242487 -1.908971
 33.580002 1.215870 -2.140445
 33.780002 1.133397 -2.146728
 33.980002 1.215048 -1.948170
 34.180002 1.047608 -2.204149
 34.380002 1.333315 -1.956710
 34.580002 1.283132 -2.090202
 34.780002 1.364921 -2.166944
 34.980002 1.386537 -2.143059
 35.180002 1.210730 -2.134166
 35.380002 1.307651 -2.018524
 35.580002 1.257727 -2.279254
 35.780002 1.076165 -1.947648
 35.980002 1.132853 -2.231026
 36.180002 1.093838 -2.172205
 36.380002 1.175447 -1.979419
 36.580002 1.264491 -2.022109
 36.780002 1.278256 -2.168339
 36.980002 1.295759 -2.052571
 37.180002 1.421849 -2.004619
 37.380002 1.163957 -2.100648
 37.580002 1.345596 -2.174937
 37.780002 1.266136 -1.918637
 37.980002 1.137462 -2.264397
 38.180002 1.127165 -1.947116
 38.380002 1.252834 -2.130496
 38.580002 1.110867 -2.244074
 38.780002 1.309333 -1.944193
 38.980002 1.342343 -2.300060
 39.180002 1.127658 -1.996015
 39.380002 1.430816 -2.247450
 39.580002 1.053342 -1.979987
 39.780002 1.222238 -2.187464
 39.980002 1.285316 -2.060589
 40.180002 1.062335 -2.068542
 40.380002 1.202506 -2.234733
 40.580002 1.242168 -1.840722
 40.780002 1.110314 -2.352160
 40.980002 1.162866 -1.845697
 41.180002 1.333973 -2.305009
 41.380002 0.975352 -1.995655
 41.580002 1.177218 -2.238100
 41.780002 1.521432 -2.086295
 41.980002 1.385374 -2.063190
 42.180002 1.233052 -2.359758
 42.380002 1.400311 -1.869426
 42.580002 1.199281 -2.246415
 42.780002 1.158108 -2.171698
 42.980002 1.290611 -1.972497
 43.180002 1.317555 -2.179017
 43.380002 1.025444 -2.035693
 43.580002 1.338385 -2.214509
 43.780002 1.191875 -1.989354
 43.980002 1.072858 -2.215112
 44.180002 1.476330 -2.067301
 44.380002 1.232678 -2.091114
 44.580002 1.278181 -2.361968
 44.780002 1.229446 -1.950104
 44.980002 1.202091 -2.199814
 45.180002 1.017175 -2.038481
 45.380002 1.347287 -1.999439
 45.580002 1.206349 -2.011459
 45.780002 1.231972 -2.159499
 45.980002 1.215926 -1.882601
 46.180002 1.257502 -2.224034
 46.380002 1.264848 -2.076775
 46.580002 1.297171 -2.077054
 46.780002 1.329308 -2.145564
 46.980002 1.268698 -2.065810
 47.180002 1.330290 -2.117900
 47.380002 1.206390 -2.022931
 47.580002 1.263573 -2.187615
 47.780002 1.353214 -1.951558
 47.980002 1.180100 -2.221185
 48.180002 1.084613 -2.007636
 48.380002 1.197657 -2.164010
 48.580002 1.165162 -2.018935
 48.780002 1.065825 -2.249092
 48.980002 1.280352 -2.114408
 49.180002 1.422479 -1.978736
 49.380002 1.187515 -2.344395
 49.580002 1.331948 -1.824421
 49.780002 1.272076 -2.309189
 49.980002 1.195261 -2.051437
 50.180002 1.331870 -2.161192
 50.380002 1.316365 -2.270579
 50.580002 1.174762 -1.949387
 50.780002 1.350316 -2.386881
 50.980002 1.221398 -1.725681
 51.180002 1.260623 -2.420754
 51.380002 1.405188 -1.995388
 51.580002 1.256840 -2.098592
 51.780002 0.953370 -2.194291
 51.980002 1.190931 -1.895250
 52.180002 1.254134 -2.199822
 52.380002 1.103636 -2.031845
 52.580002 1.185683 -2.132866
 52.780003 1.523274 -2.090301
 52.980003 1.195325 -2.199636
 53.180003 1.561687 -2.164210
 53.380003 1.204425 -2.041925
 53.580003 1.448895 -2.235997
 53.780003 1.222012 -1.894694
 53.980003 1.162233 -2.235846
 54.180003 1.164749 -2.069810
 54.380003 1.153474 -2.111478
 54.580003 1.081565 -2.042205
 54.780003 1.319072 -2.008110
 54.980003 1.175246 -2.085461
 55.180003 1.301893 -2.047741
 55.380003 1.262663 -2.212250
 55.580003 1.498655 -1.992821
 55.780003 1.176090 -2.295282
 55.980003 1.456840 -2.136890
 56.180003 1.432555 -2.090303
 56.380003 1.124147 -2.127149
 56.580003 1.335571 -2.205015
 56.780003 1.196427 -2.093715
 56.980003 1.038718 -2.045783
 57.180003 1.221860 -2.014285
 57.380003 1.192128 -2.052736
 57.580003 1.158375 -2.062237
 57.780003 1.363423 -2.107880
 57.980003 1.550669 -2.017792
 58.180003 1.151014 -2.227702
 58.380003 1.361022 -2.274800
 58.580003 1.430373 -1.977541
 58.780003 1.145768 -2.177008
 58.980003 0.928614 -2.004472
 59.180003 1.273506 -2.145356
 59.380003 1.065184 -1.862366
 59.580003 1.198627 -2.198829
 59.780003 1.164962 -2.149051
 59.980003 1.453478 -1.964997
 60.180003 1.173477 -2.353273
 60.380003 1.406011 -1.987369
 60.580003 1.567471 -2.163231
 60.780003 1.051888 -1.969106
 60.980003 1.292550 -2.129463
 61.180003 1.169941 -1.973038
 61.380003 1.032900 -2.045054
 61.580003 1.098035 -2.110325
 61.780003 1.355491 -2.004112
 61.980003 1.207222 -2.120297
 62.180003 1.256870 -2.091909
 62.380003 1.399848 -2.002695
 62.580003 1.134596 -2.161213
 62.780003 1.213058 -1.921759
 62.980003 1.302770 -2.025777
 63.180003 1.056096 -2.116749
 63.380003 1.173438 -1.988350
 63.580003 1.336040 -2.021200
 63.780003 1.162230 -2.211906
 63.980003 1.292177 -1.957938
 64.180003 1.343144 -2.147730
 64.380003 1.181478 -2.041525
 64.580003 1.355397 -2.178837
 64.780003 1.193566 -1.956757
 64.980003 1.262202 -2.172313
 65.180003 1.319807 -2.089677
 65.380003 1.161115 -2.027465
 65.580003 1.239423 -2.169844
 65.780003 1.219148 -2.079001
 65.980003 1.032619 -2.052549
 66.180003 1.242719 -2.135680
 66.380003 1.260353 -2.177248
 66.580003 1.266910 -2.164427
 66.780003 1.455130 -1.977894
 66.980003 1.325765 -2.332443
 67.180003 1.343050 -1.923095
 67.380003 1.256192 -2.226695
 67.580003 1.214750 -2.104734
 67.780003 1.066297 -2.157228
 67.980003 1.133724 -1.962719
 68.180003 1.135722 -2.057758
 68.380003 1.043584 -2.094115
 68.580003 1.340638 -2.064439
 68.780003 1.217718 -2.229195
 68.980003 1.348633 -2.049820
 69.180003 1.374685 -2.131652
 69.380003 1.199048 -2.154115
 69.580003 1.230823 -2.111834
 69.780003 1.221822 -2.173503
 69.980003 1.252778 -2.025707
 70.180003 1.118332 -2.182773
 70.380003 1.320455 -2.050616
 70.580003 1.107271 -2.045779
 70.780003 1.327568 -2.117599
 70.980003 1.288887 -2.017006
 71.180003 1.268241 -2.208165
 71.380003 1.201315 -2.019801
 71.580003 1.263970 -2.126367
 71.780003 1.211445 -2.123094
 71.980003 1.223864 -2.020951
 72.180003 1.192382 -2.127692
 72.380003 1.233199 -2.124104
 72.580003 1.208926 -1.956878
 72.780003 1.211104 -1.946023
 72.980003 0.983196 -2.204472
 73.180003 1.399661 -1.999022
 73.380003 1.321764 -2.128494
 73.580003 1.322232 -2.222879
 73.780004 1.247361 -1.992024
 73.980004 1.327710 -2.176535
 74.180004 1.135937 -2.059759
 74.380004 1.240273 -2.062309
 74.580004 1.250996 -2.067770
 74.780004 1.352665 -1.891647
 74.980004 1.044771 -2.198997
 75.180004 1.343062 -1.969468
 75.380004 1.126392 -2.081191
 75.580004 1.224851 -2.169236
 75.780004 1.200767 -1.941452
 75.980004 1.259661 -2.038812
 76.180004 1.062376 -2.034579
 76.380004 1.180065 -2.101069
 76.580004 1.419583 -2.089436
 76.780004 1.196376 -1.969915
 76.980004 1.112775 -2.208280
 77.180004 1.381116 -1.985849
 77.380004 1.196385 -2.200293
 77.580004 1.169858 -2.166796
 77.780004 1.306038 -1.909265
 77.980004 1.099239 -2.072211
 78.180004 1.146766 -2.061827
 78.380004 1.359364 -1.937931
 78.580004 1.222620 -2.170182
 78.780004 1.364825 -1.982976
 78.980004 1.510990 -2.096957
 79.180004 1.118229 -2.135573
 79.380004 1.387867 -1.940601
 79.580004 1.040261 -1.905114
 79.780004 1.225032 -2.226707
 79.980004 1.151539 -2.040686
 80.180004 1.419891 -1.956495
 80.380004 1.038472 -2.190783
 80.580004 1.394019 -2.080968
 80.780004 1.306068 -2.040745
 80.980004 1.154074 -2.224149
 81.180004 1.387437 -2.030051
 81.380004 1.334727 -2.001031
 81.580004 0.985555 -2.096056
 81.780004 1.293368 -2.032242
 81.980004 1.325471 -2.053406
 82.180004 1.107824 -2.092500
 82.380004 1.421200 -2.246493
 82.580004 1.489583 -2.004669
 82.780004 1.139153 -2.202229
 82.980004 1.359498 -1.958885
 83.180004 1.324791 -2.097448
 83.380004 0.975058 -2.162077
 83.580004 1.339067 -1.898490
 83.780004 1.206814 -1.999092
 83.980004 1.091962 -2.326180
 84.180004 1.300754 -1.872419
 84.380004 1.191182 -2.124083
 84.580004 1.232996 -2.189750
 84.780004 1.327922 -1.854590
 84.980004 1.239585 -2.336322
 85.180004 1.186717 -1.916637
 85.380004 1.234021 -2.147873
 85.580004 1.166050 -1.970517
 85.780004 1.174874 -2.070355
 85.980004 1.316465 -2.215290
 86.180004 1.257817 -1.919144
 86.380004 1.320794 -2.456789
 86.580004 1.320816 -1.876158
 86.780004 1.164374 -2.141924
 86.980004 1.272907 -2.217913
 87.180004 1.043880 -1.877088
 87.380004 1.268512 -2.227803
 87.580004 0.984826 -1.936362
 87.780004 1.377295 -2.246501
 87.980004 1.166169 -2.063553
 88.180004 1.417484 -2.218078
 88.380004 1.366046 -2.033209
 88.580004 1.428268 -2.201234
 88.780004 1.007734 -2.137200
 88.980004 1.458665 -1.961344
 89.180004 1.211108 -2.210736
 89.380004 1.057802 -2.128535
 89.580004 1.406912 -1.974727
 89.780004 1.302978 -1.909158
 89.980004 1.027603 -2.196311
 90.180004 1.249129 -1.865713
 90.380004 1.339533 -2.127171
 90.580004 1.072488 -2.082971
 90.780004 1.279683 -2.200319
 90.980004 1.426286 -1.985996
 91.180004 1.099259 -2.218734
 91.380004 1.492749 -2.253583
 91.580004 1.298782 -2.038852
 91.780004 1.213769 -1.959468
 91.980004 1.390026 -2.166699
 92.180004 1.304382 -1.963895
 92.380004 1.006538 -2.236306
 92.580004 1.362636 -2.032759
 92.780004 1.281046 -2.074013
 92.980004 1.323533 -2.241534
 93.180004 1.163335 -2.126985
 93.380004 1.432410 -2.342760
 93.580004 0.994454 -2.039463
 93.780004 1.385189 -2.218099
 93.980004 1.181408 -2.024094
 94.180004 1.058303 -2.234114
 94.380004 1.298835 -2.068527
 94.580004 1.246804 -1.991654
 94.780005 0.993311 -2.354291
 94.980005 1.326206 -1.806641
 95.180005 1.292788 -2.265590
 95.380005 1.251681 -1.998979
 95.580005 1.296709 -2.058160
 95.780005 1.404863 -2.068560
 95.980005 1.030171 -1.952062
 96.180005 1.334858 -2.387197
 96.380005 1.388186 -1.729687
 96.580005 1.152393 -2.448290
 96.780005 1.339126 -1.969196
 96.980005 1.246891 -2.128886
 97.180005 1.106955 -2.221254
 97.380005 1.113111 -2.008813
 97.580005 1.356189 -2.228268
 97.780005 1.118829 -2.002495
 97.980005 1.275178 -2.320424
 98.180005 1.404506 -1.929833
 98.380005 1.213242 -2.125917
 98.580005 1.359113 -2.201306
 98.780005 1.260207 -1.852125
 98.980005 1.186257 -2.255498
 99.180005 1.074977 -1.839456
 99.380005 1.096059 -2.221155
 99.580005 1.313569 -1.943885
 99.780005 1.138561 -2.170823
 99.980005 1.255227 -2.198755
 100.180005 1.376374 -1.943483
 100.380005 1.282956 -2.255950
 100.580005 1.270009 -1.944373
 100.780005 1.268288 -2.204304
 100.980005 1.157377 -1.997884
 101.180005 1.160263 -2.073317
 101.380005 1.358342 -2.110332
 101.580005 1.251883 -2.005704
 101.780005 1.273169 -2.304526
 101.980005 1.440583 -1.890259
 102.180005 1.230883 -2.228060
 102.380005 1.170903 -2.060680
 102.580005 1.262938 -2.000829
 102.780005 1.229949 -2.164802
 102.980005 1.070159 -1.960002
 103.180005 1.383725 -2.157395
 103.380005 1.221741 -1.989465
 103.580005 1.303316 -2.268843
 103.780005 1.273249 -1.996128
 103.980005 1.417361 -2.145577
 104.180005 1.096648 -2.118926
 104.380005 1.138261 -1.892899
 104.580005 1.111232 -2.033143
 104.780005 1.036223 -2.077897
 104.980005 1.274550 -2.060159
 105.180005 1.159901 -2.094689
 105.380005 1.227705 -2.269406
 105.580005 1.598906 -2.100108
 105.780005 1.438489 -2.163054
 105.980005 1.330781 -2.012518
 106.180005 1.269648 -2.105272
 106.380005 1.086259 -2.102847
 106.580005 0.960762 -1.967899
 106.780005 1.152686 -2.159767
 106.980005 1.110411 -1.919433
 107.180005 1.096069 -2.153590
 107.380005 1.388883 -1.978385
 107.580005 1.212557 -2.080455
 107.780005 1.178508 -2.146280
 107.980005 1.464534 -1.981772
 108.180005 1.339489 -2.146844
 108.380005 1.033574 -1.963848
 108.580005 1.205880 -2.085186
 108.780005 1.349478 -1.918617
 108.980005 1.029382 -2.176698
 109.180005 1.251026 -2.205580
 109.380005 1.381326 -1.936501
 109.580005 1.240031 -2.372914
 109.780005 1.345451 -1.810258
 109.980005 1.178481 -2.260117
 110.180005 1.040324 -1.947764
 110.380005 1.394742 -1.995632
 110.580005 1.283955 -2.165548
 110.780005 1.130071 -1.930449
 110.980005 1.491297 -2.377931
 111.180005 1.241716 -1.793798
 111.380005 1.298491 -2.369977
 111.580005 1.251293 -1.907395
 111.780005 1.196671 -2.253561
 111.980005 1.152301 -2.131881
 112.180005 1.226075 -1.753523
 112.380005 1.085177 -2.307681
 112.580005 1.231754 -1.782373
 112.780005 1.175475 -2.197524
 112.980005 1.146918 -2.082003
 113.180005 1.278215 -1.971066
 113.380005 1.321911 -2.329022
 113.580005 1.316499 -1.934080
 113.780005 1.635131 -2.372640
 113.980005 1.179783 -1.792784
 114.180005 1.309332 -2.387629
 114.380005 1.343749 -1.827541
 114.580005 1.046815 -2.178393
 114.780005 1.244445 -2.221128
 114.980005 1.336909 -1.909354
 115.180005 1.029234 -2.322089
 115.380005 1.182974 -1.717285
 115.580005 1.204496 -2.277004
 115.780005 1.208645 -2.130002
 115.980006 1.462784 -1.995865
 116.180006 1.270117 -2.150309
 116.380006 1.228892 -2.082336
 116.580006 1.351035 -2.056075
 116.780006 1.111006 -2.133677
 116.980006 1.162574 -2.154905
 117.180006 1.308742 -1.938014
 117.380006 1.074473 -2.193183
 117.580006 1.256729 -2.144229
 117.780006 1.382400 -1.946800
 117.980006 1.083198 -2.253258
 118.180006 1.205457 -2.008898
 118.380006 1.336660 -2.041757
 118.580006 1.246645 -2.147527
 118.780006 1.117643 -1.935667
 118.980006 1.293393 -2.160122
 119.180006 1.283457 -1.938901
 119.380006 1.487757 -2.329164
 119.580006 1.266823 -1.721026
 119.780006 1.415525 -2.387346
 119.980006 1.180184 -2.001188
 120.180006 1.149799 -2.027265
 120.380006 1.102410 -2.186530
 120.580006 1.174523 -1.959087
 120.780006 1.149690 -1.931991
 120.980006 1.349841 -2.236331
 121.180006 1.266327 -1.966244
 121.380006 1.423235 -2.053026
 121.580006 1.352775 -2.079338
 121.780006 1.334271 -2.177448
 121.980006 1.219991 -1.889277
 122.180006 1.117846 -2.305885
 122.380006 1.186519 -2.028728
 122.580006 1.149602 -2.191508
 122.780006 1.085329 -2.194604
 122.980006 1.406626 -2.080134
 123.180006 1.287138 -2.055847
 123.380006 1.206143 -2.238440
 123.580006 1.359283 -1.959416
 123.780006 1.107752 -2.122045
 123.980006 1.180567 -2.047253
 124.180006 1.253143 -2.045531
 124.380006 1.423967 -2.011750
 124.580006 1.149321 -2.235854
 124.780006 1.318981 -2.120310
 124.980006 1.246915 -2.063844
 125.180006 1.106727 -2.233345
 125.380006 1.218772 -1.903163
 125.580006 1.286255 -2.287424
 125.780006 1.171661 -2.058113
 125.980006 1.454516 -1.936895
 126.180006 1.238032 -2.171797
 126.380006 1.177210 -1.984638
 126.580006 1.259305 -2.146661
 126.780006 1.164819 -2.029319
 126.980006 1.232946 -2.215210
 127.180006 1.282133 -2.066654
 127.380006 1.174938 -2.077596
 127.580006 1.271785 -2.160548
 127.780006 1.338619 -2.003005
 127.980006 1.163298 -2.098994
 128.180006 1.478099 -2.021326
 128.380006 1.532513 -2.166664
 128.580006 0.940385 -2.176941
 128.780006 1.302365 -1.934179
 128.980006 1.296564 -2.220007
 129.180006 1.035958 -2.033889
 129.380006 1.324647 -2.183604
 129.580006 1.329944 -1.979088
 129.780006 1.062208 -2.233260
 129.980006 1.370108 -2.046494
 130.180006 1.393963 -2.172474
 130.380006 1.279721 -2.169730
 130.580006 1.166992 -2.051217
 130.780006 1.342013 -2.101147
 130.980006 1.196760 -1.901090
 131.180006 1.198645 -2.354143
 131.380006 1.322581 -1.828707
 131.580006 1.270119 -2.332533
 131.780006 1.226697 -2.089553
 131.980006 1.289113 -1.950655
 132.180006 1.008261 -2.293483
 132.380006 1.268990 -1.771940
 132.580006 1.055643 -2.337357
 132.780006 1.230331 -1.951767
 132.980006 1.251851 -2.194515
 133.180006 1.220169 -2.075661
 133.380006 1.274814 -2.135783
 133.580006 1.356328 -2.214493
 133.780006 1.360220 -2.036231
 133.980006 1.287225 -2.194985
 134.180006 1.343767 -1.819983
 134.380006 1.036787 -2.294359
 134.580006 1.108858 -2.033101
 134.780006 1.158503 -2.068909
 134.980006 1.246942 -2.284584
 135.180006 1.178799 -1.929673
 135.380006 1.422957 -2.226599
 135.580006 1.303098 -2.032508
 135.780006 1.297729 -2.215387
 135.980006 1.385342 -1.905956
 136.180006 1.214877 -2.191858
 136.380006 1.286575 -2.077018
 136.580006 1.228703 -2.088108
 136.780006 1.074357 -2.179727
 136.980007 1.086563 -1.922162
 137.180007 1.108052 -2.138575
 137.380007 1.137551 -2.090253
 137.580007 1.264590 -2.157319
 137.780007 1.492732 -2.202339
 137.980007 1.172931 -1.956161
 138.180007 1.470979 -2.222881
 138.380007 1.142352 -1.977688
 138.580007 1.185363 -2.180564
 138.780007 1.232233 -2.012333
 138.980007 1.126877 -2.055127
 139.180007 1.146873 -2.066109
 139.380007 1.240516 -1.833006
 139.580007 1.181404 -2.233958
 139.780007 1.315192 -1.996802
 139.980007 1.357341 -2.182428
 140.180007 1.334252 -2.062543
 140.380007 0.947906 -1.972466
 140.580007 1.363831 -2.270879
 140.780007 1.198082 -1.922874
 140.980007 1.124149 -2.378567
 141.180007 1.337056 -1.991082
 141.380007 1.211866 -2.271477
 141.580007 1.069055 -1.947411
 141.780007 1.266710 -1.973305
 141.980007 1.025702 -2.198331
 142.180007 1.270938 -1.980867
 142.380007 1.354625 -2.472712
 142.580007 1.167314 -1.776693
 142.780007 1.371159 -2.438416
 142.980007 1.336147 -1.788407
 143.180007 1.117421 -2.348037
 143.380007 1.196022 -2.054920
 143.580007 1.261004 -1.860711
 143.780007 1.078592 -2.247769
 143.980007 1.211870 -1.833225
 144.180007 1.427848 -2.274116
 144.380007 1.305957 -2.072767
 144.580007 1.317744 -2.168796
 144.780007 1.306938 -2.226268
 144.980007 1.186312 -1.926038
 145.180007 1.236903 -2.331451
 145.380007 1.143514 -1.657610
 145.580007 1.196891 -2.334558
 145.780007 1.300309 -1.961402
 145.980007 1.327943 -2.147700
 146.180007 1.453421 -2.249611
 146.380007 1.393968 -1.887859
 146.580007 1.269532 -2.453905
 146.780007 1.218839 -1.978510
 146.980007 1.174556 -2.174676
 147.180007 1.145728 -2.117806
 147.380007 1.192867 -1.847989
 147.580007 1.149831 -2.428181
 147.780007 1.221312 -1.689757
 147.980007 1.236071 -2.452967
 148.180007 1.371827 -2.001818
 148.380007 1.326394 -2.089668
 148.580007 1.185655 -2.208002
 148.780007 1.399846 -1.828819
 148.980007 1.361870 -2.253872
 149.180007 1.047336 -2.008839
 149.380007 1.225024 -2.149106
 149.580007 1.288158 -1.951079
 149.780007 1.083946 -2.228130
 149.980007 1.383863 -2.133423
 150.180007 1.348588 -2.082413
 150.380007 1.050006 -2.155799
 150.580007 1.266483 -1.985566
 150.780007 1.323314 -2.081698
 150.980007 1.076235 -2.095125
 151.180007 1.370658 -2.053207
 151.380007 1.318448 -2.115587
 151.580007 1.098256 -2.183058
 151.780007 1.305714 -2.099692
 151.980007 1.323158 -2.110608
 152.180007 1.096456 -2.043560
 152.380007 1.293896 -1.923657
 152.580007 1.322361 -2.221713
 152.780007 1.212624 -2.082858
 152.980007 1.241101 -2.024581
 153.180007 1.097534 -2.052604
 153.380007 1.173711 -2.043266
 153.580007 1.259646 -2.130120
 153.780007 1.274128 -2.095682
 153.980007 1.168480 -2.094020
 154.180007 1.336822 -2.131123
 154.380007 1.103963 -1.975975
 154.580007 1.287244 -2.242934
 154.780007 1.198605 -1.945113
 154.980007 1.265168 -2.192517
 155.180007 1.308918 -1.934365
 155.380007 1.291594 -2.181541
 155.580007 1.242824 -1.979551
 155.780007 1.205260 -2.142448
 155.980007 1.220128 -2.051913
 156.180007 1.190664 -2.031230
 156.380007 1.139084 -2.205303
 156.580007 1.300742 -1.995398
 156.780007 1.210850 -2.198729
 156.980007 1.082727 -2.058640
 157.180007 1.418576 -2.129423
 157.380007 1.261602 -2.183680
 157.580007 1.271333 -2.159287
 157.780007 1.415373 -2.156747
 157.980008 1.247090 -2.085102
 158.180008 1.192178 -2.210353
 158.380008 1.157930 -2.167151
 158.580008 1.203129 -1.969400
 158.780008 1.122591 -2.189816
 158.980008 1.164952 -1.938073
 159.180008 1.291115 -2.157028
 159.380008 1.108108 -2.133410
 159.580008 1.174605 -1.993650
 159.780008 1.291199 -2.093871
 159.980008 1.301265 -2.254056
 160.180008 1.249175 -2.143907
 160.380008 1.330345 -2.143729
 160.580008 1.159211 -2.028065
 160.780008 1.226745 -2.132543
 160.980008 1.195390 -1.944318
 161.180008 1.131613 -2.125779
 161.380008 1.227377 -1.887895
 161.580008 1.124491 -2.232770
 161.780008 1.357765 -1.986420
 161.980008 1.368712 -2.101406
 162.180008 1.057066 -2.194142
 162.380008 1.390112 -1.976054
 162.580008 1.271735 -2.142603
 162.780008 1.050528 -1.910796
 162.980008 1.313099 -2.203478
 163.180008 1.300150 -1.994358
 163.380008 1.290092 -2.196179
 163.580008 1.273456 -2.233249
 163.780008 1.390827 -1.983903
 163.980008 1.080015 -2.107726
 164.180008 1.256975 -2.021888
 164.380008 1.388595 -2.063305
 164.580008 1.252915 -2.099198
 164.780008 1.199405 -2.159925
 164.980008 1.379934 -2.223784
 165.180008 1.097372 -2.058058
 165.380008 1.189632 -2.207975
 165.580008 1.227924 -2.165541
 165.780008 1.288494 -2.065453
 165.980008 1.151526 -2.231186
 166.180008 1.344332 -1.917112
 166.380008 1.184469 -2.239511
 166.580008 1.269131 -1.945801
 166.780008 1.176101 -2.086367
 166.980008 1.278274 -2.162165
 167.180008 1.219996 -1.942784
 167.380008 1.255315 -2.282553
 167.580008 1.252548 -2.011661
 167.780008 1.271272 -2.213937
 167.980008 1.079784 -2.026500
 168.180008 1.381260 -2.095997
 168.380008 0.988091 -1.927738
 168.580008 1.252907 -2.210992
 168.780008 1.294861 -2.055971
 168.980008 1.439010 -2.046500
 169.180008 0.983732 -2.282536
 169.380008 1.422596 -1.846013
 169.580008 1.278234 -2.201083
 169.780008 1.206845 -2.003032
 169.980008 1.220679 -2.084864
 170.180008 1.315305 -2.218213
 170.380008 0.964570 -1.987600
 170.580008 1.270887 -2.165887
 170.780008 1.238197 -1.961310
 170.980008 1.180366 -2.313232
 171.180008 1.328087 -1.843029
 171.380008 1.422421 -2.219756
 171.580008 1.013506 -1.961438
 171.780008 1.433610 -2.046148
 171.980008 1.084368 -2.163036
 172.180008 1.070748 -1.980956
 172.380008 1.392773 -2.138551
 172.580008 1.232524 -2.046919
 172.780008 1.265905 -2.385700
 172.980008 1.452067 -1.865671
 173.180008 1.160376 -2.232139
 173.380008 1.155343 -2.143177
 173.580008 1.324915 -1.759432
 173.780008 1.090282 -2.447124
 173.980008 1.026647 -1.891024
 174.180008 1.307577 -2.282603
 174.380008 1.275817 -2.064874
 174.580008 1.271500 -2.191987
 174.780008 1.499515 -2.195883
 174.980008 1.237674 -2.055286
 175.180008 1.258746 -2.194319
 175.380008 1.244038 -1.923715
 175.580008 0.940543 -2.110206
 175.780008 1.167440 -2.147990
 175.980008 1.347192 -1.910699
 176.180008 1.087987 -2.252460
 176.380008 1.351255 -2.042655
 176.580008 1.306296 -2.221623
 176.780008 1.190144 -2.253735
 176.980008 1.263380 -1.975392
 177.180008 1.206353 -2.132542
 177.380008 1.122518 -2.045884
 177.580008 1.420212 -2.175853
 177.780008 1.302439 -1.998497
 177.980008 1.235522 -2.256581
 178.180008 1.204698 -1.938099
 178.380008 1.197038 -2.089168
 178.580008 1.050506 -2.291248
 178.780008 1.197585 -1.786371
 178.980009 1.447032 -2.252631
 179.180009 1.062742 -1.949219
 179.380009 1.451801 -2.171425
 179.580009 1.219128 -2.107018
 179.780009 1.201819 -2.108137
 179.980009 1.040705 -2.065564
 180.180009 1.388389 -2.033647
 180.380009 1.078988 -1.877257
 180.580009 1.349876 -2.218732
 180.780009 1.080979 -1.901983
 180.980009 1.458999 -2.068651
 181.180009 1.141715 -1.832973
 181.380009 1.346876 -2.421004
 181.580009 1.087864 -1.726557
 181.780009 1.360422 -2.242679
 181.980009 1.114515 -1.996469
 182.180009 1.310151 -2.008205
 182.380009 1.277116 -2.227932
 182.580009 1.257161 -1.859427
 182.780009 1.301172 -2.192684
 182.980009 1.211637 -1.875335
 183.180009 1.222622 -2.027836
 183.380009 1.224900 -2.113666
 183.580009 1.043920 -2.015935
 183.780009 1.276780 -2.304596
 183.980009 1.117848 -1.921353
 184.180009 1.309596 -2.424024
 184.380009 1.272800 -1.970090
 184.580009 1.330615 -2.088421
 184.780009 1.154291 -2.032163
 184.980009 1.217795 -2.060613
 185.180009 1.150851 -2.079239
 185.380009 1.244837 -2.093819
 185.580009 1.270632 -2.098711
 185.780009 1.324918 -2.054704
 185.980009 1.342366 -2.065410
 186.180009 1.269314 -2.262308
 186.380009 1.159076 -1.931603
 186.580009 1.305568 -2.181282
 186.780009 1.084585 -2.065156
 186.980009 1.166223 -2.057828
 187.180009 1.258330 -2.298213
 187.380009 1.121168 -2.030126
 187.580009 1.394279 -2.270657
 187.780009 1.362063 -2.057520
 187.980009 1.335198 -2.280772
 188.180009 1.245961 -2.116931
 188.380009 1.410099 -2.072280
 188.580009 1.073593 -2.178146
 188.780009 1.314780 -2.022121
 188.980009 1.197022 -2.168157
 189.180009 1.203133 -2.162472
 189.380009 1.212406 -2.122527
 189.580009 1.277005 -2.081893
 189.780009 1.129318 -2.095222
 189.980009 1.244937 -2.093971
 190.180009 1.348849 -2.120119
 190.380009 1.233077 -2.202730
 190.580009 1.344694 -1.891774
 190.780009 1.216547 -2.279730
 190.980009 1.040440 -1.943261
 191.180009 1.268797 -2.220993
 191.380009 1.101060 -2.014424
 191.580009 1.273528 -2.171584
 191.780009 1.246308 -2.057624
 191.980009 1.304048 -1.983861
 192.180009 0.989900 -2.205996
 192.380009 1.265385 -2.008428
 192.580009 0.851255 -2.093797
 192.780009 1.473010 -2.288225
 192.980009 1.110327 -1.983345
 193.180009 1.437965 -2.282951
 193.380009 1.296893 -1.959103
 193.580009 1.404268 -2.209278
 193.780009 1.019793 -1.923328
 193.980009 1.226819 -2.187740
 194.180009 1.338717 -2.018862
 194.380009 1.180107 -2.205335
 194.580009 1.239900 -2.220768
 194.780009 1.353924 -1.945815
 194.980009 1.103364 -2.332738
 195.180009 1.246343 -1.878574
 195.380009 1.356559 -2.209974
 195.580009 1.149266 -1.887606
 195.780009 1.153721 -1.896966
 195.980009 1.248489 -2.195623
 196.180009 1.162367 -1.829538
 196.380009 1.145515 -2.389279
 196.580009 1.208537 -1.917162
 196.780009 1.362878 -2.098409
 196.980009 1.124423 -2.247402
 197.180009 1.372946 -1.749409
 197.380009 1.303773 -2.260484
 197.580009 1.295244 -2.071642
 197.780009 1.295064 -2.021544
 197.980009 1.357669 -2.122413
 198.180009 1.150524 -1.965560
 198.380009 1.179394 -2.087538
 198.580009 1.130529 -1.981969
 198.780009 1.376545 -2.206693
 198.980009 1.133466 -2.104266
 199.180009 1.317034 -2.148030
 199.380009 1.362403 -2.090852
 199.580009 1.254409 -1.958365
 199.780009 1.205940 -2.180488
 199.980009 1.209740 -2.028944
