#! FIELDS time phi psi
#! SET max_psi pi
 0.180000 -2.622803 2.288347
 0.380000 -1.743807 2.461003
 0.580000 -2.293276 2.705153
 0.780000 -2.375667 2.180271
 0.980000 -1.737799 2.845302
 1.180000 -2.671888 2.192020
 1.380000 -1.750183 2.571743
 1.580000 -2.324060 2.636566
 1.780000 -2.228302 2.230220
 1.980000 -1.840555 2.617975
 2.180000 -2.398882 2.556549
 2.380000 -2.112467 2.440925
 2.580000 -2.264407 2.756824
 2.780000 -2.401466 2.354477
 2.980000 -2.246219 2.471696
 3.180000 -2.309290 2.689067
 3.380000 -2.232358 2.218128
 3.580000 -2.090755 2.790919
 3.780000 -2.571106 2.385830
 3.980000 -2.048064 2.488809
 4.180000 -2.440392 2.586510
 4.380000 -2.307717 2.389651
 4.580000 -2.241638 2.705491
 4.780000 -2.277269 2.622136
 4.980000 -2.111406 2.421763
 5.180000 -2.331627 2.805991
 5.380000 -2.282860 2.317570
 5.580000 -2.351064 2.528360
 5.780000 -2.249510 2.589147
 5.980000 -2.392894 2.445496
 6.180000 -2.263160 2.624743
 6.380000 -2.450087 2.396338
 6.580000 -2.364213 2.410714
 6.780000 -2.434405 2.713736
 6.980000 -2.253673 2.462724
 7.180000 -2.385929 2.475533
 7.380000 -2.251364 2.602410
 7.580000 -2.294779 2.491683
 7.780000 -2.217871 2.522524
 7.980000 -2.139915 2.587881
 8.180000 -2.258549 2.493129
 8.380000 -2.146955 2.688442
 8.580000 -2.076199 2.382609
 8.780000 -2.285059 2.653433
 8.980000 -2.175419 2.519076
 9.180000 -2.171670 2.578129
 9.380000 -2.348706 2.284833
 9.580000 -1.870421 2.755716
 9.780000 -2.468496 2.255663
 9.980000 -1.922605 2.647785
 10.180000 -2.239750 2.500540
 10.380000 -2.203749 2.475776
 10.580001 -2.093728 2.435327
 10.780001 -2.240421 2.708599
 10.980001 -2.092808 2.240894
 11.180001 -2.172124 2.806976
 11.380001 -2.226263 2.399338
 11.580001 -2.020967 2.431006
 11.780001 -2.420712 2.723945
 11.980001 -2.089534 2.365525
 12.180001 -2.318647 2.644413
 12.380001 -2.155033 2.545480
 12.580001 -2.222794 2.435482
 12.780001 -2.406862 2.612110
 12.980001 -2.084294 2.606676
 13.180001 -2.604299 2.338051
 13.380001 -2.139906 2.687995
 13.580001 -2.287590 2.279775
 13.780001 -2.261230 2.877691
 13.980001 -2.083174 2.255743
 14.180001 -2.220120 2.738618
 14.380001 -2.215871 2.462131
 14.580001 -2.113279 2.604360
 14.780001 -2.353418 2.549515
 14.980001 -2.049096 2.462757
 15.180001 -2.310946 2.608854
 15.380001 -2.244792 2.448523
 15.580001 -2.112222 2.542049
 15.780001 -2.437479 2.540067
 15.980001 -2.033779 2.377182
 16.180001 -2.379457 2.619672
 16.380001 -2.011589 2.583049
 16.580001 -2.293876 2.209143
 16.780001 -2.175391 2.913647
 16.980001 -2.130558 2.306711
 17.180001 -2.315306 2.629860
 17.380001 -2.189036 2.489136
 17.580001 -2.215140 2.483802
 17.780001 -2.378653 2.745704
 17.980001 -1.989874 2.384343
 18.180001 -2.412307 2.537012
 18.380001 -2.085013 2.568839
 18.580001 -2.070843 2.424764
 18.780001 -2.302849 2.582114
 18.980001 -1.989706 2.571003
 19.180001 -2.249429 2.510524
 19.380001 -2.081131 2.613799
 19.580001 -2.274539 2.501875
 19.780001 -2.122698 2.662127
 19.980001 -2.106771 2.377846
 20.180001 -2.268044 2.732488
 20.380001 -2.238740 2.369388
 20.580001 -2.184719 2.566296
 20.780001 -2.410539 2.442490
 20.980001 -2.047600 2.606861
 21.180001 -2.450582 2.531626
 21.380001 -2.138898 2.476119
 21.580001 -2.329515 2.615535
 21.780001 -2.162514 2.571238
 21.980001 -2.341672 2.417265
 22.180001 -2.326498 2.705906
 22.380001 -2.183256 2.555818
 22.580001 -2.433802 2.484373
 22.780001 -2.084106 2.770364
 22.980001 -2.458573 2.396379
 23.180001 -2.310193 2.574641
 23.380001 -2.152118 2.446589
 23.580001 -2.410885 2.680458
 23.780001 -2.195607 2.480392
 23.980001 -2.323176 2.606622
 24.180001 -2.439967 2.440221
 24.380001 -2.052539 2.773922
 24.580001 -2.342686 2.510931
 24.780001 -2.103808 2.651409
 24.980001 -2.365031 2.475734
 25.180001 -2.194180 2.725749
 25.380001 -2.293630 2.400864
 25.580001 -2.177344 2.710839
 25.780001 -2.302074 2.516278
 25.980001 -2.215070 2.429103
 26.180001 -2.262756 2.623264
 26.380001 -2.349403 2.557674
 26.580001 -2.203931 2.456363
 26.780001 -2.289093 2.719779
 26.980001 -2.317840 2.482847
 27.180001 -2.207985 2.571521
 27.380001 -2.322464 2.556999
 27.580001 -2.298289 2.510046
 27.780001 -2.096494 2.851856
 27.980001 -2.302102 2.372168
 28.180001 -2.386568 2.677001
 28.380001 -2.361957 2.482413
 28.580001 -2.157745 2.693365
 28.780001 -2.488402 2.539208
 28.980001 -2.158986 2.493854
 29.180001 -2.474057 2.597258
 29.380001 -2.332326 2.550718
 29.580001 -2.331115 2.591684
 29.780001 -2.406412 2.542639
 29.980001 -2.319738 2.371926
 30.180001 -2.183037 2.792002
 30.380001 -2.257473 2.314188
 30.580001 -2.245064 2.853302
 30.780001 -2.212467 2.454567
 30.980001 -2.227035 2.610684
 31.180001 -2.258637 2.623473
 31.380001 -2.073305 2.530281
 31.580001 -2.521120 2.541922
 31.780002 -2.012143 2.597733
 31.980002 -2.290016 2.551174
 32.180002 -2.369779 2.465813
 32.380002 -2.004179 2.560982
 32.580002 -2.526636 2.632677
 32.780002 -1.870687 2.462935
 32.980002 -2.259972 2.507528
 33.180002 -2.302191 2.655920
 33.380002 -2.094274 2.304135
 33.580002 -2.366748 2.852160
 33.780002 -2.310384 2.174323
 33.980002 -2.185415 2.880455
 34.180002 -2.398039 2.409648
 34.380002 -2.212355 2.595062
 34.580002 -2.582183 2.607079
 34.780002 -2.133646 2.473665
 34.980002 -2.430698 2.707795
 35.180002 -2.440713 2.617240
 35.380002 -2.322443 2.379499
 35.580002 -2.580798 2.821482
 35.780002 -2.028231 2.323720
 35.980002 -2.383452 2.708732
 36.180002 -2.292214 2.652819
 36.380002 -2.218705 2.402232
 36.580002 -2.488184 2.873685
 36.780002 -2.069537 2.326495
 36.980002 -2.422447 2.755646
 37.180002 -2.317404 2.452593
 37.380002 -2.142643 2.593704
 37.580002 -2.609361 2.626086
 37.780002 -1.976571 2.535124
 37.980002 -2.545994 2.529209
 38.180002 -2.257840 2.758010
 38.380002 -2.216207 2.310565
 38.580002 -2.594105 2.925703
 38.780002 -2.103861 2.359061
 38.980002 -2.351968 2.714288
 39.180002 -2.459152 2.681050
 39.380002 -2.157432 2.436915
 39.580002 -2.674334 2.682076
 39.780002 -2.120965 2.539777
 39.980002 -2.354717 2.602831
 40.180002 -2.401041 2.756453
 40.380002 -2.115449 2.436131
 40.580002 -2.558520 2.740080
 40.780002 -2.209068 2.458291
 40.980002 -2.200186 2.555740
 41.180002 -2.479738 2.586321
 41.380002 -2.080711 2.525093
 41.580002 -2.570864 2.801284
 41.780002 -2.191059 2.384300
 41.980002 -2.305157 2.779713
 42.180002 -2.281997 2.574349
 42.380002 -2.105354 2.559954
 42.580002 -2.426635 2.671333
 42.780002 -2.189940 2.578141
 42.980002 -2.541879 2.495510
 43.180002 -2.307156 2.665204
 43.380002 -2.429224 2.288482
 43.580002 -2.350589 2.912695
 43.780002 -2.275027 2.179058
 43.980002 -2.269078 2.925103
 44.180002 -2.367900 2.428028
 44.380002 -2.154955 2.429717
 44.580002 -2.403575 2.882701
 44.780002 -2.130037 2.228743
 44.980002 -2.472045 2.875276
 45.180002 -2.184152 2.258603
 45.380002 -2.225362 2.682786
 45.580002 -2.525938 2.355634
 45.780002 -1.887780 2.674537
 45.980002 -2.489094 2.455617
 46.180002 -1.947613 2.625998
 46.380002 -2.146567 2.512735
 46.580002 -2.217884 2.614086
 46.780002 -2.042782 2.467293
 46.980002 -2.323564 2.560893
 47.180002 -2.153201 2.626561
 47.380002 -2.182209 2.477002
 47.580002 -2.385933 2.711707
 47.780002 -2.165233 2.286202
 47.980002 -2.186831 2.821761
 48.180002 -2.358454 2.201388
 48.380002 -2.044818 2.773131
 48.580002 -2.379154 2.429522
 48.780002 -2.003392 2.590626
 48.980002 -2.388005 2.466700
 49.180002 -2.252472 2.614941
 49.380002 -2.233489 2.295268
 49.580002 -2.191267 2.743761
 49.780002 -2.274748 2.310280
 49.980002 -2.171542 2.630810
 50.180002 -2.335978 2.412923
 50.380002 -2.105068 2.580019
 50.580002 -2.280225 2.609884
 50.780002 -2.130376 2.374728
 50.980002 -2.221152 2.623881
 51.180002 -2.232272 2.474142
 51.380002 -2.333242 2.451250
 51.580002 -2.168777 2.705250
 51.780002 -2.241035 2.458700
 51.980002 -2.380435 2.336064
 52.180002 -2.066632 2.737475
 52.380002 -2.207098 2.292533
 52.580002 -2.267155 2.620266
 52.780003 -2.192211 2.393471
 52.980003 -2.350792 2.611588
 53.180003 -2.182939 2.364258
 53.380003 -2.166027 2.700028
 53.580003 -2.171491 2.376711
 53.780003 -2.039002 2.539755
 53.980003 -2.132166 2.663371
 54.180003 -2.139110 2.323305
 54.380003 -2.198548 2.696962
 54.580003 -2.141860 2.541989
 54.780003 -2.248735 2.351472
 54.980003 -2.259708 2.688714
 55.180003 -2.250745 2.386318
 55.380003 -2.532348 2.519272
 55.580003 -2.382770 2.490246
 55.780003 -2.421920 2.426074
 55.980003 -2.551865 2.441608
 56.180003 -2.220580 2.556596
 56.380003 -2.350837 2.591644
 56.580003 -2.276967 2.440282
 56.780003 -2.139750 2.703626
 56.980003 -2.274803 2.495270
 57.180003 -2.130978 2.630533
 57.380003 -2.160064 2.583407
 57.580003 -2.121465 2.503074
 57.780003 -2.211576 2.669928
 57.980003 -2.022088 2.584938
 58.180003 -2.476821 2.362531
 58.380003 -2.086715 2.690486
 58.580003 -2.303479 2.442415
 58.780003 -2.479975 2.508024
 58.980003 -2.209687 2.375649
 59.180003 -2.280975 2.703248
 59.380003 -2.172836 2.405944
 59.580003 -2.096082 2.696907
 59.780003 -2.158769 2.553599
 59.980003 -2.201812 2.479859
 60.180003 -2.193837 2.617948
 60.380003 -1.924227 2.506641
 60.580003 -2.354400 2.554070
 60.780003 -2.103027 2.566036
 60.980003 -2.030833 2.555271
 61.180003 -2.514042 2.502078
 61.380003 -1.827206 2.564074
 61.580003 -2.486160 2.547868
 61.780003 -2.033787 2.564149
 61.980003 -2.151254 2.287907
 62.180003 -2.354323 2.749430
 62.380003 -2.047935 2.281161
 62.580003 -2.252649 2.833210
 62.780003 -2.213141 2.233373
 62.980003 -2.276925 2.632235
 63.180003 -2.308758 2.568205
 63.380003 -2.070694 2.341962
 63.580003 -2.425055 2.755341
 63.780003 -2.227339 2.288888
 63.980003 -2.193022 2.446015
 64.180003 -2.367497 2.704749
 64.380003 -2.024310 2.296624
 64.580003 -2.280208 2.735863
 64.780003 -1.997711 2.484880
 64.980003 -2.149381 2.359190
 65.180003 -2.246711 2.803027
 65.380003 -2.076556 2.313178
 65.580003 -2.403167 2.696988
 65.780003 -2.247802 2.455746
 65.980003 -2.258696 2.456090
 66.180003 -2.261679 2.598921
 66.380003 -2.257280 2.417352
 66.580003 -2.242171 2.608840
 66.780003 -2.183795 2.431789
 66.980003 -2.224662 2.497790
 67.180003 -2.166434 2.556379
 67.380003 -2.149620 2.501195
 67.580003 -2.362586 2.579638
 67.780003 -2.101444 2.530867
 67.980003 -2.444791 2.403225
 68.180003 -2.232574 2.671217
 68.380003 -2.246282 2.420359
 68.580003 -2.315916 2.619888
 68.780003 -2.041318 2.469404
 68.980003 -2.191479 2.582848
 69.180003 -2.221012 2.351785
 69.380003 -1.965278 2.704707
 69.580003 -2.372160 2.441393
 69.780003 -1.982264 2.413816
 69.980003 -2.270155 2.593822
 70.180003 -2.218931 2.370850
 70.380003 -2.101925 2.489956
 70.580003 -2.386474 2.617193
 70.780003 -2.137481 2.347225
 70.980003 -2.422251 2.677378
 71.180003 -2.301752 2.530915
 71.380003 -2.172492 2.310300
 71.580003 -2.437480 2.967995
 71.780003 -2.118050 2.008587
 71.980003 -2.263313 2.902402
 72.180003 -2.307856 2.319565
 72.380003 -2.230561 2.587394
 72.580003 -2.498450 2.543176
 72.780003 -2.195736 2.349947
 72.980003 -2.518563 2.491598
 73.180003 -2.141711 2.781666
 73.380003 -2.207686 2.052169
 73.580003 -2.311152 3.036913
 73.780004 -2.234934 2.167004
 73.980004 -2.332141 2.635633
 74.180004 -2.269498 2.598793
 74.380004 -2.276244 2.296721
 74.580004 -2.441603 2.736632
 74.780004 -2.252014 2.330576
 74.980004 -2.330069 2.336044
 75.180004 -2.387324 2.804562
 75.380004 -2.198057 2.189843
 75.580004 -2.375068 2.499886
 75.780004 -2.123287 2.739396
 75.980004 -2.371974 2.101344
 76.180004 -2.034422 2.956270
 76.380004 -2.394246 2.246311
 76.580004 -2.244583 2.438093
 76.780004 -2.273074 2.716589
 76.980004 -2.272016 2.246480
 77.180004 -2.431767 2.541120
 77.380004 -2.275505 2.697681
 77.580004 -2.477272 2.244411
 77.780004 -2.334668 2.772279
 77.980004 -2.316902 2.355675
 78.180004 -2.199005 2.533380
 78.380004 -2.211985 2.565933
 78.580004 -2.086538 2.427809
 78.780004 -2.283680 2.611844
 78.980004 -1.972022 2.525530
 79.180004 -2.326919 2.542454
 79.380004 -2.197203 2.626949
 79.580004 -2.149245 2.501815
 79.780004 -2.487265 2.493768
 79.980004 -1.983121 2.657135
 80.180004 -2.418634 2.475633
 80.380004 -2.125839 2.580794
 80.580004 -2.117152 2.418552
 80.780004 -2.234956 2.756474
 80.980004 -2.225319 2.336497
 81.180004 -2.057337 2.879616
 81.380004 -2.397168 2.406047
 81.580004 -1.990501 2.714375
 81.780004 -2.484162 2.482563
 81.980004 -1.987142 2.614537
 82.180004 -2.319005 2.452339
 82.380004 -2.267961 2.563504
 82.580004 -2.293759 2.413756
 82.780004 -2.367161 2.746526
 82.980004 -2.282849 2.269311
 83.180004 -2.256119 2.664138
 83.380004 -2.121059 2.713229
 83.580004 -2.286786 2.232188
 83.780004 -2.224611 2.891838
 83.980004 -2.266751 2.291831
 84.180004 -2.236103 2.655457
 84.380004 -2.236663 2.464535
 84.580004 -2.169551 2.446478
 84.780004 -2.431968 2.596224
 84.980004 -1.938639 2.469578
 85.180004 -2.460788 2.446304
 85.380004 -2.056929 2.617656
 85.580004 -2.165193 2.419608
 85.780004 -2.167738 2.717430
 85.980004 -1.982189 2.331552
 86.180004 -2.226963 2.801185
 86.380004 -2.128612 2.406380
 86.580004 -2.137363 2.485505
 86.780004 -2.329571 2.688801
 86.980004 -2.088536 2.417386
 87.180004 -2.311283 2.613170
 87.380004 -2.370526 2.460227
 87.580004 -2.065787 2.570425
 87.780004 -2.477321 2.469155
 87.980004 -2.213880 2.487564
 88.180004 -2.438748 2.566914
 88.380004 -2.128524 2.752735
 88.580004 -2.315674 2.185226
 88.780004 -2.309227 2.867020
 88.980004 -2.164389 2.303486
 89.180004 -2.296535 2.655383
 89.380004 -2.111871 2.565376
 89.580004 -2.210908 2.509119
 89.780004 -2.461641 2.527365
 89.980004 -2.018792 2.578447
 90.180004 -2.502030 2.522132
 90.380004 -2.119793 2.652692
 90.580004 -2.092183 2.460376
 90.780004 -2.500495 2.606779
 90.980004 -1.944236 2.566785
 91.180004 -2.255632 2.586866
 91.380004 -2.195957 2.717087
 91.580004 -2.147623 2.362084
 91.780004 -2.375610 2.739497
 91.980004 -2.094068 2.320320
 92.180004 -2.231428 2.721673
 92.380004 -2.342522 2.282227
 92.580004 -1.807760 2.747014
 92.780004 -2.431119 2.440016
 92.980004 -2.090428 2.561927
 93.180004 -2.277278 2.523652
 93.380004 -2.336548 2.669425
 93.580004 -2.144935 2.438839
 93.780004 -2.522867 2.779236
 93.980004 -2.233499 2.308529
 94.180004 -2.314463 2.739787
 94.380004 -2.404736 2.602138
 94.580004 -2.316744 2.435176
 94.780005 -2.537818 2.753283
 94.980005 -2.491729 2.330585
 95.180005 -2.457249 2.731121
 95.380005 -2.570136 2.555842
 95.580005 -2.327637 2.542366
 95.780005 -2.627488 2.659697
 95.980005 -2.265283 2.491785
 96.180005 -2.459740 2.572407
 96.380005 -2.382095 2.820210
 96.580005 -2.304395 2.185528
 96.780005 -2.454690 2.899835
 96.980005 -2.180916 2.303364
 97.180005 -2.318052 2.547167
 97.380005 -2.322133 2.795844
 97.580005 -2.102949 2.248978
 97.780005 -2.426550 2.781248
 97.980005 -2.338186 2.478577
 98.180005 -2.362897 2.333035
 98.380005 -2.572269 2.732655
 98.580005 -2.151859 2.351106
 98.780005 -2.484148 2.596904
 98.980005 -2.305993 2.568829
 99.180005 -2.251115 2.276651
 99.380005 -2.301821 2.922106
 99.580005 -2.171321 2.278517
 99.780005 -2.243081 2.607406
 99.980005 -2.260681 2.631265
 100.180005 -1.930428 2.382199
 100.380005 -2.489612 2.592264
 100.580005 -1.910347 2.486703
 100.780005 -2.386726 2.463898
 100.980005 -2.367782 2.579688
 101.180005 -1.991027 2.471664
 101.380005 -2.466337 2.671481
 101.580005 -1.928375 2.519543
 101.780005 -2.202542 2.552679
 101.980005 -2.273958 2.664224
 102.180005 -2.016039 2.434977
 102.380005 -2.417551 2.732369
 102.580005 -2.244924 2.415393
 102.780005 -2.198249 2.595749
 102.980005 -2.620771 2.448879
 103.180005 -1.959420 2.599871
 103.380005 -2.529756 2.506246
 103.580005 -2.243159 2.540766
 103.780005 -2.262526 2.510147
 103.980005 -2.372161 2.773998
 104.180005 -2.183078 2.327372
 104.380005 -2.274403 3.014272
 104.580005 -2.110690 2.285703
 104.780005 -2.298884 2.619626
 104.980005 -2.307140 2.708254
 105.180005 -2.210654 2.394375
 105.380005 -2.618494 2.632929
 105.580005 -2.176481 2.393924
 105.780005 -2.397347 2.598814
 105.980005 -2.394686 2.514461
 106.180005 -2.101057 2.546416
 106.380005 -2.398954 2.698532
 106.580005 -2.066066 2.425552
 106.780005 -2.232682 2.798629
 106.980005 -2.180036 2.702645
 107.180005 -2.195404 2.166602
 107.380005 -2.381179 2.894679
 107.580005 -2.042695 2.341504
 107.780005 -2.583324 2.578880
 107.980005 -2.365751 2.432861
 108.180005 -2.183444 2.611816
 108.380005 -2.650373 2.344428
 108.580005 -1.995912 2.724684
 108.780005 -2.446047 2.413169
 108.980005 -2.094668 2.616445
 109.180005 -2.118075 2.479869
 109.380005 -2.171807 2.728441
 109.580005 -2.173812 2.516438
 109.780005 -2.215638 2.614920
 109.980005 -2.178901 2.515673
 110.180005 -2.358751 2.630249
 110.380005 -2.383578 2.525026
 110.580005 -2.253113 2.450875
 110.780005 -2.395676 2.676534
 110.980005 -2.258700 2.421646
 111.180005 -2.371599 2.574912
 111.380005 -2.497598 2.448374
 111.580005 -2.088631 2.574169
 111.780005 -2.320242 2.538448
 111.980005 -1.980609 2.629879
 112.180005 -2.207798 2.493539
 112.380005 -2.097659 2.529164
 112.580005 -2.051836 2.421183
 112.780005 -2.350364 2.640610
 112.980005 -2.100301 2.442851
 113.180005 -2.212342 2.596031
 113.380005 -2.276489 2.450980
 113.580005 -2.038631 2.618946
 113.780005 -2.357793 2.469319
 113.980005 -2.185774 2.492130
 114.180005 -2.236850 2.704242
 114.380005 -2.255085 2.409473
 114.580005 -2.149028 2.521462
 114.780005 -2.235737 2.675746
 114.980005 -2.185122 2.360095
 115.180005 -2.244192 2.739964
 115.380005 -2.170941 2.372626
 115.580005 -2.329431 2.597292
 115.780005 -2.256781 2.671579
 115.980006 -2.382743 2.147322
 116.180006 -2.319998 2.799182
 116.380006 -2.284670 2.439723
 116.580006 -2.304531 2.576991
 116.780006 -2.440062 2.377214
 116.980006 -2.022367 2.570267
 117.180006 -2.435330 2.559490
 117.380006 -1.966460 2.635093
 117.580006 -2.296849 2.306732
 117.780006 -2.163258 2.777670
 117.980006 -2.053553 2.422601
 118.180006 -2.330577 2.634742
 118.380006 -2.200841 2.537711
 118.580006 -2.150968 2.582839
 118.780006 -2.359748 2.547200
 118.980006 -2.136728 2.590350
 119.180006 -2.408900 2.739492
 119.380006 -2.368347 2.289049
 119.580006 -2.171577 2.654917
 119.780006 -2.382999 2.561193
 119.980006 -2.104385 2.452300
 120.180006 -2.287609 2.670787
 120.380006 -2.218199 2.380349
 120.580006 -2.074627 2.583859
 120.780006 -2.196216 2.673583
 120.980006 -2.229700 2.306321
 121.180006 -2.411591 2.700136
 121.380006 -2.219060 2.491063
 121.580006 -2.577047 2.398304
 121.780006 -2.189650 2.817753
 121.980006 -2.419264 2.350037
 122.180006 -2.250712 2.524461
 122.380006 -2.225835 2.761763
 122.580006 -2.400602 2.322703
 122.780006 -2.243722 2.585671
 122.980006 -2.298600 2.564199
 123.180006 -2.219601 2.544603
 123.380006 -2.198475 2.537110
 123.580006 -2.166399 2.487170
 123.780006 -2.254910 2.491175
 123.980006 -2.086649 2.795783
 124.180006 -2.359293 2.108958
 124.380006 -2.044655 2.908705
 124.580006 -2.270541 2.495735
 124.780006 -2.352659 2.502417
 124.980006 -2.249220 2.500497
 125.180006 -2.401814 2.509229
 125.380006 -2.273322 2.561289
 125.580006 -2.207425 2.492074
 125.780006 -2.367787 2.470923
 125.980006 -2.190355 2.485441
 126.180006 -2.225091 2.695560
 126.380006 -2.361793 2.285508
 126.580006 -2.194376 2.750810
 126.780006 -2.218561 2.558264
 126.980006 -2.235425 2.501688
 127.180006 -2.254998 2.598239
 127.380006 -2.185100 2.585957
 127.580006 -2.520994 2.397387
 127.780006 -2.089168 2.664432
 127.980006 -2.472245 2.449533
 128.180006 -2.176794 2.541197
 128.380006 -2.198027 2.463786
 128.580006 -2.201592 2.591010
 128.780006 -2.054489 2.623261
 128.980006 -2.251434 2.554173
 129.180006 -2.203073 2.506188
 129.380006 -2.203305 2.580611
 129.580006 -2.311376 2.599692
 129.780006 -2.454367 2.287569
 129.980006 -2.095186 2.836472
 130.180006 -2.661250 2.274966
 130.380006 -2.079467 2.583273
 130.580006 -2.453789 2.575142
 130.780006 -2.284361 2.570999
 130.980006 -2.241403 2.412343
 131.180006 -2.185815 2.721155
 131.380006 -2.347231 2.360139
 131.580006 -2.136404 2.750246
 131.780006 -2.396500 2.329321
 131.980006 -2.310682 2.624736
 132.180006 -2.295439 2.705184
 132.380006 -2.403688 2.259951
 132.580006 -2.171372 2.911677
 132.780006 -2.493830 2.130210
 132.980006 -2.160428 2.681956
 133.180006 -2.290758 2.474662
 133.380006 -2.277098 2.640666
 133.580006 -2.437933 2.460406
 133.780006 -2.161194 2.703391
 133.980006 -2.463312 2.343815
 134.180006 -2.051863 2.815520
 134.380006 -2.338408 2.362941
 134.580006 -2.211971 2.699654
 134.780006 -2.181443 2.512741
 134.980006 -2.378345 2.468848
 135.180006 -2.292510 2.601910
 135.380006 -2.088498 2.425811
 135.580006 -2.547995 2.547417
 135.780006 -2.081502 2.501224
 135.980006 -2.331883 2.646403
 136.180006 -2.297316 2.415418
 136.380006 -1.985771 2.681475
 136.580006 -2.308431 2.536904
 136.780006 -2.064352 2.639270
 136.980007 -2.151475 2.493899
 137.180007 -2.231279 2.592114
 137.380007 -2.120374 2.542016
 137.580007 -2.448403 2.573134
 137.780007 -2.137298 2.343779
 137.980007 -2.363759 2.804414
 138.180007 -2.400022 2.318375
 138.380007 -2.089736 2.680137
 138.580007 -2.497281 2.506620
 138.780007 -2.218797 2.500635
 138.980007 -2.283753 2.638308
 139.180007 -2.088075 2.559117
 139.380007 -2.377349 2.284146
 139.580007 -2.096588 2.956614
 139.780007 -2.291870 2.161367
 139.980007 -2.326515 2.858059
 140.180007 -2.210896 2.275731
 140.380007 -2.339199 2.555474
 140.580007 -2.271226 2.526698
 140.780007 -2.191048 2.464921
 140.980007 -2.205434 2.528150
 141.180007 -2.160028 2.599604
 141.380007 -2.085446 2.487431
 141.580007 -2.197863 2.695823
 141.780007 -1.953755 2.438416
 141.980007 -2.379106 2.567865
 142.180007 -2.124394 2.634331
 142.380007 -2.308604 2.333658
 142.580007 -2.502172 2.697044
 142.780007 -2.271744 2.368327
 142.980007 -2.451097 2.647592
 143.180007 -2.464749 2.408279
 143.380007 -2.116566 2.666665
 143.580007 -2.561112 2.449637
 143.780007 -2.188614 2.656787
 143.980007 -2.377714 2.639830
 144.180007 -2.291043 2.539193
 144.380007 -2.372878 2.547928
 144.580007 -2.180171 2.759951
 144.780007 -2.511665 2.320143
 144.980007 -2.230288 2.854617
 145.180007 -2.375126 2.254682
 145.380007 -2.381677 2.704399
 145.580007 -2.358169 2.398782
 145.780007 -2.350883 2.542305
 145.980007 -2.340145 2.544817
 146.180007 -2.099611 2.588992
 146.380007 -2.546361 2.424037
 146.580007 -2.147014 2.689410
 146.780007 -2.256813 2.531149
 146.980007 -2.348951 2.544085
 147.180007 -2.030878 2.750203
 147.380007 -2.362457 2.392980
 147.580007 -2.142433 2.725820
 147.780007 -2.097003 2.518542
 147.980007 -2.266632 2.617150
 148.180007 -2.178518 2.517335
 148.380007 -2.189089 2.580202
 148.580007 -2.504465 2.432319
 148.780007 -2.018738 2.710116
 148.980007 -2.368029 2.502916
 149.180007 -2.235927 2.509093
 149.380007 -2.070891 2.629304
 149.580007 -2.263953 2.473068
 149.780007 -2.141582 2.467249
 149.980007 -2.191976 2.631309
 150.180007 -2.307549 2.483645
 150.380007 -2.209596 2.631106
 150.580007 -2.165213 2.568268
 150.780007 -2.377681 2.465216
 150.980007 -2.222468 2.612510
 151.180007 -2.206039 2.596360
 151.380007 -2.352516 2.578230
 151.580007 -2.140899 2.531642
 151.780007 -2.348677 2.486854
 151.980007 -2.169377 2.536034
 152.180007 -2.110968 2.643031
 152.380007 -2.254245 2.474754
 152.580007 -2.156492 2.552659
 152.780007 -2.308898 2.560184
 152.980007 -2.077287 2.533473
 153.180007 -2.120328 2.599514
 153.380007 -2.239876 2.650657
 153.580007 -2.176962 2.384792
 153.780007 -2.139518 2.726036
 153.980007 -2.240845 2.415397
 154.180007 -2.067255 2.666970
 154.380007 -2.262316 2.595797
 154.580007 -2.086244 2.519844
 154.780007 -2.284310 2.617850
 154.980007 -2.215370 2.465664
 155.180007 -2.223692 2.590935
 155.380007 -2.383826 2.499747
 155.580007 -2.268757 2.509001
 155.780007 -2.328360 2.484603
 155.980007 -2.317362 2.511835
 156.180007 -2.189237 2.576001
 156.380007 -2.298312 2.629778
 156.580007 -2.221448 2.341610
 156.780007 -2.176677 2.796463
 156.980007 -2.298433 2.377468
 157.180007 -2.136157 2.684021
 157.380007 -2.226971 2.472027
 157.580007 -2.173887 2.695969
 157.780007 -2.079038 2.500646
 157.980008 -2.186775 2.623354
 158.180008 -2.217799 2.416268
 158.380008 -2.176224 2.529403
 158.580008 -2.375042 2.403729
 158.780008 -2.084169 2.660796
 158.980008 -2.370697 2.389116
 159.180008 -2.108523 2.374025
 159.380008 -2.017576 2.717728
 159.580008 -2.159930 2.330692
 159.780008 -2.013606 2.526149
 159.980008 -2.213273 2.529734
 160.180008 -2.166787 2.527413
 160.380008 -2.295208 2.459528
 160.580008 -2.177540 2.575932
 160.780008 -2.399454 2.367034
 160.980008 -2.147262 2.726079
 161.180008 -2.354845 2.250926
 161.380008 -2.108237 2.665288
 161.580008 -2.200700 2.698765
 161.780008 -2.171762 2.256926
 161.980008 -2.328323 2.707372
 162.180008 -2.222554 2.502813
 162.380008 -2.384190 2.401233
 162.580008 -2.265389 2.688808
 162.780008 -2.266108 2.446145
 162.980008 -2.395602 2.577623
 163.180008 -2.140446 2.553294
 163.380008 -2.382753 2.300846
 163.580008 -2.278090 2.816015
 163.780008 -2.139858 2.208277
 163.980008 -2.367281 2.746816
 164.180008 -2.258399 2.516373
 164.380008 -2.223842 2.548542
 164.580008 -2.569109 2.494779
 164.780008 -2.075615 2.781830
 164.980008 -2.435302 2.321593
 165.180008 -2.302253 2.846656
 165.380008 -2.288656 2.308791
 165.580008 -2.323391 2.766659
 165.780008 -2.314217 2.339782
 165.980008 -2.070702 2.733261
 166.180008 -2.417974 2.559171
 166.380008 -2.047397 2.488546
 166.580008 -2.604855 2.643338
 166.780008 -2.246481 2.501974
 166.980008 -2.257379 2.519801
 167.180008 -2.563154 2.697502
 167.380008 -2.112613 2.404970
 167.580008 -2.588819 2.597492
 167.780008 -2.226720 2.612021
 167.980008 -2.248078 2.488334
 168.180008 -2.451762 2.827883
 168.380008 -2.086334 2.239091
 168.580008 -2.299859 2.912743
 168.780008 -2.363246 2.262638
 168.980008 -1.992668 2.688304
 169.180008 -2.554257 2.566760
 169.380008 -2.000482 2.521946
 169.580008 -2.338033 2.529792
 169.780008 -2.265091 2.738029
 169.980008 -2.101911 2.328591
 170.180008 -2.417094 2.767927
 170.380008 -2.176879 2.357611
 170.580008 -2.405078 2.551103
 170.780008 -2.438361 2.521995
 170.980008 -2.107778 2.417781
 171.180008 -2.545914 2.694606
 171.380008 -2.030979 2.376591
 171.580008 -2.231487 2.575934
 171.780008 -2.234814 2.550367
 171.980008 -2.056829 2.515815
 172.180008 -2.511851 2.609122
 172.380008 -2.088109 2.518171
 172.580008 -2.426277 2.516927
 172.780008 -2.274084 2.711042
 172.980008 -2.183193 2.312496
 173.180008 -2.356477 2.801752
 173.380008 -2.242796 2.358172
 173.580008 -2.137468 2.541621
 173.780008 -2.471948 2.665755
 173.980008 -2.052578 2.450970
 174.180008 -2.316687 2.691510
 174.380008 -2.263095 2.461727
 174.580008 -2.177051 2.618227
 174.780008 -2.181050 2.648582
 174.980008 -2.315671 2.464934
 175.180008 -2.339871 2.600753
 175.380008 -2.218759 2.549755
 175.580008 -2.625654 2.407092
 175.780008 -2.124570 2.651949
 175.980008 -2.430438 2.505279
 176.180008 -2.315938 2.523268
 176.380008 -2.114721 2.550693
 176.580008 -2.419614 2.652990
 176.780008 -2.082633 2.492395
 176.980008 -2.163624 2.654473
 177.180008 -2.313084 2.568934
 177.380008 -2.167957 2.533311
 177.580008 -2.265602 2.551032
 177.780008 -2.274912 2.636170
 177.980008 -2.239146 2.428068
 178.180008 -2.387472 2.633774
 178.380008 -2.301416 2.435984
 178.580008 -2.372020 2.607967
 178.780008 -2.256061 2.444924
 178.980009 -2.248579 2.559526
 179.180009 -2.414803 2.432806
 179.380009 -2.218922 2.505789
 179.580009 -2.332372 2.507801
 179.780009 -2.110753 2.690406
 179.980009 -2.184450 2.504297
 180.180009 -2.263352 2.462499
 180.380009 -2.236427 2.749306
 180.580009 -2.204965 2.551527
 180.780009 -2.271530 2.540986
 180.980009 -2.280868 2.552767
 181.180009 -2.222216 2.539148
 181.380009 -2.402680 2.545729
 181.580009 -2.132847 2.575036
 181.780009 -2.454893 2.548000
 181.980009 -2.369316 2.517971
 182.180009 -2.267002 2.513471
 182.380009 -2.355888 2.673054
 182.580009 -2.218878 2.370516
 182.780009 -2.243185 2.655286
 182.980009 -2.217213 2.504286
 183.180009 -2.133006 2.535294
 183.380009 -2.246935 2.633022
 183.580009 -2.170495 2.515627
 183.780009 -2.467417 2.571733
 183.980009 -2.219328 2.494202
 184.180009 -2.146241 2.645023
 184.380009 -2.414775 2.592474
 184.580009 -2.076077 2.474988
 184.780009 -2.338571 2.610548
 184.980009 -2.278222 2.489377
 185.180009 -2.276386 2.524763
 185.380009 -2.360931 2.595500
 185.580009 -2.207108 2.449083
 185.780009 -2.280267 2.675429
 185.980009 -2.182696 2.517832
 186.180009 -2.304791 2.454599
 186.380009 -2.278166 2.745995
 186.580009 -2.213464 2.398661
 186.780009 -2.359894 2.666211
 186.980009 -2.047676 2.515279
 187.180009 -2.336557 2.496177
 187.380009 -2.300323 2.611563
 187.580009 -2.018376 2.538430
 187.780009 -2.348841 2.499746
 187.980009 -2.172202 2.603763
 188.180009 -2.143083 2.488918
 188.380009 -2.176625 2.619913
 188.580009 -2.170984 2.473831
 188.780009 -2.197018 2.704865
 188.980009 -2.154442 2.482973
 189.180009 -2.273176 2.506987
 189.380009 -2.286269 2.633207
 189.580009 -2.197254 2.484235
 189.780009 -2.297292 2.554357
 189.980009 -2.298551 2.545827
 190.180009 -2.266123 2.525734
 190.380009 -2.403619 2.561584
 190.580009 -2.118585 2.542836
 190.780009 -2.394696 2.635528
 190.980009 -2.251341 2.474076
 191.180009 -2.315208 2.600208
 191.380009 -2.167990 2.715889
 191.580009 -2.236419 2.482466
 191.780009 -2.305487 2.626372
 191.980009 -2.129182 2.463051
 192.180009 -2.431227 2.678272
 192.380009 -2.284223 2.555297
 192.580009 -2.094592 2.689557
 192.780009 -2.454882 2.519958
 192.980009 -2.127618 2.507241
 193.180009 -2.277132 2.670062
 193.380009 -2.314013 2.560107
 193.580009 -2.217437 2.516578
 193.780009 -2.370288 2.645649
 193.980009 -2.177731 2.451343
 194.180009 -2.230829 2.680596
 194.380009 -2.280105 2.478711
 194.580009 -2.272133 2.539278
 194.780009 -2.336792 2.618637
 194.980009 -2.271345 2.404088
 195.180009 -2.214417 2.727192
 195.380009 -2.354641 2.489493
 195.580009 -2.176367 2.599284
 195.780009 -2.342851 2.699307
 195.980009 -2.261299 2.559958
 196.180009 -2.372503 2.674239
 196.380009 -2.222911 2.531331
 196.580009 -2.272972 2.661858
 196.780009 -2.389524 2.511169
 196.980009 -2.024868 2.609451
 197.180009 -2.509511 2.547334
 197.380009 -2.017614 2.651203
 197.580009 -2.201126 2.487676
 197.780009 -2.426518 2.565589
 197.980009 -1.968296 2.524638
 198.180009 -2.478362 2.764670
 198.380009 -2.304614 2.383789
 198.580009 -2.144240 2.714402
 198.780009 -2.346733 2.584446
 198.980009 -2.068190 2.502226
 199.180009 -2.118300 2.720345
 199.380009 -2.326309 2.499459
 199.580009 -2.296000 2.622036
 199.780009 -2.424056 2.590408
 199.980009 -2.408781 2.486300
