#! FIELDS time phi psi
#! SET max_psi pi
 0.180000 1.021477 -2.643984
 0.380000 1.325415 -2.277757
 0.580000 1.114158 -2.299654
 0.780000 1.285453 -2.637306
 0.980000 1.486541 -1.914601
 1.180000 1.617326 -2.837225
 1.380000 1.235791 -2.293670
 1.580000 1.474082 -2.251869
 1.780000 1.322600 -2.510124
 1.980000 1.137079 -1.982772
 2.180000 1.420252 -2.681878
 2.380000 1.262511 -1.804641
 2.580000 1.121570 -2.844077
 2.780000 1.296881 -1.970190
 2.980000 1.386468 -2.578433
 3.180000 1.031125 -2.341459
 3.380000 0.980663 -2.125050
 3.580000 1.240030 -2.545811
 3.780000 0.948750 -1.894226
 3.980000 1.133167 -2.794634
 4.180000 1.195784 -1.982879
 4.380000 1.320212 -2.693304
 4.580000 1.135764 -2.227121
 4.780000 1.351792 -2.362771
 4.980000 1.376508 -2.583037
 5.180000 1.017338 -2.174371
 5.380000 1.351258 -2.695328
 5.580000 1.311678 -2.149119
 5.780000 1.210981 -2.691897
 5.980000 1.308497 -2.170333
 6.180000 1.308304 -2.561740
 6.380000 0.756681 -2.163390
 6.580000 1.138139 -2.233489
 6.780000 1.220656 -2.538324
 6.980000 1.100531 -1.850571
 7.180000 1.238987 -2.613616
 7.380000 1.259973 -2.085839
 7.580000 1.354890 -2.347762
 7.780000 1.196823 -2.396211
 7.980000 1.196111 -2.099418
 8.180000 1.445676 -2.551251
 8.380000 1.193169 -2.141064
 8.580000 1.210867 -2.590616
 8.780000 1.343192 -2.089690
 8.980000 1.156275 -2.352262
 9.180000 1.230908 -2.440607
 9.380000 1.170055 -2.092927
 9.580000 1.124105 -2.461870
 9.780000 1.245743 -2.145136
 9.980000 1.163440 -2.544755
 10.180000 1.204052 -2.225113
 10.380000 1.401927 -2.400226
 10.580001 1.208537 -2.459780
 10.780001 1.383699 -2.195961
 10.980001 1.358998 -2.667472
 11.180001 1.177689 -2.223822
 11.380001 1.284075 -2.389208
 11.580001 1.159631 -2.295655
 11.780001 1.037676 -2.345767
 11.980001 1.226953 -2.318732
 12.180001 1.218450 -2.084800
 12.380001 1.169970 -2.543397
 12.580001 1.195857 -2.142471
 12.780001 1.365621 -2.497562
 12.980001 1.013413 -2.208848
 13.180001 1.373731 -2.366436
 13.380001 1.299644 -2.394294
 13.580001 1.172568 -2.381376
 13.780001 1.393438 -2.519617
 13.980001 1.318642 -2.236737
 14.180001 1.218308 -2.584562
 14.380001 1.140497 -2.310980
 14.580001 1.278967 -2.293962
 14.780001 0.963051 -2.327493
 14.980001 1.223179 -2.207611
 15.180001 1.231734 -2.271067
 15.380001 1.323184 -2.379374
 15.580001 1.389608 -2.261821
 15.780001 1.276524 -2.462427
 15.980001 1.323030 -2.277360
 16.180001 1.202028 -2.315541
 16.380001 1.040935 -2.237179
 16.580001 1.228305 -2.378394
 16.780001 1.296405 -2.331293
 16.980001 1.178204 -2.218621
 17.180001 1.400447 -2.422039
 17.380001 1.215979 -2.008564
 17.580001 1.108885 -2.344676
 17.780001 1.284437 -2.325314
 17.980001 1.085078 -2.001503
 18.180001 1.088816 -2.481881
 18.380001 1.127311 -2.235139
 18.580001 1.409216 -2.188259
 18.780001 1.029527 -2.349812
 18.980001 1.232707 -2.334255
 19.180001 1.527801 -2.289370
 19.380001 1.133315 -2.283619
 19.580001 1.327705 -2.363018
 19.780001 1.208724 -2.270507
 19.980001 1.071360 -2.308700
 20.180001 1.173185 -2.293290
 20.380001 1.203661 -2.227229
 20.580001 1.146082 -2.310303
 20.780001 1.286505 -2.332203
 20.980001 1.323525 -2.256701
 21.180001 1.172639 -2.279779
 21.380001 1.278933 -2.403794
 21.580001 1.273663 -2.166292
 21.780001 1.326935 -2.343841
 21.980001 1.066448 -2.333148
 22.180001 1.268516 -2.175496
 22.380001 1.217843 -2.333180
 22.580001 1.193388 -2.384477
 22.780001 1.355575 -2.147620
 22.980001 1.365781 -2.477620
 23.180001 1.156506 -2.345372
 23.380001 1.334407 -2.391065
 23.580001 1.306134 -2.271306
 23.780001 1.046096 -2.317710
 23.980001 1.206595 -2.351638
 24.180001 1.252079 -2.208214
 24.380001 1.113905 -2.462732
 24.580001 1.297915 -2.204105
 24.780001 1.271469 -2.344009
 24.980001 1.107324 -2.392438
 25.180001 1.465267 -2.265686
 25.380001 1.322858 -2.443043
 25.580001 1.137491 -2.167132
 25.780001 1.353153 -2.621785
 25.980001 1.200574 -2.056833
 26.180001 1.133893 -2.516608
 26.380001 1.516287 -2.197560
 26.580001 1.103559 -2.355057
 26.780001 1.363476 -2.580980
 26.980001 1.079156 -2.065971
 27.180001 1.274388 -2.528511
 27.380001 1.151495 -2.091074
 27.580001 1.183251 -2.476441
 27.780001 1.233967 -2.236787
 27.980001 1.192292 -2.244138
 28.180001 1.211926 -2.350821
 28.380001 1.314210 -2.207051
 28.580001 1.234034 -2.508076
 28.780001 1.206728 -2.222441
 28.980001 1.370338 -2.518770
 29.180001 1.368770 -2.173210
 29.380001 1.129228 -2.374212
 29.580001 1.354635 -2.385401
 29.780001 1.189179 -2.205826
 29.980001 1.360441 -2.347288
 30.180001 1.316028 -2.436733
 30.380001 1.416336 -2.209826
 30.580001 1.183207 -2.508085
 30.780001 1.491476 -2.216911
 30.980001 1.197133 -2.424341
 31.180001 1.274054 -2.223588
 31.380001 1.286946 -2.490032
 31.580001 1.154703 -2.150288
 31.780002 1.127890 -2.308028
 31.980002 1.226545 -2.489621
 32.180002 1.077377 -2.135007
 32.380002 1.364124 -2.421871
 32.580002 1.209609 -2.240800
 32.780002 1.369465 -2.286468
 32.980002 1.134919 -2.301807
 33.180002 1.238976 -2.424144
 33.380002 1.392849 -2.347401
 33.580002 1.221782 -2.363050
 33.780002 1.085709 -2.362967
 33.980002 1.374377 -2.372722
 34.180002 1.076572 -2.128847
 34.380002 1.216419 -2.711926
 34.580002 1.397814 -2.128791
 34.780002 1.336273 -2.431571
 34.980002 1.154373 -2.463186
 35.180002 1.121570 -2.094354
 35.380002 1.013438 -2.471533
 35.580002 1.066143 -2.150552
 35.780002 1.121996 -2.436556
 35.980002 1.384103 -2.196301
 36.180002 1.185216 -2.632604
 36.380002 1.496950 -2.165601
 36.580002 1.457270 -2.396164
 36.780002 1.116643 -2.412750
 36.980002 1.287216 -2.073950
 37.180002 1.350128 -2.453783
 37.380002 1.088971 -2.154951
 37.580002 1.287166 -2.343126
 37.780002 1.368023 -2.228441
 37.980002 1.204724 -2.357297
 38.180002 1.169699 -2.390552
 38.380002 1.195289 -2.195967
 38.580002 1.109598 -2.429716
 38.780002 1.056224 -2.218683
 38.980002 1.295349 -2.450339
 39.180002 1.248567 -2.244620
 39.380002 1.374571 -2.255193
 39.580002 1.045968 -2.274013
 39.780002 1.413475 -2.242685
 39.980002 1.147359 -2.303051
 40.180002 1.221481 -2.220596
 40.380002 1.353846 -2.494554
 40.580002 1.370355 -2.092935
 40.780002 1.327888 -2.483629
 40.980002 1.345176 -2.308048
 41.180002 1.453418 -2.183011
 41.380002 1.300658 -2.572280
 41.580002 1.040243 -2.137502
 41.780002 1.266699 -2.461328
 41.980002 1.076496 -2.128377
 42.180002 1.131238 -2.560240
 42.380002 1.150759 -2.181916
 42.580002 1.256203 -2.423185
 42.780002 1.319583 -2.389348
 42.980002 1.347324 -2.109574
 43.180002 1.218959 -2.558399
 43.380002 1.237139 -2.129190
 43.580002 1.153708 -2.448524
 43.780002 1.151089 -2.272593
 43.980002 1.075217 -2.253854
 44.180002 1.175496 -2.401837
 44.380002 1.261893 -2.192295
 44.580002 1.376761 -2.517308
 44.780002 1.290505 -2.147692
 44.980002 1.538535 -2.643690
 45.180002 1.296036 -2.190137
 45.380002 1.367333 -2.400006
 45.580002 1.297083 -2.325410
 45.780002 1.155791 -2.294111
 45.980002 1.074449 -2.480783
 46.180002 1.234407 -1.934704
 46.380002 1.003493 -2.619256
 46.580002 1.203760 -2.335037
 46.780002 1.443121 -2.177120
 46.980002 1.158540 -2.547146
 47.180002 1.314371 -2.075873
 47.380002 1.474131 -2.434195
 47.580002 1.189244 -2.283034
 47.780002 1.366227 -2.453916
 47.980002 1.416426 -2.286603
 48.180002 1.201158 -2.321901
 48.380002 1.359264 -2.592172
 48.580002 1.263098 -2.025328
 48.780002 1.189001 -2.634525
 48.980002 1.193711 -2.301986
 49.180002 1.220034 -2.106610
 49.380002 1.039416 -2.459810
 49.580002 1.100932 -2.069735
 49.780002 1.349664 -2.391725
 49.980002 1.202081 -2.275456
 50.180002 1.409475 -2.379014
 50.380002 1.330605 -2.228490
 50.580002 1.279454 -2.377915
 50.780002 1.248347 -2.459581
 50.980002 1.303429 -2.040695
 51.180002 1.319295 -2.565258
 51.380002 1.193759 -2.298882
 51.580002 1.189199 -2.197362
 51.780002 1.314714 -2.476196
 51.980002 1.110713 -2.204477
 52.180002 1.369249 -2.319756
 52.380002 1.229537 -2.369929
 52.580002 1.257032 -2.328035
 52.780003 1.400415 -2.393804
 52.980003 1.224994 -2.352025
 53.180003 1.334029 -2.349991
 53.380003 1.280864 -2.229640
 53.580003 1.219120 -2.509261
 53.780003 1.313537 -2.263360
 53.980003 1.280883 -2.284078
 54.180003 1.132079 -2.457681
 54.380003 1.252550 -2.204780
 54.580003 1.181875 -2.341663
 54.780003 1.078778 -2.353973
 54.980003 1.290408 -2.216324
 55.180003 1.199304 -2.389425
 55.380003 1.306592 -2.458023
 55.580003 1.494348 -2.185809
 55.780003 1.440468 -2.487612
 55.980003 1.210373 -2.302230
 56.180003 1.529566 -2.438947
 56.380003 1.029687 -2.038442
 56.580003 1.302924 -2.574276
 56.780003 1.309139 -2.119923
 56.980003 1.172336 -2.266169
 57.180003 1.053095 -2.488425
 57.380003 1.220961 -2.025973
 57.580003 1.253804 -2.618039
 57.780003 1.111316 -2.160915
 57.980003 1.287719 -2.407062
 58.180003 1.327084 -2.375665
 58.380003 1.169596 -2.298793
 58.580003 1.717814 -2.255616
 58.780003 1.093564 -2.374688
 58.980003 1.288585 -2.397448
 59.180003 1.381619 -2.146721
 59.380003 1.351523 -2.260343
 59.580003 1.176150 -2.384881
 59.780003 1.507763 -2.072392
 59.980003 1.284841 -2.331221
 60.180003 1.282370 -2.379808
 60.380003 1.382679 -2.234604
 60.580003 1.253467 -2.356575
 60.780003 1.100356 -2.277742
 60.980003 1.129074 -2.311122
 61.180003 1.255511 -2.405868
 61.380003 1.061311 -2.292230
 61.580003 1.478864 -2.489548
 61.780003 1.232437 -2.106668
 61.980003 1.261363 -2.663082
 62.180003 1.384973 -2.221105
 62.380003 1.237660 -2.359546
 62.580003 1.105727 -2.454687
 62.780003 1.241692 -2.127364
 62.980003 1.269741 -2.330111
 63.180003 1.064582 -2.416867
 63.380003 1.298002 -2.170542
 63.580003 1.469655 -2.267985
 63.780003 1.006331 -2.517682
 63.980003 1.504277 -2.123413
 64.180003 1.510418 -2.289638
 64.380003 1.063726 -2.290865
 64.580003 1.354167 -2.383345
 64.780003 1.407868 -2.041381
 64.980003 1.107051 -2.392376
 65.180003 1.332672 -2.418761
 65.380003 1.291399 -2.089658
 65.580003 0.992305 -2.457992
 65.780003 1.255993 -2.189587
 65.980003 1.376187 -2.259526
 66.180003 0.966749 -2.499414
 66.380003 1.383851 -2.244269
 66.580003 1.447586 -2.372058
 66.780003 1.397115 -2.488337
 66.980003 1.212446 -2.336167
 67.180003 1.501372 -2.157539
 67.380003 1.142380 -2.468289
 67.580003 1.245250 -2.351507
 67.780003 1.292702 -2.168270
 67.980003 1.169330 -2.212380
 68.180003 1.138480 -2.404074
 68.380003 1.374245 -2.182847
 68.580003 1.205278 -2.345107
 68.780003 1.273811 -2.332595
 68.980003 1.372344 -2.228491
 69.180003 1.260270 -2.429295
 69.380003 1.237386 -2.260099
 69.580003 1.507464 -2.374348
 69.780003 1.095234 -2.344353
 69.980003 1.250599 -2.384518
 70.180003 1.246680 -2.301104
 70.380003 1.116708 -2.477898
 70.580003 1.222819 -2.266068
 70.780003 1.303850 -2.324876
 70.980003 1.201033 -2.453309
 71.180003 1.186794 -2.233823
 71.380003 1.503525 -2.205548
 71.580003 0.946710 -2.346936
 71.780003 1.331454 -2.275619
 71.980003 1.463371 -2.253171
 72.180003 1.123219 -2.420559
 72.380003 1.356087 -2.349745
 72.580003 1.350589 -2.288490
 72.780003 1.149931 -2.322288
 72.980003 1.363665 -2.504362
 73.180003 1.170871 -2.237320
 73.380003 1.255198 -2.407165
 73.580003 1.205135 -2.231897
 73.780004 1.249765 -2.340139
 73.980004 1.102867 -2.338620
 74.180004 1.223527 -2.351138
 74.380004 1.461177 -2.212544
 74.580004 1.220862 -2.440947
 74.780004 1.403180 -2.288725
 74.980004 1.446579 -2.345369
 75.180004 1.195270 -2.266007
 75.380004 1.143494 -2.310831
 75.580004 1.263771 -2.399501
 75.780004 0.929991 -2.090896
 75.980004 1.157854 -2.585769
 76.180004 1.248501 -1.986444
 76.380004 1.306116 -2.360618
 76.580004 1.226316 -2.382757
 76.780004 1.211873 -2.221077
 76.980004 1.305791 -2.443712
 77.180004 1.058630 -2.035375
 77.380004 1.394351 -2.596376
 77.580004 1.174097 -2.161409
 77.780004 1.178797 -2.402196
 77.980004 1.320674 -2.330935
 78.180004 1.178219 -2.214834
 78.380004 1.163845 -2.625568
 78.580004 1.383138 -1.846730
 78.780004 1.199242 -2.592229
 78.980004 1.272436 -2.079003
 79.180004 1.324638 -2.248117
 79.380004 1.071246 -2.339127
 79.580004 1.129018 -2.199294
 79.780004 1.377212 -2.529884
 79.980004 1.204465 -1.984119
 80.180004 1.387707 -2.669660
 80.380004 1.246477 -2.154563
 80.580004 1.437238 -2.328504
 80.780004 1.024368 -2.416326
 80.980004 0.955669 -2.155430
 81.180004 1.299475 -2.422711
 81.380004 1.180370 -2.158941
 81.580004 1.294769 -2.829107
 81.780004 1.372566 -2.004445
 81.980004 1.253056 -2.456244
 82.180004 1.216880 -2.427377
 82.380004 0.965085 -2.130931
 82.580004 1.367227 -2.487240
 82.780004 1.098608 -2.173245
 82.980004 1.174902 -2.451884
 83.180004 1.277555 -2.166776
 83.380004 1.200899 -2.565485
 83.580004 1.375321 -2.306831
 83.780004 1.488244 -2.309145
 83.980004 1.123908 -2.661119
 84.180004 1.371204 -2.185079
 84.380004 1.201209 -2.495762
 84.580004 0.951841 -2.274079
 84.780004 1.312161 -2.302218
 84.980004 1.197961 -2.202210
 85.180004 1.107751 -2.592298
 85.380004 1.292716 -2.095368
 85.580004 1.305688 -2.374484
 85.780004 1.050904 -2.400462
 85.980004 1.311837 -2.096943
 86.180004 1.284001 -2.482290
 86.380004 1.048371 -2.206193
 86.580004 1.447531 -2.353625
 86.780004 1.276025 -2.238269
 86.980004 1.308498 -2.415887
 87.180004 1.389977 -2.338062
 87.380004 1.385069 -2.229681
 87.580004 1.195122 -2.598245
 87.780004 1.195166 -2.062938
 87.980004 1.269602 -2.509581
 88.180004 1.035821 -2.209743
 88.380004 1.274085 -2.356241
 88.580004 1.178091 -2.357752
 88.780004 1.077729 -2.282400
 88.980004 1.378785 -2.297960
 89.180004 1.279109 -2.227806
 89.380004 1.211707 -2.562785
 89.580004 1.376590 -2.172299
 89.780004 1.345167 -2.428571
 89.980004 1.071563 -2.443329
 90.180004 1.405873 -2.325370
 90.380004 1.142077 -2.296105
 90.580004 1.130520 -2.254540
 90.780004 1.093420 -2.424545
 90.980004 1.134939 -1.964454
 91.180004 1.047905 -2.709630
 91.380004 1.363586 -2.104415
 91.580004 1.280123 -2.275713
 91.780004 1.203810 -2.661069
 91.980004 1.292726 -2.052792
 92.180004 1.329752 -2.539633
 92.380004 0.986371 -2.140477
 92.580004 1.333955 -2.375571
 92.780004 1.270356 -2.344351
 92.980004 1.218143 -2.358628
 93.180004 1.604403 -2.479423
 93.380004 1.391551 -2.089434
 93.580004 0.986716 -2.748480
 93.780004 1.340671 -2.063288
 93.980004 1.175279 -2.325602
 94.180004 1.069329 -2.353981
 94.380004 1.183347 -2.240249
 94.580004 1.235277 -2.415475
 94.780005 1.015672 -2.239756
 94.980005 1.165531 -2.461462
 95.180005 1.241350 -2.194583
 95.380005 1.333979 -2.432256
 95.580005 1.301496 -2.309003
 95.780005 1.600575 -2.298307
 95.980005 1.391692 -2.509738
 96.180005 1.348729 -2.310685
 96.380005 1.375348 -2.354722
 96.580005 1.212411 -2.259972
 96.780005 1.140313 -2.424761
 96.980005 1.219925 -2.151680
 97.180005 1.150142 -2.431971
 97.380005 1.257555 -2.416633
 97.580005 1.337441 -1.884373
 97.780005 1.291436 -2.687608
 97.980005 1.260866 -2.177687
 98.180005 1.438392 -2.360220
 98.380005 1.084569 -2.327154
 98.580005 1.333415 -2.101611
 98.780005 1.096993 -2.478448
 98.980005 1.198542 -2.110502
 99.180005 1.402907 -2.454615
 99.380005 1.345722 -2.170764
 99.580005 1.316413 -2.568193
 99.780005 1.470119 -2.282185
 99.980005 1.145458 -2.242558
 100.180005 1.352661 -2.504566
 100.380005 1.132382 -2.141630
 100.580005 1.108518 -2.647712
 100.780005 1.185101 -2.009503
 100.980005 1.119402 -2.500494
 101.180005 1.244898 -2.172447
 101.380005 1.201511 -2.300602
 101.580005 1.208971 -2.513061
 101.780005 1.397402 -2.000179
 101.980005 1.307524 -2.651438
 102.180005 1.279338 -2.224802
 102.380005 1.515760 -2.512962
 102.580005 1.175134 -2.250523
 102.780005 1.430571 -2.438359
 102.980005 1.241285 -2.317828
 103.180005 1.305882 -2.288264
 103.380005 1.145500 -2.637368
 103.580005 1.080697 -2.019068
 103.780005 1.144667 -2.615212
 103.980005 0.986676 -2.144622
 104.180005 1.108013 -2.255662
 104.380005 1.275305 -2.556878
 104.580005 1.041519 -2.207631
 104.780005 1.200960 -2.423523
 104.980005 1.394336 -2.183112
 105.180005 1.223896 -2.496913
 105.380005 1.377048 -2.279105
 105.580005 1.381716 -2.365930
 105.780005 1.297380 -2.322910
 105.980005 1.386907 -2.435427
 106.180005 1.252984 -2.343702
 106.380005 1.027540 -2.333179
 106.580005 1.411727 -2.347163
 106.780005 1.137066 -2.268367
 106.980005 1.079749 -2.322773
 107.180005 1.314245 -2.266537
 107.380005 1.230430 -2.254326
 107.580005 1.127217 -2.443480
 107.780005 1.213586 -2.189005
 107.980005 1.327126 -2.340156
 108.180005 1.201297 -2.341047
 108.380005 1.162886 -2.305578
 108.580005 1.368542 -2.356859
 108.780005 1.245023 -2.345644
 108.980005 1.202739 -2.364251
 109.180005 1.381797 -2.361511
 109.380005 1.181983 -2.223317
 109.580005 1.296667 -2.412608
 109.780005 1.184685 -2.103637
 109.980005 1.225641 -2.421986
 110.180005 1.289633 -2.267277
 110.380005 1.174962 -2.171897
 110.580005 1.283005 -2.395525
 110.780005 1.170940 -2.239267
 110.980005 1.370637 -2.418145
 111.180005 1.235082 -2.215335
 111.380005 1.189746 -2.463102
 111.580005 1.382914 -2.282601
 111.780005 1.201324 -2.325377
 111.980005 1.217409 -2.460967
 112.180005 1.168106 -2.277941
 112.380005 1.179515 -2.310247
 112.580005 1.128878 -2.410803
 112.780005 1.264735 -2.260034
 112.980005 1.322527 -2.313785
 113.180005 1.334973 -2.418666
 113.380005 1.227882 -2.338182
 113.580005 1.256838 -2.272056
 113.780005 1.184361 -2.397725
 113.980005 1.159400 -2.275567
 114.180005 1.192373 -2.406007
 114.380005 1.142357 -2.249079
 114.580005 1.256204 -2.335546
 114.780005 1.410372 -2.206167
 114.980005 1.276657 -2.343927
 115.180005 1.263429 -2.339748
 115.380005 1.345460 -2.207527
 115.580005 1.100071 -2.279191
 115.780005 1.301042 -2.339121
 115.980006 1.255347 -2.321825
 116.180006 1.147061 -2.155496
 116.380006 1.325332 -2.477497
 116.580006 1.347170 -2.152387
 116.780006 1.276302 -2.447952
 116.980006 1.332155 -2.432093
 117.180006 1.109663 -2.178873
 117.380006 1.221153 -2.430283
 117.580006 1.170652 -2.238093
 117.780006 1.331881 -2.376523
 117.980006 1.143315 -2.251949
 118.180006 1.337822 -2.377905
 118.380006 1.367960 -2.288051
 118.580006 1.340477 -2.188734
 118.780006 1.331755 -2.497636
 118.980006 1.326294 -2.092152
 119.180006 1.216684 -2.486283
 119.380006 1.157362 -2.246854
 119.580006 1.205837 -2.353306
 119.780006 1.352328 -2.172009
 119.980006 1.150199 -2.493802
 120.180006 1.303970 -2.357325
 120.380006 1.319590 -2.210766
 120.580006 1.209367 -2.450188
 120.780006 1.137702 -2.221816
 120.980006 1.331358 -2.216702
 121.180006 1.087303 -2.225988
 121.380006 1.129112 -2.343605
 121.580006 1.279607 -2.140118
 121.780006 1.246917 -2.284889
 121.980006 1.263507 -2.461480
 122.180006 1.324656 -2.184296
 122.380006 1.213766 -2.559041
 122.580006 1.268413 -2.319133
 122.780006 1.287327 -2.343038
 122.980006 1.209440 -2.258251
 123.180006 1.147605 -2.517629
 123.380006 1.376053 -2.087720
 123.580006 1.271487 -2.273388
 123.780006 1.300587 -2.488521
 123.980006 1.143730 -2.022414
 124.180006 1.301217 -2.523404
 124.380006 1.188415 -2.049650
 124.580006 1.214346 -2.349150
 124.780006 1.260021 -2.148112
 124.980006 1.272793 -2.355170
 125.180006 1.204777 -2.290975
 125.380006 1.299998 -2.269171
 125.580006 1.192401 -2.564754
 125.780006 1.198097 -2.212347
 125.980006 1.245418 -2.495647
 126.180006 1.196807 -2.309069
 126.380006 1.142887 -2.324175
 126.580006 1.340487 -2.447646
 126.780006 1.134100 -2.207800
 126.980006 1.377161 -2.462226
 127.180006 1.202026 -2.311112
 127.380006 1.385801 -2.332884
 127.580006 1.299336 -2.512177
 127.780006 1.223402 -2.119810
 127.980006 1.299663 -2.414406
 128.180006 1.437852 -2.196093
 128.380006 1.141262 -2.426412
 128.580006 1.336136 -2.226303
 128.780006 1.316678 -2.342476
 128.980006 1.126963 -2.452148
 129.180006 1.191662 -2.302629
 129.380006 1.373166 -2.305406
 129.580006 1.088039 -2.279283
 129.780006 1.175479 -2.561890
 129.980006 1.383140 -2.112503
 130.180006 1.170824 -2.422398
 130.380006 1.310548 -2.488510
 130.580006 1.241159 -2.003995
 130.780006 1.272499 -2.542537
 130.980006 1.010757 -2.218847
 131.180006 1.439299 -2.428641
 131.380006 1.247097 -2.283094
 131.580006 1.204568 -2.471623
 131.780006 1.456131 -2.274644
 131.980006 1.469996 -2.278900
 132.180006 1.281320 -2.745774
 132.380006 1.386871 -2.116584
 132.580006 1.262431 -2.486292
 132.780006 1.167419 -2.189603
 132.980006 1.235682 -2.386183
 133.180006 1.214616 -2.202113
 133.380006 0.949250 -2.443757
 133.580006 1.370597 -2.201335
 133.780006 1.246510 -2.275391
 133.980006 1.284193 -2.579668
 134.180006 1.280202 -2.115803
 134.380006 1.438073 -2.548129
 134.580006 1.076644 -2.326368
 134.780006 1.311569 -2.243564
 134.980006 1.180670 -2.430220
 135.180006 1.251183 -2.096099
 135.380006 1.311825 -2.566888
 135.580006 1.435144 -2.025257
 135.780006 1.224218 -2.607246
 135.980006 1.333321 -2.141346
 136.180006 1.180459 -2.359843
 136.380006 1.306586 -2.434657
 136.580006 1.093061 -2.218297
 136.780006 1.193291 -2.468612
 136.980007 1.269375 -2.142081
 137.180007 1.298116 -2.509865
 137.380007 1.244994 -2.162235
 137.580007 1.568413 -2.381158
 137.780007 1.284970 -2.375803
 137.980007 1.325379 -2.107175
 138.180007 1.419674 -2.388651
 138.380007 1.190090 -2.219727
 138.580007 1.298473 -2.500437
 138.780007 1.289452 -2.095753
 138.980007 1.046677 -2.545170
 139.180007 1.314126 -2.224735
 139.380007 1.293919 -2.226736
 139.580007 1.331542 -2.543373
 139.780007 1.084495 -2.108756
 139.980007 1.518304 -2.460085
 140.180007 1.246632 -2.200158
 140.380007 1.266839 -2.477928
 140.580007 1.192236 -2.174899
 140.780007 1.411648 -2.316754
 140.980007 1.367083 -2.465192
 141.180007 1.366714 -2.180780
 141.380007 1.392155 -2.517950
 141.580007 1.142128 -2.021351
 141.780007 1.265359 -2.524120
 141.980007 1.216611 -2.136724
 142.180007 1.040906 -2.307983
 142.380007 1.449966 -2.478575
 142.580007 1.255161 -1.958495
 142.780007 1.208076 -2.698579
 142.980007 1.326997 -1.999950
 143.180007 1.342889 -2.539756
 143.380007 0.947502 -2.207807
 143.580007 1.210571 -2.218983
 143.780007 1.208513 -2.542895
 143.980007 1.258960 -1.979446
 144.180007 1.381309 -2.792113
 144.380007 1.308100 -2.103179
 144.580007 1.516428 -2.524839
 144.780007 1.131065 -2.265878
 144.980007 1.325204 -2.278096
 145.180007 1.229769 -2.296136
 145.380007 1.134088 -2.048115
 145.580007 1.436728 -2.642698
 145.780007 1.321625 -1.839362
 145.980007 1.237934 -2.638840
 146.180007 1.339601 -2.305218
 146.380007 1.354125 -2.086761
 146.580007 0.982736 -2.531191
 146.780007 1.311040 -2.100797
 146.980007 1.198984 -2.513534
 147.180007 1.236821 -2.164167
 147.380007 1.212582 -2.518391
 147.580007 1.439097 -2.267018
 147.780007 1.371187 -2.331924
 147.980007 1.382766 -2.585342
 148.180007 1.152007 -2.221334
 148.380007 1.478961 -2.449692
 148.580007 1.119326 -2.120437
 148.780007 1.114264 -2.534625
 148.980007 1.201705 -2.114859
 149.180007 1.166576 -2.293474
 149.380007 1.070432 -2.460271
 149.580007 1.242307 -1.928197
 149.780007 1.237700 -2.598864
 149.980007 1.241059 -2.215412
 150.180007 1.470606 -2.294588
 150.380007 1.232832 -2.339650
 150.580007 1.181732 -2.426817
 150.780007 1.393376 -2.210801
 150.980007 1.243147 -2.297818
 151.180007 1.184140 -2.388024
 151.380007 1.308315 -2.186121
 151.580007 1.309954 -2.412277
 151.780007 1.117294 -2.151257
 151.980007 1.402734 -2.374646
 152.180007 1.091319 -2.104898
 152.380007 1.001722 -2.482357
 152.580007 1.272502 -2.192423
 152.780007 1.237208 -2.309578
 152.980007 1.168793 -2.382699
 153.180007 1.428977 -2.109800
 153.380007 1.294604 -2.504540
 153.580007 1.247578 -2.130968
 153.780007 1.344143 -2.519976
 153.980007 1.131023 -2.247094
 154.180007 1.242343 -2.414337
 154.380007 1.167158 -2.517549
 154.580007 1.285205 -2.064972
 154.780007 1.220897 -2.570337
 154.980007 1.325439 -2.162354
 155.180007 1.376388 -2.342579
 155.380007 1.360610 -2.414639
 155.580007 1.254064 -2.190230
 155.780007 1.245189 -2.401595
 155.980007 1.188436 -2.195972
 156.180007 1.280239 -2.395239
 156.380007 1.095593 -2.158712
 156.580007 1.277515 -2.465211
 156.780007 1.298348 -2.331421
 156.980007 1.229906 -2.148285
 157.180007 1.333473 -2.548902
 157.380007 1.175919 -2.165891
 157.580007 1.225743 -2.285634
 157.780007 1.100926 -2.299568
 157.980008 1.084865 -2.196054
 158.180008 1.479273 -2.374180
 158.380008 1.148820 -2.332308
 158.580008 1.178014 -2.519055
 158.780008 1.366396 -2.262496
 158.980008 1.306867 -2.433549
 159.180008 1.276489 -2.530301
 159.380008 1.194174 -2.220636
 159.580008 1.274441 -2.564905
 159.780008 1.066530 -2.171223
 159.980008 1.156107 -2.425620
 160.180008 1.176391 -2.088201
 160.380008 1.073527 -2.479496
 160.580008 1.395964 -2.176604
 160.780008 1.371457 -2.197943
 160.980008 1.144874 -2.424985
 161.180008 1.358272 -2.146107
 161.380008 1.404585 -2.534121
 161.580008 1.212385 -2.181677
 161.780008 1.258200 -2.446284
 161.980008 1.336673 -2.283970
 162.180008 1.235761 -2.361003
 162.380008 1.173568 -2.453026
 162.580008 1.237330 -2.001936
 162.780008 1.175925 -2.581521
 162.980008 1.125912 -2.096838
 163.180008 1.376546 -2.496252
 163.380008 1.093543 -2.142767
 163.580008 1.299233 -2.445806
 163.780008 1.236312 -2.276402
 163.980008 1.217268 -2.367836
 164.180008 1.263516 -2.474236
 164.380008 1.318782 -2.089481
 164.580008 1.367290 -2.584688
 164.780008 1.210550 -2.086480
 164.980008 1.087317 -2.406258
 165.180008 1.382811 -2.283444
 165.380008 1.060175 -2.238013
 165.580008 1.143130 -2.366278
 165.780008 1.250487 -2.233637
 165.980008 1.454998 -2.352031
 166.180008 1.230939 -2.262655
 166.380008 1.400817 -2.404994
 166.580008 1.248539 -2.253471
 166.780008 1.315725 -2.388327
 166.980008 1.200870 -2.269903
 167.180008 1.184089 -2.250422
 167.380008 1.178426 -2.396561
 167.580008 1.168394 -2.115234
 167.780008 1.274365 -2.301429
 167.980008 1.146036 -2.354280
 168.180008 1.227316 -2.039728
 168.380008 1.384182 -2.437662
 168.580008 1.045265 -2.271554
 168.780008 1.346589 -2.202300
 168.980008 1.335198 -2.339244
 169.180008 1.117607 -2.320979
 169.380008 1.337325 -2.411251
 169.580008 1.215756 -2.286449
 169.780008 1.274441 -2.406168
 169.980008 1.307754 -2.325337
 170.180008 1.207405 -2.244748
 170.380008 1.265773 -2.530207
 170.580008 1.163789 -2.225588
 170.780008 1.368179 -2.373456
 170.980008 1.097421 -2.300013
 171.180008 1.283802 -2.486719
 171.380008 1.243357 -2.231468
 171.580008 1.222916 -2.494729
 171.780008 1.357163 -2.441207
 171.980008 1.322412 -2.271123
 172.180008 1.209834 -2.510668
 172.380008 1.064114 -2.183493
 172.580008 1.484928 -2.495228
 172.780008 1.301440 -2.106058
 172.980008 1.207250 -2.489886
 173.180008 1.271485 -2.246390
 173.380008 1.316405 -2.213780
 173.580008 1.101844 -2.523726
 173.780008 1.285565 -2.010014
 173.980008 1.283097 -2.338459
 174.180008 1.122941 -2.201493
 174.380008 1.322160 -2.298642
 174.580008 1.306098 -2.245034
 174.780008 1.385383 -2.360071
 174.980008 1.516575 -2.292233
 175.180008 1.286859 -2.322346
 175.380008 1.351190 -2.495526
 175.580008 1.131361 -2.119152
 175.780008 1.209060 -2.426942
 175.980008 1.104033 -2.184587
 176.180008 1.140988 -2.396865
 176.380008 1.313993 -2.220432
 176.580008 1.270497 -2.372006
 176.780008 1.222999 -2.366059
 176.980008 1.480913 -2.172357
 177.180008 1.276097 -2.700216
 177.380008 1.296083 -2.155867
 177.580008 1.398300 -2.490290
 177.780008 1.209961 -2.246085
 177.980008 1.116989 -2.350166
 178.180008 1.250027 -2.510143
 178.380008 1.164513 -2.035980
 178.580008 1.227727 -2.604036
 178.780008 1.175148 -2.168944
 178.980009 1.285429 -2.418911
 179.180009 1.121296 -2.378041
 179.380009 1.287593 -2.072373
 179.580009 1.334651 -2.643083
 179.780009 1.162723 -2.019600
 179.980009 1.283449 -2.445314
 180.180009 1.264788 -2.187268
 180.380009 1.088012 -2.328915
 180.580009 1.472507 -2.405904
 180.780009 1.132454 -2.071921
 180.980009 1.381020 -2.574268
 181.180009 1.275790 -2.078911
 181.380009 1.269698 -2.543774
 181.580009 1.024550 -2.190414
 181.780009 1.237445 -2.434162
 181.980009 1.257138 -2.211491
 182.180009 1.319370 -2.410225
 182.380009 1.203711 -2.451677
 182.580009 1.382437 -2.123495
 182.780009 1.252421 -2.457424
 182.980009 1.087678 -2.106140
 183.180009 1.223987 -2.400686
 183.380009 1.138560 -2.129717
 183.580009 1.125941 -2.372417
 183.780009 1.250174 -2.342378
 183.980009 1.271398 -2.286398
 184.180009 1.243080 -2.517160
 184.380009 1.341801 -2.271924
 184.580009 1.314616 -2.279307
 184.780009 1.133299 -2.447728
 184.980009 1.187009 -2.157106
 185.180009 1.124265 -2.403961
 185.380009 1.323524 -2.119677
 185.580009 1.184830 -2.477331
 185.780009 1.369599 -2.166813
 185.980009 1.195164 -2.311418
 186.180009 1.238871 -2.290000
 186.380009 1.171467 -2.261015
 186.580009 1.196476 -2.315022
 186.780009 0.952696 -2.330819
 186.980009 1.239361 -2.151621
 187.180009 1.208217 -2.432320
 187.380009 1.232691 -2.312733
 187.580009 1.247778 -2.299163
 187.780009 1.320995 -2.360681
 187.980009 1.224818 -2.252844
 188.180009 1.297159 -2.426884
 188.380009 1.172109 -2.142164
 188.580009 1.125477 -2.532837
 188.780009 1.354861 -2.138524
 188.980009 1.373990 -2.393890
 189.180009 1.195764 -2.316629
 189.380009 1.377656 -2.190534
 189.580009 1.366185 -2.478650
 189.780009 1.082821 -2.179983
 189.980009 1.420645 -2.514675
 190.180009 1.288200 -2.119259
 190.380009 1.243189 -2.427049
 190.580009 1.318379 -2.408334
 190.780009 1.163916 -2.325449
 190.980009 1.301164 -2.420894
 191.180009 1.211326 -2.235286
 191.380009 1.404185 -2.536607
 191.580009 1.098721 -2.119745
 191.780009 1.279099 -2.389031
 191.980009 1.304474 -2.408170
 192.180009 1.319867 -2.018261
 192.380009 1.193048 -2.653936
 192.580009 1.142605 -2.039070
 192.780009 1.301796 -2.338103
 192.980009 1.325243 -2.435673
 193.180009 1.118467 -2.296352
 193.380009 1.474515 -2.315535
 193.580009 1.157100 -2.198564
 193.780009 1.132885 -2.508188
 193.980009 1.237655 -2.102163
 194.180009 1.301901 -2.424810
 194.380009 1.077936 -2.222192
 194.580009 1.186397 -2.329028
 194.780009 1.291575 -2.240975
 194.980009 1.216777 -2.455612
 195.180009 1.358478 -2.302587
 195.380009 1.345114 -2.327056
 195.580009 1.268583 -2.534377
 195.780009 1.244289 -2.152187
 195.980009 1.355232 -2.443542
 196.180009 1.140693 -2.256275
 196.380009 1.428514 -2.422540
 196.580009 1.239040 -2.227131
 196.780009 1.148946 -2.469780
 196.980009 1.289204 -2.435734
 197.180009 1.321182 -2.121889
 197.380009 1.069384 -2.517847
 197.580009 1.074938 -2.307744
 197.780009 1.415690 -2.166955
 197.980009 1.188513 -2.364718
 198.180009 1.337423 -2.301900
 198.380009 1.397509 -2.239139
 198.580009 1.128786 -2.320208
 198.780009 1.303607 -2.349255
 198.980009 1.330100 -2.123022
 199.180009 1.186260 -2.621291
 199.380009 1.207505 -2.335281
 199.580009 1.274646 -2.247448
 199.780009 1.279746 -2.445618
 199.980009 1.170989 -2.380366
