#! FIELDS time phi psi
#! SET max_psi pi
 0.180000 0.907374 1.563066
 0.380000 0.550542 1.218595
 0.580000 0.623599 0.855236
 0.780000 1.027630 1.031922
 0.980000 0.667418 1.108302
 1.180000 0.715007 1.249432
 1.380000 1.279248 0.922531
 1.580000 0.617113 1.049182
 1.780000 0.848586 1.169283
 1.980000 1.106370 1.418690
 2.180000 0.509125 0.693736
 2.380000 0.784226 1.483960
 2.580000 0.738196 0.843551
 2.780000 0.371319 1.285410
 2.980000 0.876098 0.987052
 3.180000 0.470723 0.988084
 3.380000 0.517134 1.297293
 3.580000 0.698595 1.226658
 3.780000 0.718544 0.854774
 3.980000 1.022058 1.105080
 4.180000 0.701430 1.005676
 4.380000 0.901039 1.167916
 4.580000 0.866328 1.093439
 4.780000 0.765022 0.953801
 4.980000 0.930924 1.130665
 5.180000 0.829679 0.977338
 5.380000 0.645801 1.224856
 5.580000 0.876490 1.199863
 5.780000 0.595843 0.917335
 5.980000 0.714158 1.300809
 6.180000 0.641721 1.291021
 6.380000 0.638170 0.779574
 6.580000 0.887106 1.314696
 6.780000 0.428685 1.173972
 6.980000 0.520157 1.150897
 7.180000 0.900009 1.121000
 7.380000 0.708562 0.897284
 7.580000 0.712435 1.172530
 7.780000 0.896569 1.301709
 7.980000 0.739281 0.862605
 8.180000 0.882384 1.220511
 8.380000 0.819712 1.119134
 8.580000 0.701535 0.989349
 8.780000 0.964093 1.370167
 8.980000 0.786119 0.814965
 9.180000 0.800857 1.406620
 9.380000 0.811893 1.036317
 9.580000 0.632839 1.045869
 9.780000 0.753213 1.129432
 9.980000 0.595054 1.168649
 10.180000 0.742845 0.977603
 10.380000 0.689958 1.148950
 10.580001 0.616160 1.148887
 10.780001 0.832875 1.130897
 10.980001 1.102530 1.185650
 11.180001 0.875291 0.826526
 11.380001 0.773858 1.315815
 11.580001 0.879771 1.152658
 11.780001 0.596144 0.929931
 11.980001 0.793739 1.145875
 12.180001 0.424974 1.139288
 12.380001 0.647550 1.122537
 12.580001 0.689828 1.059139
 12.780001 0.636124 1.140494
 12.980001 0.673633 0.982591
 13.180001 0.787537 1.233021
 13.380001 0.716061 0.953102
 13.580001 0.872840 1.212254
 13.780001 0.999105 0.927440
 13.980001 0.742315 1.125061
 14.180001 0.752516 1.181806
 14.380001 0.893142 0.905196
 14.580001 0.749525 1.215196
 14.780001 0.814619 0.971168
 14.980001 0.765609 1.198441
 15.180001 0.562598 1.045875
 15.380001 0.721383 1.115555
 15.580001 0.764225 0.912309
 15.780001 0.546919 1.223935
 15.980001 0.779529 1.070375
 16.180001 0.826746 1.185532
 16.380001 0.898894 0.919794
 16.580001 1.124082 0.939989
 16.780001 0.800012 1.139256
 16.980001 0.817459 1.133705
 17.180001 0.931678 1.087152
 17.380001 0.627065 1.028806
 17.580001 0.539451 1.264161
 17.780001 0.847312 0.916079
 17.980001 0.651617 0.969383
 18.180001 0.599153 1.129242
 18.380001 0.689405 1.200533
 18.580001 0.717938 0.987951
 18.780001 1.075549 1.159230
 18.980001 0.813379 1.131874
 19.180001 0.751230 1.103426
 19.380001 0.924417 1.027866
 19.580001 0.721941 1.046711
 19.780001 0.674959 1.185802
 19.980001 0.563528 1.022831
 20.180001 0.707920 1.054123
 20.380001 0.642588 1.048964
 20.580001 0.803039 1.163631
 20.780001 0.757048 1.011959
 20.980001 0.815306 1.147980
 21.180001 0.888067 0.934525
 21.380001 0.772639 1.128579
 21.580001 0.807981 1.128727
 21.780001 0.831038 1.015116
 21.980001 0.740506 1.171968
 22.180001 0.686470 1.119219
 22.380001 0.857196 1.040123
 22.580001 0.678873 1.122705
 22.780001 0.805428 1.027643
 22.980001 0.809133 1.044335
 23.180001 0.766435 1.076567
 23.380001 0.836123 1.082157
 23.580001 0.773220 1.150485
 23.780001 0.742559 0.987986
 23.980001 0.848242 1.143657
 24.180001 0.734053 1.184128
 24.380001 0.779028 1.080000
 24.580001 0.811213 0.927892
 24.780001 0.829164 1.215940
 24.980001 0.739058 1.153155
 25.180001 0.710862 0.939839
 25.380001 1.007528 1.043198
 25.580001 0.822571 1.028520
 25.780001 0.598086 1.194642
 25.980001 0.791115 0.892385
 26.180001 0.685630 1.304357
 26.380001 0.623708 0.923171
 26.580001 0.948073 1.227496
 26.780001 0.754682 1.137989
 26.980001 0.702484 1.167763
 27.180001 0.673412 1.066377
 27.380001 1.089861 0.995808
 27.580001 0.542337 1.161431
 27.780001 0.890199 1.008336
 27.980001 0.760355 1.199208
 28.180001 0.687300 0.944310
 28.380001 0.959321 1.368941
 28.580001 0.630079 0.844584
 28.780001 0.648608 1.301704
 28.980001 0.783165 1.076748
 29.180001 0.497255 1.018037
 29.380001 0.853520 1.060176
 29.580001 0.759038 1.084485
 29.780001 0.445026 1.291631
 29.980001 1.071152 0.941908
 30.180001 0.839781 1.006188
 30.380001 0.757399 1.258275
 30.580001 0.862020 1.182062
 30.780001 0.718895 0.858096
 30.980001 0.948963 1.141027
 31.180001 0.593230 1.122189
 31.380001 0.638650 1.038239
 31.580001 1.105413 1.111494
 31.780002 0.467443 1.108753
 31.980002 0.743985 1.111711
 32.180002 0.860472 1.131396
 32.380002 0.538712 1.012635
 32.580002 1.013454 1.224065
 32.780002 0.796806 1.034772
 32.980002 0.436190 1.119409
 33.180002 1.044607 1.207639
 33.380002 0.637988 0.956228
 33.580002 0.621592 1.211482
 33.780002 0.985154 1.134120
 33.980002 0.467130 1.051465
 34.180002 0.771764 1.056058
 34.380002 0.974447 1.080233
 34.580002 0.537072 1.193339
 34.780002 0.916367 0.833184
 34.980002 0.957959 1.220754
 35.180002 0.346888 1.062160
 35.380002 0.846403 1.192701
 35.580002 1.072994 1.044782
 35.780002 0.429501 1.074179
 35.980002 0.908686 1.161230
 36.180002 0.685114 1.169690
 36.380002 0.506556 1.145465
 36.580002 1.050237 1.140323
 36.780002 0.735174 0.985581
 36.980002 0.658344 1.027311
 37.180002 0.864354 1.288113
 37.380002 0.628624 0.930369
 37.580002 1.019539 1.198654
 37.780002 0.899282 1.049819
 37.980002 0.555172 1.182808
 38.180002 1.060911 1.071672
 38.380002 0.853360 0.899018
 38.580002 0.737078 1.171598
 38.780002 0.843823 1.095336
 38.980002 0.695404 1.044627
 39.180002 0.814461 1.006787
 39.380002 0.880528 1.129064
 39.580002 0.454135 1.207611
 39.780002 0.815475 0.973025
 39.980002 1.079436 1.167579
 40.180002 0.504217 0.924940
 40.380002 0.582924 1.379290
 40.580002 0.785549 1.048765
 40.780002 0.527401 1.053281
 40.980002 1.005975 1.005930
 41.180002 0.541504 1.212390
 41.380002 0.571952 1.094619
 41.580002 1.000823 1.073998
 41.780002 0.699438 0.958489
 41.980002 0.935232 1.083008
 42.180002 0.901601 1.311744
 42.380002 0.696232 0.822148
 42.580002 1.043799 1.278790
 42.780002 0.693486 1.034379
 42.980002 0.575849 1.133264
 43.180002 1.049660 1.181805
 43.380002 0.727620 0.875573
 43.580002 0.687297 1.188168
 43.780002 0.747636 1.171716
 43.980002 0.526086 0.987831
 44.180002 0.817681 1.100829
 44.380002 0.868921 1.103121
 44.580002 0.613081 1.104179
 44.780002 0.921383 0.999752
 44.980002 0.819100 0.997373
 45.180002 0.819925 1.025158
 45.380002 0.665028 1.193166
 45.580002 0.796295 1.049218
 45.780002 0.710384 1.018824
 45.980002 0.694048 1.192488
 46.180002 0.746791 1.015537
 46.380002 0.827210 0.918732
 46.580002 0.867779 1.110585
 46.780002 0.611354 1.101763
 46.980002 0.935822 1.061701
 47.180002 1.020617 0.987439
 47.380002 0.503152 1.197757
 47.580002 0.907377 1.003700
 47.780002 0.867645 1.036931
 47.980002 0.413503 1.096579
 48.180002 0.846018 1.227550
 48.380002 0.771866 1.151316
 48.580002 0.563151 0.981867
 48.780002 1.022491 1.263187
 48.980002 0.765047 1.173858
 49.180002 0.590109 1.031877
 49.380002 1.098068 1.205117
 49.580002 0.734856 0.959552
 49.780002 0.645571 1.147435
 49.980002 0.947157 1.215232
 50.180002 0.832454 0.827800
 50.380002 0.665439 1.145729
 50.580002 0.828907 1.239256
 50.780002 0.757976 0.993271
 50.980002 0.553527 1.107193
 51.180002 1.034039 1.023290
 51.380002 0.656857 0.963327
 51.580002 0.703648 1.290093
 51.780002 1.007830 0.857588
 51.980002 0.442716 1.239361
 52.180002 0.809030 1.200790
 52.380002 0.934512 1.049069
 52.580002 0.676872 0.967884
 52.780003 0.820488 1.204799
 52.980003 0.753797 1.205825
 53.180003 0.612635 0.888972
 53.380003 0.983784 1.354150
 53.580003 0.511021 0.966730
 53.780003 0.701948 1.156310
 53.980003 0.956523 1.103378
 54.180003 0.503510 0.946141
 54.380003 0.746968 1.131410
 54.580003 0.734514 1.148091
 54.780003 0.589839 1.066143
 54.980003 1.043953 0.969460
 55.180003 0.710561 1.196795
 55.380003 0.819184 1.055684
 55.580003 0.816790 1.313959
 55.780003 0.767646 0.847415
 55.980003 0.998234 1.107178
 56.180003 0.825880 1.104057
 56.380003 0.672216 0.974569
 56.580003 0.741874 1.150809
 56.780003 0.627257 1.039144
 56.980003 0.552036 1.264056
 57.180003 0.738767 1.018877
 57.380003 0.851266 1.036597
 57.580003 0.661622 1.016887
 57.780003 0.699854 1.292824
 57.980003 0.853371 0.876846
 58.180003 0.889187 1.132958
 58.380003 0.851526 0.972832
 58.580003 0.646101 1.353816
 58.780003 0.964022 0.878085
 58.980003 0.965889 1.095029
 59.180003 0.811485 1.208682
 59.380003 0.698284 1.050327
 59.580003 0.654300 1.093089
 59.780003 0.787504 1.024659
 59.980003 0.658508 1.238577
 60.180003 0.623759 0.966716
 60.380003 0.837227 1.113994
 60.580003 0.763235 1.014229
 60.780003 0.965578 1.241097
 60.980003 0.895261 1.109772
 61.180003 0.821099 1.055401
 61.380003 0.661872 0.956911
 61.580003 0.501332 1.152169
 61.780003 0.767626 1.129579
 61.980003 0.634738 0.995877
 62.180003 0.942470 1.194819
 62.380003 0.704958 1.014165
 62.580003 0.819347 1.168994
 62.780003 0.906641 0.930589
 62.980003 0.681238 1.408321
 63.180003 1.024780 1.069425
 63.380003 0.630463 0.997924
 63.580003 0.781129 1.086354
 63.780003 0.623368 1.053168
 63.980003 0.516848 1.383020
 64.180003 0.789203 0.641126
 64.380003 0.836950 1.341919
 64.580003 0.772542 0.939448
 64.780003 0.698673 1.413966
 64.980003 0.803400 0.897900
 65.180003 0.838056 1.191550
 65.380003 0.612459 1.191208
 65.580003 0.895056 0.994636
 65.780003 0.920027 1.069558
 65.980003 0.805229 1.038889
 66.180003 0.873413 1.212964
 66.380003 0.700029 0.767769
 66.580003 0.805547 1.425257
 66.780003 0.650546 1.039883
 66.980003 0.676873 1.115937
 67.180003 0.839132 0.772198
 67.380003 0.526937 1.157202
 67.580003 0.625788 1.313314
 67.780003 0.654689 0.833977
 67.980003 0.743951 1.252075
 68.180003 0.730315 1.084267
 68.380003 0.754339 1.125220
 68.580003 0.916590 0.954389
 68.780003 0.956771 1.065884
 68.980003 0.585717 1.197293
 69.180003 0.948184 0.982311
 69.380003 1.029003 1.235000
 69.580003 0.437737 1.048909
 69.780003 1.006694 1.205288
 69.980003 0.807146 0.854004
 70.180003 0.257114 1.347048
 70.380003 0.777452 1.038387
 70.580003 0.900490 1.100733
 70.780003 0.548337 0.902157
 70.980003 0.717871 1.346120
 71.180003 0.827962 1.042004
 71.380003 0.618298 0.990601
 71.580003 0.947376 1.272331
 71.780003 0.576239 0.991265
 71.980003 0.888085 1.183229
 72.180003 0.906697 1.106103
 72.380003 0.487097 1.032260
 72.580003 0.986753 1.031844
 72.780003 0.692546 1.279619
 72.980003 0.649048 1.058189
 73.180003 1.342431 0.943025
 73.380003 0.753739 0.853383
 73.580003 0.641045 1.245165
 73.780004 0.790305 1.245589
 73.980004 0.603003 0.806738
 74.180004 0.690576 1.232002
 74.380004 0.661122 1.011471
 74.580004 0.590745 1.072318
 74.780004 0.850639 1.118658
 74.980004 0.712659 1.080680
 75.180004 0.900303 0.995567
 75.380004 0.833082 1.227924
 75.580004 0.866660 0.978106
 75.780004 0.960056 1.113888
 75.980004 0.692912 1.035913
 76.180004 0.923896 0.998165
 76.380004 0.764956 1.229188
 76.580004 0.575804 1.134295
 76.780004 0.948653 0.971053
 76.980004 0.619457 1.148847
 77.180004 0.388698 1.208170
 77.380004 0.691193 1.072396
 77.580004 0.604425 0.996917
 77.780004 0.849083 1.029966
 77.980004 0.801435 1.210769
 78.180004 0.732124 1.152111
 78.380004 0.921438 0.885922
 78.580004 0.894859 1.278375
 78.780004 0.805283 1.032550
 78.980004 0.964386 1.026806
 79.180004 0.810212 1.026886
 79.380004 0.402872 1.226923
 79.580004 0.832436 1.096397
 79.780004 0.655770 1.034484
 79.980004 0.621511 1.161985
 80.180004 0.940679 1.029731
 80.380004 0.790231 1.344122
 80.580004 0.653688 0.903045
 80.780004 0.901659 1.249778
 80.980004 0.925228 0.981482
 81.180004 0.778780 1.000256
 81.380004 0.839645 1.216746
 81.580004 0.683364 1.060968
 81.780004 0.499784 1.219460
 81.980004 0.793999 0.941532
 82.180004 0.485834 1.194963
 82.380004 0.658332 0.868389
 82.580004 0.609849 1.351872
 82.780004 0.603686 0.920855
 82.980004 0.910354 1.182011
 83.180004 0.928268 0.973736
 83.380004 0.747350 1.165282
 83.580004 1.008186 1.201778
 83.780004 0.866168 1.038385
 83.980004 0.715148 0.989720
 84.180004 0.787138 0.995391
 84.380004 0.541037 1.415700
 84.580004 0.532573 0.975739
 84.780004 0.913858 1.178431
 84.980004 0.515394 0.958669
 85.180004 0.999775 1.114648
 85.380004 0.980823 1.212385
 85.580004 0.648752 0.943122
 85.780004 0.926228 1.161381
 85.980004 0.709868 1.113759
 86.180004 0.694662 1.076575
 86.380004 0.818889 1.081807
 86.580004 0.633201 1.082506
 86.780004 0.604261 0.980718
 86.980004 0.590258 1.298311
 87.180004 0.641331 1.030995
 87.380004 0.940022 1.113270
 87.580004 0.782557 1.002935
 87.780004 0.643113 1.300586
 87.980004 1.035882 1.038761
 88.180004 0.669533 0.860754
 88.380004 0.845229 1.236515
 88.580004 0.821882 1.205964
 88.780004 0.606306 0.945874
 88.980004 0.701371 1.209207
 89.180004 0.881369 1.042288
 89.380004 0.527037 1.104086
 89.580004 0.939520 1.225593
 89.780004 0.644006 0.854186
 89.980004 0.691558 1.355927
 90.180004 0.924822 1.009160
 90.380004 0.868606 1.056399
 90.580004 0.962614 0.899989
 90.780004 0.618084 1.325319
 90.980004 0.728476 1.055289
 91.180004 1.016035 0.951134
 91.380004 0.824471 1.077004
 91.580004 0.617801 1.210168
 91.780004 0.901626 1.271031
 91.980004 0.660060 0.817859
 92.180004 0.499155 1.332365
 92.380004 0.823884 0.913847
 92.580004 0.788488 1.215603
 92.780004 0.814945 0.854396
 92.980004 0.781463 1.274294
 93.180004 0.824985 0.982003
 93.380004 1.020002 0.973737
 93.580004 0.655959 1.387478
 93.780004 0.780123 0.801210
 93.980004 0.893709 1.200294
 94.180004 0.733875 0.841925
 94.380004 0.496080 1.372539
 94.580004 0.861744 0.965788
 94.780005 0.811957 1.054100
 94.980005 0.689487 1.091382
 95.180005 0.866052 1.114242
 95.380005 0.813517 1.109361
 95.580005 0.908294 0.994364
 95.780005 0.849458 1.219048
 95.980005 0.653632 0.957177
 96.180005 0.772790 1.193084
 96.380005 0.660153 1.018701
 96.580005 0.703450 1.201988
 96.780005 0.817652 0.960256
 96.980005 0.783788 1.204709
 97.180005 0.728369 1.113542
 97.380005 0.944288 0.961312
 97.580005 0.755030 1.232921
 97.780005 0.910769 0.975995
 97.980005 0.884451 1.230102
 98.180005 0.905990 0.925307
 98.380005 0.738003 1.174418
 98.580005 0.654240 0.965537
 98.780005 0.554747 1.160590
 98.980005 0.457290 1.200676
 99.180005 0.732094 0.965700
 99.380005 0.875403 1.032212
 99.580005 0.795786 1.062748
 99.780005 0.871102 1.265987
 99.980005 0.865289 0.936161
 100.180005 0.849405 1.178743
 100.380005 0.863825 1.005736
 100.580005 0.570018 1.180198
 100.780005 0.633113 1.133091
 100.980005 0.853881 0.855884
 101.180005 0.477975 1.228906
 101.380005 0.643026 0.966672
 101.580005 0.768280 1.197891
 101.780005 0.606161 0.929104
 101.980005 1.008806 1.291617
 102.180005 0.875281 0.975723
 102.380005 0.789700 1.156482
 102.580005 1.006155 1.042242
 102.780005 0.625942 1.121155
 102.980005 0.579164 1.154325
 103.180005 0.956305 1.051225
 103.380005 0.214930 1.311200
 103.580005 0.913970 0.913010
 103.780005 0.834455 1.142976
 103.980005 0.452932 1.148806
 104.180005 1.048817 1.079372
 104.380005 0.674342 1.113471
 104.580005 0.905623 1.086631
 104.780005 1.010165 1.079518
 104.980005 0.673041 1.109788
 105.180005 0.791898 1.025653
 105.380005 0.692521 1.151248
 105.580005 0.626022 1.057527
 105.780005 0.656270 1.082836
 105.980005 0.778185 1.133315
 106.180005 0.656146 0.968135
 106.380005 0.939196 1.264789
 106.580005 0.850067 0.932316
 106.780005 0.790180 1.118135
 106.980005 0.973335 1.245043
 107.180005 0.715269 0.955417
 107.380005 0.749535 1.211379
 107.580005 0.794246 1.001897
 107.780005 0.585409 1.213880
 107.980005 0.848672 0.769623
 108.180005 0.828994 1.278437
 108.380005 0.632131 0.933508
 108.580005 0.747260 1.274565
 108.780005 0.864639 0.843475
 108.980005 0.701957 1.239929
 109.180005 0.827399 1.160321
 109.380005 1.072356 0.856184
 109.580005 0.838356 1.145495
 109.780005 0.772055 0.959961
 109.980005 0.672402 1.395324
 110.180005 0.722801 0.858207
 110.380005 0.782674 1.191522
 110.580005 0.607629 1.024856
 110.780005 0.662535 1.127232
 110.980005 0.686651 1.057217
 111.180005 0.758562 1.160369
 111.380005 0.753168 1.180984
 111.580005 0.895238 1.014885
 111.780005 1.043361 1.220685
 111.980005 0.715991 0.853934
 112.180005 0.864620 1.332268
 112.380005 0.990685 0.870131
 112.580005 0.573672 1.163490
 112.780005 0.791053 1.001653
 112.980005 0.659190 1.206409
 113.180005 0.489559 0.992754
 113.380005 0.912620 1.296411
 113.580005 0.608201 0.888163
 113.780005 0.768489 1.169766
 113.980005 0.757167 1.124882
 114.180005 0.745394 0.921655
 114.380005 1.071160 1.028304
 114.580005 0.902019 1.152307
 114.780005 0.591935 1.184659
 114.980005 0.898972 1.000481
 115.180005 0.860065 1.079801
 115.380005 0.624580 1.128899
 115.580005 0.670199 1.255096
 115.780005 0.665412 0.898574
 115.980006 0.707208 1.120966
 116.180006 0.622531 1.148204
 116.380006 0.540044 1.169746
 116.580006 0.953201 0.960620
 116.780006 0.822271 0.967661
 116.980006 0.626537 1.191791
 117.180006 1.028958 1.005212
 117.380006 0.869144 1.022191
 117.580006 0.674470 1.060439
 117.780006 0.685504 1.277166
 117.980006 0.751507 0.920795
 118.180006 0.809948 1.181316
 118.380006 0.703142 1.097143
 118.580006 0.702599 1.061209
 118.780006 0.712116 1.118800
 118.980006 0.924029 1.048986
 119.180006 0.727822 1.284622
 119.380006 0.840196 0.923831
 119.580006 1.064216 1.091978
 119.780006 0.635478 1.081867
 119.980006 0.819658 1.053818
 120.180006 0.850095 1.170359
 120.380006 0.670980 0.801986
 120.580006 0.695089 1.307351
 120.780006 0.672811 1.020101
 120.980006 0.577007 1.094816
 121.180006 0.847274 1.041331
 121.380006 0.733797 1.100800
 121.580006 0.728753 1.022228
 121.780006 0.861082 1.188378
 121.980006 0.701227 0.976714
 122.180006 0.802457 1.066272
 122.380006 0.837159 1.231318
 122.580006 0.827067 0.877436
 122.780006 0.794883 1.223683
 122.980006 0.760596 0.983803
 123.180006 0.635314 1.201111
 123.380006 0.923534 0.941951
 123.580006 0.641442 1.139805
 123.780006 0.787576 1.075979
 123.980006 0.666631 1.141742
 124.180006 0.832449 1.154321
 124.380006 0.776942 0.863542
 124.580006 0.978258 1.224759
 124.780006 0.815150 0.945543
 124.980006 0.715903 1.318427
 125.180006 0.887995 1.066195
 125.380006 0.760164 1.003814
 125.580006 0.791869 0.972472
 125.780006 0.621826 1.269694
 125.980006 0.554004 1.095467
 126.180006 0.820480 1.145514
 126.380006 0.841360 0.909847
 126.580006 0.796377 1.083402
 126.780006 0.721988 1.466612
 126.980006 0.738729 0.724978
 127.180006 0.798590 1.285093
 127.380006 0.814503 1.118889
 127.580006 0.799848 1.066116
 127.780006 0.676103 1.000675
 127.980006 0.731352 1.142083
 128.180006 0.530090 1.191698
 128.380006 0.659466 0.992380
 128.580006 1.072921 1.051882
 128.780006 0.480639 1.114106
 128.980006 0.940208 1.283877
 129.180006 1.083499 0.915444
 129.380006 0.611720 1.146961
 129.580006 0.934976 1.093150
 129.780006 0.607566 1.240398
 129.980006 0.488050 1.029671
 130.180006 0.879510 1.207843
 130.380006 0.590839 1.013736
 130.580006 0.743278 1.039305
 130.780006 0.664975 1.313944
 130.980006 0.511275 0.840556
 131.180006 1.058580 1.268442
 131.380006 0.854970 1.025438
 131.580006 0.561389 1.185102
 131.780006 1.030723 1.029382
 131.980006 0.802846 1.042559
 132.180006 0.624355 1.185922
 132.380006 0.826464 0.967755
 132.580006 0.808967 1.139606
 132.780006 0.704009 0.852528
 132.980006 0.751807 1.354078
 133.180006 0.639648 0.947869
 133.380006 0.785484 1.145565
 133.580006 0.830164 1.026081
 133.780006 0.657672 1.257171
 133.980006 0.867824 1.001220
 134.180006 0.980540 1.028072
 134.380006 0.692344 1.264285
 134.580006 0.759048 0.877733
 134.780006 0.890168 1.388712
 134.980006 0.569386 0.883466
 135.180006 0.749368 1.288920
 135.380006 0.869468 0.952487
 135.580006 0.492403 1.128310
 135.780006 0.781819 1.087617
 135.980006 0.831308 1.220450
 136.180006 0.705151 1.016170
 136.380006 0.839183 1.173205
 136.580006 0.895577 0.938130
 136.780006 0.622577 1.127220
 136.980007 0.835060 1.250132
 137.180007 0.847188 0.914560
 137.380007 0.711643 1.273562
 137.580007 0.780365 1.083958
 137.780007 0.724228 1.094371
 137.980007 1.080636 1.043693
 138.180007 0.705716 1.109745
 138.380007 0.668833 1.108115
 138.580007 0.903611 0.896845
 138.780007 0.702369 1.240448
 138.980007 0.727676 0.969318
 139.180007 0.833729 1.296039
 139.380007 0.760282 0.909276
 139.580007 0.607893 1.167247
 139.780007 0.944078 1.120106
 139.980007 0.644894 1.101471
 140.180007 0.781955 1.035600
 140.380007 0.917391 1.008060
 140.580007 0.613148 1.346624
 140.780007 0.972535 0.823753
 140.980007 0.703515 1.301641
 141.180007 0.610557 1.011872
 141.380007 0.912048 1.048857
 141.580007 0.708279 1.152309
 141.780007 0.729951 0.977621
 141.980007 0.790390 1.218812
 142.180007 0.784736 0.986173
 142.380007 0.565752 1.151114
 142.580007 0.910519 1.047639
 142.780007 1.045474 0.972279
 142.980007 0.652512 1.064235
 143.180007 0.847229 1.162783
 143.380007 0.624666 0.962984
 143.580007 0.734869 1.258003
 143.780007 0.825908 1.105918
 143.980007 0.682718 1.037077
 144.180007 0.994954 1.204304
 144.380007 0.769982 0.956804
 144.580007 0.583453 1.302285
 144.780007 1.000403 0.781190
 144.980007 0.583186 1.305203
 145.180007 0.734475 1.055624
 145.380007 0.986804 1.048062
 145.580007 0.596617 1.112540
 145.780007 0.906637 1.217607
 145.980007 0.919470 1.235508
 146.180007 0.546858 0.922761
 146.380007 1.082202 1.299129
 146.580007 0.541547 1.048623
 146.780007 0.468609 1.177857
 146.980007 0.933275 0.914960
 147.180007 0.511467 1.072488
 147.380007 0.683699 1.097713
 147.580007 0.859389 1.132119
 147.780007 0.622411 0.948778
 147.980007 1.085682 1.254745
 148.180007 0.751083 1.081874
 148.380007 0.651744 1.029813
 148.580007 0.968497 1.288241
 148.780007 0.486976 0.991778
 148.980007 0.687785 1.286073
 149.180007 0.928397 0.929679
 149.380007 0.492283 1.220555
 149.580007 0.978120 0.929244
 149.780007 0.708489 1.315723
 149.980007 0.737425 1.073823
 150.180007 1.070471 0.935020
 150.380007 0.581400 1.013541
 150.580007 0.822140 0.916415
 150.780007 0.957405 1.364479
 150.980007 0.836941 0.712411
 151.180007 0.755074 1.405136
 151.380007 0.563930 1.004656
 151.580007 0.846520 0.972375
 151.780007 0.757532 0.988452
 151.980007 0.418429 1.344363
 152.180007 0.767856 1.107481
 152.380007 0.908285 0.977247
 152.580007 0.512312 1.223270
 152.780007 0.982359 0.942502
 152.980007 0.955550 1.271334
 153.180007 0.603187 0.777985
 153.380007 1.014729 1.409015
 153.580007 0.729139 1.032345
 153.780007 0.646306 1.010177
 153.980007 0.879536 1.131541
 154.180007 0.446998 1.159261
 154.380007 0.513782 1.086195
 154.580007 1.029876 1.180751
 154.780007 0.684816 0.957753
 154.980007 0.644574 1.277108
 155.180007 1.111608 1.273799
 155.380007 0.691693 0.700225
 155.580007 0.828283 1.258026
 155.780007 0.780350 1.144427
 155.980007 0.611501 1.022289
 156.180007 0.882941 1.096454
 156.380007 0.903409 0.927414
 156.580007 0.401391 1.393530
 156.780007 0.988857 0.925743
 156.980007 0.843076 1.034058
 157.180007 0.542913 1.147109
 157.380007 0.913873 1.147105
 157.580007 0.955393 0.955787
 157.780007 0.613379 0.945728
 157.980008 0.777091 1.299558
 158.180008 0.684032 1.100091
 158.380008 0.587897 1.009624
 158.580008 1.053143 1.130449
 158.780008 0.527345 1.128434
 158.980008 0.794926 1.139827
 159.180008 1.114846 0.971801
 159.380008 0.496036 1.082705
 159.580008 1.057776 0.971848
 159.780008 0.864078 1.155560
 159.980008 0.524961 1.109939
 160.180008 0.948527 1.086163
 160.380008 0.904466 0.977096
 160.580008 0.528669 1.178782
 160.780008 0.918762 1.079014
 160.980008 0.634291 1.138877
 161.180008 0.714699 1.081565
 161.380008 0.997269 1.222259
 161.580008 0.629061 1.090687
 161.780008 0.852321 0.938209
 161.980008 0.844866 1.223747
 162.180008 0.662955 1.042344
 162.380008 0.881377 0.958684
 162.580008 0.707279 1.162120
 162.780008 0.658664 1.169592
 162.980008 0.825744 1.019085
 163.180008 0.739059 1.026156
 163.380008 0.629464 1.142468
 163.580008 0.755562 1.130123
 163.780008 0.855108 1.072617
 163.980008 0.667130 0.996790
 164.180008 1.022016 1.127147
 164.380008 0.779937 1.106454
 164.580008 0.755952 1.062232
 164.780008 1.097487 0.988061
 164.980008 0.490261 1.294977
 165.180008 0.755872 0.903827
 165.380008 0.728945 1.207815
 165.580008 0.603127 1.138620
 165.780008 0.847648 0.915114
 165.980008 0.749498 1.258299
 166.180008 0.623611 1.099783
 166.380008 0.824300 1.112903
 166.580008 0.942007 0.999291
 166.780008 0.686245 1.164427
 166.980008 0.806513 1.025566
 167.180008 0.842491 1.148627
 167.380008 0.708502 0.925041
 167.580008 0.717451 1.234671
 167.780008 0.808365 1.304045
 167.980008 0.662228 0.722350
 168.180008 0.917083 1.360770
 168.380008 0.536151 1.007654
 168.580008 0.563826 1.465570
 168.780008 0.964951 0.905949
 168.980008 0.568391 1.071708
 169.180008 0.939765 1.158616
 169.380008 0.807601 1.091731
 169.580008 0.621596 1.198133
 169.780008 1.099331 0.894375
 169.980008 0.645720 1.215375
 170.180008 0.767906 0.913963
 170.380008 0.840587 1.485002
 170.580008 0.555562 0.764620
 170.780008 0.917639 1.367172
 170.980008 0.675435 0.983651
 171.180008 0.801409 1.103875
 171.380008 1.093615 1.347093
 171.580008 0.592476 0.661542
 171.780008 0.718054 1.453365
 171.980008 0.844891 0.837811
 172.180008 0.372508 1.422709
 172.380008 0.955566 0.737686
 172.580008 0.448468 1.418994
 172.780008 0.619932 1.062687
 172.980008 1.062598 1.108299
 173.180008 0.688097 1.041309
 173.380008 0.825290 1.005270
 173.580008 0.828031 1.413772
 173.780008 0.594129 0.890895
 173.980008 0.847044 1.242058
 174.180008 0.728571 1.060122
 174.380008 0.678505 1.089952
 174.580008 1.072309 0.965594
 174.780008 0.703714 1.116304
 174.980008 0.725700 1.215731
 175.180008 0.759891 1.027012
 175.380008 0.719942 1.028645
 175.580008 0.939344 0.972712
 175.780008 0.589977 1.235264
 175.980008 0.683425 1.052628
 176.180008 0.930812 1.081259
 176.380008 0.624436 1.018405
 176.580008 0.798466 1.203754
 176.780008 0.993448 1.165220
 176.980008 0.629515 0.840829
 177.180008 0.969693 1.346341
 177.380008 0.767917 1.085355
 177.580008 0.533808 1.198950
 177.780008 1.008966 0.994006
 177.980008 0.524191 1.001543
 178.180008 0.798943 1.200253
 178.380008 0.840435 1.080491
 178.580008 0.605838 1.025076
 178.780008 0.938627 1.015145
 178.980009 0.804059 1.185826
 179.180009 0.546924 1.033467
 179.380009 0.986197 1.217369
 179.580009 0.785208 1.016613
 179.780009 0.419654 1.241676
 179.980009 0.955580 1.013240
 180.180009 0.677526 1.032074
 180.380009 0.754906 1.219022
 180.580009 1.010620 0.907305
 180.780009 0.848259 1.239431
 180.980009 0.757486 0.850327
 181.180009 0.678507 1.348921
 181.380009 0.535102 0.961143
 181.580009 0.738804 1.189472
 181.780009 0.654223 0.954704
 181.980009 0.642017 1.130929
 182.180009 0.738732 1.177301
 182.380009 0.764488 0.757294
 182.580009 0.446418 1.311462
 182.780009 0.830867 0.960966
 182.980009 0.976467 1.340889
 183.180009 0.732384 0.823273
 183.380009 0.947702 1.295278
 183.580009 0.812208 1.189088
 183.780009 0.556270 0.839770
 183.980009 1.089176 1.351866
 184.180009 0.856655 0.822407
 184.380009 0.518051 1.482241
 184.580009 0.809901 0.765159
 184.780009 0.570969 1.286847
 184.980009 0.898456 0.888892
 185.180009 0.660360 1.443946
 185.380009 0.588533 0.937727
 185.580009 0.933832 1.122880
 185.780009 0.593230 1.103273
 185.980009 0.881373 0.987782
 186.180009 0.881891 1.421081
 186.380009 0.599402 0.831780
 186.580009 0.892991 1.181175
 186.780009 0.944858 1.069799
 186.980009 0.562683 1.111529
 187.180009 0.771989 1.043961
 187.380009 0.629456 1.239596
 187.580009 0.610347 1.099233
 187.780009 0.858759 0.965581
 187.980009 0.928807 1.109619
 188.180009 0.618797 1.031003
 188.380009 0.770616 1.209949
 188.580009 0.838760 0.959421
 188.780009 0.687024 1.147104
 188.980009 0.790474 1.127158
 189.180009 0.699815 1.111520
 189.380009 0.744448 0.889967
 189.580009 1.036886 1.010222
 189.780009 0.627562 1.351081
 189.980009 0.644614 0.931221
 190.180009 0.992579 1.237142
 190.380009 0.593143 0.956039
 190.580009 0.927620 1.165794
 190.780009 0.522800 1.193648
 190.980009 0.628716 0.997055
 191.180009 1.005559 1.066218
 191.380009 0.623146 1.130700
 191.580009 0.691054 1.251529
 191.780009 1.009809 0.921387
 191.980009 0.423485 1.213998
 192.180009 1.006821 0.858015
 192.380009 0.812963 1.358689
 192.580009 0.676435 0.902631
 192.780009 0.826747 1.287727
 192.980009 0.808610 1.023276
 193.180009 0.553537 1.076882
 193.380009 0.835894 1.225095
 193.580009 0.598535 0.966727
 193.780009 0.614187 1.322169
 193.980009 0.889062 1.034348
 194.180009 0.648003 1.136287
 194.380009 0.884762 0.860074
 194.580009 0.837699 1.223999
 194.780009 0.638639 1.105678
 194.980009 1.012891 1.034871
 195.180009 0.786651 1.061174
 195.380009 0.819525 1.207614
 195.580009 0.817779 1.105021
 195.780009 0.932557 0.941621
 195.980009 0.705164 1.063970
 196.180009 0.612950 1.216646
 196.380009 0.798971 1.061411
 196.580009 0.822714 1.092642
 196.780009 0.902938 1.051324
 196.980009 0.671565 1.068382
 197.180009 0.658468 1.253987
 197.380009 0.891637 0.939493
 197.580009 0.906627 0.990943
 197.780009 0.716436 1.068050
 197.980009 0.669459 1.148562
 198.180009 0.879658 1.144994
 198.380009 0.773153 1.039610
 198.580009 0.756152 0.977096
 198.780009 0.806857 1.100634
 198.980009 0.663600 1.297275
 199.180009 0.887982 0.781226
 199.380009 0.949442 1.174472
 199.580009 0.648415 1.079635
 199.780009 0.661684 1.157270
 199.980009 0.920782 1.087194
