#! FIELDS time phi psi
#! SET max_psi pi
 0.180000 -2.284087 1.997445
 0.380000 -1.317313 2.157696
 0.580000 -1.973575 2.381213
 0.780000 -1.651097 1.856794
 0.980000 -1.459124 2.641993
 1.180000 -2.136750 1.843167
 1.380000 -1.423079 2.382822
 1.580000 -1.894412 2.267050
 1.780000 -1.796745 2.082696
 1.980000 -1.346817 2.349899
 2.180000 -2.215894 2.129622
 2.380000 -1.497497 2.510591
 2.580000 -2.039593 2.234434
 2.780000 -1.850650 2.298381
 2.980000 -1.753647 2.320174
 3.180000 -1.711587 2.366498
 3.380000 -1.812327 2.137485
 3.580000 -1.820512 2.166937
 3.780000 -1.822496 2.167916
 3.980000 -1.782743 2.368214
 4.180000 -1.797923 2.368336
 4.380000 -1.885704 2.062474
 4.580000 -1.684938 2.492078
 4.780000 -1.925136 1.953273
 4.980000 -1.640366 2.410449
 5.180000 -1.882264 2.062803
 5.380000 -1.895055 2.393341
 5.580000 -1.604058 2.364905
 5.780000 -2.046096 2.008537
 5.980000 -1.455629 2.399385
 6.180000 -1.764539 2.253111
 6.380000 -1.791073 2.131336
 6.580000 -1.350070 2.225585
 6.780000 -1.638137 2.312934
 6.980000 -1.565921 2.172870
 7.180000 -1.427578 2.345188
 7.380000 -1.853456 1.972654
 7.580000 -1.536348 2.330033
 7.780000 -1.587542 2.341060
 7.980000 -1.819174 1.938410
 8.180000 -1.448384 2.642278
 8.380000 -1.955688 2.044268
 8.580000 -1.646342 2.091236
 8.780000 -1.917597 2.426726
 8.980000 -1.818286 2.097707
 9.180000 -1.915995 2.520197
 9.380000 -1.974323 2.430891
 9.580000 -1.948680 2.006853
 9.780000 -1.932718 2.406267
 9.980000 -1.907730 2.313420
 10.180000 -1.743474 2.092262
 10.380000 -2.037259 2.435499
 10.580001 -1.850859 2.083693
 10.780001 -1.855901 2.359353
 10.980001 -2.055432 2.063127
 11.180001 -1.781802 2.239214
 11.380001 -1.895695 2.295247
 11.580001 -1.785973 2.262933
 11.780001 -1.649874 2.136074
 11.980001 -1.922669 2.338510
 12.180001 -1.646585 2.344996
 12.380001 -1.743483 2.290773
 12.580001 -1.826234 2.031437
 12.780001 -1.508336 2.354550
 12.980001 -2.054744 2.231199
 13.180001 -1.724904 2.294185
 13.380001 -1.512398 2.289837
 13.580001 -2.203815 2.182973
 13.780001 -1.348519 2.437657
 13.980001 -1.863934 2.087108
 14.180001 -1.857984 2.248382
 14.380001 -1.426038 2.360013
 14.580001 -2.154483 2.207400
 14.780001 -1.615309 2.315656
 14.980001 -1.666898 2.145060
 15.180001 -1.994661 2.151707
 15.380001 -1.412077 2.325873
 15.580001 -1.983437 2.302469
 15.780001 -1.784411 2.246853
 15.980001 -1.717967 2.436370
 16.180001 -1.929682 2.225475
 16.380001 -1.820521 2.305234
 16.580001 -1.522742 2.251377
 16.780001 -2.132820 2.086365
 16.980001 -1.569446 2.479016
 17.180001 -2.022261 2.188304
 17.380001 -1.827387 2.420257
 17.580001 -1.686221 2.302481
 17.780001 -2.100212 2.068548
 17.980001 -1.485049 2.391244
 18.180001 -1.873443 2.007473
 18.380001 -1.691692 2.481752
 18.580001 -1.867088 2.127447
 18.780001 -1.867589 2.438376
 18.980001 -1.762428 2.155116
 19.180001 -1.853728 2.313496
 19.380001 -1.831590 2.212847
 19.580001 -1.834773 2.341318
 19.780001 -1.695246 2.264440
 19.980001 -1.699483 2.279680
 20.180001 -1.687147 2.114894
 20.380001 -1.556874 2.406948
 20.580001 -1.812170 2.132526
 20.780001 -1.586713 2.223420
 20.980001 -1.678481 2.263960
 21.180001 -1.690946 2.153054
 21.380001 -1.599291 2.328300
 21.580001 -1.704634 2.167118
 21.780001 -1.577810 2.225278
 21.980001 -1.741163 2.168277
 22.180001 -1.480542 2.327020
 22.380001 -1.763120 2.135617
 22.580001 -1.630217 2.314580
 22.780001 -1.662107 2.180444
 22.980001 -1.808560 2.379337
 23.180001 -1.753313 2.132757
 23.380001 -1.831633 2.253118
 23.580001 -1.945866 2.273151
 23.780001 -1.760076 2.288496
 23.980001 -2.028362 2.304999
 24.180001 -1.839596 2.216512
 24.380001 -1.560039 2.335876
 24.580001 -1.977729 2.270083
 24.780001 -1.582173 2.220582
 24.980001 -1.892921 2.301861
 25.180001 -1.931258 2.356206
 25.380001 -1.790456 2.203731
 25.580001 -2.077953 2.330953
 25.780001 -1.935184 2.122697
 25.980001 -1.795617 2.307813
 26.180001 -2.084854 2.238931
 26.380001 -1.683009 2.268021
 26.580001 -1.913673 2.289852
 26.780001 -1.770633 2.298740
 26.980001 -1.672351 2.280537
 27.180001 -1.862697 2.265943
 27.380001 -1.624432 2.151624
 27.580001 -1.790952 2.451972
 27.780001 -1.943569 2.169774
 27.980001 -1.611329 2.323375
 28.180001 -2.058181 2.298340
 28.380001 -1.593952 2.207516
 28.580001 -1.777432 2.252832
 28.780001 -1.853981 2.313056
 28.980001 -1.504309 2.151413
 29.180001 -1.914957 2.283283
 29.380001 -1.775683 2.191196
 29.580001 -1.633717 2.272367
 29.780001 -1.922610 2.337582
 29.980001 -1.693452 2.100098
 30.180001 -1.713187 2.376401
 30.380001 -1.776055 2.147041
 30.580001 -1.514747 2.214338
 30.780001 -1.842214 2.342180
 30.980001 -1.708356 2.190092
 31.180001 -1.689742 2.220160
 31.380001 -1.943743 2.273572
 31.580001 -1.652846 2.129082
 31.780002 -1.837012 2.385854
 31.980002 -1.809854 2.199664
 32.180002 -1.534526 2.402558
 32.380002 -1.942377 2.152870
 32.580002 -1.505622 2.185663
 32.780002 -1.706283 2.300915
 32.980002 -1.974729 2.201745
 33.180002 -1.555390 2.356424
 33.380002 -1.946917 2.334593
 33.580002 -1.517526 2.050650
 33.780002 -1.558583 2.288160
 33.980002 -1.856472 2.232981
 34.180002 -1.528457 2.190872
 34.380002 -1.852074 2.382705
 34.580002 -1.898147 2.250451
 34.780002 -1.521133 2.286846
 34.980002 -2.241546 2.162859
 35.180002 -1.515870 2.221117
 35.380002 -1.865620 2.364786
 35.580002 -1.778666 2.206122
 35.780002 -1.582568 2.305470
 35.980002 -2.091746 2.289071
 36.180002 -1.581174 2.262208
 36.380002 -1.797576 2.328019
 36.580002 -1.877810 2.171718
 36.780002 -1.509492 2.190274
 36.980002 -1.919585 2.352476
 37.180002 -1.586412 2.110764
 37.380002 -1.725061 2.380978
 37.580002 -1.798214 2.170446
 37.780002 -1.517861 2.180828
 37.980002 -1.794602 2.323777
 38.180002 -1.717919 2.016466
 38.380002 -1.541131 2.323194
 38.580002 -2.016538 2.360258
 38.780002 -1.629569 2.044346
 38.980002 -1.813130 2.452446
 39.180002 -1.775822 2.068815
 39.380002 -1.549154 2.182698
 39.580002 -1.913188 2.372655
 39.780002 -1.396405 2.116836
 39.980002 -1.614017 2.213335
 40.180002 -1.699843 2.136893
 40.380002 -1.517669 2.256001
 40.580002 -1.831244 2.407640
 40.780002 -1.731525 1.941820
 40.980002 -1.680579 2.331756
 41.180002 -1.884388 2.425480
 41.380002 -1.618405 2.031742
 41.580002 -1.814471 2.472739
 41.780002 -1.817830 2.116106
 41.980002 -1.505123 2.202738
 42.180002 -1.848679 2.438566
 42.380002 -1.676964 2.073913
 42.580002 -1.757731 2.485435
 42.780002 -1.786049 2.330472
 42.980002 -1.796250 1.969814
 43.180002 -1.816204 2.439440
 43.380002 -1.697330 2.111089
 43.580002 -1.836462 2.185319
 43.780002 -1.826273 2.461637
 43.980002 -1.705944 1.998704
 44.180002 -1.796143 2.294768
 44.380002 -1.720229 2.247727
 44.580002 -1.597818 2.079395
 44.780002 -1.762703 2.436859
 44.980002 -1.523202 1.971411
 45.180002 -1.684272 2.275046
 45.380002 -1.738805 2.311369
 45.580002 -1.465294 2.184855
 45.780002 -1.966343 2.241322
 45.980002 -1.536968 2.168014
 46.180002 -1.607990 2.299928
 46.380002 -1.855163 2.204454
 46.580002 -1.617024 2.216538
 46.780002 -1.959655 2.492417
 46.980002 -1.608165 2.156828
 47.180002 -1.694841 2.239415
 47.380002 -1.786764 2.231982
 47.580002 -1.578300 2.158221
 47.780002 -1.804806 2.481034
 47.980002 -1.876008 2.232661
 48.180002 -1.676223 2.239359
 48.380002 -1.978264 2.304848
 48.580002 -1.730158 2.172016
 48.780002 -1.815896 2.101889
 48.980002 -1.818340 2.341876
 49.180002 -1.756865 2.264953
 49.380002 -1.891422 2.050800
 49.580002 -1.540153 2.397333
 49.780002 -1.839800 2.094615
 49.980002 -1.526031 2.268233
 50.180002 -1.841784 2.110257
 50.380002 -1.650137 2.310487
 50.580002 -1.910897 2.266073
 50.780002 -1.721819 2.312350
 50.980002 -1.877890 2.078182
 51.180002 -1.763313 2.335085
 51.380002 -1.531884 2.220138
 51.580002 -1.948030 2.166634
 51.780002 -1.675997 2.372949
 51.980002 -1.793969 2.311453
 52.180002 -1.936572 2.314671
 52.380002 -1.748534 2.078613
 52.580002 -1.777135 2.261992
 52.780003 -1.900475 2.355083
 52.980003 -1.706219 2.074970
 53.180003 -1.915439 2.353772
 53.380003 -1.795222 2.382722
 53.580003 -1.801213 2.235773
 53.780003 -1.850574 2.267539
 53.980003 -1.801945 2.209047
 54.180003 -1.833653 2.375637
 54.380003 -1.784826 2.403855
 54.580003 -1.864336 2.074859
 54.780003 -1.640401 2.509116
 54.980003 -1.935902 2.118376
 55.180003 -1.622107 2.402785
 55.380003 -1.996859 2.176526
 55.580003 -1.649115 2.251804
 55.780003 -1.728470 2.225267
 55.980003 -1.867384 2.184854
 56.180003 -1.556479 2.295185
 56.380003 -1.933228 2.336603
 56.580003 -1.585030 2.168486
 56.780003 -1.670868 2.178163
 56.980003 -1.775364 2.449410
 57.180003 -1.731806 2.041606
 57.380003 -1.692428 2.504130
 57.580003 -1.846855 2.042307
 57.780003 -1.580386 2.332536
 57.980003 -2.033522 2.390784
 58.180003 -1.586385 2.060961
 58.380003 -1.933287 2.448404
 58.580003 -1.747042 2.241307
 58.780003 -1.681952 2.166875
 58.980003 -2.002671 2.344530
 59.180003 -1.526229 2.247426
 59.380003 -1.987316 2.216615
 59.580003 -1.704592 2.321932
 59.780003 -1.679947 2.035499
 59.980003 -1.947540 2.379335
 60.180003 -1.647563 2.265437
 60.380003 -1.884240 2.111065
 60.580003 -1.959709 2.254093
 60.780003 -1.687889 2.347110
 60.980003 -2.078246 2.191074
 61.180003 -1.653798 2.412910
 61.380003 -1.745039 2.119354
 61.580003 -1.945928 2.244166
 61.780003 -1.339211 2.404201
 61.980003 -1.976987 1.994100
 62.180003 -1.632356 2.413896
 62.380003 -1.703505 2.124171
 62.580003 -1.876908 2.369299
 62.780003 -1.636029 2.205691
 62.980003 -1.978126 2.109673
 63.180003 -1.709437 2.354976
 63.380003 -1.721029 2.190714
 63.580003 -1.855557 2.398409
 63.780003 -1.715958 2.202969
 63.980003 -1.719471 2.016941
 64.180003 -1.908965 2.513082
 64.380003 -1.582833 2.144420
 64.580003 -1.971277 2.320963
 64.780003 -1.603422 2.288162
 64.980003 -1.801969 1.944664
 65.180003 -1.882343 2.516736
 65.380003 -1.673688 2.105411
 65.580003 -1.764994 2.133258
 65.780003 -1.725038 2.443992
 65.980003 -1.554356 1.864056
 66.180003 -1.785310 2.550601
 66.380003 -1.636378 2.134954
 66.580003 -1.580754 2.063431
 66.780003 -1.862424 2.407630
 66.980003 -1.408150 2.017830
 67.180003 -1.923534 2.334583
 67.380003 -1.612356 2.270187
 67.580003 -1.672421 1.999521
 67.780003 -1.995646 2.502681
 67.980003 -1.504276 2.053745
 68.180003 -1.920653 2.261091
 68.380003 -1.762911 2.337472
 68.580003 -1.641271 2.000353
 68.780003 -1.837306 2.530955
 68.980003 -1.653012 2.159218
 69.180003 -1.803996 2.201202
 69.380003 -1.885689 2.462981
 69.580003 -1.648536 2.038129
 69.780003 -1.880968 2.541468
 69.980003 -1.751272 2.122352
 70.180003 -1.641513 2.158762
 70.380003 -1.769260 2.375276
 70.580003 -1.484323 2.188829
 70.780003 -1.786458 2.183421
 70.980003 -1.641332 2.300291
 71.180003 -1.646445 2.078926
 71.380003 -1.724976 2.419057
 71.580003 -1.602138 2.053032
 71.780003 -1.676005 2.337949
 71.980003 -1.894094 2.207817
 72.180003 -1.513947 2.132140
 72.380003 -1.800721 2.475095
 72.580003 -1.742883 2.039494
 72.780003 -1.687097 2.386387
 72.980003 -1.922103 2.297284
 73.180003 -1.582858 2.151738
 73.380003 -2.003444 2.134731
 73.580003 -1.573558 2.424405
 73.780004 -1.874297 2.063108
 73.980004 -1.724785 2.426211
 74.180004 -1.694275 2.088849
 74.380004 -1.733909 2.241693
 74.580004 -1.816449 2.250320
 74.780004 -1.582634 2.189393
 74.980004 -1.831038 2.411094
 75.180004 -1.586614 2.106717
 75.380004 -1.605183 2.295436
 75.580004 -1.752031 2.226588
 75.780004 -1.477628 2.085320
 75.980004 -1.816787 2.506558
 76.180004 -1.637630 2.029517
 76.380004 -1.694904 2.151801
 76.580004 -1.758406 2.545220
 76.780004 -1.615883 1.880267
 76.980004 -1.982979 2.486020
 77.180004 -1.651969 2.073464
 77.380004 -1.788253 2.153794
 77.580004 -1.931407 2.339703
 77.780004 -1.619113 1.888657
 77.980004 -1.877573 2.464942
 78.180004 -1.812307 2.121117
 78.380004 -1.584211 2.215641
 78.580004 -2.117303 2.349084
 78.780004 -1.451067 2.201589
 78.980004 -1.858821 2.193794
 79.180004 -1.695181 2.293329
 79.380004 -1.478806 2.140595
 79.580004 -1.957512 2.290513
 79.780004 -1.460448 2.199291
 79.980004 -1.590468 2.401593
 80.180004 -1.903088 2.050636
 80.380004 -1.425999 2.406445
 80.580004 -1.926583 2.297326
 80.780004 -1.715511 1.998723
 80.980004 -1.442342 2.483449
 81.180004 -2.018273 2.164633
 81.380004 -1.448455 2.264078
 81.580004 -1.808339 2.384153
 81.780004 -1.880143 2.032526
 81.980004 -1.517446 2.291551
 82.180004 -2.032840 2.428561
 82.380004 -1.814733 1.922695
 82.580004 -1.739264 2.432591
 82.780004 -2.035924 2.210295
 82.980004 -1.554093 2.041290
 83.180004 -2.017531 2.473563
 83.380004 -1.863019 1.915694
 83.580004 -1.725329 2.481690
 83.780004 -2.189099 2.168709
 83.980004 -1.418672 2.192303
 84.180004 -2.197902 2.354667
 84.380004 -1.637520 2.163992
 84.580004 -1.805932 2.161308
 84.780004 -1.847261 2.440545
 84.980004 -1.522675 2.169688
 85.180004 -1.987442 2.314636
 85.380004 -1.509157 2.242865
 85.580004 -1.717845 2.123151
 85.780004 -1.766823 2.464866
 85.980004 -1.668037 1.881347
 86.180004 -1.746755 2.653718
 86.380004 -1.801730 2.170513
 86.580004 -1.434064 2.078955
 86.780004 -2.074881 2.535085
 86.980004 -1.656841 1.914492
 87.180004 -1.863067 2.356400
 87.380004 -2.032340 2.378474
 87.580004 -1.638417 2.085168
 87.780004 -1.986735 2.353895
 87.980004 -1.505328 2.267906
 88.180004 -1.875598 1.959417
 88.380004 -1.711762 2.572729
 88.580004 -1.758412 1.884315
 88.780004 -1.739502 2.404648
 88.980004 -1.681679 2.167404
 89.180004 -1.643931 2.047753
 89.380004 -1.651577 2.308079
 89.580004 -1.771852 2.158502
 89.780004 -1.662159 2.292536
 89.980004 -1.788914 2.224245
 90.180004 -1.609545 2.222489
 90.380004 -1.741912 2.284507
 90.580004 -1.656334 2.236263
 90.780004 -1.619191 2.204222
 90.980004 -1.599999 2.353032
 91.180004 -1.687932 2.079485
 91.380004 -1.626516 2.388855
 91.580004 -1.728683 2.321410
 91.780004 -1.574126 2.121177
 91.980004 -1.561561 2.566792
 92.180004 -1.821548 1.903161
 92.380004 -1.671772 2.408405
 92.580004 -1.909371 2.313748
 92.780004 -1.689993 2.178242
 92.980004 -1.830368 2.308800
 93.180004 -1.783469 2.244452
 93.380004 -1.757602 1.992275
 93.580004 -1.886816 2.509839
 93.780004 -1.639211 2.095723
 93.980004 -1.961559 2.301442
 94.180004 -1.569405 2.365864
 94.380004 -1.919370 2.003480
 94.580004 -1.752788 2.443165
 94.780005 -1.859629 2.177576
 94.980005 -1.648998 2.068216
 95.180005 -1.871677 2.469523
 95.380005 -1.726922 2.051574
 95.580005 -1.810140 2.341159
 95.780005 -1.873497 2.232508
 95.980005 -1.774543 2.048461
 96.180005 -1.880258 2.536257
 96.380005 -1.849088 2.116062
 96.580005 -1.766597 2.215713
 96.780005 -1.919963 2.419994
 96.980005 -1.577033 2.176012
 97.180005 -1.859932 2.291606
 97.380005 -1.612216 2.269332
 97.580005 -1.728424 2.276596
 97.780005 -1.816347 2.235681
 97.980005 -1.613834 2.242623
 98.180005 -1.891678 2.256619
 98.380005 -1.662714 2.315489
 98.580005 -1.655451 2.160944
 98.780005 -1.659985 2.226072
 98.980005 -1.581046 2.252335
 99.180005 -1.612523 2.184561
 99.380005 -1.762920 2.341125
 99.580005 -1.714078 2.131318
 99.780005 -1.772780 2.329001
 99.980005 -1.884737 2.261891
 100.180005 -1.753691 2.030266
 100.380005 -1.914182 2.373955
 100.580005 -1.772432 2.212520
 100.780005 -1.718202 2.196240
 100.980005 -1.822203 2.234785
 101.180005 -1.530055 2.139594
 101.380005 -1.846035 2.282296
 101.580005 -1.712539 2.253410
 101.780005 -1.677012 2.102626
 101.980005 -1.688125 2.359325
 102.180005 -1.668002 2.223868
 102.380005 -1.689184 2.065039
 102.580005 -1.542767 2.336873
 102.780005 -1.630645 2.172251
 102.980005 -1.857923 2.200881
 103.180005 -1.785535 2.235052
 103.380005 -1.888434 2.195074
 103.580005 -1.755510 2.504764
 103.780005 -1.988279 2.059347
 103.980005 -1.809781 2.178357
 104.180005 -1.786733 2.597757
 104.380005 -1.886144 2.117605
 104.580005 -1.954100 2.423478
 104.780005 -1.694152 2.478664
 104.980005 -1.916690 2.054507
 105.180005 -1.700381 2.368622
 105.380005 -1.712825 2.216834
 105.580005 -1.842740 2.303970
 105.780005 -1.627196 2.441097
 105.980005 -1.913754 1.996638
 106.180005 -1.805954 2.497120
 106.380005 -1.684158 2.079094
 106.580005 -1.908682 2.269609
 106.780005 -1.517446 2.320955
 106.980005 -1.599862 2.066928
 107.180005 -1.900136 2.345373
 107.380005 -1.427505 2.252031
 107.580005 -1.731762 2.174429
 107.780005 -1.773879 2.193425
 107.980005 -1.388514 2.187997
 108.180005 -2.016201 2.283477
 108.380005 -1.637638 2.076274
 108.580005 -1.769882 2.288373
 108.780005 -1.929695 2.357836
 108.980005 -1.531692 1.940614
 109.180005 -1.976366 2.422974
 109.380005 -1.696936 2.082935
 109.580005 -1.673139 2.219084
 109.780005 -1.901219 2.375623
 109.980005 -1.475884 2.007499
 110.180005 -1.758742 2.309621
 110.380005 -2.016764 2.035313
 110.580005 -1.576333 2.291928
 110.780005 -2.036432 2.413737
 110.980005 -1.663444 2.151224
 111.180005 -1.708506 2.149844
 111.380005 -1.819926 2.416421
 111.580005 -1.657292 1.965835
 111.780005 -1.835820 2.624671
 111.980005 -1.803877 2.096030
 112.180005 -1.693133 2.182931
 112.380005 -1.858207 2.354012
 112.580005 -1.766554 2.198931
 112.780005 -1.670420 2.251194
 112.980005 -1.901933 2.363365
 113.180005 -1.524667 2.104256
 113.380005 -1.854989 2.407232
 113.580005 -1.803557 2.115126
 113.780005 -1.650274 2.309794
 113.980005 -1.995033 2.355960
 114.180005 -1.582388 2.130740
 114.380005 -1.696814 2.251939
 114.580005 -1.930852 2.209104
 114.780005 -1.523441 2.188587
 114.980005 -1.951224 2.399074
 115.180005 -1.591746 2.066613
 115.380005 -1.664343 2.294635
 115.580005 -1.800437 2.253120
 115.780005 -1.676978 1.990925
 115.980006 -1.910390 2.545304
 116.180006 -1.698139 2.100785
 116.380006 -1.601637 2.181973
 116.580006 -2.090323 2.313553
 116.780006 -1.582416 2.080736
 116.980006 -1.881391 2.481758
 117.180006 -1.917118 2.079308
 117.380006 -1.626869 2.253151
 117.580006 -2.002316 2.410149
 117.780006 -1.474815 2.166966
 117.980006 -2.105444 2.187637
 118.180006 -1.659882 2.457951
 118.380006 -1.887634 1.980997
 118.580006 -1.939481 2.515758
 118.780006 -1.693927 1.912953
 118.980006 -1.827700 2.281383
 119.180006 -1.690822 2.493669
 119.380006 -1.683737 1.862039
 119.580006 -1.819016 2.515618
 119.780006 -1.496431 2.074159
 119.980006 -1.821956 2.249107
 120.180006 -1.828646 2.382768
 120.380006 -1.530046 2.049785
 120.580006 -1.921580 2.330518
 120.780006 -1.623290 2.278074
 120.980006 -1.867500 2.056017
 121.180006 -1.696321 2.463821
 121.380006 -1.679165 2.030626
 121.580006 -1.688264 2.434604
 121.780006 -1.750575 2.206207
 121.980006 -1.513808 2.110196
 122.180006 -1.866811 2.400373
 122.380006 -1.502483 2.061884
 122.580006 -1.789800 2.403815
 122.780006 -1.797081 2.205158
 122.980006 -1.560522 2.287088
 123.180006 -1.972493 2.351914
 123.380006 -1.616667 2.182324
 123.580006 -1.806701 2.125969
 123.780006 -1.891365 2.484918
 123.980006 -1.654559 1.918997
 124.180006 -1.825085 2.561894
 124.380006 -1.733240 2.154725
 124.580006 -1.632675 1.989872
 124.780006 -1.846343 2.650347
 124.980006 -1.532319 1.870101
 125.180006 -1.641084 2.331117
 125.380006 -2.044061 2.231958
 125.580006 -1.519875 2.068276
 125.780006 -1.936891 2.370028
 125.980006 -1.748566 2.171380
 126.180006 -1.752419 2.117119
 126.380006 -1.992046 2.479625
 126.580006 -1.713950 1.999451
 126.780006 -1.945700 2.314167
 126.980006 -1.914773 2.371497
 127.180006 -1.827809 2.116151
 127.380006 -1.965574 2.387193
 127.580006 -1.695891 2.232319
 127.780006 -1.729929 2.097696
 127.980006 -1.641040 2.485387
 128.180006 -1.611941 1.837596
 128.380006 -1.674628 2.462986
 128.580006 -1.627027 2.249599
 128.780006 -1.639757 1.970809
 128.980006 -1.741665 2.517726
 129.180006 -1.746274 2.018551
 129.380006 -1.652676 2.569293
 129.580006 -2.015525 2.179828
 129.780006 -1.564669 2.077458
 129.980006 -1.847597 2.465799
 130.180006 -1.753984 2.067997
 130.380006 -1.890331 2.314849
 130.580006 -1.796213 2.403100
 130.780006 -1.766193 2.082719
 130.980006 -1.727591 2.319418
 131.180006 -1.586847 2.214071
 131.380006 -1.728162 2.190510
 131.580006 -1.570207 2.426323
 131.780006 -1.636264 1.909395
 131.980006 -1.636777 2.473500
 132.180006 -1.621747 2.127247
 132.380006 -1.811669 2.179411
 132.580006 -1.681234 2.397881
 132.780006 -1.804215 1.948236
 132.980006 -1.960640 2.321886
 133.180006 -1.672969 2.343521
 133.380006 -1.775443 2.114538
 133.580006 -1.715101 2.447398
 133.780006 -1.479316 2.132721
 133.980006 -1.855370 2.123009
 134.180006 -1.602897 2.380622
 134.380006 -1.711317 2.164293
 134.580006 -1.902691 2.331142
 134.780006 -1.712397 2.327330
 134.980006 -1.841256 2.225127
 135.180006 -1.793818 2.319507
 135.380006 -1.538447 2.116405
 135.580006 -1.843576 2.409926
 135.780006 -1.698071 2.220021
 135.980006 -1.744840 2.118789
 136.180006 -1.800154 2.288909
 136.380006 -1.780179 2.137649
 136.580006 -1.793535 2.380076
 136.780006 -1.823013 2.080090
 136.980007 -1.655417 2.249307
 137.180007 -1.818411 2.329715
 137.380007 -1.657080 2.090860
 137.580007 -1.664475 2.334780
 137.780007 -1.743307 2.254436
 137.980007 -1.537448 2.083235
 138.180007 -1.776713 2.343376
 138.380007 -1.735665 2.052743
 138.580007 -1.815237 2.352393
 138.780007 -1.810762 2.329957
 138.980007 -1.841683 2.020926
 139.180007 -1.809704 2.539224
 139.380007 -1.829118 2.212606
 139.580007 -1.727038 2.204975
 139.780007 -1.686548 2.388291
 139.980007 -1.711740 1.964034
 140.180007 -1.721703 2.380673
 140.380007 -1.713917 2.197769
 140.580007 -1.805974 2.165685
 140.780007 -1.769661 2.544160
 140.980007 -1.777820 1.889239
 141.180007 -1.533882 2.390984
 141.380007 -1.760319 2.259442
 141.580007 -1.608136 2.064685
 141.780007 -1.753226 2.588246
 141.980007 -1.619046 1.983301
 142.180007 -1.623306 2.368341
 142.380007 -1.692364 2.237210
 142.580007 -1.711407 2.009179
 142.780007 -1.810207 2.501004
 142.980007 -1.754930 2.153802
 143.180007 -1.808345 2.019894
 143.380007 -1.641624 2.505960
 143.580007 -1.655571 2.013379
 143.780007 -1.802039 2.263284
 143.980007 -1.699659 2.313648
 144.180007 -1.727004 2.144850
 144.380007 -1.753818 2.347652
 144.580007 -1.751615 1.949142
 144.780007 -1.693517 2.361082
 144.980007 -1.807650 2.251611
 145.180007 -1.578932 2.099701
 145.380007 -1.702383 2.334742
 145.580007 -1.696019 2.146879
 145.780007 -1.729671 2.129388
 145.980007 -1.853890 2.528708
 146.180007 -1.692149 1.870397
 146.380007 -1.861468 2.570765
 146.580007 -1.720208 1.891805
 146.780007 -1.626398 2.197248
 146.980007 -1.927569 2.469448
 147.180007 -1.597730 1.995030
 147.380007 -1.865569 2.440526
 147.580007 -1.717182 2.122445
 147.780007 -1.693569 2.123173
 147.980007 -2.043843 2.480213
 148.180007 -1.579016 2.089814
 148.380007 -1.793072 2.208212
 148.580007 -1.733240 2.415984
 148.780007 -1.612144 2.013064
 148.980007 -1.624715 2.351564
 149.180007 -1.720919 2.163386
 149.380007 -1.455507 2.141198
 149.580007 -1.889477 2.363120
 149.780007 -1.355642 2.063189
 149.980007 -1.891556 2.304204
 150.180007 -1.663701 2.336820
 150.380007 -1.769609 2.131094
 150.580007 -1.844411 2.283401
 150.780007 -1.590636 2.160157
 150.980007 -1.869686 2.165156
 151.180007 -1.664038 2.452070
 151.380007 -1.759255 2.137516
 151.580007 -1.769018 2.278923
 151.780007 -1.707360 2.031709
 151.980007 -1.797849 2.368024
 152.180007 -1.746872 2.206617
 152.380007 -1.825497 2.057724
 152.580007 -1.770236 2.468232
 152.780007 -1.717911 2.133340
 152.980007 -1.841246 2.285893
 153.180007 -1.677494 2.113445
 153.380007 -1.771100 2.275590
 153.580007 -1.821723 2.224309
 153.780007 -1.671297 2.183463
 153.980007 -1.878960 2.221538
 154.180007 -1.668622 2.420458
 154.380007 -1.942912 1.981553
 154.580007 -1.775707 2.397253
 154.780007 -1.807530 2.166887
 154.980007 -1.894884 2.156548
 155.180007 -1.988194 2.487850
 155.380007 -1.697990 2.035525
 155.580007 -1.910074 2.517434
 155.780007 -1.671192 2.078071
 155.980007 -1.505103 2.255655
 156.180007 -1.863671 2.256219
 156.380007 -1.402868 2.264855
 156.580007 -1.867450 2.260032
 156.780007 -1.617771 2.205309
 156.980007 -1.567640 1.998730
 157.180007 -1.895685 2.503785
 157.380007 -1.565585 2.002894
 157.580007 -1.803948 2.410234
 157.780007 -1.782808 2.366049
 157.980008 -1.672792 1.976718
 158.180008 -1.991437 2.512596
 158.380008 -1.790518 2.193205
 158.580008 -1.746904 2.123216
 158.780008 -2.123441 2.457716
 158.980008 -1.466927 2.027814
 159.180008 -1.835187 2.288918
 159.380008 -1.799644 2.472119
 159.580008 -1.485190 1.949192
 159.780008 -2.026041 2.593427
 159.980008 -1.572092 2.036148
 160.180008 -1.833650 2.249512
 160.380008 -1.681692 2.364694
 160.580008 -1.628963 1.913357
 160.780008 -1.987444 2.461396
 160.980008 -1.623303 2.158775
 161.180008 -1.836430 2.114538
 161.380008 -1.793520 2.424940
 161.580008 -1.590510 2.119000
 161.780008 -1.873065 2.268675
 161.980008 -1.480112 2.345994
 162.180008 -1.580274 1.868238
 162.380008 -1.623103 2.476033
 162.580008 -1.606769 2.079789
 162.780008 -1.677900 2.211431
 162.980008 -1.754840 2.370208
 163.180008 -1.745922 1.941844
 163.380008 -1.788179 2.362375
 163.580008 -1.957109 2.235972
 163.780008 -1.741377 2.132310
 163.980008 -1.997511 2.364841
 164.180008 -1.661420 2.141214
 164.380008 -1.907172 2.262088
 164.580008 -1.735651 2.389801
 164.780008 -1.795754 1.979686
 164.980008 -1.765357 2.429404
 165.180008 -1.630929 2.188096
 165.380008 -1.758840 2.159061
 165.580008 -1.608903 2.279262
 165.780008 -1.629739 2.189138
 165.980008 -1.793460 2.391519
 166.180008 -1.614880 2.102323
 166.380008 -1.601256 2.284751
 166.580008 -1.789247 2.212056
 166.780008 -1.600898 2.278329
 166.980008 -1.853162 2.294623
 167.180008 -1.685136 2.176924
 167.380008 -1.641665 2.205421
 167.580008 -1.805482 2.332890
 167.780008 -1.702234 2.214094
 167.980008 -1.772009 2.380838
 168.180008 -1.735105 2.296942
 168.380008 -1.854573 2.119578
 168.580008 -1.775554 2.441910
 168.780008 -1.828790 2.126580
 168.980008 -1.844108 2.346228
 169.180008 -1.877152 2.222279
 169.380008 -1.859327 2.213694
 169.580008 -1.829484 2.318766
 169.780008 -1.857759 2.177400
 169.980008 -1.780998 2.421494
 170.180008 -1.893479 2.039743
 170.380008 -1.667836 2.337274
 170.580008 -1.889814 2.363863
 170.780008 -1.680231 2.124514
 170.980008 -1.859482 2.349600
 171.180008 -1.728621 2.213825
 171.380008 -1.712524 2.207440
 171.580008 -1.882560 2.371866
 171.780008 -1.541221 2.167432
 171.980008 -1.773535 2.194281
 172.180008 -1.498616 2.341876
 172.380008 -1.655750 1.942291
 172.580008 -1.540216 2.505039
 172.780008 -1.585643 1.938744
 172.980008 -1.519327 2.449541
 173.180008 -1.581538 2.023223
 173.380008 -1.552926 2.161996
 173.580008 -1.657014 2.340487
 173.780008 -1.572308 2.241683
 173.980008 -1.669802 2.177196
 174.180008 -1.778461 2.318027
 174.380008 -1.558742 2.101700
 174.580008 -1.909706 2.313432
 174.780008 -1.475391 2.347337
 174.980008 -1.897692 2.000885
 175.180008 -1.583704 2.419599
 175.380008 -1.668611 2.153093
 175.580008 -1.716204 2.181782
 175.780008 -1.799322 2.370960
 175.980008 -1.814791 2.090673
 176.180008 -1.755446 2.475206
 176.380008 -1.933085 2.124132
 176.580008 -1.758593 2.245710
 176.780008 -2.034643 2.416270
 176.980008 -1.670056 2.320838
 177.180008 -1.917480 2.151823
 177.380008 -1.544712 2.306637
 177.580008 -1.660993 2.215116
 177.780008 -1.827542 2.208366
 177.980008 -1.433888 2.365998
 178.180008 -1.966561 2.053905
 178.380008 -1.606125 2.397694
 178.580008 -1.755610 2.136796
 178.780008 -1.730825 2.343911
 178.980009 -1.636682 2.057574
 179.180009 -1.765315 2.387246
 179.380009 -1.627476 2.006220
 179.580009 -1.578971 2.376267
 179.780009 -1.792364 2.090046
 179.980009 -1.608358 2.255639
 180.180009 -1.825549 2.307746
 180.380009 -1.650363 2.017204
 180.580009 -1.496723 2.240930
 180.780009 -1.912759 2.241539
 180.980009 -1.469416 2.207549
 181.180009 -1.824035 2.288711
 181.380009 -1.612287 2.192103
 181.580009 -1.800653 2.130790
 181.780009 -1.715220 2.452939
 181.980009 -1.905573 2.002711
 182.180009 -1.732961 2.512779
 182.380009 -1.893457 2.182779
 182.580009 -1.568216 2.272553
 182.780009 -1.805413 2.294446
 182.980009 -1.630151 2.166521
 183.180009 -1.671666 2.382196
 183.380009 -1.842605 2.193994
 183.580009 -1.524455 2.413652
 183.780009 -2.017095 2.157982
 183.980009 -1.596606 2.216846
 184.180009 -1.886798 2.318563
 184.380009 -1.888691 2.294584
 184.580009 -1.756174 2.079708
 184.780009 -1.874295 2.272465
 184.980009 -1.754047 2.207423
 185.180009 -1.639563 2.155457
 185.380009 -1.820920 2.395974
 185.580009 -1.622530 1.870397
 185.780009 -1.821737 2.563418
 185.980009 -1.884305 2.011790
 186.180009 -1.657581 2.187150
 186.380009 -2.054773 2.345178
 186.580009 -1.744104 2.213900
 186.780009 -1.773586 2.147303
 186.980009 -1.852270 2.472111
 187.180009 -1.750459 1.892461
 187.380009 -1.694031 2.688937
 187.580009 -1.744387 1.956405
 187.780009 -1.573267 2.214522
 187.980009 -1.634021 2.451212
 188.180009 -1.677051 2.005707
 188.380009 -1.602706 2.455552
 188.580009 -1.740214 2.263489
 188.780009 -1.612979 2.058316
 188.980009 -1.779693 2.422507
 189.180009 -1.580823 2.167943
 189.380009 -1.738922 2.340104
 189.580009 -1.594049 2.295786
 189.780009 -1.799966 2.037840
 189.980009 -1.646202 2.468815
 190.180009 -1.758053 2.185348
 190.380009 -1.704287 2.067593
 190.580009 -1.761924 2.463496
 190.780009 -1.723175 2.064487
 190.980009 -1.763187 2.296188
 191.180009 -1.913037 2.323383
 191.380009 -1.604580 2.034233
 191.580009 -1.874766 2.407512
 191.780009 -1.673768 2.221566
 191.980009 -1.762965 1.976300
 192.180009 -1.814443 2.459349
 192.380009 -1.679280 2.122210
 192.580009 -1.718634 2.285548
 192.780009 -1.702938 2.298751
 192.980009 -1.663912 1.923265
 193.180009 -1.594573 2.503956
 193.380009 -1.651774 2.044534
 193.580009 -1.587448 2.166254
 193.780009 -1.741200 2.384949
 193.980009 -1.619362 2.068556
 194.180009 -1.895935 2.285701
 194.380009 -1.614274 2.286962
 194.580009 -1.744091 1.943886
 194.780009 -1.759985 2.555086
 194.980009 -1.532473 2.009653
 195.180009 -1.816241 2.280858
 195.380009 -1.661904 2.325169
 195.580009 -1.764662 2.032685
 195.780009 -1.848791 2.517726
 195.980009 -1.718008 2.128694
 196.180009 -1.788844 2.124332
 196.380009 -1.743354 2.495778
 196.580009 -1.624907 2.014628
 196.780009 -1.859973 2.293257
 196.980009 -1.662898 2.466389
 197.180009 -1.797476 1.995355
 197.380009 -1.701888 2.487714
 197.580009 -1.766389 1.996592
 197.780009 -1.761392 2.238976
 197.980009 -1.724567 2.574493
 198.180009 -1.756287 1.745168
 198.380009 -1.715896 2.580940
 198.580009 -1.874529 2.291764
 198.780009 -1.703354 1.996311
 198.980009 -1.873115 2.519622
 199.180009 -1.698293 2.100676
 199.380009 -1.885194 2.206870
 199.580009 -1.696539 2.406302
 199.780009 -1.686259 1.891268
 199.980009 -1.852657 2.487767
