#! FIELDS time phi psi
#! SET max_psi pi
 0.180000 -2.306367 2.718240
 0.380000 -1.404896 2.952760
 0.580000 -1.605813 2.938841
 0.780000 -2.188551 2.574215
 0.980000 -1.520885 -2.916781
 1.180000 -2.309709 2.323193
 1.380000 -1.490848 -2.989327
 1.580000 -1.867299 2.611368
 1.780000 -1.750711 2.909719
 1.980000 -1.436321 2.867775
 2.180000 -2.098858 2.749351
 2.380000 -1.369364 -3.085710
 2.580000 -1.865684 2.616833
 2.780000 -1.657996 3.043316
 2.980000 -1.524996 2.783759
 3.180000 -2.091394 2.825996
 3.380000 -1.592507 2.773571
 3.580000 -1.657884 -3.125977
 3.780000 -1.906433 2.701242
 3.980000 -1.746179 3.133820
 4.180000 -1.978778 2.720769
 4.380000 -1.731199 3.058240
 4.580000 -1.724616 3.055306
 4.780000 -1.934804 2.700632
 4.980000 -1.779983 -3.124409
 5.180000 -2.155788 2.815576
 5.380000 -2.045587 -3.093343
 5.580000 -1.949225 2.887133
 5.780000 -2.097798 3.005435
 5.980000 -1.757476 2.896981
 6.180000 -1.926758 3.032851
 6.380000 -1.772538 2.926839
 6.580000 -1.695289 3.023689
 6.780000 -1.984742 2.982133
 6.980000 -1.835564 2.945725
 7.180000 -1.848212 2.929211
 7.380000 -1.833898 2.896307
 7.580000 -1.832119 2.978988
 7.780000 -1.877550 2.848415
 7.980000 -1.805210 2.952586
 8.180000 -1.905914 2.845883
 8.380000 -1.755437 3.090457
 8.580000 -1.731469 2.800848
 8.780000 -1.827471 3.071621
 8.980000 -1.720042 2.872400
 9.180000 -1.835279 2.751210
 9.380000 -1.706376 3.030500
 9.580000 -1.819119 2.865068
 9.780000 -1.814418 2.889699
 9.980000 -1.792405 3.030019
 10.180000 -1.987754 2.844639
 10.380000 -1.792957 2.912620
 10.580001 -1.847714 2.908076
 10.780001 -1.749624 3.041993
 10.980001 -1.871422 2.758441
 11.180001 -1.856586 2.914536
 11.380001 -1.741313 2.905517
 11.580001 -1.800853 2.885253
 11.780001 -1.697530 3.005827
 11.980001 -1.815937 2.782327
 12.180001 -1.657484 2.965668
 12.380001 -1.602255 2.731898
 12.580001 -1.725527 2.895274
 12.780001 -1.788174 2.806612
 12.980001 -1.821827 3.102345
 13.180001 -1.811900 2.644654
 13.380001 -1.806036 3.051438
 13.580001 -1.753278 2.726118
 13.780001 -1.725089 2.873199
 13.980001 -1.698574 2.890927
 14.180001 -1.735230 2.836075
 14.380001 -1.509085 2.977164
 14.580001 -1.780601 2.848723
 14.780001 -1.600275 2.972743
 14.980001 -1.887522 2.915701
 15.180001 -1.860321 2.920378
 15.380001 -1.829526 2.863382
 15.580001 -1.876053 3.019231
 15.780001 -1.739756 2.877710
 15.980001 -1.993076 2.839769
 16.180001 -1.722461 2.991069
 16.380001 -2.119481 2.732689
 16.580001 -1.676809 3.077919
 16.780001 -1.808117 2.739402
 16.980001 -1.961846 3.123299
 17.180001 -1.633773 2.767186
 17.380001 -1.991234 3.016791
 17.580001 -1.807813 3.041038
 17.780001 -1.891693 2.780364
 17.980001 -2.011565 3.108939
 18.180001 -1.702629 2.904581
 18.380001 -2.072029 2.915701
 18.580001 -1.656154 2.848472
 18.780001 -1.535800 2.907402
 18.980001 -1.940169 2.843558
 19.180001 -1.432176 2.924454
 19.380001 -2.184730 2.783979
 19.580001 -1.718284 -3.102922
 19.780001 -1.877073 2.725015
 19.980001 -1.959979 3.056436
 20.180001 -1.673300 2.780633
 20.380001 -2.091990 3.020402
 20.580001 -1.681519 2.758995
 20.780001 -1.691647 3.093082
 20.980001 -1.906983 2.845280
 21.180001 -1.528681 2.826019
 21.380001 -2.044064 2.917918
 21.580001 -1.757042 2.761414
 21.780001 -1.807564 3.054598
 21.980001 -1.887537 2.711883
 22.180001 -1.577951 3.100075
 22.380001 -1.909006 2.850732
 22.580001 -1.762711 2.835547
 22.780001 -1.782820 2.925461
 22.980001 -1.794062 2.956604
 23.180001 -1.718370 2.813462
 23.380001 -1.694649 -3.103217
 23.580001 -2.083428 2.630849
 23.780001 -1.827124 3.135473
 23.980001 -1.848511 2.718966
 24.180001 -1.688635 2.975803
 24.380001 -1.718348 2.922066
 24.580001 -1.840527 2.826854
 24.780001 -1.780247 2.970974
 24.980001 -1.800158 2.790337
 25.180001 -1.716490 3.038071
 25.380001 -1.642561 2.782724
 25.580001 -1.724757 3.013094
 25.780001 -1.989279 2.901596
 25.980001 -1.704248 2.819438
 26.180001 -2.010586 2.834298
 26.380001 -1.728370 3.027491
 26.580001 -1.871807 2.576073
 26.780001 -1.633093 -2.958439
 26.980001 -1.757384 2.593664
 27.180001 -1.596831 2.936623
 27.380001 -1.729366 3.044485
 27.580001 -1.681312 2.697729
 27.780001 -1.797983 2.973978
 27.980001 -1.764182 2.862241
 28.180001 -1.918305 2.944316
 28.380001 -1.689488 2.812221
 28.580001 -1.738465 2.857090
 28.780001 -1.748211 2.934574
 28.980001 -1.765803 2.865082
 29.180001 -1.850507 2.716611
 29.380001 -1.620123 -3.120373
 29.580001 -1.925393 2.554692
 29.780001 -1.419982 -3.014505
 29.980001 -1.877007 2.653902
 30.180001 -1.750325 3.040335
 30.380001 -1.822064 2.766517
 30.580001 -1.976757 2.886123
 30.780001 -1.642260 2.870353
 30.980001 -1.943593 2.982221
 31.180001 -1.785916 2.757968
 31.380001 -1.870717 3.056386
 31.580001 -1.923921 2.833063
 31.780002 -1.661796 2.852946
 31.980002 -1.892250 3.042857
 32.180002 -1.732131 2.734339
 32.380002 -1.773593 3.108876
 32.580002 -1.918530 2.560295
 32.780002 -1.659763 -3.037951
 32.980002 -1.926083 2.671712
 33.180002 -1.611165 3.047833
 33.380002 -1.866195 2.835339
 33.580002 -1.670244 2.821161
 33.780002 -1.626524 2.925333
 33.980002 -1.756443 2.802505
 34.180002 -1.598073 2.962508
 34.380002 -1.877022 2.968410
 34.580002 -1.709429 2.871155
 34.780002 -1.891637 2.958488
 34.980002 -1.807709 2.882959
 35.180002 -1.602869 2.832442
 35.380002 -1.897246 3.059036
 35.580002 -1.771179 2.523189
 35.780002 -1.640140 -2.903341
 35.980002 -2.012222 2.588563
 36.180002 -1.498443 -3.088741
 36.380002 -2.097586 2.893651
 36.580002 -1.692098 2.674856
 36.780002 -2.025598 -3.138195
 36.980002 -1.912347 2.619293
 37.180002 -1.706781 -3.091259
 37.380002 -2.011471 2.812778
 37.580002 -1.653387 -3.134734
 37.780002 -2.127055 2.842281
 37.980002 -1.758346 3.008468
 38.180002 -1.858033 2.877655
 38.380002 -1.875965 3.070152
 38.580002 -1.785812 2.814054
 38.780002 -1.934909 3.109048
 38.980002 -1.824026 2.785045
 39.180002 -1.965862 3.030135
 39.380002 -1.807163 2.899689
 39.580002 -1.894607 2.997441
 39.780002 -1.879311 3.030684
 39.980002 -1.819236 2.600114
 40.180002 -1.894182 -3.120408
 40.380002 -1.857552 2.664149
 40.580002 -1.669003 3.070385
 40.780002 -1.786008 2.716819
 40.980002 -1.709999 2.789589
 41.180002 -1.881965 2.978850
 41.380002 -1.795374 2.883645
 41.580002 -1.681962 2.826156
 41.780002 -1.663642 2.951221
 41.980002 -1.858300 2.705630
 42.180002 -1.754866 3.040781
 42.380002 -1.815898 2.865679
 42.580002 -1.852577 2.821348
 42.780002 -1.717194 3.109184
 42.980002 -1.936754 2.569850
 43.180002 -1.568447 -3.061801
 43.380002 -1.979418 2.692656
 43.580002 -1.881871 -3.123883
 43.780002 -1.802666 2.763436
 43.980002 -1.974953 3.011872
 44.180002 -1.824152 3.028875
 44.380002 -1.900876 2.888096
 44.580002 -1.995112 3.041890
 44.780002 -1.761202 2.750683
 44.980002 -1.845415 3.003361
 45.180002 -1.582434 2.716611
 45.380002 -1.621435 3.051253
 45.580002 -1.907182 2.785729
 45.780002 -1.674837 -3.113361
 45.980002 -2.080813 2.724500
 46.180002 -1.676121 3.098331
 46.380002 -2.078694 2.828444
 46.580002 -1.947851 2.994655
 46.780002 -1.811474 2.844016
 46.980002 -1.969724 3.021223
 47.180002 -1.762841 2.993993
 47.380002 -1.742950 2.889124
 47.580002 -1.900300 3.047511
 47.780002 -1.749227 2.874110
 47.980002 -1.995605 2.956060
 48.180002 -1.851073 2.690237
 48.380002 -1.780998 -3.008649
 48.580002 -1.913296 2.742933
 48.780002 -1.891362 3.089394
 48.980002 -1.866358 2.745417
 49.180002 -1.923271 3.061235
 49.380002 -1.737314 2.926832
 49.580002 -1.875988 2.833444
 49.780002 -1.832895 -3.087626
 49.980002 -1.747064 2.756707
 50.180002 -1.832986 3.064997
 50.380002 -1.760146 2.962951
 50.580002 -1.747937 2.906276
 50.780002 -1.968513 2.971486
 50.980002 -1.735885 2.869714
 51.180002 -2.019940 2.943230
 51.380002 -1.826944 2.980821
 51.580002 -1.909558 2.813416
 51.780002 -1.728018 3.101320
 51.980002 -1.699731 2.738199
 52.180002 -1.875107 3.004305
 52.380002 -1.506903 2.777314
 52.580002 -1.842264 2.947571
 52.780003 -1.479394 2.867896
 52.980003 -1.891928 2.779256
 53.180003 -1.778704 2.949026
 53.380003 -1.647476 2.727094
 53.580003 -1.908492 3.026968
 53.780003 -1.672488 2.808557
 53.980003 -1.843668 2.985884
 54.180003 -1.728251 2.788485
 54.380003 -1.749909 2.897310
 54.580003 -1.761287 2.858580
 54.780003 -1.714419 2.885856
 54.980003 -1.781658 2.927178
 55.180003 -1.864403 2.892061
 55.380003 -1.906361 2.948579
 55.580003 -1.771025 2.823796
 55.780003 -1.861675 2.923526
 55.980003 -1.758140 2.965065
 56.180003 -1.784721 2.936207
 56.380003 -1.995633 2.759918
 56.580003 -1.748583 2.998941
 56.780003 -1.860593 2.727432
 56.980003 -1.695887 2.956680
 57.180003 -1.718103 3.009984
 57.380003 -1.834430 2.763730
 57.580003 -1.647261 3.111837
 57.780003 -1.867131 2.665723
 57.980003 -1.615382 2.993262
 58.180003 -1.853362 2.983191
 58.380003 -1.685830 2.889694
 58.580003 -1.890750 3.020985
 58.780003 -1.974565 2.818388
 58.980003 -1.851433 3.015668
 59.180003 -2.019962 2.881065
 59.380003 -1.715084 3.032816
 59.580003 -1.922086 2.834476
 59.780003 -1.714218 2.940464
 59.980003 -1.790245 2.849512
 60.180003 -1.735089 2.946130
 60.380003 -1.678772 2.966216
 60.580003 -1.831876 2.952784
 60.780003 -1.630161 2.847480
 60.980003 -1.872284 2.914635
 61.180003 -1.843493 2.991575
 61.380003 -1.880293 2.813761
 61.580003 -1.978221 -3.111177
 61.780003 -1.802210 2.713802
 61.980003 -1.883849 3.098717
 62.180003 -1.785473 2.815826
 62.380003 -1.740381 2.983997
 62.580003 -1.791059 2.957991
 62.780003 -1.760270 2.784235
 62.980003 -2.099396 2.847707
 63.180003 -1.831894 2.890206
 63.380003 -1.833635 2.960374
 63.580003 -1.649767 2.969779
 63.780003 -1.768637 2.890008
 63.980003 -1.750270 2.856931
 64.180003 -1.806212 2.931094
 64.380003 -1.818538 2.785422
 64.580003 -1.653288 3.067832
 64.780003 -1.725208 2.841961
 64.980003 -2.030360 2.766994
 65.180003 -1.868677 2.996550
 65.380003 -2.017490 2.765638
 65.580003 -1.808589 2.899945
 65.780003 -1.636150 3.004070
 65.980003 -1.989994 2.792489
 66.180003 -1.482890 2.980475
 66.380003 -2.074281 2.789637
 66.580003 -1.909405 2.964782
 66.780003 -1.687294 2.885104
 66.980003 -1.889486 3.114931
 67.180003 -1.678998 2.740076
 67.380003 -1.981500 3.034410
 67.580003 -1.864341 2.761377
 67.780003 -1.690540 -3.110278
 67.980003 -1.920554 2.862744
 68.180003 -1.692469 3.013025
 68.380003 -1.931358 2.949369
 68.580003 -1.934142 2.716191
 68.780003 -1.792442 -3.116887
 68.980003 -1.981982 2.697003
 69.180003 -1.663943 -3.119977
 69.380003 -2.058974 2.925957
 69.580003 -1.708753 3.053597
 69.780003 -1.995239 2.854227
 69.980003 -1.972122 2.983323
 70.180003 -1.758290 2.778145
 70.380003 -1.884382 -3.103846
 70.580003 -1.758848 2.913081
 70.780003 -1.924855 2.899551
 70.980003 -1.819623 2.991736
 71.180003 -1.824880 2.831549
 71.380003 -1.774735 2.982598
 71.580003 -1.730411 2.796258
 71.780003 -1.964514 2.962915
 71.980003 -1.806472 2.756207
 72.180003 -2.073418 2.821939
 72.380003 -1.724168 3.087317
 72.580003 -1.808193 2.707010
 72.780003 -1.770309 3.132839
 72.980003 -1.670319 2.863939
 73.180003 -1.962819 2.804127
 73.380003 -1.494626 3.056656
 73.580003 -1.966560 2.695127
 73.780004 -1.667865 3.038534
 73.980004 -1.787794 2.836005
 74.180004 -1.864722 2.863221
 74.380004 -1.678367 2.982099
 74.580004 -1.902160 2.874037
 74.780004 -1.663298 3.045486
 74.980004 -1.843951 2.763627
 75.180004 -1.698686 2.970542
 75.380004 -1.916395 2.732351
 75.580004 -1.735702 2.983465
 75.780004 -1.877093 2.880551
 75.980004 -1.826764 2.982904
 76.180004 -1.902739 2.769777
 76.380004 -1.880142 2.942565
 76.580004 -1.783609 2.883511
 76.780004 -1.754658 3.059612
 76.980004 -1.860782 2.816474
 77.180004 -1.648168 2.971188
 77.380004 -2.017101 2.853905
 77.580004 -1.653736 2.808606
 77.780004 -1.728772 3.140052
 77.980004 -1.791295 2.695577
 78.180004 -1.641278 3.122426
 78.380004 -1.975491 2.812869
 78.580004 -1.844699 2.952273
 78.780004 -1.937599 2.959844
 78.980004 -1.897764 3.002654
 79.180004 -1.923439 2.826536
 79.380004 -1.932713 3.111983
 79.580004 -1.883859 2.698920
 79.780004 -1.781774 3.119804
 79.980004 -1.759827 2.831291
 80.180004 -1.802266 2.996928
 80.380004 -1.674404 2.987493
 80.580004 -1.936343 2.774659
 80.780004 -1.807204 3.071119
 80.980004 -1.858503 2.877423
 81.180004 -1.799912 -3.132626
 81.380004 -1.662227 2.804411
 81.580004 -1.940659 3.082384
 81.780004 -1.714489 2.723546
 81.980004 -1.719061 3.048443
 82.180004 -1.978588 2.901783
 82.380004 -1.594114 2.995098
 82.580004 -1.999992 2.922690
 82.780004 -1.875319 2.931807
 82.980004 -1.899191 2.807724
 83.180004 -1.927986 2.969182
 83.380004 -1.721273 2.965937
 83.580004 -2.117025 2.895186
 83.780004 -1.666792 2.950778
 83.980004 -1.916252 2.878330
 84.180004 -1.809189 2.897125
 84.380004 -1.547814 2.853157
 84.580004 -1.952112 3.047646
 84.780004 -1.566569 2.740148
 84.980004 -1.769467 3.079946
 85.180004 -1.858900 2.660303
 85.380004 -1.658330 3.103390
 85.580004 -1.879019 2.835933
 85.780004 -1.693446 2.852899
 85.980004 -1.747615 2.988148
 86.180004 -1.735140 2.642744
 86.380004 -1.808771 3.081401
 86.580004 -1.938490 2.885603
 86.780004 -1.695961 3.088347
 86.980004 -1.992799 2.984228
 87.180004 -1.865997 2.969764
 87.380004 -1.895853 2.884902
 87.580004 -1.818647 3.095019
 87.780004 -1.897699 2.875633
 87.980004 -1.709178 3.018769
 88.180004 -1.835537 2.936666
 88.380004 -1.933744 2.829869
 88.580004 -1.760666 3.035533
 88.780004 -2.041468 2.782258
 88.980004 -1.734668 -3.089681
 89.180004 -1.905122 2.775856
 89.380004 -1.985504 2.962301
 89.580004 -1.645191 2.854613
 89.780004 -1.963252 2.848832
 89.980004 -1.666169 3.056789
 90.180004 -1.625981 2.779280
 90.380004 -2.031677 3.079528
 90.580004 -1.572041 2.767419
 90.780004 -2.025978 3.064627
 90.980004 -1.753611 2.799387
 91.180004 -1.734351 -3.102169
 91.380004 -1.878716 2.799486
 91.580004 -1.607945 3.085438
 91.780004 -2.009032 2.790165
 91.980004 -1.495161 3.125359
 92.180004 -1.966277 2.849418
 92.380004 -1.834585 2.904665
 92.580004 -1.721186 3.017376
 92.780004 -2.030420 2.746959
 92.980004 -1.627388 3.042655
 93.180004 -2.009592 2.800602
 93.380004 -1.788252 3.017717
 93.580004 -1.820787 2.836487
 93.780004 -1.855249 3.056844
 93.980004 -1.667027 2.756662
 94.180004 -1.628452 3.036054
 94.380004 -1.840216 2.928139
 94.580004 -1.598385 2.922569
 94.780005 -1.969211 2.905272
 94.980005 -1.862837 2.932503
 95.180005 -1.807205 2.971980
 95.380005 -2.000676 2.798130
 95.580005 -1.695892 3.081630
 95.780005 -1.943699 2.757038
 95.980005 -1.828722 2.960232
 96.180005 -1.707128 2.793470
 96.380005 -1.790615 3.002107
 96.580005 -1.676859 2.886087
 96.780005 -1.693850 3.054855
 96.980005 -1.850139 2.752045
 97.180005 -1.704628 3.032900
 97.380005 -1.924771 2.795197
 97.580005 -1.841846 2.930183
 97.780005 -1.738375 3.010959
 97.980005 -1.869130 2.813325
 98.180005 -1.768781 3.042477
 98.380005 -1.860374 2.806556
 98.580005 -1.721109 2.972223
 98.780005 -1.731672 2.930113
 98.980005 -1.826541 2.973338
 99.180005 -1.908134 2.870052
 99.380005 -1.995720 2.991603
 99.580005 -1.961689 2.797504
 99.780005 -1.882156 3.115052
 99.980005 -1.922123 2.903795
 100.180005 -1.855098 3.055900
 100.380005 -1.972213 3.009338
 100.580005 -1.787631 2.818403
 100.780005 -1.884079 -3.116660
 100.980005 -1.805177 2.766514
 101.180005 -1.705658 -3.075110
 101.380005 -2.115844 2.785470
 101.580005 -1.720476 -3.110052
 101.780005 -2.044392 2.675646
 101.980005 -1.825861 3.115808
 102.180005 -1.705145 2.918803
 102.380005 -1.881738 2.958729
 102.580005 -1.782053 2.951507
 102.780005 -1.861490 2.864677
 102.980005 -1.915553 2.942565
 103.180005 -1.808454 2.952402
 103.380005 -1.854236 2.969495
 103.580005 -1.808628 2.947610
 103.780005 -1.787091 2.977906
 103.980005 -1.891576 2.842947
 104.180005 -1.825052 3.110297
 104.380005 -1.847495 2.905629
 104.580005 -1.887139 2.983718
 104.780005 -1.827685 2.956817
 104.980005 -1.806053 2.949626
 105.180005 -1.795058 2.948383
 105.380005 -1.808251 3.035531
 105.580005 -1.823672 2.888974
 105.780005 -1.873656 3.014396
 105.980005 -1.887961 3.006343
 106.180005 -1.748219 2.869561
 106.380005 -1.780722 3.134369
 106.580005 -1.858223 2.917996
 106.780005 -1.944373 2.976995
 106.980005 -1.835513 2.943691
 107.180005 -1.875047 3.003015
 107.380005 -1.754131 2.922332
 107.580005 -1.678528 3.124498
 107.780005 -1.934702 2.792361
 107.980005 -1.852020 3.053549
 108.180005 -1.915065 2.783701
 108.380005 -2.002428 3.012329
 108.580005 -1.786563 2.965354
 108.780005 -2.033321 2.831397
 108.980005 -1.755656 3.107818
 109.180005 -1.937834 2.731245
 109.380005 -1.854406 3.065873
 109.580005 -1.831276 2.808470
 109.780005 -2.005564 2.927487
 109.980005 -1.770841 3.022784
 110.180005 -2.008594 2.828587
 110.380005 -1.818261 -3.135183
 110.580005 -1.712500 2.870661
 110.780005 -1.936551 2.953582
 110.980005 -1.679094 2.927694
 111.180005 -1.857189 2.805661
 111.380005 -1.776200 3.032557
 111.580005 -1.703882 2.905208
 111.780005 -1.835098 2.577147
 111.980005 -1.631583 -2.937346
 112.180005 -1.839562 2.374711
 112.380005 -1.816476 -3.098713
 112.580005 -1.778331 2.856077
 112.780005 -1.864497 2.763742
 112.980005 -1.736534 -3.131660
 113.180005 -1.856773 2.657072
 113.380005 -1.739423 3.111737
 113.580005 -1.768423 2.882206
 113.780005 -1.880151 2.853364
 113.980005 -1.639725 3.042064
 114.180005 -1.868945 2.843676
 114.380005 -1.822483 2.882238
 114.580005 -1.689936 3.107872
 114.780005 -2.029994 2.654593
 114.980005 -1.539866 3.126676
 115.180005 -1.940108 2.760535
 115.380005 -1.517971 2.849482
 115.580005 -1.730974 2.991328
 115.780005 -1.829178 2.698263
 115.980006 -1.603771 -3.047527
 116.180006 -2.063193 2.543086
 116.380006 -1.806442 3.108646
 116.580006 -1.910019 2.749530
 116.780006 -1.948156 3.110527
 116.980006 -1.695420 2.797739
 117.180006 -1.926784 3.104096
 117.380006 -1.829937 2.781983
 117.580006 -1.732989 3.028390
 117.780006 -2.120462 2.891589
 117.980006 -1.737524 2.938705
 118.180006 -1.888132 2.977337
 118.380006 -1.897670 2.820062
 118.580006 -1.696292 3.055928
 118.780006 -2.091718 2.722142
 118.980006 -1.570898 3.072003
 119.180006 -1.986768 2.811882
 119.380006 -1.686511 3.025364
 119.580006 -1.808598 2.916685
 119.780006 -1.932661 2.934544
 119.980006 -1.813472 2.942076
 120.180006 -2.075698 3.009874
 120.380006 -1.822392 2.810169
 120.580006 -1.823005 3.024595
 120.780006 -1.802524 2.966269
 120.980006 -1.690626 2.802385
 121.180006 -1.858123 3.051125
 121.380006 -1.805665 2.685495
 121.580006 -1.912614 3.099996
 121.780006 -1.950761 2.878716
 121.980006 -1.825266 2.971798
 122.180006 -2.108046 2.982266
 122.380006 -1.793481 2.991260
 122.580006 -2.003566 2.799325
 122.780006 -1.834404 -3.032560
 122.980006 -1.557186 2.582951
 123.180006 -1.842617 -3.121403
 123.380006 -1.678383 2.796194
 123.580006 -1.854640 2.885247
 123.780006 -1.860441 3.071987
 123.980006 -1.773256 2.736149
 124.180006 -1.892236 -3.012021
 124.380006 -1.905195 2.641962
 124.580006 -1.864085 3.132422
 124.780006 -1.934950 2.728964
 124.980006 -1.733782 3.059473
 125.180006 -1.816466 2.836787
 125.380006 -1.608821 2.916836
 125.580006 -1.948244 2.900516
 125.780006 -1.666742 2.838716
 125.980006 -1.790282 2.837305
 126.180006 -1.789185 3.013106
 126.380006 -1.625812 2.777332
 126.580006 -1.954240 2.994627
 126.780006 -1.780361 2.890046
 126.980006 -1.969954 2.741453
 127.180006 -1.856269 -3.098418
 127.380006 -1.648987 2.582442
 127.580006 -1.896097 -3.027515
 127.780006 -1.758885 2.645563
 127.980006 -1.814128 3.010779
 128.180006 -1.881344 2.913131
 128.380006 -1.556061 2.805959
 128.580006 -1.810640 3.067382
 128.780006 -1.708383 2.887332
 128.980006 -1.725551 2.914214
 129.180006 -2.076866 2.843478
 129.380006 -1.661590 2.941862
 129.580006 -1.905709 2.909796
 129.780006 -1.628715 2.962250
 129.980006 -1.857848 2.754028
 130.180006 -1.741773 3.085695
 130.380006 -1.754315 2.668080
 130.580006 -1.962948 -3.138955
 130.780006 -1.626085 2.736967
 130.980006 -1.791857 3.048663
 131.180006 -1.900421 2.680671
 131.380006 -1.655377 2.958660
 131.580006 -1.924445 2.786863
 131.780006 -1.467861 2.933322
 131.980006 -1.890620 2.967821
 132.180006 -1.680253 2.835152
 132.380006 -1.788258 3.004076
 132.580006 -2.081446 2.782639
 132.780006 -1.500208 3.127755
 132.980006 -2.121669 2.945391
 133.180006 -1.628260 3.009516
 133.380006 -1.922785 2.910824
 133.580006 -1.991095 2.947538
 133.780006 -1.703409 2.922851
 133.980006 -2.033353 3.012804
 134.180006 -1.638515 2.982458
 134.380006 -2.082253 2.820752
 134.580006 -1.846528 -3.137875
 134.780006 -1.803019 2.681131
 134.980006 -1.917948 3.103668
 135.180006 -1.623899 2.797419
 135.380006 -1.756951 2.867897
 135.580006 -1.765165 2.988464
 135.780006 -1.705939 2.743950
 135.980006 -1.872317 3.107267
 136.180006 -1.826960 2.796380
 136.380006 -1.880615 3.001155
 136.580006 -1.871245 2.909229
 136.780006 -1.671481 2.895923
 136.980007 -2.006427 2.973664
 137.180007 -1.693569 2.980098
 137.380007 -1.882357 2.771803
 137.580007 -1.841492 3.072835
 137.780007 -1.655852 2.734750
 137.980007 -1.766505 2.971460
 138.180007 -1.672096 2.886861
 138.380007 -1.711048 2.884181
 138.580007 -1.853097 2.766359
 138.780007 -1.785566 2.923653
 138.980007 -1.830838 2.915986
 139.180007 -1.698363 2.958191
 139.380007 -1.831554 2.787319
 139.580007 -1.714689 3.049039
 139.780007 -1.881777 2.830732
 139.980007 -1.817386 2.933258
 140.180007 -1.705644 2.993555
 140.380007 -1.800186 2.888433
 140.580007 -1.635200 2.888059
 140.780007 -1.802937 2.948781
 140.980007 -1.842316 2.825790
 141.180007 -1.580216 2.944202
 141.380007 -2.007900 2.990833
 141.580007 -1.645768 2.895513
 141.780007 -1.849243 2.998419
 141.980007 -1.981772 2.802267
 142.180007 -1.575591 3.033413
 142.380007 -2.071571 2.881651
 142.580007 -1.488691 2.945941
 142.780007 -1.898807 2.866932
 142.980007 -1.841457 2.876208
 143.180007 -1.604869 2.825752
 143.380007 -1.800612 3.023750
 143.580007 -1.719011 2.867591
 143.780007 -1.938939 3.048616
 143.980007 -1.855989 2.970151
 144.180007 -1.927849 2.862409
 144.380007 -1.976962 3.114332
 144.580007 -1.722776 2.691466
 144.780007 -1.827703 -2.984036
 144.980007 -1.831296 2.644164
 145.180007 -1.701862 3.066390
 145.380007 -2.103416 2.836861
 145.580007 -1.707490 3.033222
 145.780007 -2.005970 2.862431
 145.980007 -1.982711 2.923524
 146.180007 -1.824419 2.869924
 146.380007 -1.986661 2.924284
 146.580007 -1.655649 2.875203
 146.780007 -1.942115 2.897905
 146.980007 -1.756470 2.995150
 147.180007 -1.646592 2.807565
 147.380007 -1.925215 3.010163
 147.580007 -1.686577 2.827177
 147.780007 -1.887102 3.047329
 147.980007 -1.878734 2.791570
 148.180007 -1.743269 3.058616
 148.380007 -2.004016 2.894060
 148.580007 -1.704087 2.939010
 148.780007 -2.060154 2.987304
 148.980007 -1.782239 2.863414
 149.180007 -1.758680 3.088386
 149.380007 -1.918075 2.812980
 149.580007 -1.618174 2.942128
 149.780007 -2.008421 2.902285
 149.980007 -1.722339 2.852978
 150.180007 -1.799824 2.895822
 150.380007 -1.944044 2.973631
 150.580007 -1.745225 2.752571
 150.780007 -1.892354 2.995562
 150.980007 -1.762230 2.858006
 151.180007 -1.678881 2.990006
 151.380007 -1.965689 2.883812
 151.580007 -1.622323 2.967503
 151.780007 -1.871508 2.922300
 151.980007 -1.845530 2.728208
 152.180007 -1.775704 -3.140909
 152.380007 -1.934024 2.695879
 152.580007 -1.645834 3.005071
 152.780007 -1.972803 2.804255
 152.980007 -1.700178 2.944644
 153.180007 -1.863699 2.923445
 153.380007 -1.862214 2.885674
 153.580007 -1.820325 2.920751
 153.780007 -1.958994 3.065300
 153.980007 -1.771905 2.769199
 154.180007 -1.865981 3.129361
 154.380007 -1.767041 2.846360
 154.580007 -1.711521 2.975944
 154.780007 -1.856960 2.928132
 154.980007 -1.787654 2.926964
 155.180007 -1.974476 2.954875
 155.380007 -1.815170 2.926293
 155.580007 -1.871841 3.000312
 155.780007 -1.860775 2.957558
 155.980007 -1.819765 2.985178
 156.180007 -1.975544 2.894448
 156.380007 -1.657215 3.056271
 156.580007 -1.993547 2.835727
 156.780007 -1.628858 3.041216
 156.980007 -1.764693 2.730978
 157.180007 -1.995203 3.092612
 157.380007 -1.634706 2.785581
 157.580007 -2.118875 2.981361
 157.780007 -1.792247 2.971587
 157.980008 -1.760829 2.889162
 158.180008 -1.990745 2.990701
 158.380008 -1.664604 2.925003
 158.580008 -1.960563 2.930495
 158.780008 -1.783460 2.945214
 158.980008 -1.773244 2.940690
 159.180008 -1.911840 2.941475
 159.380008 -1.685364 2.903576
 159.580008 -1.902917 2.917771
 159.780008 -1.740152 2.945333
 159.980008 -1.802755 2.769143
 160.180008 -1.818275 -3.139863
 160.380008 -1.780305 2.784577
 160.580008 -1.838574 3.080792
 160.780008 -1.932117 2.799426
 160.980008 -1.757726 2.905926
 161.180008 -1.801836 2.988208
 161.380008 -1.701108 2.744275
 161.580008 -1.859171 3.027836
 161.780008 -1.784099 2.883743
 161.980008 -1.912913 2.941243
 162.180008 -1.960318 2.921788
 162.380008 -1.765212 2.885916
 162.580008 -1.828767 2.940248
 162.780008 -1.738239 2.890981
 162.980008 -1.940723 2.827265
 163.180008 -1.740776 3.040019
 163.380008 -1.855561 2.830027
 163.580008 -1.768522 3.016956
 163.780008 -1.621707 2.848498
 163.980008 -1.832555 2.872697
 164.180008 -1.786640 2.934038
 164.380008 -1.856512 2.698121
 164.580008 -1.825979 -2.973721
 164.780008 -1.751756 2.655122
 164.980008 -1.923008 3.042594
 165.180008 -1.625435 2.724576
 165.380008 -1.611539 2.962146
 165.580008 -1.681090 2.857877
 165.780008 -1.595362 2.913280
 165.980008 -1.865466 2.898331
 166.180008 -1.641067 2.928604
 166.380008 -2.025815 2.776428
 166.580008 -1.641578 3.086969
 166.780008 -1.945007 2.812788
 166.980008 -1.873756 2.799614
 167.180008 -1.499072 2.976019
 167.380008 -2.039343 2.791903
 167.580008 -1.455047 2.941633
 167.780008 -1.901347 2.820235
 167.980008 -1.635940 3.026747
 168.180008 -1.603325 2.650723
 168.380008 -1.915537 3.086745
 168.580008 -1.605104 2.631782
 168.780008 -1.947022 3.085331
 168.980008 -1.686252 2.731989
 169.180008 -1.608244 3.131586
 169.380008 -2.046089 2.832701
 169.580008 -1.579995 2.967602
 169.780008 -2.016021 3.054974
 169.980008 -1.758146 2.640847
 170.180008 -1.676990 -3.122871
 170.380008 -1.960003 2.652137
 170.580008 -1.582982 -3.109136
 170.780008 -2.210359 2.653747
 170.980008 -1.647862 -3.055494
 171.180008 -1.936565 2.688909
 171.380008 -1.829511 3.131345
 171.580008 -1.661905 2.675565
 171.780008 -2.038302 3.022445
 171.980008 -1.591358 2.828458
 172.180008 -2.048594 2.989946
 172.380008 -1.670601 3.066696
 172.580008 -1.985643 2.644695
 172.780008 -2.019986 -3.117772
 172.980008 -1.768156 2.577389
 173.180008 -1.870216 -2.992595
 173.380008 -1.801182 2.634160
 173.580008 -1.439223 -3.091746
 173.780008 -2.058891 2.736823
 173.980008 -1.623494 2.969728
 174.180008 -2.004232 2.910026
 174.380008 -1.800428 2.820492
 174.580008 -1.797736 3.063292
 174.780008 -1.883714 2.850303
 174.980008 -1.853360 2.806493
 175.180008 -1.871410 2.976337
 175.380008 -1.667976 2.750419
 175.580008 -1.762561 3.044154
 175.780008 -1.605471 2.844558
 175.980008 -1.932715 2.846052
 176.180008 -1.750209 3.060286
 176.380008 -1.918418 2.574415
 176.580008 -1.942703 -2.858644
 176.780008 -1.665855 2.495111
 176.980008 -1.979107 3.049086
 177.180008 -1.629398 2.796411
 177.380008 -1.682176 2.990742
 177.580008 -1.761996 3.033429
 177.780008 -1.550944 2.818001
 177.980008 -2.141681 3.001997
 178.180008 -1.638426 2.851028
 178.380008 -1.969552 2.860758
 178.580008 -2.098698 2.879801
 178.780008 -1.567129 3.036499
 178.980009 -2.078321 2.829945
 179.180009 -1.588744 2.940250
 179.380009 -2.101200 2.776311
 179.580009 -1.881493 3.062874
 179.780009 -1.579934 2.683163
 179.980009 -1.836712 3.066093
 180.180009 -1.688418 2.823955
 180.380009 -1.852060 3.078183
 180.580009 -1.917184 2.818663
 180.780009 -1.614250 2.972318
 180.980009 -1.880963 2.972400
 181.180009 -1.655789 2.944426
 181.380009 -1.956754 2.876240
 181.580009 -1.965048 2.808955
 181.780009 -1.813924 3.087612
 181.980009 -2.124477 2.775677
 182.180009 -1.737284 3.123072
 182.380009 -1.948816 2.880740
 182.580009 -1.889702 2.999872
 182.780009 -1.791322 2.828001
 182.980009 -1.865489 3.038087
 183.180009 -1.765602 2.891157
 183.380009 -1.691472 3.019242
 183.580009 -1.966964 2.851317
 183.780009 -1.760746 3.020862
 183.980009 -1.890976 2.772142
 184.180009 -1.840972 3.053150
 184.380009 -1.629129 2.886590
 184.580009 -1.916131 2.862732
 184.780009 -1.695065 3.040938
 184.980009 -1.932243 2.687036
 185.180009 -1.696103 3.131053
 185.380009 -1.850290 2.815253
 185.580009 -1.803939 2.934052
 185.780009 -1.803242 3.016571
 185.980009 -1.907195 2.874086
 186.180009 -1.839431 2.886372
 186.380009 -1.755891 3.073118
 186.580009 -1.863053 2.718741
 186.780009 -1.586117 3.129890
 186.980009 -1.848057 2.739056
 187.180009 -1.810770 2.897192
 187.380009 -1.618896 2.990954
 187.580009 -1.809682 2.614254
 187.780009 -1.490847 -3.103840
 187.980009 -1.833780 2.640535
 188.180009 -1.877254 3.054842
 188.380009 -1.953989 2.708664
 188.580009 -1.818939 3.039096
 188.780009 -1.822055 2.770462
 188.980009 -1.845647 3.106395
 189.180009 -1.845411 2.828251
 189.380009 -1.767752 3.055305
 189.580009 -2.094637 2.775233
 189.780009 -1.632784 3.099615
 189.980009 -1.940380 2.855846
 190.180009 -1.899423 2.940679
 190.380009 -1.896655 2.988285
 190.580009 -2.210992 2.787522
 190.780009 -1.664984 3.076908
 190.980009 -1.903824 2.888553
 191.180009 -1.713300 3.012198
 191.380009 -1.633881 2.864299
 191.580009 -1.909843 2.876640
 191.780009 -1.671415 2.939459
 191.980009 -1.823555 3.032813
 192.180009 -1.855707 2.767786
 192.380009 -1.582528 3.104347
 192.580009 -2.063384 2.861998
 192.780009 -1.566240 2.890262
 192.980009 -1.769784 3.038845
 193.180009 -2.098773 2.713269
 193.380009 -1.586225 -3.097431
 193.580009 -2.184797 2.809270
 193.780009 -1.784205 2.913929
 193.980009 -1.777317 2.934849
 194.180009 -1.870134 2.932263
 194.380009 -1.584536 3.044955
 194.580009 -2.126187 2.784638
 194.780009 -1.744116 3.052082
 194.980009 -1.988895 2.846528
 195.180009 -1.865588 2.980271
 195.380009 -1.745594 2.931433
 195.580009 -1.933527 3.001637
 195.780009 -1.746950 2.757419
 195.980009 -1.739800 3.061991
 196.180009 -1.906958 2.833536
 196.380009 -1.512654 3.056181
 196.580009 -1.915639 2.784424
 196.780009 -1.811049 2.853103
 196.980009 -1.809341 2.972146
 197.180009 -1.835085 2.732758
 197.380009 -1.606837 3.090295
 197.580009 -1.732966 2.778999
 197.780009 -1.750055 2.950287
 197.980009 -1.776165 2.791308
 198.180009 -1.755584 2.988083
 198.380009 -1.897280 2.747218
 198.580009 -1.615906 3.025426
 198.780009 -1.927520 2.785432
 198.980009 -1.712994 3.015055
 199.180009 -1.979020 2.811931
 199.380009 -1.754559 2.917513
 199.580009 -1.694639 2.819097
 199.780009 -1.646806 3.022352
 199.980009 -1.672635 2.817368
