#! FIELDS time phi psi
#! SET max_psi pi
 0.180000 -2.554070 1.475254
 0.380000 -2.291586 0.007238
 0.580000 -2.514369 1.327788
 0.780000 -2.527198 -0.052416
 0.980000 -2.686836 1.138765
 1.180000 -2.288189 0.266444
 1.380000 -2.868127 0.989339
 1.580000 -2.214889 0.405219
 1.780000 -2.805552 0.759075
 1.980000 -2.019201 0.533265
 2.180000 -3.011339 0.725016
 2.380000 -2.183382 0.517936
 2.580000 -2.679573 0.756538
 2.780000 -2.521032 0.321454
 2.980000 -2.600763 0.949543
 3.180000 -2.563631 0.382299
 3.380000 -2.664367 0.864440
 3.580000 -2.489849 0.416765
 3.780000 -2.578674 0.738389
 3.980000 -2.206467 0.512793
 4.180000 -2.808306 0.598082
 4.380000 -2.160624 0.525816
 4.580000 -2.778558 0.696702
 4.780000 -2.450121 0.391834
 4.980000 -2.676729 0.817940
 5.180000 -2.557731 0.488393
 5.380000 -2.430736 0.872424
 5.580000 -2.711746 0.329342
 5.780000 -2.522573 0.820039
 5.980000 -2.740041 0.402117
 6.180000 -2.580312 0.622096
 6.380000 -2.355961 0.541659
 6.580000 -2.638497 0.421688
 6.780000 -2.192050 0.903014
 6.980000 -2.672938 0.473099
 7.180000 -2.497069 0.614869
 7.380000 -2.475611 0.680386
 7.580000 -2.679539 0.414645
 7.780000 -2.660688 0.621217
 7.980000 -2.676066 0.609311
 8.180000 -2.520454 0.520392
 8.380000 -2.536673 0.649874
 8.580000 -2.446666 0.485063
 8.780000 -2.400874 0.794725
 8.980000 -2.557205 0.426672
 9.180000 -2.492931 0.668063
 9.380000 -2.510441 0.588207
 9.580000 -2.692630 0.522967
 9.780000 -2.478496 0.715110
 9.980000 -2.624068 0.539696
 10.180000 -2.478138 0.649020
 10.380000 -2.590731 0.597121
 10.580001 -2.505826 0.594713
 10.780001 -2.537012 0.534290
 10.980001 -2.719856 0.537088
 11.180001 -2.561289 0.651028
 11.380001 -2.678410 0.619530
 11.580001 -2.636261 0.602389
 11.780001 -2.517710 0.611507
 11.980001 -2.770524 0.595975
 12.180001 -2.450346 0.772762
 12.380001 -2.720764 0.453048
 12.580001 -2.590524 0.685237
 12.780001 -2.596722 0.535829
 12.980001 -2.725918 0.757529
 13.180001 -2.322846 0.561928
 13.380001 -2.657301 0.656075
 13.580001 -2.412006 0.567926
 13.780001 -2.625358 0.628328
 13.980001 -2.631588 0.474139
 14.180001 -2.631609 0.740087
 14.380001 -2.715571 0.477247
 14.580001 -2.398215 0.898400
 14.780001 -2.705049 0.465973
 14.980001 -2.535779 0.717984
 15.180001 -2.482849 0.538721
 15.380001 -2.724027 0.577536
 15.580001 -2.375576 0.575174
 15.780001 -2.845156 0.532563
 15.980001 -2.302952 0.774585
 16.180001 -2.694415 0.530278
 16.380001 -2.434330 0.673339
 16.580001 -2.506085 0.767910
 16.780001 -2.674897 0.276206
 16.980001 -2.430945 0.848580
 17.180001 -2.729153 0.344451
 17.380001 -2.645616 0.853794
 17.580001 -2.358899 0.518305
 17.780001 -2.778362 0.770765
 17.980001 -2.240132 0.616149
 18.180001 -2.700518 0.601790
 18.380001 -2.377435 0.583104
 18.580001 -2.628529 0.553361
 18.780001 -2.516725 0.588699
 18.980001 -2.447055 0.820705
 19.180001 -2.731063 0.364733
 19.380001 -2.513158 0.871960
 19.580001 -2.637773 0.396766
 19.780001 -2.534472 0.816627
 19.980001 -2.501520 0.549353
 20.180001 -2.662214 0.597986
 20.380001 -2.361470 0.687687
 20.580001 -2.788797 0.418370
 20.780001 -2.366598 0.783025
 20.980001 -2.684575 0.454554
 21.180001 -2.581881 0.669321
 21.380001 -2.604032 0.605085
 21.580001 -2.545825 0.606447
 21.780001 -2.545829 0.619480
 21.980001 -2.732934 0.439994
 22.180001 -2.450796 0.732983
 22.380001 -2.543540 0.592884
 22.580001 -2.568755 0.583837
 22.780001 -2.510085 0.646627
 22.980001 -2.710752 0.436843
 23.180001 -2.434589 0.841306
 23.380001 -2.826374 0.363271
 23.580001 -2.607151 0.787503
 23.780001 -2.482897 0.524829
 23.980001 -2.773926 0.637464
 24.180001 -2.245188 0.521776
 24.380001 -2.721236 0.661210
 24.580001 -2.345894 0.542593
 24.780001 -2.726144 0.622014
 24.980001 -2.560730 0.538116
 25.180001 -2.555306 0.734334
 25.380001 -2.736319 0.408622
 25.580001 -2.653215 0.719242
 25.780001 -2.644474 0.518304
 25.980001 -2.691692 0.684604
 26.180001 -2.594225 0.564337
 26.380001 -2.571733 0.661078
 26.580001 -2.318471 0.604539
 26.780001 -2.638575 0.446331
 26.980001 -2.476096 0.812653
 27.180001 -2.525104 0.611499
 27.380001 -2.649150 0.575225
 27.580001 -2.233428 0.665735
 27.780001 -2.706117 0.617880
 27.980001 -2.442188 0.678182
 28.180001 -2.890168 0.585599
 28.380001 -2.605715 0.473898
 28.580001 -2.295960 0.896193
 28.780001 -2.691562 0.292097
 28.980001 -2.372104 0.767634
 29.180001 -2.411677 0.632644
 29.380001 -2.563859 0.489769
 29.580001 -2.503144 0.757930
 29.780001 -2.593838 0.340189
 29.980001 -2.360581 0.743180
 30.180001 -2.473546 0.429703
 30.380001 -2.551897 0.727062
 30.580001 -2.243510 0.736200
 30.780001 -2.918972 0.344387
 30.980001 -2.432733 0.685893
 31.180001 -2.639053 0.558382
 31.380001 -2.659207 0.636297
 31.580001 -2.414667 0.627233
 31.780002 -2.730632 0.593913
 31.980002 -2.481481 0.688193
 32.180002 -2.946074 0.514683
 32.380002 -2.559493 0.666947
 32.580002 -2.650072 0.535742
 32.780002 -2.539279 0.599462
 32.980002 -2.393195 0.609479
 33.180002 -2.642584 0.559204
 33.380002 -2.401204 0.794165
 33.580002 -2.831896 0.455380
 33.780002 -2.668246 0.647546
 33.980002 -2.577818 0.534916
 34.180002 -2.660731 0.749980
 34.380002 -2.283958 0.439902
 34.580002 -2.814255 0.662360
 34.780002 -2.237469 0.566777
 34.980002 -2.743821 0.756467
 35.180002 -2.504548 0.283323
 35.380002 -2.514804 0.922626
 35.580002 -2.663504 0.378780
 35.780002 -2.428606 0.834590
 35.980002 -2.490233 0.229857
 36.180002 -2.601729 0.822030
 36.380002 -2.303366 0.604039
 36.580002 -2.644281 0.587260
 36.780002 -2.204558 0.803468
 36.980002 -2.667991 0.435583
 37.180002 -2.407109 0.753105
 37.380002 -2.579099 0.573572
 37.580002 -2.737839 0.661516
 37.780002 -2.439915 0.463213
 37.980002 -2.793547 0.589917
 38.180002 -2.277847 0.618279
 38.380002 -2.836962 0.590301
 38.580002 -2.574898 0.574003
 38.780002 -2.345678 0.670131
 38.980002 -2.634795 0.399081
 39.180002 -2.548966 0.716783
 39.380002 -2.590045 0.481792
 39.580002 -2.687110 0.828897
 39.780002 -2.453915 0.689412
 39.980002 -2.620769 0.497537
 40.180002 -2.512367 0.686203
 40.380002 -2.643917 0.478445
 40.580002 -2.440390 0.502347
 40.780002 -2.561745 0.666197
 40.980002 -2.606334 0.590121
 41.180002 -2.418116 0.584820
 41.380002 -2.563237 0.646615
 41.580002 -2.421353 0.647379
 41.780002 -2.696043 0.554012
 41.980002 -2.549291 0.683486
 42.180002 -2.676213 0.532511
 42.380002 -2.755406 0.638085
 42.580002 -2.507298 0.648165
 42.780002 -2.727836 0.573057
 42.980002 -2.345602 0.587912
 43.180002 -2.671658 0.597189
 43.380002 -2.326416 0.588983
 43.580002 -2.661514 0.630869
 43.780002 -2.551116 0.543893
 43.980002 -2.485873 0.848416
 44.180002 -2.728304 0.473757
 44.380002 -2.510528 0.859786
 44.580002 -2.608788 0.492794
 44.780002 -2.608456 0.579568
 44.980002 -2.463607 0.466160
 45.180002 -2.634887 0.800494
 45.380002 -2.285046 0.605912
 45.580002 -2.809647 0.667695
 45.780002 -2.433965 0.493930
 45.980002 -2.654300 0.871182
 46.180002 -2.614911 0.332405
 46.380002 -2.558432 0.855268
 46.580002 -2.430100 0.392453
 46.780002 -2.552166 0.828024
 46.980002 -2.570448 0.503627
 47.180002 -2.559809 0.752919
 47.380002 -2.540064 0.516969
 47.580002 -2.789159 0.579289
 47.780002 -2.385478 0.608123
 47.980002 -2.679687 0.458437
 48.180002 -2.460623 0.652733
 48.380002 -2.572629 0.652342
 48.580002 -2.493584 0.653509
 48.780002 -2.855755 0.719699
 48.980002 -2.541320 0.487155
 49.180002 -2.492816 0.802092
 49.380002 -2.643200 0.302982
 49.580002 -2.393884 0.728770
 49.780002 -2.393756 0.511420
 49.980002 -2.726406 0.603240
 50.180002 -2.571903 0.501504
 50.380002 -2.515811 0.787228
 50.580002 -2.542598 0.484120
 50.780002 -2.780094 0.658179
 50.980002 -2.433491 0.458669
 51.180002 -2.555400 0.839550
 51.380002 -2.622451 0.375329
 51.580002 -2.655779 0.684212
 51.780002 -2.473053 0.550313
 51.980002 -2.718321 0.694058
 52.180002 -2.380016 0.539395
 52.380002 -2.720990 0.637993
 52.580002 -2.325736 0.530936
 52.780003 -2.573227 0.688576
 52.980003 -2.537761 0.546452
 53.180003 -2.661124 0.585744
 53.380003 -2.494382 0.664397
 53.580003 -2.609549 0.585443
 53.780003 -2.642864 0.460666
 53.980003 -2.542305 0.634319
 54.180003 -2.651507 0.614900
 54.380003 -2.687941 0.636806
 54.580003 -2.646777 0.533491
 54.780003 -2.583175 0.575907
 54.980003 -2.415855 0.568454
 55.180003 -2.630846 0.650533
 55.380003 -2.452997 0.563052
 55.580003 -2.711395 0.665741
 55.780003 -2.448373 0.602557
 55.980003 -2.772430 0.663763
 56.180003 -2.462117 0.483899
 56.380003 -2.682594 0.837497
 56.580003 -2.502142 0.406557
 56.780003 -2.475608 0.822961
 56.980003 -2.409190 0.409428
 57.180003 -2.564230 0.883388
 57.380003 -2.452098 0.252295
 57.580003 -2.650116 0.812830
 57.780003 -2.392674 0.501363
 57.980003 -2.871022 0.569627
 58.180003 -2.398516 0.504086
 58.380003 -2.693599 0.723265
 58.580003 -2.467252 0.536364
 58.780003 -2.866684 0.647814
 58.980003 -2.596799 0.647369
 59.180003 -2.595915 0.618212
 59.380003 -2.802174 0.517192
 59.580003 -2.497776 0.611899
 59.780003 -2.602086 0.627814
 59.980003 -2.480796 0.518439
 60.180003 -2.562329 0.733522
 60.380003 -2.557695 0.617672
 60.580003 -2.424758 0.703555
 60.780003 -2.654443 0.420920
 60.980003 -2.614076 0.647378
 61.180003 -2.566203 0.584998
 61.380003 -2.752184 0.678177
 61.580003 -2.463458 0.458871
 61.780003 -2.596598 0.714303
 61.980003 -2.337227 0.550905
 62.180003 -2.716015 0.604648
 62.380003 -2.552427 0.519423
 62.580003 -2.753522 0.750052
 62.780003 -2.432262 0.558322
 62.980003 -2.818668 0.640561
 63.180003 -2.452115 0.504000
 63.380003 -2.576012 0.779201
 63.580003 -2.567985 0.496380
 63.780003 -2.501799 0.605988
 63.980003 -2.510672 0.695290
 64.180003 -2.474451 0.572158
 64.380003 -2.853024 0.534774
 64.580003 -2.560293 0.651958
 64.780003 -2.668121 0.716952
 64.980003 -2.821996 0.427334
 65.180003 -2.566738 0.750536
 65.380003 -2.550448 0.444004
 65.580003 -2.569693 0.521357
 65.780003 -2.550007 0.595348
 65.980003 -2.567351 0.596192
 66.180003 -2.458360 0.746041
 66.380003 -2.611862 0.486978
 66.580003 -2.687141 0.573786
 66.780003 -2.286229 0.624466
 66.980003 -2.716497 0.734072
 67.180003 -2.386074 0.434787
 67.380003 -2.643844 0.742116
 67.580003 -2.425997 0.609836
 67.780003 -2.766018 0.638442
 67.980003 -2.492457 0.434815
 68.180003 -2.615232 0.886320
 68.380003 -2.771281 0.380586
 68.580003 -2.858036 0.673230
 68.780003 -2.563740 0.456124
 68.980003 -2.711540 0.709079
 69.180003 -2.629229 0.535411
 69.380003 -2.708880 0.638789
 69.580003 -2.463620 0.597767
 69.780003 -2.651095 0.665517
 69.980003 -2.528996 0.435164
 70.180003 -2.379117 0.627680
 70.380003 -2.445340 0.616894
 70.580003 -2.497758 0.516086
 70.780003 -2.522946 0.602880
 70.980003 -2.443948 0.513871
 71.180003 -2.780875 0.684104
 71.380003 -2.626044 0.436364
 71.580003 -2.313536 0.781471
 71.780003 -2.710120 0.496886
 71.980003 -2.379375 0.534520
 72.180003 -2.627393 0.590542
 72.380003 -2.500589 0.659598
 72.580003 -2.647646 0.584269
 72.780003 -2.687390 0.484118
 72.980003 -2.407446 0.756491
 73.180003 -2.807423 0.406094
 73.380003 -2.826352 0.682322
 73.580003 -2.546512 0.520223
 73.780004 -2.555941 0.751081
 73.980004 -2.616175 0.518179
 74.180004 -2.557224 0.687905
 74.380004 -2.358585 0.625682
 74.580004 -2.518668 0.480542
 74.780004 -2.561127 0.657201
 74.980004 -2.533320 0.604604
 75.180004 -2.654578 0.518135
 75.380004 -2.486838 0.615806
 75.580004 -2.661765 0.669610
 75.780004 -2.592765 0.579572
 75.980004 -2.748481 0.664419
 76.180004 -2.508974 0.576311
 76.380004 -2.709485 0.673691
 76.580004 -2.528617 0.398813
 76.780004 -2.485802 0.809925
 76.980004 -2.547620 0.356340
 77.180004 -2.597058 0.753767
 77.380004 -2.411269 0.497620
 77.580004 -2.846824 0.758774
 77.780004 -2.529020 0.505981
 77.980004 -2.810192 0.774884
 78.180004 -2.428883 0.391654
 78.380004 -2.626556 0.855411
 78.580004 -2.427924 0.272331
 78.780004 -2.486076 0.882707
 78.980004 -2.316431 0.215896
 79.180004 -2.669501 0.856627
 79.380004 -2.276511 0.451950
 79.580004 -2.822461 0.853370
 79.780004 -2.333990 0.538770
 79.980004 -2.854512 0.750832
 80.180004 -2.346963 0.283282
 80.380004 -2.620370 0.947281
 80.580004 -2.460267 0.341982
 80.780004 -2.747047 0.866215
 80.980004 -2.428694 0.548329
 81.180004 -2.823528 0.802542
 81.380004 -2.445218 0.383988
 81.580004 -2.678051 0.839512
 81.780004 -2.288511 0.389369
 81.980004 -2.802948 0.829616
 82.180004 -2.382895 0.363509
 82.380004 -2.662207 0.918215
 82.580004 -2.414768 0.440619
 82.780004 -2.751966 0.777146
 82.980004 -2.319018 0.320575
 83.180004 -2.678240 0.760349
 83.380004 -2.479418 0.420637
 83.580004 -2.682987 0.804144
 83.780004 -2.466773 0.562418
 83.980004 -2.666825 0.716840
 84.180004 -2.633919 0.636915
 84.380004 -2.457147 0.594295
 84.580004 -2.646156 0.688547
 84.780004 -2.514200 0.512923
 84.980004 -2.739184 0.541710
 85.180004 -2.483803 0.501081
 85.380004 -2.695032 0.853473
 85.580004 -2.482601 0.424793
 85.780004 -2.590413 0.836496
 85.980004 -2.411645 0.413106
 86.180004 -2.708920 0.793299
 86.380004 -2.373620 0.490401
 86.580004 -2.697887 0.732927
 86.780004 -2.421180 0.392789
 86.980004 -2.764692 0.768485
 87.180004 -2.485770 0.608375
 87.380004 -2.637753 0.578040
 87.580004 -2.494089 0.535570
 87.780004 -2.445775 0.740688
 87.980004 -2.666145 0.529344
 88.180004 -2.557563 0.536084
 88.380004 -2.553550 0.693439
 88.580004 -2.692583 0.449387
 88.780004 -2.691200 0.640496
 88.980004 -2.514801 0.493465
 89.180004 -2.522849 0.726576
 89.380004 -2.627121 0.464278
 89.580004 -2.426115 0.638527
 89.780004 -2.427659 0.558313
 89.980004 -2.655133 0.537056
 90.180004 -2.394266 0.658112
 90.380004 -2.569126 0.567073
 90.580004 -2.618990 0.541249
 90.780004 -2.490190 0.746913
 90.980004 -2.453182 0.393808
 91.180004 -2.525237 0.590466
 91.380004 -2.578761 0.630771
 91.580004 -2.537863 0.567335
 91.780004 -2.650509 0.764708
 91.980004 -2.598921 0.435806
 92.180004 -2.492863 0.752315
 92.380004 -2.437628 0.493627
 92.580004 -2.695289 0.679251
 92.780004 -2.505730 0.536821
 92.980004 -2.627343 0.608781
 93.180004 -2.623880 0.632056
 93.380004 -2.737176 0.593720
 93.580004 -2.420067 0.585297
 93.780004 -2.683205 0.656852
 93.980004 -2.640826 0.452229
 94.180004 -2.498266 0.684731
 94.380004 -2.652804 0.488852
 94.580004 -2.598139 0.633650
 94.780005 -2.705671 0.378450
 94.980005 -2.572866 0.884368
 95.180005 -2.640696 0.501465
 95.380005 -2.734062 0.713629
 95.580005 -2.335686 0.592045
 95.780005 -2.871171 0.521569
 95.980005 -2.295234 0.718682
 96.180005 -2.670010 0.590443
 96.380005 -2.511649 0.556547
 96.580005 -2.456728 0.705813
 96.780005 -2.563877 0.449448
 96.980005 -2.374460 0.705817
 97.180005 -2.660175 0.485566
 97.380005 -2.629275 0.689238
 97.580005 -2.469225 0.582908
 97.780005 -2.834630 0.565491
 97.980005 -2.436748 0.583538
 98.180005 -2.836481 0.755813
 98.380005 -2.404130 0.381132
 98.580005 -2.594877 0.901545
 98.780005 -2.463688 0.364963
 98.980005 -2.472485 0.794592
 99.180005 -2.591607 0.397065
 99.380005 -2.592697 0.812168
 99.580005 -2.594452 0.331367
 99.780005 -2.729950 0.722531
 99.980005 -2.534309 0.574065
 100.180005 -2.888148 0.632698
 100.380005 -2.394571 0.575274
 100.580005 -2.821548 0.523376
 100.780005 -2.395428 0.533810
 100.980005 -2.659628 0.842971
 101.180005 -2.467818 0.462611
 101.380005 -2.525915 0.804728
 101.580005 -2.488930 0.387275
 101.780005 -2.467908 0.850717
 101.980005 -2.545511 0.320051
 102.180005 -2.780686 0.796508
 102.380005 -2.405028 0.570845
 102.580005 -2.804777 0.589652
 102.780005 -2.312485 0.542527
 102.980005 -2.862870 0.735963
 103.180005 -2.408769 0.487266
 103.380005 -2.824773 0.818306
 103.580005 -2.467341 0.231238
 103.780005 -2.526537 0.895696
 103.980005 -2.383764 0.358111
 104.180005 -2.651061 0.796303
 104.380005 -2.503595 0.212445
 104.580005 -2.586375 0.874958
 104.780005 -2.584799 0.473951
 104.980005 -2.678264 0.630618
 105.180005 -2.324118 0.621862
 105.380005 -2.708413 0.600724
 105.580005 -2.258973 0.539067
 105.780005 -2.664622 0.789379
 105.980005 -2.419199 0.387125
 106.180005 -2.731076 0.870505
 106.380005 -2.688274 0.303475
 106.580005 -2.541567 0.813815
 106.780005 -2.797899 0.456479
 106.980005 -2.552696 0.728444
 107.180005 -2.595521 0.571716
 107.380005 -2.576555 0.668072
 107.580005 -2.542093 0.585384
 107.780005 -2.549018 0.665033
 107.980005 -2.398571 0.579020
 108.180005 -2.806061 0.531680
 108.380005 -2.297994 0.744386
 108.580005 -2.667300 0.617169
 108.780005 -2.520480 0.405311
 108.980005 -2.576771 0.760978
 109.180005 -2.647131 0.535054
 109.380005 -2.480520 0.748580
 109.580005 -2.594730 0.463339
 109.780005 -2.624712 0.715042
 109.980005 -2.663766 0.482499
 110.180005 -2.726445 0.641999
 110.380005 -2.393390 0.567325
 110.580005 -2.720295 0.723462
 110.780005 -2.293185 0.379584
 110.980005 -2.683865 0.791928
 111.180005 -2.385602 0.378659
 111.380005 -2.749380 0.836901
 111.580005 -2.777451 0.260112
 111.780005 -2.693093 0.885258
 111.980005 -2.692185 0.373885
 112.180005 -2.733259 0.748747
 112.380005 -2.577933 0.474535
 112.580005 -2.633866 0.665840
 112.780005 -2.507623 0.545618
 112.980005 -2.769691 0.571008
 113.180005 -2.419038 0.680006
 113.380005 -2.668940 0.640212
 113.580005 -2.537232 0.480922
 113.780005 -2.549937 0.808399
 113.980005 -2.555852 0.477248
 114.180005 -2.521646 0.758991
 114.380005 -2.535574 0.413727
 114.580005 -2.459332 0.667265
 114.780005 -2.325865 0.600546
 114.980005 -2.611632 0.559216
 115.180005 -2.425602 0.677802
 115.380005 -2.664140 0.567825
 115.580005 -2.670392 0.546074
 115.780005 -2.611600 0.726318
 115.980006 -2.780301 0.474812
 116.180006 -2.424133 0.716911
 116.380006 -2.669001 0.540551
 116.580006 -2.463247 0.564849
 116.780006 -2.687901 0.641029
 116.980006 -2.553847 0.461839
 117.180006 -2.429687 0.868038
 117.380006 -2.562040 0.434246
 117.580006 -2.576326 0.747119
 117.780006 -2.548779 0.565339
 117.980006 -2.690959 0.615059
 118.180006 -2.374446 0.493556
 118.380006 -2.669381 0.647429
 118.580006 -2.333998 0.605829
 118.780006 -2.772957 0.722149
 118.980006 -2.722153 0.412839
 119.180006 -2.523529 0.916795
 119.380006 -2.652537 0.331722
 119.580006 -2.577509 0.731549
 119.780006 -2.501013 0.507874
 119.980006 -2.599874 0.779366
 120.180006 -2.374747 0.505224
 120.380006 -2.794207 0.694894
 120.580006 -2.320193 0.475109
 120.780006 -2.816327 0.845820
 120.980006 -2.269650 0.333852
 121.180006 -2.716749 0.921251
 121.380006 -2.358489 0.327665
 121.580006 -2.595433 0.961057
 121.780006 -2.583873 0.234983
 121.980006 -2.441578 0.784608
 122.180006 -2.476823 0.499599
 122.380006 -2.625817 0.650369
 122.580006 -2.544750 0.589751
 122.780006 -2.537330 0.599564
 122.980006 -2.452803 0.588317
 123.180006 -2.671666 0.443485
 123.380006 -2.503286 0.792998
 123.580006 -2.625791 0.613050
 123.780006 -2.624105 0.607669
 123.980006 -2.540633 0.623959
 124.180006 -2.675335 0.527907
 124.380006 -2.351774 0.737837
 124.580006 -2.664245 0.402800
 124.780006 -2.448477 0.563434
 124.980006 -2.645778 0.731878
 125.180006 -2.541210 0.548241
 125.380006 -2.564217 0.707644
 125.580006 -2.459925 0.307960
 125.780006 -2.581215 0.835938
 125.980006 -2.564683 0.378927
 126.180006 -2.447945 0.766600
 126.380006 -2.403602 0.384244
 126.580006 -2.733130 0.721798
 126.780006 -2.348072 0.561119
 126.980006 -2.736127 0.716760
 127.180006 -2.284471 0.463876
 127.380006 -2.815610 0.924479
 127.580006 -2.369531 0.341353
 127.780006 -2.761471 0.780242
 127.980006 -2.659870 0.377921
 128.180006 -2.621288 0.850449
 128.380006 -2.493350 0.416924
 128.580006 -2.749099 0.817395
 128.780006 -2.435974 0.489656
 128.980006 -2.631717 0.729051
 129.180006 -2.303771 0.580567
 129.380006 -2.700776 0.444644
 129.580006 -2.571936 0.587034
 129.780006 -2.614043 0.757704
 129.980006 -2.848836 0.460367
 130.180006 -2.598380 0.697850
 130.380006 -2.591254 0.595339
 130.580006 -2.422255 0.364424
 130.780006 -2.673831 0.582268
 130.980006 -2.312513 0.617026
 131.180006 -2.605462 0.714584
 131.380006 -2.454396 0.549131
 131.580006 -2.569569 0.569719
 131.780006 -2.702990 0.482931
 131.980006 -2.354434 0.749994
 132.180006 -2.950426 0.399275
 132.380006 -2.460688 0.773602
 132.580006 -2.675249 0.555226
 132.780006 -2.679087 0.614921
 132.980006 -2.599723 0.629636
 133.180006 -2.577090 0.457128
 133.380006 -2.346405 0.716176
 133.580006 -2.664924 0.373529
 133.780006 -2.470228 0.702717
 133.980006 -2.434317 0.577549
 134.180006 -2.759557 0.588261
 134.380006 -2.490129 0.602803
 134.580006 -2.560961 0.566875
 134.780006 -2.492946 0.622701
 134.980006 -2.706612 0.491558
 135.180006 -2.436537 0.643442
 135.380006 -2.529027 0.573041
 135.580006 -2.683869 0.464713
 135.780006 -2.444873 0.686755
 135.980006 -2.696049 0.465627
 136.180006 -2.558795 0.549031
 136.380006 -2.535976 0.576337
 136.580006 -2.586231 0.642473
 136.780006 -2.580205 0.648545
 136.980007 -2.787901 0.552076
 137.180007 -2.480622 0.631132
 137.380007 -2.722450 0.633314
 137.580007 -2.534153 0.534069
 137.780007 -2.491598 0.595622
 137.980007 -2.559965 0.624900
 138.180007 -2.360210 0.671460
 138.380007 -2.670136 0.658304
 138.580007 -2.307682 0.474344
 138.780007 -2.773808 0.758780
 138.980007 -2.613351 0.393058
 139.180007 -2.580698 0.910916
 139.380007 -2.671096 0.328778
 139.580007 -2.536922 0.903609
 139.780007 -2.526707 0.348196
 139.980007 -2.518382 0.821782
 140.180007 -2.572828 0.492563
 140.380007 -2.679406 0.566692
 140.580007 -2.418192 0.757393
 140.780007 -2.807046 0.473730
 140.980007 -2.461067 0.625732
 141.180007 -2.466328 0.536274
 141.380007 -2.658744 0.650118
 141.580007 -2.420159 0.608631
 141.780007 -2.589166 0.588616
 141.980007 -2.528552 0.480569
 142.180007 -2.714727 0.776799
 142.380007 -2.531932 0.525308
 142.580007 -2.530193 0.715188
 142.780007 -2.513386 0.457434
 142.980007 -2.247507 0.657546
 143.180007 -2.569522 0.627732
 143.380007 -2.354244 0.494740
 143.580007 -2.664836 0.822253
 143.780007 -2.584251 0.432444
 143.980007 -2.520216 0.834307
 144.180007 -2.551113 0.309915
 144.380007 -2.452594 0.866140
 144.580007 -2.493057 0.262568
 144.780007 -2.510327 0.747685
 144.980007 -2.315267 0.504365
 145.180007 -2.728175 0.624919
 145.380007 -2.295179 0.576596
 145.580007 -2.771255 0.493330
 145.780007 -2.411705 0.641458
 145.980007 -2.674720 0.621348
 146.180007 -2.781133 0.598354
 146.380007 -2.293180 0.777592
 146.580007 -2.857051 0.437178
 146.780007 -2.273519 0.693149
 146.980007 -2.667025 0.630938
 147.180007 -2.547072 0.352364
 147.380007 -2.409936 0.963615
 147.580007 -2.622023 0.134436
 147.780007 -2.465636 0.850743
 147.980007 -2.462043 0.449647
 148.180007 -2.597508 0.565466
 148.380007 -2.323562 0.644104
 148.580007 -2.836639 0.472575
 148.780007 -2.243709 0.768874
 148.980007 -2.691143 0.596071
 149.180007 -2.541201 0.626547
 149.380007 -2.438993 0.770789
 149.580007 -2.663780 0.463077
 149.780007 -2.464309 0.774770
 149.980007 -2.681619 0.516575
 150.180007 -2.614515 0.663926
 150.380007 -2.525521 0.636582
 150.580007 -2.800216 0.502066
 150.780007 -2.477706 0.649133
 150.980007 -2.705003 0.604052
 151.180007 -2.422541 0.425489
 151.380007 -2.756178 0.900994
 151.580007 -2.566252 0.383264
 151.780007 -2.404294 0.914418
 151.980007 -2.574044 0.325939
 152.180007 -2.365388 0.865810
 152.380007 -2.498862 0.430612
 152.580007 -2.730313 0.601774
 152.780007 -2.507953 0.770059
 152.980007 -2.801220 0.448305
 153.180007 -2.314774 0.751388
 153.380007 -2.781775 0.631178
 153.580007 -2.265260 0.450274
 153.780007 -2.593879 0.870894
 153.980007 -2.500525 0.330041
 154.180007 -2.425395 0.925146
 154.380007 -2.578904 0.314361
 154.580007 -2.702500 0.723582
 154.780007 -2.649124 0.593850
 154.980007 -2.599584 0.462339
 155.180007 -2.454076 0.942629
 155.380007 -2.827930 0.339481
 155.580007 -2.490614 0.854300
 155.780007 -2.636052 0.506114
 155.980007 -2.712505 0.613312
 156.180007 -2.345922 0.621493
 156.380007 -2.711797 0.586746
 156.580007 -2.200512 0.589128
 156.780007 -2.524055 0.588705
 156.980007 -2.505438 0.587005
 157.180007 -2.513229 0.700201
 157.380007 -2.752467 0.453484
 157.580007 -2.627983 0.896108
 157.780007 -2.496860 0.413490
 157.980008 -2.703097 0.797285
 158.180008 -2.374707 0.314523
 158.380008 -2.644314 0.698027
 158.580008 -2.234180 0.550968
 158.780008 -2.825013 0.736082
 158.980008 -2.341989 0.502947
 159.180008 -2.746662 0.654932
 159.380008 -2.467205 0.483736
 159.580008 -2.768916 0.738460
 159.780008 -2.682834 0.340633
 159.980008 -2.443006 0.893895
 160.180008 -2.702075 0.308384
 160.380008 -2.344733 0.929547
 160.580008 -2.560313 0.465001
 160.780008 -2.548663 0.449632
 160.980008 -2.499745 0.769096
 161.180008 -2.644823 0.565578
 161.380008 -2.347086 0.726724
 161.580008 -2.727440 0.374008
 161.780008 -2.329241 0.818487
 161.980008 -2.681187 0.458013
 162.180008 -2.871892 0.416002
 162.380008 -2.434797 0.834290
 162.580008 -2.753686 0.524242
 162.780008 -2.590384 0.726347
 162.980008 -2.669858 0.487776
 163.180008 -2.325443 0.706713
 163.380008 -2.608368 0.577892
 163.580008 -2.501657 0.358232
 163.780008 -2.220943 0.948756
 163.980008 -2.560294 0.389245
 164.180008 -2.702430 0.713554
 164.380008 -2.736602 0.476212
 164.580008 -2.479495 0.601017
 164.780008 -2.522514 0.709720
 164.980008 -2.911232 0.443603
 165.180008 -2.277538 0.602641
 165.380008 -2.509218 0.672746
 165.580008 -2.406508 0.591687
 165.780008 -2.573886 0.572198
 165.980008 -2.553471 0.593134
 166.180008 -2.546986 0.690795
 166.380008 -2.808776 0.378718
 166.580008 -2.361732 0.745447
 166.780008 -2.628520 0.706692
 166.980008 -2.465293 0.495484
 167.180008 -2.568741 0.776353
 167.380008 -2.493630 0.412260
 167.580008 -2.483183 0.820255
 167.780008 -2.725063 0.283359
 167.980008 -2.519158 0.755054
 168.180008 -2.498275 0.603582
 168.380008 -2.810239 0.543565
 168.580008 -2.558409 0.656004
 168.780008 -2.606096 0.561589
 168.980008 -2.525937 0.708790
 169.180008 -2.868891 0.359743
 169.380008 -2.419883 0.808133
 169.580008 -2.575748 0.534272
 169.780008 -2.574219 0.561210
 169.980008 -2.441893 0.584300
 170.180008 -2.560285 0.547717
 170.380008 -2.347448 0.583191
 170.580008 -2.691129 0.605134
 170.780008 -2.310085 0.485647
 170.980008 -2.651069 0.707297
 171.180008 -2.464394 0.510314
 171.380008 -2.611807 0.722800
 171.580008 -2.667239 0.547324
 171.780008 -2.543829 0.753026
 171.980008 -2.648450 0.521685
 172.180008 -2.457080 0.581267
 172.380008 -2.511978 0.562285
 172.580008 -2.575806 0.545021
 172.780008 -2.485042 0.743028
 172.980008 -2.540735 0.560351
 173.180008 -2.581273 0.640251
 173.380008 -2.600487 0.627038
 173.580008 -2.409676 0.590725
 173.780008 -2.594949 0.655915
 173.980008 -2.695326 0.575428
 174.180008 -2.540646 0.617150
 174.380008 -2.510387 0.533197
 174.580008 -2.549253 0.716026
 174.780008 -2.519079 0.488852
 174.980008 -2.595685 0.687696
 175.180008 -2.503385 0.576069
 175.380008 -2.849682 0.652280
 175.580008 -2.447314 0.536410
 175.780008 -2.665067 0.713800
 175.980008 -2.588809 0.380528
 176.180008 -2.590454 0.751296
 176.380008 -2.610543 0.527044
 176.580008 -2.611271 0.699806
 176.780008 -2.550527 0.472922
 176.980008 -2.520522 0.766749
 177.180008 -2.556204 0.617192
 177.380008 -2.698911 0.580494
 177.580008 -2.291656 0.593211
 177.780008 -2.687105 0.542595
 177.980008 -2.540488 0.686355
 178.180008 -2.594628 0.577218
 178.380008 -2.622535 0.598475
 178.580008 -2.629694 0.676687
 178.780008 -2.622185 0.502100
 178.980009 -2.506583 0.743017
 179.180009 -2.663947 0.529570
 179.380009 -2.474552 0.633658
 179.580009 -2.445270 0.650559
 179.780009 -2.753741 0.483947
 179.980009 -2.451109 0.632115
 180.180009 -2.604717 0.665953
 180.380009 -2.513677 0.456980
 180.580009 -2.460828 0.728552
 180.780009 -2.636690 0.617895
 180.980009 -2.499920 0.605456
 181.180009 -2.621881 0.646914
 181.380009 -2.615752 0.571526
 181.580009 -2.718794 0.792377
 181.780009 -2.867437 0.319876
 181.980009 -2.593038 0.860477
 182.180009 -2.725572 0.537768
 182.380009 -2.606931 0.634986
 182.580009 -2.405602 0.673291
 182.780009 -2.675115 0.472468
 182.980009 -2.399262 0.768811
 183.180009 -2.588965 0.479378
 183.380009 -2.661453 0.597622
 183.580009 -2.379967 0.590074
 183.780009 -2.749897 0.616120
 183.980009 -2.180486 0.642558
 184.180009 -2.847056 0.699099
 184.380009 -2.408202 0.489090
 184.580009 -2.856219 0.727115
 184.780009 -2.664823 0.239505
 184.980009 -2.419985 0.858980
 185.180009 -2.644646 0.341608
 185.380009 -2.554347 0.784608
 185.580009 -2.418378 0.429082
 185.780009 -2.645755 0.708288
 185.980009 -2.252629 0.595546
 186.180009 -2.750647 0.438483
 186.380009 -2.491854 0.719028
 186.580009 -2.622470 0.574105
 186.780009 -2.782568 0.524383
 186.980009 -2.342556 0.669341
 187.180009 -2.816790 0.754856
 187.380009 -2.368114 0.536543
 187.580009 -2.794829 0.802710
 187.780009 -2.513991 0.294977
 187.980009 -2.483800 0.781650
 188.180009 -2.513151 0.331116
 188.380009 -2.443570 0.823827
 188.580009 -2.505666 0.390396
 188.780009 -2.631805 0.958816
 188.980009 -2.334033 0.520072
 189.180009 -2.947038 0.634860
 189.380009 -2.140857 0.734452
 189.580009 -2.825349 0.623709
 189.780009 -2.435893 0.682078
 189.980009 -2.571176 0.732576
 190.180009 -2.385727 0.487927
 190.380009 -2.378936 0.713758
 190.580009 -2.680104 0.210912
 190.780009 -2.542402 0.968809
 190.980009 -2.625571 0.441468
 191.180009 -2.751972 0.710732
 191.380009 -2.487559 0.588880
 191.580009 -2.665118 0.567910
 191.780009 -2.412733 0.735999
 191.980009 -2.689481 0.590341
 192.180009 -2.532575 0.532229
 192.380009 -2.404687 0.541903
 192.580009 -2.607207 0.579741
 192.780009 -2.249002 0.585378
 192.980009 -2.635302 0.491598
 193.180009 -2.377143 0.747577
 193.380009 -2.739413 0.566077
 193.580009 -2.685497 0.543803
 193.780009 -2.535940 0.735964
 193.980009 -2.740914 0.319405
 194.180009 -2.257718 0.868652
 194.380009 -2.503628 0.358927
 194.580009 -2.567528 0.662276
 194.780009 -2.422946 0.470196
 194.980009 -2.628003 0.610972
 195.180009 -2.332114 0.693659
 195.380009 -2.707332 0.546190
 195.580009 -2.504760 0.604170
 195.780009 -2.614612 0.733619
 195.980009 -2.597679 0.566315
 196.180009 -2.460128 0.631221
 196.380009 -2.637265 0.364053
 196.580009 -2.319973 0.638378
 196.780009 -2.513674 0.632739
 196.980009 -2.501666 0.367303
 197.180009 -2.395137 0.922022
 197.380009 -2.513430 0.091393
 197.580009 -2.625036 0.962751
 197.780009 -2.411688 0.414798
 197.980009 -2.802230 0.665667
 198.180009 -2.309534 0.497684
 198.380009 -2.758441 0.727002
 198.580009 -2.458793 0.551069
 198.780009 -2.594106 0.726225
 198.980009 -2.502435 0.462508
 199.180009 -2.471182 0.721522
 199.380009 -2.667529 0.319320
 199.580009 -2.501375 0.790088
 199.780009 -2.433724 0.425796
 199.980009 -2.679734 0.644629
