#! FIELDS time phi psi
#! SET max_psi pi
 0.180000 1.041664 1.075798
 0.380000 0.773423 0.749815
 0.580000 0.631580 0.755471
 0.780000 0.792765 0.653187
 0.980000 0.653737 0.829352
 1.180000 1.361618 0.359832
 1.380000 1.019493 0.957162
 1.580000 1.008126 0.421183
 1.780000 0.946377 0.923314
 1.980000 0.828762 0.418192
 2.180000 0.602704 0.883890
 2.380000 0.718213 0.647883
 2.580000 0.915511 0.585107
 2.780000 0.578516 0.772861
 2.980000 0.754643 0.686517
 3.180000 0.905189 0.599380
 3.380000 0.839312 0.681547
 3.580000 0.450587 0.803596
 3.780000 1.138865 0.705461
 3.980000 0.464683 0.727146
 4.180000 0.895099 0.767909
 4.380000 1.024083 0.295396
 4.580000 0.873754 0.891946
 4.780000 0.697802 0.737834
 4.980000 1.080271 0.687748
 5.180000 1.000197 0.625057
 5.380000 0.523911 0.680019
 5.580000 1.260574 0.762177
 5.780000 0.833200 0.445109
 5.980000 0.844713 0.757045
 6.180000 0.791204 0.813806
 6.380000 0.655549 0.468970
 6.580000 0.834964 0.943462
 6.780000 0.647670 0.384781
 6.980000 0.708882 0.924554
 7.180000 0.895934 0.509659
 7.380000 0.790978 0.721741
 7.580000 0.952831 0.621389
 7.780000 0.860263 0.565930
 7.980000 0.833787 0.683924
 8.180000 0.846958 0.672653
 8.380000 0.949232 0.534085
 8.580000 0.832582 0.751415
 8.780000 0.828834 0.671937
 8.980000 0.929086 0.586607
 9.180000 0.749046 0.748697
 9.380000 0.736866 0.613561
 9.580000 0.759762 0.866783
 9.780000 0.903819 0.480228
 9.980000 0.729350 0.763265
 10.180000 0.700866 0.497793
 10.380000 0.797440 0.809128
 10.580001 0.875453 0.465638
 10.780001 0.949054 0.801708
 10.980001 1.008608 0.402140
 11.180001 0.811612 0.913841
 11.380001 1.111326 0.373056
 11.580001 0.781131 0.747283
 11.780001 0.870372 0.497842
 11.980001 0.853983 0.868536
 12.180001 0.778364 0.477477
 12.380001 0.847590 0.737739
 12.580001 0.763647 0.452874
 12.780001 0.823170 0.862852
 12.980001 0.748579 0.563664
 13.180001 0.924744 0.808619
 13.380001 0.855969 0.466877
 13.580001 0.748505 0.822941
 13.780001 0.931214 0.469117
 13.980001 0.831659 0.755032
 14.180001 0.913132 0.472137
 14.380001 0.808916 0.904544
 14.580001 1.030230 0.351036
 14.780001 0.747038 0.771968
 14.980001 0.890894 0.558205
 15.180001 1.033576 0.623488
 15.380001 0.789452 0.740360
 15.580001 0.913064 0.493665
 15.780001 0.746494 0.746027
 15.980001 0.784214 0.609483
 16.180001 0.751001 0.935207
 16.380001 0.825529 0.538546
 16.580001 0.820200 0.864604
 16.780001 0.773320 0.624434
 16.980001 0.911474 0.773732
 17.180001 1.001490 0.500582
 17.380001 0.744217 0.811883
 17.580001 0.850074 0.469253
 17.780001 1.086717 0.893072
 17.980001 0.889698 0.458918
 18.180001 0.596492 0.967788
 18.380001 1.057803 0.480822
 18.580001 0.837946 0.697453
 18.780001 0.907635 0.658816
 18.980001 0.789889 0.809431
 19.180001 0.889667 0.454417
 19.380001 0.926227 0.808645
 19.580001 0.762374 0.399848
 19.780001 0.891880 1.114983
 19.980001 0.907194 0.248251
 20.180001 0.758599 1.095720
 20.380001 0.876510 0.410542
 20.580001 0.730119 1.037765
 20.780001 1.100700 0.388698
 20.980001 0.801611 0.810086
 21.180001 0.888292 0.539828
 21.380001 0.915453 0.733899
 21.580001 0.979333 0.581047
 21.780001 0.818819 0.776030
 21.980001 0.748658 0.535942
 22.180001 0.777037 0.942895
 22.380001 0.774716 0.324126
 22.580001 0.769050 0.879694
 22.780001 0.781978 0.440969
 22.980001 0.755052 0.924284
 23.180001 0.780727 0.645732
 23.380001 1.048790 0.825373
 23.580001 1.078705 0.490540
 23.780001 0.606421 0.838006
 23.980001 1.047824 0.537935
 24.180001 0.625786 0.943891
 24.380001 0.888583 0.247454
 24.580001 0.910509 1.066607
 24.780001 0.723583 0.334978
 24.980001 0.734643 0.937678
 25.180001 0.699328 0.395937
 25.380001 0.938539 1.047014
 25.580001 0.764272 0.434243
 25.780001 0.797591 0.802407
 25.980001 1.048920 0.403066
 26.180001 0.736817 0.755715
 26.380001 1.009380 0.609145
 26.580001 0.700829 0.723470
 26.780001 0.974010 0.581041
 26.980001 1.080227 0.735005
 27.180001 0.715634 0.490911
 27.380001 0.863996 0.820637
 27.580001 0.430310 0.650134
 27.780001 0.780898 0.602071
 27.980001 0.701898 0.657293
 28.180001 0.686275 0.717517
 28.380001 0.980325 0.508535
 28.580001 0.863465 0.696911
 28.780001 1.110472 0.576010
 28.980001 0.865317 0.675366
 29.180001 0.850461 0.898327
 29.380001 1.025303 0.352941
 29.580001 0.620201 0.981952
 29.780001 0.890033 0.324653
 29.980001 0.572132 0.952364
 30.180001 0.696893 0.423793
 30.380001 0.782946 0.900639
 30.580001 0.812585 0.488340
 30.780001 1.026264 0.864049
 30.980001 0.825759 0.498385
 31.180001 0.875181 0.896891
 31.380001 0.838313 0.453853
 31.580001 0.713572 0.959113
 31.780002 0.877126 0.478009
 31.980002 0.631151 0.786035
 32.180002 0.909083 0.572626
 32.380002 0.805336 0.751207
 32.580002 0.687395 0.764107
 32.780002 0.821891 0.724400
 32.980002 0.813581 0.554128
 33.180002 0.987681 0.697111
 33.380002 0.701579 0.778637
 33.580002 0.957587 0.584550
 33.780002 0.892271 0.675751
 33.980002 0.945106 0.488149
 34.180002 0.900376 0.897429
 34.380002 0.801159 0.460165
 34.580002 0.941211 0.805837
 34.780002 0.685139 0.604219
 34.980002 0.875896 0.807847
 35.180002 0.593977 0.591149
 35.380002 0.593570 0.840734
 35.580002 0.725222 0.475476
 35.780002 0.908860 0.962498
 35.980002 0.909513 0.391443
 36.180002 0.928119 0.928522
 36.380002 0.988390 0.344949
 36.580002 0.728670 1.003059
 36.780002 0.986777 0.446076
 36.980002 0.727630 0.777837
 37.180002 0.677510 0.658460
 37.380002 0.682121 0.795785
 37.580002 0.945736 0.555959
 37.780002 0.525279 0.953646
 37.980002 0.716590 0.520102
 38.180002 0.797240 0.882227
 38.380002 0.706954 0.597064
 38.580002 0.836170 0.872665
 38.780002 0.677030 0.509857
 38.980002 1.013593 0.677692
 39.180002 0.893600 0.560814
 39.380002 0.944419 0.528186
 39.580002 1.085181 0.567431
 39.780002 0.477805 0.755114
 39.980002 1.084466 0.807318
 40.180002 0.864494 0.349201
 40.380002 0.762410 0.785409
 40.580002 0.773983 0.671197
 40.780002 0.564489 0.648786
 40.980002 0.949511 0.636443
 41.180002 0.501519 0.746219
 41.380002 0.818889 0.749870
 41.580002 0.767046 0.476223
 41.780002 0.783877 0.780668
 41.980002 0.868119 0.666404
 42.180002 0.861966 0.597605
 42.380002 0.962220 0.624203
 42.580002 0.804849 0.704381
 42.780002 0.732200 0.627894
 42.980002 1.022618 0.657668
 43.180002 0.828369 0.577774
 43.380002 0.554376 0.866416
 43.580002 0.971100 0.569956
 43.780002 0.827432 0.741883
 43.980002 0.772489 0.515960
 44.180002 0.750526 0.846161
 44.380002 0.967023 0.425682
 44.580002 0.874189 0.699968
 44.780002 1.038503 0.766175
 44.980002 0.816793 0.580141
 45.180002 0.772537 0.901363
 45.380002 1.153349 0.338386
 45.580002 0.761411 0.787902
 45.780002 0.822238 0.631564
 45.980002 0.685098 0.777151
 46.180002 1.033514 0.559059
 46.380002 0.777471 0.645300
 46.580002 0.796060 0.750041
 46.780002 1.128548 0.612348
 46.980002 0.677660 0.540801
 47.180002 1.002578 0.736321
 47.380002 0.863931 0.482328
 47.580002 0.684836 0.768850
 47.780002 0.715846 0.725608
 47.980002 0.831138 0.511661
 48.180002 0.886139 0.717453
 48.380002 0.465239 0.685982
 48.580002 0.943363 0.688603
 48.780002 0.818069 0.497202
 48.980002 0.902856 0.642186
 49.180002 0.909630 0.782383
 49.380002 0.777021 0.575540
 49.580002 1.000502 0.787149
 49.780002 0.832608 0.332680
 49.980002 0.754866 0.957289
 50.180002 0.799855 0.437811
 50.380002 0.741900 0.898279
 50.580002 0.852312 0.425961
 50.780002 0.532532 0.851618
 50.980002 0.790644 0.627149
 51.180002 0.724521 0.748225
 51.380002 0.830142 0.593990
 51.580002 0.944967 0.765703
 51.780002 0.979185 0.458989
 51.980002 0.757711 0.825464
 52.180002 0.835921 0.624070
 52.380002 0.710043 0.731206
 52.580002 0.867939 0.527150
 52.780003 0.685881 0.768893
 52.980003 0.763182 0.517894
 53.180003 0.917809 0.619698
 53.380003 0.856349 0.740088
 53.580003 0.775158 0.646004
 53.780003 0.913311 0.638618
 53.980003 0.783529 0.641038
 54.180003 0.880138 0.747270
 54.380003 0.894977 0.642995
 54.580003 0.681942 0.680548
 54.780003 0.738542 0.643367
 54.980003 0.719015 0.614289
 55.180003 0.902751 0.623851
 55.380003 0.741069 0.682327
 55.580003 0.836432 0.566218
 55.780003 1.087352 0.626540
 55.980003 0.911146 0.703780
 56.180003 0.988948 0.667219
 56.380003 0.893705 0.644198
 56.580003 0.956897 0.523862
 56.780003 0.801745 0.811116
 56.980003 0.817284 0.627767
 57.180003 0.886295 0.669213
 57.380003 0.932873 0.538512
 57.580003 0.789604 0.786192
 57.780003 0.940792 0.384980
 57.980003 0.952937 0.912574
 58.180003 0.787586 0.589116
 58.380003 0.873577 0.898696
 58.580003 0.895887 0.350086
 58.780003 0.872162 0.812650
 58.980003 0.677435 0.607059
 59.180003 0.787414 0.719359
 59.380003 0.934892 0.466015
 59.580003 0.674087 0.746977
 59.780003 0.909876 0.473528
 59.980003 0.852038 0.744276
 60.180003 0.868404 0.535978
 60.380003 0.905700 0.787019
 60.580003 0.855596 0.544120
 60.780003 1.049810 0.678563
 60.980003 0.865534 0.574914
 61.180003 0.913912 0.464139
 61.380003 1.003746 0.810631
 61.580003 0.891121 0.557222
 61.780003 0.776173 0.858134
 61.980003 0.858428 0.505727
 62.180003 0.813434 0.680188
 62.380003 0.939600 0.688515
 62.580003 0.545037 0.812408
 62.780003 1.014150 0.517575
 62.980003 0.721406 0.645675
 63.180003 0.771861 0.632676
 63.380003 0.764447 0.858308
 63.580003 0.829570 0.474139
 63.780003 0.844805 0.908894
 63.980003 0.760389 0.408121
 64.180003 0.941959 0.848202
 64.380003 0.823922 0.494157
 64.580003 0.805410 0.880813
 64.780003 0.795677 0.578297
 64.980003 0.786649 0.810897
 65.180003 0.808834 0.433772
 65.380003 0.738090 0.864514
 65.580003 0.969602 0.394065
 65.780003 0.654935 0.976134
 65.980003 0.945361 0.337758
 66.180003 0.789733 0.838152
 66.380003 0.947496 0.526040
 66.580003 0.956486 0.723890
 66.780003 0.822301 0.470000
 66.980003 0.922167 0.719321
 67.180003 0.934787 0.811474
 67.380003 0.833530 0.474737
 67.580003 0.842707 0.739613
 67.780003 0.452337 0.700729
 67.980003 1.118989 0.662306
 68.180003 0.812079 0.678199
 68.380003 0.653373 0.707083
 68.580003 0.944344 0.577424
 68.780003 0.569280 0.811821
 68.980003 1.127077 0.554254
 69.180003 0.964832 0.752270
 69.380003 0.769058 0.661572
 69.580003 1.097871 0.674332
 69.780003 0.765838 0.580590
 69.980003 0.848802 0.808250
 70.180003 0.842425 0.660754
 70.380003 0.632815 0.698465
 70.580003 0.965177 0.610976
 70.780003 0.749446 0.543228
 70.980003 0.849006 0.766963
 71.180003 0.716292 0.735442
 71.380003 0.847132 0.633806
 71.580003 1.019647 0.576801
 71.780003 0.698001 0.808366
 71.980003 0.858391 0.625051
 72.180003 0.824656 0.753875
 72.380003 0.803208 0.678798
 72.580003 0.824835 0.611196
 72.780003 0.902305 0.579552
 72.980003 0.969690 0.697163
 73.180003 0.951296 0.494267
 73.380003 0.930022 0.914138
 73.580003 1.027775 0.433941
 73.780004 0.845333 0.723661
 73.980004 0.803764 0.679234
 74.180004 0.897656 0.546552
 74.380004 0.823447 0.802619
 74.580004 0.718807 0.599645
 74.780004 0.725162 0.940827
 74.980004 0.735680 0.407305
 75.180004 0.808619 0.768496
 75.380004 0.733252 0.638862
 75.580004 0.876626 0.559122
 75.780004 0.911455 0.756190
 75.980004 0.716938 0.499896
 76.180004 0.980481 0.807372
 76.380004 0.757078 0.646116
 76.580004 0.765094 0.630077
 76.780004 0.901980 0.718727
 76.980004 0.802280 0.470163
 77.180004 0.818191 0.852443
 77.380004 0.711010 0.474589
 77.580004 1.056625 0.599852
 77.780004 0.878251 0.597938
 77.980004 0.937730 0.675531
 78.180004 0.950159 0.609631
 78.380004 0.903791 0.638041
 78.580004 0.957766 0.604799
 78.780004 0.730880 0.861600
 78.980004 1.058209 0.329186
 79.180004 0.813233 0.874557
 79.380004 0.783815 0.528396
 79.580004 0.875207 0.795167
 79.780004 0.793382 0.537998
 79.980004 0.921426 0.699544
 80.180004 0.718225 0.620085
 80.380004 0.887939 0.647702
 80.580004 0.842600 0.657303
 80.780004 0.653194 0.628407
 80.980004 0.969978 0.701690
 81.180004 0.719404 0.707505
 81.380004 0.931585 0.630119
 81.580004 0.921804 0.668479
 81.780004 0.569291 0.739420
 81.980004 0.930739 0.621721
 82.180004 0.730723 0.603074
 82.380004 0.900535 0.579975
 82.580004 0.761161 0.784551
 82.780004 0.799313 0.512600
 82.980004 0.889592 0.885278
 83.180004 0.830934 0.363897
 83.380004 0.986894 0.784008
 83.580004 0.841137 0.410113
 83.780004 0.879962 0.683689
 83.980004 0.767221 0.714201
 84.180004 0.892869 0.673549
 84.380004 0.820394 0.602541
 84.580004 0.818921 0.827357
 84.780004 0.828248 0.497194
 84.980004 0.829986 0.915929
 85.180004 0.934958 0.380526
 85.380004 0.676429 1.003429
 85.580004 0.813322 0.464507
 85.780004 0.716276 0.932340
 85.980004 1.088957 0.204279
 86.180004 0.755398 1.029645
 86.380004 0.691876 0.547737
 86.580004 0.992043 0.753137
 86.780004 0.792795 0.534433
 86.980004 0.809830 0.840912
 87.180004 1.119081 0.213593
 87.380004 0.793961 0.827933
 87.580004 0.810704 0.590977
 87.780004 0.948221 0.779866
 87.980004 0.930296 0.373382
 88.180004 0.641222 1.042934
 88.380004 0.883175 0.463246
 88.580004 0.923154 0.778485
 88.780004 0.970524 0.553884
 88.980004 0.675659 0.819663
 89.180004 0.793563 0.577481
 89.380004 0.851532 0.662497
 89.580004 0.779701 0.481242
 89.780004 0.702943 0.790310
 89.980004 0.753651 0.525332
 90.180004 0.973601 0.628224
 90.380004 0.775873 0.612979
 90.580004 0.898969 0.474478
 90.780004 0.897436 0.842224
 90.980004 0.650312 0.570450
 91.180004 0.992349 0.681273
 91.380004 0.723763 0.582763
 91.580004 0.879955 0.667033
 91.780004 0.803893 0.772815
 91.980004 0.768803 0.533719
 92.180004 0.882184 0.656881
 92.380004 0.734531 0.683706
 92.580004 0.844799 0.652657
 92.780004 0.940720 0.737766
 92.980004 0.666824 0.624989
 93.180004 1.013998 0.742186
 93.380004 0.818333 0.485256
 93.580004 0.758699 0.836271
 93.780004 1.014611 0.616732
 93.980004 0.860615 0.471866
 94.180004 0.885145 0.758121
 94.380004 0.739754 0.476491
 94.580004 0.758190 0.875410
 94.780005 0.729081 0.543494
 94.980005 0.675785 0.818486
 95.180005 0.671796 0.796253
 95.380005 0.786538 0.533576
 95.580005 0.833809 0.771006
 95.780005 0.793451 0.579302
 95.980005 0.984156 0.789874
 96.180005 0.926318 0.693099
 96.380005 0.807797 0.690761
 96.580005 0.850315 0.603344
 96.780005 0.711390 0.690877
 96.980005 0.746778 0.694582
 97.180005 0.704493 0.788392
 97.380005 0.815539 0.498843
 97.580005 0.939519 0.695390
 97.780005 0.854064 0.679326
 97.980005 0.827216 0.890209
 98.180005 0.782503 0.404839
 98.380005 0.768161 0.908456
 98.580005 0.904398 0.476540
 98.780005 0.890272 0.759996
 98.980005 0.731706 0.589405
 99.180005 0.672650 0.729500
 99.380005 0.992747 0.613459
 99.580005 0.802014 0.574748
 99.780005 0.757783 0.693509
 99.980005 0.795217 0.744634
 100.180005 0.965244 0.483404
 100.380005 1.022884 0.637610
 100.580005 0.713631 0.663649
 100.780005 0.962363 0.596608
 100.980005 0.772745 0.613851
 101.180005 0.904981 0.612324
 101.380005 0.806484 0.752527
 101.580005 0.841989 0.373667
 101.780005 0.816985 0.893429
 101.980005 0.745182 0.527894
 102.180005 0.889913 0.669893
 102.380005 0.994864 0.590263
 102.580005 0.727987 0.621896
 102.780005 0.881367 0.709856
 102.980005 0.882208 0.707025
 103.180005 0.819262 0.561886
 103.380005 0.996515 0.649938
 103.580005 0.545185 0.692205
 103.780005 0.860264 0.827147
 103.980005 0.925482 0.463883
 104.180005 0.852261 0.610672
 104.380005 0.990437 0.877734
 104.580005 0.668470 0.435511
 104.780005 0.843053 0.865883
 104.980005 1.003356 0.471675
 105.180005 0.737003 0.708990
 105.380005 0.990335 0.697988
 105.580005 0.555603 0.574066
 105.780005 0.809616 0.853465
 105.980005 0.662592 0.688343
 106.180005 0.669789 0.645481
 106.380005 0.739511 0.759815
 106.580005 0.622944 0.603259
 106.780005 0.793359 0.836582
 106.980005 0.597357 0.532412
 107.180005 0.891122 0.650089
 107.380005 0.817532 0.533833
 107.580005 1.057943 0.722967
 107.780005 0.854909 0.679637
 107.980005 0.949732 0.493932
 108.180005 0.883426 0.712413
 108.380005 0.666805 0.665229
 108.580005 0.982124 0.638251
 108.780005 0.723991 0.588797
 108.980005 0.824221 0.716554
 109.180005 0.739569 0.535734
 109.380005 0.854880 0.799363
 109.580005 0.720268 0.580837
 109.780005 0.803166 0.755473
 109.980005 0.949581 0.560733
 110.180005 0.725770 0.755276
 110.380005 1.115581 0.381070
 110.580005 0.685144 0.962708
 110.780005 0.919928 0.428171
 110.980005 0.886555 0.829839
 111.180005 0.991492 0.341675
 111.380005 0.692364 0.987171
 111.580005 0.730933 0.401205
 111.780005 0.744422 0.923751
 111.980005 0.638402 0.401116
 112.180005 0.602719 1.010445
 112.380005 0.884210 0.355627
 112.580005 0.739842 0.919785
 112.780005 0.891953 0.441407
 112.980005 0.662772 0.896391
 113.180005 0.940777 0.454729
 113.380005 0.753240 0.876627
 113.580005 0.903638 0.527470
 113.780005 0.801246 0.735591
 113.980005 0.906520 0.523435
 114.180005 0.629373 0.886199
 114.380005 0.974143 0.348630
 114.580005 0.793772 0.764283
 114.780005 0.554828 0.668870
 114.980005 0.922330 0.743037
 115.180005 0.782987 0.383225
 115.380005 0.833448 0.796302
 115.580005 0.608023 0.727318
 115.780005 0.929756 0.694477
 115.980006 0.930451 0.591198
 116.180006 0.636712 0.778972
 116.380006 1.149078 0.447999
 116.580006 0.712087 0.818058
 116.780006 0.765466 0.701840
 116.980006 0.949921 0.727329
 117.180006 0.675034 0.553685
 117.380006 0.728286 0.896522
 117.580006 0.910048 0.331221
 117.780006 0.801859 0.912977
 117.980006 0.734440 0.600352
 118.180006 0.968529 0.878343
 118.380006 0.804606 0.414746
 118.580006 0.943170 0.812908
 118.780006 0.993067 0.415002
 118.980006 0.867589 0.802520
 119.180006 0.991610 0.666895
 119.380006 0.930791 0.770437
 119.580006 0.993300 0.366611
 119.780006 0.604375 0.964600
 119.980006 0.862458 0.535716
 120.180006 0.887661 0.730806
 120.380006 0.747230 0.651870
 120.580006 0.662474 0.611507
 120.780006 0.728182 0.715917
 120.980006 0.861540 0.699875
 121.180006 0.724336 0.670871
 121.380006 0.895117 0.644025
 121.580006 0.616295 0.834529
 121.780006 0.826691 0.541677
 121.980006 0.886557 0.668157
 122.180006 0.822479 0.625617
 122.380006 0.967653 0.628865
 122.580006 1.010233 0.503608
 122.780006 0.833121 0.739719
 122.980006 0.793686 0.782083
 123.180006 0.812816 0.612805
 123.380006 0.820725 0.619762
 123.580006 0.573335 0.824968
 123.780006 0.854137 0.466888
 123.980006 0.768259 0.853446
 124.180006 0.731094 0.557106
 124.380006 1.000319 0.809534
 124.580006 0.828129 0.597424
 124.780006 0.931604 0.699922
 124.980006 0.961958 0.586101
 125.180006 0.854233 0.725855
 125.380006 0.753177 0.796487
 125.580006 0.838368 0.544500
 125.780006 0.931681 0.557050
 125.980006 0.583145 0.787201
 126.180006 0.581487 0.614081
 126.380006 0.996961 0.713923
 126.580006 0.582686 0.595886
 126.780006 0.681249 0.918757
 126.980006 0.825344 0.151127
 127.180006 0.963993 0.943983
 127.380006 0.719659 0.613659
 127.580006 0.720399 0.701628
 127.780006 1.294934 0.444403
 127.980006 0.719475 0.749751
 128.180006 1.048522 0.791895
 128.380006 0.890769 0.502054
 128.580006 0.835261 0.849621
 128.780006 0.916654 0.717375
 128.980006 0.675394 0.660824
 129.180006 0.900793 0.668013
 129.380006 0.611945 0.662880
 129.580006 0.660567 0.654186
 129.780006 0.776850 0.817995
 129.980006 0.902819 0.423325
 130.180006 0.741971 0.873486
 130.380006 0.546785 0.626216
 130.580006 1.080593 0.885727
 130.780006 0.781008 0.585572
 130.980006 0.923407 0.625523
 131.180006 1.029305 0.535636
 131.380006 0.722392 0.882144
 131.580006 1.003047 0.539277
 131.780006 0.942712 0.736594
 131.980006 0.923665 0.618931
 132.180006 0.945485 0.683162
 132.380006 0.809786 0.507959
 132.580006 0.835958 0.793909
 132.780006 0.707799 0.554729
 132.980006 0.691562 0.690364
 133.180006 0.647328 0.729078
 133.380006 0.930759 0.645605
 133.580006 0.944753 0.644682
 133.780006 0.872075 0.500658
 133.980006 0.921816 0.824017
 134.180006 0.775596 0.489798
 134.380006 0.900700 0.844038
 134.580006 0.803146 0.580979
 134.780006 0.632810 0.706149
 134.980006 0.683808 0.648472
 135.180006 0.625348 0.528206
 135.380006 0.677010 0.863984
 135.580006 0.822358 0.383559
 135.780006 0.770256 0.794512
 135.980006 0.916120 0.465463
 136.180006 0.862434 0.763242
 136.380006 0.965558 0.682623
 136.580006 0.910914 0.600687
 136.780006 0.739144 0.760996
 136.980007 0.821472 0.529793
 137.180007 0.668153 0.788850
 137.380007 0.868630 0.628228
 137.580007 0.572708 0.717054
 137.780007 0.693014 0.694762
 137.980007 0.693005 0.653301
 138.180007 0.827290 0.715004
 138.380007 0.875914 0.619038
 138.580007 0.941465 0.744130
 138.780007 0.791731 0.709568
 138.980007 1.023977 0.445331
 139.180007 0.936800 0.835983
 139.380007 1.015814 0.455821
 139.580007 0.477224 0.931636
 139.780007 0.738697 0.474484
 139.980007 0.673562 0.851309
 140.180007 0.886518 0.400502
 140.380007 0.792497 0.961969
 140.580007 0.692552 0.326948
 140.780007 0.852475 0.935999
 140.980007 0.787697 0.322083
 141.180007 0.932786 0.815541
 141.380007 0.787303 0.487886
 141.580007 0.822006 0.932969
 141.780007 1.014295 0.379827
 141.980007 0.963884 0.728523
 142.180007 1.084349 0.533808
 142.380007 0.660792 0.677858
 142.580007 1.104684 0.639305
 142.780007 0.819827 0.725137
 142.980007 0.929402 0.686008
 143.180007 1.109639 0.568169
 143.380007 0.471636 0.793175
 143.580007 0.882413 0.603256
 143.780007 0.581786 0.721267
 143.980007 0.704330 0.607565
 144.180007 0.637867 0.736452
 144.380007 0.614587 0.676840
 144.580007 0.892495 0.842956
 144.780007 0.800577 0.349545
 144.980007 0.980550 0.805242
 145.180007 0.872471 0.646782
 145.380007 0.989947 0.617331
 145.580007 0.833473 0.665720
 145.780007 0.571154 0.666489
 145.980007 0.962149 0.678743
 146.180007 0.624403 0.589305
 146.380007 0.851538 0.614981
 146.580007 0.606291 0.685058
 146.780007 0.904250 0.570406
 146.980007 0.853338 0.774164
 147.180007 0.789247 0.622970
 147.380007 1.023483 0.646530
 147.580007 0.591262 0.473410
 147.780007 0.941680 0.739857
 147.980007 0.964287 0.588625
 148.180007 0.867786 0.631224
 148.380007 0.929343 0.747709
 148.580007 0.661994 0.673820
 148.780007 0.984366 0.663270
 148.980007 0.735398 0.689513
 149.180007 0.756581 0.730871
 149.380007 0.838007 0.771708
 149.580007 0.676091 0.639043
 149.780007 0.847809 0.864619
 149.980007 0.638644 0.557471
 150.180007 0.770221 0.722771
 150.380007 0.978308 0.649959
 150.580007 0.956601 0.594927
 150.780007 0.884119 0.803038
 150.980007 0.780851 0.566353
 151.180007 0.977605 0.619003
 151.380007 0.803309 0.638662
 151.580007 0.880369 0.665265
 151.780007 0.957926 0.569321
 151.980007 0.731203 0.654078
 152.180007 0.824286 0.682835
 152.380007 0.896346 0.678450
 152.580007 0.898390 0.615756
 152.780007 0.732845 0.821585
 152.980007 0.881507 0.565436
 153.180007 0.906874 0.644036
 153.380007 0.730185 0.763134
 153.580007 0.756911 0.648633
 153.780007 0.899682 0.626426
 153.980007 0.821369 0.690627
 154.180007 0.786832 0.642820
 154.380007 0.752240 0.878223
 154.580007 0.952340 0.459472
 154.780007 0.870629 0.851146
 154.980007 0.928982 0.456424
 155.180007 0.856724 0.740839
 155.380007 0.726048 0.680716
 155.580007 0.801656 0.576123
 155.780007 0.869259 0.760502
 155.980007 0.847300 0.595961
 156.180007 0.959640 0.666427
 156.380007 0.764491 0.690270
 156.580007 0.969726 0.577956
 156.780007 0.934382 0.694391
 156.980007 0.836154 0.580660
 157.180007 0.904261 0.835553
 157.380007 0.725191 0.556980
 157.580007 1.037259 0.727421
 157.780007 0.568842 0.682277
 157.980008 0.700136 0.880407
 158.180008 1.014373 0.445167
 158.380008 0.742480 0.703515
 158.580008 0.729261 0.750627
 158.780008 0.786611 0.694794
 158.980008 0.993301 0.613034
 159.180008 0.715278 0.779010
 159.380008 0.823029 0.612663
 159.580008 1.008735 0.596822
 159.780008 0.695077 0.592316
 159.980008 0.835478 0.737645
 160.180008 0.672548 0.594034
 160.380008 1.168421 0.630388
 160.580008 0.644486 0.695964
 160.780008 0.748396 0.698045
 160.980008 1.006826 0.632433
 161.180008 0.644363 0.660923
 161.380008 1.008158 0.680244
 161.580008 1.060127 0.727785
 161.780008 0.793846 0.614761
 161.980008 0.812733 0.763325
 162.180008 0.811874 0.403312
 162.380008 0.829288 0.767981
 162.580008 0.528734 0.795737
 162.780008 0.947899 0.616827
 162.980008 0.761650 0.570549
 163.180008 0.609675 0.782996
 163.380008 0.990957 0.756164
 163.580008 0.777494 0.511252
 163.780008 0.942552 0.647826
 163.980008 0.864945 0.542377
 164.180008 1.070771 0.683072
 164.380008 1.054796 0.707656
 164.580008 0.936968 0.504564
 164.780008 1.048106 0.777399
 164.980008 0.634594 0.605050
 165.180008 0.797229 0.793240
 165.380008 0.747209 0.422252
 165.580008 0.836337 0.630154
 165.780008 0.851626 0.701074
 165.980008 0.784301 0.532699
 166.180008 0.866122 0.725585
 166.380008 0.894190 0.536418
 166.580008 1.022719 0.661808
 166.780008 1.016906 0.640844
 166.980008 0.824918 0.713103
 167.180008 0.864038 0.603416
 167.380008 0.829356 0.605149
 167.580008 0.759096 0.690912
 167.780008 0.656980 0.694672
 167.980008 0.910770 0.653363
 168.180008 0.720030 0.548323
 168.380008 0.694509 0.789160
 168.580008 0.771061 0.653044
 168.780008 0.774145 0.660743
 168.980008 0.869006 0.611095
 169.180008 0.703274 0.823245
 169.380008 0.894718 0.701985
 169.580008 0.881528 0.633042
 169.780008 0.979922 0.604902
 169.980008 0.813677 0.765120
 170.180008 0.914827 0.559687
 170.380008 0.923917 0.641332
 170.580008 0.719163 0.579677
 170.780008 0.641041 1.028182
 170.980008 0.829994 0.339670
 171.180008 0.921854 0.828484
 171.380008 0.651782 0.452158
 171.580008 1.094803 0.934070
 171.780008 0.874628 0.682856
 171.980008 0.855916 0.711451
 172.180008 0.979713 0.499985
 172.380008 0.406086 0.908972
 172.580008 1.161910 0.450097
 172.780008 0.801711 0.887328
 172.980008 0.843107 0.574521
 173.180008 0.812103 0.790529
 173.380008 1.001394 0.461834
 173.580008 0.952122 0.645453
 173.780008 0.684677 0.736554
 173.980008 1.002775 0.461039
 174.180008 0.789036 0.590328
 174.380008 0.930543 0.727005
 174.580008 0.743446 0.599569
 174.780008 0.768481 0.719497
 174.980008 0.859494 0.646689
 175.180008 0.865623 0.741715
 175.380008 1.060488 0.552041
 175.580008 0.707840 0.720048
 175.780008 0.665007 0.748333
 175.980008 0.723008 0.723076
 176.180008 0.699367 0.748890
 176.380008 0.792642 0.584185
 176.580008 0.608313 0.695344
 176.780008 0.673034 0.705201
 176.980008 0.985240 0.672508
 177.180008 0.935236 0.604331
 177.380008 0.771167 0.854623
 177.580008 0.987651 0.512321
 177.780008 0.926297 0.727407
 177.980008 0.958027 0.558721
 178.180008 0.852764 0.784594
 178.380008 0.884456 0.536926
 178.580008 0.582984 0.895297
 178.780008 0.848615 0.493099
 178.980009 0.929255 0.717260
 179.180009 0.717240 0.664618
 179.380009 0.780974 0.633745
 179.580009 1.014850 0.697228
 179.780009 0.756798 0.701780
 179.980009 0.928630 0.618355
 180.180009 0.914761 0.697149
 180.380009 0.757414 0.434314
 180.580009 0.849338 0.686880
 180.780009 0.611879 0.637020
 180.980009 0.881399 0.615852
 181.180009 0.757160 0.644971
 181.380009 0.846891 0.732397
 181.580009 0.946564 0.605362
 181.780009 0.977090 0.654559
 181.980009 1.011677 0.608783
 182.180009 0.641319 0.789240
 182.380009 0.775275 0.719075
 182.580009 0.783604 0.549122
 182.780009 0.805347 0.725960
 182.980009 0.534889 0.732231
 183.180009 0.812989 0.667084
 183.380009 0.721187 0.662270
 183.580009 0.817382 0.612109
 183.780009 0.877009 0.774451
 183.980009 0.813994 0.656038
 184.180009 1.043195 0.642871
 184.380009 0.909426 0.660176
 184.580009 0.920581 0.640850
 184.780009 0.900262 0.757432
 184.980009 0.710051 0.619493
 185.180009 1.028197 0.590702
 185.380009 0.650434 0.713045
 185.580009 0.756645 0.653189
 185.780009 0.819492 0.654741
 185.980009 0.684202 0.641915
 186.180009 0.830922 0.680808
 186.380009 0.675556 0.679901
 186.580009 1.004055 0.589636
 186.780009 0.912265 0.623924
 186.980009 0.787829 0.705271
 187.180009 1.087759 0.587367
 187.380009 0.791320 0.655333
 187.580009 0.961631 0.720380
 187.780009 0.896018 0.586824
 187.980009 0.823430 0.613485
 188.180009 0.847477 0.776021
 188.380009 0.671398 0.586207
 188.580009 1.024863 0.777901
 188.780009 0.900155 0.303754
 188.980009 0.832119 0.815188
 189.180009 0.821263 0.617609
 189.380009 0.780433 0.799942
 189.580009 0.805488 0.458082
 189.780009 0.672571 0.785927
 189.980009 0.803397 0.608082
 190.180009 0.673256 0.754196
 190.380009 0.732540 0.647188
 190.580009 0.759079 0.816903
 190.780009 0.968748 0.470074
 190.980009 0.852509 0.932596
 191.180009 0.806809 0.447979
 191.380009 1.072759 0.902050
 191.580009 0.893509 0.384965
 191.780009 0.880369 0.865049
 191.980009 1.042866 0.378463
 192.180009 0.709349 0.809973
 192.380009 0.786410 0.711992
 192.580009 0.708425 0.741211
 192.780009 0.948110 0.501192
 192.980009 0.788196 0.806918
 193.180009 0.693163 0.631650
 193.380009 0.918146 0.851284
 193.580009 0.678891 0.493077
 193.780009 0.889897 0.733999
 193.980009 0.717103 0.612298
 194.180009 0.765118 0.683153
 194.380009 0.983755 0.707252
 194.580009 0.712625 0.698760
 194.780009 0.989971 0.634800
 194.980009 1.047174 0.517317
 195.180009 0.889328 0.657655
 195.380009 0.856398 0.734770
 195.580009 0.829879 0.570791
 195.780009 0.922604 0.722804
 195.980009 0.666059 0.665322
 196.180009 0.881009 0.651475
 196.380009 0.931440 0.644051
 196.580009 0.803725 0.628287
 196.780009 0.679411 1.035913
 196.980009 0.820961 0.252750
 197.180009 0.996386 1.029968
 197.380009 0.600789 0.464468
 197.580009 0.766146 0.955975
 197.780009 0.710329 0.511872
 197.980009 0.514687 0.995582
 198.180009 0.928996 0.272689
 198.380009 0.799825 0.922310
 198.580009 1.008717 0.421756
 198.780009 0.662922 0.969810
 198.980009 0.929659 0.443184
 199.180009 1.050981 0.719343
 199.380009 0.903226 0.398161
 199.580009 0.837623 0.808127
 199.780009 0.992258 0.470567
 199.980009 0.858204 0.692729
