#! FIELDS time phi psi
#! SET max_psi pi
 0.180000 -1.308314 2.443326
 0.380000 -1.421463 2.247418
 0.580000 -1.024900 2.774634
 0.780000 -1.518045 2.003953
 0.980000 -1.007904 2.736143
 1.180000 -1.175563 2.169876
 1.380000 -1.304095 2.307735
 1.580000 -1.186663 2.516777
 1.780000 -1.030766 2.203925
 1.980000 -1.303214 2.729149
 2.180000 -1.271613 2.084256
 2.380000 -1.060641 2.645845
 2.580000 -1.348360 2.233515
 2.780000 -1.091670 2.430144
 2.980000 -1.314369 2.538189
 3.180000 -1.035533 2.090320
 3.380000 -1.327621 2.795572
 3.580000 -0.975519 2.130761
 3.780000 -1.563534 2.547780
 3.980000 -1.122449 2.307077
 4.180000 -1.342871 2.530089
 4.380000 -1.309670 2.250992
 4.580000 -1.110832 2.556280
 4.780000 -1.445389 2.404484
 4.980000 -1.362927 2.265783
 5.180000 -1.237506 2.638106
 5.380000 -1.080729 2.239055
 5.580000 -1.388506 2.685379
 5.780000 -1.146036 2.110352
 5.980000 -1.385163 2.816820
 6.180000 -1.248594 2.314474
 6.380000 -1.640460 2.597041
 6.580000 -1.223648 2.666094
 6.780000 -1.503890 2.370014
 6.980000 -1.426376 2.625655
 7.180000 -1.337214 2.326035
 7.380000 -1.153782 2.639209
 7.580000 -1.267102 2.282350
 7.780000 -1.079969 2.364274
 7.980000 -1.281324 2.521160
 8.180000 -1.100878 2.272482
 8.380000 -1.456798 2.642748
 8.580000 -1.198647 2.222079
 8.780000 -1.182688 2.611164
 8.980000 -1.253154 2.451124
 9.180000 -1.389910 2.200894
 9.380000 -1.313362 2.768399
 9.580000 -1.194075 2.160760
 9.780000 -1.489357 2.528890
 9.980000 -1.118076 2.296863
 10.180000 -1.357852 2.685730
 10.380000 -1.228797 2.308031
 10.580001 -1.403709 2.533048
 10.780001 -1.074351 2.394813
 10.980001 -1.549751 2.462401
 11.180001 -1.099366 2.444045
 11.380001 -1.333953 2.358354
 11.580001 -1.277617 2.409945
 11.780001 -1.468533 2.575356
 11.980001 -1.193550 2.429005
 12.180001 -1.274748 2.368722
 12.380001 -1.090431 2.261588
 12.580001 -1.000643 2.676228
 12.780001 -1.277164 2.018210
 12.980001 -1.353178 2.588858
 13.180001 -1.053008 2.299021
 13.380001 -1.257723 2.557363
 13.580001 -1.325823 2.332656
 13.780001 -1.351212 2.501787
 13.980001 -1.225600 2.651648
 14.180001 -1.433155 2.088115
 14.380001 -1.434473 2.675062
 14.580001 -1.165905 2.332769
 14.780001 -1.470842 2.550826
 14.980001 -1.229414 2.402278
 15.180001 -1.290622 2.471426
 15.380001 -1.210215 2.536153
 15.580001 -1.439786 2.250154
 15.780001 -1.167345 2.553721
 15.980001 -1.267100 2.300784
 16.180001 -1.311123 2.455968
 16.380001 -1.221787 2.343449
 16.580001 -0.986911 2.430333
 16.780001 -1.215644 2.472219
 16.980001 -1.161713 2.218344
 17.180001 -1.172092 2.661902
 17.380001 -1.187122 2.162509
 17.580001 -1.277521 2.601600
 17.780001 -1.148477 2.237761
 17.980001 -1.275014 2.506863
 18.180001 -1.121024 2.423835
 18.380001 -1.294667 2.327070
 18.580001 -1.221960 2.616776
 18.780001 -1.393086 2.258274
 18.980001 -1.317248 2.571103
 19.180001 -1.408384 2.455011
 19.380001 -1.297894 2.482568
 19.580001 -1.317461 2.474078
 19.780001 -1.160293 2.321487
 19.980001 -1.325468 2.670742
 20.180001 -1.093088 2.158366
 20.380001 -1.257978 2.563183
 20.580001 -1.200779 2.340673
 20.780001 -1.304064 2.415554
 20.980001 -1.255583 2.505990
 21.180001 -1.330738 2.180044
 21.380001 -1.141601 2.600257
 21.580001 -1.251320 2.132955
 21.780001 -1.110602 2.604072
 21.980001 -1.201023 2.185470
 22.180001 -0.916194 2.295711
 22.380001 -1.070369 2.600566
 22.580001 -1.161568 2.250498
 22.780001 -1.071199 2.730270
 22.980001 -1.067960 2.122888
 23.180001 -1.316705 2.552763
 23.380001 -1.100530 2.326655
 23.580001 -1.303682 2.432013
 23.780001 -1.141118 2.543509
 23.980001 -1.236873 2.057960
 24.180001 -1.216694 2.841464
 24.380001 -1.370938 2.178146
 24.580001 -1.321793 2.449260
 24.780001 -1.283057 2.559765
 24.980001 -1.384536 2.174164
 25.180001 -1.449986 2.788960
 25.380001 -1.238917 2.208907
 25.580001 -1.191697 2.539308
 25.780001 -1.351755 2.323800
 25.980001 -1.212207 2.506058
 26.180001 -1.256585 2.494172
 26.380001 -1.210266 2.180639
 26.580001 -1.188494 2.741376
 26.780001 -1.269962 2.258241
 26.980001 -1.284135 2.632300
 27.180001 -1.094138 2.385970
 27.380001 -1.213106 2.473308
 27.580001 -1.069317 2.477242
 27.780001 -1.177857 2.232404
 27.980001 -0.965678 2.581547
 28.180001 -1.326286 2.247404
 28.380001 -1.131279 2.557758
 28.580001 -1.279173 2.411860
 28.780001 -1.288642 2.340112
 28.980001 -1.250702 2.556543
 29.180001 -1.274513 2.184914
 29.380001 -1.471737 2.610984
 29.580001 -0.944607 2.122553
 29.780001 -1.333624 2.579237
 29.980001 -1.223114 2.358651
 30.180001 -1.357757 2.594214
 30.380001 -1.329843 2.323320
 30.580001 -1.325041 2.535297
 30.780001 -1.298039 2.487728
 30.980001 -1.237985 2.404304
 31.180001 -1.088486 2.500278
 31.380001 -1.388259 2.377680
 31.580001 -1.261948 2.662677
 31.780002 -1.389309 2.255641
 31.980002 -1.247784 2.627809
 32.180002 -1.379493 2.475420
 32.380002 -1.295688 2.279787
 32.580002 -1.127057 2.610378
 32.780002 -1.183910 2.282014
 32.980002 -1.344575 2.693781
 33.180002 -1.257879 2.161934
 33.380002 -1.108378 2.504583
 33.580002 -1.129711 2.445565
 33.780002 -1.283689 2.221122
 33.980002 -1.034076 2.518727
 34.180002 -1.342896 2.505542
 34.380002 -1.308595 2.340058
 34.580002 -1.126992 2.514628
 34.780002 -1.396159 2.418354
 34.980002 -1.385326 2.229011
 35.180002 -1.114944 2.570640
 35.380002 -1.241386 2.452793
 35.580002 -1.379041 2.388439
 35.780002 -1.114380 2.412726
 35.980002 -1.218780 2.503022
 36.180002 -1.608689 2.324617
 36.380002 -1.433606 2.399364
 36.580002 -1.320149 2.682273
 36.780002 -1.570817 2.313148
 36.980002 -1.181275 2.531773
 37.180002 -0.998422 2.275188
 37.380002 -1.299980 2.454260
 37.580002 -1.328757 2.414834
 37.780002 -1.012364 2.436534
 37.980002 -1.288729 2.342303
 38.180002 -1.485945 2.575955
 38.380002 -1.309963 2.564752
 38.580002 -1.363489 2.341420
 38.780002 -1.447719 2.511683
 38.980002 -1.098642 2.465532
 39.180002 -1.234287 2.484702
 39.380002 -1.202502 2.291349
 39.580002 -1.101994 2.527763
 39.780002 -1.097066 2.411811
 39.980002 -1.527239 2.220294
 40.180002 -1.104292 2.633614
 40.380002 -1.301296 2.298487
 40.580002 -1.127074 2.434716
 40.780002 -1.435144 2.394536
 40.980002 -1.127892 2.418088
 41.180002 -1.331731 2.558583
 41.380002 -1.197044 2.146003
 41.580002 -1.252524 2.600640
 41.780002 -1.136621 2.327685
 41.980002 -1.396317 2.437487
 42.180002 -1.169056 2.351521
 42.380002 -1.240551 2.324611
 42.580002 -1.030831 2.698841
 42.780002 -1.275735 2.120167
 42.980002 -1.156095 2.647498
 43.180002 -1.232055 2.358838
 43.380002 -1.340498 2.405903
 43.580002 -1.569729 2.552221
 43.780002 -1.079986 2.367433
 43.980002 -1.478277 2.727303
 44.180002 -1.257054 2.264965
 44.380002 -1.405580 2.626932
 44.580002 -1.319896 2.450029
 44.780002 -1.308596 2.359152
 44.980002 -1.120940 2.588513
 45.180002 -1.249772 2.336669
 45.380002 -1.229391 2.534871
 45.580002 -1.183291 2.301177
 45.780002 -1.185161 2.451884
 45.980002 -1.328209 2.386175
 46.180002 -1.132073 2.309354
 46.380002 -1.231529 2.647345
 46.580002 -1.287168 2.223271
 46.780002 -1.115921 2.413039
 46.980002 -1.214661 2.323962
 47.180002 -1.310099 2.411423
 47.380002 -1.228516 2.525857
 47.580002 -1.191802 2.139902
 47.780002 -1.278854 2.619763
 47.980002 -1.137635 2.359681
 48.180002 -1.279472 2.503183
 48.380002 -1.144777 2.242078
 48.580002 -1.237412 2.549532
 48.780002 -1.169165 2.417798
 48.980002 -1.228991 2.436025
 49.180002 -1.124384 2.529442
 49.380002 -1.176862 2.373373
 49.580002 -1.298645 2.584637
 49.780002 -1.316098 2.334450
 49.980002 -1.297391 2.652237
 50.180002 -1.499665 2.404682
 50.380002 -1.317153 2.394207
 50.580002 -1.229515 2.537092
 50.780002 -1.431627 2.356123
 50.980002 -1.284092 2.473382
 51.180002 -1.096229 2.351443
 51.380002 -1.358188 2.516996
 51.580002 -1.155491 2.358059
 51.780002 -1.165969 2.377500
 51.980002 -1.188917 2.457476
 52.180002 -1.277745 2.398879
 52.380002 -1.133091 2.473125
 52.580002 -1.299897 2.421725
 52.780003 -1.161574 2.332283
 52.980003 -1.184020 2.651490
 53.180003 -1.327299 2.433305
 53.380003 -1.323620 2.409659
 53.580003 -1.201815 2.515367
 53.780003 -1.274114 2.482063
 53.980003 -1.163720 2.286090
 54.180003 -1.159969 2.467364
 54.380003 -1.199205 2.467391
 54.580003 -1.272599 2.402637
 54.780003 -1.108264 2.458909
 54.980003 -1.322854 2.437049
 55.180003 -1.283340 2.406411
 55.380003 -1.266887 2.516970
 55.580003 -1.328488 2.332710
 55.780003 -1.319968 2.452411
 55.980003 -1.267317 2.454515
 56.180003 -1.180845 2.496030
 56.380003 -1.116562 2.244367
 56.580003 -1.098742 2.497348
 56.780003 -1.247076 2.414093
 56.980003 -1.154737 2.364189
 57.180003 -1.140449 2.361351
 57.380003 -1.228490 2.569006
 57.580003 -1.323658 2.347503
 57.780003 -1.296659 2.466224
 57.980003 -1.137737 2.379182
 58.180003 -1.332603 2.420234
 58.380003 -1.349653 2.441862
 58.580003 -1.050145 2.494410
 58.780003 -1.274471 2.381389
 58.980003 -1.480172 2.474408
 59.180003 -1.210233 2.371225
 59.380003 -1.185811 2.541388
 59.580003 -1.404206 2.330993
 59.780003 -1.342712 2.492408
 59.980003 -1.226868 2.616646
 60.180003 -1.392024 2.295263
 60.380003 -1.370451 2.601567
 60.580003 -1.073020 2.245686
 60.780003 -1.342498 2.637554
 60.980003 -1.303284 2.252203
 61.180003 -1.038290 2.299872
 61.380003 -1.124070 2.468109
 61.580003 -1.312112 2.323451
 61.780003 -1.140563 2.655248
 61.980003 -1.308946 2.255713
 62.180003 -1.262098 2.457211
 62.380003 -1.239557 2.353117
 62.580003 -1.190534 2.449171
 62.780003 -1.396681 2.564260
 62.980003 -1.276986 2.316510
 63.180003 -1.275829 2.702516
 63.380003 -1.255139 2.143338
 63.580003 -1.259788 2.542476
 63.780003 -1.223188 2.288939
 63.980003 -1.315934 2.415505
 64.180003 -1.228414 2.461428
 64.380003 -1.214477 2.373080
 64.580003 -1.169576 2.597933
 64.780003 -1.169544 2.336803
 64.980003 -1.223290 2.406688
 65.180003 -1.133707 2.409376
 65.380003 -1.233461 2.313409
 65.580003 -1.244995 2.507105
 65.780003 -1.239819 2.385524
 65.980003 -1.276586 2.608485
 66.180003 -1.195345 2.340954
 66.380003 -1.329582 2.451425
 66.580003 -1.174690 2.403466
 66.780003 -1.381974 2.489725
 66.980003 -1.077619 2.286252
 67.180003 -1.246864 2.417754
 67.380003 -1.128855 2.583632
 67.580003 -1.281204 2.310502
 67.780003 -0.963632 2.524290
 67.980003 -1.349905 2.433319
 68.180003 -1.188741 2.420472
 68.380003 -1.368197 2.506513
 68.580003 -1.205335 2.311627
 68.780003 -1.348380 2.597748
 68.980003 -1.251723 2.317359
 69.180003 -1.242328 2.621049
 69.380003 -1.313617 2.374214
 69.580003 -1.489018 2.452204
 69.780003 -1.415426 2.542755
 69.980003 -1.299885 2.275422
 70.180003 -1.265732 2.458811
 70.380003 -1.198732 2.418852
 70.580003 -1.059395 2.373145
 70.780003 -1.138845 2.502509
 70.980003 -1.108650 2.148762
 71.180003 -1.220748 2.599752
 71.380003 -1.087928 2.233780
 71.580003 -1.179584 2.411804
 71.780003 -1.087343 2.387138
 71.980003 -1.119191 2.473669
 72.180003 -1.045176 2.411458
 72.380003 -1.146264 2.261835
 72.580003 -1.228154 2.511375
 72.780003 -1.378967 2.456449
 72.980003 -1.340884 2.308139
 73.180003 -1.256373 2.462483
 73.380003 -1.283222 2.453197
 73.580003 -1.212382 2.552641
 73.780004 -1.254852 2.305298
 73.980004 -1.119246 2.453845
 74.180004 -1.343372 2.416428
 74.380004 -1.306655 2.398833
 74.580004 -1.267856 2.489043
 74.780004 -1.140127 2.393976
 74.980004 -1.206958 2.573026
 75.180004 -1.267818 2.494948
 75.380004 -0.904376 2.340236
 75.580004 -1.162123 2.401693
 75.780004 -1.117746 2.429481
 75.980004 -1.220528 2.470874
 76.180004 -1.163146 2.361363
 76.380004 -1.147970 2.412396
 76.580004 -1.418412 2.565693
 76.780004 -1.319682 2.324639
 76.980004 -1.412260 2.579943
 77.180004 -1.253337 2.191331
 77.380004 -1.417954 2.538517
 77.580004 -1.187026 2.322445
 77.780004 -1.329224 2.543624
 77.980004 -1.239583 2.311701
 78.180004 -1.152538 2.501337
 78.380004 -1.169017 2.454448
 78.580004 -1.336668 2.164328
 78.780004 -1.092575 2.681423
 78.980004 -1.236214 2.296544
 79.180004 -1.266616 2.483158
 79.380004 -1.286227 2.550483
 79.580004 -1.220495 2.327313
 79.780004 -1.379892 2.602765
 79.980004 -1.316388 2.127314
 80.180004 -1.183255 2.724612
 80.380004 -1.395810 2.275711
 80.580004 -1.212029 2.405494
 80.780004 -1.152137 2.486343
 80.980004 -1.356140 2.433227
 81.180004 -1.236909 2.635037
 81.380004 -1.139707 2.281136
 81.580004 -1.134710 2.495221
 81.780004 -1.234821 2.293189
 81.980004 -1.209424 2.358299
 82.180004 -1.083539 2.544196
 82.380004 -1.272803 2.079752
 82.580004 -1.206534 2.654190
 82.780004 -1.148723 2.207433
 82.980004 -1.237369 2.506644
 83.180004 -1.153983 2.402055
 83.380004 -1.122187 2.282469
 83.580004 -1.302938 2.606395
 83.780004 -1.244089 2.203699
 83.980004 -1.269211 2.677423
 84.180004 -1.080139 2.162404
 84.380004 -1.301355 2.408222
 84.580004 -1.251005 2.591996
 84.780004 -1.201792 2.352360
 84.980004 -1.116075 2.544306
 85.180004 -1.440022 2.090464
 85.380004 -1.189907 2.665071
 85.580004 -1.334602 2.481242
 85.780004 -1.432451 2.307878
 85.980004 -1.216602 2.680296
 86.180004 -1.113021 2.174208
 86.380004 -1.339814 2.657974
 86.580004 -1.135607 2.310487
 86.780004 -1.256510 2.431827
 86.980004 -1.164825 2.550409
 87.180004 -1.523807 2.243677
 87.380004 -1.241072 2.787008
 87.580004 -1.364857 2.340224
 87.780004 -1.320610 2.481296
 87.980004 -1.430377 2.489222
 88.180004 -1.241938 2.402286
 88.380004 -1.394041 2.564731
 88.580004 -1.353281 2.292765
 88.780004 -1.237183 2.637547
 88.980004 -1.296339 2.313462
 89.180004 -1.439315 2.544465
 89.380004 -1.280192 2.495106
 89.580004 -1.272105 2.431943
 89.780004 -1.199697 2.296660
 89.980004 -1.146617 2.514693
 90.180004 -1.220602 2.533648
 90.380004 -1.325918 2.261785
 90.580004 -1.027122 2.483934
 90.780004 -1.144511 2.515643
 90.980004 -1.357410 2.302448
 91.180004 -1.288729 2.400788
 91.380004 -1.167496 2.413247
 91.580004 -1.350146 2.482211
 91.780004 -1.270886 2.232896
 91.980004 -1.017142 2.482039
 92.180004 -1.133513 2.428551
 92.380004 -1.320649 2.328228
 92.580004 -1.274945 2.549568
 92.780004 -1.150827 2.378360
 92.980004 -1.370893 2.667157
 93.180004 -1.319222 2.223069
 93.380004 -1.359818 2.595137
 93.580004 -1.420302 2.456640
 93.780004 -1.516927 2.410514
 93.980004 -1.276240 2.597616
 94.180004 -1.391896 2.455782
 94.380004 -1.379986 2.558741
 94.580004 -1.312185 2.485399
 94.780005 -1.402162 2.581615
 94.980005 -1.362232 2.468732
 95.180005 -1.076585 2.358587
 95.380005 -1.279357 2.482598
 95.580005 -1.178090 2.389390
 95.780005 -1.097683 2.446566
 95.980005 -1.150310 2.192924
 96.180005 -1.397240 2.483074
 96.380005 -1.082948 2.366631
 96.580005 -1.234424 2.486441
 96.780005 -1.118854 2.200267
 96.980005 -1.099908 2.626143
 97.180005 -1.125739 2.316999
 97.380005 -1.202261 2.167800
 97.580005 -1.015247 2.689167
 97.780005 -1.128324 2.266848
 97.980005 -1.308587 2.468396
 98.180005 -1.211693 2.432077
 98.380005 -1.118454 2.329709
 98.580005 -1.084475 2.568553
 98.780005 -1.211544 2.109941
 98.980005 -1.087163 2.661314
 99.180005 -1.175904 2.305517
 99.380005 -1.362219 2.499593
 99.580005 -1.032237 2.485596
 99.780005 -1.299117 2.247134
 99.980005 -1.455800 2.553369
 100.180005 -1.265285 2.337024
 100.380005 -1.367117 2.538227
 100.580005 -1.507020 2.395297
 100.780005 -1.238698 2.522557
 100.980005 -1.181917 2.494874
 101.180005 -1.416864 2.344682
 101.380005 -1.312349 2.646003
 101.580005 -1.134374 2.263275
 101.780005 -1.346886 2.560676
 101.980005 -1.338650 2.487379
 102.180005 -1.178574 2.457973
 102.380005 -1.149017 2.478650
 102.580005 -1.140336 2.211417
 102.780005 -1.281432 2.607779
 102.980005 -1.144765 2.214002
 103.180005 -1.130967 2.539470
 103.380005 -1.227569 2.286231
 103.580005 -1.201015 2.496796
 103.780005 -1.288397 2.590854
 103.980005 -1.375297 2.251233
 104.180005 -1.169302 2.555952
 104.380005 -1.385167 2.305963
 104.580005 -1.116761 2.446340
 104.780005 -1.120589 2.466874
 104.980005 -1.190299 2.277589
 105.180005 -1.278258 2.654448
 105.380005 -1.293788 2.274923
 105.580005 -1.445684 2.775907
 105.780005 -1.298620 2.299654
 105.980005 -1.386935 2.627655
 106.180005 -1.090471 2.411193
 106.380005 -1.394441 2.503318
 106.580005 -1.257439 2.493077
 106.780005 -1.224571 2.415616
 106.980005 -1.225363 2.408975
 107.180005 -1.164986 2.430487
 107.380005 -1.276618 2.417874
 107.580005 -1.190372 2.426344
 107.780005 -1.194628 2.428736
 107.980005 -1.420315 2.406368
 108.180005 -1.214469 2.279045
 108.380005 -1.089115 2.597752
 108.580005 -1.353378 2.289000
 108.780005 -1.231389 2.500444
 108.980005 -1.120584 2.434529
 109.180005 -1.265684 2.306731
 109.380005 -1.127000 2.550368
 109.580005 -1.122126 2.326707
 109.780005 -1.191624 2.418284
 109.980005 -1.231771 2.398524
 110.180005 -1.160563 2.605762
 110.380005 -1.374279 2.547944
 110.580005 -1.248297 2.324218
 110.780005 -1.219570 2.575695
 110.980005 -1.419685 2.443114
 111.180005 -1.376720 2.350165
 111.380005 -1.198775 2.475265
 111.580005 -1.338559 2.459977
 111.780005 -1.538962 2.450811
 111.980005 -1.131309 2.355134
 112.180005 -1.226389 2.577174
 112.380005 -1.337486 2.400725
 112.580005 -1.269765 2.565142
 112.780005 -1.256291 2.308302
 112.980005 -1.381875 2.416872
 113.180005 -1.174824 2.528253
 113.380005 -1.118131 2.231030
 113.580005 -1.169907 2.531825
 113.780005 -1.046479 2.287619
 113.980005 -0.968632 2.430103
 114.180005 -1.177053 2.395289
 114.380005 -1.200910 2.250666
 114.580005 -1.096202 2.563486
 114.780005 -1.305246 2.251769
 114.980005 -1.092407 2.477100
 115.180005 -1.047232 2.344438
 115.380005 -1.193855 2.341495
 115.580005 -1.217131 2.462556
 115.780005 -1.233506 2.354649
 115.980006 -1.171617 2.622636
 116.180006 -1.148249 1.991686
 116.380006 -1.110703 2.713220
 116.580006 -1.221547 2.439006
 116.780006 -1.303602 2.168119
 116.980006 -1.346378 2.789850
 117.180006 -1.173267 2.278512
 117.380006 -1.386586 2.557337
 117.580006 -1.182652 2.316580
 117.780006 -1.162589 2.423858
 117.980006 -1.428320 2.696868
 118.180006 -1.350650 2.245661
 118.380006 -1.387817 2.699202
 118.580006 -1.182520 2.228539
 118.780006 -1.415989 2.548692
 118.980006 -1.112539 2.478432
 119.180006 -1.293380 2.396404
 119.380006 -1.315496 2.591627
 119.580006 -1.203770 2.185362
 119.780006 -1.110919 2.640093
 119.980006 -1.408768 2.309708
 120.180006 -1.045356 2.358349
 120.380006 -1.208085 2.596439
 120.580006 -1.174865 2.068522
 120.780006 -1.144200 2.788344
 120.980006 -1.124175 2.097023
 121.180006 -1.280610 2.533543
 121.380006 -1.196195 2.464635
 121.580006 -1.286069 2.194914
 121.780006 -0.941299 2.625383
 121.980006 -1.290309 2.167599
 122.180006 -1.110283 2.630411
 122.380006 -1.223560 2.346844
 122.580006 -1.187487 2.318835
 122.780006 -1.412397 2.683835
 122.980006 -1.116421 2.313950
 123.180006 -1.461697 2.644085
 123.380006 -1.165227 2.013569
 123.580006 -1.241331 2.681295
 123.780006 -1.253492 2.421736
 123.980006 -1.393826 2.315412
 124.180006 -0.928277 2.596106
 124.380006 -1.366184 2.055503
 124.580006 -1.158125 2.651862
 124.780006 -1.154771 2.293099
 124.980006 -1.082716 2.417070
 125.180006 -1.291976 2.532226
 125.380006 -1.303323 2.276039
 125.580006 -1.101988 2.700906
 125.780006 -1.414247 2.232313
 125.980006 -1.537306 2.664640
 126.180006 -1.068453 2.409443
 126.380006 -1.300249 2.281307
 126.580006 -1.367244 2.492098
 126.780006 -1.340132 2.303388
 126.980006 -1.328215 2.770574
 127.180006 -1.273560 2.030521
 127.380006 -1.119748 2.659215
 127.580006 -1.088785 2.435479
 127.780006 -1.169949 2.091703
 127.980006 -1.138968 2.720563
 128.180006 -1.009717 2.080977
 128.380006 -1.333273 2.757777
 128.580006 -1.252298 1.983758
 128.780006 -1.208743 2.550994
 128.980006 -1.377015 2.539831
 129.180006 -1.302687 2.251073
 129.380006 -1.226786 2.769224
 129.580006 -1.290792 1.963872
 129.780006 -1.277455 2.832641
 129.980006 -1.174762 2.213577
 130.180006 -1.375818 2.490502
 130.380006 -1.243988 2.699158
 130.580006 -1.259076 2.001217
 130.780006 -1.099045 2.663315
 130.980006 -1.324015 1.988921
 131.180006 -1.259852 2.832973
 131.380006 -1.291859 2.334575
 131.580006 -1.162706 2.301958
 131.780006 -1.279290 2.628194
 131.980006 -1.180430 2.104388
 132.180006 -1.278780 2.964954
 132.380006 -1.258723 2.129677
 132.580006 -1.143262 2.536334
 132.780006 -1.397933 2.473377
 132.980006 -1.261343 2.254223
 133.180006 -1.283157 2.752413
 133.380006 -1.439340 2.158032
 133.580006 -1.242510 2.642657
 133.780006 -1.372487 2.458182
 133.980006 -1.146945 2.225752
 134.180006 -1.302179 2.678477
 134.380006 -1.095748 2.074940
 134.580006 -1.108476 2.793485
 134.780006 -1.399779 2.173305
 134.980006 -1.071571 2.488536
 135.180006 -1.252525 2.398816
 135.380006 -1.168665 2.382980
 135.580006 -1.283672 2.612487
 135.780006 -1.211702 2.158535
 135.980006 -1.130245 2.751144
 136.180006 -1.397627 2.337432
 136.380006 -1.260276 2.228947
 136.580006 -1.191527 2.567256
 136.780006 -1.287200 2.163022
 136.980007 -1.272468 2.662356
 137.180007 -1.167266 2.227067
 137.380007 -1.250099 2.486876
 137.580007 -1.351644 2.378615
 137.780007 -1.259952 2.249507
 137.980007 -1.173629 2.706987
 138.180007 -1.411869 2.178482
 138.380007 -1.055046 2.605955
 138.580007 -1.105785 2.292112
 138.780007 -1.259589 2.305934
 138.980007 -1.544324 2.560637
 139.180007 -0.956862 2.159372
 139.380007 -1.425845 2.712188
 139.580007 -1.266647 2.117284
 139.780007 -1.344806 2.830748
 139.980007 -1.141401 2.313813
 140.180007 -1.475194 2.368130
 140.380007 -1.295577 2.526210
 140.580007 -1.381634 2.400390
 140.780007 -1.314463 2.549258
 140.980007 -1.309039 2.354089
 141.180007 -1.200611 2.634979
 141.380007 -1.177445 2.321740
 141.580007 -1.078747 2.289682
 141.780007 -1.080147 2.491676
 141.980007 -1.130048 2.167987
 142.180007 -1.216459 2.579114
 142.380007 -1.149819 2.239769
 142.580007 -1.114503 2.565340
 142.780007 -1.109854 2.204878
 142.980007 -1.285852 2.535757
 143.180007 -1.112246 2.375212
 143.380007 -1.188225 2.173604
 143.580007 -1.308730 2.517143
 143.780007 -1.314720 2.288480
 143.980007 -1.317048 2.785819
 144.180007 -1.356531 2.093251
 144.380007 -1.511597 2.723169
 144.580007 -1.292049 2.268680
 144.780007 -1.375777 2.509273
 144.980007 -1.219502 2.562158
 145.180007 -1.390469 2.322555
 145.380007 -1.287953 2.567092
 145.580007 -1.346514 2.349085
 145.780007 -1.329735 2.619357
 145.980007 -1.319395 2.320906
 146.180007 -1.112543 2.423123
 146.380007 -1.186129 2.685344
 146.580007 -1.242452 2.145493
 146.780007 -1.076402 2.642026
 146.980007 -1.168887 2.174018
 147.180007 -1.344692 2.525813
 147.380007 -1.087641 2.351443
 147.580007 -1.335768 2.376052
 147.780007 -1.143694 2.610902
 147.980007 -1.277009 2.213569
 148.180007 -1.029180 2.544701
 148.380007 -1.290318 2.366221
 148.580007 -1.280497 2.460681
 148.780007 -1.082304 2.445934
 148.980007 -1.238883 2.416487
 149.180007 -1.237010 2.543843
 149.380007 -1.231433 2.224100
 149.580007 -1.363412 2.536456
 149.780007 -1.326281 2.479490
 149.980007 -1.280323 2.350063
 150.180007 -1.208243 2.516562
 150.380007 -1.165723 2.263706
 150.580007 -1.207993 2.739074
 150.780007 -1.213599 2.204754
 150.980007 -1.231196 2.569167
 151.180007 -1.401560 2.438626
 151.380007 -1.345217 2.553182
 151.580007 -1.500365 2.625325
 151.780007 -1.387148 2.304612
 151.980007 -1.237637 2.630495
 152.180007 -1.449860 2.239571
 152.380007 -1.336489 2.589588
 152.580007 -1.232728 2.482545
 152.780007 -1.197042 2.290124
 152.980007 -1.284071 2.564560
 153.180007 -1.180526 2.277756
 153.380007 -1.277664 2.728993
 153.580007 -1.213516 2.107634
 153.780007 -1.206616 2.582853
 153.980007 -1.241530 2.320350
 154.180007 -1.291397 2.462125
 154.380007 -1.310849 2.616095
 154.580007 -1.338214 2.223147
 154.780007 -1.152525 2.599113
 154.980007 -1.267375 2.288964
 155.180007 -1.073932 2.380614
 155.380007 -1.158722 2.464917
 155.580007 -1.039816 2.204808
 155.780007 -1.364142 2.644743
 155.980007 -1.322743 2.152884
 156.180007 -1.274992 2.778517
 156.380007 -1.271545 2.067223
 156.580007 -1.197280 2.458511
 156.780007 -1.076490 2.511527
 156.980007 -1.116200 1.953021
 157.180007 -1.153385 2.684266
 157.380007 -1.112053 2.071942
 157.580007 -1.005285 2.562294
 157.780007 -1.202350 2.365872
 157.980008 -1.140163 2.247254
 158.180008 -1.205493 2.594657
 158.380008 -1.111530 2.255807
 158.580008 -1.444633 2.632794
 158.780008 -1.337906 2.260630
 158.980008 -1.266276 2.615135
 159.180008 -1.623276 2.591565
 159.380008 -1.470319 2.193033
 159.580008 -1.169074 2.658255
 159.780008 -1.297138 2.287373
 159.980008 -1.253065 2.580910
 160.180008 -1.174571 2.290488
 160.380008 -1.172327 2.595344
 160.580008 -1.220796 2.433658
 160.780008 -1.337040 2.168756
 160.980008 -1.274811 2.769165
 161.180008 -1.374752 2.227816
 161.380008 -1.526814 2.390886
 161.580008 -1.053403 2.437257
 161.780008 -1.099293 2.328819
 161.980008 -1.250764 2.444236
 162.180008 -1.106656 2.311237
 162.380008 -1.040951 2.620148
 162.580008 -1.359510 2.349004
 162.780008 -1.218294 2.424196
 162.980008 -1.223124 2.654160
 163.180008 -1.423810 2.296902
 163.380008 -1.340289 2.518552
 163.580008 -1.272407 2.322169
 163.780008 -1.433271 2.700522
 163.980008 -1.359227 2.440169
 164.180008 -1.174073 2.336582
 164.380008 -1.403816 2.603965
 164.580008 -1.417788 2.356630
 164.780008 -1.134442 2.591870
 164.980008 -1.254818 2.336098
 165.180008 -1.356436 2.498997
 165.380008 -1.058831 2.378150
 165.580008 -1.193779 2.503586
 165.780008 -1.232707 2.357429
 165.980008 -1.053606 2.379113
 166.180008 -1.205752 2.453861
 166.380008 -1.169501 2.406735
 166.580008 -1.152079 2.419737
 166.780008 -1.210367 2.347839
 166.980008 -1.382837 2.499061
 167.180008 -1.202876 2.410025
 167.380008 -1.212683 2.343657
 167.580008 -1.276050 2.383695
 167.780008 -1.175417 2.441409
 167.980008 -1.256745 2.473373
 168.180008 -1.321205 2.386139
 168.380008 -1.331661 2.555488
 168.580008 -1.235391 2.434091
 168.780008 -1.457586 2.293370
 168.980008 -1.134280 2.493810
 169.180008 -1.287965 2.400972
 169.380008 -1.224906 2.584465
 169.580008 -1.353051 2.419454
 169.780008 -1.156159 2.335294
 169.980008 -1.309569 2.651807
 170.180008 -1.192434 2.338213
 170.380008 -1.443923 2.549713
 170.580008 -1.055378 2.253463
 170.780008 -1.139789 2.607726
 170.980008 -1.163686 2.264550
 171.180008 -1.134314 2.399394
 171.380008 -1.246925 2.497008
 171.580008 -1.231962 2.257210
 171.780008 -1.138964 2.393086
 171.980008 -1.226541 2.261075
 172.180008 -1.094693 2.368640
 172.380008 -1.059416 2.405283
 172.580008 -1.097531 2.078116
 172.780008 -1.031347 2.674253
 172.980008 -1.144282 2.133582
 173.180008 -1.157791 2.536296
 173.380008 -1.172890 2.367688
 173.580008 -1.106151 2.369237
 173.780008 -1.141373 2.587016
 173.980008 -1.283178 2.220574
 174.180008 -1.201390 2.653515
 174.380008 -1.208169 2.247518
 174.580008 -1.335936 2.616222
 174.780008 -1.180720 2.322577
 174.980008 -1.513955 2.495574
 175.180008 -1.289401 2.562743
 175.380008 -1.409898 2.248989
 175.580008 -1.400856 2.616461
 175.780008 -1.342002 2.274049
 175.980008 -1.356578 2.614115
 176.180008 -1.329203 2.526151
 176.380008 -1.226739 2.251941
 176.580008 -1.293069 2.683038
 176.780008 -1.078022 2.106308
 176.980008 -1.114640 2.625450
 177.180008 -1.299956 2.171403
 177.380008 -1.245538 2.604564
 177.580008 -1.299381 2.471112
 177.780008 -1.284741 2.193162
 177.980008 -1.181463 2.692923
 178.180008 -1.162988 2.265753
 178.380008 -0.932977 2.528605
 178.580008 -1.302077 2.166444
 178.780008 -1.081472 2.548353
 178.980009 -1.267940 2.482955
 179.180009 -1.225774 2.267190
 179.380009 -1.315517 2.771365
 179.580009 -1.125462 2.065709
 179.780009 -1.329077 2.742454
 179.980009 -1.239324 2.291532
 180.180009 -1.287805 2.452914
 180.380009 -1.271182 2.453228
 180.580009 -1.285892 2.190712
 180.780009 -1.274940 2.840131
 180.980009 -1.425626 2.259330
 181.180009 -1.266169 2.307838
 181.380009 -1.265760 2.647425
 181.580009 -1.037386 2.199873
 181.780009 -1.303586 2.569127
 181.980009 -1.147277 2.160956
 182.180009 -1.024305 2.611423
 182.380009 -1.202431 2.300548
 182.580009 -1.326836 2.297901
 182.780009 -1.297093 2.645511
 182.980009 -1.245721 2.209959
 183.180009 -1.227438 2.557853
 183.380009 -1.341077 2.332758
 183.580009 -1.233552 2.510130
 183.780009 -1.465147 2.508255
 183.980009 -1.348103 2.167673
 184.180009 -1.141097 2.659193
 184.380009 -1.164525 2.257156
 184.580009 -1.281856 2.436934
 184.780009 -1.129215 2.495336
 184.980009 -1.066422 2.350079
 185.180009 -1.279725 2.392851
 185.380009 -1.308386 2.248228
 185.580009 -1.029125 2.759894
 185.780009 -1.272192 2.098001
 185.980009 -1.247428 2.452244
 186.180009 -1.083447 2.587529
 186.380009 -1.309818 2.367241
 186.580009 -1.216728 2.466961
 186.780009 -1.053448 2.278518
 186.980009 -1.309809 2.640928
 187.180009 -1.239834 2.327684
 187.380009 -1.342543 2.576387
 187.580009 -1.125609 2.363909
 187.780009 -1.441585 2.329061
 187.980009 -1.245263 2.501200
 188.180009 -1.303011 2.366992
 188.380009 -1.359904 2.547451
 188.580009 -1.359868 2.391865
 188.780009 -1.057255 2.431988
 188.980009 -1.323074 2.358100
 189.180009 -1.274391 2.619660
 189.380009 -1.238969 2.457167
 189.580009 -1.294707 2.347409
 189.780009 -1.122724 2.499188
 189.980009 -1.356951 2.299285
 190.180009 -1.134616 2.512701
 190.380009 -1.188154 2.370886
 190.580009 -1.126696 2.409765
 190.780009 -1.285123 2.458911
 190.980009 -1.102860 2.343149
 191.180009 -1.458204 2.393665
 191.380009 -1.073258 2.360029
 191.580009 -1.402934 2.638950
 191.780009 -1.260360 2.196464
 191.980009 -1.125680 2.615930
 192.180009 -1.314921 2.318523
 192.380009 -1.124641 2.477548
 192.580009 -1.247017 2.394941
 192.780009 -1.155847 2.330574
 192.980009 -1.252204 2.561025
 193.180009 -1.241455 2.072920
 193.380009 -1.264006 2.835099
 193.580009 -1.216018 2.317248
 193.780009 -1.254985 2.467983
 193.980009 -1.228025 2.428579
 194.180009 -1.016740 2.341243
 194.380009 -1.266428 2.404176
 194.580009 -1.074239 2.104940
 194.780009 -1.091475 2.852089
 194.980009 -1.448295 2.303277
 195.180009 -1.254436 2.388661
 195.380009 -1.046198 2.710086
 195.580009 -1.216418 2.007840
 195.780009 -1.269137 2.670330
 195.980009 -1.166277 2.277874
 196.180009 -1.194079 2.440638
 196.380009 -1.334190 2.430303
 196.580009 -1.148813 2.347263
 196.780009 -1.350815 2.566563
 196.980009 -1.341641 2.091593
 197.180009 -1.381543 2.647290
 197.380009 -1.060626 2.297684
 197.580009 -1.459225 2.562534
 197.780009 -1.151975 2.368503
 197.980009 -1.243245 2.479578
 198.180009 -1.122090 2.618692
 198.380009 -1.556823 2.016269
 198.580009 -1.028864 2.766937
 198.780009 -1.171325 2.230232
 198.980009 -1.424472 2.482726
 199.180009 -1.111402 2.500544
 199.380009 -1.280620 2.389638
 199.580009 -1.201587 2.448767
 199.780009 -1.415813 2.310413
 199.980009 -1.145677 2.740003
