#! FIELDS time phi psi
#! SET max_psi pi
 0.180000 3.102214 2.181921
 0.380000 -2.566246 2.998911
 0.580000 -2.901242 3.128077
 0.780000 -2.719335 2.695388
 0.980000 -3.048697 3.078154
 1.180000 -2.661070 2.394083
 1.380000 -3.042856 -3.030627
 1.580000 -2.857936 2.492093
 1.780000 -2.998845 2.917994
 1.980000 -2.722096 2.699599
 2.180000 -2.708531 2.984061
 2.380000 -2.862206 2.727966
 2.580000 -2.910741 2.721461
 2.780000 -2.623138 2.911954
 2.980000 -2.609160 2.639069
 3.180000 -2.713059 3.043034
 3.380000 -2.685514 2.696439
 3.580000 -2.571783 3.073405
 3.780000 -2.795721 2.730959
 3.980000 -2.793217 3.093964
 4.180000 -2.988694 2.612150
 4.380000 -2.897152 3.042115
 4.580000 -2.799673 2.666541
 4.780000 -2.964134 3.012291
 4.980000 -2.833618 2.743899
 5.180000 -2.974012 2.916112
 5.380000 -2.700129 2.780081
 5.580000 -2.980290 2.682232
 5.780000 -2.779850 2.681915
 5.980000 -2.994262 2.972705
 6.180000 -2.865002 2.593408
 6.380000 -3.000569 2.960410
 6.580000 -2.827987 2.639599
 6.780000 -2.782727 2.915287
 6.980000 -2.887794 2.703212
 7.180000 -2.812809 2.761065
 7.380000 -3.085252 2.769001
 7.580000 -2.841197 2.724839
 7.780000 -2.962373 2.777227
 7.980000 -2.687626 2.689730
 8.180000 -2.944776 2.938391
 8.380000 -2.919657 2.625826
 8.580000 3.124247 2.916769
 8.780000 -3.002670 2.454531
 8.980000 -2.986648 2.958647
 9.180000 -2.608627 2.447510
 9.380000 -2.833777 3.017444
 9.580000 -2.670952 2.571085
 9.780000 -2.749508 3.034589
 9.980000 -3.067817 2.697072
 10.180000 -2.957104 2.810678
 10.380000 -3.126706 2.688689
 10.580001 -2.614737 2.735551
 10.780001 -2.604027 2.973657
 10.980001 -2.630564 2.513013
 11.180001 -2.945337 2.965739
 11.380001 -2.722465 2.715259
 11.580001 -3.057102 3.042298
 11.780001 -2.888346 2.564012
 11.980001 -2.940625 2.994477
 12.180001 -2.737540 2.791969
 12.380001 -2.928227 2.809500
 12.580001 -2.836685 2.874997
 12.780001 -2.764957 2.710974
 12.980001 -2.865691 3.114057
 13.180001 -2.888541 2.541089
 13.380001 -2.915507 3.033852
 13.580001 -2.795061 2.582763
 13.780001 -2.883463 3.140206
 13.980001 -2.839599 2.519716
 14.180001 -2.975560 2.946671
 14.380001 -2.639004 2.678212
 14.580001 -2.708836 2.950718
 14.780001 -2.881151 2.732327
 14.980001 -2.832583 2.820791
 15.180001 -2.797735 2.886086
 15.380001 -2.679029 2.912073
 15.580001 -2.755215 2.888172
 15.780001 -2.556521 2.702575
 15.980001 -2.849480 3.033375
 16.180001 -2.678053 2.510153
 16.380001 -3.060729 2.966742
 16.580001 -2.848631 2.616947
 16.780001 -2.983063 2.999013
 16.980001 -2.856088 2.604873
 17.180001 -2.725868 2.874949
 17.380001 -2.821954 2.710465
 17.580001 -2.844806 2.781882
 17.780001 3.113418 2.752854
 17.980001 -2.866248 2.758346
 18.180001 -3.020746 2.817652
 18.380001 -2.911340 2.675035
 18.580001 -2.942571 2.885755
 18.780001 -2.788478 2.521139
 18.980001 -2.933847 2.891421
 19.180001 -2.822720 2.524007
 19.380001 -3.120237 2.877613
 19.580001 -2.875219 2.538835
 19.780001 -2.979342 2.998181
 19.980001 -2.830401 2.501144
 20.180001 -2.834224 2.950855
 20.380001 -2.792992 2.539924
 20.580001 -3.014780 2.932072
 20.780001 -2.985084 2.653904
 20.980001 -2.894805 2.798714
 21.180001 -2.629354 2.965610
 21.380001 -2.927721 2.676506
 21.580001 -2.595154 2.949650
 21.780001 -2.748163 2.677812
 21.980001 -2.904961 2.991175
 22.180001 -3.039253 2.594054
 22.380001 -3.119394 2.858704
 22.580001 -2.974057 2.696585
 22.780001 -2.881678 2.946573
 22.980001 -2.740668 2.692595
 23.180001 -2.844842 2.907683
 23.380001 -2.709973 2.833354
 23.580001 -2.829442 2.875131
 23.780001 -2.924957 2.817287
 23.980001 -2.915857 2.756391
 24.180001 -2.889327 2.900925
 24.380001 -2.622420 2.850607
 24.580001 -2.743677 2.726484
 24.780001 -2.680107 2.867391
 24.980001 -2.743663 2.804579
 25.180001 -2.630628 2.876003
 25.380001 -3.043655 2.735620
 25.580001 -2.645016 2.842853
 25.780001 -2.647768 2.937507
 25.980001 -2.660197 2.786063
 26.180001 -2.777365 2.903862
 26.380001 -2.583634 2.787713
 26.580001 -2.766338 3.087369
 26.780001 -2.927194 2.714423
 26.980001 -3.010727 2.969830
 27.180001 -2.894449 2.653303
 27.380001 -2.838473 3.061378
 27.580001 -2.678291 2.567175
 27.780001 -2.770917 2.972977
 27.980001 -2.649091 2.767949
 28.180001 -2.738969 3.030891
 28.380001 -2.890120 2.770823
 28.580001 -2.768626 2.806874
 28.780001 -2.717471 2.908871
 28.980001 -2.589357 2.804270
 29.180001 -2.961099 3.030977
 29.380001 -2.863132 2.609819
 29.580001 -2.992950 3.041313
 29.780001 -2.627165 2.547237
 29.980001 -2.819330 2.909010
 30.180001 -2.680665 2.651142
 30.380001 -2.690937 2.954742
 30.580001 -2.872258 2.849072
 30.780001 -2.929451 2.801022
 30.980001 -2.867270 2.769215
 31.180001 -2.874111 2.760078
 31.380001 -2.793139 2.759326
 31.580001 -2.746841 2.681583
 31.780002 -3.000576 2.889107
 31.980002 -2.714481 2.652401
 32.180002 -2.908586 2.968175
 32.380002 -2.797613 2.544002
 32.580002 -2.907591 3.021888
 32.780002 -2.769571 2.536455
 32.980002 -3.000073 2.951423
 33.180002 -2.815033 2.721030
 33.380002 -2.881873 2.887376
 33.580002 -2.660997 2.776142
 33.780002 -2.985608 2.778338
 33.980002 -2.770091 2.669341
 34.180002 -2.813793 2.860116
 34.380002 -2.854436 2.759402
 34.580002 -2.948375 2.770735
 34.780002 -2.912856 2.848144
 34.980002 -2.698694 2.709807
 35.180002 -2.843898 2.963177
 35.380002 -2.860547 2.494405
 35.580002 3.104024 2.913049
 35.780002 -2.803008 2.465571
 35.980002 -2.917074 3.009245
 36.180002 -2.723326 2.466456
 36.380002 -2.852452 2.798132
 36.580002 -2.733444 2.736809
 36.780002 -2.942811 2.679371
 36.980002 -2.895251 2.910098
 37.180002 -2.983531 2.568638
 37.380002 -2.876208 2.957778
 37.580002 -2.874411 2.591619
 37.780002 -2.904995 3.008308
 37.980002 -2.822703 2.582591
 38.180002 -2.858085 2.990686
 38.380002 -2.726961 2.715289
 38.580002 -2.852094 2.892777
 38.780002 -2.695416 2.754806
 38.980002 -2.669226 2.930958
 39.180002 -2.713038 2.986748
 39.380002 -2.720089 2.840137
 39.580002 -2.966478 -3.100548
 39.780002 -2.812708 2.569380
 39.980002 -2.840046 -2.960489
 40.180002 -2.685422 2.502144
 40.380002 -2.854687 -3.104705
 40.580002 -2.593271 2.619068
 40.780002 -2.830557 3.012160
 40.980002 -2.717508 2.752055
 41.180002 -2.810267 2.842005
 41.380002 -2.745960 2.754694
 41.580002 -2.894200 2.746965
 41.780002 -2.878281 2.853585
 41.980002 -2.704483 2.846153
 42.180002 -2.873370 3.014420
 42.380002 -2.755053 2.671072
 42.580002 -2.920196 3.034245
 42.780002 -2.704484 2.601361
 42.980002 -2.999895 3.015972
 43.180002 -2.776473 2.469991
 43.380002 -2.807657 -3.124958
 43.580002 -2.657150 2.663572
 43.780002 -2.825244 2.986533
 43.980002 -2.871780 2.599833
 44.180002 -2.801108 2.862108
 44.380002 -2.867116 2.757485
 44.580002 -3.076533 2.746473
 44.780002 -2.832489 2.939573
 44.980002 -2.777834 2.767120
 45.180002 -2.743332 3.021178
 45.380002 -2.820334 2.467299
 45.580002 -2.809489 2.956749
 45.780002 -2.836872 2.625910
 45.980002 -2.883478 3.028430
 46.180002 -2.930269 2.694205
 46.380002 -3.010936 2.834117
 46.580002 -2.682840 2.777746
 46.780002 -2.826656 2.725455
 46.980002 -3.011893 2.814874
 47.180002 -3.031782 2.575588
 47.380002 -2.945339 2.959546
 47.580002 -2.680539 2.732228
 47.780002 -2.790904 2.759643
 47.980002 -2.733257 2.637857
 48.180002 -2.742630 2.817791
 48.380002 -2.794591 2.753807
 48.580002 -2.976601 2.837341
 48.780002 -2.924827 2.824638
 48.980002 -2.791320 2.868728
 49.180002 -2.671739 3.031533
 49.380002 -2.582475 2.608001
 49.580002 -2.846630 2.801965
 49.780002 -2.601321 2.616109
 49.980002 -2.856382 3.043473
 50.180002 -2.719102 2.848219
 50.380002 -2.869418 2.880788
 50.580002 -2.560527 2.940074
 50.780002 -2.683795 2.814389
 50.980002 -2.725324 2.819050
 51.180002 -2.830963 2.851888
 51.380002 -2.685455 2.840581
 51.580002 -2.639501 3.064117
 51.780002 -2.680641 2.821319
 51.980002 -2.749352 2.844184
 52.180002 -2.780673 2.836298
 52.380002 -2.958620 2.860805
 52.580002 -2.850883 2.858366
 52.780003 -2.822775 2.873266
 52.980003 -2.733046 2.897624
 53.180003 -2.681557 2.802554
 53.380003 -2.953300 2.975378
 53.580003 -2.695506 2.739856
 53.780003 -2.754124 2.995511
 53.980003 -2.793308 2.669574
 54.180003 -2.651210 2.899860
 54.380003 -2.797371 2.838369
 54.580003 -2.766879 2.943047
 54.780003 -2.912441 2.757110
 54.980003 -2.744831 2.823007
 55.180003 -2.676686 2.980796
 55.380003 -2.731709 2.686970
 55.580003 -2.797617 2.926650
 55.780003 -2.635888 2.705351
 55.980003 -2.744862 2.949066
 56.180003 -2.903333 2.686620
 56.380003 -2.902311 3.024963
 56.580003 -2.807838 2.700996
 56.780003 -2.796254 3.011264
 56.980003 -2.809371 2.773615
 57.180003 -2.795544 2.875049
 57.380003 -2.965126 2.833465
 57.580003 -2.739747 2.857993
 57.780003 -2.925901 2.738645
 57.980003 -2.818639 2.764460
 58.180003 -2.921945 2.861084
 58.380003 -2.618590 2.751214
 58.580003 -2.963351 2.820812
 58.780003 -2.805427 2.673155
 58.980003 -2.922713 2.926494
 59.180003 -2.719643 2.728544
 59.380003 -2.944108 2.924645
 59.580003 -2.769047 2.737305
 59.780003 -2.965708 2.864056
 59.980003 -2.872196 2.825409
 60.180003 -2.932876 2.822044
 60.380003 -2.849863 2.728281
 60.580003 -2.961711 2.767736
 60.780003 -2.788463 2.733296
 60.980003 -3.009096 2.783055
 61.180003 -2.935466 2.736020
 61.380003 -2.861173 2.769443
 61.580003 -2.773696 2.790916
 61.780003 -2.729603 2.826779
 61.980003 -2.813659 2.723917
 62.180003 -2.868735 2.850430
 62.380003 -2.769494 2.806073
 62.580003 -2.865800 2.816309
 62.780003 -2.783086 2.794722
 62.980003 -2.757148 2.794431
 63.180003 -2.765323 2.732884
 63.380003 -2.847093 2.896880
 63.580003 -2.833338 2.753707
 63.780003 -2.827329 2.970304
 63.980003 -2.775856 2.800811
 64.180003 -2.891789 2.853573
 64.380003 -2.888965 2.704550
 64.580003 -2.820225 2.998949
 64.780003 -2.692979 2.600819
 64.980003 -2.821910 2.967202
 65.180003 -2.913113 2.555504
 65.380003 -2.825134 2.850894
 65.580003 -2.607164 2.813159
 65.780003 -2.791682 2.721215
 65.980003 -2.692199 2.895034
 66.180003 -2.771011 2.690829
 66.380003 -2.911759 2.875109
 66.580003 -2.947960 2.665574
 66.780003 -2.723411 2.948994
 66.980003 -2.876543 2.793437
 67.180003 -2.827005 2.939523
 67.380003 -2.973624 2.708376
 67.580003 -3.050873 2.868310
 67.780003 -2.906356 2.764177
 67.980003 -2.950162 2.893891
 68.180003 -2.917275 2.750576
 68.380003 -2.714255 3.072281
 68.580003 -2.703743 2.715259
 68.780003 -2.857523 2.800998
 68.980003 -2.617071 2.785006
 69.180003 -2.719727 2.780378
 69.380003 -2.763402 2.710375
 69.580003 -3.009292 2.774648
 69.780003 -2.680542 2.823102
 69.980003 -2.786935 2.870230
 70.180003 -2.576293 2.818948
 70.380003 -2.895751 2.674165
 70.580003 -2.643916 2.957744
 70.780003 -2.871761 2.728465
 70.980003 -2.779819 3.014247
 71.180003 -2.868641 2.692201
 71.380003 -2.906599 3.054781
 71.580003 -2.857722 2.735557
 71.780003 -2.855881 3.006761
 71.980003 -2.800897 2.726492
 72.180003 -2.854877 2.938787
 72.380003 -2.726178 2.837896
 72.580003 -2.653943 3.023422
 72.780003 -2.828787 2.841435
 72.980003 -2.670745 2.929054
 73.180003 -2.648101 3.003610
 73.380003 -2.687091 2.730232
 73.580003 -2.808166 2.858872
 73.780004 -2.688951 2.760109
 73.980004 -2.862419 3.032000
 74.180004 -2.706451 2.769262
 74.380004 -2.749846 2.901007
 74.580004 -2.714901 2.742880
 74.780004 -2.830057 2.807554
 74.980004 -2.980749 2.792411
 75.180004 -3.102669 2.810725
 75.380004 -2.771616 2.895315
 75.580004 -2.809670 2.765445
 75.780004 -2.674077 2.855978
 75.980004 -2.625862 2.737041
 76.180004 -2.744113 2.810329
 76.380004 -2.980227 2.877583
 76.580004 -2.833600 2.974408
 76.780004 -2.791663 2.893902
 76.980004 -2.809702 2.904820
 77.180004 -2.784167 2.668004
 77.380004 -2.814091 2.944495
 77.580004 -2.738646 2.753592
 77.780004 -2.932770 3.002293
 77.980004 -2.872919 2.741992
 78.180004 -3.080562 2.859708
 78.380004 -2.905089 2.694793
 78.580004 -2.757971 2.938949
 78.780004 -2.736281 2.616941
 78.980004 -2.939031 2.707608
 79.180004 -2.904968 2.633936
 79.380004 -2.825132 2.886569
 79.580004 -2.988210 2.745510
 79.780004 -2.853144 2.712627
 79.980004 -2.937571 2.995991
 80.180004 -2.762571 2.580250
 80.380004 -3.030408 2.895415
 80.580004 -2.690227 2.518418
 80.780004 -2.910669 2.970989
 80.980004 -2.754259 2.662775
 81.180004 -3.005075 2.905171
 81.380004 -2.770448 2.735595
 81.580004 -2.966890 2.951837
 81.780004 -2.764681 2.702716
 81.980004 -2.858341 2.877790
 82.180004 -2.778589 2.655240
 82.380004 -2.929124 2.788634
 82.580004 -2.851597 2.762130
 82.780004 -2.891263 2.747633
 82.980004 -2.913458 2.803778
 83.180004 -2.789127 2.872820
 83.380004 -2.879034 2.738404
 83.580004 -2.712004 2.816907
 83.780004 -2.742973 2.674304
 83.980004 -2.736237 2.783523
 84.180004 -2.814194 2.812863
 84.380004 -2.900934 2.687961
 84.580004 -2.874929 2.857084
 84.780004 -2.803162 2.694378
 84.980004 -2.778827 2.959228
 85.180004 -2.859276 2.483432
 85.380004 -2.976559 2.943488
 85.580004 -2.899740 2.509511
 85.780004 -2.952517 2.952967
 85.980004 -2.767259 2.657332
 86.180004 -2.865212 2.976298
 86.380004 -2.855532 2.661821
 86.580004 -2.810055 2.825760
 86.780004 -2.880738 2.711809
 86.980004 -2.766647 2.960582
 87.180004 -2.882368 2.810631
 87.380004 -2.830729 2.814268
 87.580004 -2.741581 2.940495
 87.780004 -2.832074 2.768809
 87.980004 -2.872337 2.876841
 88.180004 -2.763633 2.686025
 88.380004 -2.897717 3.020048
 88.580004 -2.999927 2.665311
 88.780004 -2.893731 2.951760
 88.980004 -2.630800 2.846343
 89.180004 -2.716825 2.901890
 89.380004 -2.862914 2.646174
 89.580004 -3.089998 2.730610
 89.780004 -2.911755 2.699340
 89.980004 -2.721738 2.893487
 90.180004 -2.654145 2.847890
 90.380004 -2.838817 2.822858
 90.580004 -2.891695 2.707050
 90.780004 -2.728113 2.692758
 90.980004 -3.030719 2.840282
 91.180004 -2.782140 2.723985
 91.380004 -2.759636 2.846282
 91.580004 -2.731372 2.894877
 91.780004 -2.831019 2.886404
 91.980004 -2.932771 2.785731
 92.180004 -2.933118 2.712945
 92.380004 -2.805060 2.702916
 92.580004 -2.938018 2.891747
 92.780004 -2.997417 2.610975
 92.980004 -3.035346 2.861419
 93.180004 -2.804397 2.582637
 93.380004 -3.065098 2.797445
 93.580004 -2.970284 2.438422
 93.780004 -3.002608 2.817325
 93.980004 -2.811209 2.532883
 94.180004 -2.889815 2.898786
 94.380004 -2.818222 2.675904
 94.580004 -3.002692 2.788615
 94.780005 -2.774468 2.710466
 94.980005 -2.875450 2.853244
 95.180005 -2.929899 2.661591
 95.380005 -3.022710 2.848006
 95.580005 -2.617825 2.863104
 95.780005 -2.876417 2.887738
 95.980005 -2.684883 2.825095
 96.180005 -2.831047 2.837157
 96.380005 -2.856671 2.861817
 96.580005 -2.854515 2.647278
 96.780005 -2.757226 2.952936
 96.980005 -2.487684 2.775889
 97.180005 -2.679753 3.019331
 97.380005 -2.859820 2.791644
 97.580005 -2.941476 2.853088
 97.780005 -2.805830 2.831102
 97.980005 -2.637165 2.810811
 98.180005 -2.572691 2.976833
 98.380005 -2.745902 2.744855
 98.580005 -2.710684 2.911773
 98.780005 -2.726086 2.890037
 98.980005 -2.979648 2.766759
 99.180005 -2.925837 2.792618
 99.380005 -2.884636 2.874599
 99.580005 -2.631957 2.805226
 99.780005 -2.846581 2.796330
 99.980005 -2.833359 2.821483
 100.180005 -2.720101 2.822896
 100.380005 -3.046915 2.908199
 100.580005 -2.961367 2.622782
 100.780005 -3.056735 2.937128
 100.980005 -2.704477 2.681159
 101.180005 -2.785932 3.002295
 101.380005 -2.710542 2.577349
 101.580005 -2.807586 3.004390
 101.780005 -2.831316 2.785091
 101.980005 -2.902077 2.856554
 102.180005 -2.767228 2.846074
 102.380005 -2.723389 2.789743
 102.580005 -2.433566 2.888688
 102.780005 -2.649362 2.742554
 102.980005 -2.892750 2.876616
 103.180005 -2.890693 2.793476
 103.380005 -2.979192 2.882338
 103.580005 -2.638820 2.727941
 103.780005 -2.966918 2.943343
 103.980005 -2.579614 2.659289
 104.180005 -2.793577 2.918716
 104.380005 -2.866987 2.506515
 104.580005 -2.676420 3.055767
 104.780005 -2.871383 2.632504
 104.980005 -2.865297 2.927426
 105.180005 -2.855725 2.707475
 105.380005 -2.993181 2.805943
 105.580005 -2.790230 2.753651
 105.780005 -2.810941 2.697526
 105.980005 -3.028125 2.941300
 106.180005 -2.989487 2.653381
 106.380005 -2.946337 2.929696
 106.580005 -2.883721 2.642539
 106.780005 -2.922826 2.929778
 106.980005 -2.780891 2.691658
 107.180005 -2.768019 2.904769
 107.380005 -2.600380 2.632938
 107.580005 -2.778114 3.003332
 107.780005 -2.713239 2.661461
 107.980005 -3.132784 2.920044
 108.180005 -2.754388 2.681645
 108.380005 -3.017668 2.851294
 108.580005 -2.766513 2.851658
 108.780005 -3.133196 2.752545
 108.980005 -2.957624 2.771176
 109.180005 -2.660557 2.796087
 109.380005 -2.793220 2.963979
 109.580005 -2.703540 2.739177
 109.780005 -2.877508 2.946389
 109.980005 -2.429020 2.810561
 110.180005 -2.652609 3.005021
 110.380005 -2.739470 2.649456
 110.580005 -3.056777 2.647512
 110.780005 -2.787005 2.855657
 110.980005 -2.954575 2.875462
 111.180005 -2.920309 2.897967
 111.380005 -2.817728 2.638752
 111.580005 -2.940103 3.046829
 111.780005 -2.912523 2.562882
 111.980005 -3.014012 3.008031
 112.180005 -3.090035 2.550249
 112.380005 -2.867669 3.051700
 112.580005 -2.676829 2.627850
 112.780005 -2.969902 2.786751
 112.980005 -2.656519 2.794936
 113.180005 -2.841541 2.860273
 113.380005 -2.904858 2.692555
 113.580005 -2.977920 2.579139
 113.780005 -2.799078 3.063917
 113.980005 -2.604875 2.587898
 114.180005 -2.883510 2.938955
 114.380005 -2.742850 2.511666
 114.580005 -2.786562 3.030515
 114.780005 -2.831721 2.769299
 114.980005 -2.892921 2.933281
 115.180005 -2.953365 2.735314
 115.380005 -2.899763 2.866714
 115.580005 -2.863916 2.865207
 115.780005 -2.732810 2.718830
 115.980006 -3.021761 2.835358
 116.180006 -2.842253 2.563692
 116.380006 -3.050227 3.035275
 116.580006 -2.874738 2.744253
 116.780006 -2.983855 2.948514
 116.980006 -2.665602 2.804954
 117.180006 -2.782595 2.859433
 117.380006 -2.818154 2.752201
 117.580006 -3.056450 2.863702
 117.780006 -2.692109 2.848752
 117.980006 -2.823198 2.877167
 118.180006 -2.855990 2.714131
 118.380006 -2.795664 2.899826
 118.580006 -2.767778 2.612236
 118.780006 -2.962326 2.869427
 118.980006 -2.846501 2.717310
 119.180006 -2.736417 2.876761
 119.380006 -2.725795 2.817560
 119.580006 -2.806616 2.876043
 119.780006 -2.920371 2.754678
 119.980006 -2.936115 2.918608
 120.180006 -2.976904 2.690448
 120.380006 -2.686311 3.010604
 120.580006 -2.721254 2.848970
 120.780006 -2.818748 2.639519
 120.980006 -2.576634 3.050617
 121.180006 -2.760974 2.694526
 121.380006 -2.859604 2.910819
 121.580006 -3.038347 2.626976
 121.780006 -3.004392 2.901586
 121.980006 -2.761533 2.725518
 122.180006 -2.965177 2.716378
 122.380006 -2.797536 2.776092
 122.580006 -2.819002 2.866421
 122.780006 -2.878540 2.812466
 122.980006 -3.057724 2.734619
 123.180006 -2.880125 2.638750
 123.380006 -2.784611 2.850160
 123.580006 -2.710040 2.729699
 123.780006 -2.766155 2.867568
 123.980006 -2.978086 2.739164
 124.180006 -2.809135 2.833261
 124.380006 -2.771075 2.729646
 124.580006 -2.844627 2.734060
 124.780006 -2.863417 2.772171
 124.980006 -2.882394 2.826366
 125.180006 -2.906968 2.974521
 125.380006 -2.979549 2.587685
 125.580006 -2.949419 2.956832
 125.780006 -2.794205 2.669941
 125.980006 -2.883806 2.984189
 126.180006 -2.980502 2.639843
 126.380006 -2.907018 2.784584
 126.580006 -2.765660 2.891941
 126.780006 -2.667472 2.687307
 126.980006 -3.007633 2.779173
 127.180006 -2.776053 2.604741
 127.380006 -2.954743 3.102325
 127.580006 -2.747296 2.712438
 127.780006 -2.831456 2.885002
 127.980006 -2.674532 2.762771
 128.180006 -2.654595 2.847507
 128.380006 -2.935295 2.875314
 128.580006 -2.918026 2.817822
 128.780006 -2.887754 2.926325
 128.980006 -2.835060 2.848142
 129.180006 -2.876068 2.807597
 129.380006 -2.889110 2.816951
 129.580006 -2.872817 2.775094
 129.780006 -2.906897 2.815850
 129.980006 -2.792145 2.799094
 130.180006 -2.772540 2.659043
 130.380006 -2.776858 2.953381
 130.580006 -2.777864 2.684909
 130.780006 -2.733944 2.936348
 130.980006 -2.870963 2.768590
 131.180006 -2.844920 2.966725
 131.380006 -2.858246 2.812131
 131.580006 -2.876104 2.809221
 131.780006 -2.952085 2.876569
 131.980006 -2.829262 2.795216
 132.180006 -2.692194 3.088303
 132.380006 -2.791590 2.732393
 132.580006 -2.651087 2.945942
 132.780006 -2.799041 2.642025
 132.980006 -2.767234 2.978796
 133.180006 -2.906323 2.540489
 133.380006 -2.903184 2.862871
 133.580006 -2.748732 2.862179
 133.780006 -2.447440 2.945641
 133.980006 -2.615313 2.867909
 134.180006 -2.762718 2.853318
 134.380006 -2.791061 2.930748
 134.580006 -2.727180 2.977074
 134.780006 -2.721243 2.889177
 134.980006 -2.829788 2.830108
 135.180006 -2.776080 2.953228
 135.380006 -2.879704 2.857236
 135.580006 -2.830714 2.878475
 135.780006 -2.850426 2.774154
 135.980006 -2.785536 2.813121
 136.180006 -2.644135 2.776714
 136.380006 -2.976161 2.850195
 136.580006 -2.928394 2.680578
 136.780006 -2.948199 2.896186
 136.980007 -2.683215 2.783196
 137.180007 -2.781207 2.810730
 137.380007 -2.982877 2.726513
 137.580007 -2.768665 2.849121
 137.780007 -2.974291 2.915399
 137.980007 -2.828540 2.706639
 138.180007 -2.926367 2.876868
 138.380007 -2.704923 2.605827
 138.580007 -3.108694 2.921379
 138.780007 -2.926505 2.595843
 138.980007 -3.136996 2.864748
 139.180007 -2.767884 2.768590
 139.380007 -2.914086 2.826209
 139.580007 -2.780667 2.761515
 139.780007 -2.885504 2.687562
 139.980007 -2.973604 2.667985
 140.180007 -3.024716 2.668616
 140.380007 -3.011196 2.744882
 140.580007 -2.792824 2.705212
 140.780007 -2.834795 2.899819
 140.980007 -2.733980 2.666575
 141.180007 -2.879758 2.738064
 141.380007 -2.831954 2.651980
 141.580007 -2.872803 2.790116
 141.780007 3.135487 2.657020
 141.980007 -2.853537 2.795932
 142.180007 -2.891146 2.728768
 142.380007 -2.812157 2.886304
 142.580007 -2.841939 2.678945
 142.780007 -3.026309 2.853556
 142.980007 -2.956855 2.670334
 143.180007 -2.954411 2.966992
 143.380007 -2.816756 2.682688
 143.580007 -2.839003 2.869921
 143.780007 -2.573165 2.754466
 143.980007 -2.741444 2.865462
 144.180007 -2.802810 2.840882
 144.380007 -2.842730 2.775533
 144.580007 -2.976739 2.821167
 144.780007 -3.084049 2.700745
 144.980007 -2.808983 2.897846
 145.180007 -2.848893 2.689170
 145.380007 -2.609644 2.861390
 145.580007 -2.824432 2.687431
 145.780007 -2.761980 2.720907
 145.980007 -2.833752 2.757873
 146.180007 -2.993725 2.780623
 146.380007 -2.792297 2.743383
 146.580007 -3.094994 2.760762
 146.780007 -2.747927 2.724886
 146.980007 -3.089180 2.744064
 147.180007 -2.668046 2.691437
 147.380007 -2.748958 2.913974
 147.580007 -2.659229 2.566497
 147.780007 -2.953040 2.987770
 147.980007 -2.829433 2.487043
 148.180007 -2.991494 3.026381
 148.380007 -2.744726 2.566033
 148.580007 -2.953131 3.029264
 148.780007 -2.848824 2.529043
 148.980007 -2.829886 2.992623
 149.180007 -2.862764 2.678849
 149.380007 -2.644747 2.914272
 149.580007 -2.925923 2.710101
 149.780007 -2.820699 2.745950
 149.980007 -2.971188 2.755058
 150.180007 -2.863280 2.667106
 150.380007 -2.986687 3.012319
 150.580007 -2.768988 2.532997
 150.780007 -3.019970 2.996899
 150.980007 -2.733798 2.529550
 151.180007 -2.883211 2.999396
 151.380007 -2.829962 2.502631
 151.580007 -2.900240 2.944849
 151.780007 -2.730965 2.625227
 151.980007 -2.997389 2.975011
 152.180007 -2.898264 2.534285
 152.380007 -3.039184 2.860211
 152.580007 -2.779909 2.805891
 152.780007 -2.898198 2.831836
 152.980007 -2.831753 2.763439
 153.180007 -2.901310 2.674357
 153.380007 -2.834267 2.947600
 153.580007 -2.989444 2.656197
 153.780007 -2.856348 2.894339
 153.980007 -2.870652 2.666498
 154.180007 -2.783913 2.864588
 154.380007 -2.728215 2.719515
 154.580007 -2.878196 2.810104
 154.780007 -2.794639 2.714757
 154.980007 -2.795812 2.908289
 155.180007 -2.856982 2.690342
 155.380007 -2.782195 2.784489
 155.580007 -2.732833 2.752793
 155.780007 -2.654495 2.870252
 155.980007 -2.868820 2.707818
 156.180007 -2.947301 2.750469
 156.380007 -2.830246 2.762008
 156.580007 -2.974379 2.868414
 156.780007 -2.970723 2.730009
 156.980007 -2.822739 2.757985
 157.180007 -2.727115 2.887962
 157.380007 -2.900908 2.751502
 157.580007 -2.964841 2.810758
 157.780007 -2.808771 2.825782
 157.980008 -2.978451 2.761268
 158.180008 -2.945998 2.786988
 158.380008 -2.884796 2.707520
 158.580008 -2.754085 2.819070
 158.780008 -2.843122 2.690942
 158.980008 -2.855137 2.842085
 159.180008 -3.029367 2.800871
 159.380008 -2.854860 2.802460
 159.580008 -3.066255 2.807526
 159.780008 -2.845028 2.710951
 159.980008 -2.709146 2.932274
 160.180008 -2.836028 2.647074
 160.380008 -2.905069 2.730325
 160.580008 -2.904316 2.706598
 160.780008 -2.913529 2.828729
 160.980008 -2.828751 2.768068
 161.180008 -2.818453 2.715616
 161.380008 -2.726024 2.799184
 161.580008 -2.684634 2.804783
 161.780008 -3.102548 2.738467
 161.980008 -2.921753 2.636548
 162.180008 -2.825936 2.836039
 162.380008 -2.817815 2.719682
 162.580008 -3.059051 2.775655
 162.780008 -2.883652 2.763202
 162.980008 -2.947127 2.951817
 163.180008 -2.946358 2.615138
 163.380008 -2.925710 2.840410
 163.580008 -2.848855 2.709825
 163.780008 -2.925401 2.867049
 163.980008 -2.825822 2.770923
 164.180008 -2.878672 2.759342
 164.380008 -2.915804 2.782913
 164.580008 -2.718282 2.734335
 164.780008 -2.914159 2.735955
 164.980008 -2.788638 2.731476
 165.180008 -2.900129 2.810908
 165.380008 -2.588645 2.767432
 165.580008 -2.814568 2.904983
 165.780008 -2.780667 2.747224
 165.980008 -2.903563 2.790230
 166.180008 -2.881129 2.742146
 166.380008 -2.773296 2.888373
 166.580008 -2.634962 2.948047
 166.780008 -2.785197 2.823744
 166.980008 -2.866272 2.811440
 167.180008 -2.804618 2.777974
 167.380008 -2.762491 2.945512
 167.580008 -2.716717 2.921544
 167.780008 -2.813466 2.831362
 167.980008 -2.852502 2.754296
 168.180008 -2.869141 2.828405
 168.380008 -2.979220 2.731781
 168.580008 -2.727154 2.862051
 168.780008 -2.757540 2.966715
 168.980008 -2.760749 2.780687
 169.180008 -2.924913 2.791936
 169.380008 -2.906488 2.689828
 169.580008 -2.757609 2.736242
 169.780008 -2.859031 2.871645
 169.980008 -2.949366 2.746940
 170.180008 -2.849829 2.885274
 170.380008 -2.804287 2.773134
 170.580008 -2.847876 2.721540
 170.780008 -2.949757 2.698545
 170.980008 -2.800246 2.692742
 171.180008 -2.908669 3.012719
 171.380008 -2.803994 2.769470
 171.580008 -2.794877 2.932799
 171.780008 -2.746307 2.861803
 171.980008 -2.624778 2.811227
 172.180008 -2.812929 2.800199
 172.380008 -2.976799 2.798247
 172.580008 -2.888277 2.867354
 172.780008 -2.789084 2.779049
 172.980008 -2.877522 2.828823
 173.180008 -2.801855 2.819025
 173.380008 -2.731712 2.883635
 173.580008 -2.767680 2.784785
 173.780008 -2.785895 2.794094
 173.980008 -2.830345 2.816323
 174.180008 -2.823163 2.967505
 174.380008 -2.659612 2.729636
 174.580008 -2.749638 3.029527
 174.780008 -2.741380 2.575638
 174.980008 -2.761183 3.045031
 175.180008 -2.672948 2.746569
 175.380008 -2.838365 2.991282
 175.580008 -2.835732 2.784323
 175.780008 -2.765458 2.820998
 175.980008 -2.806594 2.891923
 176.180008 -2.599138 2.744539
 176.380008 -2.704435 2.970202
 176.580008 -2.845977 2.702650
 176.780008 -2.634242 3.058771
 176.980008 -2.673869 2.779106
 177.180008 -2.871672 2.996028
 177.380008 -2.872772 2.713106
 177.580008 -2.580028 3.100174
 177.780008 -2.795000 2.872701
 177.980008 -2.732476 2.870348
 178.180008 -2.866850 2.935218
 178.380008 -2.878478 2.720449
 178.580008 -2.759216 3.061732
 178.780008 -2.730268 2.690600
 178.980009 -2.773697 3.086705
 179.180009 -2.675560 2.816613
 179.380009 -2.744864 3.010672
 179.580009 -2.808460 2.703601
 179.780009 -2.641744 2.923753
 179.980009 -2.861716 2.874578
 180.180009 -2.780701 2.874733
 180.380009 -2.882545 2.924493
 180.580009 -2.680165 2.973310
 180.780009 -2.811034 2.827666
 180.980009 -2.821503 2.822135
 181.180009 -2.776174 2.875632
 181.380009 -2.680894 2.816153
 181.580009 -2.932383 2.936242
 181.780009 -2.599606 2.807203
 181.980009 -2.767533 3.032629
 182.180009 -2.804492 2.786715
 182.380009 -3.041975 2.832999
 182.580009 -2.728947 2.976730
 182.780009 -2.813355 2.854648
 182.980009 -2.744338 2.880121
 183.180009 -2.863920 2.715088
 183.380009 -2.836991 2.869917
 183.580009 -2.822197 2.846908
 183.780009 -2.804291 2.948514
 183.980009 -2.904697 2.780392
 184.180009 -2.929236 2.972635
 184.380009 -2.652368 2.894931
 184.580009 -2.830886 2.883537
 184.780009 -2.799570 2.800074
 184.980009 -2.806071 2.879307
 185.180009 -2.764867 2.902391
 185.380009 -2.839886 2.930577
 185.580009 -2.685577 2.843778
 185.780009 -2.904391 2.850437
 185.980009 -2.680151 2.755528
 186.180009 -2.901362 2.867242
 186.380009 -2.741229 2.750250
 186.580009 -2.828841 2.937918
 186.780009 -2.738003 2.890168
 186.980009 -2.763586 2.875608
 187.180009 -2.822472 2.784762
 187.380009 -2.642812 2.833044
 187.580009 -2.740367 2.940501
 187.780009 -2.573476 2.896006
 187.980009 -2.808399 2.932447
 188.180009 -2.737083 2.894797
 188.380009 -2.714213 2.932978
 188.580009 -2.789320 2.847815
 188.780009 -2.778360 2.893119
 188.980009 -2.853419 2.803689
 189.180009 -2.771416 2.918961
 189.380009 -2.700432 2.832666
 189.580009 -2.736374 2.991594
 189.780009 -2.861998 2.798395
 189.980009 -3.094498 2.867269
 190.180009 -2.896594 2.809971
 190.380009 -2.796903 2.788116
 190.580009 -2.879329 2.792922
 190.780009 -2.833383 2.829743
 190.980009 -2.817552 2.889351
 191.180009 -2.979001 2.801775
 191.380009 -3.015232 2.764669
 191.580009 -2.959843 2.743281
 191.780009 -2.870462 2.622830
 191.980009 -2.876166 2.900743
 192.180009 -2.714051 2.640422
 192.380009 3.122079 2.860031
 192.580009 -2.838826 2.742454
 192.780009 -2.870592 2.966535
 192.980009 -2.795357 2.702794
 193.180009 -2.919984 2.675504
 193.380009 -2.880108 2.739386
 193.580009 -2.670796 2.845066
 193.780009 -2.714673 2.896177
 193.980009 -2.822149 2.869708
 194.180009 -2.718816 2.916176
 194.380009 -2.942376 2.667636
 194.580009 -2.861482 2.885928
 194.780009 -2.830045 2.710009
 194.980009 -2.832595 2.912539
 195.180009 -2.895575 2.766872
 195.380009 -2.559420 2.902151
 195.580009 -2.598301 2.898201
 195.780009 -2.625972 2.822787
 195.980009 -2.949715 2.869519
 196.180009 -2.876564 2.888767
 196.380009 -2.854864 2.739978
 196.580009 -2.841005 2.949584
 196.780009 -2.772058 2.778434
 196.980009 -2.690874 2.938151
 197.180009 -2.607651 2.842796
 197.380009 -2.543259 3.047855
 197.580009 -2.913842 2.729075
 197.780009 -2.973165 2.894006
 197.980009 -2.839726 2.814664
 198.180009 -2.746577 2.856811
 198.380009 -2.910633 2.754108
 198.580009 -2.794200 2.806858
 198.780009 -2.762206 2.908391
 198.980009 -2.780097 2.828897
 199.180009 -2.928779 2.742638
 199.380009 -3.012931 2.686469
 199.580009 -2.809252 2.791777
 199.780009 -2.814094 2.883908
 199.980009 -2.769944 2.823600
