#! FIELDS time phi psi
#! SET max_psi pi
 0.180000 -1.905226 0.921077
 0.380000 -1.977010 -0.150930
 0.580000 -1.736994 0.525910
 0.780000 -1.897730 0.229441
 0.980000 -1.879451 0.344072
 1.180000 -1.863429 0.274093
 1.380000 -2.087951 0.398969
 1.580000 -1.758103 0.118445
 1.780000 -2.094117 0.580871
 1.980000 -1.928512 0.155764
 2.180000 -1.700188 0.353991
 2.380000 -1.912756 0.500191
 2.580000 -1.936759 0.136880
 2.780000 -1.950020 0.679869
 2.980000 -1.731067 0.048888
 3.180000 -1.989143 0.672931
 3.380000 -1.654569 0.063138
 3.580000 -2.029453 0.623966
 3.780000 -1.808452 0.016400
 3.980000 -1.781163 0.652656
 4.180000 -1.874723 -0.007927
 4.380000 -1.911986 0.698860
 4.580000 -1.539645 0.042043
 4.780000 -2.262436 0.565095
 4.980000 -1.648836 0.116185
 5.180000 -1.976721 0.400260
 5.380000 -1.769182 0.211172
 5.580000 -1.790308 0.513115
 5.780000 -1.863785 0.146397
 5.980000 -1.765819 0.566652
 6.180000 -1.949499 0.197117
 6.380000 -1.955442 0.368131
 6.580000 -1.572667 0.244533
 6.780000 -2.140507 0.270202
 6.980000 -1.711855 0.307001
 7.180000 -1.805338 0.515242
 7.380000 -2.025669 0.070750
 7.580000 -1.854545 0.569193
 7.780000 -1.823175 0.366576
 7.980000 -1.945125 0.213235
 8.180000 -1.725757 0.365722
 8.380000 -1.888960 0.423614
 8.580000 -1.943330 0.155193
 8.780000 -1.830536 0.471165
 8.980000 -1.867881 0.350264
 9.180000 -1.969789 0.223788
 9.380000 -1.752613 0.559049
 9.580000 -1.810508 0.231330
 9.780000 -1.932648 0.305551
 9.980000 -1.805003 0.365559
 10.180000 -2.093479 0.446860
 10.380000 -1.582545 0.231688
 10.580001 -1.825664 0.728490
 10.780001 -1.938255 0.022805
 10.980001 -1.841371 0.654121
 11.180001 -1.789648 0.296851
 11.380001 -1.935999 0.347652
 11.580001 -1.695621 0.335356
 11.780001 -2.009744 0.494053
 11.980001 -1.912619 0.196176
 12.180001 -1.954292 0.499173
 12.380001 -1.788320 0.303026
 12.580001 -2.094228 0.360633
 12.780001 -1.918951 0.388057
 12.980001 -1.804065 0.245565
 13.180001 -1.888994 0.376627
 13.380001 -1.757492 0.265534
 13.580001 -2.059966 0.435852
 13.780001 -1.855529 0.185940
 13.980001 -1.870441 0.491541
 14.180001 -1.801399 0.116564
 14.380001 -2.042723 0.513715
 14.580001 -1.807663 0.177376
 14.780001 -1.929947 0.585788
 14.980001 -1.717920 -0.057898
 15.180001 -2.005015 0.498836
 15.380001 -1.651540 0.238479
 15.580001 -1.997737 0.381656
 15.780001 -1.889936 0.248716
 15.980001 -1.831691 0.380157
 16.180001 -1.940895 0.346518
 16.380001 -1.812820 0.346637
 16.580001 -1.959189 0.460417
 16.780001 -1.757633 0.353361
 16.980001 -1.894380 0.463417
 17.180001 -1.923456 0.394651
 17.380001 -1.842382 0.343911
 17.580001 -1.916636 0.430358
 17.780001 -1.910195 0.316555
 17.980001 -1.893874 0.308826
 18.180001 -1.747416 0.494271
 18.380001 -1.923280 0.166175
 18.580001 -1.894529 0.503193
 18.780001 -1.734961 0.175500
 18.980001 -2.123634 0.359887
 19.180001 -1.882220 0.323308
 19.380001 -1.968964 0.479082
 19.580001 -1.881581 0.152539
 19.780001 -1.858132 0.605764
 19.980001 -1.791274 0.074200
 20.180001 -1.980261 0.555427
 20.380001 -1.658626 0.176220
 20.580001 -2.280553 0.466323
 20.780001 -1.714135 0.142384
 20.980001 -2.004311 0.672372
 21.180001 -1.798549 0.072324
 21.380001 -1.854302 0.605305
 21.580001 -1.836098 0.293461
 21.780001 -1.921090 0.307273
 21.980001 -1.836136 0.375560
 22.180001 -1.965607 0.315312
 22.380001 -1.820973 0.295006
 22.580001 -1.881727 0.404078
 22.780001 -1.952006 0.245413
 22.980001 -1.817559 0.385693
 23.180001 -1.825886 0.383959
 23.380001 -1.970226 0.166476
 23.580001 -1.862263 0.480006
 23.780001 -1.726163 0.228586
 23.980001 -2.107999 0.474207
 24.180001 -1.687490 0.248030
 24.380001 -2.068540 0.521986
 24.580001 -1.831840 0.094059
 24.780001 -1.805906 0.542690
 24.980001 -1.864980 0.129931
 25.180001 -1.910771 0.443658
 25.380001 -1.634932 0.242798
 25.580001 -2.006492 0.478341
 25.780001 -1.656209 0.285498
 25.980001 -1.904960 0.581111
 26.180001 -1.913972 0.037960
 26.380001 -1.697845 0.510742
 26.580001 -1.974597 0.143461
 26.780001 -1.934528 0.343163
 26.980001 -1.671409 0.432760
 27.180001 -2.110877 0.317897
 27.380001 -1.772458 0.354780
 27.580001 -1.772724 0.560412
 27.780001 -1.894068 0.267698
 27.980001 -1.850332 0.464812
 28.180001 -1.951270 0.534926
 28.380001 -1.744188 0.218163
 28.580001 -1.872934 0.587768
 28.780001 -1.811808 0.278624
 28.980001 -1.919335 0.202436
 29.180001 -1.740315 0.458774
 29.380001 -1.925547 0.198227
 29.580001 -1.967635 0.298644
 29.780001 -1.625024 0.457379
 29.980001 -2.007535 0.149840
 30.180001 -1.758004 0.419094
 30.380001 -1.739271 0.348825
 30.580001 -2.018236 0.184250
 30.780001 -1.739370 0.496229
 30.980001 -1.903738 0.362027
 31.180001 -1.952937 0.245051
 31.380001 -1.740073 0.384845
 31.580001 -2.009184 0.295534
 31.780002 -1.718636 0.306089
 31.980002 -1.871371 0.477084
 32.180002 -1.866116 0.228427
 32.380002 -1.885472 0.289756
 32.580002 -2.131228 0.500324
 32.780002 -1.797942 0.020331
 32.980002 -2.005215 0.441608
 33.180002 -1.763755 0.339897
 33.380002 -1.894345 0.118017
 33.580002 -1.878228 0.419846
 33.780002 -1.585387 0.398961
 33.980002 -2.070344 0.204364
 34.180002 -1.780411 0.574663
 34.380002 -1.708097 0.344811
 34.580002 -2.163442 0.410185
 34.780002 -1.690006 0.310746
 34.980002 -1.933625 0.430412
 35.180002 -1.901942 0.271935
 35.380002 -1.759584 0.498150
 35.580002 -2.050940 0.078248
 35.780002 -1.806762 0.351323
 35.980002 -1.775044 0.572575
 36.180002 -2.008456 0.046084
 36.380002 -1.899716 0.472630
 36.580002 -1.784016 0.426342
 36.780002 -1.889762 0.117205
 36.980002 -1.897215 0.459286
 37.180002 -1.754996 0.489689
 37.380002 -1.967294 0.229057
 37.580002 -1.861094 0.487676
 37.780002 -1.707652 0.324145
 37.980002 -2.039033 0.348766
 38.180002 -1.685195 0.428257
 38.380002 -1.855590 0.316682
 38.580002 -1.948740 0.234586
 38.780002 -1.630132 0.423470
 38.980002 -2.129980 0.075307
 39.180002 -1.944804 0.503817
 39.380002 -1.510671 0.366286
 39.580002 -2.174384 0.384180
 39.780002 -1.766825 0.185408
 39.980002 -1.766896 0.748705
 40.180002 -1.952113 0.006202
 40.380002 -1.873740 0.329323
 40.580002 -1.734669 0.415580
 40.780002 -2.071921 0.156691
 40.980002 -1.716582 0.335180
 41.180002 -1.842711 0.589140
 41.380002 -2.077128 -0.075281
 41.580002 -1.746894 0.563622
 41.780002 -1.749313 0.289505
 41.980002 -2.189633 0.252041
 42.180002 -1.485866 0.445596
 42.380002 -1.990485 0.493945
 42.580002 -1.845864 0.154671
 42.780002 -1.711267 0.601235
 42.980002 -2.068748 0.166115
 43.180002 -1.803724 0.288900
 43.380002 -1.763468 0.488815
 43.580002 -1.990491 0.231674
 43.780002 -1.855641 0.351525
 43.980002 -1.837989 0.683895
 44.180002 -1.900142 -0.043743
 44.380002 -2.057935 0.759874
 44.580002 -1.588036 0.323248
 44.780002 -2.030740 0.299528
 44.980002 -1.888450 0.459754
 45.180002 -1.880424 0.359602
 45.380002 -2.215358 0.140746
 45.580002 -1.583493 0.459377
 45.780002 -2.172934 0.565207
 45.980002 -1.779920 -0.053737
 46.180002 -1.738762 0.875180
 46.380002 -2.014382 0.039736
 46.580002 -1.834691 0.256745
 46.780002 -1.720610 0.627763
 46.980002 -1.991541 0.248826
 47.180002 -1.926169 0.155332
 47.380002 -1.823990 0.598405
 47.580002 -1.899909 0.145489
 47.780002 -1.954756 0.308366
 47.980002 -1.695470 0.589927
 48.180002 -1.976135 0.257730
 48.380002 -1.837250 0.429440
 48.580002 -1.822173 0.527288
 48.780002 -1.922700 -0.063461
 48.980002 -1.805067 0.492194
 49.180002 -1.878226 0.319023
 49.380002 -2.021504 0.198051
 49.580002 -1.616879 0.444879
 49.780002 -1.966927 0.434066
 49.980002 -1.884725 0.095767
 50.180002 -1.772226 0.541973
 50.380002 -1.702217 0.201487
 50.580002 -1.983728 0.233058
 50.780002 -1.738661 0.354017
 50.980002 -1.840409 0.313083
 51.180002 -1.963573 0.331530
 51.380002 -1.775664 0.536858
 51.580002 -1.974087 0.176657
 51.780002 -1.930221 0.564427
 51.980002 -1.640683 0.286126
 52.180002 -2.206605 0.316949
 52.380002 -1.747037 0.313102
 52.580002 -1.850136 0.507320
 52.780003 -2.111709 0.263150
 52.980003 -1.641704 0.381782
 53.180003 -2.024221 0.498346
 53.380003 -1.693533 0.154211
 53.580003 -1.937040 0.439537
 53.780003 -2.027599 0.273925
 53.980003 -1.698575 0.282802
 54.180003 -1.964310 0.346365
 54.380003 -1.880995 0.338215
 54.580003 -1.843236 0.195766
 54.780003 -2.037965 0.559546
 54.980003 -1.654577 0.164713
 55.180003 -2.208630 0.415455
 55.380003 -1.730763 0.326840
 55.580003 -1.785218 0.352636
 55.780003 -2.141502 0.198833
 55.980003 -1.678854 0.430462
 56.180003 -1.973303 0.354136
 56.380003 -1.785328 0.407958
 56.580003 -1.845666 0.362616
 56.780003 -1.972652 0.435073
 56.980003 -1.594538 0.338141
 57.180003 -1.980948 0.493668
 57.380003 -1.874658 0.167195
 57.580003 -1.675268 0.425128
 57.780003 -1.943383 0.354739
 57.980003 -1.922807 0.315992
 58.180003 -1.708740 0.309604
 58.380003 -1.979837 0.426160
 58.580003 -1.792870 0.240749
 58.780003 -1.956248 0.425550
 58.980003 -1.764872 0.115780
 59.180003 -1.987827 0.356694
 59.380003 -1.911587 0.321104
 59.580003 -1.855270 0.317916
 59.780003 -1.830624 0.504028
 59.980003 -1.731391 0.273877
 60.180003 -2.027522 0.385899
 60.380003 -1.695317 0.316554
 60.580003 -1.942553 0.254778
 60.780003 -2.047294 0.415554
 60.980003 -1.523466 0.280677
 61.180003 -2.052479 0.386867
 61.380003 -1.893655 0.322727
 61.580003 -1.829822 0.349768
 61.780003 -1.977165 0.363628
 61.980003 -1.898585 0.389462
 62.180003 -2.019691 0.251523
 62.380003 -1.901515 0.381795
 62.580003 -1.745083 0.312353
 62.780003 -2.085946 0.377332
 62.980003 -1.736107 0.271461
 63.180003 -1.812181 0.381657
 63.380003 -1.993849 0.408138
 63.580003 -1.803303 0.205183
 63.780003 -2.098675 0.480175
 63.980003 -1.667433 0.282729
 64.180003 -2.006430 0.492512
 64.380003 -1.946564 0.150782
 64.580003 -1.708036 0.535849
 64.780003 -1.957161 0.364611
 64.980003 -1.788527 0.268962
 65.180003 -1.947294 0.408872
 65.380003 -1.807386 0.389593
 65.580003 -1.853833 0.305349
 65.780003 -2.140422 0.259892
 65.980003 -1.806603 0.394597
 66.180003 -1.930852 0.264812
 66.380003 -1.932487 0.420778
 66.580003 -1.718282 0.312382
 66.780003 -1.962937 0.482231
 66.980003 -1.644009 0.293084
 67.180003 -2.016942 0.320564
 67.380003 -1.793623 0.355746
 67.580003 -1.747916 0.300285
 67.780003 -2.208463 0.477511
 67.980003 -1.683451 0.174387
 68.180003 -1.956034 0.613816
 68.380003 -1.757248 0.222112
 68.580003 -1.981755 0.392634
 68.780003 -1.895385 0.331372
 68.980003 -1.758202 0.407314
 69.180003 -1.968170 0.324389
 69.380003 -1.901117 0.318474
 69.580003 -1.670938 0.338541
 69.780003 -1.917385 0.448977
 69.980003 -1.835108 0.316374
 70.180003 -1.919851 0.468072
 70.380003 -1.831327 0.368326
 70.580003 -2.016527 0.281752
 70.780003 -1.887281 0.394348
 70.980003 -1.841604 0.351323
 71.180003 -1.911062 0.230841
 71.380003 -1.811898 0.353305
 71.580003 -1.772405 0.366899
 71.780003 -1.987821 0.191506
 71.980003 -1.874747 0.370334
 72.180003 -1.902524 0.195416
 72.380003 -1.980594 0.319319
 72.580003 -1.623585 0.358336
 72.780003 -1.855562 0.396369
 72.980003 -1.690855 0.236877
 73.180003 -1.827215 0.687910
 73.380003 -1.641996 0.063422
 73.580003 -2.031940 0.627924
 73.780004 -1.836251 0.225208
 73.980004 -1.982176 0.460669
 74.180004 -1.760763 0.180457
 74.380004 -1.930714 0.562515
 74.580004 -1.829382 0.097127
 74.780004 -1.948895 0.461036
 74.980004 -1.713275 0.281222
 75.180004 -1.959468 0.463042
 75.380004 -1.817882 0.287244
 75.580004 -1.839292 0.317472
 75.780004 -1.929869 0.236445
 75.980004 -1.754417 0.448492
 76.180004 -1.993908 0.205125
 76.380004 -1.994856 0.332436
 76.580004 -1.715431 0.319787
 76.780004 -2.012919 0.337029
 76.980004 -1.712962 0.250392
 77.180004 -1.816769 0.395308
 77.380004 -1.899897 0.127006
 77.580004 -1.738915 0.494886
 77.780004 -1.840568 0.163231
 77.980004 -2.024966 0.388111
 78.180004 -1.852052 0.555089
 78.380004 -1.802769 0.333692
 78.580004 -1.864513 0.280344
 78.780004 -1.786183 0.498704
 78.980004 -1.747981 0.296795
 79.180004 -2.133893 0.394412
 79.380004 -1.758331 0.307138
 79.580004 -1.933608 0.258634
 79.780004 -1.702538 0.285558
 79.980004 -1.857642 0.384736
 80.180004 -2.028003 0.176675
 80.380004 -1.757711 0.507639
 80.580004 -1.819608 0.358762
 80.780004 -2.107296 0.305407
 80.980004 -1.719395 0.330965
 81.180004 -1.876967 0.354146
 81.380004 -1.967748 0.302194
 81.580004 -1.698935 0.337980
 81.780004 -2.206945 0.310037
 81.980004 -1.806121 0.323317
 82.180004 -1.800636 0.457271
 82.380004 -2.190588 0.339212
 82.580004 -1.620687 0.190503
 82.780004 -2.083888 0.670126
 82.980004 -1.747225 0.038738
 83.180004 -2.036235 0.573115
 83.380004 -1.997614 0.260627
 83.580004 -1.789805 0.445594
 83.780004 -1.950126 0.294306
 83.980004 -1.861326 0.495709
 84.180004 -1.871739 0.313279
 84.380004 -1.875148 0.448654
 84.580004 -1.963018 0.347866
 84.780004 -1.882137 0.279039
 84.980004 -1.781213 0.385277
 85.180004 -1.837239 0.268916
 85.380004 -1.871799 0.528245
 85.580004 -1.784644 0.125971
 85.780004 -2.030583 0.584530
 85.980004 -1.680274 0.023765
 86.180004 -2.023948 0.569477
 86.380004 -1.654181 0.206225
 86.580004 -1.918503 0.395390
 86.780004 -1.871118 0.296977
 86.980004 -1.826498 0.364704
 87.180004 -1.996980 0.227563
 87.380004 -1.761144 0.463371
 87.580004 -1.774527 0.259327
 87.780004 -1.989015 0.318873
 87.980004 -1.574593 0.445021
 88.180004 -2.161777 0.259938
 88.380004 -1.776839 0.392779
 88.580004 -1.823161 0.446912
 88.780004 -2.106414 0.138859
 88.980004 -1.587080 0.370942
 89.180004 -1.955301 0.368900
 89.380004 -1.822162 0.301490
 89.580004 -1.734796 0.381255
 89.780004 -2.012839 0.444709
 89.980004 -1.826263 0.069207
 90.180004 -2.003427 0.629862
 90.380004 -1.747924 0.181620
 90.580004 -2.059582 0.371432
 90.780004 -1.861633 0.543838
 90.980004 -1.824664 0.295343
 91.180004 -2.029174 0.375950
 91.380004 -1.728978 0.416212
 91.580004 -2.017281 0.126264
 91.780004 -1.826886 0.485826
 91.980004 -1.659742 0.292280
 92.180004 -2.183251 0.172158
 92.380004 -1.598063 0.603536
 92.580004 -1.826430 0.089455
 92.780004 -2.049674 0.426982
 92.980004 -1.682170 0.499602
 93.180004 -2.146666 0.196600
 93.380004 -1.825173 0.542529
 93.580004 -1.658331 0.349608
 93.780004 -2.231554 0.258590
 93.980004 -1.711798 0.327971
 94.180004 -1.856143 0.463874
 94.380004 -2.004464 0.216454
 94.580004 -1.630379 0.480076
 94.780005 -1.957249 0.355831
 94.980005 -1.801922 0.223993
 95.180005 -1.708162 0.502538
 95.380005 -2.097399 0.257489
 95.580005 -1.768469 0.245942
 95.780005 -1.769086 0.707446
 95.980005 -1.859766 0.037382
 96.180005 -1.893751 0.444136
 96.380005 -1.794866 0.534064
 96.580005 -1.897153 0.035502
 96.780005 -1.969544 0.469090
 96.980005 -1.713916 0.353246
 97.180005 -1.989883 0.103391
 97.380005 -1.753469 0.653304
 97.580005 -1.659109 0.208901
 97.780005 -2.035861 0.386570
 97.980005 -1.632414 0.527302
 98.180005 -2.051540 0.238257
 98.380005 -1.811223 0.320750
 98.580005 -1.697232 0.503027
 98.780005 -2.143497 0.174963
 98.980005 -1.624058 0.302014
 99.180005 -1.844593 0.486066
 99.380005 -1.936708 0.143753
 99.580005 -1.658550 0.597429
 99.780005 -1.820916 0.322625
 99.980005 -2.019700 0.268585
 100.180005 -1.535570 0.247321
 100.380005 -2.000597 0.445699
 100.580005 -1.714114 -0.011612
 100.780005 -1.716783 0.702329
 100.980005 -1.818177 -0.003191
 101.180005 -1.940962 0.347886
 101.380005 -1.614806 0.366114
 101.580005 -2.009263 0.154595
 101.780005 -1.815218 0.335270
 101.980005 -1.832413 0.567794
 102.180005 -1.850601 0.068830
 102.380005 -1.838979 0.689920
 102.580005 -1.707083 0.110715
 102.780005 -1.957911 0.353190
 102.980005 -1.718326 0.294602
 103.180005 -1.902376 0.358357
 103.380005 -1.907552 0.191060
 103.580005 -1.831978 0.494209
 103.780005 -1.874246 0.247870
 103.980005 -1.862666 0.413943
 104.180005 -1.781762 0.418320
 104.380005 -2.146744 0.281189
 104.580005 -1.663452 0.383505
 104.780005 -1.927513 0.372499
 104.980005 -1.997656 0.261820
 105.180005 -1.669763 0.400321
 105.380005 -1.931643 0.268631
 105.580005 -1.876921 0.334852
 105.780005 -1.709438 0.189630
 105.980005 -2.008425 0.315346
 106.180005 -1.822705 0.300418
 106.380005 -1.881098 0.364733
 106.580005 -1.931381 0.279321
 106.780005 -1.924807 0.327334
 106.980005 -1.885627 0.360798
 107.180005 -1.737967 0.361971
 107.380005 -1.875482 0.281866
 107.580005 -1.799244 0.315275
 107.780005 -1.965396 0.433136
 107.980005 -1.841047 0.374305
 108.180005 -1.838353 0.393558
 108.380005 -2.031864 0.397132
 108.580005 -1.850796 0.392949
 108.780005 -1.851251 0.408650
 108.980005 -1.912006 0.306289
 109.180005 -1.754893 0.247255
 109.380005 -1.993615 0.519216
 109.580005 -1.745563 0.120777
 109.780005 -1.920138 0.487334
 109.980005 -1.868078 0.332301
 110.180005 -1.989680 0.260440
 110.380005 -1.930320 0.328842
 110.580005 -1.779513 0.394136
 110.780005 -2.020552 0.223791
 110.980005 -1.922998 0.424852
 111.180005 -1.688871 0.459205
 111.380005 -2.010521 0.171434
 111.580005 -1.797426 0.474804
 111.780005 -1.601009 0.282428
 111.980005 -1.906139 0.209387
 112.180005 -1.714526 0.531345
 112.380005 -1.941370 0.239179
 112.580005 -1.922779 0.436062
 112.780005 -1.675665 0.236400
 112.980005 -2.202136 0.305888
 113.180005 -1.538916 0.278682
 113.380005 -2.023188 0.563828
 113.580005 -1.939159 0.087336
 113.780005 -1.754172 0.520240
 113.980005 -2.035698 0.334120
 114.180005 -1.746637 0.189448
 114.380005 -1.936281 0.394578
 114.580005 -1.946736 0.316299
 114.780005 -1.713686 0.329994
 114.980005 -2.241440 0.330012
 115.180005 -1.871763 0.254735
 115.380005 -1.785621 0.468462
 115.580005 -1.978014 0.364012
 115.780005 -1.799099 0.106658
 115.980006 -1.905001 0.682881
 116.180006 -1.612079 0.245410
 116.380006 -1.990418 0.298106
 116.580006 -1.774449 0.584953
 116.780006 -1.859856 0.203130
 116.980006 -1.964863 0.362525
 117.180006 -1.766609 0.528059
 117.380006 -1.966095 0.168412
 117.580006 -1.794476 0.381428
 117.780006 -1.568243 0.533656
 117.980006 -2.015500 0.143568
 118.180006 -1.784031 0.436836
 118.380006 -1.690896 0.382422
 118.580006 -2.042472 0.257171
 118.780006 -1.768788 0.370011
 118.980006 -1.924686 0.461803
 119.180006 -1.920396 0.116750
 119.380006 -1.773031 0.546312
 119.580006 -1.855356 0.316664
 119.780006 -2.006466 0.298432
 119.980006 -1.803872 0.382798
 120.180006 -1.820981 0.395073
 120.380006 -1.769103 0.277755
 120.580006 -1.796527 0.519686
 120.780006 -1.858480 0.131472
 120.980006 -2.057923 0.300688
 121.180006 -1.717466 0.569911
 121.380006 -1.826128 0.075260
 121.580006 -2.013233 0.445848
 121.780006 -1.639612 0.409763
 121.980006 -2.087093 0.247410
 122.180006 -1.727559 0.361881
 122.380006 -1.658810 0.432920
 122.580006 -1.910182 0.235922
 122.780006 -1.732157 0.298055
 122.980006 -1.835024 0.351353
 123.180006 -1.886590 0.260598
 123.380006 -1.711672 0.334433
 123.580006 -2.040931 0.400003
 123.780006 -1.779440 0.304428
 123.980006 -1.905086 0.456854
 124.180006 -1.965452 0.344284
 124.380006 -1.699559 0.100222
 124.580006 -2.036340 0.498589
 124.780006 -1.835440 0.217349
 124.980006 -1.781074 0.307139
 125.180006 -1.899002 0.409735
 125.380006 -1.908283 0.218290
 125.580006 -1.624760 0.396235
 125.780006 -1.790460 0.350886
 125.980006 -1.967936 0.330049
 126.180006 -1.798176 0.284054
 126.380006 -1.855194 0.345308
 126.580006 -1.900049 0.270990
 126.780006 -1.735821 0.166315
 126.980006 -1.981530 0.538279
 127.180006 -1.795870 0.160637
 127.380006 -1.815008 0.544732
 127.580006 -1.922972 0.321472
 127.780006 -1.907966 0.354985
 127.980006 -1.938558 0.507928
 128.180006 -1.816628 0.290941
 128.380006 -1.900328 0.456280
 128.580006 -1.956192 0.353198
 128.780006 -1.768300 0.311204
 128.980006 -1.740263 0.264445
 129.180006 -1.957062 0.481542
 129.380006 -1.801599 0.014151
 129.580006 -1.967411 0.747858
 129.780006 -1.662079 0.011206
 129.980006 -2.034099 0.541193
 130.180006 -1.628348 0.155939
 130.380006 -1.980852 0.321350
 130.580006 -1.678647 0.286783
 130.780006 -1.810532 0.724493
 130.980006 -1.824856 -0.203294
 131.180006 -1.726789 0.871306
 131.380006 -1.691674 0.100100
 131.580006 -2.258994 0.282981
 131.780006 -1.512324 0.534599
 131.980006 -1.969043 0.314836
 132.180006 -1.933528 0.111394
 132.380006 -1.580740 0.694413
 132.580006 -1.957849 0.039183
 132.780006 -1.958938 0.605933
 132.980006 -1.714855 0.487967
 133.180006 -2.113337 0.228110
 133.380006 -1.720189 0.329221
 133.580006 -1.783612 0.617640
 133.780006 -1.828597 -0.019064
 133.980006 -1.903946 0.782327
 134.180006 -1.784143 -0.023437
 134.380006 -1.916870 0.502439
 134.580006 -1.687021 0.374057
 134.780006 -2.031475 0.415098
 134.980006 -1.719159 0.050411
 135.180006 -1.965836 0.794625
 135.380006 -1.778960 -0.055792
 135.580006 -2.004701 0.737543
 135.780006 -1.679257 0.292300
 135.980006 -2.092000 0.414870
 136.180006 -1.839996 0.288546
 136.380006 -1.862077 0.432090
 136.580006 -1.757088 0.069819
 136.780006 -1.939010 0.574212
 136.980007 -1.723243 0.198445
 137.180007 -2.039771 0.436596
 137.380007 -1.779827 0.211213
 137.580007 -1.868389 0.338441
 137.780007 -1.903360 0.235319
 137.980007 -1.725398 0.488317
 138.180007 -1.980063 0.313733
 138.380007 -1.867748 0.226155
 138.580007 -1.664427 0.555178
 138.780007 -1.955660 0.109879
 138.980007 -1.964584 0.515061
 139.180007 -1.672208 0.133807
 139.380007 -2.037583 0.371844
 139.580007 -1.649231 0.232276
 139.780007 -2.014599 0.400807
 139.980007 -1.746264 0.083413
 140.180007 -1.843021 0.771886
 140.380007 -1.811247 0.002333
 140.580007 -2.017530 0.493194
 140.780007 -1.687254 0.486248
 140.980007 -2.042616 0.160546
 141.180007 -1.981422 0.373724
 141.380007 -1.793519 0.500827
 141.580007 -2.076656 0.244424
 141.780007 -1.795105 0.434926
 141.980007 -1.806351 0.435916
 142.180007 -2.019226 0.173001
 142.380007 -1.630772 0.467838
 142.580007 -1.995290 0.291418
 142.780007 -1.863027 0.379767
 142.980007 -1.618367 0.421145
 143.180007 -2.206748 0.340808
 143.380007 -1.823200 0.204458
 143.580007 -1.881596 0.587778
 143.780007 -1.878863 0.205737
 143.980007 -1.865953 0.440334
 144.180007 -1.896024 0.391937
 144.380007 -1.873675 0.213573
 144.580007 -1.855400 0.358060
 144.780007 -2.017141 0.431500
 144.980007 -1.619308 0.080509
 145.180007 -1.973659 0.798055
 145.380007 -1.793864 -0.048967
 145.580007 -2.038862 0.470484
 145.780007 -1.751588 0.209789
 145.980007 -1.911661 0.376515
 146.180007 -2.005074 0.174031
 146.380007 -1.878505 0.468470
 146.580007 -1.760273 0.205850
 146.780007 -1.822322 0.409740
 146.980007 -1.780747 0.222614
 147.180007 -1.888168 0.316121
 147.380007 -1.844049 0.401528
 147.580007 -1.828616 0.194076
 147.780007 -1.928744 0.518163
 147.980007 -1.669706 0.205226
 148.180007 -2.069713 0.492608
 148.380007 -1.616687 0.038007
 148.580007 -1.973082 0.757571
 148.780007 -1.705148 0.032712
 148.980007 -1.903348 0.589510
 149.180007 -1.686645 0.183316
 149.380007 -1.976228 0.386123
 149.580007 -1.802852 0.303133
 149.780007 -1.800129 0.583656
 149.980007 -1.847265 0.203379
 150.180007 -1.953346 0.506729
 150.380007 -1.771198 0.318261
 150.580007 -1.927934 0.233037
 150.780007 -1.876066 0.442055
 150.980007 -1.874354 0.289309
 151.180007 -1.859843 0.444558
 151.380007 -1.752169 0.474375
 151.580007 -1.942975 0.342567
 151.780007 -1.896346 0.202367
 151.980007 -1.738773 0.465011
 152.180007 -1.760318 0.184275
 152.380007 -1.967674 0.408400
 152.580007 -1.687572 0.378937
 152.780007 -1.855104 0.321336
 152.980007 -1.804968 0.275040
 153.180007 -1.724515 0.462052
 153.380007 -1.888764 0.046780
 153.580007 -1.873530 0.576099
 153.780007 -1.747226 0.133021
 153.980007 -2.121495 0.449181
 154.180007 -1.671304 0.160715
 154.380007 -1.967239 0.585015
 154.580007 -1.729088 0.102348
 154.780007 -1.788887 0.522213
 154.980007 -1.902879 0.266668
 155.180007 -1.880496 0.341341
 155.380007 -1.747307 0.349986
 155.580007 -1.980802 0.391146
 155.780007 -1.879991 0.241097
 155.980007 -1.821880 0.605172
 156.180007 -1.711671 0.132677
 156.380007 -1.992743 0.228178
 156.580007 -1.564817 0.473427
 156.780007 -1.878191 0.393460
 156.980007 -1.959884 0.269667
 157.180007 -1.690161 0.507538
 157.380007 -1.881601 0.304643
 157.580007 -1.844875 0.290497
 157.780007 -1.492208 0.408568
 157.980008 -1.992712 0.077347
 158.180008 -1.820077 0.569631
 158.380008 -1.701896 0.348607
 158.580008 -2.280096 0.185469
 158.780008 -1.556789 0.419622
 158.980008 -1.983539 0.394991
 159.180008 -2.008682 0.052095
 159.380008 -1.566502 0.790502
 159.580008 -1.941224 0.020489
 159.780008 -1.858787 0.459458
 159.980008 -1.690795 0.447302
 160.180008 -2.082658 0.354058
 160.380008 -1.728002 0.333012
 160.580008 -1.923718 0.669027
 160.780008 -1.849282 -0.003859
 160.980008 -1.674339 0.694038
 161.180008 -1.742314 -0.013906
 161.380008 -2.130471 0.524316
 161.580008 -1.660839 0.302807
 161.780008 -2.153571 0.517347
 161.980008 -1.781688 0.185809
 162.180008 -1.745879 0.662010
 162.380008 -1.943483 0.093616
 162.580008 -1.826224 0.478275
 162.780008 -1.732799 0.200146
 162.980008 -2.223731 0.389144
 163.180008 -1.686004 0.242679
 163.380008 -1.795606 0.797591
 163.580008 -1.863901 -0.018009
 163.780008 -1.937502 0.673690
 163.980008 -1.726847 0.207368
 164.180008 -2.083356 0.367805
 164.380008 -1.771380 0.268354
 164.580008 -2.008444 0.494066
 164.780008 -1.761966 0.078047
 164.980008 -2.048208 0.704231
 165.180008 -1.776872 0.239198
 165.380008 -2.007312 0.470545
 165.580008 -1.897356 0.314387
 165.780008 -1.793732 0.207086
 165.980008 -1.986755 0.440436
 166.180008 -1.864064 0.376024
 166.380008 -1.974801 0.248081
 166.580008 -1.861527 0.529600
 166.780008 -1.806703 0.395922
 166.980008 -2.051319 0.075012
 167.180008 -1.749434 0.546960
 167.380008 -1.864884 0.338038
 167.580008 -2.133939 0.255688
 167.780008 -1.614579 0.454661
 167.980008 -1.919146 0.355669
 168.180008 -1.788934 0.313933
 168.380008 -1.867266 0.586822
 168.580008 -1.834451 0.014080
 168.780008 -1.838625 0.614560
 168.980008 -1.610430 0.112217
 169.180008 -2.279903 0.401431
 169.380008 -1.675604 0.365820
 169.580008 -1.892257 0.497558
 169.780008 -1.861886 0.021228
 169.980008 -1.672370 0.534733
 170.180008 -1.896904 0.313370
 170.380008 -2.078557 0.280514
 170.580008 -1.752059 0.512766
 170.780008 -1.910480 0.349950
 170.980008 -2.050174 0.319714
 171.180008 -1.733611 0.420989
 171.380008 -1.833618 0.239784
 171.580008 -1.808397 0.413554
 171.780008 -1.687943 0.401558
 171.980008 -2.157092 -0.064342
 172.180008 -1.649108 0.564382
 172.380008 -1.723972 0.326717
 172.580008 -2.374464 0.194326
 172.780008 -1.594305 0.428597
 172.980008 -1.921035 0.398428
 173.180008 -1.908694 0.080387
 173.380008 -1.823160 0.634197
 173.580008 -1.846612 0.050097
 173.780008 -1.894536 0.546107
 173.980008 -1.868680 0.096000
 174.180008 -2.023169 0.495845
 174.380008 -1.571456 0.212902
 174.580008 -2.114035 0.499748
 174.780008 -1.814664 -0.014161
 174.980008 -1.665870 0.812972
 175.180008 -1.829706 0.102006
 175.380008 -2.136800 0.455377
 175.580008 -1.616575 0.327177
 175.780008 -1.940093 0.392325
 175.980008 -1.839397 0.229642
 176.180008 -1.762787 0.668805
 176.380008 -1.888719 0.041666
 176.580008 -1.890864 0.870057
 176.780008 -1.705099 0.165651
 176.980008 -2.020811 0.386767
 177.180008 -1.555710 0.483948
 177.380008 -2.049184 0.398292
 177.580008 -1.946406 0.130128
 177.780008 -1.658660 0.769291
 177.980008 -1.994983 -0.099667
 178.180008 -1.948027 0.609253
 178.380008 -1.711678 0.450390
 178.580008 -2.402167 0.227699
 178.780008 -1.728024 0.327312
 178.980009 -1.888448 0.596940
 179.180009 -1.940818 0.015289
 179.380009 -1.569655 0.822238
 179.580009 -2.019107 0.023494
 179.780009 -1.830062 0.439400
 179.980009 -1.738183 0.469373
 180.180009 -2.191843 0.134165
 180.380009 -1.691930 0.537208
 180.580009 -1.969639 0.616961
 180.780009 -1.877814 -0.222904
 180.980009 -1.629161 0.755164
 181.180009 -1.882170 0.106931
 181.380009 -2.180702 0.373292
 181.580009 -1.649108 0.377722
 181.780009 -2.161097 0.429665
 181.980009 -1.868409 0.021691
 182.180009 -1.694230 0.826690
 182.380009 -1.829795 -0.139038
 182.580009 -1.832731 0.690881
 182.780009 -1.748092 0.286077
 182.980009 -2.263124 0.390266
 183.180009 -1.622965 0.169456
 183.380009 -1.965254 0.541147
 183.580009 -1.871674 0.138448
 183.780009 -1.634736 0.796411
 183.980009 -1.954280 0.094506
 184.180009 -1.877322 0.466066
 184.380009 -1.504849 0.501007
 184.580009 -2.107285 0.178110
 184.780009 -1.819012 0.363263
 184.980009 -1.728782 0.565568
 185.180009 -2.030014 0.157040
 185.380009 -1.891787 0.352390
 185.580009 -1.930034 0.583469
 185.780009 -1.852533 0.090472
 185.980009 -1.839351 0.498710
 186.180009 -1.810188 0.318819
 186.380009 -1.853003 0.364274
 186.580009 -1.828338 0.331201
 186.780009 -1.801229 0.499193
 186.980009 -1.843920 0.141687
 187.180009 -1.882150 0.534209
 187.380009 -1.779605 0.202866
 187.580009 -1.997137 0.394009
 187.780009 -1.824479 0.394805
 187.980009 -1.907093 0.378105
 188.180009 -1.935585 0.167842
 188.380009 -1.788401 0.511976
 188.580009 -1.793680 0.359576
 188.780009 -2.017003 0.284729
 188.980009 -1.787951 0.454890
 189.180009 -1.926931 0.231544
 189.380009 -2.088679 0.436696
 189.580009 -1.664407 0.339686
 189.780009 -1.988831 0.512529
 189.980009 -1.787048 0.112637
 190.180009 -1.831662 0.535182
 190.380009 -1.852036 0.108526
 190.580009 -1.826402 0.523701
 190.780009 -1.859270 0.191196
 190.980009 -1.990844 0.369776
 191.180009 -1.765778 0.439794
 191.380009 -1.859628 0.398562
 191.580009 -1.969254 0.271501
 191.780009 -1.700493 0.426084
 191.980009 -1.854648 0.321046
 192.180009 -1.833317 0.331699
 192.380009 -1.703279 0.407421
 192.580009 -1.813362 0.203180
 192.780009 -1.832124 0.460580
 192.980009 -1.815392 0.252962
 193.180009 -2.081145 0.370554
 193.380009 -1.591366 0.297102
 193.580009 -1.820184 0.483261
 193.780009 -1.880679 0.159262
 193.980009 -1.640016 0.627825
 194.180009 -1.924661 0.233210
 194.380009 -2.028056 0.312574
 194.580009 -1.657739 0.470767
 194.780009 -2.091133 0.195659
 194.980009 -1.771377 0.406282
 195.180009 -1.670625 0.478260
 195.380009 -1.912759 0.243303
 195.580009 -1.824168 0.361838
 195.780009 -1.813240 0.444977
 195.980009 -2.027282 0.190064
 196.180009 -1.896802 0.320175
 196.380009 -1.967551 0.429780
 196.580009 -1.842543 0.218975
 196.780009 -1.841943 0.382191
 196.980009 -1.913069 0.416100
 197.180009 -1.878421 0.145884
 197.380009 -1.957933 0.469074
 197.580009 -1.780127 0.232488
 197.780009 -2.006399 0.293317
 197.980009 -1.779094 0.249419
 198.180009 -1.854803 0.702413
 198.380009 -1.829581 0.030790
 198.580009 -1.916062 0.632952
 198.780009 -1.745867 0.091504
 198.980009 -2.063008 0.525642
 199.180009 -1.682300 0.238027
 199.380009 -1.988506 0.499653
 199.580009 -1.831034 0.116034
 199.780009 -1.814449 0.639600
 199.980009 -1.917838 0.161790
