#! FIELDS time phi psi
#! SET max_psi pi
 0.180000 -1.729457 -0.346810
 0.380000 -1.821833 -0.667979
 0.580000 -1.259946 -0.342615
 0.780000 -1.768239 -0.491168
 0.980000 -1.568743 -0.633142
 1.180000 -1.711684 -0.236127
 1.380000 -1.961906 -0.664773
 1.580000 -1.570192 -0.523634
 1.780000 -1.772065 -0.195422
 1.980000 -1.512398 -0.818774
 2.180000 -1.720758 -0.245486
 2.380000 -1.717984 -0.569999
 2.580000 -1.627347 -0.688054
 2.780000 -1.687465 -0.148450
 2.980000 -1.636497 -0.669931
 3.180000 -1.768297 -0.555041
 3.380000 -1.633190 -0.443611
 3.580000 -1.839591 -0.570001
 3.780000 -1.604346 -0.315160
 3.980000 -1.669440 -0.388462
 4.180000 -1.819062 -0.515765
 4.380000 -1.320882 -0.507899
 4.580000 -2.030754 -0.510477
 4.780000 -1.659200 -0.544192
 4.980000 -1.516920 -0.318103
 5.180000 -1.718542 -0.663074
 5.380000 -1.540509 -0.302453
 5.580000 -1.845102 -0.451195
 5.780000 -1.549392 -0.732751
 5.980000 -1.710492 0.023453
 6.180000 -1.567929 -0.753689
 6.380000 -1.698228 -0.374489
 6.580000 -1.528155 -0.400310
 6.780000 -1.741945 -0.614517
 6.980000 -1.566948 -0.483160
 7.180000 -1.653042 -0.390645
 7.380000 -1.650236 -0.731220
 7.580000 -1.475398 -0.219413
 7.780000 -1.625052 -0.536413
 7.980000 -1.767044 -0.479783
 8.180000 -1.570678 -0.362245
 8.380000 -1.722673 -0.574355
 8.580000 -1.777942 -0.387942
 8.780000 -1.643926 -0.345963
 8.980000 -1.687614 -0.606897
 9.180000 -1.795839 -0.208004
 9.380000 -1.526689 -0.735924
 9.580000 -1.881399 -0.481181
 9.780000 -1.515065 -0.419601
 9.980000 -1.631552 -0.512210
 10.180000 -1.828294 -0.439935
 10.380000 -1.664048 -0.419700
 10.580001 -1.619973 -0.633398
 10.780001 -1.755545 -0.307551
 10.980001 -1.558038 -0.525448
 11.180001 -1.806569 -0.516438
 11.380001 -1.544418 -0.511419
 11.580001 -1.648256 -0.344428
 11.780001 -1.707404 -0.540700
 11.980001 -1.595937 -0.305282
 12.180001 -1.686874 -0.495848
 12.380001 -1.668214 -0.676041
 12.580001 -1.823298 -0.226297
 12.780001 -1.606879 -0.589062
 12.980001 -1.585297 -0.244983
 13.180001 -1.504877 -0.495120
 13.380001 -1.654885 -0.567228
 13.580001 -1.665066 -0.326364
 13.780001 -1.660690 -0.596894
 13.980001 -1.646365 -0.453008
 14.180001 -1.711355 -0.293484
 14.380001 -1.635303 -0.701075
 14.580001 -1.551527 -0.272412
 14.780001 -1.690994 -0.545299
 14.980001 -1.391003 -0.529256
 15.180001 -1.777486 -0.294407
 15.380001 -1.574962 -0.613156
 15.580001 -1.657609 -0.274904
 15.780001 -1.649769 -0.511496
 15.980001 -1.743413 -0.522779
 16.180001 -1.702427 -0.298569
 16.380001 -1.675680 -0.556520
 16.580001 -1.712485 -0.371356
 16.780001 -1.544756 -0.605793
 16.980001 -1.806448 -0.487387
 17.180001 -1.654223 -0.368281
 17.380001 -1.425882 -0.494325
 17.580001 -1.676077 -0.418415
 17.780001 -1.568069 -0.364864
 17.980001 -1.756084 -0.562991
 18.180001 -1.600383 -0.387494
 18.380001 -1.520462 -0.479590
 18.580001 -1.762982 -0.374720
 18.780001 -1.448577 -0.536957
 18.980001 -1.723118 -0.488314
 19.180001 -1.799646 -0.448369
 19.380001 -1.447351 -0.581149
 19.580001 -1.918597 -0.269441
 19.780001 -1.448529 -0.627297
 19.980001 -1.648156 -0.380250
 20.180001 -1.787755 -0.452008
 20.380001 -1.461900 -0.616024
 20.580001 -1.892690 -0.282231
 20.780001 -1.321846 -0.617414
 20.980001 -1.642455 -0.511321
 21.180001 -1.701279 -0.486633
 21.380001 -1.447498 -0.475355
 21.580001 -1.714027 -0.423160
 21.780001 -1.591810 -0.515883
 21.980001 -1.527019 -0.462652
 22.180001 -1.785622 -0.367208
 22.380001 -1.344980 -0.499746
 22.580001 -1.808842 -0.343932
 22.780001 -1.511858 -0.474595
 22.980001 -1.539481 -0.471957
 23.180001 -1.765576 -0.444178
 23.380001 -1.360461 -0.434804
 23.580001 -1.829417 -0.516254
 23.780001 -1.691474 -0.459304
 23.980001 -1.557215 -0.462505
 24.180001 -1.781877 -0.615763
 24.380001 -1.493970 -0.457788
 24.580001 -1.654146 -0.485917
 24.780001 -1.667717 -0.505009
 24.980001 -1.566070 -0.398354
 25.180001 -1.794582 -0.568143
 25.380001 -1.670549 -0.519528
 25.580001 -1.628372 -0.429207
 25.780001 -1.734245 -0.664645
 25.980001 -1.577260 -0.297795
 26.180001 -1.639880 -0.649678
 26.380001 -1.897103 -0.503383
 26.580001 -1.568964 -0.496404
 26.780001 -1.871154 -0.477783
 26.980001 -1.599107 -0.454985
 27.180001 -1.719925 -0.366473
 27.380001 -1.934981 -0.677055
 27.580001 -1.538252 -0.285866
 27.780001 -1.813386 -0.722512
 27.980001 -1.825701 -0.328050
 28.180001 -1.369157 -0.606116
 28.380001 -2.092816 -0.376280
 28.580001 -1.376448 -0.553424
 28.780001 -1.655428 -0.380897
 28.980001 -1.765894 -0.529583
 29.180001 -1.474345 -0.337209
 29.380001 -1.962577 -0.550692
 29.580001 -1.544538 -0.539686
 29.780001 -1.681800 -0.338940
 29.980001 -1.810794 -0.579309
 30.180001 -1.532188 -0.397912
 30.380001 -1.656002 -0.333894
 30.580001 -1.704962 -0.607087
 30.780001 -1.337535 -0.331393
 30.980001 -1.763854 -0.421866
 31.180001 -1.429430 -0.617582
 31.380001 -1.652927 -0.218712
 31.580001 -1.599951 -0.553486
 31.780002 -1.476220 -0.493187
 31.980002 -1.656134 -0.398296
 32.180002 -1.734918 -0.581026
 32.380002 -1.534490 -0.345966
 32.580002 -1.739808 -0.427469
 32.780002 -1.472004 -0.578137
 32.980002 -1.487226 -0.192163
 33.180002 -1.515556 -0.774798
 33.380002 -1.521374 -0.272849
 33.580002 -1.633396 -0.616482
 33.780002 -1.751597 -0.389531
 33.980002 -1.496772 -0.543052
 34.180002 -1.822450 -0.281835
 34.380002 -1.544362 -0.724816
 34.580002 -1.490948 -0.172771
 34.780002 -1.605759 -0.838507
 34.980002 -1.752250 -0.140509
 35.180002 -1.564629 -0.709351
 35.380002 -1.792837 -0.403259
 35.580002 -1.559218 -0.468264
 35.780002 -1.906067 -0.486923
 35.980002 -1.728945 -0.645056
 36.180002 -1.621405 -0.119291
 36.380002 -1.771064 -0.870259
 36.580002 -1.820695 -0.137770
 36.780002 -1.555779 -0.619670
 36.980002 -1.773969 -0.372694
 37.180002 -1.430603 -0.605888
 37.380002 -1.804249 -0.403426
 37.580002 -1.429199 -0.627957
 37.780002 -1.648212 -0.228986
 37.980002 -1.593209 -0.745501
 38.180002 -1.766960 -0.127520
 38.380002 -1.628242 -0.606872
 38.580002 -1.643467 -0.395399
 38.780002 -1.511458 -0.428854
 38.980002 -1.549262 -0.421877
 39.180002 -1.508051 -0.639414
 39.380002 -1.538799 -0.134732
 39.580002 -1.549296 -0.774713
 39.780002 -1.671295 -0.289883
 39.980002 -1.462966 -0.395718
 40.180002 -1.661599 -0.497275
 40.380002 -1.572366 -0.431481
 40.580002 -1.588480 -0.290378
 40.780002 -1.629783 -0.573505
 40.980002 -1.388508 -0.291942
 41.180002 -1.637758 -0.409617
 41.380002 -1.456045 -0.440341
 41.580002 -1.470849 -0.480739
 41.780002 -1.727643 -0.431715
 41.980002 -1.524194 -0.474169
 42.180002 -1.718791 -0.327315
 42.380002 -1.570653 -0.649187
 42.580002 -1.531395 -0.340352
 42.780002 -1.704570 -0.537309
 42.980002 -1.555460 -0.334041
 43.180002 -1.537526 -0.478024
 43.380002 -1.865636 -0.413838
 43.580002 -1.624614 -0.506610
 43.780002 -1.783218 -0.398005
 43.980002 -1.693772 -0.618497
 44.180002 -1.680365 -0.345982
 44.380002 -1.748389 -0.629073
 44.580002 -1.649357 -0.432539
 44.780002 -1.569363 -0.484948
 44.980002 -1.713107 -0.415306
 45.180002 -1.534238 -0.465381
 45.380002 -1.501323 -0.470678
 45.580002 -1.674011 -0.528885
 45.780002 -1.578662 -0.504733
 45.980002 -1.758815 -0.514823
 46.180002 -1.748527 -0.407355
 46.380002 -1.701675 -0.420601
 46.580002 -1.794651 -0.539192
 46.780002 -1.651576 -0.434289
 46.980002 -1.588112 -0.428345
 47.180002 -1.623751 -0.541086
 47.380002 -1.726955 -0.468679
 47.580002 -1.574389 -0.594943
 47.780002 -1.781497 -0.490048
 47.980002 -1.502316 -0.452694
 48.180002 -1.605336 -0.541194
 48.380002 -1.634722 -0.382462
 48.580002 -1.646129 -0.521918
 48.780002 -1.962113 -0.667085
 48.980002 -1.702384 -0.424549
 49.180002 -1.551723 -0.393819
 49.380002 -1.633614 -0.469789
 49.580002 -1.607913 -0.515891
 49.780002 -1.782199 -0.463736
 49.980002 -1.786653 -0.525728
 50.180002 -1.557341 -0.347884
 50.380002 -1.727281 -0.519944
 50.580002 -1.571902 -0.327651
 50.780002 -1.345022 -0.666221
 50.980002 -1.879073 -0.311340
 51.180002 -1.439716 -0.507683
 51.380002 -1.711182 -0.426678
 51.580002 -1.557981 -0.494561
 51.780002 -1.582158 -0.423275
 51.980002 -1.727317 -0.461808
 52.180002 -1.471714 -0.383496
 52.380002 -1.594389 -0.526874
 52.580002 -1.635477 -0.430667
 52.780003 -1.365913 -0.505127
 52.980003 -1.852361 -0.292857
 53.180003 -1.502865 -0.636141
 53.380003 -1.584756 -0.345436
 53.580003 -1.745780 -0.460807
 53.780003 -1.533335 -0.554468
 53.980003 -1.697422 -0.445219
 54.180003 -1.523637 -0.344516
 54.380003 -1.592776 -0.589489
 54.580003 -1.766620 -0.319594
 54.780003 -1.575702 -0.613148
 54.980003 -1.681344 -0.446869
 55.180003 -1.606931 -0.564535
 55.380003 -1.690612 -0.411560
 55.580003 -1.608927 -0.487097
 55.780003 -1.592569 -0.354146
 55.980003 -1.560464 -0.606247
 56.180003 -1.908952 -0.309755
 56.380003 -1.578926 -0.691348
 56.580003 -1.494548 -0.361830
 56.780003 -1.645644 -0.549999
 56.980003 -1.667087 -0.326374
 57.180003 -1.628926 -0.568802
 57.380003 -1.740037 -0.374661
 57.580003 -1.477571 -0.627670
 57.780003 -1.775592 -0.263301
 57.980003 -1.476774 -0.578000
 58.180003 -1.844810 -0.386828
 58.380003 -1.615394 -0.542926
 58.580003 -1.713222 -0.404995
 58.780003 -1.667226 -0.449513
 58.980003 -1.432603 -0.417326
 59.180003 -1.751616 -0.622045
 59.380003 -1.702126 -0.468570
 59.580003 -1.637343 -0.557756
 59.780003 -1.549708 -0.418509
 59.980003 -1.575023 -0.488536
 60.180003 -1.747022 -0.389182
 60.380003 -1.612376 -0.707791
 60.580003 -1.725645 -0.409646
 60.780003 -1.474738 -0.464793
 60.980003 -1.685859 -0.430621
 61.180003 -1.640481 -0.542270
 61.380003 -1.701278 -0.455044
 61.580003 -1.646235 -0.446387
 61.780003 -1.540296 -0.407730
 61.980003 -1.664518 -0.373219
 62.180003 -1.604221 -0.529158
 62.380003 -1.705376 -0.479640
 62.580003 -1.694362 -0.431227
 62.780003 -1.537376 -0.509783
 62.980003 -1.680670 -0.355697
 63.180003 -1.544230 -0.488269
 63.380003 -1.588379 -0.540900
 63.580003 -1.685636 -0.337330
 63.780003 -1.360893 -0.682393
 63.980003 -1.807158 -0.248155
 64.180003 -1.717765 -0.379862
 64.380003 -1.455903 -0.539035
 64.580003 -1.792975 -0.388556
 64.780003 -1.573554 -0.461247
 64.980003 -1.743600 -0.444622
 65.180003 -1.568010 -0.360848
 65.380003 -1.452244 -0.561444
 65.580003 -1.705550 -0.435067
 65.780003 -1.593179 -0.578792
 65.980003 -1.600947 -0.392179
 66.180003 -1.626094 -0.437602
 66.380003 -1.742860 -0.369705
 66.580003 -1.467583 -0.661116
 66.780003 -1.840471 -0.306011
 66.980003 -1.556638 -0.622417
 67.180003 -1.664998 -0.252201
 67.380003 -1.618898 -0.450586
 67.580003 -1.784818 -0.361871
 67.780003 -1.295048 -0.671462
 67.980003 -1.860113 -0.287297
 68.180003 -1.532810 -0.640381
 68.380003 -1.712866 -0.211796
 68.580003 -1.530474 -0.569720
 68.780003 -1.605083 -0.314093
 68.980003 -1.522217 -0.525825
 69.180003 -1.722873 -0.426442
 69.380003 -1.473276 -0.528550
 69.580003 -1.946983 -0.362042
 69.780003 -1.409146 -0.697062
 69.980003 -1.574431 -0.116239
 70.180003 -1.742302 -0.757822
 70.380003 -1.809239 -0.348488
 70.580003 -1.668994 -0.580345
 70.780003 -1.552562 -0.535620
 70.980003 -1.667686 -0.417533
 71.180003 -1.697848 -0.487160
 71.380003 -1.358446 -0.728564
 71.580003 -1.893675 -0.020779
 71.780003 -1.583903 -0.936103
 71.980003 -1.859089 -0.129257
 72.180003 -1.798929 -0.596467
 72.380003 -1.530724 -0.506931
 72.580003 -1.774221 -0.446058
 72.780003 -1.714534 -0.782901
 72.980003 -1.685657 -0.560540
 73.180003 -1.909116 -0.289831
 73.380003 -1.411764 -0.877299
 73.580003 -1.736477 -0.028309
 73.780004 -1.615520 -0.736634
 73.980004 -1.818655 -0.506857
 74.180004 -1.674978 -0.238881
 74.380004 -1.613309 -0.635586
 74.580004 -1.675922 -0.486129
 74.780004 -1.849755 -0.273596
 74.980004 -1.851460 -0.945158
 75.180004 -1.573043 -0.145707
 75.380004 -1.672396 -0.610242
 75.580004 -1.694319 -0.488740
 75.780004 -1.572310 -0.361335
 75.980004 -1.768087 -0.523313
 76.180004 -1.552190 -0.491272
 76.380004 -1.703701 -0.226389
 76.580004 -1.739466 -0.744278
 76.780004 -1.514540 -0.092501
 76.980004 -1.570250 -0.627725
 77.180004 -1.902234 -0.370523
 77.380004 -1.169612 -0.433202
 77.580004 -1.689249 -0.487014
 77.780004 -1.519107 -0.381328
 77.980004 -1.368952 -0.354472
 78.180004 -1.908128 -0.827087
 78.380004 -1.445132 -0.191583
 78.580004 -1.549824 -0.582931
 78.780004 -1.570546 -0.495639
 78.980004 -1.360603 -0.337973
 79.180004 -1.769134 -0.435679
 79.380004 -1.396600 -0.679614
 79.580004 -1.857563 -0.126182
 79.780004 -1.643357 -0.797868
 79.980004 -1.644357 -0.089326
 80.180004 -1.526200 -0.673743
 80.380004 -1.864462 -0.451598
 80.580004 -1.609108 -0.434398
 80.780004 -1.660516 -0.518328
 80.980004 -1.672116 -0.488831
 81.180004 -1.577225 -0.274482
 81.380004 -1.915559 -0.699658
 81.580004 -1.474998 -0.226290
 81.780004 -1.607206 -0.703882
 81.980004 -1.856369 -0.371253
 82.180004 -1.536183 -0.415737
 82.380004 -1.917923 -0.725015
 82.580004 -1.675551 -0.614641
 82.780004 -1.504212 -0.344165
 82.980004 -1.852724 -0.713662
 83.180004 -1.518822 -0.283092
 83.380004 -1.433474 -0.599192
 83.580004 -2.026861 -0.458587
 83.780004 -1.309591 -0.687913
 83.980004 -1.749944 -0.275256
 84.180004 -1.787753 -0.589072
 84.380004 -1.350432 -0.394585
 84.580004 -1.735949 -0.692703
 84.780004 -1.744945 -0.449143
 84.980004 -1.512613 -0.477189
 85.180004 -1.735469 -0.541155
 85.380004 -1.489833 -0.440053
 85.580004 -1.859884 -0.358275
 85.780004 -1.810305 -0.929431
 85.980004 -1.836677 -0.069594
 86.180004 -1.532751 -0.723350
 86.380004 -1.751223 -0.444444
 86.580004 -1.571488 -0.340975
 86.780004 -1.744817 -0.809007
 86.980004 -1.782487 -0.237602
 87.180004 -1.584534 -0.431827
 87.380004 -1.965347 -0.851712
 87.580004 -1.599153 -0.096728
 87.780004 -1.538773 -0.688802
 87.980004 -2.089741 -0.533653
 88.180004 -1.170548 -0.367297
 88.380004 -1.921355 -0.677602
 88.580004 -1.838084 -0.512207
 88.780004 -1.302526 -0.298490
 88.980004 -2.208153 -0.663277
 89.180004 -1.435293 -0.547374
 89.380004 -1.651949 -0.268037
 89.580004 -2.020918 -0.804321
 89.780004 -1.444938 -0.315133
 89.980004 -1.605216 -0.323752
 90.180004 -1.641028 -0.747493
 90.380004 -1.454338 -0.244853
 90.580004 -1.604171 -0.426183
 90.780004 -1.530883 -0.545129
 90.980004 -1.490451 -0.231643
 91.180004 -1.555382 -0.677442
 91.380004 -1.556988 -0.539311
 91.580004 -1.738813 -0.342685
 91.780004 -1.532709 -0.746755
 91.980004 -1.493937 -0.155636
 92.180004 -1.722359 -0.475659
 92.380004 -1.697515 -0.866459
 92.580004 -1.733585 0.147800
 92.780004 -1.340512 -0.818193
 92.980004 -1.907050 -0.448587
 93.180004 -1.445296 -0.295777
 93.380004 -1.680529 -0.653903
 93.580004 -1.793798 -0.201326
 93.780004 -1.479624 -0.589658
 93.980004 -1.702921 -0.485286
 94.180004 -1.546000 -0.220726
 94.380004 -1.510166 -0.612532
 94.580004 -1.699765 -0.333401
 94.780005 -1.400930 -0.446498
 94.980005 -1.607421 -0.513061
 95.180005 -1.503286 -0.329969
 95.380005 -1.568919 -0.556911
 95.580005 -1.826618 -0.364218
 95.780005 -1.402606 -0.489203
 95.980005 -1.816007 -0.576009
 96.180005 -1.687631 -0.425741
 96.380005 -1.582534 -0.402028
 96.580005 -1.760177 -0.603257
 96.780005 -1.624448 -0.250229
 96.980005 -1.731090 -0.652485
 97.180005 -1.790303 -0.554228
 97.380005 -1.549045 -0.471116
 97.580005 -1.891846 -0.615230
 97.780005 -1.632972 -0.447370
 97.980005 -1.581730 -0.436039
 98.180005 -1.877386 -0.742220
 98.380005 -1.658936 -0.421452
 98.580005 -1.654871 -0.448537
 98.780005 -1.846096 -0.556333
 98.980005 -1.501207 -0.366995
 99.180005 -1.767280 -0.656934
 99.380005 -1.811089 -0.365150
 99.580005 -1.548902 -0.570641
 99.780005 -1.810416 -0.553676
 99.980005 -1.443923 -0.423289
 100.180005 -1.716781 -0.655229
 100.380005 -1.861217 -0.515981
 100.580005 -1.483462 -0.310268
 100.780005 -1.734827 -0.453634
 100.980005 -1.590209 -0.552432
 101.180005 -1.507355 -0.429057
 101.380005 -2.042586 -0.688326
 101.580005 -1.541722 -0.512904
 101.780005 -1.665505 -0.350402
 101.980005 -1.752196 -0.635091
 102.180005 -1.425118 -0.249861
 102.380005 -1.741564 -0.644986
 102.580005 -1.602739 -0.525376
 102.780005 -1.597012 -0.313322
 102.980005 -1.699592 -0.693257
 103.180005 -1.701544 -0.313231
 103.380005 -1.566519 -0.545529
 103.580005 -1.899460 -0.613580
 103.780005 -1.619791 -0.437580
 103.980005 -1.547668 -0.391957
 104.180005 -1.783942 -0.556728
 104.380005 -1.406247 -0.317531
 104.580005 -1.690840 -0.546264
 104.780005 -1.791292 -0.449696
 104.980005 -1.477410 -0.404861
 105.180005 -1.892227 -0.457414
 105.380005 -1.519178 -0.460050
 105.580005 -1.666841 -0.360764
 105.780005 -1.677802 -0.648727
 105.980005 -1.587568 -0.372751
 106.180005 -1.590691 -0.490084
 106.380005 -1.637212 -0.522404
 106.580005 -1.453469 -0.377874
 106.780005 -1.737498 -0.639901
 106.980005 -1.658703 -0.407963
 107.180005 -1.547845 -0.404206
 107.380005 -1.810666 -0.519596
 107.580005 -1.482270 -0.386477
 107.780005 -1.769344 -0.511522
 107.980005 -1.662363 -0.557487
 108.180005 -1.374110 -0.419076
 108.380005 -1.854641 -0.465690
 108.580005 -1.438356 -0.605667
 108.780005 -1.662949 -0.236990
 108.980005 -1.721596 -0.658292
 109.180005 -1.332201 -0.170966
 109.380005 -1.677933 -0.581076
 109.580005 -1.740774 -0.565326
 109.780005 -1.515000 -0.316323
 109.980005 -1.680992 -0.528146
 110.180005 -1.479459 -0.703420
 110.380005 -1.458533 0.033319
 110.580005 -1.746202 -0.853233
 110.780005 -1.561535 -0.276870
 110.980005 -1.528323 -0.616838
 111.180005 -1.783279 -0.559953
 111.380005 -1.634757 -0.278306
 111.580005 -1.663045 -0.628490
 111.780005 -1.710544 -0.496171
 111.980005 -1.561695 -0.276320
 112.180005 -1.717327 -0.901903
 112.380005 -1.604746 -0.388453
 112.580005 -1.503060 -0.484353
 112.780005 -1.778404 -0.579411
 112.980005 -1.655541 -0.382669
 113.180005 -1.736408 -0.518588
 113.380005 -1.796840 -0.586898
 113.580005 -1.628899 -0.384651
 113.780005 -1.620890 -0.734641
 113.980005 -1.846015 -0.245392
 114.180005 -1.563064 -0.601374
 114.380005 -1.851908 -0.534881
 114.580005 -1.581356 -0.400779
 114.780005 -1.591530 -0.566117
 114.980005 -1.825042 -0.365155
 115.180005 -1.324814 -0.431470
 115.380005 -1.879565 -0.594667
 115.580005 -1.746788 -0.291869
 115.780005 -1.450981 -0.606409
 115.980006 -1.768565 -0.269406
 116.180006 -1.202800 -0.711689
 116.380006 -1.722051 -0.394860
 116.580006 -1.573250 -0.605657
 116.780006 -1.452383 -0.314411
 116.980006 -1.745125 -0.781437
 117.180006 -1.391353 -0.322407
 117.380006 -1.593627 -0.531077
 117.580006 -1.744149 -0.514938
 117.780006 -1.530797 -0.546593
 117.980006 -1.881576 -0.264028
 118.180006 -1.495525 -0.767979
 118.380006 -1.614923 -0.042504
 118.580006 -1.720965 -0.813380
 118.780006 -1.679974 -0.367320
 118.980006 -1.594124 -0.551618
 119.180006 -1.755498 -0.558743
 119.380006 -1.550174 -0.367236
 119.580006 -1.588748 -0.461689
 119.780006 -1.501296 -0.878911
 119.980006 -1.784640 -0.036572
 120.180006 -1.592965 -0.877093
 120.380006 -1.578271 -0.199840
 120.580006 -1.658648 -0.450469
 120.780006 -1.855240 -0.793394
 120.980006 -1.561077 -0.330076
 121.180006 -1.474751 -0.378972
 121.380006 -1.695847 -0.688096
 121.580006 -1.533855 -0.259747
 121.780006 -1.643943 -0.667588
 121.980006 -1.788799 -0.487781
 122.180006 -1.462488 -0.450584
 122.380006 -1.834534 -0.459339
 122.580006 -1.469001 -0.370638
 122.780006 -1.587938 -0.448868
 122.980006 -1.793930 -0.677894
 123.180006 -1.391003 -0.397584
 123.380006 -1.716599 -0.549259
 123.580006 -1.621552 -0.593137
 123.780006 -1.589319 -0.310330
 123.980006 -1.719847 -0.519330
 124.180006 -1.630541 -0.643841
 124.380006 -1.729575 -0.240842
 124.580006 -1.631607 -0.554526
 124.780006 -1.608136 -0.353849
 124.980006 -1.773186 -0.551918
 125.180006 -1.765321 -0.623808
 125.380006 -1.531353 -0.276460
 125.580006 -1.630346 -0.856813
 125.780006 -1.761484 -0.457289
 125.980006 -1.444066 -0.373935
 126.180006 -1.728253 -0.777603
 126.380006 -1.681345 -0.250769
 126.580006 -1.547746 -0.493205
 126.780006 -1.892653 -0.700321
 126.980006 -1.649348 -0.061413
 127.180006 -1.710562 -0.862667
 127.380006 -1.996538 -0.448921
 127.580006 -1.452474 -0.336835
 127.780006 -1.749296 -0.727944
 127.980006 -1.753057 -0.352264
 128.180006 -1.474398 -0.577512
 128.380006 -1.997031 -0.615394
 128.580006 -1.552368 -0.350239
 128.780006 -1.572887 -0.430532
 128.980006 -1.906350 -0.380412
 129.180006 -1.344832 -0.565289
 129.380006 -1.979432 -0.377390
 129.580006 -1.662256 -0.701149
 129.780006 -1.691026 -0.371015
 129.980006 -1.755367 -0.424644
 130.180006 -1.367142 -0.626260
 130.380006 -1.860751 -0.219412
 130.580006 -1.647558 -0.883555
 130.780006 -1.776838 -0.261348
 130.980006 -1.595429 -0.373499
 131.180006 -1.638690 -0.656780
 131.380006 -1.827407 -0.400412
 131.580006 -1.609256 -0.466220
 131.780006 -1.823659 -0.643377
 131.980006 -1.605806 -0.284787
 132.180006 -1.611811 -0.716648
 132.380006 -1.863028 -0.359814
 132.580006 -1.352721 -0.571240
 132.780006 -1.882593 -0.536103
 132.980006 -1.606837 -0.401646
 133.180006 -1.619568 -0.401691
 133.380006 -2.018059 -0.659690
 133.580006 -1.551195 -0.374850
 133.780006 -1.804953 -0.586513
 133.980006 -1.760220 -0.572824
 134.180006 -1.550498 -0.287656
 134.380006 -1.658413 -0.612734
 134.580006 -1.652962 -0.514920
 134.780006 -1.608415 -0.319261
 134.980006 -1.649687 -0.665997
 135.180006 -1.516350 -0.325252
 135.380006 -1.691199 -0.542188
 135.580006 -1.580790 -0.523416
 135.780006 -1.545895 -0.312111
 135.980006 -1.763792 -0.581612
 136.180006 -1.630668 -0.391648
 136.380006 -1.546235 -0.346587
 136.580006 -1.515146 -0.625711
 136.780006 -1.535207 -0.307405
 136.980007 -1.502774 -0.531518
 137.180007 -1.593509 -0.348993
 137.380007 -1.411270 -0.443562
 137.580007 -1.890707 -0.492098
 137.780007 -1.581504 -0.459179
 137.980007 -1.481480 -0.379204
 138.180007 -1.649518 -0.648608
 138.380007 -1.483396 -0.270629
 138.580007 -1.757948 -0.774686
 138.780007 -1.625915 -0.291734
 138.980007 -1.417776 -0.572616
 139.180007 -1.963286 -0.206308
 139.380007 -1.375853 -0.656446
 139.580007 -1.777523 -0.181273
 139.780007 -1.588387 -0.725955
 139.980007 -1.865841 -0.033459
 140.180007 -1.570392 -0.815875
 140.380007 -1.854951 -0.260205
 140.580007 -1.442586 -0.616336
 140.780007 -1.733435 -0.386518
 140.980007 -1.391478 -0.575074
 141.180007 -1.744076 -0.375763
 141.380007 -1.686498 -0.753513
 141.580007 -1.719008 -0.253177
 141.780007 -1.920716 -0.587910
 141.980007 -1.619618 -0.420454
 142.180007 -1.713660 -0.587706
 142.380007 -1.671889 -0.490804
 142.580007 -1.609690 -0.600052
 142.780007 -1.668725 -0.271176
 142.980007 -1.465368 -0.666313
 143.180007 -1.802870 -0.150019
 143.380007 -1.536531 -0.573469
 143.580007 -1.780426 -0.393182
 143.780007 -1.693844 -0.481508
 143.980007 -1.532197 -0.339154
 144.180007 -1.707415 -0.679149
 144.380007 -1.546755 -0.261330
 144.580007 -1.551745 -0.737839
 144.780007 -1.743699 -0.176241
 144.980007 -1.427391 -0.595006
 145.180007 -1.842502 -0.401022
 145.380007 -1.531720 -0.472916
 145.580007 -1.659348 -0.542166
 145.780007 -1.855345 -0.408115
 145.980007 -1.472204 -0.416764
 146.180007 -1.728848 -0.765186
 146.380007 -1.507779 -0.083856
 146.580007 -1.447986 -0.774277
 146.780007 -1.819713 -0.379011
 146.980007 -1.341620 -0.299164
 147.180007 -1.627927 -0.553311
 147.380007 -1.628178 -0.393350
 147.580007 -1.530729 -0.484938
 147.780007 -1.804850 -0.491558
 147.980007 -1.311515 -0.297033
 148.180007 -1.825390 -0.605312
 148.380007 -1.699915 -0.382049
 148.580007 -1.468484 -0.523996
 148.780007 -1.832092 -0.639948
 148.980007 -1.392078 -0.492859
 149.180007 -1.672262 -0.471630
 149.380007 -1.778328 -0.588518
 149.580007 -1.630081 -0.230574
 149.780007 -1.763141 -0.609103
 149.980007 -1.668421 -0.539589
 150.180007 -1.661088 -0.360835
 150.380007 -1.946934 -0.811667
 150.580007 -1.618129 -0.265120
 150.780007 -1.611632 -0.554583
 150.980007 -1.743784 -0.583110
 151.180007 -1.527634 -0.362223
 151.380007 -1.751607 -0.611742
 151.580007 -1.673089 -0.597511
 151.780007 -1.595613 -0.285074
 151.980007 -1.842814 -0.766093
 152.180007 -1.673625 -0.323852
 152.380007 -1.551419 -0.444052
 152.580007 -1.957484 -0.518762
 152.780007 -1.473537 -0.446256
 152.980007 -1.825160 -0.464165
 153.180007 -1.503983 -0.787096
 153.380007 -1.642599 -0.013159
 153.580007 -1.708971 -0.810483
 153.780007 -1.643229 -0.272511
 153.980007 -1.713607 -0.546448
 154.180007 -1.745415 -0.640413
 154.380007 -1.650597 -0.381491
 154.580007 -1.646191 -0.340566
 154.780007 -1.530819 -0.762393
 154.980007 -1.947487 -0.032821
 155.180007 -1.393822 -0.883250
 155.380007 -1.634662 -0.139613
 155.580007 -1.594776 -0.530927
 155.780007 -1.611392 -0.591233
 155.980007 -1.796615 -0.275483
 156.180007 -1.478071 -0.696528
 156.380007 -1.871110 -0.432086
 156.580007 -1.591765 -0.371128
 156.780007 -1.599193 -0.698174
 156.980007 -1.856841 -0.087280
 157.180007 -1.424718 -0.783185
 157.380007 -1.715665 -0.224202
 157.580007 -1.409014 -0.570656
 157.780007 -1.661600 -0.459661
 157.980008 -1.671165 -0.401676
 158.180008 -1.524667 -0.602287
 158.380008 -1.912596 -0.505767
 158.580008 -1.469195 -0.339425
 158.780008 -1.654719 -0.624831
 158.980008 -1.712848 -0.160100
 159.180008 -1.384757 -0.549661
 159.380008 -1.848224 -0.445101
 159.580008 -1.315937 -0.358735
 159.780008 -1.483170 -0.409133
 159.980008 -1.766058 -0.631408
 160.180008 -1.459637 -0.234114
 160.380008 -1.697113 -0.597871
 160.580008 -1.611035 -0.395988
 160.780008 -1.517490 -0.357660
 160.980008 -1.803286 -0.599972
 161.180008 -1.358831 -0.353400
 161.380008 -1.696393 -0.382689
 161.580008 -1.826724 -0.855933
 161.780008 -1.367309 -0.299364
 161.980008 -1.969704 -0.697231
 162.180008 -1.484967 -0.523520
 162.380008 -1.634148 -0.419154
 162.580008 -1.832260 -0.260486
 162.780008 -1.434996 -0.829693
 162.980008 -1.985779 -0.105395
 163.180008 -1.473754 -0.836495
 163.380008 -1.692107 -0.111745
 163.580008 -1.646787 -0.712562
 163.780008 -1.768658 -0.308437
 163.980008 -1.661414 -0.535674
 164.180008 -1.841976 -0.590224
 164.380008 -1.745273 -0.429247
 164.580008 -1.707925 -0.362451
 164.780008 -1.553911 -0.769491
 164.980008 -1.844151 -0.062963
 165.180008 -1.221379 -0.935590
 165.380008 -2.000966 -0.087002
 165.580008 -1.364358 -0.593884
 165.780008 -1.828850 -0.426464
 165.980008 -1.442309 -0.580663
 166.180008 -1.607466 -0.389011
 166.380008 -1.712735 -0.602941
 166.580008 -1.321027 -0.346557
 166.780008 -1.629443 -0.619390
 166.980008 -1.626593 -0.323749
 167.180008 -1.529506 -0.475906
 167.380008 -1.656288 -0.265331
 167.580008 -1.382027 -0.463493
 167.780008 -1.637550 -0.327979
 167.980008 -1.511371 -0.561889
 168.180008 -1.630398 -0.277859
 168.380008 -1.623376 -0.611770
 168.580008 -1.605755 -0.324576
 168.780008 -1.605602 -0.437885
 168.980008 -1.702047 -0.523139
 169.180008 -1.708409 -0.460432
 169.380008 -1.676417 -0.345868
 169.580008 -1.619320 -0.625305
 169.780008 -1.642644 -0.131955
 169.980008 -1.750913 -0.761229
 170.180008 -1.731225 -0.345678
 170.380008 -1.584528 -0.632402
 170.580008 -1.849256 -0.436521
 170.780008 -1.403829 -0.501332
 170.980008 -1.698680 -0.518137
 171.180008 -1.724286 -0.638780
 171.380008 -1.716341 -0.306108
 171.580008 -1.908786 -0.852281
 171.780008 -1.515939 -0.144804
 171.980008 -1.649405 -0.764718
 172.180008 -1.954062 -0.365150
 172.380008 -1.499527 -0.488697
 172.580008 -1.732697 -0.517234
 172.780008 -1.483162 -0.491710
 172.980008 -1.702990 -0.369502
 173.180008 -1.666389 -0.703885
 173.380008 -1.678983 -0.212256
 173.580008 -1.710603 -0.802090
 173.780008 -1.700465 -0.216929
 173.980008 -1.644362 -0.385886
 174.180008 -1.772105 -0.601385
 174.380008 -1.550774 -0.426369
 174.580008 -1.815475 -0.425970
 174.780008 -1.676250 -0.525209
 174.980008 -1.516213 -0.253779
 175.180008 -1.711629 -0.665223
 175.380008 -1.777340 -0.307523
 175.580008 -1.629756 -0.547182
 175.780008 -1.964031 -0.618033
 175.980008 -1.420807 -0.330290
 176.180008 -1.703928 -0.504795
 176.380008 -1.874808 -0.744233
 176.580008 -1.605489 -0.171180
 176.780008 -1.821474 -0.746974
 176.980008 -1.707936 -0.439509
 177.180008 -1.527530 -0.353228
 177.380008 -1.900263 -0.565219
 177.580008 -1.597834 -0.564012
 177.780008 -1.561726 -0.286557
 177.980008 -1.892879 -0.802045
 178.180008 -1.625305 -0.363642
 178.380008 -1.571363 -0.497016
 178.580008 -1.909146 -0.555641
 178.780008 -1.433725 -0.431898
 178.980009 -1.742184 -0.306258
 179.180009 -1.735202 -0.879241
 179.380009 -1.501594 -0.104541
 179.580009 -1.661375 -0.749018
 179.780009 -1.609729 -0.429971
 179.980009 -1.571317 -0.371291
 180.180009 -1.941766 -0.608464
 180.380009 -1.526370 -0.441842
 180.580009 -1.853233 -0.271785
 180.780009 -1.658305 -0.866066
 180.980009 -1.774639 -0.233614
 181.180009 -1.723988 -0.629238
 181.380009 -1.507105 -0.436202
 181.580009 -1.804207 -0.463026
 181.780009 -1.657589 -0.621944
 181.980009 -1.523824 -0.444282
 182.180009 -1.990850 -0.298738
 182.380009 -1.451262 -0.700797
 182.580009 -1.783941 -0.205105
 182.780009 -1.711342 -0.644912
 182.980009 -1.431232 -0.405452
 183.180009 -1.842870 -0.456670
 183.380009 -1.474053 -0.534438
 183.580009 -1.530195 -0.285551
 183.780009 -1.658651 -0.685311
 183.980009 -1.552358 -0.340540
 184.180009 -1.698510 -0.268186
 184.380009 -1.570046 -0.721744
 184.580009 -1.620399 -0.173734
 184.780009 -1.604153 -0.656983
 184.980009 -1.463137 -0.414186
 185.180009 -1.546940 -0.462254
 185.380009 -1.538677 -0.600752
 185.580009 -1.623969 -0.179629
 185.780009 -1.530642 -0.744611
 185.980009 -1.678575 -0.364404
 186.180009 -1.573196 -0.305245
 186.380009 -1.548227 -0.730314
 186.580009 -1.742774 -0.230216
 186.780009 -1.385395 -0.652646
 186.980009 -1.624289 -0.501248
 187.180009 -1.612602 -0.179498
 187.380009 -1.745108 -0.702772
 187.580009 -1.568653 -0.217044
 187.780009 -1.565284 -0.566062
 187.980009 -1.718061 -0.490895
 188.180009 -1.475459 -0.318162
 188.380009 -1.694289 -0.532510
 188.580009 -1.492764 -0.382905
 188.780009 -1.633575 -0.293099
 188.980009 -1.831021 -0.602712
 189.180009 -1.490405 -0.342898
 189.380009 -1.610647 -0.691189
 189.580009 -1.861977 -0.210651
 189.780009 -1.516424 -0.554361
 189.980009 -1.744100 -0.472048
 190.180009 -1.687480 -0.255107
 190.380009 -1.585421 -0.530271
 190.580009 -1.782064 -0.510479
 190.780009 -1.387208 -0.349956
 190.980009 -1.627550 -0.547358
 191.180009 -1.811895 -0.390027
 191.380009 -1.615500 -0.500078
 191.580009 -1.664092 -0.440459
 191.780009 -1.619672 -0.537839
 191.980009 -1.638643 -0.355864
 192.180009 -1.736109 -0.504844
 192.380009 -1.639804 -0.409565
 192.580009 -1.470479 -0.568339
 192.780009 -1.814403 -0.333556
 192.980009 -1.530406 -0.495673
 193.180009 -1.852922 -0.555833
 193.380009 -1.595206 -0.477712
 193.580009 -1.639854 -0.481853
 193.780009 -1.735665 -0.499666
 193.980009 -1.503084 -0.406518
 194.180009 -1.661741 -0.453420
 194.380009 -1.825751 -0.516760
 194.580009 -1.690581 -0.524558
 194.780009 -1.819140 -0.455755
 194.980009 -1.508832 -0.492609
 195.180009 -1.542136 -0.472099
 195.380009 -1.738433 -0.624904
 195.580009 -1.738021 -0.333466
 195.780009 -1.687064 -0.605150
 195.980009 -1.714283 -0.420208
 196.180009 -1.665584 -0.432285
 196.380009 -1.770043 -0.583273
 196.580009 -1.576217 -0.699244
 196.780009 -1.736734 -0.382194
 196.980009 -1.633556 -0.626489
 197.180009 -1.601017 -0.313117
 197.380009 -1.529712 -0.519099
 197.580009 -1.823201 -0.311401
 197.780009 -1.594968 -0.595816
 197.980009 -1.740236 -0.455550
 198.180009 -1.601241 -0.477753
 198.380009 -1.721131 -0.398675
 198.580009 -1.611669 -0.692098
 198.780009 -1.538430 -0.402940
 198.980009 -1.711774 -0.432693
 199.180009 -1.582943 -0.493982
 199.380009 -1.559683 -0.422577
 199.580009 -1.611454 -0.346875
 199.780009 -1.487747 -0.665550
 199.980009 -1.735502 -0.264602
