#! FIELDS time phi psi
#! SET max_psi pi
 0.180000 1.177601 -0.486476
 0.380000 1.104507 -1.293042
 0.580000 0.947797 -0.491516
 0.780000 1.022123 -1.187522
 0.980000 1.195338 -0.851819
 1.180000 0.991141 -0.739483
 1.380000 1.084615 -1.190512
 1.580000 1.204467 -0.601497
 1.780000 0.977767 -1.166463
 1.980000 1.055786 -0.642434
 2.180000 0.973919 -1.189787
 2.380000 1.266078 -0.626214
 2.580000 1.252368 -1.246247
 2.780000 1.311090 -0.744784
 2.980000 1.139148 -1.030336
 3.180000 1.125093 -0.774607
 3.380000 1.160248 -0.847378
 3.580000 0.963610 -0.865980
 3.780000 0.949723 -0.643974
 3.980000 1.225201 -1.099355
 4.180000 1.080751 -0.940872
 4.380000 1.429104 -0.864064
 4.580000 1.183787 -1.061968
 4.780000 1.239363 -0.705297
 4.980000 0.997007 -1.062851
 5.180000 1.240397 -0.864895
 5.380000 1.126762 -1.063184
 5.580000 1.098466 -0.665791
 5.780000 1.063177 -1.155933
 5.980000 1.124644 -0.672338
 6.180000 1.007537 -0.963777
 6.380000 1.140153 -1.035439
 6.580000 1.251485 -0.766236
 6.780000 0.988227 -0.935000
 6.980000 1.208401 -0.917809
 7.180000 1.247257 -0.932505
 7.380000 1.137732 -0.949184
 7.580000 1.333100 -0.732282
 7.780000 1.047347 -0.968830
 7.980000 1.218806 -0.880084
 8.180000 0.931463 -1.036325
 8.380000 1.256999 -0.846302
 8.580000 0.927987 -1.024798
 8.780000 0.941053 -0.741944
 8.980000 1.080710 -0.945848
 9.180000 1.038703 -0.786508
 9.380000 1.189862 -1.044017
 9.580000 1.268509 -0.989684
 9.780000 1.114823 -0.985446
 9.980000 1.265563 -0.846583
 10.180000 1.117062 -0.887216
 10.380000 1.318504 -1.044565
 10.580001 0.910905 -0.832768
 10.780001 1.106361 -0.854467
 10.980001 0.894688 -1.014696
 11.180001 1.194264 -0.834977
 11.380001 1.066462 -0.973053
 11.580001 1.088667 -0.882679
 11.780001 1.033391 -0.972284
 11.980001 1.087818 -0.905767
 12.180001 1.165180 -0.877278
 12.380001 0.979947 -1.043575
 12.580001 1.136122 -0.565247
 12.780001 0.997419 -1.188510
 12.980001 1.190686 -0.532128
 13.180001 0.921912 -1.117705
 13.380001 1.221179 -0.914646
 13.580001 1.135853 -0.933258
 13.780001 1.196115 -0.953559
 13.980001 1.105234 -0.730579
 14.180001 1.269579 -0.991271
 14.380001 1.009596 -0.933566
 14.580001 1.081623 -0.872760
 14.780001 1.116013 -0.891697
 14.980001 1.020219 -0.818318
 15.180001 1.143418 -1.042991
 15.380001 1.126041 -0.762407
 15.580001 1.283422 -0.970475
 15.780001 1.232169 -1.047722
 15.980001 1.277033 -0.866122
 16.180001 0.776077 -1.022625
 16.380001 1.023569 -0.865665
 16.580001 0.973743 -1.058043
 16.780001 1.039767 -0.740430
 16.980001 1.070081 -0.961369
 17.180001 1.161703 -0.989539
 17.380001 1.174272 -0.963135
 17.580001 1.256782 -0.952353
 17.780001 1.292563 -0.811278
 17.980001 1.304771 -0.840590
 18.180001 1.142730 -1.064275
 18.380001 1.175299 -0.781398
 18.580001 1.120023 -1.034426
 18.780001 1.324813 -0.754939
 18.980001 1.093268 -1.100411
 19.180001 1.173452 -0.848316
 19.380001 1.024287 -0.958245
 19.580001 1.146694 -0.828101
 19.780001 1.151765 -0.883097
 19.980001 1.068025 -0.877114
 20.180001 1.084087 -0.917047
 20.380001 1.002485 -0.818593
 20.580001 1.273240 -1.255180
 20.780001 1.073334 -0.669883
 20.980001 1.075621 -1.088270
 21.180001 0.991532 -0.722757
 21.380001 0.987525 -1.088067
 21.580001 1.195731 -0.722415
 21.780001 0.873885 -1.028054
 21.980001 1.262255 -0.933409
 22.180001 1.225156 -0.806579
 22.380001 1.241782 -0.959489
 22.580001 1.064621 -0.698917
 22.780001 1.183997 -1.000228
 22.980001 1.089779 -0.945245
 23.180001 1.257117 -0.791262
 23.380001 1.337897 -1.241987
 23.580001 1.198559 -0.712836
 23.780001 1.069403 -1.083898
 23.980001 1.200392 -0.683789
 24.180001 1.067372 -0.991413
 24.380001 1.014851 -0.841801
 24.580001 1.055622 -0.946003
 24.780001 1.116105 -0.973876
 24.980001 1.021720 -0.851766
 25.180001 0.915983 -0.841637
 25.380001 0.984661 -0.996931
 25.580001 1.010144 -0.655753
 25.780001 1.136057 -1.176074
 25.980001 1.108825 -0.786181
 26.180001 1.130872 -1.008544
 26.380001 1.297227 -0.834517
 26.580001 1.214584 -1.126270
 26.780001 1.028849 -0.680552
 26.980001 0.821252 -0.805043
 27.180001 1.059285 -0.948195
 27.380001 1.051614 -0.791552
 27.580001 1.333687 -1.103304
 27.780001 1.187724 -0.984580
 27.980001 1.084979 -0.869096
 28.180001 1.185755 -0.971551
 28.380001 1.124225 -0.794812
 28.580001 1.053440 -1.011156
 28.780001 1.091603 -0.734850
 28.980001 1.177227 -1.116855
 29.180001 1.339779 -0.787001
 29.380001 1.206591 -1.058399
 29.580001 1.167971 -0.855454
 29.780001 1.154264 -0.798608
 29.980001 1.118055 -1.041238
 30.180001 0.943160 -0.741173
 30.380001 0.978794 -0.930244
 30.580001 1.103910 -0.846796
 30.780001 1.371440 -0.941603
 30.980001 1.081258 -0.988511
 31.180001 1.121980 -0.744180
 31.380001 1.078808 -1.181616
 31.580001 1.097909 -0.590174
 31.780002 1.072690 -0.941866
 31.980002 1.062047 -0.811796
 32.180002 1.145296 -0.906748
 32.380002 1.158688 -1.008695
 32.580002 1.284570 -0.857431
 32.780002 1.173574 -1.067929
 32.980002 0.961403 -0.678593
 33.180002 1.131380 -1.073525
 33.380002 1.009153 -0.738013
 33.580002 1.051023 -0.887654
 33.780002 1.048577 -0.873520
 33.980002 1.130687 -0.819628
 34.180002 1.151026 -1.245294
 34.380002 1.270857 -0.679555
 34.580002 1.159774 -1.093451
 34.780002 1.051829 -0.804035
 34.980002 1.197631 -0.921867
 35.180002 1.120360 -0.993191
 35.380002 1.083212 -0.799492
 35.580002 1.169074 -1.108677
 35.780002 1.383974 -0.625933
 35.980002 1.070605 -1.164771
 36.180002 1.094925 -0.635157
 36.380002 1.205505 -0.918269
 36.580002 1.303747 -1.036345
 36.780002 1.300889 -0.879083
 36.980002 1.174380 -0.947902
 37.180002 1.027758 -0.794321
 37.380002 1.057387 -0.822186
 37.580002 1.211106 -1.003416
 37.780002 1.214205 -1.002395
 37.980002 1.151579 -0.922396
 38.180002 1.105254 -0.786208
 38.380002 0.993342 -0.926903
 38.580002 1.178799 -0.798866
 38.780002 1.182272 -1.077524
 38.980002 1.267179 -0.988493
 39.180002 1.098667 -0.747671
 39.380002 1.151871 -1.023305
 39.580002 1.176633 -0.716991
 39.780002 1.125233 -0.983152
 39.980002 1.112246 -0.961909
 40.180002 1.121397 -0.761316
 40.380002 1.054802 -0.972064
 40.580002 1.356280 -0.907870
 40.780002 1.169016 -1.133106
 40.980002 0.988933 -0.828162
 41.180002 0.884259 -0.934150
 41.380002 1.038323 -0.759707
 41.580002 1.082181 -1.047897
 41.780002 1.049542 -0.916994
 41.980002 1.099350 -0.827652
 42.180002 1.192898 -1.065577
 42.380002 1.307368 -0.924947
 42.580002 1.267049 -1.025856
 42.780002 1.100095 -0.752559
 42.980002 1.141186 -0.915103
 43.180002 1.035432 -1.027275
 43.380002 1.142407 -0.707863
 43.580002 1.075606 -1.081906
 43.780002 1.145593 -0.741094
 43.980002 0.903499 -1.032844
 44.180002 1.137036 -0.889914
 44.380002 1.070823 -0.815192
 44.580002 1.231027 -0.961095
 44.780002 1.091074 -0.946818
 44.980002 1.209145 -0.972028
 45.180002 1.225162 -0.899487
 45.380002 1.112052 -0.976181
 45.580002 1.128383 -0.897469
 45.780002 1.094155 -0.898328
 45.980002 1.028983 -0.839649
 46.180002 1.203122 -0.748983
 46.380002 1.096233 -1.151391
 46.580002 1.208394 -0.702014
 46.780002 0.970469 -1.220903
 46.980002 1.151516 -0.778294
 47.180002 1.035541 -0.931744
 47.380002 1.198505 -0.820319
 47.580002 1.104013 -0.990242
 47.780002 0.926699 -0.973547
 47.980002 1.122466 -0.681539
 48.180002 1.126072 -1.153277
 48.380002 1.259566 -0.948006
 48.580002 0.942347 -0.757909
 48.780002 1.164386 -1.054109
 48.980002 1.139767 -0.896115
 49.180002 1.091322 -0.929310
 49.380002 1.069784 -0.845710
 49.580002 1.074283 -0.898572
 49.780002 1.166956 -0.977308
 49.980002 1.089874 -0.908316
 50.180002 1.170890 -0.911615
 50.380002 0.811546 -0.877521
 50.580002 1.222224 -0.730237
 50.780002 1.055805 -1.075831
 50.980002 1.296806 -0.780089
 51.180002 1.225538 -0.998223
 51.380002 1.159564 -0.922664
 51.580002 0.948589 -0.880571
 51.780002 0.995031 -0.883156
 51.980002 1.038913 -0.896091
 52.180002 1.051324 -0.832673
 52.380002 0.967092 -1.006421
 52.580002 1.133373 -0.897922
 52.780003 1.122433 -1.040776
 52.980003 1.218719 -0.826488
 53.180003 1.113804 -1.001168
 53.380003 1.311408 -0.720871
 53.580003 1.074378 -1.071737
 53.780003 1.288580 -0.786886
 53.980003 1.133791 -1.053451
 54.180003 1.096531 -0.820037
 54.380003 1.062982 -0.952601
 54.580003 1.114358 -0.820691
 54.780003 1.040571 -1.131788
 54.980003 1.175162 -0.765645
 55.180003 1.066349 -0.939612
 55.380003 1.170437 -0.820529
 55.580003 1.209825 -1.155373
 55.780003 1.244299 -0.743981
 55.980003 0.959159 -1.009040
 56.180003 1.029029 -0.762629
 56.380003 0.978360 -1.013544
 56.580003 1.175526 -0.813188
 56.780003 1.014017 -1.027446
 56.980003 1.206225 -0.826791
 57.180003 1.064224 -0.941026
 57.380003 1.254178 -0.710043
 57.580003 1.155544 -1.099770
 57.780003 1.215510 -0.862048
 57.980003 0.779021 -0.814815
 58.180003 1.159228 -0.900538
 58.380003 1.059895 -0.989390
 58.580003 1.148409 -0.809716
 58.780003 1.079019 -1.086101
 58.980003 1.165207 -0.730317
 59.180003 1.003629 -1.193757
 59.380003 1.105291 -0.595031
 59.580003 0.979520 -1.110417
 59.780003 1.180894 -0.813764
 59.980003 1.193686 -0.976796
 60.180003 1.286149 -0.909510
 60.380003 1.217068 -0.876960
 60.580003 1.155279 -0.896251
 60.780003 0.941416 -0.903553
 60.980003 1.055471 -0.767284
 61.180003 0.974468 -0.987759
 61.380003 1.236548 -0.723811
 61.580003 1.003916 -1.233651
 61.780003 0.927650 -0.744201
 61.980003 0.756874 -1.165706
 62.180003 1.185370 -0.854913
 62.380003 1.194496 -0.991862
 62.580003 1.255953 -0.844539
 62.780003 1.149787 -1.093559
 62.980003 1.239730 -0.892812
 63.180003 1.004816 -0.821697
 63.380003 1.257189 -0.847376
 63.580003 1.187898 -0.899609
 63.780003 1.309231 -0.961434
 63.980003 1.025423 -0.935363
 64.180003 1.078263 -0.911458
 64.380003 1.030031 -1.008346
 64.580003 1.098193 -0.746347
 64.780003 0.990587 -1.010973
 64.980003 0.830541 -0.755627
 65.180003 1.062038 -1.088628
 65.380003 1.211968 -0.955122
 65.580003 1.154376 -0.878920
 65.780003 1.204560 -1.010440
 65.980003 1.153555 -0.747574
 66.180003 1.201235 -1.027055
 66.380003 1.039573 -0.890301
 66.580003 1.157130 -0.803351
 66.780003 1.036772 -0.945966
 66.980003 1.207232 -0.902197
 67.180003 1.120053 -1.170326
 67.380003 1.143317 -0.738819
 67.580003 1.139451 -0.943662
 67.780003 1.256366 -0.924547
 67.980003 1.380998 -1.000638
 68.180003 0.977691 -0.962623
 68.380003 1.257041 -0.872106
 68.580003 1.143246 -1.051095
 68.780003 1.163907 -0.961617
 68.980003 0.959594 -0.694709
 69.180003 1.095166 -1.184064
 69.380003 1.088105 -0.494425
 69.580003 1.073146 -1.210540
 69.780003 1.102228 -0.714734
 69.980003 1.065031 -1.147828
 70.180003 1.270034 -0.718899
 70.380003 1.099164 -1.050032
 70.580003 1.213473 -0.995787
 70.780003 1.041276 -0.693849
 70.980003 1.102001 -1.075666
 71.180003 1.091574 -0.688441
 71.380003 1.119529 -1.043967
 71.580003 1.080948 -1.000121
 71.780003 1.044160 -0.790361
 71.980003 1.016624 -1.116345
 72.180003 1.185339 -0.724177
 72.380003 1.036217 -0.954045
 72.580003 1.088979 -0.817476
 72.780003 1.043039 -0.955019
 72.980003 1.195311 -0.988861
 73.180003 1.084221 -0.832756
 73.380003 1.296075 -0.946526
 73.580003 1.262276 -0.970576
 73.780004 1.180709 -0.847491
 73.980004 1.169692 -1.021811
 74.180004 1.188729 -0.845851
 74.380004 1.145526 -0.975421
 74.580004 1.031011 -0.750950
 74.780004 0.979716 -1.148958
 74.980004 0.962060 -0.815925
 75.180004 1.014254 -0.922624
 75.380004 1.114045 -0.813648
 75.580004 1.181700 -0.985299
 75.780004 1.137098 -0.931582
 75.980004 1.072553 -0.765167
 76.180004 1.161514 -0.994830
 76.380004 1.248178 -0.812542
 76.580004 1.320770 -1.029083
 76.780004 1.175457 -0.886985
 76.980004 1.253187 -0.786778
 77.180004 0.845063 -1.100764
 77.380004 1.159501 -0.578776
 77.580004 0.953668 -1.136500
 77.780004 1.023764 -0.625534
 77.980004 1.021169 -1.203552
 78.180004 1.074740 -0.588844
 78.380004 1.041011 -1.093520
 78.580004 1.128523 -1.039546
 78.780004 1.124490 -0.681117
 78.980004 1.083639 -1.012115
 79.180004 1.024454 -0.803311
 79.380004 1.275961 -0.954962
 79.580004 1.020748 -1.027084
 79.780004 1.154337 -0.762570
 79.980004 1.065455 -1.181598
 80.180004 1.146130 -0.772958
 80.380004 1.046139 -1.010336
 80.580004 1.170305 -0.640276
 80.780004 1.036060 -1.150392
 80.980004 1.244733 -0.848742
 81.180004 1.130475 -1.070009
 81.380004 1.164838 -0.813620
 81.580004 1.005586 -0.824037
 81.780004 1.004139 -0.836592
 81.980004 1.025143 -0.898736
 82.180004 1.129437 -0.953032
 82.380004 1.269141 -1.059373
 82.580004 0.923294 -0.732925
 82.780004 1.116578 -1.110963
 82.980004 0.978955 -0.791282
 83.180004 1.160059 -1.118101
 83.380004 1.388101 -0.799389
 83.580004 1.366474 -1.111768
 83.780004 1.273567 -0.936192
 83.980004 0.766796 -0.825196
 84.180004 1.234820 -1.024162
 84.380004 0.937306 -0.824445
 84.580004 1.026035 -0.857150
 84.780004 0.925037 -0.854039
 84.980004 1.201187 -1.037560
 85.180004 1.260846 -1.102195
 85.380004 1.204667 -0.730984
 85.580004 1.147566 -0.990618
 85.780004 1.063362 -0.790932
 85.980004 1.074397 -0.867335
 86.180004 1.146919 -0.820901
 86.380004 1.134896 -0.927968
 86.580004 1.008447 -0.927809
 86.780004 1.207374 -0.894747
 86.980004 1.129649 -1.053258
 87.180004 1.063509 -0.804665
 87.380004 1.007990 -0.854610
 87.580004 1.141372 -0.959652
 87.780004 1.237954 -1.008563
 87.980004 1.043107 -1.020732
 88.180004 1.142249 -0.717523
 88.380004 1.063724 -1.090131
 88.580004 1.154802 -0.953211
 88.780004 1.091945 -0.757180
 88.980004 1.158277 -1.068164
 89.180004 1.072051 -0.636214
 89.380004 1.137740 -1.170724
 89.580004 1.052518 -0.625538
 89.780004 1.189333 -1.145824
 89.980004 1.100965 -0.762813
 90.180004 1.095410 -1.000838
 90.380004 1.181486 -0.792986
 90.580004 1.065525 -0.871348
 90.780004 1.243457 -1.092133
 90.980004 0.997776 -0.707648
 91.180004 1.318045 -1.165991
 91.380004 1.132678 -0.766513
 91.580004 1.173064 -0.818150
 91.780004 0.956217 -1.032490
 91.980004 1.190085 -0.768121
 92.180004 0.824909 -1.060511
 92.380004 1.167735 -0.666435
 92.580004 1.011238 -1.204163
 92.780004 1.043004 -0.524168
 92.980004 1.105129 -1.153601
 93.180004 1.143980 -0.918110
 93.380004 1.284265 -0.883105
 93.580004 1.204081 -1.110307
 93.780004 1.109026 -0.799339
 93.980004 1.026351 -1.068434
 94.180004 1.141289 -0.752648
 94.380004 0.998724 -0.909691
 94.580004 1.041639 -0.972061
 94.780005 1.201950 -0.934478
 94.980005 1.139630 -1.088463
 95.180005 1.234974 -0.878616
 95.380005 0.902056 -0.914617
 95.580005 1.090547 -0.803400
 95.780005 1.128365 -0.799280
 95.980005 1.296706 -1.074732
 96.180005 1.201580 -0.812942
 96.380005 1.022205 -0.908284
 96.580005 1.135093 -0.845382
 96.780005 1.191265 -0.868434
 96.980005 1.283865 -1.046247
 97.180005 0.971124 -0.772098
 97.380005 1.096585 -1.034846
 97.580005 1.256977 -0.752906
 97.780005 1.305464 -1.060758
 97.980005 1.101946 -0.843665
 98.180005 1.019207 -0.862376
 98.380005 1.090801 -0.926005
 98.580005 0.900675 -0.723960
 98.780005 1.260243 -0.992387
 98.980005 1.203628 -1.023518
 99.180005 1.258844 -0.951221
 99.380005 0.899973 -0.715727
 99.580005 1.069130 -0.927336
 99.780005 1.004301 -0.963166
 99.980005 1.095516 -0.872795
 100.180005 1.197495 -0.922521
 100.380005 1.126688 -0.928336
 100.580005 1.125107 -1.060896
 100.780005 1.069248 -0.738506
 100.980005 1.166892 -1.121513
 101.180005 1.064555 -0.645295
 101.380005 0.919920 -1.145214
 101.580005 1.112093 -0.749754
 101.780005 1.091182 -1.077519
 101.980005 1.281148 -0.903810
 102.180005 0.922077 -0.913683
 102.380005 1.133776 -0.808476
 102.580005 1.110401 -1.025536
 102.780005 1.120148 -0.829033
 102.980005 1.058941 -1.042591
 103.180005 1.243051 -0.835614
 103.380005 1.287350 -1.057935
 103.580005 1.168480 -0.887532
 103.780005 1.072463 -0.981479
 103.980005 1.082281 -0.949770
 104.180005 1.066412 -0.856989
 104.380005 1.131830 -0.964633
 104.580005 1.131594 -1.065296
 104.780005 1.024978 -0.852950
 104.980005 0.951973 -0.990655
 105.180005 1.141476 -0.715103
 105.380005 1.178590 -0.943528
 105.580005 1.075775 -0.886488
 105.780005 1.035599 -0.808212
 105.980005 1.201167 -1.078122
 106.180005 1.180911 -0.791052
 106.380005 1.054252 -1.084521
 106.580005 1.099088 -0.955168
 106.780005 1.098236 -0.922281
 106.980005 1.153424 -0.900688
 107.180005 0.927289 -0.783757
 107.380005 1.141800 -1.050065
 107.580005 1.037703 -0.908830
 107.780005 1.115764 -0.958249
 107.980005 1.220979 -0.804863
 108.180005 1.151198 -0.963718
 108.380005 1.005596 -0.896155
 108.580005 1.177884 -0.638408
 108.780005 1.146063 -1.307082
 108.980005 1.303498 -0.583696
 109.180005 1.104830 -1.156924
 109.380005 1.166325 -0.825148
 109.580005 1.105404 -1.028673
 109.780005 1.051626 -0.852332
 109.980005 1.157187 -0.868126
 110.180005 1.066431 -1.028146
 110.380005 1.049809 -0.819789
 110.580005 1.108747 -0.992325
 110.780005 1.161723 -0.749240
 110.980005 1.129504 -0.791954
 111.180005 1.146677 -0.949855
 111.380005 1.136881 -0.806962
 111.580005 1.066949 -1.123877
 111.780005 1.142820 -0.868575
 111.980005 1.089513 -1.146818
 112.180005 1.057159 -0.882133
 112.380005 1.016966 -0.797852
 112.580005 0.997689 -0.962887
 112.780005 1.103873 -0.793560
 112.980005 1.168013 -1.049653
 113.180005 1.121312 -0.929482
 113.380005 1.075451 -0.836945
 113.580005 1.201052 -1.075726
 113.780005 1.221545 -0.848604
 113.980005 1.186154 -0.971638
 114.180005 1.198618 -0.832885
 114.380005 1.213632 -0.873724
 114.580005 1.289603 -1.064067
 114.780005 0.966841 -0.708967
 114.980005 1.094279 -1.068252
 115.180005 1.122897 -0.810316
 115.380005 0.932872 -1.040063
 115.580005 1.124703 -0.765159
 115.780005 1.026224 -0.895069
 115.980006 1.081314 -0.905620
 116.180006 1.140508 -0.784446
 116.380006 1.143331 -1.157217
 116.580006 1.176810 -0.836383
 116.780006 1.154325 -1.119075
 116.980006 1.120949 -0.683122
 117.180006 1.057349 -0.955044
 117.380006 1.155675 -0.903441
 117.580006 1.063729 -0.748489
 117.780006 1.143374 -1.085474
 117.980006 1.052498 -0.684538
 118.180006 1.035605 -0.996537
 118.380006 1.097967 -0.931368
 118.580006 1.145941 -0.755930
 118.780006 1.133161 -1.051441
 118.980006 1.124908 -0.794475
 119.180006 1.069937 -1.071961
 119.380006 1.213192 -0.752236
 119.580006 1.163199 -1.093705
 119.780006 1.178935 -0.767264
 119.980006 1.237840 -0.895772
 120.180006 1.142493 -0.934013
 120.380006 1.225313 -0.662826
 120.580006 1.212761 -1.143516
 120.780006 1.166633 -0.858976
 120.980006 1.119428 -0.927936
 121.180006 0.989265 -0.826752
 121.380006 1.166812 -0.925809
 121.580006 1.135380 -1.033694
 121.780006 1.013124 -0.789377
 121.980006 1.039952 -0.905652
 122.180006 1.103713 -0.949117
 122.380006 1.073003 -0.846664
 122.580006 1.065734 -0.866917
 122.780006 1.194397 -0.957390
 122.980006 1.157256 -1.072738
 123.180006 1.163151 -0.794155
 123.380006 1.017925 -0.928133
 123.580006 1.152007 -1.048733
 123.780006 1.211363 -0.948239
 123.980006 1.041049 -0.821447
 124.180006 1.091518 -0.764686
 124.380006 1.003141 -1.066543
 124.580006 1.109606 -0.870718
 124.780006 1.030084 -0.825116
 124.980006 1.154638 -1.062236
 125.180006 1.147532 -0.844670
 125.380006 0.971255 -0.837394
 125.580006 1.188190 -0.921626
 125.780006 1.131786 -0.939870
 125.980006 1.282357 -1.033781
 126.180006 1.005389 -0.725380
 126.380006 1.282903 -0.951653
 126.580006 1.105962 -0.887814
 126.780006 1.225489 -0.773504
 126.980006 1.244604 -1.042103
 127.180006 1.103272 -0.901087
 127.380006 1.039955 -0.973761
 127.580006 0.961029 -0.739887
 127.780006 1.149100 -1.093646
 127.980006 1.056053 -0.835506
 128.180006 1.058612 -0.804151
 128.380006 0.989940 -0.865901
 128.580006 1.128622 -0.913201
 128.780006 1.249725 -1.053344
 128.980006 1.142824 -0.794849
 129.180006 1.242413 -0.917920
 129.380006 1.044228 -0.956690
 129.580006 1.251335 -0.920386
 129.780006 0.936770 -0.860652
 129.980006 1.174889 -0.960437
 130.180006 1.110829 -0.940176
 130.380006 0.982166 -0.928507
 130.580006 1.127058 -0.897726
 130.780006 1.054627 -0.872705
 130.980006 1.314189 -0.999361
 131.180006 0.931016 -0.777993
 131.380006 1.236475 -0.972290
 131.580006 1.107193 -0.877797
 131.780006 1.342114 -0.988581
 131.980006 1.191201 -0.921173
 132.180006 1.140203 -0.806357
 132.380006 1.078779 -0.894358
 132.580006 1.027744 -0.846673
 132.780006 1.132364 -0.995305
 132.980006 1.088534 -0.866415
 133.180006 1.165632 -1.147336
 133.380006 1.055497 -0.858410
 133.580006 0.956650 -0.959927
 133.780006 1.135671 -0.853875
 133.980006 0.956990 -0.915387
 134.180006 1.116023 -0.693508
 134.380006 1.104331 -1.060921
 134.580006 1.223151 -0.865043
 134.780006 1.158598 -0.988399
 134.980006 1.218078 -0.935215
 135.180006 1.209026 -0.976301
 135.380006 1.153566 -0.847368
 135.580006 1.190391 -0.848279
 135.780006 1.173055 -0.949732
 135.980006 1.271810 -0.906205
 136.180006 1.106000 -0.898060
 136.380006 1.301680 -1.046616
 136.580006 1.105842 -0.823785
 136.780006 0.981121 -0.909771
 136.980007 1.002971 -0.806120
 137.180007 1.130475 -1.024392
 137.380007 1.173168 -0.985313
 137.580007 1.023321 -0.700863
 137.780007 1.064846 -1.137815
 137.980007 1.009193 -0.772868
 138.180007 0.947357 -0.975324
 138.380007 1.191836 -0.855606
 138.580007 1.097401 -0.899977
 138.780007 1.164488 -0.998719
 138.980007 1.372486 -0.943556
 139.180007 1.303385 -1.009827
 139.380007 1.332001 -0.698335
 139.580007 1.084296 -1.040103
 139.780007 1.325670 -0.884334
 139.980007 1.120650 -0.762751
 140.180007 1.048554 -0.958003
 140.380007 1.075718 -0.870636
 140.580007 1.222589 -1.081686
 140.780007 0.953310 -0.989240
 140.980007 1.006445 -0.700153
 141.180007 0.943893 -1.221335
 141.380007 1.075364 -0.732058
 141.580007 0.969166 -1.040017
 141.780007 1.312907 -0.775048
 141.980007 1.101068 -1.001209
 142.180007 1.180328 -1.001457
 142.380007 1.296231 -0.754133
 142.580007 1.148335 -1.088548
 142.780007 1.240102 -0.814942
 142.980007 1.028406 -0.983324
 143.180007 1.124453 -0.810555
 143.380007 1.055056 -0.925895
 143.580007 1.208863 -1.087708
 143.780007 1.172658 -0.732324
 143.980007 1.069884 -1.108947
 144.180007 0.990765 -0.803856
 144.380007 1.023069 -0.853439
 144.580007 1.071798 -0.872205
 144.780007 1.182447 -0.723522
 144.980007 1.228610 -1.112986
 145.180007 1.209994 -0.885993
 145.380007 1.043074 -0.718811
 145.580007 1.094488 -1.074154
 145.780007 1.110625 -0.616136
 145.980007 1.057930 -1.080696
 146.180007 1.171322 -0.909521
 146.380007 1.143239 -1.104254
 146.580007 1.158157 -0.983883
 146.780007 0.913197 -0.693232
 146.980007 1.170735 -0.948672
 147.180007 1.066112 -0.906836
 147.380007 1.034429 -0.850640
 147.580007 1.067552 -0.809660
 147.780007 1.236725 -1.032428
 147.980007 1.280098 -0.898821
 148.180007 1.119608 -0.906343
 148.380007 1.188909 -0.953476
 148.580007 1.269320 -0.943208
 148.780007 1.163368 -0.897130
 148.980007 1.117816 -0.852303
 149.180007 1.097390 -0.837053
 149.380007 1.270059 -1.087888
 149.580007 1.278134 -0.870223
 149.780007 0.916557 -1.021345
 149.980007 1.115279 -0.789396
 150.180007 1.025624 -1.170219
 150.380007 0.951426 -0.694307
 150.580007 0.895688 -0.944838
 150.780007 1.023099 -0.849100
 150.980007 1.180876 -1.038475
 151.180007 1.089255 -1.016783
 151.380007 1.041564 -0.793167
 151.580007 1.151368 -0.933157
 151.780007 1.101466 -0.941418
 151.980007 1.198521 -0.815697
 152.180007 1.060225 -1.066515
 152.380007 1.294236 -0.810772
 152.580007 1.057422 -1.027554
 152.780007 1.216753 -0.822913
 152.980007 1.096434 -0.989080
 153.180007 1.269339 -0.734725
 153.380007 1.170699 -1.030627
 153.580007 1.217041 -0.932040
 153.780007 1.204247 -1.044930
 153.980007 1.015622 -0.792299
 154.180007 1.073630 -0.924169
 154.380007 0.946121 -0.994016
 154.580007 1.091288 -0.810070
 154.780007 1.214900 -0.984001
 154.980007 1.146586 -0.857851
 155.180007 1.105828 -1.011752
 155.380007 0.892366 -0.881825
 155.580007 1.157835 -0.881055
 155.780007 1.089282 -1.052456
 155.980007 1.171765 -0.836132
 156.180007 1.067314 -0.968166
 156.380007 1.050624 -0.862028
 156.580007 1.008101 -0.789921
 156.780007 1.058373 -1.009717
 156.980007 1.154800 -0.722922
 157.180007 1.126096 -1.127331
 157.380007 1.375837 -0.795599
 157.580007 1.056392 -0.971043
 157.780007 1.130398 -1.019367
 157.980008 0.978681 -0.637275
 158.180008 1.082020 -0.991861
 158.380008 0.961772 -0.687815
 158.580008 1.125847 -1.022025
 158.780008 1.179885 -1.055405
 158.980008 1.255250 -0.802713
 159.180008 1.238106 -1.190619
 159.380008 1.207376 -0.632165
 159.580008 1.037837 -1.088251
 159.780008 1.172995 -0.660676
 159.980008 0.992363 -0.880759
 160.180008 1.196096 -0.946174
 160.380008 1.199597 -1.034600
 160.580008 1.184734 -0.916651
 160.780008 1.233381 -0.878678
 160.980008 1.141320 -0.815891
 161.180008 0.940688 -0.996924
 161.380008 1.117833 -0.722510
 161.580008 1.108978 -1.135525
 161.780008 1.309519 -0.889883
 161.980008 1.019915 -0.909517
 162.180008 1.134873 -0.801267
 162.380008 0.975732 -0.951248
 162.580008 1.116713 -0.855119
 162.780008 1.145917 -0.972975
 162.980008 1.061654 -0.853894
 163.180008 1.247909 -1.036616
 163.380008 1.022692 -0.800553
 163.580008 1.003770 -0.916049
 163.780008 1.145479 -0.896510
 163.980008 1.119711 -0.893701
 164.180008 1.136945 -0.890751
 164.380008 1.078219 -0.796465
 164.580008 1.179591 -1.031444
 164.780008 1.240290 -1.021791
 164.980008 1.150503 -0.800667
 165.180008 1.233590 -1.103442
 165.380008 1.094842 -0.736113
 165.580008 1.086755 -1.022198
 165.780008 1.071858 -0.750880
 165.980008 1.045579 -0.848086
 166.180008 1.185199 -1.027788
 166.380008 1.273916 -0.860131
 166.580008 1.191323 -1.224037
 166.780008 1.158185 -0.683395
 166.980008 1.066292 -0.808014
 167.180008 0.838124 -0.878690
 167.380008 1.236038 -0.622821
 167.580008 1.111207 -1.154743
 167.780008 1.199593 -0.780836
 167.980008 1.135233 -1.127752
 168.180008 1.235870 -0.875382
 168.380008 1.106586 -0.843170
 168.580008 1.010465 -1.101256
 168.780008 1.031418 -0.646026
 168.980008 1.045318 -1.114263
 169.180008 1.209472 -0.767077
 169.380008 1.319805 -0.996933
 169.580008 1.283242 -0.990560
 169.780008 1.196578 -0.847024
 169.980008 1.289955 -0.998922
 170.180008 1.021603 -0.810150
 170.380008 1.131550 -0.735652
 170.580008 0.959269 -1.008268
 170.780008 0.993829 -0.651038
 170.980008 1.040082 -1.065400
 171.180008 1.223676 -0.832922
 171.380008 1.204353 -1.236496
 171.580008 0.956445 -0.573904
 171.780008 0.994412 -0.982633
 171.980008 1.184865 -0.822389
 172.180008 1.284433 -0.909661
 172.380008 1.067346 -0.835938
 172.580008 1.123560 -0.967954
 172.780008 1.214935 -0.938662
 172.980008 1.100072 -0.976302
 173.180008 1.174841 -0.661182
 173.380008 1.044631 -1.123974
 173.580008 1.169155 -0.840518
 173.780008 1.149003 -0.937501
 173.980008 1.315360 -0.757081
 174.180008 1.032019 -1.058025
 174.380008 1.086986 -0.668531
 174.580008 1.077904 -1.056892
 174.780008 1.241563 -0.862267
 174.980008 1.041266 -0.877904
 175.180008 1.219626 -0.998993
 175.380008 1.254907 -1.012308
 175.580008 1.086728 -0.870526
 175.780008 0.991555 -0.858169
 175.980008 1.088798 -0.914949
 176.180008 1.272926 -1.068182
 176.380008 1.135753 -0.816587
 176.580008 1.149627 -0.964711
 176.780008 1.285324 -0.885603
 176.980008 1.108847 -0.836904
 177.180008 1.153494 -0.767178
 177.380008 1.210090 -0.859228
 177.580008 1.275458 -1.033928
 177.780008 1.266185 -0.989343
 177.980008 1.134722 -0.916401
 178.180008 1.031989 -0.855841
 178.380008 1.002237 -0.935623
 178.580008 0.974286 -0.699351
 178.780008 1.034722 -0.960785
 178.980009 1.119691 -0.962969
 179.180009 1.035926 -0.876038
 179.380009 1.158463 -1.119023
 179.580009 1.196677 -0.704602
 179.780009 1.003645 -1.073042
 179.980009 1.110387 -0.811895
 180.180009 1.047342 -0.801494
 180.380009 1.078709 -0.914316
 180.580009 1.338874 -0.854609
 180.780009 1.371268 -1.110449
 180.980009 1.268143 -0.919889
 181.180009 1.203788 -1.036448
 181.380009 1.063986 -0.890501
 181.580009 0.935195 -0.764005
 181.780009 0.978729 -1.014757
 181.980009 0.933484 -0.720797
 182.180009 0.980800 -1.080125
 182.380009 1.169306 -0.766398
 182.580009 1.050370 -1.216098
 182.780009 1.243882 -0.828231
 182.980009 1.028863 -0.954908
 183.180009 1.239210 -0.782149
 183.380009 1.077127 -0.778212
 183.580009 1.217042 -1.042817
 183.780009 1.171554 -0.723502
 183.980009 1.191392 -1.084802
 184.180009 1.410318 -0.878937
 184.380009 1.258863 -0.935738
 184.580009 1.103620 -0.983825
 184.780009 1.040662 -0.679942
 184.980009 1.091925 -1.057506
 185.180009 1.158672 -0.790833
 185.380009 1.287030 -1.016862
 185.580009 1.026889 -0.974270
 185.780009 1.221597 -0.813989
 185.980009 1.076077 -1.168743
 186.180009 1.055185 -0.675074
 186.380009 0.997511 -0.859844
 186.580009 0.940463 -0.928602
 186.780009 1.309260 -1.023144
 186.980009 1.024425 -1.030794
 187.180009 1.194305 -0.720477
 187.380009 1.096951 -0.988017
 187.580009 1.314186 -1.053737
 187.780009 1.169893 -0.864338
 187.980009 1.173342 -0.948641
 188.180009 1.022585 -0.711356
 188.380009 1.271491 -1.139934
 188.580009 1.016152 -0.732348
 188.780009 1.073434 -0.882086
 188.980009 1.235942 -1.051393
 189.180009 0.966211 -0.841902
 189.380009 1.218670 -1.018444
 189.580009 0.859595 -0.719470
 189.780009 1.237795 -1.113296
 189.980009 0.968263 -0.940700
 190.180009 1.134985 -0.801581
 190.380009 1.068170 -0.930124
 190.580009 1.092204 -0.792192
 190.780009 1.098026 -1.006115
 190.980009 1.058266 -0.858392
 191.180009 1.221342 -0.883169
 191.380009 1.091363 -1.045009
 191.580009 1.242089 -0.896102
 191.780009 1.152572 -0.879038
 191.980009 1.373316 -1.065171
 192.180009 1.246817 -0.717360
 192.380009 1.157696 -1.127290
 192.580009 1.401327 -0.762513
 192.780009 1.044470 -0.943628
 192.980009 1.080511 -1.024732
 193.180009 1.020314 -0.853554
 193.380009 0.935049 -0.920479
 193.580009 1.042935 -0.970690
 193.780009 0.971625 -0.855516
 193.980009 0.980562 -0.941403
 194.180009 1.102576 -0.931793
 194.380009 1.216742 -0.976848
 194.580009 1.097620 -0.887591
 194.780009 1.282792 -0.859837
 194.980009 1.139523 -0.918787
 195.180009 1.239626 -0.881869
 195.380009 1.377431 -0.991978
 195.580009 1.011731 -0.812416
 195.780009 1.109279 -1.012905
 195.980009 1.127964 -1.040171
 196.180009 1.121641 -0.889803
 196.380009 0.998261 -0.956670
 196.580009 1.156281 -0.777223
 196.780009 0.912277 -0.871031
 196.980009 1.131555 -0.827622
 197.180009 1.169645 -1.176051
 197.380009 1.089282 -0.851975
 197.580009 1.322001 -0.925787
 197.780009 1.136022 -0.964348
 197.980009 1.199678 -0.840691
 198.180009 0.979319 -0.885286
 198.380009 1.147749 -0.947275
 198.580009 0.991015 -0.797166
 198.780009 1.187183 -1.095228
 198.980009 1.223109 -0.787855
 199.180009 1.029732 -1.183537
 199.380009 0.985552 -0.756295
 199.580009 0.889823 -0.736253
 199.780009 1.183823 -0.915752
 199.980009 1.211075 -0.855014
