#! FIELDS time phi psi
#! SET max_psi pi
 0.180000 3.073612 -1.562669
 0.380000 -2.653465 -2.019338
 0.580000 2.701325 -1.925512
 0.780000 3.058786 -2.369959
 0.980000 2.907258 -1.720907
 1.180000 2.733765 -2.196131
 1.380000 3.085727 -2.254884
 1.580000 2.601512 -1.759365
 1.780000 3.110074 -2.222746
 1.980000 3.070421 -2.044032
 2.180000 2.783559 -1.906405
 2.380000 -3.000851 -1.923727
 2.580000 -3.119175 -2.251927
 2.780000 2.664121 -1.824139
 2.980000 -3.118939 -1.958085
 3.180000 3.036441 -2.244056
 3.380000 2.767047 -1.674919
 3.580000 -3.053987 -2.077694
 3.780000 2.902263 -2.174028
 3.980000 2.733313 -1.989621
 4.180000 -3.130697 -2.009032
 4.380000 3.018960 -2.217038
 4.580000 2.786615 -1.958116
 4.780000 3.083424 -2.219817
 4.980000 2.800391 -2.068010
 5.180000 2.863188 -2.019089
 5.380000 3.096300 -2.226689
 5.580000 2.803623 -2.122240
 5.780000 3.040106 -2.061210
 5.980000 2.793249 -2.260605
 6.180000 2.923617 -1.904894
 6.380000 -3.117918 -2.309844
 6.580000 2.979219 -1.858914
 6.780000 2.993582 -2.193394
 6.980000 -3.123459 -2.129084
 7.180000 2.950837 -1.923842
 7.380000 -3.032201 -2.222619
 7.580000 3.010240 -1.944275
 7.780000 2.821554 -1.988134
 7.980000 -3.081504 -2.055353
 8.180000 2.854889 -2.056764
 8.380000 3.114326 -1.974151
 8.580000 3.100663 -2.029497
 8.780000 2.856092 -2.110988
 8.980000 2.998704 -2.119656
 9.180000 2.732035 -2.232145
 9.380000 2.898763 -1.993525
 9.580000 3.025674 -2.352894
 9.780000 2.917243 -1.906719
 9.980000 2.821487 -2.290505
 10.180000 2.861423 -2.084223
 10.380000 2.763288 -2.030661
 10.580001 3.084761 -2.240629
 10.780001 2.941936 -1.840807
 10.980001 3.015480 -2.198337
 11.180001 3.078489 -2.017569
 11.380001 2.846335 -2.031506
 11.580001 2.967919 -2.069115
 11.780001 3.116713 -2.136534
 11.980001 2.950538 -1.812308
 12.180001 3.081958 -2.271825
 12.380001 3.060925 -1.977781
 12.580001 2.924697 -1.989863
 12.780001 -3.039182 -2.042074
 12.980001 3.090883 -1.972725
 13.180001 -3.013884 -1.877838
 13.380001 -3.039763 -1.934243
 13.580001 2.958915 -2.022542
 13.780001 -3.112281 -2.158987
 13.980001 2.962337 -1.867775
 14.180001 3.084496 -1.975254
 14.380001 -3.003888 -2.215632
 14.580001 2.962873 -1.950936
 14.780001 3.037875 -1.977741
 14.980001 2.914260 -2.183440
 15.180001 2.916870 -2.086618
 15.380001 3.046134 -2.020439
 15.580001 2.971876 -1.941330
 15.780001 2.824994 -2.202516
 15.980001 3.020994 -2.010021
 16.180001 2.644734 -2.111756
 16.380001 2.879536 -2.056882
 16.580001 3.110222 -2.195096
 16.780001 2.784866 -1.950315
 16.980001 2.693740 -2.146129
 17.180001 2.888133 -2.244328
 17.380001 2.624751 -1.907380
 17.580001 3.082334 -2.340963
 17.780001 2.904754 -2.082760
 17.980001 3.026697 -1.989968
 18.180001 3.031117 -2.118964
 18.380001 2.774623 -2.040320
 18.580001 3.000965 -2.176733
 18.780001 3.091177 -1.909046
 18.980001 2.920209 -2.137173
 19.180001 -3.057624 -2.114065
 19.380001 2.874359 -2.085442
 19.580001 3.029523 -1.834182
 19.780001 3.103074 -2.473714
 19.980001 2.893307 -1.788101
 20.180001 -3.044771 -2.182473
 20.380001 3.049623 -2.073994
 20.580001 2.850557 -1.891045
 20.780001 -3.023439 -2.373024
 20.980001 2.919305 -1.962960
 21.180001 2.837936 -2.116748
 21.380001 3.008531 -2.286701
 21.580001 2.571970 -1.937339
 21.780001 3.120617 -2.095946
 21.980001 3.007090 -2.051185
 22.180001 2.650304 -1.995172
 22.380001 -3.055876 -2.147178
 22.580001 2.869415 -2.220843
 22.780001 2.927659 -1.808779
 22.980001 3.079403 -2.307837
 23.180001 3.010793 -1.778610
 23.380001 2.938620 -2.354373
 23.580001 3.124209 -2.037236
 23.780001 2.798232 -1.969056
 23.980001 3.065358 -2.323227
 24.180001 2.902111 -1.892654
 24.380001 2.858195 -2.177601
 24.580001 -3.060733 -2.134651
 24.780001 2.865723 -2.127189
 24.980001 3.137733 -2.120789
 25.180001 2.993879 -1.963953
 25.380001 2.650415 -2.166567
 25.580001 -2.898229 -2.021818
 25.780001 2.835612 -2.136309
 25.980001 2.949595 -1.995214
 26.180001 2.971686 -2.245026
 26.380001 2.525126 -1.970383
 26.580001 2.839296 -2.240692
 26.780001 3.074055 -2.279022
 26.980001 2.872529 -1.925292
 27.180001 2.867461 -2.352465
 27.380001 2.753473 -2.222494
 27.580001 2.617536 -2.107667
 27.780001 2.996565 -1.879016
 27.980001 3.060965 -2.391710
 28.180001 2.904549 -1.932383
 28.380001 3.071243 -2.035254
 28.580001 2.955197 -2.226315
 28.780001 2.945030 -1.882091
 28.980001 -3.052999 -2.356229
 29.180001 3.063428 -1.863995
 29.380001 -3.085614 -2.106415
 29.580001 3.096960 -2.173735
 29.780001 2.824592 -1.901719
 29.980001 3.096494 -2.246326
 30.180001 -3.051355 -1.806751
 30.380001 3.001617 -2.104770
 30.580001 -3.052847 -2.120695
 30.780001 2.865106 -1.930129
 30.980001 3.011737 -2.070924
 31.180001 3.060226 -2.040316
 31.380001 2.886944 -2.186068
 31.580001 -3.066694 -2.060996
 31.780002 2.802668 -2.112029
 31.980002 2.818781 -2.058127
 32.180002 3.017378 -2.199381
 32.380002 2.885970 -2.052850
 32.580002 3.011568 -2.136183
 32.780002 2.765660 -2.154814
 32.980002 2.939177 -1.866966
 33.180002 3.027163 -2.231258
 33.380002 2.888952 -2.040917
 33.580002 3.035836 -2.086826
 33.780002 3.039222 -2.267886
 33.980002 2.907626 -1.920247
 34.180002 3.050572 -2.138036
 34.380002 -3.116085 -1.992241
 34.580002 2.873788 -2.030286
 34.780002 3.026208 -2.052985
 34.980002 3.028107 -2.097038
 35.180002 2.868437 -1.925469
 35.380002 -3.102013 -2.166555
 35.580002 3.130537 -1.998646
 35.780002 -3.139112 -1.984037
 35.980002 3.098055 -2.152541
 36.180002 2.963724 -1.983765
 36.380002 3.016783 -2.068137
 36.580002 -3.126751 -2.126314
 36.780002 2.951298 -1.973719
 36.980002 3.005241 -2.140730
 37.180002 2.905911 -2.158226
 37.380002 2.892933 -2.109832
 37.580002 -3.132959 -2.219904
 37.780002 2.959331 -2.045070
 37.980002 2.964423 -2.103263
 38.180002 3.040755 -2.219439
 38.380002 2.901446 -1.881444
 38.580002 3.054464 -2.243811
 38.780002 3.042787 -1.942059
 38.980002 2.940308 -2.037210
 39.180002 3.126339 -2.124533
 39.380002 2.943010 -2.022976
 39.580002 3.030714 -1.977376
 39.780002 3.125143 -2.058568
 39.980002 2.825586 -2.038115
 40.180002 3.080388 -2.043520
 40.380002 2.894339 -2.082985
 40.580002 2.977941 -1.753560
 40.780002 3.136956 -2.337578
 40.980002 2.897606 -1.898770
 41.180002 -3.126732 -2.229059
 41.380002 3.032739 -1.996491
 41.580002 2.692855 -2.103689
 41.780002 3.081899 -2.206759
 41.980002 2.986706 -2.012066
 42.180002 -3.121691 -1.961428
 42.380002 -3.136600 -2.198324
 42.580002 2.761118 -2.046598
 42.780002 2.993767 -2.076047
 42.980002 2.965956 -2.039709
 43.180002 2.942535 -2.082819
 43.380002 3.093625 -2.128001
 43.580002 2.828676 -2.172921
 43.780002 2.917644 -1.995768
 43.980002 3.139996 -2.098325
 44.180002 3.001895 -2.052109
 44.380002 3.089722 -2.113660
 44.580002 2.953785 -2.116508
 44.780002 2.995302 -1.877112
 44.980002 2.919233 -2.356838
 45.180002 2.868016 -2.026415
 45.380002 2.981516 -1.873562
 45.580002 3.073123 -2.202496
 45.780002 2.954187 -1.884988
 45.980002 2.909454 -2.225799
 46.180002 3.006482 -1.712384
 46.380002 2.883022 -2.368985
 46.580002 3.065128 -1.946841
 46.780002 3.005851 -2.135801
 46.980002 2.910363 -2.123038
 47.180002 2.760636 -2.116762
 47.380002 2.856536 -2.209331
 47.580002 2.956962 -1.903585
 47.780002 2.695184 -2.401874
 47.980002 2.910185 -2.013080
 48.180002 2.854170 -2.012337
 48.380002 2.937440 -1.977675
 48.580002 -3.131474 -2.188310
 48.780002 2.835197 -1.946821
 48.980002 3.116704 -1.950768
 49.180002 3.117640 -2.326016
 49.380002 2.827526 -1.752772
 49.580002 -3.117348 -2.184909
 49.780002 3.068385 -2.003123
 49.980002 3.021002 -1.913143
 50.180002 -3.119110 -2.047125
 50.380002 2.764089 -1.984661
 50.580002 2.979707 -2.017342
 50.780002 3.035171 -2.054497
 50.980002 2.912657 -2.107924
 51.180002 3.123575 -2.042134
 51.380002 2.921060 -2.333307
 51.580002 3.024927 -1.784026
 51.780002 2.855953 -2.319610
 51.980002 2.920484 -1.899670
 52.180002 2.919954 -2.291045
 52.380002 3.037542 -2.086768
 52.580002 2.859456 -2.098208
 52.780003 3.101221 -2.275719
 52.980003 3.044970 -1.756602
 53.180003 3.014773 -2.323873
 53.380003 -3.089420 -1.755900
 53.580003 2.992428 -2.250787
 53.780003 -3.044468 -2.010101
 53.980003 3.012257 -2.022256
 54.180003 -3.084438 -2.080585
 54.380003 -3.092576 -1.931718
 54.580003 2.961268 -2.065224
 54.780003 3.075869 -1.927267
 54.980003 3.094785 -2.279244
 55.180003 2.992056 -1.711725
 55.380003 3.080759 -2.147943
 55.580003 2.903508 -2.065728
 55.780003 2.710152 -2.053532
 55.980003 2.905207 -2.260203
 56.180003 2.886026 -1.912790
 56.380003 2.753348 -2.577607
 56.580003 3.051495 -1.810594
 56.780003 2.588818 -2.258442
 56.980003 3.012038 -2.148322
 57.180003 2.909044 -1.957185
 57.380003 -3.132896 -2.256657
 57.580003 -3.052714 -1.802942
 57.780003 2.987721 -2.226576
 57.980003 -3.096567 -1.996937
 58.180003 2.971888 -2.035914
 58.380003 -3.067114 -2.003400
 58.580003 -2.992707 -2.045553
 58.780003 3.051668 -2.030297
 58.980003 -3.061600 -1.989925
 59.180003 2.896231 -2.138966
 59.380003 3.118125 -1.957692
 59.580003 -3.080706 -2.058589
 59.780003 3.004745 -1.975299
 59.980003 3.104613 -2.044126
 60.180003 2.772695 -2.280248
 60.380003 3.026813 -1.931399
 60.580003 2.796041 -2.460404
 60.780003 3.040962 -1.952482
 60.980003 2.865565 -2.356172
 61.180003 2.986281 -2.124197
 61.380003 2.800794 -1.954502
 61.580003 2.991779 -2.355454
 61.780003 3.034180 -1.721691
 61.980003 2.981883 -2.189959
 62.180003 -3.129665 -2.054422
 62.380003 2.972345 -1.851767
 62.580003 3.035387 -2.169464
 62.780003 3.051704 -1.985197
 62.980003 2.933977 -2.036328
 63.180003 -2.990238 -1.985765
 63.380003 3.038440 -2.080066
 63.580003 3.052569 -2.018992
 63.780003 3.102897 -2.004087
 63.980003 2.965423 -2.044912
 64.180003 -3.106267 -1.998673
 64.380003 3.038679 -2.002639
 64.580003 2.902792 -2.066276
 64.780003 3.059246 -2.133925
 64.980003 2.920795 -2.088073
 65.180003 2.719170 -2.347066
 65.380003 3.009501 -1.975732
 65.580003 2.804723 -2.199051
 65.780003 2.797425 -2.314618
 65.980003 2.918065 -1.994429
 66.180003 2.947069 -2.123165
 66.380003 2.979971 -2.099359
 66.580003 2.993855 -2.108581
 66.780003 2.914987 -1.949852
 66.980003 3.045445 -2.044484
 67.180003 -3.122593 -2.325880
 67.380003 3.019088 -1.636110
 67.580003 3.015690 -2.218733
 67.780003 3.121752 -2.085554
 67.980003 2.807270 -1.821165
 68.180003 -3.049060 -2.036783
 68.380003 3.049883 -2.058465
 68.580003 2.885793 -1.973467
 68.780003 3.114328 -2.021590
 68.980003 2.788911 -2.176034
 69.180003 2.938552 -1.971333
 69.380003 2.996257 -2.223022
 69.580003 2.891581 -2.045302
 69.780003 2.895189 -2.170554
 69.980003 2.877576 -2.288890
 70.180003 2.869428 -1.870101
 70.380003 2.896780 -2.471333
 70.580003 2.939220 -1.956434
 70.780003 2.880205 -2.178750
 70.980003 2.942613 -2.194600
 71.180003 2.867178 -2.045666
 71.380003 3.033493 -2.309405
 71.580003 2.997939 -1.880357
 71.780003 2.914987 -2.258285
 71.980003 3.133113 -2.061605
 72.180003 3.050197 -1.916899
 72.380003 -3.057605 -2.110093
 72.580003 -3.021484 -1.799902
 72.780003 3.131105 -2.032369
 72.980003 -3.103256 -2.033187
 73.180003 2.896753 -1.995371
 73.380003 -3.090743 -1.937815
 73.580003 -3.110160 -2.056580
 73.780004 2.945319 -2.062830
 73.980004 3.103016 -2.007221
 74.180004 2.765019 -2.217921
 74.380004 2.841062 -2.055585
 74.580004 2.974593 -2.124473
 74.780004 3.057714 -2.153981
 74.980004 3.047342 -1.980117
 75.180004 2.916320 -2.224429
 75.380004 2.804312 -1.882187
 75.580004 2.899749 -2.264393
 75.780004 3.104646 -1.989024
 75.980004 3.080648 -2.013500
 76.180004 -3.133575 -2.000956
 76.380004 -3.106544 -2.081328
 76.580004 2.826468 -1.987128
 76.780004 3.134768 -2.066337
 76.980004 3.112485 -2.051227
 77.180004 2.933103 -1.980143
 77.380004 -3.077335 -2.040354
 77.580004 2.930878 -2.096333
 77.780004 3.074453 -2.110892
 77.980004 3.001001 -2.074463
 78.180004 2.865019 -2.036153
 78.380004 2.986221 -2.226358
 78.580004 2.908145 -1.987321
 78.780004 3.064867 -2.065257
 78.980004 3.082381 -2.089910
 79.180004 2.731674 -2.142816
 79.380004 3.131195 -2.101505
 79.580004 2.855185 -2.081590
 79.780004 2.988220 -2.041921
 79.980004 -3.037104 -2.141544
 80.180004 2.737393 -2.029738
 80.380004 3.033026 -2.186084
 80.580004 2.985265 -2.199353
 80.780004 2.776721 -1.884008
 80.980004 2.972589 -2.343936
 81.180004 2.789299 -2.054380
 81.380004 2.903109 -2.156791
 81.580004 3.055771 -2.094302
 81.780004 2.872640 -2.208095
 81.980004 2.900492 -2.012868
 82.180004 2.903635 -2.021227
 82.380004 2.718877 -2.093141
 82.580004 -3.138963 -2.194078
 82.780004 2.962218 -1.931111
 82.980004 2.903226 -2.130695
 83.180004 3.057072 -2.323346
 83.380004 2.794562 -1.887325
 83.580004 -3.034438 -2.177996
 83.780004 2.912672 -2.005103
 83.980004 2.967157 -1.837976
 84.180004 -3.069228 -2.306882
 84.380004 2.772917 -1.923101
 84.580004 2.969859 -2.149345
 84.780004 3.090721 -2.069253
 84.980004 2.970486 -1.908138
 85.180004 -3.060375 -2.359345
 85.380004 3.046545 -1.851358
 85.580004 2.831179 -2.046003
 85.780004 3.006716 -2.226861
 85.980004 2.771574 -2.090639
 86.180004 -3.119803 -2.087238
 86.380004 3.047408 -2.179248
 86.580004 2.662595 -2.001324
 86.780004 3.083025 -2.230093
 86.980004 2.782224 -2.076848
 87.180004 2.599162 -1.982359
 87.380004 -3.132772 -2.318409
 87.580004 2.825507 -1.972668
 87.780004 2.984436 -2.115163
 87.980004 2.920014 -2.262180
 88.180004 2.763503 -1.700091
 88.380004 3.016650 -2.529516
 88.580004 2.980189 -1.918840
 88.780004 2.625387 -1.962821
 88.980004 3.012029 -2.465647
 89.180004 2.635352 -1.708853
 89.380004 3.111051 -2.130247
 89.580004 3.029642 -1.673028
 89.780004 2.789537 -2.177843
 89.980004 -2.971842 -2.082267
 90.180004 2.585664 -1.996462
 90.380004 2.795688 -1.945923
 90.580004 -3.098285 -2.084054
 90.780004 2.431527 -2.098870
 90.980004 3.057808 -2.294023
 91.180004 2.850077 -2.182921
 91.380004 2.863263 -1.808940
 91.580004 -3.131030 -2.472896
 91.780004 3.005826 -1.772006
 91.980004 -3.075846 -2.163205
 92.180004 -3.123881 -1.870650
 92.380004 2.999178 -2.018915
 92.580004 -3.012606 -2.362700
 92.780004 2.836472 -1.734986
 92.980004 2.987873 -2.144212
 93.180004 -3.077226 -2.122031
 93.380004 2.416568 -1.858052
 93.580004 3.001977 -2.231223
 93.780004 2.821292 -2.162451
 93.980004 2.793533 -1.919813
 94.180004 2.919090 -2.256319
 94.380004 2.973868 -2.057502
 94.580004 3.084864 -2.039300
 94.780005 3.019957 -2.046431
 94.980005 2.980285 -1.978095
 95.180005 -2.993735 -2.109603
 95.380005 2.883823 -1.933981
 95.580005 2.846762 -1.926059
 95.780005 3.091315 -2.360075
 95.980005 2.541452 -1.897513
 96.180005 2.941061 -2.271222
 96.380005 -3.123735 -2.233792
 96.580005 2.738506 -1.839137
 96.780005 2.979559 -2.297996
 96.980005 2.943456 -2.157557
 97.180005 2.798600 -1.890174
 97.380005 -3.027623 -2.225897
 97.580005 2.893735 -1.912220
 97.780005 2.785624 -2.097554
 97.980005 -3.000843 -2.040225
 98.180005 2.750306 -1.789974
 98.380005 3.054862 -2.374391
 98.580005 2.938203 -1.698367
 98.780005 2.811466 -2.136661
 98.980005 3.113694 -2.232014
 99.180005 2.719424 -1.996086
 99.380005 -2.916898 -1.919253
 99.580005 3.033027 -2.094845
 99.780005 2.758721 -1.917565
 99.980005 -2.948652 -2.013068
 100.180005 3.010466 -1.974182
 100.380005 2.999058 -1.930896
 100.580005 3.094341 -2.352701
 100.780005 2.912932 -1.684684
 100.980005 2.933630 -2.592012
 101.180005 2.992790 -1.972272
 101.380005 2.532541 -2.089242
 101.580005 2.774548 -2.185426
 101.780005 2.925704 -2.144109
 101.980005 2.577661 -2.194615
 102.180005 3.041732 -1.943925
 102.380005 2.730632 -2.554433
 102.580005 2.874495 -1.841998
 102.780005 2.782252 -2.202465
 102.980005 2.900687 -2.100530
 103.180005 2.898019 -2.087226
 103.380005 -3.038743 -2.287779
 103.580005 2.909639 -1.751120
 103.780005 2.910488 -2.243361
 103.980005 -2.959063 -2.099043
 104.180005 2.796026 -1.867862
 104.380005 -3.050699 -2.132814
 104.580005 3.044245 -2.076425
 104.780005 2.864632 -2.007678
 104.980005 -3.047610 -2.151582
 105.180005 2.764746 -2.134563
 105.380005 -3.099565 -1.913902
 105.580005 -3.060351 -2.184029
 105.780005 2.844209 -1.897858
 105.980005 -2.890795 -2.140915
 106.180005 2.926481 -1.975040
 106.380005 3.082993 -1.866052
 106.580005 3.076422 -2.401319
 106.780005 2.630162 -1.884869
 106.980005 2.973342 -2.312823
 107.180005 2.994338 -2.180056
 107.380005 2.730720 -1.968168
 107.580005 3.035670 -2.383584
 107.780005 2.664619 -1.959216
 107.980005 2.871024 -2.074786
 108.180005 3.070615 -2.136913
 108.380005 2.735407 -2.088930
 108.580005 2.928435 -2.029945
 108.780005 3.002210 -1.988985
 108.980005 2.793577 -2.051225
 109.180005 -3.141131 -2.283834
 109.380005 2.809102 -2.051384
 109.580005 2.853758 -1.989623
 109.780005 3.077401 -2.473517
 109.980005 2.855748 -1.770878
 110.180005 -3.079955 -2.160110
 110.380005 -3.004226 -1.984475
 110.580005 2.828837 -1.831683
 110.780005 -2.940353 -2.249225
 110.980005 3.040323 -1.797925
 111.180005 -3.138322 -2.061705
 111.380005 -2.918737 -2.066249
 111.580005 2.856104 -1.676975
 111.780005 -3.042346 -2.463416
 111.980005 3.102188 -1.822844
 112.180005 2.896494 -1.891198
 112.380005 3.076215 -2.293080
 112.580005 2.706698 -2.087237
 112.780005 2.928445 -2.135614
 112.980005 3.083911 -1.997241
 113.180005 2.896135 -2.347689
 113.380005 3.035347 -2.034110
 113.580005 2.665978 -1.988528
 113.780005 2.673878 -2.206163
 113.980005 3.029447 -2.138931
 114.180005 2.777242 -2.239048
 114.380005 3.064968 -2.142402
 114.580005 2.852851 -2.340168
 114.780005 2.899246 -1.912977
 114.980005 2.942366 -2.175989
 115.180005 2.893185 -2.102686
 115.380005 2.973766 -1.971025
 115.580005 3.123951 -2.246670
 115.780005 2.854442 -1.939303
 115.980006 3.140031 -2.419118
 116.180006 2.807895 -2.039576
 116.380006 2.834401 -1.902129
 116.580006 3.106714 -2.340275
 116.780006 2.898425 -1.848407
 116.980006 -3.140856 -2.067330
 117.180006 3.004023 -2.115524
 117.380006 3.015469 -1.813351
 117.580006 -3.139678 -2.177087
 117.780006 2.954825 -1.887231
 117.980006 3.032944 -2.100181
 118.180006 3.072365 -2.238335
 118.380006 2.574306 -2.027087
 118.580006 3.010270 -2.136936
 118.780006 3.028355 -2.120977
 118.980006 2.697545 -2.003055
 119.180006 -3.102346 -2.374705
 119.380006 2.737189 -1.998187
 119.580006 2.894797 -2.044677
 119.780006 3.080282 -2.235164
 119.980006 2.750144 -1.852283
 120.180006 -3.106046 -2.359554
 120.380006 -3.117586 -1.806669
 120.580006 2.864058 -2.032065
 120.780006 -3.093665 -2.185770
 120.980006 2.993714 -1.916592
 121.180006 -3.075696 -1.971774
 121.380006 -3.020566 -2.082735
 121.580006 2.921109 -1.885520
 121.780006 3.029620 -2.199426
 121.980006 2.956442 -2.084626
 122.180006 2.888026 -1.899730
 122.380006 -3.063503 -2.351210
 122.580006 3.021265 -1.977959
 122.780006 2.988795 -2.091479
 122.980006 3.000197 -2.182838
 123.180006 2.830980 -2.037564
 123.380006 3.082195 -2.176175
 123.580006 3.113533 -1.874571
 123.780006 2.873330 -2.205021
 123.980006 3.048572 -2.089314
 124.180006 2.714889 -2.082852
 124.380006 3.070643 -2.079006
 124.580006 3.002751 -1.998548
 124.780006 2.995947 -2.164524
 124.980006 3.066508 -1.858230
 125.180006 2.828341 -2.287897
 125.380006 3.074277 -1.716838
 125.580006 2.946199 -2.596959
 125.780006 3.083896 -1.813248
 125.980006 2.881059 -2.296248
 126.180006 3.031087 -2.083261
 126.380006 2.929959 -2.167570
 126.580006 2.991865 -2.106960
 126.780006 3.004749 -1.933574
 126.980006 2.908617 -2.278342
 127.180006 3.089752 -1.949686
 127.380006 2.765589 -2.038101
 127.580006 2.991628 -2.149846
 127.780006 -3.136035 -1.961642
 127.980006 2.888571 -2.153942
 128.180006 -2.996263 -1.821183
 128.380006 2.953154 -2.168110
 128.580006 -3.028858 -1.771191
 128.780006 3.139087 -2.180661
 128.980006 2.736732 -1.923754
 129.180006 3.099799 -1.976160
 129.380006 2.793832 -2.347442
 129.580006 3.030970 -1.780912
 129.780006 3.023489 -2.371483
 129.980006 2.987900 -1.811403
 130.180006 2.933439 -2.046780
 130.380006 2.942568 -2.370705
 130.580006 2.886255 -1.771144
 130.780006 2.930296 -2.233838
 130.980006 3.077522 -1.834476
 131.180006 3.018901 -2.400450
 131.380006 3.045486 -1.914705
 131.580006 2.764368 -2.058271
 131.780006 2.736989 -2.305705
 131.980006 3.140354 -1.786598
 132.180006 2.634695 -2.358830
 132.380006 2.966975 -2.058309
 132.580006 2.806858 -2.223204
 132.780006 2.895305 -1.954921
 132.980006 2.806875 -2.194909
 133.180006 2.728168 -2.236640
 133.380006 -3.036119 -1.881972
 133.580006 2.726768 -2.308852
 133.780006 2.957567 -1.857731
 133.980006 -3.036443 -2.350537
 134.180006 2.873972 -1.564628
 134.380006 3.003114 -2.323580
 134.580006 3.113987 -2.160081
 134.780006 2.550234 -1.810918
 134.980006 2.961371 -2.306996
 135.180006 3.010896 -1.855837
 135.380006 2.819232 -2.073759
 135.580006 -2.982907 -2.162598
 135.780006 2.720495 -2.238729
 135.980006 -3.128380 -1.827069
 136.180006 2.997881 -2.228218
 136.380006 2.772854 -1.776790
 136.580006 -2.967472 -2.193855
 136.780006 3.009322 -1.937880
 136.980007 2.805156 -1.996023
 137.180007 -3.064134 -2.152406
 137.380007 2.898511 -1.959667
 137.580007 3.001432 -2.355503
 137.780007 2.871373 -2.145897
 137.980007 2.729511 -1.961696
 138.180007 2.929605 -2.231733
 138.380007 2.993400 -2.038156
 138.580007 2.899692 -2.113105
 138.780007 -3.128066 -2.039789
 138.980007 2.778824 -2.200633
 139.180007 -3.126112 -1.965048
 139.380007 2.897635 -1.979702
 139.580007 2.844208 -2.023771
 139.780007 -2.999574 -2.085128
 139.980007 3.019373 -1.970802
 140.180007 3.044554 -1.821615
 140.380007 3.126594 -2.415530
 140.580007 2.942758 -1.535075
 140.780007 3.106001 -2.273139
 140.980007 -3.059763 -1.954702
 141.180007 2.703769 -2.030719
 141.380007 -3.021958 -2.273528
 141.580007 2.924767 -1.968113
 141.780007 2.988080 -2.063389
 141.980007 3.032206 -2.089500
 142.180007 2.654276 -2.155730
 142.380007 3.023552 -2.081595
 142.580007 2.775578 -2.162465
 142.780007 2.813945 -1.986510
 142.980007 3.109100 -2.344530
 143.180007 2.824875 -2.021617
 143.380007 2.889767 -2.074062
 143.580007 2.855887 -2.304537
 143.780007 2.853192 -1.738854
 143.980007 2.891134 -2.523465
 144.180007 2.967191 -1.841365
 144.380007 2.853929 -2.247531
 144.580007 -3.033750 -1.896748
 144.780007 2.809540 -2.250255
 144.980007 2.989778 -1.947336
 145.180007 3.087528 -2.032214
 145.380007 3.028998 -2.048699
 145.580007 -2.943168 -1.939465
 145.780007 2.997534 -2.091413
 145.980007 3.087016 -1.884597
 146.180007 -3.041132 -2.223436
 146.380007 2.801804 -1.863204
 146.580007 -2.970693 -2.217235
 146.780007 -3.138318 -2.066274
 146.980007 2.946698 -1.815963
 147.180007 -3.016980 -2.259038
 147.380007 2.979453 -2.049430
 147.580007 3.027598 -2.055333
 147.780007 3.072499 -2.067130
 147.980007 2.848274 -2.041741
 148.180007 2.962550 -2.230629
 148.380007 2.951649 -1.966592
 148.580007 2.784473 -2.251544
 148.780007 3.071445 -2.056635
 148.980007 2.861384 -2.273689
 149.180007 3.059627 -1.952367
 149.380007 3.036957 -2.104296
 149.580007 2.919735 -2.045283
 149.780007 3.132813 -2.096802
 149.980007 2.941878 -2.009992
 150.180007 2.936358 -1.897542
 150.380007 -3.031517 -2.298017
 150.580007 2.941659 -1.826497
 150.780007 -3.111040 -2.033677
 150.980007 -3.106642 -2.257323
 151.180007 2.702622 -1.925548
 151.380007 3.068797 -2.100812
 151.580007 3.057072 -2.073395
 151.780007 2.584605 -1.901487
 151.980007 -3.024840 -2.321331
 152.180007 2.872843 -2.058173
 152.380007 2.727793 -1.957185
 152.580007 3.022622 -2.265694
 152.780007 2.736423 -1.950120
 152.980007 2.645695 -2.266634
 153.180007 3.080430 -2.028904
 153.380007 2.768458 -2.410764
 153.580007 2.738910 -2.137579
 153.780007 3.006076 -2.166907
 153.980007 2.606042 -2.078974
 154.180007 3.047401 -2.231053
 154.380007 3.045830 -2.221614
 154.580007 2.900748 -1.872178
 154.780007 2.873357 -2.275043
 154.980007 2.961550 -2.134568
 155.180007 2.973483 -2.069337
 155.380007 -3.073143 -1.951380
 155.580007 -3.101020 -2.091427
 155.780007 3.030557 -2.016505
 155.980007 3.107861 -2.003550
 156.180007 3.074721 -2.015332
 156.380007 3.141305 -2.043667
 156.580007 -3.108747 -2.098441
 156.780007 2.986383 -1.994051
 156.980007 3.088495 -2.090549
 157.180007 2.981503 -2.214705
 157.380007 3.019007 -1.914737
 157.580007 2.902561 -2.145887
 157.780007 2.870700 -2.202804
 157.980008 2.832268 -2.153267
 158.180008 2.857418 -2.027582
 158.380008 2.907535 -2.012484
 158.580008 2.993553 -2.250506
 158.780008 3.064630 -1.819342
 158.980008 2.967624 -2.148741
 159.180008 2.902528 -1.965850
 159.380008 3.037192 -2.184588
 159.580008 2.937877 -2.029639
 159.780008 2.978998 -1.942495
 159.980008 3.021659 -2.241287
 160.180008 2.882651 -1.849419
 160.380008 2.932070 -2.185671
 160.580008 3.128972 -1.964606
 160.780008 2.953661 -2.166181
 160.980008 3.079341 -2.080890
 161.180008 2.962546 -1.925144
 161.380008 2.941577 -2.166872
 161.580008 3.079981 -1.917976
 161.780008 2.772103 -2.285062
 161.980008 3.014457 -2.029205
 162.180008 2.802774 -2.177866
 162.380008 2.952993 -2.040873
 162.580008 3.044117 -2.051000
 162.780008 2.826202 -2.185981
 162.980008 3.055300 -1.942403
 163.180008 2.710506 -2.189343
 163.380008 2.988886 -1.895831
 163.580008 3.075273 -2.179367
 163.780008 2.953243 -1.965368
 163.980008 -3.062654 -2.076855
 164.180008 3.096373 -2.184831
 164.380008 3.032714 -1.833216
 164.580008 3.099301 -2.258525
 164.780008 3.009760 -1.902585
 164.980008 2.927729 -2.192707
 165.180008 -3.123632 -2.175271
 165.380008 2.815535 -1.891805
 165.580008 2.885265 -2.263184
 165.780008 3.038587 -1.920320
 165.980008 2.708675 -2.251294
 166.180008 3.021472 -2.011314
 166.380008 2.870090 -2.219230
 166.580008 2.967093 -1.856142
 166.780008 2.936920 -2.329777
 166.980008 2.903304 -1.983525
 167.180008 3.038593 -2.034167
 167.380008 2.983624 -2.204137
 167.580008 2.964569 -1.913322
 167.780008 3.099549 -2.274724
 167.980008 3.032912 -1.829942
 168.180008 2.981744 -2.141865
 168.380008 -3.067877 -2.069759
 168.580008 2.866249 -1.947266
 168.780008 3.061030 -2.076656
 168.980008 3.115384 -2.100934
 169.180008 2.768010 -1.871688
 169.380008 3.100804 -2.266089
 169.580008 2.963026 -2.055640
 169.780008 2.862993 -1.995045
 169.980008 3.010588 -2.226718
 170.180008 2.889238 -1.979489
 170.380008 2.929871 -2.197237
 170.580008 3.038180 -2.056830
 170.780008 2.855992 -2.179667
 170.980008 3.032251 -2.174226
 171.180008 2.739326 -2.106762
 171.380008 2.901402 -2.213760
 171.580008 3.069130 -2.095643
 171.780008 2.799415 -2.112425
 171.980008 -3.121023 -2.068504
 172.180008 2.797323 -2.201185
 172.380008 2.903384 -1.834719
 172.580008 -3.069459 -2.214013
 172.780008 2.935724 -2.092544
 172.980008 3.109893 -2.056239
 173.180008 3.121613 -2.233112
 173.380008 2.906285 -1.920717
 173.580008 3.105215 -2.243639
 173.780008 -3.139492 -2.062526
 173.980008 3.016295 -1.913361
 174.180008 3.056047 -2.204871
 174.380008 2.960269 -1.907492
 174.580008 2.872745 -2.358713
 174.780008 3.032933 -1.955913
 174.980008 2.770139 -2.201470
 175.180008 2.929585 -2.223704
 175.380008 2.904714 -1.986951
 175.580008 2.920999 -2.206622
 175.780008 3.027774 -1.960923
 175.980008 2.779604 -2.300778
 176.180008 -3.140547 -1.928502
 176.380008 2.870120 -2.144893
 176.580008 3.059433 -1.947957
 176.780008 -3.070819 -2.087162
 176.980008 3.001560 -2.007590
 177.180008 3.026439 -2.112199
 177.380008 3.117453 -2.159364
 177.580008 2.852846 -1.873158
 177.780008 -3.128108 -2.146875
 177.980008 3.126913 -1.878892
 178.180008 2.794049 -2.097738
 178.380008 3.096023 -2.074692
 178.580008 2.905588 -2.167870
 178.780008 2.957051 -1.972029
 178.980009 3.007370 -2.173978
 179.180009 2.853799 -2.039914
 179.380009 2.952096 -2.183167
 179.580009 2.825636 -2.099454
 179.780009 2.788234 -2.088172
 179.980009 2.980189 -2.188978
 180.180009 2.656851 -2.041465
 180.380009 3.086141 -2.123135
 180.580009 2.855193 -2.220315
 180.780009 2.931568 -2.082293
 180.980009 3.023389 -1.992413
 181.180009 2.912892 -2.248862
 181.380009 3.094913 -1.864351
 181.580009 2.996908 -2.044188
 181.780009 3.018564 -1.971138
 181.980009 -3.069158 -2.158342
 182.180009 2.812220 -1.989454
 182.380009 3.029987 -1.914525
 182.580009 -3.102655 -2.467049
 182.780009 2.886194 -1.811720
 182.980009 2.952791 -2.228845
 183.180009 2.935643 -2.176271
 183.380009 2.933347 -1.951209
 183.580009 3.139475 -2.233496
 183.780009 2.806486 -1.852837
 183.980009 2.681516 -2.187719
 184.180009 -3.096210 -2.011891
 184.380009 2.579950 -2.246428
 184.580009 3.116858 -2.098274
 184.780009 2.934591 -1.996813
 184.980009 2.940114 -1.986799
 185.180009 3.135332 -2.156611
 185.380009 2.850554 -1.971908
 185.580009 -2.979770 -2.124665
 185.780009 2.859554 -2.060142
 185.980009 3.060963 -1.937437
 186.180009 -3.081680 -2.221177
 186.380009 2.896426 -1.800310
 186.580009 3.096554 -2.298577
 186.780009 2.939482 -2.138654
 186.980009 2.659683 -1.746779
 187.180009 3.046001 -2.556524
 187.380009 3.040027 -1.700524
 187.580009 2.941980 -2.240593
 187.780009 -3.119619 -2.101263
 187.980009 2.788472 -2.023455
 188.180009 3.088210 -2.161248
 188.380009 3.033117 -1.766399
 188.580009 2.944742 -2.370185
 188.780009 3.113424 -1.961278
 188.980009 2.533588 -2.090440
 189.180009 -3.127435 -2.087049
 189.380009 3.077293 -2.139048
 189.580009 2.962234 -1.958154
 189.780009 -3.132605 -2.003196
 189.980009 2.942046 -2.248511
 190.180009 3.047389 -1.917839
 190.380009 3.077608 -2.025120
 190.580009 -3.120008 -2.042713
 190.780009 3.139901 -1.949623
 190.980009 3.027721 -2.093998
 191.180009 -3.133452 -1.934437
 191.380009 2.995787 -2.178795
 191.580009 -3.138554 -1.980253
 191.780009 2.937386 -2.182575
 191.980009 3.068874 -1.788471
 192.180009 3.085071 -2.340252
 192.380009 3.050654 -2.036101
 192.580009 2.881074 -2.082807
 192.780009 2.960474 -2.209792
 192.980009 2.900838 -1.912069
 193.180009 2.908112 -2.376307
 193.380009 3.063772 -1.812392
 193.580009 2.825130 -2.201392
 193.780009 3.079602 -1.949537
 193.980009 2.905625 -2.194138
 194.180009 3.007707 -1.911181
 194.380009 3.039867 -2.164060
 194.580009 3.068656 -2.129320
 194.780009 3.014860 -1.954106
 194.980009 3.048749 -2.188710
 195.180009 3.060338 -1.992154
 195.380009 3.016513 -2.153289
 195.580009 3.041899 -1.985403
 195.780009 2.874090 -2.012462
 195.980009 2.809819 -2.191344
 196.180009 2.995201 -2.109973
 196.380009 2.989336 -2.056662
 196.580009 2.854744 -2.172590
 196.780009 2.913565 -2.268979
 196.980009 2.788131 -1.943377
 197.180009 3.009055 -2.016147
 197.380009 3.085386 -2.154969
 197.580009 2.993913 -1.989900
 197.780009 -3.114967 -1.942571
 197.980009 3.085438 -2.192669
 198.180009 3.096056 -1.936351
 198.380009 -2.985573 -1.983524
 198.580009 -3.106750 -2.024942
 198.780009 2.992397 -2.139679
 198.980009 3.069465 -2.094538
 199.180009 2.952129 -1.803365
 199.380009 2.972575 -2.281113
 199.580009 3.093789 -2.007817
 199.780009 2.950527 -2.011875
 199.980009 2.951888 -2.097780
