#! FIELDS time phi psi
#! SET max_psi pi
 0.180000 -1.785489 -2.425739
 0.380000 -2.091672 -2.188305
 0.580000 -1.575130 -1.442459
 0.780000 -2.166241 -2.141279
 0.980000 -1.708979 -2.158499
 1.180000 -2.180571 -1.482843
 1.380000 -1.859658 -2.614098
 1.580000 -1.824942 -1.710141
 1.780000 -1.879256 -2.199928
 1.980000 -1.748438 -2.160710
 2.180000 -2.077262 -1.751293
 2.380000 -1.639202 -2.537631
 2.580000 -2.060114 -1.734269
 2.780000 -1.618207 -2.283472
 2.980000 -2.193923 -2.057191
 3.180000 -1.660702 -1.977200
 3.380000 -2.082314 -2.047991
 3.580000 -2.035981 -2.264074
 3.780000 -1.506483 -1.756811
 3.980000 -2.318252 -2.167291
 4.180000 -1.452762 -2.035248
 4.380000 -2.183319 -1.918794
 4.580000 -1.767851 -2.379013
 4.780000 -2.004633 -1.509575
 4.980000 -1.806263 -2.441847
 5.180000 -1.586485 -1.772775
 5.380000 -1.754656 -2.096235
 5.580000 -1.838153 -2.407853
 5.780000 -1.865986 -1.499632
 5.980000 -1.792198 -2.707372
 6.180000 -1.976425 -1.462901
 6.380000 -1.513748 -2.138629
 6.580000 -2.039751 -2.211526
 6.780000 -1.479592 -1.700142
 6.980000 -2.144318 -2.234570
 7.180000 -1.905131 -1.947461
 7.380000 -1.650467 -1.982087
 7.580000 -2.114303 -2.088960
 7.780000 -1.498187 -2.149899
 7.980000 -1.993301 -1.763444
 8.180000 -1.816786 -2.313370
 8.380000 -1.944979 -1.755957
 8.580000 -1.789766 -2.128327
 8.780000 -1.849045 -1.999285
 8.980000 -1.859384 -1.969430
 9.180000 -1.943802 -2.310832
 9.380000 -2.004872 -1.775826
 9.580000 -1.487608 -2.060999
 9.780000 -1.953560 -2.070301
 9.980000 -1.731395 -2.103750
 10.180000 -2.139947 -2.046603
 10.380000 -1.639633 -2.049046
 10.580001 -2.009687 -1.871162
 10.780001 -1.683530 -2.151254
 10.980001 -1.905966 -2.147443
 11.180001 -1.880650 -1.960786
 11.380001 -1.775294 -2.153269
 11.580001 -1.924767 -2.074508
 11.780001 -1.869856 -2.058805
 11.980001 -2.037890 -2.004849
 12.180001 -1.791276 -2.004997
 12.380001 -1.857115 -2.141979
 12.580001 -1.782989 -1.960525
 12.780001 -1.825780 -2.012484
 12.980001 -1.966420 -2.082276
 13.180001 -2.005537 -2.025243
 13.380001 -1.904276 -2.020767
 13.580001 -2.017941 -2.008221
 13.780001 -1.780158 -1.929481
 13.980001 -2.010969 -2.323256
 14.180001 -1.852924 -1.923496
 14.380001 -1.907145 -2.062247
 14.580001 -1.941961 -2.045811
 14.780001 -1.819658 -2.053454
 14.980001 -1.856467 -2.067757
 15.180001 -1.804548 -2.087394
 15.380001 -1.894697 -2.065104
 15.580001 -1.941606 -1.991898
 15.780001 -1.658509 -2.148040
 15.980001 -1.886904 -2.017485
 16.180001 -1.566998 -2.116326
 16.380001 -2.063513 -1.889240
 16.580001 -1.756000 -2.210167
 16.780001 -1.830553 -2.014945
 16.980001 -1.656641 -2.014053
 17.180001 -1.764532 -2.106465
 17.380001 -1.784877 -1.923164
 17.580001 -1.830553 -2.157628
 17.780001 -1.975657 -1.965716
 17.980001 -1.567738 -2.052245
 18.180001 -1.907375 -1.952836
 18.380001 -1.902861 -1.973344
 18.580001 -1.776815 -2.037532
 18.780001 -2.087082 -1.835531
 18.980001 -1.680444 -2.053746
 19.180001 -1.948366 -2.011513
 19.380001 -1.777153 -2.080959
 19.580001 -1.897082 -2.052541
 19.780001 -1.940922 -2.103830
 19.980001 -1.794470 -2.001432
 20.180001 -1.905564 -2.294945
 20.380001 -1.803292 -1.944631
 20.580001 -1.865010 -1.947475
 20.780001 -2.065600 -2.204189
 20.980001 -1.521716 -1.861327
 21.180001 -1.872910 -2.127943
 21.380001 -1.978841 -1.886686
 21.580001 -1.704826 -2.081814
 21.780001 -2.043197 -2.014450
 21.980001 -1.603342 -2.151341
 22.180001 -1.890075 -1.890761
 22.380001 -2.046633 -2.256739
 22.580001 -1.868261 -1.955259
 22.780001 -2.177155 -2.015799
 22.980001 -1.564098 -2.247712
 23.180001 -2.081973 -1.817834
 23.380001 -1.783260 -2.584480
 23.580001 -1.779223 -1.808128
 23.780001 -1.707456 -2.056522
 23.980001 -1.796106 -2.247766
 24.180001 -1.874340 -1.859678
 24.380001 -1.813960 -2.299920
 24.580001 -2.108528 -1.896934
 24.780001 -1.606452 -1.878865
 24.980001 -1.949001 -2.115607
 25.180001 -1.786488 -1.897758
 25.380001 -1.874342 -1.898648
 25.580001 -2.114014 -2.103215
 25.780001 -1.728615 -1.775297
 25.980001 -2.057920 -2.168569
 26.180001 -1.746316 -2.058734
 26.380001 -1.830530 -1.857132
 26.580001 -2.149696 -2.332921
 26.780001 -1.773358 -1.640236
 26.980001 -1.897461 -2.227760
 27.180001 -1.841740 -2.140814
 27.380001 -1.786385 -1.838525
 27.580001 -2.118636 -2.263524
 27.780001 -1.692140 -1.886805
 27.980001 -1.741291 -2.026767
 28.180001 -1.958655 -2.035778
 28.380001 -1.616152 -1.867095
 28.580001 -2.260682 -2.058713
 28.780001 -1.581946 -2.030729
 28.980001 -1.843972 -1.815199
 29.180001 -1.925748 -2.293198
 29.380001 -1.622442 -1.673630
 29.580001 -2.013715 -2.051661
 29.780001 -1.717660 -2.297335
 29.980001 -1.924463 -1.677122
 30.180001 -1.715839 -2.485174
 30.380001 -1.821124 -1.778631
 30.580001 -1.821588 -1.949934
 30.780001 -1.723747 -2.227507
 30.980001 -2.071561 -1.691924
 31.180001 -1.683981 -2.288560
 31.380001 -1.873859 -1.750870
 31.580001 -1.708689 -2.053331
 31.780002 -1.861112 -1.991684
 31.980002 -1.759142 -1.854722
 32.180002 -1.759963 -2.283205
 32.380002 -1.883527 -2.036450
 32.580002 -1.581361 -1.914127
 32.780002 -2.088511 -2.278589
 32.980002 -1.729920 -1.984165
 33.180002 -1.877389 -1.983228
 33.380002 -1.917036 -2.152870
 33.580002 -1.628790 -1.754201
 33.780002 -1.843432 -2.199414
 33.980002 -1.798072 -1.915551
 34.180002 -1.736035 -2.055338
 34.380002 -1.968118 -2.153704
 34.580002 -1.625015 -1.852982
 34.780002 -1.966785 -2.063409
 34.980002 -1.783993 -2.029990
 35.180002 -1.629801 -1.771481
 35.380002 -2.102796 -2.155730
 35.580002 -1.745880 -1.891416
 35.780002 -2.295751 -1.851951
 35.980002 -1.578781 -2.389210
 36.180002 -1.933002 -1.551442
 36.380002 -1.863756 -2.204251
 36.580002 -1.673779 -2.036177
 36.780002 -2.069177 -1.748323
 36.980002 -1.688434 -2.337507
 37.180002 -2.020289 -1.727027
 37.380002 -1.793930 -2.112912
 37.580002 -2.000261 -1.961577
 37.780002 -1.659171 -2.002682
 37.980002 -1.961018 -2.113104
 38.180002 -1.702440 -1.829283
 38.380002 -1.882502 -1.996467
 38.580002 -2.046611 -2.032560
 38.780002 -1.793507 -2.156258
 38.980002 -1.990683 -1.971956
 39.180002 -1.603215 -2.115620
 39.380002 -2.016232 -1.893561
 39.580002 -1.531507 -2.202026
 39.780002 -2.088346 -1.948466
 39.980002 -1.781918 -2.224862
 40.180002 -2.171567 -2.190105
 40.380002 -1.635720 -1.892390
 40.580002 -1.783685 -2.129554
 40.780002 -2.098312 -2.141953
 40.980002 -1.749355 -1.929372
 41.180002 -2.135194 -2.070577
 41.380002 -1.598979 -2.164109
 41.580002 -2.062030 -1.887766
 41.780002 -1.845298 -2.197194
 41.980002 -1.969771 -2.074509
 42.180002 -2.037523 -2.066966
 42.380002 -1.526962 -2.216065
 42.580002 -2.231092 -2.044472
 42.780002 -1.765687 -2.273477
 42.980002 -2.059222 -1.899886
 43.180002 -1.613095 -2.166715
 43.380002 -1.902902 -2.227225
 43.580002 -1.872383 -1.925622
 43.780002 -2.049052 -2.100913
 43.980002 -2.036318 -2.136203
 44.180002 -1.851436 -1.978823
 44.380002 -1.900911 -2.123360
 44.580002 -1.724986 -1.947811
 44.780002 -2.030820 -1.951724
 44.980002 -1.782060 -2.144853
 45.180002 -1.969693 -1.769918
 45.380002 -1.700772 -2.413826
 45.580002 -2.002821 -1.853357
 45.780002 -1.814361 -2.154438
 45.980002 -1.895253 -2.333315
 46.180002 -1.958200 -1.814148
 46.380002 -1.575357 -2.352817
 46.580002 -2.305016 -1.956603
 46.780002 -1.602742 -2.077604
 46.980002 -2.107012 -2.143081
 47.180002 -1.594739 -2.119756
 47.380002 -1.767719 -1.997792
 47.580002 -2.088206 -2.194822
 47.780002 -1.646900 -2.018284
 47.980002 -2.142947 -2.057636
 48.180002 -1.664983 -2.183866
 48.380002 -1.876362 -1.903354
 48.580002 -1.869653 -2.193806
 48.780002 -1.835505 -1.873178
 48.980002 -1.898610 -2.036707
 49.180002 -1.701043 -2.322575
 49.380002 -1.737031 -1.815139
 49.580002 -1.844978 -2.153787
 49.780002 -1.927431 -1.955536
 49.980002 -1.904709 -2.008757
 50.180002 -1.842488 -1.997234
 50.380002 -1.718766 -2.015847
 50.580002 -1.802266 -1.923066
 50.780002 -1.902929 -2.170933
 50.980002 -1.719924 -1.892755
 51.180002 -1.873105 -2.171835
 51.380002 -1.739129 -2.032376
 51.580002 -1.903099 -1.829879
 51.780002 -1.834422 -2.203853
 51.980002 -1.826858 -1.879611
 52.180002 -1.685506 -2.106005
 52.380002 -1.759485 -2.078678
 52.580002 -1.792141 -1.804880
 52.780003 -1.922281 -2.094976
 52.980003 -1.896493 -1.963630
 53.180003 -1.856315 -2.103536
 53.380003 -1.824767 -1.896232
 53.580003 -1.697260 -1.987996
 53.780003 -1.983366 -2.062713
 53.980003 -1.780756 -1.988602
 54.180003 -1.971484 -2.134915
 54.380003 -1.892723 -2.043013
 54.580003 -1.790075 -1.834053
 54.780003 -1.982326 -2.215516
 54.980003 -1.843471 -2.041583
 55.180003 -2.022986 -2.011704
 55.380003 -1.789031 -2.091589
 55.580003 -1.801686 -1.956690
 55.780003 -1.865715 -2.215957
 55.980003 -1.851740 -2.052097
 56.180003 -1.919149 -2.057481
 56.380003 -1.798016 -2.084352
 56.580003 -1.833308 -2.134861
 56.780003 -1.869643 -2.108553
 56.980003 -1.834311 -1.946843
 57.180003 -1.955061 -2.064136
 57.380003 -1.923038 -2.052932
 57.580003 -1.800461 -2.069580
 57.780003 -1.923265 -2.007757
 57.980003 -1.943913 -2.160135
 58.180003 -1.817057 -2.027118
 58.380003 -1.947383 -2.104251
 58.580003 -1.728416 -2.068386
 58.780003 -1.943888 -1.921465
 58.980003 -1.813244 -2.349714
 59.180003 -1.854382 -1.932040
 59.380003 -1.714804 -2.217772
 59.580003 -1.775308 -1.934123
 59.780003 -1.778624 -2.027577
 59.980003 -1.851287 -2.165232
 60.180003 -1.851734 -1.881916
 60.380003 -1.502015 -2.238382
 60.580003 -1.898239 -1.826601
 60.780003 -1.704877 -2.072420
 60.980003 -1.882926 -2.056808
 61.180003 -1.767035 -1.954435
 61.380003 -1.702694 -2.038682
 61.580003 -1.983116 -2.129469
 61.780003 -1.767725 -1.882298
 61.980003 -2.185739 -2.151424
 62.180003 -1.624720 -1.943749
 62.380003 -1.843016 -2.006456
 62.580003 -1.928898 -2.083703
 62.780003 -1.850075 -1.912490
 62.980003 -1.907521 -2.086461
 63.180003 -1.863491 -2.203103
 63.380003 -1.748959 -1.764445
 63.580003 -2.008587 -2.213215
 63.780003 -1.899230 -1.905846
 63.980003 -1.793085 -1.927842
 64.180003 -1.960977 -2.200568
 64.380003 -1.811167 -1.791682
 64.580003 -1.795479 -2.004575
 64.780003 -1.867457 -2.041027
 64.980003 -1.832041 -1.791527
 65.180003 -1.983213 -2.223341
 65.380003 -1.787174 -2.071828
 65.580003 -1.790113 -1.668285
 65.780003 -1.953587 -2.372799
 65.980003 -1.880538 -1.705950
 66.180003 -1.805455 -2.203227
 66.380003 -1.988199 -1.960543
 66.580003 -1.784486 -1.821526
 66.780003 -1.895942 -2.309924
 66.980003 -1.896904 -2.014703
 67.180003 -1.702073 -1.830561
 67.380003 -2.081415 -2.091171
 67.580003 -1.723854 -1.988026
 67.780003 -1.820350 -1.866470
 67.980003 -1.900325 -2.201569
 68.180003 -1.867173 -1.707564
 68.380003 -1.841420 -2.099381
 68.580003 -1.877909 -2.133501
 68.780003 -1.851953 -1.644873
 68.980003 -1.937236 -2.472270
 69.180003 -1.779373 -1.660768
 69.380003 -1.689544 -2.135682
 69.580003 -1.835363 -2.060142
 69.780003 -1.735997 -1.805250
 69.980003 -1.969232 -2.111565
 70.180003 -1.917124 -1.933222
 70.380003 -1.623007 -1.937028
 70.580003 -1.918919 -2.143760
 70.780003 -1.481129 -1.987015
 70.980003 -1.973414 -2.026134
 71.180003 -1.796304 -2.092646
 71.380003 -1.688534 -1.805216
 71.580003 -1.714361 -2.298723
 71.780003 -1.839632 -1.759562
 71.980003 -1.836590 -2.036301
 72.180003 -1.791294 -2.127573
 72.380003 -1.927606 -1.780512
 72.580003 -1.518769 -2.088351
 72.780003 -2.141261 -2.065741
 72.980003 -1.602207 -1.958001
 73.180003 -1.907425 -2.012702
 73.380003 -1.832537 -1.727164
 73.580003 -1.759809 -2.157403
 73.780004 -2.019610 -2.056059
 73.980004 -1.674059 -1.835507
 74.180004 -2.021096 -2.053615
 74.380004 -1.803850 -1.932046
 74.580004 -1.717247 -1.912113
 74.780004 -2.145070 -1.934371
 74.980004 -1.357226 -2.102904
 75.180004 -2.009004 -1.875413
 75.380004 -1.521083 -1.950882
 75.580004 -1.784617 -1.870496
 75.780004 -2.061392 -2.243660
 75.980004 -1.591208 -1.801651
 76.180004 -1.841826 -2.122574
 76.380004 -1.760488 -2.077172
 76.580004 -1.806189 -1.939446
 76.780004 -1.864021 -2.156778
 76.980004 -1.715587 -1.783268
 77.180004 -1.870893 -2.288307
 77.380004 -1.762394 -1.924609
 77.580004 -1.713488 -1.918643
 77.780004 -1.942917 -2.248464
 77.980004 -1.616641 -1.753815
 78.180004 -1.805718 -2.024775
 78.380004 -1.867791 -2.080807
 78.580004 -1.601434 -1.843570
 78.780004 -1.883226 -2.118469
 78.980004 -1.808760 -2.227216
 79.180004 -1.776167 -1.595894
 79.380004 -1.911738 -2.444263
 79.580004 -2.021897 -1.770844
 79.780004 -1.859424 -2.013587
 79.980004 -1.862931 -2.088088
 80.180004 -1.630747 -1.832698
 80.380004 -1.986037 -2.367165
 80.580004 -1.923317 -1.841581
 80.780004 -1.703615 -2.227833
 80.980004 -2.032630 -2.016219
 81.180004 -1.552837 -1.813419
 81.380004 -2.069063 -2.191377
 81.580004 -1.736546 -1.991753
 81.780004 -1.681668 -1.996569
 81.980004 -1.914904 -2.158584
 82.180004 -1.526905 -1.821396
 82.380004 -1.976078 -2.115013
 82.580004 -1.714458 -2.129464
 82.780004 -1.616709 -1.826455
 82.980004 -1.984397 -2.224539
 83.180004 -1.499061 -1.753866
 83.380004 -1.808825 -2.106453
 83.580004 -2.053831 -2.124811
 83.780004 -1.526567 -1.941839
 83.980004 -2.127924 -2.114340
 84.180004 -1.521701 -2.149247
 84.380004 -1.965786 -1.887888
 84.580004 -1.927333 -2.209572
 84.780004 -1.554415 -1.841149
 84.980004 -2.000440 -2.013981
 85.180004 -1.568259 -2.137872
 85.380004 -1.865496 -1.800330
 85.580004 -1.763599 -2.159442
 85.780004 -1.864310 -1.898352
 85.980004 -1.788432 -2.050634
 86.180004 -1.779879 -2.130050
 86.380004 -1.975722 -1.755523
 86.580004 -1.748419 -2.264347
 86.780004 -1.975943 -1.896852
 86.980004 -1.748626 -2.053940
 87.180004 -1.827392 -2.056105
 87.380004 -1.878923 -1.939924
 87.580004 -1.784137 -2.055267
 87.780004 -1.945178 -2.159233
 87.980004 -1.736817 -1.936765
 88.180004 -1.964361 -2.247197
 88.380004 -1.652524 -1.994803
 88.580004 -1.953137 -1.962672
 88.780004 -1.908525 -2.247112
 88.980004 -1.784411 -1.899383
 89.180004 -1.988785 -2.366879
 89.380004 -1.831661 -1.956641
 89.580004 -1.876483 -2.014797
 89.780004 -1.956160 -2.321548
 89.980004 -1.932571 -1.762310
 90.180004 -1.910843 -2.326881
 90.380004 -1.864981 -1.935991
 90.580004 -1.848605 -2.032372
 90.780004 -1.990837 -2.113556
 90.980004 -1.850950 -1.828139
 91.180004 -1.956890 -2.340873
 91.380004 -1.927820 -2.104211
 91.580004 -1.717763 -1.968305
 91.780004 -2.053632 -2.285855
 91.980004 -1.731036 -1.770797
 92.180004 -1.994067 -2.028178
 92.380004 -1.994690 -2.311187
 92.580004 -1.827952 -1.644166
 92.780004 -2.069398 -2.320914
 92.980004 -1.788386 -1.908419
 93.180004 -1.915465 -1.856404
 93.380004 -1.935790 -2.353157
 93.580004 -1.894488 -1.521687
 93.780004 -1.721305 -2.354585
 93.980004 -1.782331 -2.029626
 94.180004 -1.600711 -1.754607
 94.380004 -1.875149 -2.355986
 94.580004 -1.929898 -1.705818
 94.780005 -1.624763 -2.147869
 94.980005 -2.046040 -2.066978
 95.180005 -1.593388 -1.760715
 95.380005 -1.991942 -2.234215
 95.580005 -1.925230 -1.850295
 95.780005 -1.695525 -1.981668
 95.980005 -2.086987 -2.174546
 96.180005 -1.636407 -1.881303
 96.380005 -1.874777 -2.060974
 96.580005 -1.921677 -2.306788
 96.780005 -1.672217 -1.714213
 96.980005 -2.073437 -2.154031
 97.180005 -1.680999 -1.919617
 97.380005 -1.734371 -2.089778
 97.580005 -2.049228 -2.220030
 97.780005 -1.760536 -2.075357
 97.980005 -2.046342 -1.975672
 98.180005 -1.782636 -2.411031
 98.380005 -1.831504 -1.777803
 98.580005 -2.027938 -2.098773
 98.780005 -1.754819 -2.193161
 98.980005 -2.067775 -1.868226
 99.180005 -1.645987 -2.383253
 99.380005 -1.878571 -1.840089
 99.580005 -1.842001 -2.071956
 99.780005 -1.892812 -2.121697
 99.980005 -1.823072 -1.902062
 100.180005 -1.690973 -2.333442
 100.380005 -1.994307 -1.936612
 100.580005 -1.573481 -2.055581
 100.780005 -2.107379 -2.161274
 100.980005 -1.652032 -1.914979
 101.180005 -1.903779 -2.067538
 101.380005 -1.854892 -2.067876
 101.580005 -1.716157 -2.033558
 101.780005 -2.171119 -2.240922
 101.980005 -1.598962 -2.019302
 102.180005 -1.935498 -1.969244
 102.380005 -1.812068 -2.214674
 102.580005 -1.825196 -1.733554
 102.780005 -1.851678 -2.266046
 102.980005 -1.897049 -2.100600
 103.180005 -1.790645 -1.988307
 103.380005 -2.005914 -2.290571
 103.580005 -1.866074 -1.905356
 103.780005 -1.901863 -2.138055
 103.980005 -1.881293 -2.003659
 104.180005 -1.750926 -1.912651
 104.380005 -2.011561 -2.293286
 104.580005 -1.739908 -1.854819
 104.780005 -2.157475 -1.960629
 104.980005 -1.773481 -2.207666
 105.180005 -2.030289 -1.875613
 105.380005 -1.785238 -2.146978
 105.580005 -1.734499 -2.081810
 105.780005 -1.888508 -1.756033
 105.980005 -1.645727 -2.396206
 106.180005 -2.059317 -1.837600
 106.380005 -1.623858 -2.319443
 106.580005 -1.943341 -1.919138
 106.780005 -1.757460 -2.082021
 106.980005 -1.839112 -2.153639
 107.180005 -1.960249 -1.780876
 107.380005 -1.531975 -2.326187
 107.580005 -2.047715 -1.807482
 107.780005 -1.612350 -2.170411
 107.980005 -2.116041 -1.955288
 108.180005 -1.775432 -2.096424
 108.380005 -1.991404 -1.854790
 108.580005 -1.702477 -2.227901
 108.780005 -1.859813 -2.029369
 108.980005 -1.938930 -2.018715
 109.180005 -1.547438 -2.337553
 109.380005 -2.044788 -1.788008
 109.580005 -1.778885 -2.272038
 109.780005 -1.998997 -1.714298
 109.980005 -1.634567 -2.266998
 110.180005 -2.061938 -2.017276
 110.380005 -1.792309 -1.681876
 110.580005 -1.809406 -2.280300
 110.780005 -1.963424 -1.888051
 110.980005 -1.641134 -2.000441
 111.180005 -2.048529 -1.999753
 111.380005 -1.556572 -1.991620
 111.580005 -2.247078 -1.914547
 111.780005 -1.388739 -2.191771
 111.980005 -2.116210 -1.873602
 112.180005 -1.690864 -2.317494
 112.380005 -2.061078 -1.920427
 112.580005 -1.875001 -2.086583
 112.780005 -1.922216 -2.030564
 112.980005 -1.909291 -2.019930
 113.180005 -1.730842 -2.203767
 113.380005 -2.031225 -1.915784
 113.580005 -1.815616 -2.103173
 113.780005 -1.985185 -2.126997
 113.980005 -1.772904 -2.086113
 114.180005 -1.825102 -2.023956
 114.380005 -1.956241 -2.186315
 114.580005 -1.870612 -1.969152
 114.780005 -1.887926 -2.117425
 114.980005 -1.738191 -1.953399
 115.180005 -1.855208 -2.067212
 115.380005 -1.769679 -2.181500
 115.580005 -2.014178 -1.899449
 115.780005 -1.826042 -2.165675
 115.980006 -1.973185 -1.918948
 116.180006 -1.661510 -2.167231
 116.380006 -1.967037 -2.053262
 116.580006 -1.764843 -2.066000
 116.780006 -1.890878 -2.249895
 116.980006 -1.988659 -1.910840
 117.180006 -1.711738 -2.132288
 117.380006 -2.049036 -2.004028
 117.580006 -1.582459 -2.004749
 117.780006 -2.091787 -1.961343
 117.980006 -1.756303 -2.200353
 118.180006 -2.053369 -1.844768
 118.380006 -1.876727 -2.211725
 118.580006 -1.826237 -1.994971
 118.780006 -1.965225 -2.069284
 118.980006 -1.745977 -2.076524
 119.180006 -1.992527 -1.987026
 119.380006 -1.760246 -2.086367
 119.580006 -1.975755 -2.003044
 119.780006 -1.685237 -2.030744
 119.980006 -1.930721 -2.043128
 120.180006 -1.836566 -2.002842
 120.380006 -1.781763 -2.041886
 120.580006 -1.778776 -2.029316
 120.780006 -1.857405 -1.978633
 120.980006 -1.947942 -2.066063
 121.180006 -1.695135 -2.075172
 121.380006 -1.883925 -2.021817
 121.580006 -1.643135 -2.080426
 121.780006 -2.121299 -1.940424
 121.980006 -1.672955 -2.180230
 122.180006 -1.949573 -2.000843
 122.380006 -1.741992 -1.980410
 122.580006 -1.741420 -2.147653
 122.780006 -1.989410 -1.769320
 122.980006 -1.571198 -2.260326
 123.180006 -2.114797 -1.778204
 123.380006 -1.618766 -2.197172
 123.580006 -2.242750 -2.146972
 123.780006 -1.664012 -1.826830
 123.980006 -2.126246 -2.147886
 124.180006 -1.729800 -1.819734
 124.380006 -1.763538 -2.131279
 124.580006 -2.234879 -2.032170
 124.780006 -1.608259 -1.960236
 124.980006 -2.071668 -2.167707
 125.180006 -1.660546 -2.164590
 125.380006 -1.870938 -1.781670
 125.580006 -1.722610 -2.473271
 125.780006 -1.845442 -1.980249
 125.980006 -1.793856 -1.928307
 126.180006 -1.725488 -2.281880
 126.380006 -1.805791 -1.844570
 126.580006 -1.997347 -2.235566
 126.780006 -1.923656 -1.924368
 126.980006 -1.815749 -2.168600
 127.180006 -1.928855 -2.024933
 127.380006 -1.742299 -1.966788
 127.580006 -1.942255 -2.061413
 127.780006 -1.835144 -2.171162
 127.980006 -2.061505 -1.869535
 128.180006 -1.821296 -2.226662
 128.380006 -1.903296 -2.070572
 128.580006 -1.704384 -1.944113
 128.780006 -1.980864 -2.180025
 128.980006 -2.090153 -1.814409
 129.180006 -1.624541 -2.259729
 129.380006 -2.277836 -1.948234
 129.580006 -1.512909 -2.226408
 129.780006 -2.180266 -2.038954
 129.980006 -1.874970 -2.112700
 130.180006 -1.698899 -1.999851
 130.380006 -2.093543 -2.148080
 130.580006 -1.500449 -1.922866
 130.780006 -2.103004 -2.117708
 130.980006 -1.639823 -2.178848
 131.180006 -2.022928 -1.892954
 131.380006 -1.754755 -2.247074
 131.580006 -1.834415 -1.877176
 131.780006 -1.821707 -2.004034
 131.980006 -1.891442 -2.208520
 132.180006 -1.701193 -1.787816
 132.380006 -1.954417 -2.160635
 132.580006 -1.842388 -1.976623
 132.780006 -1.735319 -2.058450
 132.980006 -2.049010 -2.219227
 133.180006 -1.567624 -1.849989
 133.380006 -2.100129 -2.210434
 133.580006 -1.776335 -2.042641
 133.780006 -1.963778 -2.098358
 133.980006 -1.886912 -2.134057
 134.180006 -1.673431 -2.043171
 134.380006 -1.961792 -2.040019
 134.580006 -1.622516 -2.228830
 134.780006 -2.134825 -1.909373
 134.980006 -1.813342 -2.190297
 135.180006 -1.944994 -1.768421
 135.380006 -1.724041 -2.209512
 135.580006 -1.823324 -2.020773
 135.780006 -1.949423 -1.981673
 135.980006 -1.755140 -2.294357
 136.180006 -2.009969 -1.819273
 136.380006 -1.716150 -2.292020
 136.580006 -1.845063 -1.884966
 136.780006 -1.833799 -2.195949
 136.980007 -1.834503 -1.942063
 137.180007 -2.001257 -1.911619
 137.380007 -1.674610 -2.203204
 137.580007 -2.047078 -1.982846
 137.780007 -1.695304 -2.024344
 137.980007 -1.945117 -2.134427
 138.180007 -1.761076 -1.910753
 138.380007 -1.840818 -2.178949
 138.580007 -1.925979 -1.980933
 138.780007 -1.755493 -2.053665
 138.980007 -1.972145 -2.216930
 139.180007 -1.692837 -1.814340
 139.380007 -1.675315 -2.235492
 139.580007 -1.970158 -1.998924
 139.780007 -1.683924 -1.940648
 139.980007 -2.032951 -2.162575
 140.180007 -1.723583 -1.999970
 140.380007 -1.799581 -2.047858
 140.580007 -1.986692 -2.092421
 140.780007 -1.605805 -1.997824
 140.980007 -2.199320 -2.143264
 141.180007 -1.624208 -1.980401
 141.380007 -2.099880 -2.073705
 141.580007 -1.777675 -1.938109
 141.780007 -1.736667 -2.145237
 141.980007 -2.089703 -2.025832
 142.180007 -1.627800 -2.051704
 142.380007 -2.228657 -2.014648
 142.580007 -1.632927 -2.122474
 142.780007 -1.832991 -1.914176
 142.980007 -1.968688 -2.278772
 143.180007 -1.634741 -1.960762
 143.380007 -2.175630 -2.090625
 143.580007 -1.520868 -2.219989
 143.780007 -1.915717 -1.826950
 143.980007 -1.935063 -2.203069
 144.180007 -1.758525 -1.977567
 144.380007 -1.901739 -1.945914
 144.580007 -1.641302 -2.254066
 144.780007 -1.821752 -1.855871
 144.980007 -1.701485 -2.117786
 145.180007 -1.918745 -2.088794
 145.380007 -1.753299 -1.960001
 145.580007 -1.609753 -2.187702
 145.780007 -1.885898 -2.038342
 145.980007 -1.661992 -2.090999
 146.180007 -2.062991 -2.005120
 146.380007 -1.762529 -1.953049
 146.580007 -1.833956 -2.035962
 146.780007 -1.790166 -2.070592
 146.980007 -1.792225 -1.894085
 147.180007 -1.988613 -1.988708
 147.380007 -1.733501 -2.090594
 147.580007 -1.830249 -2.019550
 147.780007 -1.821467 -2.076482
 147.980007 -2.037994 -1.957064
 148.180007 -1.804510 -2.026842
 148.380007 -1.848715 -2.076867
 148.580007 -1.753164 -1.989279
 148.780007 -1.738229 -2.197501
 148.980007 -1.935562 -1.902654
 149.180007 -1.905148 -2.223363
 149.380007 -1.839502 -2.030285
 149.580007 -1.802810 -2.044384
 149.780007 -1.793401 -2.181712
 149.980007 -1.951246 -2.062681
 150.180007 -1.910888 -2.074567
 150.380007 -1.978183 -2.020660
 150.580007 -1.829746 -2.033909
 150.780007 -1.973942 -2.049421
 150.980007 -1.869644 -2.098089
 151.180007 -1.850556 -1.988334
 151.380007 -1.745233 -2.176386
 151.580007 -1.909437 -2.013562
 151.780007 -1.857991 -1.993495
 151.980007 -1.744659 -2.161415
 152.180007 -1.860978 -1.941020
 152.380007 -1.731555 -1.957198
 152.580007 -1.729314 -2.028635
 152.780007 -1.759978 -1.964237
 152.980007 -1.878419 -2.052060
 153.180007 -1.641539 -1.956976
 153.380007 -1.849285 -1.888685
 153.580007 -1.708025 -2.141401
 153.780007 -1.889747 -1.985902
 153.980007 -1.757966 -1.913292
 154.180007 -1.888126 -2.089123
 154.380007 -1.886732 -1.881696
 154.580007 -1.810587 -2.119707
 154.780007 -1.926916 -1.981248
 154.980007 -1.656782 -2.079789
 155.180007 -1.997601 -2.092918
 155.380007 -1.773451 -1.983010
 155.580007 -1.997044 -2.124714
 155.780007 -1.875839 -2.033256
 155.980007 -1.844373 -2.095008
 156.180007 -1.829286 -2.085277
 156.380007 -1.799622 -2.069098
 156.580007 -1.921837 -2.060476
 156.780007 -1.917025 -2.134908
 156.980007 -1.738604 -1.994047
 157.180007 -1.951610 -2.221151
 157.380007 -1.766679 -2.072332
 157.580007 -1.903715 -2.013740
 157.780007 -1.854732 -2.199918
 157.980008 -1.730416 -2.026810
 158.180008 -1.963351 -1.975473
 158.380008 -1.731207 -2.154285
 158.580008 -1.943362 -1.994170
 158.780008 -1.838507 -2.081994
 158.980008 -1.762082 -1.978594
 159.180008 -1.958587 -1.931632
 159.380008 -1.648476 -2.185697
 159.580008 -1.775844 -1.932503
 159.780008 -1.844796 -1.974352
 159.980008 -1.712606 -2.048817
 160.180008 -1.931356 -1.952839
 160.380008 -1.692947 -2.170913
 160.580008 -1.851758 -1.873939
 160.780008 -1.640914 -2.008460
 160.980008 -1.910211 -2.122508
 161.180008 -1.866852 -1.928118
 161.380008 -1.716100 -2.093438
 161.580008 -2.021289 -1.928247
 161.780008 -1.654053 -1.984707
 161.980008 -1.921005 -2.105309
 162.180008 -1.861373 -1.992136
 162.380008 -1.919177 -1.910448
 162.580008 -1.888929 -2.146968
 162.780008 -1.667728 -2.031094
 162.980008 -1.787902 -2.000385
 163.180008 -1.795827 -2.195138
 163.380008 -1.914311 -1.762882
 163.580008 -1.775311 -2.334860
 163.780008 -1.909600 -1.745324
 163.980008 -1.777985 -2.121439
 164.180008 -1.921615 -2.097841
 164.380008 -1.750983 -1.822074
 164.580008 -1.784592 -2.314272
 164.780008 -1.939514 -1.790849
 164.980008 -1.740570 -2.016139
 165.180008 -2.223620 -2.244833
 165.380008 -1.570342 -1.851944
 165.580008 -1.871871 -2.067838
 165.780008 -1.799323 -2.181999
 165.980008 -1.843681 -1.835447
 166.180008 -1.950674 -2.178459
 166.380008 -1.800351 -1.832693
 166.580008 -1.916396 -2.169194
 166.780008 -1.764059 -2.258861
 166.980008 -1.922910 -1.636724
 167.180008 -1.787661 -2.374938
 167.380008 -1.931379 -1.820710
 167.580008 -1.721119 -2.133019
 167.780008 -1.760803 -2.164109
 167.980008 -1.888830 -1.846939
 168.180008 -1.947423 -2.378671
 168.380008 -1.988582 -1.772706
 168.580008 -1.683743 -2.192044
 168.780008 -2.095654 -2.105429
 168.980008 -1.689972 -1.648962
 169.180008 -2.108911 -2.402998
 169.380008 -1.866914 -1.836303
 169.580008 -1.812601 -1.987846
 169.780008 -2.079262 -2.327197
 169.980008 -1.732213 -1.759541
 170.180008 -1.977436 -2.115228
 170.380008 -1.857144 -2.145409
 170.580008 -1.702606 -1.766352
 170.780008 -1.861330 -2.308433
 170.980008 -1.821697 -1.896253
 171.180008 -1.672760 -2.061639
 171.380008 -2.022138 -2.147639
 171.580008 -1.623333 -1.727756
 171.780008 -1.656713 -2.346243
 171.980008 -1.850754 -1.978320
 172.180008 -1.650843 -1.996533
 172.380008 -1.991752 -2.225393
 172.580008 -1.673196 -1.997762
 172.780008 -1.954710 -2.009810
 172.980008 -1.844167 -2.118887
 173.180008 -1.796507 -1.831928
 173.380008 -1.944626 -2.165026
 173.580008 -1.774163 -1.927061
 173.780008 -1.912847 -2.024729
 173.980008 -1.910383 -2.328304
 174.180008 -1.911322 -1.757122
 174.380008 -1.748574 -2.277832
 174.580008 -2.078096 -2.061136
 174.780008 -1.719011 -2.010613
 174.980008 -2.049863 -2.163186
 175.180008 -1.783467 -1.993129
 175.380008 -1.822895 -2.063154
 175.580008 -2.073083 -2.204969
 175.780008 -1.812955 -1.791435
 175.980008 -2.156571 -2.194981
 176.180008 -1.743393 -2.099180
 176.380008 -1.951309 -1.762734
 176.580008 -1.825482 -2.496025
 176.780008 -2.008330 -1.808716
 176.980008 -1.794592 -2.143933
 177.180008 -1.937922 -2.174188
 177.380008 -1.907703 -1.753037
 177.580008 -1.911003 -2.320513
 177.780008 -2.040457 -1.960509
 177.980008 -1.666244 -1.992075
 178.180008 -2.138467 -2.048433
 178.380008 -1.700469 -2.019947
 178.580008 -1.919531 -1.945011
 178.780008 -1.802469 -2.273214
 178.980009 -1.906069 -1.876004
 179.180009 -1.931467 -2.096201
 179.380009 -1.783979 -2.116822
 179.580009 -1.907390 -1.840756
 179.780009 -1.824112 -2.267986
 179.980009 -2.001547 -1.834632
 180.180009 -1.836945 -2.068286
 180.380009 -1.966087 -2.074858
 180.580009 -1.803514 -1.877798
 180.780009 -1.828488 -2.225387
 180.980009 -1.963324 -1.895878
 181.180009 -1.830991 -2.008771
 181.380009 -2.135422 -2.111658
 181.580009 -1.641790 -1.953781
 181.780009 -2.117600 -2.048306
 181.980009 -1.756660 -2.191260
 182.180009 -1.919117 -1.861092
 182.380009 -1.937273 -2.218971
 182.580009 -1.707989 -1.903906
 182.780009 -1.844167 -2.026812
 182.980009 -1.709627 -2.200855
 183.180009 -1.840479 -1.815953
 183.380009 -1.762080 -2.195523
 183.580009 -1.960614 -2.029281
 183.780009 -1.765667 -1.944744
 183.980009 -1.977559 -2.317890
 184.180009 -1.707035 -1.832692
 184.380009 -1.679986 -2.251674
 184.580009 -2.082756 -2.047665
 184.780009 -1.734799 -2.079614
 184.980009 -2.055205 -1.955096
 185.180009 -1.651710 -2.171788
 185.380009 -1.905804 -1.974694
 185.580009 -1.945805 -2.135061
 185.780009 -1.768278 -1.887481
 185.980009 -1.945476 -2.121655
 186.180009 -1.704135 -2.219697
 186.380009 -1.782988 -1.891968
 186.580009 -1.809052 -2.185508
 186.780009 -1.950782 -1.952330
 186.980009 -1.819163 -1.979964
 187.180009 -1.997240 -2.216860
 187.380009 -1.597089 -1.971538
 187.580009 -1.888244 -2.074690
 187.780009 -1.838969 -2.098384
 187.980009 -1.781970 -1.971790
 188.180009 -1.953344 -2.140874
 188.380009 -1.551786 -1.856727
 188.580009 -1.869891 -2.158759
 188.780009 -1.776714 -2.016797
 188.980009 -1.899152 -1.944702
 189.180009 -1.886122 -2.100844
 189.380009 -1.567367 -2.022091
 189.580009 -1.960811 -2.093352
 189.780009 -1.752937 -2.068160
 189.980009 -2.088526 -1.913960
 190.180009 -1.806108 -2.161857
 190.380009 -1.971576 -1.873763
 190.580009 -1.698781 -2.224291
 190.780009 -1.934012 -2.055771
 190.980009 -1.794864 -1.961390
 191.180009 -1.927694 -2.163378
 191.380009 -2.061125 -1.810459
 191.580009 -1.715134 -2.121501
 191.780009 -2.022542 -2.070499
 191.980009 -1.724079 -1.966633
 192.180009 -2.164139 -2.006518
 192.380009 -1.817823 -2.121473
 192.580009 -1.836256 -1.856566
 192.780009 -1.822636 -2.169478
 192.980009 -1.784925 -1.912429
 193.180009 -1.950781 -1.979788
 193.380009 -1.904342 -2.078117
 193.580009 -1.736171 -1.978262
 193.780009 -1.888650 -1.994385
 193.980009 -1.881973 -2.098152
 194.180009 -1.845228 -1.944191
 194.380009 -2.006146 -2.031574
 194.580009 -1.664406 -2.051207
 194.780009 -1.827884 -2.052875
 194.980009 -1.887939 -2.039159
 195.180009 -1.744743 -2.135533
 195.380009 -2.090071 -1.832340
 195.580009 -1.579240 -2.340696
 195.780009 -1.985160 -1.965763
 195.980009 -1.711287 -2.294447
 196.180009 -1.906285 -2.014326
 196.380009 -1.947397 -1.968867
 196.580009 -1.556827 -2.393407
 196.780009 -2.136498 -1.774284
 196.980009 -1.711859 -2.236852
 197.180009 -1.937349 -1.888718
 197.380009 -1.769166 -1.947922
 197.580009 -1.899557 -2.075466
 197.780009 -1.947346 -2.185441
 197.980009 -1.730637 -1.829956
 198.180009 -2.059090 -2.254231
 198.380009 -1.637593 -2.027928
 198.580009 -2.002690 -1.977967
 198.780009 -1.714310 -2.260117
 198.980009 -1.880615 -1.870969
 199.180009 -1.941248 -2.187168
 199.380009 -1.871137 -1.972466
 199.580009 -1.849752 -2.052704
 199.780009 -1.830385 -2.293324
 199.980009 -1.773897 -1.850979
