#! FIELDS time phi psi
#! SET max_psi pi
 0.180000 0.034617 -1.596955
 0.380000 0.172503 -1.215383
 0.580000 -0.213255 -1.539104
 0.780000 0.230426 -1.373294
 0.980000 0.359425 -1.536430
 1.180000 -0.113225 -1.408597
 1.380000 0.104612 -1.400859
 1.580000 0.529875 -1.507224
 1.780000 0.361685 -1.432369
 1.980000 -0.494195 -1.477738
 2.180000 0.162054 -1.187548
 2.380000 0.327802 -1.578615
 2.580000 -0.262445 -1.273637
 2.780000 -0.258218 -1.615475
 2.980000 0.496124 -1.128715
 3.180000 0.151914 -1.665810
 3.380000 -0.211048 -1.363575
 3.580000 0.242884 -1.621900
 3.780000 0.496411 -1.292641
 3.980000 0.070446 -1.673933
 4.180000 -0.051473 -1.297425
 4.380000 0.426263 -1.521557
 4.580000 0.249164 -1.390932
 4.780000 -0.360242 -1.502795
 4.980000 0.172698 -1.126203
 5.180000 0.224011 -1.638872
 5.380000 -0.299774 -1.239934
 5.580000 0.135436 -1.527156
 5.780000 0.468389 -1.272419
 5.980000 0.025941 -1.578874
 6.180000 -0.269022 -1.404951
 6.380000 0.272189 -1.387477
 6.580000 0.500113 -1.281026
 6.780000 -0.209896 -1.512012
 6.980000 -0.043464 -1.274988
 7.180000 0.336471 -1.414473
 7.380000 -0.073544 -1.389851
 7.580000 -0.138498 -1.421525
 7.780000 0.212314 -1.399644
 7.980000 0.223594 -1.440682
 8.180000 -0.226582 -1.270967
 8.380000 0.170065 -1.402995
 8.580000 0.443747 -1.532777
 8.780000 -0.014955 -1.429353
 8.980000 -0.088235 -1.359701
 9.180000 0.542262 -1.470002
 9.380000 0.229517 -1.270969
 9.580000 -0.443651 -1.379058
 9.780000 0.003117 -1.344499
 9.980000 0.241869 -1.457451
 10.180000 -0.032684 -1.428655
 10.380000 0.080415 -1.383694
 10.580001 0.415958 -1.686089
 10.780001 0.381236 -1.385308
 10.980001 -0.163320 -1.600916
 11.180001 0.370965 -1.368233
 11.380001 0.247321 -1.579584
 11.580001 -0.046733 -1.299270
 11.780001 0.041627 -1.345849
 11.980001 0.250646 -1.410179
 12.180001 -0.041301 -1.291951
 12.380001 -0.205022 -1.404322
 12.580001 0.307871 -1.338534
 12.780001 0.370163 -1.462687
 12.980001 0.097882 -1.529066
 13.180001 0.206550 -1.456590
 13.380001 0.401733 -1.559503
 13.580001 0.377284 -1.623156
 13.780001 0.034899 -1.334919
 13.980001 -0.063651 -1.371318
 14.180001 0.133795 -1.336292
 14.380001 0.021980 -1.550480
 14.580001 -0.110268 -1.076606
 14.780001 0.147619 -1.595495
 14.980001 0.136646 -1.319546
 15.180001 0.027046 -1.404095
 15.380001 0.364224 -1.545622
 15.580001 0.225931 -1.490577
 15.780001 0.067079 -1.486418
 15.980001 0.210332 -1.428805
 16.180001 0.229378 -1.463332
 16.380001 -0.045907 -1.336699
 16.580001 -0.240502 -1.392060
 16.780001 0.161411 -1.314837
 16.980001 0.020928 -1.499014
 17.180001 -0.199396 -1.075832
 17.380001 -0.047427 -1.476911
 17.580001 0.284894 -1.409474
 17.780001 0.195915 -1.605095
 17.980001 0.230646 -1.323269
 18.180001 0.370781 -1.606736
 18.380001 0.342707 -1.429843
 18.580001 0.141368 -1.579623
 18.780001 0.223550 -1.428000
 18.980001 0.264866 -1.535153
 19.180001 0.052152 -1.296627
 19.380001 -0.112943 -1.419539
 19.580001 0.108878 -1.332198
 19.780001 0.024991 -1.381551
 19.980001 0.065957 -1.309701
 20.180001 -0.063132 -1.620286
 20.380001 0.179075 -1.347183
 20.580001 0.093264 -1.502168
 20.780001 0.036527 -1.271685
 20.980001 0.114886 -1.519201
 21.180001 0.551768 -1.485391
 21.380001 0.157143 -1.511411
 21.580001 -0.000344 -1.354265
 21.780001 0.120364 -1.548554
 21.980001 0.218721 -1.356621
 22.180001 0.028604 -1.332271
 22.380001 -0.194258 -1.332378
 22.580001 0.091034 -1.311988
 22.780001 0.010764 -1.487243
 22.980001 0.169202 -1.361883
 23.180001 0.327410 -1.591655
 23.380001 0.294997 -1.398853
 23.580001 0.297420 -1.573155
 23.780001 0.205026 -1.406789
 23.980001 0.026057 -1.516884
 24.180001 -0.079288 -1.233679
 24.380001 0.125204 -1.453097
 24.580001 0.106123 -1.327746
 24.780001 0.062318 -1.430167
 24.980001 -0.001233 -1.465109
 25.180001 0.207548 -1.333143
 25.380001 0.306786 -1.648497
 25.580001 0.098002 -1.302614
 25.780001 0.252981 -1.583674
 25.980001 0.516412 -1.429076
 26.180001 0.120029 -1.557298
 26.380001 -0.214985 -1.164874
 26.580001 0.149751 -1.631519
 26.780001 0.423397 -1.154866
 26.980001 -0.374930 -1.527543
 27.180001 -0.228307 -1.115334
 27.380001 0.160529 -1.601529
 27.580001 0.435821 -1.242615
 27.780001 -0.000151 -1.379564
 27.980001 0.049263 -1.519555
 28.180001 0.070261 -1.386060
 28.380001 -0.044657 -1.407291
 28.580001 0.246653 -1.401958
 28.780001 0.220192 -1.713720
 28.980001 -0.013900 -1.246326
 29.180001 0.031380 -1.550751
 29.380001 0.281312 -1.308536
 29.580001 0.072277 -1.575011
 29.780001 0.044983 -1.280365
 29.980001 0.151922 -1.573582
 30.180001 -0.046740 -1.302816
 30.380001 0.112942 -1.518773
 30.580001 0.013868 -1.488535
 30.780001 0.078514 -1.210926
 30.980001 0.086815 -1.548928
 31.180001 0.109880 -1.315802
 31.380001 0.054764 -1.633113
 31.580001 0.121032 -1.212165
 31.780002 0.212525 -1.597943
 31.980002 0.022114 -1.383175
 32.180002 0.205883 -1.405011
 32.380002 0.219969 -1.484118
 32.580002 0.166754 -1.382131
 32.780002 0.032549 -1.624983
 32.980002 0.233892 -1.170222
 33.180002 0.148274 -1.587515
 33.380002 -0.028765 -1.331534
 33.580002 -0.151587 -1.472172
 33.780002 0.231736 -0.992616
 33.980002 0.160659 -1.746640
 34.180002 -0.081425 -1.258815
 34.380002 -0.016115 -1.554878
 34.580002 0.591994 -1.336749
 34.780002 0.104469 -1.672079
 34.980002 0.001112 -1.243978
 35.180002 0.546362 -1.765197
 35.380002 0.480386 -1.325402
 35.580002 -0.179349 -1.503190
 35.780002 -0.209456 -1.215680
 35.980002 0.347482 -1.522683
 36.180002 0.068733 -1.291641
 36.380002 -0.322003 -1.286749
 36.580002 -0.111240 -1.357716
 36.780002 0.079032 -1.291744
 36.980002 0.063743 -1.618435
 37.180002 0.026359 -1.226946
 37.380002 0.175484 -1.558571
 37.580002 0.227638 -1.379848
 37.780002 0.012446 -1.670088
 37.980002 0.296453 -1.265319
 38.180002 0.354056 -1.778636
 38.380002 0.053254 -1.279429
 38.580002 -0.031538 -1.630960
 38.780002 0.237410 -1.184525
 38.980002 -0.095840 -1.662969
 39.180002 -0.151023 -1.065647
 39.380002 0.212861 -1.729611
 39.580002 0.477512 -1.091180
 39.780002 -0.001133 -1.630543
 39.980002 -0.038570 -1.420990
 40.180002 0.228421 -1.577429
 40.380002 0.503688 -1.215474
 40.580002 -0.070177 -1.601971
 40.780002 0.128602 -1.600131
 40.980002 0.407038 -1.296640
 41.180002 0.205942 -1.538559
 41.380002 -0.087964 -1.468869
 41.580002 -0.097120 -1.262117
 41.780002 0.142336 -1.383003
 41.980002 0.283963 -1.592585
 42.180002 -0.016443 -1.124063
 42.380002 0.178584 -1.678591
 42.580002 0.271131 -1.410853
 42.780002 -0.057610 -1.639865
 42.980002 0.342059 -1.284100
 43.180002 0.456396 -1.747536
 43.380002 -0.007288 -1.276724
 43.580002 -0.231529 -1.160896
 43.780002 0.241642 -1.633965
 43.980002 0.154958 -1.330745
 44.180002 -0.412737 -1.338820
 44.380002 0.188505 -1.223045
 44.580002 0.495033 -1.707200
 44.780002 -0.059988 -1.274239
 44.980002 0.060707 -1.522103
 45.180002 0.771288 -1.648586
 45.380002 0.055628 -1.393230
 45.580002 -0.253840 -1.404757
 45.780002 0.412858 -1.278654
 45.980002 0.353436 -1.415026
 46.180002 -0.438369 -1.322866
 46.380002 0.036641 -1.477993
 46.580002 0.504759 -1.399660
 46.780002 -0.255712 -1.420025
 46.980002 -0.031689 -1.421434
 47.180002 0.618073 -1.390579
 47.380002 0.143559 -1.447434
 47.580002 -0.184532 -1.564723
 47.780002 0.275242 -1.337788
 47.980002 0.346722 -1.406494
 48.180002 -0.278253 -1.445710
 48.380002 0.021017 -1.341426
 48.580002 0.433886 -1.518426
 48.780002 -0.320965 -1.216357
 48.980002 -0.129596 -1.426506
 49.180002 0.746593 -1.617725
 49.380002 0.174269 -1.303958
 49.580002 -0.376853 -1.345729
 49.780002 0.306897 -1.443596
 49.980002 0.408154 -1.318659
 50.180002 -0.474701 -1.583527
 50.380002 0.069680 -1.264744
 50.580002 0.464604 -1.677025
 50.780002 0.023411 -1.292817
 50.980002 -0.051028 -1.445294
 51.180002 0.470374 -1.510624
 51.380002 0.401314 -1.458201
 51.580002 -0.075485 -1.480942
 51.780002 0.187499 -1.411128
 51.980002 0.453345 -1.596517
 52.180002 -0.210450 -1.368874
 52.380002 -0.111422 -1.246833
 52.580002 0.402344 -1.526735
 52.780003 -0.003122 -1.232677
 52.980003 -0.171262 -1.534351
 53.180003 0.356321 -1.277871
 53.380003 0.425721 -1.576855
 53.580003 -0.146702 -1.404217
 53.780003 0.188701 -1.502804
 53.980003 0.650310 -1.462984
 54.180003 0.029175 -1.474786
 54.380003 -0.177179 -1.338569
 54.580003 0.264967 -1.400885
 54.780003 0.404317 -1.304424
 54.980003 -0.270756 -1.521845
 55.180003 -0.007659 -1.337964
 55.380003 0.475015 -1.575570
 55.580003 -0.050065 -1.304703
 55.780003 -0.046745 -1.413358
 55.980003 0.380002 -1.608270
 56.180003 0.152272 -1.334346
 56.380003 -0.325512 -1.364387
 56.580003 0.129909 -1.356708
 56.780003 0.399784 -1.552082
 56.980003 -0.035351 -1.283556
 57.180003 0.021973 -1.425281
 57.380003 0.372761 -1.576319
 57.580003 0.168585 -1.352549
 57.780003 -0.036887 -1.394689
 57.980003 0.218048 -1.368437
 58.180003 0.357795 -1.512529
 58.380003 -0.165283 -1.453506
 58.580003 -0.176445 -1.220821
 58.780003 0.345207 -1.460737
 58.980003 0.289711 -1.372013
 59.180003 -0.206972 -1.402647
 59.380003 0.215338 -1.365029
 59.580003 0.386356 -1.579016
 59.780003 -0.056294 -1.477243
 59.980003 -0.029680 -1.378036
 60.180003 0.644292 -1.469927
 60.380003 0.164846 -1.465536
 60.580003 -0.470196 -1.342952
 60.780003 0.095035 -1.337562
 60.980003 0.175911 -1.520302
 61.180003 -0.402985 -1.255001
 61.380003 0.028685 -1.506228
 61.580003 0.551818 -1.209053
 61.780003 0.106122 -1.533378
 61.980003 -0.302192 -1.307735
 62.180003 0.155607 -1.632686
 62.380003 0.359066 -1.146559
 62.580003 -0.047100 -1.624252
 62.780003 0.091931 -1.353329
 62.980003 0.380120 -1.703502
 63.180003 0.200151 -1.253230
 63.380003 -0.083182 -1.496443
 63.580003 0.364268 -1.441540
 63.780003 0.179384 -1.530867
 63.980003 0.052415 -1.370001
 64.180003 0.079420 -1.486458
 64.380003 0.015238 -1.463845
 64.580003 -0.143141 -1.149693
 64.780003 -0.079739 -1.379021
 64.980003 -0.130704 -1.322738
 65.180003 0.201402 -1.478893
 65.380003 -0.128795 -1.444766
 65.580003 0.182179 -1.378438
 65.780003 0.340535 -1.540938
 65.980003 0.137967 -1.440846
 66.180003 0.116048 -1.472054
 66.380003 0.281366 -1.445253
 66.580003 0.263892 -1.516106
 66.780003 -0.082299 -1.292969
 66.980003 0.092020 -1.421888
 67.180003 0.221535 -1.412080
 67.380003 -0.073776 -1.390183
 67.580003 0.015737 -1.156606
 67.780003 0.261049 -1.618263
 67.980003 0.194000 -1.318043
 68.180003 -0.038381 -1.341847
 68.380003 0.312123 -1.615761
 68.580003 0.402212 -1.442899
 68.780003 -0.073534 -1.688402
 68.980003 0.360563 -1.423698
 69.180003 0.487615 -1.799300
 69.380003 0.002029 -1.233467
 69.580003 0.133471 -1.406852
 69.780003 0.370349 -1.462572
 69.980003 -0.220462 -1.344581
 70.180003 -0.373073 -1.329559
 70.380003 0.239586 -1.400836
 70.580003 0.363150 -1.447046
 70.780003 -0.139977 -1.257605
 70.980003 -0.097333 -1.584280
 71.180003 0.507164 -1.358697
 71.380003 0.311254 -1.795977
 71.580003 -0.030688 -1.264632
 71.780003 0.303644 -1.681835
 71.980003 0.359928 -1.317817
 72.180003 0.090688 -1.748400
 72.380003 0.075159 -1.136210
 72.580003 0.041244 -1.550556
 72.780003 -0.031785 -1.266516
 72.980003 -0.205672 -1.469887
 73.180003 -0.013021 -1.171980
 73.380003 -0.144960 -1.289943
 73.580003 -0.339652 -1.406057
 73.780004 0.013380 -1.196556
 73.980004 0.192981 -1.666058
 74.180004 -0.035705 -1.244388
 74.380004 -0.034130 -1.562169
 74.580004 0.444349 -1.217961
 74.780004 0.330225 -1.669424
 74.980004 0.025375 -1.448167
 75.180004 0.312534 -1.563405
 75.380004 0.352885 -1.302680
 75.580004 0.137096 -1.598418
 75.780004 0.056193 -1.366570
 75.980004 0.157788 -1.552558
 76.180004 0.214048 -1.152507
 76.380004 -0.120810 -1.514526
 76.580004 -0.137942 -1.467345
 76.780004 0.153221 -1.295407
 76.980004 0.052363 -1.495831
 77.180004 -0.139641 -1.266692
 77.380004 0.098163 -1.682774
 77.580004 0.482244 -1.231777
 77.780004 0.242987 -1.829337
 77.980004 0.095001 -1.336179
 78.180004 0.273880 -1.704972
 78.380004 0.241597 -1.221373
 78.580004 0.121761 -1.682721
 78.780004 0.049303 -1.310636
 78.980004 0.069463 -1.395173
 79.180004 0.346591 -1.353261
 79.380004 -0.369382 -1.318167
 79.580004 -0.300511 -1.341259
 79.780004 0.158792 -1.410132
 79.980004 0.301233 -1.377274
 80.180004 -0.214148 -1.235051
 80.380004 0.157838 -1.669750
 80.580004 0.489430 -1.256892
 80.780004 -0.000171 -1.598521
 80.980004 0.037959 -1.397945
 81.180004 0.313457 -1.739284
 81.380004 0.419202 -1.341960
 81.580004 -0.064923 -1.537939
 81.780004 0.103241 -1.473875
 81.980004 0.201047 -1.279664
 82.180004 0.123865 -1.580876
 82.380004 -0.005070 -1.253571
 82.580004 -0.090850 -1.560327
 82.780004 0.137073 -1.205575
 82.980004 0.165726 -1.712454
 83.180004 -0.094819 -1.156725
 83.380004 -0.079863 -1.518341
 83.580004 0.324351 -1.404888
 83.780004 0.200694 -1.526890
 83.980004 -0.169899 -1.524245
 84.180004 0.395470 -1.431242
 84.380004 0.457205 -1.523809
 84.580004 0.157774 -1.455186
 84.780004 -0.053101 -1.535725
 84.980004 0.383437 -1.301189
 85.180004 0.156685 -1.552207
 85.380004 -0.203137 -1.264919
 85.580004 0.035782 -1.476792
 85.780004 0.513979 -1.405040
 85.980004 -0.314479 -1.491718
 86.180004 -0.045139 -1.243689
 86.380004 0.474151 -1.552198
 86.580004 0.151185 -1.327744
 86.780004 -0.369006 -1.541647
 86.980004 0.488689 -1.410434
 87.180004 0.643140 -1.593948
 87.380004 -0.141326 -1.419300
 87.580004 0.001892 -1.357620
 87.780004 0.691540 -1.504607
 87.980004 -0.013874 -1.366467
 88.180004 -0.363028 -1.198447
 88.380004 0.126644 -1.495495
 88.580004 0.210298 -1.190551
 88.780004 -0.171347 -1.407039
 88.980004 -0.002234 -1.488309
 89.180004 0.432276 -1.338340
 89.380004 0.252795 -1.493703
 89.580004 -0.111112 -1.440287
 89.780004 0.446865 -1.603243
 89.980004 0.375601 -1.286644
 90.180004 0.011254 -1.576917
 90.380004 0.107428 -1.352217
 90.580004 0.311980 -1.618282
 90.780004 -0.158815 -1.145994
 90.980004 -0.046372 -1.433420
 91.180004 0.379717 -1.366174
 91.380004 -0.160538 -1.222977
 91.580004 -0.300885 -1.318643
 91.780004 0.164715 -1.263151
 91.980004 0.270077 -1.760815
 92.180004 -0.032952 -1.393365
 92.380004 -0.011888 -1.411874
 92.580004 0.426375 -1.429892
 92.780004 0.014679 -1.480659
 92.980004 0.041498 -1.457440
 93.180004 0.619071 -1.541792
 93.380004 0.525395 -1.668965
 93.580004 -0.261125 -1.351716
 93.780004 -0.003727 -1.340325
 93.980004 0.502292 -1.416420
 94.180004 -0.150598 -1.416724
 94.380004 -0.153995 -1.277054
 94.580004 0.388794 -1.543038
 94.780005 0.086356 -1.237311
 94.980005 -0.211664 -1.621522
 95.180005 0.108381 -1.354211
 95.380005 0.197777 -1.467120
 95.580005 0.209226 -1.294686
 95.780005 -0.017329 -1.578514
 95.980005 0.145309 -1.320483
 96.180005 0.270364 -1.585819
 96.380005 0.138129 -1.449449
 96.580005 -0.077169 -1.367450
 96.780005 0.256470 -1.437632
 96.980005 0.028935 -1.395401
 97.180005 -0.346347 -1.282214
 97.380005 0.194579 -1.464606
 97.580005 0.447539 -1.405084
 97.780005 -0.083909 -1.473745
 97.980005 0.104461 -1.410088
 98.180005 0.543244 -1.597387
 98.380005 0.207471 -1.382634
 98.580005 -0.117517 -1.409506
 98.780005 0.356011 -1.422586
 98.980005 0.054146 -1.410136
 99.180005 -0.004841 -1.432114
 99.380005 0.058541 -1.416584
 99.580005 0.120149 -1.264449
 99.780005 -0.117083 -1.348571
 99.980005 0.023023 -1.443191
 100.180005 0.246529 -1.443763
 100.380005 0.051414 -1.351173
 100.580005 -0.003508 -1.551367
 100.780005 0.123075 -1.393258
 100.980005 0.226271 -1.430677
 101.180005 0.083644 -1.416516
 101.380005 0.186570 -1.601716
 101.580005 0.276559 -1.336542
 101.780005 0.296425 -1.393239
 101.980005 0.036946 -1.578589
 102.180005 0.072017 -1.362236
 102.380005 0.329185 -1.441009
 102.580005 0.017012 -1.392538
 102.780005 0.013896 -1.564341
 102.980005 -0.022376 -1.170080
 103.180005 0.061607 -1.491786
 103.380005 -0.113818 -1.297116
 103.580005 -0.049643 -1.537986
 103.780005 0.172007 -1.237399
 103.980005 0.032017 -1.667898
 104.180005 0.110369 -1.359135
 104.380005 0.261613 -1.615710
 104.580005 0.233119 -1.441804
 104.780005 -0.077578 -1.515972
 104.980005 0.201395 -1.330641
 105.180005 0.409083 -1.499441
 105.380005 -0.044574 -1.452052
 105.580005 -0.050193 -1.362271
 105.780005 0.248470 -1.530848
 105.980005 -0.002874 -1.371661
 106.180005 -0.274562 -1.542813
 106.380005 0.371127 -1.177781
 106.580005 0.301866 -1.623982
 106.780005 -0.075907 -1.338669
 106.980005 0.078315 -1.506337
 107.180005 0.425270 -1.290800
 107.380005 0.005605 -1.510931
 107.580005 -0.151244 -1.169505
 107.780005 0.166877 -1.550694
 107.980005 0.289180 -1.411534
 108.180005 -0.160062 -1.376691
 108.380005 -0.336197 -1.212857
 108.580005 0.291975 -1.530635
 108.780005 0.467996 -1.520817
 108.980005 -0.046728 -1.343326
 109.180005 0.056474 -1.516355
 109.380005 0.473808 -1.587569
 109.580005 -0.043037 -1.266422
 109.780005 0.009038 -1.374413
 109.980005 0.208912 -1.530849
 110.180005 0.204672 -1.307194
 110.380005 -0.154963 -1.367214
 110.580005 0.071780 -1.489841
 110.780005 0.197232 -1.453274
 110.980005 0.132140 -1.289767
 111.180005 -0.080629 -1.471025
 111.380005 0.200050 -1.437490
 111.580005 0.332924 -1.540531
 111.780005 0.266194 -1.318105
 111.980005 -0.200998 -1.441293
 112.180005 0.574901 -1.552812
 112.380005 0.347364 -1.667648
 112.580005 -0.186609 -1.254547
 112.780005 0.044174 -1.295822
 112.980005 0.371408 -1.535489
 113.180005 -0.192014 -1.375278
 113.380005 -0.134399 -1.272942
 113.580005 0.334015 -1.348279
 113.780005 -0.071201 -1.398803
 113.980005 -0.197715 -1.358373
 114.180005 0.344461 -1.522179
 114.380005 0.330626 -1.453001
 114.580005 -0.121112 -1.389340
 114.780005 0.228368 -1.402720
 114.980005 0.404002 -1.486844
 115.180005 0.022856 -1.446356
 115.380005 -0.047976 -1.639388
 115.580005 0.529709 -1.251659
 115.780005 0.270108 -1.532186
 115.980006 -0.301127 -1.308279
 116.180006 -0.201097 -1.434249
 116.380006 0.536251 -1.365156
 116.580006 -0.009153 -1.489655
 116.780006 -0.135216 -1.111262
 116.980006 0.146310 -1.696952
 117.180006 0.281341 -1.252080
 117.380006 -0.105400 -1.630584
 117.580006 0.352919 -1.353762
 117.780006 0.415251 -1.779834
 117.980006 0.193078 -1.317337
 118.180006 0.136959 -1.702920
 118.380006 0.464860 -1.283708
 118.580006 0.076102 -1.626469
 118.780006 -0.266501 -1.274348
 118.980006 0.045141 -1.412211
 119.180006 0.212771 -1.256302
 119.380006 -0.345701 -1.324496
 119.580006 -0.117919 -1.313689
 119.780006 0.335672 -1.465247
 119.980006 0.187931 -1.397845
 120.180006 0.058647 -1.467263
 120.380006 0.434617 -1.556267
 120.580006 0.349095 -1.487082
 120.780006 -0.004742 -1.474544
 120.980006 0.232868 -1.477997
 121.180006 0.394208 -1.541178
 121.380006 0.098952 -1.381052
 121.580006 -0.048221 -1.437377
 121.780006 0.164187 -1.355956
 121.980006 0.128086 -1.334554
 122.180006 -0.032318 -1.440801
 122.380006 0.112290 -1.477196
 122.580006 0.413869 -1.476387
 122.780006 0.208040 -1.401767
 122.980006 0.023689 -1.478785
 123.180006 0.272955 -1.530010
 123.380006 0.262542 -1.433101
 123.580006 -0.098607 -1.376042
 123.780006 0.172411 -1.401497
 123.980006 0.281505 -1.377752
 124.180006 -0.140837 -1.356791
 124.380006 -0.013083 -1.281171
 124.580006 0.253499 -1.625073
 124.780006 0.074913 -1.420579
 124.980006 -0.144504 -1.295860
 125.180006 0.196012 -1.437440
 125.380006 0.182336 -1.582434
 125.580006 0.013950 -1.411860
 125.780006 0.059157 -1.299876
 125.980006 0.352833 -1.752424
 126.180006 -0.032860 -1.266115
 126.380006 -0.025416 -1.446167
 126.580006 0.231695 -1.217432
 126.780006 0.284225 -1.733950
 126.980006 -0.020476 -1.102001
 127.180006 -0.193321 -1.599946
 127.380006 0.292812 -1.235819
 127.580006 0.233567 -1.614744
 127.780006 0.242427 -1.365364
 127.980006 0.264540 -1.483715
 128.180006 0.429431 -1.487979
 128.380006 0.173982 -1.577800
 128.580006 -0.122588 -1.440667
 128.780006 0.353246 -1.382139
 128.980006 0.310489 -1.357556
 129.180006 -0.157602 -1.417818
 129.380006 -0.016790 -1.360792
 129.580006 0.380348 -1.422739
 129.780006 0.019812 -1.474716
 129.980006 -0.202570 -1.233765
 130.180006 0.108502 -1.551741
 130.380006 0.132767 -1.248440
 130.580006 -0.297303 -1.720630
 130.780006 0.139811 -1.223233
 130.980006 0.489569 -1.861727
 131.180006 0.099957 -1.238670
 131.380006 0.025680 -1.699498
 131.580006 0.365832 -1.264121
 131.780006 0.281239 -1.657988
 131.980006 -0.195197 -1.260068
 132.180006 0.163614 -1.568723
 132.380006 0.394623 -1.284720
 132.580006 -0.163533 -1.500727
 132.780006 -0.305992 -1.199284
 132.980006 0.410285 -1.533875
 133.180006 0.162350 -1.376462
 133.380006 -0.294811 -1.366230
 133.580006 0.191687 -1.594086
 133.780006 0.487339 -1.290415
 133.980006 0.037821 -1.622612
 134.180006 0.177403 -1.404299
 134.380006 0.507107 -1.564912
 134.580006 0.146100 -1.254885
 134.780006 -0.127554 -1.718115
 134.980006 0.314809 -1.275402
 135.180006 -0.152372 -1.380931
 135.380006 -0.234167 -1.221941
 135.580006 0.173846 -1.685952
 135.780006 0.424330 -1.282236
 135.980006 -0.136289 -1.320828
 136.180006 0.019041 -1.484771
 136.380006 0.427437 -1.516436
 136.580006 0.251885 -1.447929
 136.780006 0.059648 -1.410973
 136.980007 0.343256 -1.653336
 137.180007 0.270690 -1.336031
 137.380007 -0.146982 -1.349469
 137.580007 0.080231 -1.381412
 137.780007 0.280379 -1.529306
 137.980007 -0.132088 -1.120711
 138.180007 -0.035066 -1.416327
 138.380007 0.403041 -1.487645
 138.580007 -0.009786 -1.312847
 138.780007 -0.182870 -1.268227
 138.980007 0.586958 -1.737567
 139.180007 0.443136 -1.238326
 139.380007 -0.079292 -1.595546
 139.580007 0.143731 -1.312765
 139.780007 0.280028 -1.659865
 139.980007 -0.009023 -1.269854
 140.180007 0.211845 -1.502658
 140.380007 0.205289 -1.395761
 140.580007 -0.170762 -1.416058
 140.780007 -0.041989 -1.340599
 140.980007 0.276878 -1.526828
 141.180007 0.471493 -1.298677
 141.380007 -0.126086 -1.567856
 141.580007 0.151161 -1.418756
 141.780007 0.417805 -1.623474
 141.980007 0.328728 -1.453842
 142.180007 0.099047 -1.414276
 142.380007 0.216250 -1.392380
 142.580007 0.188473 -1.448533
 142.780007 -0.191740 -1.449202
 142.980007 0.212803 -1.295937
 143.180007 0.356795 -1.767369
 143.380007 -0.049982 -1.209725
 143.580007 -0.171716 -1.485324
 143.780007 0.464471 -1.357749
 143.980007 0.259529 -1.579487
 144.180007 -0.182700 -1.351813
 144.380007 0.273355 -1.401894
 144.580007 0.577724 -1.415294
 144.780007 -0.115105 -1.591470
 144.980007 -0.022282 -1.434571
 145.180007 0.511798 -1.421888
 145.380007 0.253379 -1.448321
 145.580007 -0.144892 -1.338046
 145.780007 0.071302 -1.494718
 145.980007 0.260122 -1.374757
 146.180007 -0.320585 -1.406977
 146.380007 -0.006986 -1.056237
 146.580007 0.397175 -1.785895
 146.780007 -0.054727 -1.163872
 146.980007 -0.126010 -1.348262
 147.180007 0.387425 -1.507126
 147.380007 0.176249 -1.443378
 147.580007 -0.223495 -1.373904
 147.780007 0.276770 -1.353523
 147.980007 0.445432 -1.526874
 148.180007 0.052210 -1.387470
 148.380007 -0.164456 -1.523017
 148.580007 0.412239 -1.319585
 148.780007 0.215215 -1.457757
 148.980007 -0.215559 -1.406279
 149.180007 0.158513 -1.401791
 149.380007 0.532855 -1.330459
 149.580007 -0.088135 -1.533741
 149.780007 -0.170159 -1.299014
 149.980007 0.402139 -1.512170
 150.180007 -0.037937 -1.077475
 150.380007 -0.189285 -1.681195
 150.580007 0.347246 -1.302358
 150.780007 0.037694 -1.545994
 150.980007 -0.046153 -1.242134
 151.180007 0.056032 -1.521352
 151.380007 0.508369 -1.333994
 151.580007 0.164141 -1.613914
 151.780007 -0.100239 -1.339673
 151.980007 0.204391 -1.496416
 152.180007 0.424824 -1.375745
 152.380007 0.058432 -1.523747
 152.580007 -0.065700 -1.354664
 152.780007 0.219301 -1.439117
 152.980007 0.088090 -1.472384
 153.180007 -0.270376 -1.188427
 153.380007 0.161243 -1.635636
 153.580007 0.123480 -1.167279
 153.780007 -0.032466 -1.623350
 153.980007 0.070544 -1.259249
 154.180007 0.157147 -1.654220
 154.380007 0.070230 -1.279053
 154.580007 0.075564 -1.585269
 154.780007 0.451326 -1.578677
 154.980007 0.109899 -1.471527
 155.180007 0.105218 -1.466060
 155.380007 0.320539 -1.362484
 155.580007 0.352756 -1.548833
 155.780007 -0.158422 -1.297662
 155.980007 0.140148 -1.434304
 156.180007 0.166527 -1.448261
 156.380007 -0.039947 -1.364854
 156.580007 0.001987 -1.349383
 156.780007 0.198256 -1.592066
 156.980007 0.123931 -1.253710
 157.180007 -0.223087 -1.539514
 157.380007 0.391169 -1.398976
 157.580007 0.310181 -1.520841
 157.780007 -0.120004 -1.359671
 157.980008 0.163547 -1.620598
 158.180008 0.275895 -1.376592
 158.380008 0.165073 -1.440365
 158.580008 -0.121273 -1.419749
 158.780008 0.226427 -1.501000
 158.980008 0.267050 -1.369736
 159.180008 -0.144505 -1.323255
 159.380008 0.118089 -1.336909
 159.580008 0.254558 -1.503029
 159.780008 0.012191 -1.293714
 159.980008 0.183654 -1.487614
 160.180008 0.293697 -1.476155
 160.380008 0.270251 -1.518499
 160.580008 -0.006339 -1.394198
 160.780008 0.080201 -1.413390
 160.980008 0.244871 -1.520616
 161.180008 0.172310 -1.427236
 161.380008 -0.095491 -1.369009
 161.580008 0.062781 -1.516908
 161.780008 0.169932 -1.266341
 161.980008 0.077521 -1.510006
 162.180008 -0.072358 -1.264300
 162.380008 0.049092 -1.462535
 162.580008 0.155005 -1.258592
 162.780008 -0.094894 -1.471621
 162.980008 -0.031455 -1.349020
 163.180008 0.303156 -1.614298
 163.380008 0.249212 -1.450940
 163.580008 0.041326 -1.388946
 163.780008 0.047857 -1.488832
 163.980008 0.271597 -1.543215
 164.180008 0.166271 -1.567083
 164.380008 0.167581 -1.285589
 164.580008 0.076210 -1.663391
 164.780008 0.176201 -1.327188
 164.980008 0.097511 -1.744724
 165.180008 -0.060179 -1.047010
 165.380008 -0.162679 -1.656884
 165.580008 0.090995 -1.268706
 165.780008 -0.015801 -1.649312
 165.980008 0.154629 -1.037240
 166.180008 0.234163 -1.597384
 166.380008 0.106110 -1.362477
 166.580008 -0.044957 -1.565800
 166.780008 0.164705 -1.305889
 166.980008 0.241179 -1.632882
 167.180008 0.170010 -1.335217
 167.380008 0.302170 -1.424546
 167.580008 0.176768 -1.585528
 167.780008 0.004759 -1.469315
 167.980008 -0.079445 -1.508155
 168.180008 0.171367 -1.223349
 168.380008 0.067089 -1.680905
 168.580008 -0.223063 -1.081037
 168.780008 -0.153808 -1.482364
 168.980008 0.194920 -1.333249
 169.180008 0.193777 -1.515427
 169.380008 0.305458 -1.332932
 169.580008 0.036682 -1.516038
 169.780008 0.522017 -1.589587
 169.980008 0.378328 -1.659206
 170.180008 -0.090830 -1.202531
 170.380008 0.186429 -1.407859
 170.580008 0.347146 -1.463854
 170.780008 0.013258 -1.389266
 170.980008 -0.385267 -1.248394
 171.180008 0.185627 -1.492297
 171.380008 0.595927 -1.395832
 171.580008 -0.405675 -1.341528
 171.780008 0.000355 -1.358323
 171.980008 0.579303 -1.644000
 172.180008 0.390174 -1.393922
 172.380008 -0.091154 -1.189608
 172.580008 0.087546 -1.554476
 172.780008 0.355193 -1.427475
 172.980008 -0.085716 -1.354555
 173.180008 0.011789 -1.330462
 173.380008 0.052073 -1.446709
 173.580008 0.279424 -1.407729
 173.780008 -0.077524 -1.507637
 173.980008 0.150026 -1.352425
 174.180008 0.203680 -1.546803
 174.380008 0.271033 -1.443861
 174.580008 0.148154 -1.440029
 174.780008 0.095468 -1.497717
 174.980008 0.354010 -1.484689
 175.180008 0.037382 -1.405673
 175.380008 -0.066907 -1.262902
 175.580008 0.073566 -1.427733
 175.780008 0.114329 -1.434532
 175.980008 -0.027667 -1.369879
 176.180008 0.191004 -1.449946
 176.380008 0.096477 -1.420069
 176.580008 -0.125654 -1.380056
 176.780008 0.269113 -1.516577
 176.980008 0.287195 -1.466433
 177.180008 0.077763 -1.464335
 177.380008 0.152091 -1.515721
 177.580008 0.144659 -1.464026
 177.780008 0.199786 -1.311867
 177.980008 0.098439 -1.537099
 178.180008 -0.018968 -1.475881
 178.380008 0.002218 -1.382349
 178.580008 -0.033605 -1.179662
 178.780008 -0.071185 -1.348905
 178.980009 0.016924 -1.432585
 179.180009 0.289134 -1.541343
 179.380009 0.043426 -1.301905
 179.580009 0.040073 -1.423401
 179.780009 0.277170 -1.557622
 179.980009 0.266317 -1.559691
 180.180009 -0.051271 -1.311553
 180.380009 0.194122 -1.503902
 180.580009 0.433429 -1.492794
 180.780009 -0.082201 -1.433707
 180.980009 -0.011982 -1.307429
 181.180009 0.385177 -1.566531
 181.380009 -0.016675 -1.276997
 181.580009 -0.106389 -1.496902
 181.780009 0.190024 -1.436216
 181.980009 0.287984 -1.472840
 182.180009 -0.303847 -1.203759
 182.380009 0.100210 -1.509765
 182.580009 0.627335 -1.437872
 182.780009 -0.067513 -1.447677
 182.980009 -0.018237 -1.341940
 183.180009 0.270874 -1.737792
 183.380009 0.235625 -1.227421
 183.580009 -0.048141 -1.451885
 183.780009 0.216525 -1.375155
 183.980009 0.069118 -1.591291
 184.180009 0.064454 -1.182091
 184.380009 0.038926 -1.586269
 184.580009 -0.073375 -1.254582
 184.780009 0.060014 -1.440024
 184.980009 0.116177 -1.393336
 185.180009 -0.033014 -1.347650
 185.380009 0.076444 -1.524959
 185.580009 0.339936 -1.500341
 185.780009 0.284246 -1.564446
 185.980009 0.214576 -1.434415
 186.180009 0.308666 -1.582737
 186.380009 0.149248 -1.376802
 186.580009 0.159885 -1.395753
 186.780009 0.411586 -1.575698
 186.980009 -0.034217 -1.322842
 187.180009 -0.197368 -1.430531
 187.380009 0.220532 -1.334406
 187.580009 -0.047507 -1.505335
 187.780009 -0.009294 -1.240779
 187.980009 0.087138 -1.513048
 188.180009 0.376571 -1.522171
 188.380009 0.333111 -1.503774
 188.580009 -0.007899 -1.439565
 188.780009 0.151736 -1.439147
 188.980009 0.236389 -1.508449
 189.180009 0.168767 -1.410333
 189.380009 -0.071877 -1.464522
 189.580009 0.251972 -1.348739
 189.780009 0.122675 -1.463363
 189.980009 -0.105836 -1.240263
 190.180009 0.092173 -1.624200
 190.380009 0.202911 -1.310956
 190.580009 -0.189967 -1.578672
 190.780009 -0.162889 -1.114476
 190.980009 0.284443 -1.786034
 191.180009 0.087757 -1.212784
 191.380009 -0.159412 -1.587922
 191.580009 0.370761 -1.344145
 191.780009 0.197156 -1.569002
 191.980009 -0.077936 -1.382790
 192.180009 0.411656 -1.660802
 192.380009 0.437531 -1.331005
 192.580009 -0.169592 -1.621109
 192.780009 -0.203015 -1.220194
 192.980009 0.396787 -1.568870
 193.180009 0.104834 -1.122986
 193.380009 -0.251125 -1.446739
 193.580009 0.155303 -1.383540
 193.780009 0.113493 -1.581833
 193.980009 0.016134 -1.314511
 194.180009 0.103696 -1.369307
 194.380009 0.419245 -1.575825
 194.580009 0.164240 -1.379223
 194.780009 0.035311 -1.388203
 194.980009 0.223322 -1.333585
 195.180009 0.343271 -1.641029
 195.380009 -0.108840 -1.390233
 195.580009 -0.012790 -1.304255
 195.780009 0.394848 -1.634172
 195.980009 0.412523 -1.344781
 196.180009 -0.158463 -1.218153
 196.380009 0.183272 -1.480898
 196.580009 0.480807 -1.536550
 196.780009 -0.035081 -1.443368
 196.980009 0.376216 -1.472031
 197.180009 0.319934 -1.601989
 197.380009 -0.103135 -1.109473
 197.580009 0.139993 -1.551954
 197.780009 0.353988 -1.422253
 197.980009 -0.067434 -1.494866
 198.180009 -0.046808 -1.059233
 198.380009 0.252784 -1.816731
 198.580009 0.066370 -1.062167
 198.780009 -0.132165 -1.455896
 198.980009 0.038212 -1.327684
 199.180009 0.222087 -1.582477
 199.380009 0.262699 -1.318311
 199.580009 0.131297 -1.526659
 199.780009 0.065104 -1.386028
 199.980009 0.236482 -1.393896
