#! FIELDS time phi psi
#! SET max_psi pi
 0.180000 1.985892 0.062154
 0.380000 2.127183 -0.869143
 0.580000 1.353797 -0.385010
 0.780000 2.555786 -0.668691
 0.980000 2.083693 -0.213433
 1.180000 1.435357 -0.809575
 1.380000 1.689080 -0.306979
 1.580000 2.245984 -0.595769
 1.780000 1.449109 -0.406240
 1.980000 1.969415 -0.621862
 2.180000 1.919017 -0.346120
 2.380000 1.675315 -0.652613
 2.580000 2.288422 -0.292600
 2.780000 1.500977 -0.716904
 2.980000 1.693792 -0.621725
 3.180000 2.457798 -0.398351
 3.380000 1.643083 -0.455355
 3.580000 2.009343 -0.626134
 3.780000 1.772189 -0.463580
 3.980000 1.583326 -0.626286
 4.180000 1.940240 -0.540187
 4.380000 1.449193 -0.509553
 4.580000 1.733057 -0.700591
 4.780000 1.862321 -0.376651
 4.980000 2.077334 -0.578333
 5.180000 1.405549 -0.503302
 5.380000 1.732742 -0.402507
 5.580000 1.886682 -0.414120
 5.780000 1.475088 -0.628070
 5.980000 1.645632 -0.343313
 6.180000 1.844754 -0.707952
 6.380000 1.618648 -0.380092
 6.580000 1.915013 -0.715100
 6.780000 1.770363 -0.355359
 6.980000 1.412348 -0.904715
 7.180000 1.953061 -0.278288
 7.380000 1.417033 -0.763252
 7.580000 1.528415 -0.451185
 7.780000 1.996699 -0.722753
 7.980000 1.294662 -0.497715
 8.180000 2.136382 -0.619878
 8.380000 1.616519 -0.364088
 8.580000 1.480539 -0.685475
 8.780000 2.099672 -0.279149
 8.980000 1.571388 -0.583228
 9.180000 1.687933 -0.584928
 9.380000 1.688472 -0.593205
 9.580000 1.741137 -0.501847
 9.780000 1.801377 -0.608270
 9.980000 1.615387 -0.451915
 10.180000 1.800047 -0.773169
 10.380000 1.700263 -0.519088
 10.580001 2.112384 -0.587133
 10.780001 1.606911 -0.538791
 10.980001 1.707668 -0.610832
 11.180001 1.954664 -0.346576
 11.380001 1.481166 -0.760382
 11.580001 1.621452 -0.385857
 11.780001 2.020469 -0.613377
 11.980001 1.442154 -0.552467
 12.180001 1.853031 -0.560788
 12.380001 1.770241 -0.546445
 12.580001 1.572270 -0.686487
 12.780001 2.104714 -0.362879
 12.980001 1.508313 -0.571450
 13.180001 1.832286 -0.598889
 13.380001 1.902312 -0.519595
 13.580001 1.497613 -0.676922
 13.780001 1.914365 -0.497965
 13.980001 1.847996 -0.513308
 14.180001 1.328877 -0.613660
 14.380001 2.073028 -0.427115
 14.580001 1.772159 -0.572670
 14.780001 1.545587 -0.592688
 14.980001 1.892259 -0.245265
 15.180001 1.828402 -0.602801
 15.380001 1.886796 -0.604594
 15.580001 1.660663 -0.369672
 15.780001 1.668209 -0.643658
 15.980001 1.882652 -0.474508
 16.180001 1.697641 -0.471002
 16.380001 1.722241 -0.558687
 16.580001 1.662528 -0.538946
 16.780001 1.711124 -0.480844
 16.980001 1.551061 -0.686546
 17.180001 1.675340 -0.342003
 17.380001 1.808901 -0.636372
 17.580001 1.600840 -0.495732
 17.780001 1.916520 -0.527135
 17.980001 1.580577 -0.481545
 18.180001 1.518807 -0.599355
 18.380001 2.055380 -0.263588
 18.580001 1.384612 -0.739513
 18.780001 1.816106 -0.594861
 18.980001 1.843308 -0.521883
 19.180001 1.548337 -0.511537
 19.380001 1.987686 -0.611275
 19.580001 1.526774 -0.357378
 19.780001 1.756998 -0.730206
 19.980001 1.702794 -0.297818
 20.180001 1.506301 -0.774182
 20.380001 1.681796 -0.324386
 20.580001 1.704924 -0.549462
 20.780001 1.692507 -0.457186
 20.980001 1.908008 -0.546414
 21.180001 1.530070 -0.359697
 21.380001 1.551210 -0.709383
 21.580001 1.781273 -0.349345
 21.780001 1.719164 -0.581178
 21.980001 1.575422 -0.529127
 22.180001 1.668833 -0.506076
 22.380001 1.628037 -0.531870
 22.580001 1.882066 -0.592910
 22.780001 1.638301 -0.408922
 22.980001 1.548214 -0.593363
 23.180001 1.862442 -0.526659
 23.380001 2.033299 -0.354127
 23.580001 1.609208 -0.600838
 23.780001 1.548299 -0.536971
 23.980001 1.870973 -0.376166
 24.180001 1.423978 -0.689251
 24.380001 1.626839 -0.258842
 24.580001 1.941602 -0.633263
 24.780001 1.346027 -0.362967
 24.980001 1.877390 -0.654770
 25.180001 1.618987 -0.348963
 25.380001 1.447411 -0.672875
 25.580001 1.983175 -0.322736
 25.780001 1.391473 -0.654215
 25.980001 1.576675 -0.419001
 26.180001 1.822189 -0.586693
 26.380001 1.444259 -0.533159
 26.580001 1.821315 -0.672545
 26.780001 1.663350 -0.316805
 26.980001 1.522513 -0.663182
 27.180001 1.855157 -0.475366
 27.380001 1.359577 -0.541516
 27.580001 1.949928 -0.585545
 27.780001 1.743568 -0.509198
 27.980001 1.383564 -0.742681
 28.180001 2.001971 -0.363778
 28.380001 1.556041 -0.497812
 28.580001 1.487406 -0.598429
 28.780001 1.904081 -0.380896
 28.980001 1.461288 -0.524216
 29.180001 1.647159 -0.519945
 29.380001 1.714167 -0.475606
 29.580001 1.491611 -0.581871
 29.780001 1.966381 -0.426783
 29.980001 1.455817 -0.527406
 30.180001 1.581903 -0.719659
 30.380001 1.815822 -0.383472
 30.580001 1.407181 -0.579055
 30.780001 1.722086 -0.585345
 30.980001 1.694282 -0.439566
 31.180001 1.465972 -0.534390
 31.380001 1.626408 -0.480448
 31.580001 1.506584 -0.523079
 31.780002 1.610382 -0.641862
 31.980002 1.730467 -0.507067
 32.180002 1.789475 -0.595597
 32.380002 1.483815 -0.588930
 32.580002 1.727781 -0.537064
 32.780002 1.573168 -0.621461
 32.980002 1.522917 -0.505932
 33.180002 1.782519 -0.560956
 33.380002 1.610515 -0.367278
 33.580002 1.902145 -0.757824
 33.780002 1.696695 -0.221092
 33.980002 1.492695 -0.847080
 34.180002 1.620870 -0.264280
 34.380002 1.984573 -0.755905
 34.580002 1.395879 -0.420601
 34.780002 2.163458 -0.570317
 34.980002 1.875989 -0.467144
 35.180002 1.532429 -0.654463
 35.380002 1.745459 -0.318892
 35.580002 1.499838 -0.704366
 35.780002 1.619349 -0.378714
 35.980002 1.832771 -0.609579
 36.180002 1.431444 -0.637342
 36.380002 1.906975 -0.421382
 36.580002 1.726132 -0.588866
 36.780002 1.746767 -0.638248
 36.980002 1.819078 -0.425820
 37.180002 1.411854 -0.660372
 37.380002 1.793986 -0.555485
 37.580002 1.718444 -0.513137
 37.780002 1.541229 -0.527011
 37.980002 1.794406 -0.573434
 38.180002 1.703226 -0.435225
 38.380002 1.550103 -0.718215
 38.580002 1.659943 -0.365483
 38.780002 1.629977 -0.653917
 38.980002 1.571003 -0.615305
 39.180002 1.799404 -0.445331
 39.380002 1.536501 -0.607444
 39.580002 1.762411 -0.486402
 39.780002 1.839346 -0.571721
 39.980002 1.419304 -0.602354
 40.180002 2.039111 -0.432181
 40.380002 1.619131 -0.565954
 40.580002 1.511369 -0.592230
 40.780002 1.984965 -0.371209
 40.980002 1.754559 -0.442728
 41.180002 1.620237 -0.596501
 41.380002 1.816886 -0.451845
 41.580002 1.722204 -0.562191
 41.780002 1.721355 -0.625953
 41.980002 1.594009 -0.583988
 42.180002 1.678055 -0.454623
 42.380002 1.745319 -0.652007
 42.580002 1.655282 -0.352188
 42.780002 1.676043 -0.819557
 42.980002 1.479971 -0.349175
 43.180002 1.804123 -0.699964
 43.380002 1.521268 -0.476836
 43.580002 1.692000 -0.571734
 43.780002 1.856315 -0.538376
 43.980002 1.378879 -0.500283
 44.180002 1.771364 -0.579913
 44.380002 1.511698 -0.476776
 44.580002 1.429900 -0.537868
 44.780002 1.940250 -0.526589
 44.980002 1.487519 -0.620540
 45.180002 1.739371 -0.603698
 45.380002 1.757751 -0.620652
 45.580002 1.543682 -0.527579
 45.780002 1.726713 -0.584575
 45.980002 1.632034 -0.428115
 46.180002 1.398038 -0.640283
 46.380002 1.996461 -0.377427
 46.580002 1.427502 -0.642920
 46.780002 1.537681 -0.520963
 46.980002 1.893593 -0.565674
 47.180002 1.475371 -0.672722
 47.380002 1.721158 -0.549124
 47.580002 1.643928 -0.532426
 47.780002 1.491170 -0.638543
 47.980002 1.785092 -0.514087
 48.180002 1.600035 -0.496695
 48.380002 1.491835 -0.634123
 48.580002 1.998282 -0.437145
 48.780002 1.461683 -0.539987
 48.980002 1.530918 -0.492755
 49.180002 1.820791 -0.546901
 49.380002 1.264230 -0.530562
 49.580002 1.901949 -0.475858
 49.780002 1.608639 -0.609135
 49.980002 1.535948 -0.469168
 50.180002 1.916373 -0.607768
 50.380002 1.474337 -0.369725
 50.580002 1.685253 -0.746966
 50.780002 1.679120 -0.252410
 50.980002 1.491990 -0.780289
 51.180002 1.666483 -0.283810
 51.380002 1.593347 -0.727081
 51.580002 1.461493 -0.206788
 51.780002 1.810763 -0.852489
 51.980002 1.439360 -0.200854
 52.180002 1.719360 -0.668433
 52.380002 1.524738 -0.345095
 52.580002 1.546533 -0.637812
 52.780003 1.758738 -0.358777
 52.980003 1.487399 -0.650354
 53.180003 1.543463 -0.333458
 53.380003 1.715297 -0.691051
 53.580003 1.464947 -0.292528
 53.780003 1.839775 -0.664052
 53.980003 1.586764 -0.350965
 54.180003 1.496051 -0.625490
 54.380003 1.683456 -0.340365
 54.580003 1.544891 -0.671325
 54.780003 1.621513 -0.224762
 54.980003 1.819144 -0.623027
 55.180003 1.412174 -0.225130
 55.380003 1.884604 -0.780935
 55.580003 1.425674 -0.207791
 55.780003 1.667735 -0.756656
 55.980003 1.657069 -0.271494
 56.180003 1.567462 -0.579610
 56.380003 1.602439 -0.348165
 56.580003 1.727541 -0.728822
 56.780003 1.572934 -0.194356
 56.980003 1.553389 -0.930644
 57.180003 1.598177 -0.188620
 57.380003 1.724079 -0.742618
 57.580003 1.621981 -0.405712
 57.780003 1.631352 -0.742886
 57.980003 1.726121 -0.209816
 58.180003 1.563253 -0.886444
 58.380003 1.694200 -0.202995
 58.580003 1.706804 -0.814012
 58.780003 1.459081 -0.282279
 58.980003 1.898476 -0.759351
 59.180003 1.513003 -0.316669
 59.380003 1.666927 -0.777388
 59.580003 1.556676 -0.236241
 59.780003 1.451256 -0.704774
 59.980003 1.700529 -0.305991
 60.180003 1.601506 -0.805419
 60.380003 1.553782 -0.255039
 60.580003 1.872547 -0.639084
 60.780003 1.557625 -0.391013
 60.980003 1.584702 -0.679429
 61.180003 1.863887 -0.292292
 61.380003 1.270364 -0.538285
 61.580003 1.944752 -0.440925
 61.780003 1.663379 -0.359331
 61.980003 1.283022 -0.594436
 62.180003 1.893410 -0.297883
 62.380003 1.509257 -0.543379
 62.580003 1.690656 -0.577968
 62.780003 1.594458 -0.268069
 62.980003 1.814687 -0.622830
 63.180003 1.531723 -0.491591
 63.380003 1.890400 -0.418294
 63.580003 1.547683 -0.635562
 63.780003 1.518864 -0.264176
 63.980003 1.904207 -0.494557
 64.180003 1.283325 -0.450231
 64.380003 1.979785 -0.539409
 64.580003 1.888508 -0.289661
 64.780003 1.325607 -0.716318
 64.980003 1.679856 -0.224431
 65.180003 1.941468 -0.690751
 65.380003 1.423319 -0.425578
 65.580003 2.027601 -0.594834
 65.780003 1.785932 -0.341507
 65.980003 1.365017 -0.809096
 66.180003 2.163849 -0.275338
 66.380003 1.716958 -0.665635
 66.580003 1.594029 -0.440555
 66.780003 1.903203 -0.473243
 66.980003 1.685509 -0.544800
 67.180003 1.692361 -0.706297
 67.380003 1.590942 -0.346804
 67.580003 1.775704 -0.691403
 67.780003 1.790131 -0.286564
 67.980003 1.757388 -0.627821
 68.180003 1.714567 -0.481021
 68.380003 1.926467 -0.647764
 68.580003 2.095148 -0.295659
 68.780003 1.599566 -0.688146
 68.980003 1.651609 -0.550021
 69.180003 2.188645 -0.540250
 69.380003 1.344445 -0.635354
 69.580003 2.083154 -0.729574
 69.780003 1.782418 -0.327498
 69.980003 1.506693 -0.794579
 70.180003 1.901521 -0.333872
 70.380003 1.884076 -0.661135
 70.580003 1.583043 -0.578141
 70.780003 2.047369 -0.465926
 70.980003 1.630436 -0.655522
 71.180003 1.733352 -0.558145
 71.380003 1.820808 -0.473155
 71.580003 1.690179 -0.503870
 71.780003 1.945245 -0.720358
 71.980003 1.644959 -0.205902
 72.180003 1.532606 -0.844806
 72.380003 1.745116 -0.303281
 72.580003 2.072163 -0.707534
 72.780003 1.462599 -0.430385
 72.980003 1.751670 -0.606448
 73.180003 1.913778 -0.453581
 73.380003 1.450912 -0.692940
 73.580003 1.994544 -0.462579
 73.780004 1.673816 -0.485598
 73.980004 1.587103 -0.748390
 74.180004 1.760593 -0.368188
 74.380004 1.669603 -0.779457
 74.580004 1.662282 -0.524873
 74.780004 1.753864 -0.559764
 74.980004 1.608755 -0.670745
 75.180004 1.769060 -0.588516
 75.380004 1.782568 -0.517608
 75.580004 1.636774 -0.580281
 75.780004 1.716069 -0.561525
 75.980004 1.500934 -0.543128
 76.180004 1.616808 -0.563394
 76.380004 1.755149 -0.497904
 76.580004 1.480349 -0.637339
 76.780004 1.904454 -0.479622
 76.980004 1.615479 -0.566076
 77.180004 1.575703 -0.610802
 77.380004 1.648782 -0.459625
 77.580004 1.592616 -0.639512
 77.780004 1.639870 -0.624048
 77.980004 1.610835 -0.496121
 78.180004 1.756227 -0.425240
 78.380004 1.695181 -0.625695
 78.580004 1.553668 -0.367088
 78.780004 1.545450 -0.542667
 78.980004 1.711510 -0.498982
 79.180004 1.798819 -0.562398
 79.380004 1.573745 -0.554526
 79.580004 1.710784 -0.528840
 79.780004 1.795728 -0.492088
 79.980004 1.715330 -0.690813
 80.180004 1.535182 -0.427312
 80.380004 1.739213 -0.648679
 80.580004 1.547845 -0.519188
 80.780004 1.778497 -0.545919
 80.980004 1.760701 -0.566415
 81.180004 1.613650 -0.533733
 81.380004 1.758752 -0.588657
 81.580004 1.760784 -0.546079
 81.780004 1.414179 -0.566281
 81.980004 1.950735 -0.468345
 82.180004 1.641439 -0.713758
 82.380004 1.633995 -0.565985
 82.580004 2.044188 -0.658755
 82.780004 1.462844 -0.588651
 82.980004 1.889450 -0.648143
 83.180004 1.701357 -0.436577
 83.380004 1.469040 -0.668631
 83.580004 1.829563 -0.557671
 83.780004 1.515674 -0.510231
 83.980004 1.481699 -0.620737
 84.180004 1.942566 -0.426461
 84.380004 1.483831 -0.535134
 84.580004 1.670132 -0.515309
 84.780004 1.650939 -0.501590
 84.980004 1.585470 -0.591361
 85.180004 1.874840 -0.505521
 85.380004 1.561347 -0.497834
 85.580004 1.678882 -0.620850
 85.780004 1.693778 -0.499860
 85.980004 1.765134 -0.429316
 86.180004 1.601298 -0.569144
 86.380004 1.591693 -0.581609
 86.580004 1.749559 -0.391705
 86.780004 1.546917 -0.774201
 86.980004 1.629841 -0.376079
 87.180004 2.037050 -0.661651
 87.380004 1.462618 -0.524487
 87.580004 1.707114 -0.900110
 87.780004 1.766063 -0.269950
 87.980004 1.455374 -0.724744
 88.180004 2.022416 -0.304239
 88.380004 1.685102 -0.588721
 88.580004 1.409136 -0.710254
 88.780004 1.979643 -0.352134
 88.980004 1.498530 -0.721281
 89.180004 1.772320 -0.317970
 89.380004 1.928839 -0.564673
 89.580004 1.437383 -0.605388
 89.780004 1.947861 -0.522550
 89.980004 1.802641 -0.367050
 90.180004 1.385880 -0.683444
 90.380004 2.052005 -0.208367
 90.580004 1.701604 -0.493182
 90.780004 1.544690 -0.462590
 90.980004 2.109083 -0.352091
 91.180004 2.059470 -0.481441
 91.380004 1.456584 -0.558428
 91.580004 1.824337 -0.372741
 91.780004 1.879486 -0.409085
 91.980004 1.507320 -0.669956
 92.180004 1.690823 -0.514327
 92.380004 1.657324 -0.426524
 92.580004 1.540816 -0.620109
 92.780004 1.910431 -0.413559
 92.980004 1.500645 -0.629582
 93.180004 1.544029 -0.526625
 93.380004 1.936844 -0.423478
 93.580004 1.330141 -0.570501
 93.780004 1.751930 -0.472193
 93.980004 1.681660 -0.378048
 94.180004 1.494394 -0.583953
 94.380004 1.846087 -0.339921
 94.580004 1.607530 -0.505531
 94.780005 1.452434 -0.537240
 94.980005 1.937490 -0.368679
 95.180005 1.716023 -0.509627
 95.380005 1.486465 -0.527552
 95.580005 1.756670 -0.449975
 95.780005 1.638568 -0.564764
 95.980005 1.518459 -0.459202
 96.180005 1.630625 -0.589371
 96.380005 1.620194 -0.494219
 96.580005 1.733787 -0.568748
 96.780005 1.558336 -0.382187
 96.980005 1.671470 -0.650159
 97.180005 1.501669 -0.343502
 97.380005 1.701765 -0.662387
 97.580005 1.631553 -0.390055
 97.780005 1.466563 -0.593460
 97.980005 2.012990 -0.309852
 98.180005 1.391761 -0.792953
 98.380005 1.645189 -0.408929
 98.580005 1.976267 -0.617336
 98.780005 1.384675 -0.545605
 98.980005 1.871576 -0.524440
 99.180005 1.632709 -0.490881
 99.380005 1.498524 -0.675998
 99.580005 1.975935 -0.454252
 99.780005 1.463276 -0.624638
 99.980005 1.492460 -0.461133
 100.180005 1.909944 -0.635576
 100.380005 1.585372 -0.396248
 100.580005 1.734052 -0.729191
 100.780005 1.552001 -0.450272
 100.980005 1.797639 -0.602712
 101.180005 1.623762 -0.456646
 101.380005 1.607099 -0.557156
 101.580005 1.767513 -0.483322
 101.780005 1.573854 -0.666958
 101.980005 1.565123 -0.360559
 102.180005 1.573368 -0.715586
 102.380005 1.617549 -0.334767
 102.580005 1.986982 -0.623953
 102.780005 1.527433 -0.369748
 102.980005 1.676820 -0.777378
 103.180005 1.757506 -0.105003
 103.380005 1.432015 -0.995145
 103.580005 1.494258 -0.147041
 103.780005 1.957783 -0.790453
 103.980005 1.213359 -0.162545
 104.180005 1.990346 -0.881687
 104.380005 1.464014 0.030087
 104.580005 1.596446 -0.929705
 104.780005 1.671914 -0.115136
 104.980005 1.527635 -0.696148
 105.180005 1.624672 -0.337700
 105.380005 1.691003 -0.658155
 105.580005 1.479526 -0.227956
 105.780005 1.798152 -0.605556
 105.980005 1.586372 -0.293279
 106.180005 1.721035 -0.685002
 106.380005 1.666704 -0.239215
 106.580005 1.701544 -0.729576
 106.780005 1.548231 -0.278514
 106.980005 1.737602 -0.741006
 107.180005 1.503713 -0.307497
 107.380005 1.897573 -0.723185
 107.580005 1.521740 -0.242163
 107.780005 1.550645 -0.883755
 107.980005 1.595413 -0.117486
 108.180005 1.602770 -0.804000
 108.380005 1.436936 -0.143896
 108.580005 1.742473 -0.768963
 108.780005 1.586675 -0.228661
 108.980005 1.725837 -0.824513
 109.180005 1.557200 -0.355929
 109.380005 1.655018 -0.690771
 109.580005 1.674453 -0.359443
 109.780005 1.518557 -0.742700
 109.980005 1.758936 -0.248845
 110.180005 1.503269 -0.673611
 110.380005 1.646773 -0.350384
 110.580005 1.764871 -0.801649
 110.780005 1.463613 -0.385003
 110.980005 1.960695 -0.733872
 111.180005 1.553862 -0.400044
 111.380005 1.505004 -0.704381
 111.580005 1.845458 -0.342347
 111.780005 1.556980 -0.615713
 111.980005 1.583076 -0.425608
 112.180005 2.047731 -0.591659
 112.380005 1.697914 -0.453099
 112.580005 1.738342 -0.795317
 112.780005 1.618356 -0.312927
 112.980005 1.636351 -0.631446
 113.180005 1.760433 -0.491775
 113.380005 1.524680 -0.588907
 113.580005 1.620714 -0.490770
 113.780005 1.716628 -0.630447
 113.980005 1.605607 -0.403591
 114.180005 1.703796 -0.678063
 114.380005 1.698978 -0.373942
 114.580005 1.635543 -0.713200
 114.780005 1.656749 -0.376609
 114.980005 1.401019 -0.618780
 115.180005 1.744712 -0.489359
 115.380005 1.644076 -0.632925
 115.580005 1.716778 -0.431523
 115.780005 1.660898 -0.698112
 115.980006 1.613411 -0.364003
 116.180006 1.564378 -0.542877
 116.380006 1.840377 -0.553929
 116.580006 1.799404 -0.524830
 116.780006 1.491490 -0.316855
 116.980006 1.664407 -0.809850
 117.180006 1.619713 -0.209884
 117.380006 1.638271 -0.757930
 117.580006 1.833747 -0.324196
 117.780006 1.871601 -0.585256
 117.980006 1.433150 -0.541909
 118.180006 1.671703 -0.542911
 118.380006 1.770719 -0.526491
 118.580006 1.603816 -0.623755
 118.780006 1.775300 -0.547401
 118.980006 1.743762 -0.544792
 119.180006 1.427532 -0.515148
 119.380006 1.844145 -0.639492
 119.580006 1.528970 -0.392804
 119.780006 1.598616 -0.606360
 119.980006 1.755457 -0.485722
 120.180006 1.676303 -0.601477
 120.380006 1.487449 -0.535752
 120.580006 1.612522 -0.529378
 120.780006 1.515000 -0.647545
 120.980006 1.759254 -0.338582
 121.180006 1.747216 -0.618937
 121.380006 1.597370 -0.587922
 121.580006 1.832719 -0.538757
 121.780006 1.673253 -0.503003
 121.980006 1.503711 -0.631761
 122.180006 1.776758 -0.476251
 122.380006 1.598165 -0.478183
 122.580006 1.632418 -0.574343
 122.780006 1.737938 -0.495174
 122.980006 1.697763 -0.558009
 123.180006 1.786617 -0.705453
 123.380006 1.836339 -0.453235
 123.580006 1.628568 -0.707117
 123.780006 1.612333 -0.422774
 123.980006 1.839988 -0.595187
 124.180006 1.585130 -0.579293
 124.380006 1.800157 -0.404827
 124.580006 2.047928 -0.552221
 124.780006 1.503364 -0.509676
 124.980006 1.642095 -0.476109
 125.180006 1.836007 -0.449789
 125.380006 1.493202 -0.559746
 125.580006 1.677877 -0.558771
 125.780006 1.809419 -0.540944
 125.980006 1.499982 -0.692360
 126.180006 1.966235 -0.456281
 126.380006 1.591673 -0.510795
 126.580006 1.597872 -0.681823
 126.780006 1.950802 -0.248865
 126.980006 1.411829 -0.686862
 127.180006 1.687004 -0.503312
 127.380006 1.712631 -0.643471
 127.580006 1.569084 -0.295786
 127.780006 1.681337 -0.778506
 127.980006 1.675222 -0.311286
 128.180006 1.641785 -0.748011
 128.380006 1.779434 -0.343164
 128.580006 1.738485 -0.712115
 128.780006 1.686977 -0.371312
 128.980006 1.679947 -0.752625
 129.180006 1.602890 -0.345564
 129.380006 1.600863 -0.759232
 129.580006 1.672890 -0.438895
 129.780006 1.862254 -0.554628
 129.980006 1.567516 -0.423882
 130.180006 1.565974 -0.603770
 130.380006 1.746195 -0.378348
 130.580006 1.499366 -0.614393
 130.780006 1.707334 -0.400124
 130.980006 1.928450 -0.716943
 131.180006 1.434578 -0.258855
 131.380006 1.772942 -0.774381
 131.580006 1.722727 -0.391578
 131.780006 1.579627 -0.596820
 131.980006 1.831844 -0.485931
 132.180006 1.530932 -0.512696
 132.380006 1.740388 -0.556118
 132.580006 1.571793 -0.595439
 132.780006 1.595357 -0.510526
 132.980006 1.894255 -0.629039
 133.180006 1.400458 -0.480441
 133.380006 1.844593 -0.681199
 133.580006 1.525067 -0.548369
 133.780006 1.715999 -0.538066
 133.980006 1.783117 -0.556934
 134.180006 1.735760 -0.569079
 134.380006 1.689333 -0.555431
 134.580006 1.634963 -0.609913
 134.780006 1.442408 -0.619694
 134.980006 1.776620 -0.606871
 135.180006 1.607041 -0.692971
 135.380006 1.605357 -0.618630
 135.580006 1.785063 -0.645875
 135.780006 1.430729 -0.408690
 135.980006 1.729072 -0.740095
 136.180006 1.677653 -0.399661
 136.380006 1.422052 -0.767237
 136.580006 1.845605 -0.461898
 136.780006 1.619542 -0.716517
 136.980007 1.623682 -0.608352
 137.180007 1.871046 -0.417385
 137.380007 1.477167 -0.655397
 137.580007 1.611198 -0.537800
 137.780007 1.801454 -0.598942
 137.980007 1.753638 -0.550833
 138.180007 1.653700 -0.610439
 138.380007 1.539417 -0.584508
 138.580007 1.749896 -0.521447
 138.780007 1.638765 -0.612547
 138.980007 1.700958 -0.468387
 139.180007 1.698053 -0.590100
 139.380007 1.716779 -0.579192
 139.580007 1.673483 -0.537211
 139.780007 1.795462 -0.469012
 139.980007 1.272662 -0.567680
 140.180007 1.901501 -0.566901
 140.380007 1.461315 -0.482992
 140.580007 1.670826 -0.645238
 140.780007 1.774815 -0.449553
 140.980007 1.517940 -0.507141
 141.180007 1.695111 -0.537683
 141.380007 1.675140 -0.512377
 141.580007 1.657772 -0.570763
 141.780007 1.537275 -0.569498
 141.980007 1.780871 -0.419708
 142.180007 1.514987 -0.558276
 142.380007 1.651978 -0.451680
 142.580007 1.745024 -0.525097
 142.780007 1.507364 -0.590522
 142.980007 1.606013 -0.427095
 143.180007 1.757965 -0.490539
 143.380007 1.631040 -0.625183
 143.580007 1.486273 -0.514929
 143.780007 1.817971 -0.561712
 143.980007 1.527968 -0.550209
 144.180007 1.456124 -0.400324
 144.380007 1.736317 -0.553928
 144.580007 1.651051 -0.582814
 144.780007 1.665689 -0.489712
 144.980007 1.511377 -0.543818
 145.180007 1.527883 -0.536236
 145.380007 1.656703 -0.519038
 145.580007 1.526521 -0.565587
 145.780007 2.006642 -0.379501
 145.980007 1.612100 -0.585326
 146.180007 1.490323 -0.580583
 146.380007 1.757358 -0.337318
 146.580007 1.529760 -0.619561
 146.780007 1.586927 -0.399495
 146.980007 2.039993 -0.516018
 147.180007 1.572691 -0.441870
 147.380007 1.471618 -0.481629
 147.580007 1.736496 -0.650755
 147.780007 1.515821 -0.326835
 147.980007 1.601682 -0.671173
 148.180007 1.551790 -0.327014
 148.380007 1.785848 -0.482013
 148.580007 1.511037 -0.546820
 148.780007 1.711567 -0.337456
 148.980007 1.746023 -0.522980
 149.180007 1.529109 -0.486338
 149.380007 1.706232 -0.492038
 149.580007 1.800067 -0.375180
 149.780007 1.389315 -0.738330
 149.980007 1.776296 -0.278787
 150.180007 1.564781 -0.670772
 150.380007 1.489426 -0.188825
 150.580007 2.094348 -0.695982
 150.780007 1.408166 -0.345433
 150.980007 1.662358 -0.813581
 151.180007 1.669661 -0.256415
 151.380007 1.464189 -0.770613
 151.580007 1.558020 -0.272429
 151.780007 1.708697 -0.760711
 151.980007 1.565515 -0.266994
 152.180007 1.850981 -0.787540
 152.380007 1.633123 -0.323669
 152.580007 1.741104 -0.707062
 152.780007 1.650575 -0.421291
 152.980007 1.576319 -0.632850
 153.180007 1.676164 -0.376100
 153.380007 1.607947 -0.806138
 153.580007 1.665082 -0.180561
 153.780007 1.667808 -0.872957
 153.980007 1.580464 -0.298809
 154.180007 1.786944 -0.867276
 154.380007 1.506760 -0.085979
 154.580007 1.602918 -0.867336
 154.780007 1.561368 -0.177616
 154.980007 1.856588 -0.903588
 155.180007 1.512588 -0.087933
 155.380007 1.688241 -0.861087
 155.580007 1.645480 -0.365821
 155.780007 1.676504 -0.626552
 155.980007 1.575112 -0.478794
 156.180007 1.815647 -0.714475
 156.380007 1.593239 -0.536771
 156.580007 1.605539 -0.764141
 156.780007 1.809577 -0.374455
 156.980007 1.574019 -0.692374
 157.180007 1.665544 -0.383280
 157.380007 1.869430 -0.769227
 157.580007 1.504035 -0.379368
 157.780007 1.825048 -0.645724
 157.980008 1.791797 -0.450652
 158.180008 1.548020 -0.789375
 158.380008 1.723867 -0.393098
 158.580008 1.561488 -0.787564
 158.780008 1.772782 -0.253057
 158.980008 1.686040 -0.865794
 159.180008 1.534352 -0.324807
 159.380008 1.710404 -0.791758
 159.580008 1.640732 -0.479336
 159.780008 1.885183 -0.813978
 159.980008 1.817942 -0.352622
 160.180008 1.547676 -0.822379
 160.380008 1.680975 -0.436158
 160.580008 1.639003 -0.745367
 160.780008 1.633432 -0.620737
 160.980008 1.883032 -0.554857
 161.180008 1.563832 -0.708540
 161.380008 1.728793 -0.499381
 161.580008 1.707184 -0.641750
 161.780008 1.623700 -0.471106
 161.980008 1.819121 -0.637689
 162.180008 1.606185 -0.540575
 162.380008 1.678857 -0.596018
 162.580008 1.706414 -0.616830
 162.780008 1.741148 -0.628930
 162.980008 1.623503 -0.493792
 163.180008 1.704954 -0.605019
 163.380008 1.666767 -0.442478
 163.580008 1.619634 -0.678007
 163.780008 1.422645 -0.313856
 163.980008 1.770358 -0.677550
 164.180008 1.625222 -0.453542
 164.380008 1.659305 -0.449581
 164.580008 1.785433 -0.588661
 164.780008 1.544358 -0.453529
 164.980008 1.879540 -0.671140
 165.180008 1.531608 -0.499451
 165.380008 1.526525 -0.548778
 165.580008 1.604424 -0.614660
 165.780008 1.633768 -0.612343
 165.980008 1.838117 -0.629132
 166.180008 1.567395 -0.478202
 166.380008 1.706019 -0.711040
 166.580008 1.635397 -0.406319
 166.780008 1.521381 -0.715844
 166.980008 1.703030 -0.454029
 167.180008 1.729714 -0.638020
 167.380008 1.595458 -0.575685
 167.580008 1.719344 -0.642077
 167.780008 1.592552 -0.644000
 167.980008 1.597613 -0.634979
 168.180008 1.916412 -0.643086
 168.380008 1.581169 -0.615392
 168.580008 1.801776 -0.632581
 168.780008 1.636886 -0.464928
 168.980008 1.644735 -0.651983
 169.180008 1.767971 -0.479158
 169.380008 1.644588 -0.674185
 169.580008 1.561746 -0.494814
 169.780008 1.747643 -0.748024
 169.980008 1.521393 -0.434897
 170.180008 1.811744 -0.657380
 170.380008 1.703954 -0.470431
 170.580008 1.708668 -0.639591
 170.780008 1.610841 -0.402643
 170.980008 1.611961 -0.701616
 171.180008 1.768792 -0.396604
 171.380008 1.668019 -0.732067
 171.580008 1.643222 -0.443928
 171.780008 1.714842 -0.706222
 171.980008 1.578435 -0.486546
 172.180008 1.735536 -0.562052
 172.380008 1.670693 -0.557894
 172.580008 1.486042 -0.627693
 172.780008 1.855106 -0.261050
 172.980008 1.474311 -0.681275
 173.180008 1.629284 -0.497234
 173.380008 1.724172 -0.471311
 173.580008 1.472207 -0.607023
 173.780008 1.799304 -0.604507
 173.980008 1.646815 -0.541653
 174.180008 1.615450 -0.556254
 174.380008 1.869425 -0.631233
 174.580008 1.621571 -0.425180
 174.780008 1.578372 -0.721888
 174.980008 1.804074 -0.354730
 175.180008 1.570135 -0.663581
 175.380008 1.549097 -0.434296
 175.580008 1.746796 -0.716977
 175.780008 1.426097 -0.396262
 175.980008 1.658228 -0.540950
 176.180008 1.697898 -0.594275
 176.380008 1.635834 -0.498663
 176.580008 1.611256 -0.567147
 176.780008 1.677212 -0.390144
 176.980008 1.600721 -0.692325
 177.180008 1.687600 -0.277552
 177.380008 1.554286 -0.686877
 177.580008 1.673747 -0.466123
 177.780008 1.662593 -0.625112
 177.980008 1.554447 -0.358711
 178.180008 1.755770 -0.810931
 178.380008 1.513212 -0.328508
 178.580008 1.755835 -0.769774
 178.780008 1.542880 -0.298968
 178.980009 1.619365 -0.630019
 179.180009 1.766962 -0.329984
 179.380009 1.664393 -0.722447
 179.580009 1.548993 -0.375380
 179.780009 1.678035 -0.649268
 179.980009 1.458455 -0.403274
 180.180009 1.798843 -0.637079
 180.380009 1.504436 -0.335506
 180.580009 1.635060 -0.523178
 180.780009 1.645203 -0.529490
 180.980009 1.526943 -0.391503
 181.180009 1.735219 -0.499361
 181.380009 1.709663 -0.447512
 181.580009 1.649459 -0.556537
 181.780009 1.605907 -0.484153
 181.980009 1.534136 -0.529815
 182.180009 1.634778 -0.569065
 182.380009 1.663702 -0.510251
 182.580009 1.664991 -0.459766
 182.780009 1.640403 -0.480439
 182.980009 1.605052 -0.507726
 183.180009 1.724422 -0.462560
 183.380009 1.738274 -0.586840
 183.580009 1.441906 -0.592326
 183.780009 2.054808 -0.486597
 183.980009 1.417682 -0.472612
 184.180009 1.628260 -0.693116
 184.380009 1.751299 -0.269192
 184.580009 1.561712 -0.665021
 184.780009 1.606050 -0.420164
 184.980009 1.784817 -0.552103
 185.180009 1.507607 -0.549018
 185.380009 1.639023 -0.509006
 185.580009 1.431513 -0.502297
 185.780009 1.707587 -0.691691
 185.980009 1.714170 -0.380522
 186.180009 1.576368 -0.780258
 186.380009 1.635396 -0.290569
 186.580009 1.856875 -0.763126
 186.780009 1.514377 -0.451986
 186.980009 1.958453 -0.582269
 187.180009 1.939469 -0.251570
 187.380009 1.491146 -0.798248
 187.580009 1.871353 -0.272761
 187.780009 1.830721 -0.648477
 187.980009 1.492578 -0.369040
 188.180009 1.943377 -0.467197
 188.380009 1.607887 -0.411228
 188.580009 1.696710 -0.629387
 188.780009 1.730699 -0.252288
 188.980009 1.388194 -0.668876
 189.180009 1.870921 -0.387592
 189.380009 1.910628 -0.588714
 189.580009 1.437056 -0.404762
 189.780009 2.009390 -0.668422
 189.980009 1.587143 -0.151482
 190.180009 1.422898 -0.852488
 190.380009 1.674853 -0.183528
 190.580009 1.683144 -0.870323
 190.780009 1.573655 -0.275085
 190.980009 1.916136 -0.517081
 191.180009 1.464108 -0.421726
 191.380009 1.873985 -0.601652
 191.580009 1.779594 -0.351627
 191.780009 1.434607 -0.588857
 191.980009 1.881363 -0.253777
 192.180009 2.024118 -0.521888
 192.380009 1.452101 -0.396562
 192.580009 2.086647 -0.576082
 192.780009 1.542461 -0.279474
 192.980009 1.561908 -0.805700
 193.180009 1.631574 -0.040687
 193.380009 1.431656 -0.842090
 193.580009 1.708185 -0.298844
 193.780009 1.982449 -0.671073
 193.980009 1.352609 -0.411562
 194.180009 1.965947 -0.679573
 194.380009 1.681900 -0.210285
 194.580009 1.399163 -0.817599
 194.780009 1.789011 0.016958
 194.980009 1.660197 -0.707043
 195.180009 1.497604 -0.401031
 195.380009 2.239485 -0.555046
 195.580009 1.703640 -0.214791
 195.780009 1.604127 -0.931683
 195.980009 1.688890 -0.229977
 196.180009 1.770306 -0.764836
 196.380009 1.757874 -0.319830
 196.580009 1.768317 -0.629077
 196.780009 1.559120 -0.362706
 196.980009 1.773821 -0.743588
 197.180009 2.026396 -0.323367
 197.380009 1.491036 -0.702549
 197.580009 1.610416 -0.546251
 197.780009 1.826415 -0.541613
 197.980009 1.492720 -0.511441
 198.180009 2.069019 -0.660751
 198.380009 1.847623 -0.402824
 198.580009 1.554779 -0.803800
 198.780009 1.870194 -0.422630
 198.980009 1.762115 -0.638272
 199.180009 1.631041 -0.600399
 199.380009 1.788017 -0.495589
 199.580009 1.540445 -0.568289
 199.780009 1.600574 -0.714152
 199.980009 1.707899 -0.345252
