#! FIELDS time phi psi
#! SET max_psi pi
 0.180000 -1.891308 -0.277280
 0.380000 -2.119092 -0.888725
 0.580000 -1.592031 -0.425039
 0.780000 -1.905710 -0.257622
 0.980000 -1.919732 -0.842151
 1.180000 -1.861748 -0.264302
 1.380000 -1.620573 -0.554465
 1.580000 -2.237581 -0.848388
 1.780000 -1.941804 -0.260500
 1.980000 -1.717159 -0.408461
 2.180000 -2.322296 -0.674694
 2.380000 -1.450745 -0.480474
 2.580000 -1.898444 -0.291473
 2.780000 -2.013545 -0.899015
 2.980000 -1.628248 -0.444569
 3.180000 -1.881689 -0.230983
 3.380000 -1.854514 -0.910109
 3.580000 -1.997666 -0.356561
 3.780000 -1.708270 -0.419331
 3.980000 -2.240669 -0.775615
 4.180000 -1.984311 -0.443773
 4.380000 -1.674345 -0.473819
 4.580000 -2.165080 -0.565190
 4.780000 -1.621149 -0.641880
 4.980000 -1.846392 -0.317476
 5.180000 -1.996107 -0.718307
 5.380000 -1.679347 -0.497166
 5.580000 -1.988184 -0.323643
 5.780000 -1.801061 -0.826175
 5.980000 -1.803786 -0.307787
 6.180000 -1.825860 -0.528008
 6.380000 -1.953334 -0.605674
 6.580000 -1.988355 -0.267751
 6.780000 -1.728248 -0.734349
 6.980000 -2.164316 -0.510719
 7.180000 -1.624002 -0.414771
 7.380000 -1.953822 -0.455005
 7.580000 -2.049823 -0.627414
 7.780000 -1.708284 -0.383893
 7.980000 -1.929606 -0.427726
 8.180000 -1.697316 -0.619109
 8.380000 -1.876570 -0.433125
 8.580000 -2.007063 -0.506405
 8.780000 -1.794047 -0.626870
 8.980000 -1.928226 -0.269817
 9.180000 -1.695000 -0.599498
 9.380000 -1.830090 -0.350719
 9.580000 -1.714709 -0.575535
 9.780000 -1.767608 -0.379731
 9.980000 -1.902969 -0.543501
 10.180000 -1.738789 -0.312648
 10.380000 -1.740044 -0.483693
 10.580001 -1.927745 -0.433419
 10.780001 -1.701521 -0.606615
 10.980001 -1.933909 -0.236217
 11.180001 -1.703497 -0.694808
 11.380001 -1.904550 -0.194192
 11.580001 -1.586522 -0.715233
 11.780001 -2.070288 -0.344297
 11.980001 -1.637909 -0.547516
 12.180001 -1.850921 -0.342602
 12.380001 -1.872552 -0.633960
 12.580001 -1.753558 -0.326416
 12.780001 -1.993220 -0.446652
 12.980001 -1.909556 -0.592855
 13.180001 -1.982108 -0.399987
 13.380001 -1.856421 -0.574016
 13.580001 -1.819078 -0.594008
 13.780001 -1.844892 -0.251909
 13.980001 -1.677053 -0.696058
 14.180001 -2.152154 -0.298683
 14.380001 -1.603541 -0.574289
 14.580001 -1.915934 -0.293462
 14.780001 -1.745050 -0.541923
 14.980001 -1.752790 -0.356403
 15.180001 -1.884522 -0.384902
 15.380001 -1.837382 -0.712951
 15.580001 -1.930874 -0.206112
 15.780001 -1.538509 -0.541261
 15.980001 -2.169812 -0.391854
 16.180001 -1.611371 -0.498890
 16.380001 -1.897159 -0.488696
 16.580001 -2.179293 -0.509424
 16.780001 -1.650492 -0.512029
 16.980001 -1.935006 -0.335201
 17.180001 -1.867968 -0.755659
 17.380001 -1.894133 -0.234295
 17.580001 -1.768863 -0.541664
 17.780001 -1.998291 -0.676873
 17.980001 -1.923824 -0.311681
 18.180001 -1.682416 -0.491788
 18.380001 -1.972907 -0.485058
 18.580001 -1.694004 -0.372302
 18.780001 -1.891719 -0.485827
 18.980001 -1.928665 -0.656526
 19.180001 -1.810511 -0.192584
 19.380001 -1.971543 -0.716183
 19.580001 -2.073406 -0.522414
 19.780001 -1.690984 -0.351831
 19.980001 -1.932108 -0.478031
 20.180001 -1.844204 -0.651477
 20.380001 -1.759953 -0.257335
 20.580001 -1.829549 -0.766820
 20.780001 -1.843222 -0.249103
 20.980001 -1.625703 -0.534170
 21.180001 -1.965035 -0.301083
 21.380001 -1.499015 -0.694974
 21.580001 -2.021382 -0.042626
 21.780001 -1.593022 -0.812921
 21.980001 -1.730776 -0.083188
 22.180001 -1.724160 -0.615800
 22.380001 -2.015387 -0.447570
 22.580001 -1.712641 -0.549085
 22.780001 -1.943085 -0.307668
 22.980001 -1.918080 -0.728249
 23.180001 -1.742264 -0.388154
 23.380001 -1.872558 -0.556729
 23.580001 -2.104216 -0.523127
 23.780001 -1.777456 -0.695411
 23.980001 -1.977161 -0.169567
 24.180001 -1.741083 -0.762573
 24.380001 -1.890106 -0.144408
 24.580001 -1.733701 -0.697781
 24.780001 -2.044380 -0.507691
 24.980001 -1.700271 -0.533737
 25.180001 -2.070073 -0.338013
 25.380001 -1.751348 -0.717563
 25.580001 -1.805284 -0.191370
 25.780001 -1.864943 -0.639688
 25.980001 -1.955373 -0.490308
 26.180001 -1.734596 -0.440207
 26.380001 -1.965977 -0.511283
 26.580001 -1.941929 -0.479523
 26.780001 -1.716146 -0.174733
 26.980001 -1.913648 -0.613445
 27.180001 -2.029155 -0.236625
 27.380001 -1.511239 -0.572782
 27.580001 -2.145947 -0.427015
 27.780001 -1.614225 -0.671115
 27.980001 -1.927825 -0.185424
 28.180001 -1.857448 -0.743661
 28.380001 -1.746218 -0.473391
 28.580001 -1.800397 -0.332132
 28.780001 -1.783793 -0.612231
 28.980001 -1.940391 -0.433011
 29.180001 -1.667156 -0.333141
 29.380001 -1.976770 -0.670453
 29.580001 -1.835501 -0.267328
 29.780001 -1.558107 -0.583625
 29.980001 -2.107444 -0.376980
 30.180001 -1.522830 -0.521998
 30.380001 -1.798794 -0.339146
 30.580001 -2.070298 -0.528756
 30.780001 -1.625007 -0.389014
 30.980001 -1.887410 -0.420637
 31.180001 -1.728019 -0.579246
 31.380001 -1.844827 -0.336847
 31.580001 -1.865613 -0.518836
 31.780002 -1.692971 -0.509336
 31.980002 -1.856687 -0.294347
 32.180002 -1.720422 -0.812043
 32.380002 -2.281127 -0.214987
 32.580002 -1.611150 -0.685580
 32.780002 -2.103905 -0.393601
 32.980002 -2.045675 -0.669429
 33.180002 -1.682666 -0.428548
 33.380002 -2.230054 -0.503185
 33.580002 -1.831600 -0.747551
 33.780002 -1.817022 -0.386196
 33.980002 -1.836152 -0.525813
 34.180002 -1.797962 -0.654586
 34.380002 -1.885761 -0.236722
 34.580002 -1.733344 -0.734778
 34.780002 -2.066898 -0.392351
 34.980002 -1.607231 -0.561793
 35.180002 -2.239430 -0.390195
 35.380002 -1.800834 -0.665656
 35.580002 -1.628166 -0.263944
 35.780002 -1.996143 -0.701026
 35.980002 -1.800034 -0.549846
 36.180002 -1.811650 -0.169832
 36.380002 -1.757288 -0.768630
 36.580002 -1.978924 -0.370013
 36.780002 -1.611354 -0.299821
 36.980002 -1.795656 -0.570568
 37.180002 -1.874513 -0.426387
 37.380002 -1.548576 -0.396884
 37.580002 -2.035916 -0.499129
 37.780002 -1.795704 -0.647976
 37.980002 -1.814845 -0.243066
 38.180002 -1.828236 -0.634545
 38.380002 -2.065531 -0.499470
 38.580002 -1.672699 -0.314597
 38.780002 -1.805204 -0.557327
 38.980002 -2.133709 -0.619785
 39.180002 -1.604999 -0.336170
 39.380002 -1.999517 -0.379801
 39.580002 -1.891937 -0.763639
 39.780002 -1.787293 -0.234574
 39.980002 -1.781902 -0.625254
 40.180002 -1.935744 -0.486968
 40.380002 -1.810490 -0.264786
 40.580002 -1.760492 -0.674498
 40.780002 -2.157006 -0.554342
 40.980002 -1.655402 -0.487820
 41.180002 -1.971893 -0.376693
 41.380002 -1.919369 -0.722247
 41.580002 -1.653450 -0.322582
 41.780002 -1.921978 -0.419859
 41.980002 -2.080921 -0.702989
 42.180002 -1.579437 -0.467669
 42.380002 -1.757025 -0.330338
 42.580002 -1.962721 -0.828389
 42.780002 -1.851538 -0.267002
 42.980002 -1.768120 -0.428261
 43.180002 -1.894990 -0.638140
 43.380002 -1.796713 -0.488908
 43.580002 -1.964304 -0.344590
 43.780002 -2.048243 -0.762300
 43.980002 -1.818044 -0.325360
 44.180002 -1.781425 -0.381403
 44.380002 -2.063863 -0.693769
 44.580002 -1.907900 -0.443332
 44.780002 -1.789940 -0.337613
 44.980002 -1.967974 -0.781702
 45.180002 -2.020251 -0.360808
 45.380002 -1.343580 -0.539222
 45.580002 -2.009026 -0.415840
 45.780002 -1.706797 -0.666363
 45.980002 -1.894646 -0.134729
 46.180002 -1.966881 -0.596537
 46.380002 -1.793381 -0.659749
 46.580002 -2.051527 -0.240108
 46.780002 -1.893368 -0.796872
 46.980002 -1.894128 -0.457311
 47.180002 -1.766395 -0.226596
 47.380002 -1.771840 -0.726798
 47.580002 -1.900576 -0.350471
 47.780002 -1.570225 -0.387409
 47.980002 -2.111918 -0.691204
 48.180002 -1.800604 -0.422526
 48.380002 -1.701632 -0.376087
 48.580002 -2.220747 -0.716638
 48.780002 -1.665059 -0.555054
 48.980002 -1.850920 -0.389347
 49.180002 -2.132931 -0.876365
 49.380002 -2.006056 -0.423086
 49.580002 -1.964905 -0.296154
 49.780002 -1.968298 -0.935773
 49.980002 -1.995862 -0.338710
 50.180002 -1.673320 -0.355059
 50.380002 -2.159286 -0.839863
 50.580002 -1.883133 -0.372850
 50.780002 -1.562892 -0.550939
 50.980002 -2.163044 -0.478863
 51.180002 -1.744035 -0.527504
 51.380002 -1.853466 -0.182710
 51.580002 -2.014088 -0.739038
 51.780002 -1.957040 -0.432220
 51.980002 -1.811189 -0.261805
 52.180002 -2.050538 -0.610881
 52.380002 -2.191053 -0.586051
 52.580002 -1.743769 -0.327151
 52.780003 -2.037770 -0.760137
 52.980003 -1.985205 -0.280576
 53.180003 -1.667840 -0.510032
 53.380003 -2.075193 -0.369276
 53.580003 -1.521506 -0.672012
 53.780003 -1.812113 -0.228830
 53.980003 -1.908483 -0.753941
 54.180003 -1.740183 -0.278332
 54.380003 -1.672462 -0.556230
 54.580003 -2.048638 -0.354123
 54.780003 -1.674035 -0.568324
 54.980003 -1.869757 -0.272021
 55.180003 -1.810910 -0.677141
 55.380003 -1.759531 -0.265017
 55.580003 -1.753854 -0.612678
 55.780003 -1.921516 -0.427525
 55.980003 -1.643400 -0.370715
 56.180003 -1.796341 -0.507482
 56.380003 -1.711241 -0.467887
 56.580003 -1.677206 -0.371736
 56.780003 -1.802455 -0.480403
 56.980003 -1.899173 -0.408580
 57.180003 -1.751637 -0.414308
 57.380003 -1.855526 -0.427259
 57.580003 -1.774220 -0.497376
 57.780003 -1.808682 -0.484959
 57.980003 -1.993925 -0.580217
 58.180003 -1.696748 -0.416764
 58.380003 -1.833909 -0.524044
 58.580003 -1.998942 -0.533888
 58.780003 -1.693115 -0.429254
 58.980003 -2.013046 -0.320287
 59.180003 -1.977974 -0.770312
 59.380003 -1.883219 -0.345675
 59.580003 -1.808490 -0.459874
 59.780003 -1.917963 -0.621755
 59.980003 -1.762257 -0.294832
 60.180003 -1.756677 -0.500958
 60.380003 -1.837585 -0.517144
 60.580003 -1.711477 -0.303749
 60.780003 -1.857094 -0.551168
 60.980003 -1.892895 -0.550004
 61.180003 -1.780464 -0.265696
 61.380003 -1.833652 -0.559629
 61.580003 -1.880573 -0.484970
 61.780003 -1.775209 -0.470023
 61.980003 -2.005010 -0.440764
 62.180003 -1.743739 -0.661378
 62.380003 -1.794767 -0.287702
 62.580003 -1.866081 -0.602034
 62.780003 -1.875132 -0.476482
 62.980003 -1.816898 -0.375627
 63.180003 -2.166718 -0.622367
 63.380003 -1.808026 -0.488551
 63.580003 -1.900313 -0.276086
 63.780003 -2.027953 -0.794333
 63.980003 -1.928953 -0.390653
 64.180003 -1.780005 -0.521335
 64.380003 -2.056944 -0.541425
 64.580003 -1.665330 -0.566930
 64.780003 -1.831532 -0.299362
 64.980003 -1.733851 -0.948280
 65.180003 -1.933017 -0.289463
 65.380003 -1.659626 -0.516558
 65.580003 -2.041382 -0.624473
 65.780003 -1.879969 -0.428770
 65.980003 -1.835620 -0.373181
 66.180003 -2.019743 -0.658246
 66.380003 -1.867721 -0.478882
 66.580003 -1.824718 -0.358033
 66.780003 -1.827642 -0.508783
 66.980003 -1.749192 -0.648077
 67.180003 -1.774993 -0.151163
 67.380003 -1.829706 -0.863237
 67.580003 -1.948249 -0.409151
 67.780003 -1.644641 -0.508101
 67.980003 -2.017125 -0.422892
 68.180003 -1.899067 -0.748452
 68.380003 -1.827008 -0.172928
 68.580003 -1.779103 -0.812992
 68.780003 -1.954927 -0.513151
 68.980003 -1.650938 -0.319087
 69.180003 -1.957714 -0.527029
 69.380003 -1.616575 -0.659135
 69.580003 -1.852615 -0.258083
 69.780003 -1.871547 -0.639250
 69.980003 -1.955110 -0.416702
 70.180003 -1.465198 -0.464089
 70.380003 -1.957709 -0.408257
 70.580003 -1.797129 -0.635370
 70.780003 -1.885939 -0.205406
 70.980003 -1.943099 -0.584428
 71.180003 -1.694634 -0.485403
 71.380003 -1.910554 -0.286546
 71.580003 -1.716440 -0.538541
 71.780003 -1.905135 -0.528595
 71.980003 -1.709571 -0.302522
 72.180003 -1.870061 -0.557632
 72.380003 -1.925510 -0.431631
 72.580003 -1.648825 -0.439985
 72.780003 -1.966389 -0.307526
 72.980003 -1.847784 -0.652924
 73.180003 -1.764879 -0.327967
 73.380003 -1.909054 -0.660936
 73.580003 -1.864444 -0.468329
 73.780004 -1.818955 -0.524751
 73.980004 -1.885972 -0.524285
 74.180004 -1.909679 -0.589008
 74.380004 -1.927681 -0.324092
 74.580004 -1.775875 -0.749616
 74.780004 -1.965572 -0.243414
 74.980004 -1.654635 -0.601840
 75.180004 -1.931162 -0.371010
 75.380004 -1.881814 -0.601966
 75.580004 -1.719766 -0.404336
 75.780004 -1.860096 -0.561407
 75.980004 -1.757479 -0.486665
 76.180004 -1.850056 -0.387170
 76.380004 -1.908315 -0.524865
 76.580004 -1.719688 -0.497205
 76.780004 -1.822344 -0.245647
 76.980004 -1.732829 -0.688085
 77.180004 -1.872428 -0.220813
 77.380004 -1.690677 -0.524448
 77.580004 -1.909573 -0.454751
 77.780004 -1.710463 -0.462218
 77.980004 -1.829494 -0.320533
 78.180004 -1.847691 -0.624971
 78.380004 -1.909465 -0.426409
 78.580004 -1.768779 -0.413133
 78.780004 -1.747402 -0.357428
 78.980004 -1.675796 -0.650617
 79.180004 -2.005680 -0.241931
 79.380004 -1.710673 -0.686996
 79.580004 -1.952628 -0.259617
 79.780004 -1.653339 -0.394220
 79.980004 -1.938773 -0.483374
 80.180004 -1.860272 -0.418017
 80.380004 -1.666542 -0.467449
 80.580004 -2.040767 -0.609238
 80.780004 -1.968093 -0.309209
 80.980004 -1.831022 -0.614730
 81.180004 -1.926530 -0.428413
 81.380004 -1.729233 -0.506424
 81.580004 -1.896676 -0.494535
 81.780004 -1.957593 -0.589363
 81.980004 -1.805565 -0.411935
 82.180004 -1.734678 -0.545302
 82.380004 -1.952409 -0.471720
 82.580004 -1.771718 -0.377538
 82.780004 -2.007938 -0.563216
 82.980004 -1.882341 -0.551430
 83.180004 -1.622835 -0.246135
 83.380004 -1.878123 -0.501693
 83.580004 -1.840890 -0.483242
 83.780004 -1.844495 -0.536150
 83.980004 -2.080914 -0.477862
 84.180004 -1.759320 -0.679279
 84.380004 -2.008118 -0.357588
 84.580004 -1.821109 -0.662482
 84.780004 -1.896087 -0.356457
 84.980004 -2.015625 -0.521547
 85.180004 -1.758546 -0.570015
 85.380004 -2.006795 -0.334864
 85.580004 -1.516623 -0.493176
 85.780004 -1.963913 -0.407165
 85.980004 -1.692366 -0.491630
 86.180004 -1.893262 -0.457586
 86.380004 -1.810207 -0.390672
 86.580004 -1.837830 -0.487406
 86.780004 -1.867337 -0.403677
 86.980004 -1.700994 -0.587064
 87.180004 -2.088262 -0.414371
 87.380004 -1.827461 -0.634993
 87.580004 -1.961852 -0.464427
 87.780004 -1.759294 -0.472571
 87.980004 -1.797729 -0.457355
 88.180004 -1.912895 -0.370250
 88.380004 -1.812798 -0.535088
 88.580004 -1.810923 -0.513241
 88.780004 -1.854599 -0.452338
 88.980004 -1.878154 -0.607330
 89.180004 -1.929050 -0.506638
 89.380004 -1.849974 -0.548285
 89.580004 -1.884532 -0.454230
 89.780004 -1.838044 -0.510033
 89.980004 -1.820139 -0.391595
 90.180004 -1.893759 -0.493043
 90.380004 -1.836938 -0.510607
 90.580004 -1.852401 -0.449947
 90.780004 -1.802246 -0.463071
 90.980004 -1.846144 -0.619367
 91.180004 -1.966873 -0.361807
 91.380004 -1.851686 -0.791635
 91.580004 -1.993996 -0.396241
 91.780004 -1.835393 -0.518770
 91.980004 -1.725984 -0.496291
 92.180004 -1.929729 -0.330866
 92.380004 -1.629474 -0.538461
 92.580004 -1.902532 -0.438269
 92.780004 -1.738006 -0.414590
 92.980004 -1.663723 -0.445126
 93.180004 -1.998733 -0.280485
 93.380004 -1.693010 -0.678548
 93.580004 -2.104493 -0.294758
 93.780004 -1.642582 -0.750721
 93.980004 -1.979880 -0.365600
 94.180004 -1.869883 -0.511936
 94.380004 -2.069631 -0.526335
 94.580004 -1.964973 -0.452429
 94.780005 -1.851957 -0.521295
 94.980005 -1.893502 -0.617501
 95.180005 -1.784144 -0.284534
 95.380005 -1.954586 -0.628634
 95.580005 -2.059210 -0.383539
 95.780005 -1.699632 -0.478147
 95.980005 -2.018609 -0.558740
 96.180005 -1.694268 -0.539012
 96.380005 -1.859619 -0.263334
 96.580005 -1.783013 -0.694021
 96.780005 -1.924513 -0.417976
 96.980005 -1.819319 -0.440511
 97.180005 -1.861742 -0.615097
 97.380005 -1.878833 -0.307790
 97.580005 -1.724751 -0.391300
 97.780005 -1.851910 -0.542014
 97.980005 -1.776362 -0.338481
 98.180005 -1.831331 -0.553721
 98.380005 -1.846259 -0.471881
 98.580005 -1.608525 -0.429376
 98.780005 -1.932041 -0.324550
 98.980005 -1.891044 -0.687665
 99.180005 -1.886159 -0.218902
 99.380005 -1.933631 -0.638209
 99.580005 -1.969598 -0.433350
 99.780005 -1.563403 -0.401008
 99.980005 -1.987830 -0.495269
 100.180005 -1.704670 -0.625814
 100.380005 -1.820861 -0.246073
 100.580005 -1.987879 -0.733872
 100.780005 -1.845905 -0.545564
 100.980005 -1.615471 -0.398952
 101.180005 -1.911115 -0.533550
 101.380005 -1.924817 -0.850701
 101.580005 -1.956982 -0.160071
 101.780005 -1.833726 -0.762819
 101.980005 -1.917382 -0.522632
 102.180005 -1.741068 -0.218299
 102.380005 -1.898678 -0.691512
 102.580005 -2.151353 -0.755198
 102.780005 -1.694179 -0.349372
 102.980005 -1.924140 -0.557244
 103.180005 -2.017650 -0.818502
 103.380005 -1.774583 -0.274424
 103.580005 -1.796487 -0.396904
 103.780005 -2.021560 -0.864092
 103.980005 -1.725844 -0.162048
 104.180005 -1.821925 -0.459946
 104.380005 -2.347746 -0.785942
 104.580005 -1.805435 -0.574915
 104.780005 -1.581196 -0.324707
 104.980005 -2.179334 -0.734013
 105.180005 -1.921070 -0.650120
 105.380005 -1.698876 -0.220497
 105.580005 -2.134696 -0.605497
 105.780005 -2.034323 -0.968588
 105.980005 -1.931712 -0.026126
 106.180005 -1.910840 -0.696976
 106.380005 -2.136348 -0.799935
 106.580005 -1.630575 -0.232823
 106.780005 -1.756840 -0.454276
 106.980005 -2.170983 -0.745616
 107.180005 -1.486882 -0.470850
 107.380005 -2.031015 -0.379351
 107.580005 -2.157181 -0.909626
 107.780005 -1.688912 -0.181237
 107.980005 -1.887646 -0.565487
 108.180005 -2.107588 -0.659541
 108.380005 -1.854621 -0.176985
 108.580005 -1.660927 -0.451810
 108.780005 -2.168669 -0.827854
 108.980005 -1.782379 -0.295169
 109.180005 -1.588700 -0.437061
 109.380005 -2.196694 -0.733469
 109.580005 -1.743872 -0.484395
 109.780005 -1.722599 -0.204436
 109.980005 -1.886412 -0.711165
 110.180005 -2.037859 -0.529914
 110.380005 -1.520607 -0.404706
 110.580005 -2.119487 -0.672409
 110.780005 -2.049503 -0.639583
 110.980005 -1.769526 -0.232532
 111.180005 -2.163553 -0.611451
 111.380005 -1.953878 -0.794103
 111.580005 -1.714383 -0.287521
 111.780005 -1.906775 -0.586689
 111.980005 -2.152718 -0.515665
 112.180005 -1.609273 -0.306445
 112.380005 -1.866635 -0.521027
 112.580005 -2.016073 -0.582563
 112.780005 -1.665705 -0.416715
 112.980005 -1.971204 -0.437409
 113.180005 -1.860890 -0.736936
 113.380005 -1.824475 -0.259742
 113.580005 -1.862094 -0.491508
 113.780005 -1.862650 -0.653488
 113.980005 -1.769526 -0.286718
 114.180005 -1.754091 -0.556637
 114.380005 -1.835728 -0.397650
 114.580005 -1.668173 -0.504416
 114.780005 -2.096134 -0.287865
 114.980005 -1.775463 -0.572537
 115.180005 -1.819350 -0.317898
 115.380005 -1.807493 -0.520095
 115.580005 -1.762453 -0.356469
 115.780005 -1.728825 -0.378386
 115.980006 -1.903283 -0.619020
 116.180006 -1.890713 -0.395338
 116.380006 -1.647006 -0.427160
 116.580006 -1.827975 -0.460978
 116.780006 -1.727195 -0.415421
 116.980006 -1.842281 -0.422641
 117.180006 -1.723606 -0.604555
 117.380006 -1.835413 -0.442838
 117.580006 -1.700170 -0.484318
 117.780006 -2.002924 -0.479415
 117.980006 -1.892292 -0.475801
 118.180006 -1.880912 -0.420650
 118.380006 -2.224587 -0.707076
 118.580006 -1.601804 -0.503416
 118.780006 -1.936276 -0.316327
 118.980006 -1.874940 -0.578726
 119.180006 -1.759855 -0.523432
 119.380006 -1.992082 -0.295956
 119.580006 -1.917461 -0.857983
 119.780006 -2.067903 -0.136261
 119.980006 -1.437555 -0.554679
 120.180006 -2.157176 -0.569050
 120.380006 -1.992687 -0.452275
 120.580006 -1.695914 -0.522951
 120.780006 -2.171839 -0.573052
 120.980006 -1.686983 -0.570099
 121.180006 -1.927674 -0.372549
 121.380006 -2.086056 -0.593757
 121.580006 -1.870627 -0.577596
 121.780006 -1.928902 -0.372312
 121.980006 -1.871768 -0.637670
 122.180006 -1.916716 -0.308916
 122.380006 -1.763923 -0.608867
 122.580006 -1.884209 -0.449738
 122.780006 -1.637033 -0.365264
 122.980006 -1.879993 -0.495672
 123.180006 -1.837479 -0.499472
 123.380006 -1.683273 -0.349147
 123.580006 -2.096634 -0.537347
 123.780006 -1.713787 -0.448206
 123.980006 -1.845465 -0.431503
 124.180006 -1.948849 -0.448924
 124.380006 -1.803340 -0.413229
 124.580006 -1.811035 -0.486102
 124.780006 -1.802686 -0.538528
 124.980006 -1.757876 -0.391066
 125.180006 -1.789719 -0.417334
 125.380006 -1.936610 -0.621713
 125.580006 -1.841783 -0.317685
 125.780006 -1.785272 -0.572963
 125.980006 -1.944152 -0.491677
 126.180006 -1.621302 -0.368814
 126.380006 -1.928357 -0.464930
 126.580006 -1.804689 -0.698510
 126.780006 -1.920885 -0.170526
 126.980006 -1.717595 -0.702617
 127.180006 -1.810542 -0.442889
 127.380006 -1.797689 -0.413702
 127.580006 -2.022041 -0.471030
 127.780006 -1.740056 -0.519506
 127.980006 -1.805440 -0.434441
 128.180006 -2.057790 -0.470679
 128.380006 -1.664453 -0.423359
 128.580006 -1.894151 -0.466229
 128.780006 -1.855710 -0.716945
 128.980006 -1.758657 -0.460499
 129.180006 -1.872098 -0.385057
 129.380006 -1.704060 -0.703974
 129.580006 -1.902564 -0.229042
 129.780006 -1.802524 -0.728322
 129.980006 -2.042949 -0.581386
 130.180006 -1.782972 -0.370168
 130.380006 -1.800048 -0.583122
 130.580006 -1.982433 -0.328539
 130.780006 -1.764148 -0.470387
 130.980006 -2.107764 -0.599509
 131.180006 -1.775486 -0.401424
 131.380006 -1.754158 -0.334283
 131.580006 -1.874260 -0.578830
 131.780006 -1.861390 -0.334944
 131.980006 -1.758915 -0.396027
 132.180006 -1.978168 -0.775583
 132.380006 -1.851178 -0.446056
 132.580006 -1.660028 -0.288473
 132.780006 -2.149620 -0.679885
 132.980006 -1.707551 -0.481908
 133.180006 -1.853429 -0.218789
 133.380006 -2.166976 -0.741344
 133.580006 -1.893080 -0.445042
 133.780006 -1.772350 -0.394539
 133.980006 -1.955473 -0.536184
 134.180006 -1.773182 -0.521014
 134.380006 -1.931634 -0.264900
 134.580006 -2.039939 -0.640732
 134.780006 -1.702177 -0.339543
 134.980006 -1.866546 -0.333034
 135.180006 -1.809869 -0.616521
 135.380006 -1.688368 -0.446739
 135.580006 -2.034330 -0.299963
 135.780006 -1.571983 -0.718001
 135.980006 -1.952677 -0.158766
 136.180006 -1.643216 -0.632876
 136.380006 -1.888360 -0.452010
 136.580006 -1.756770 -0.446469
 136.780006 -1.760748 -0.538907
 136.980007 -1.954600 -0.432936
 137.180007 -1.734480 -0.395137
 137.380007 -1.876560 -0.384365
 137.580007 -1.859790 -0.507593
 137.780007 -1.752273 -0.462054
 137.980007 -1.931061 -0.395074
 138.180007 -1.568801 -0.710172
 138.380007 -2.011581 -0.221378
 138.580007 -1.546919 -0.755129
 138.780007 -2.133960 -0.304799
 138.980007 -1.647350 -0.694268
 139.180007 -1.877329 -0.336809
 139.380007 -1.872624 -0.490897
 139.580007 -1.703784 -0.443077
 139.780007 -1.951218 -0.474070
 139.980007 -1.661125 -0.568435
 140.180007 -1.890289 -0.415184
 140.380007 -1.811639 -0.415598
 140.580007 -1.664370 -0.600177
 140.780007 -1.838843 -0.214478
 140.980007 -1.605687 -0.697167
 141.180007 -1.965423 -0.178681
 141.380007 -1.388047 -0.614576
 141.580007 -2.043608 -0.237274
 141.780007 -1.757191 -0.560002
 141.980007 -1.773398 -0.414822
 142.180007 -1.953521 -0.410240
 142.380007 -1.784359 -0.544178
 142.580007 -1.889002 -0.337714
 142.780007 -1.850313 -0.413194
 142.980007 -1.902653 -0.663021
 143.180007 -1.901181 -0.296426
 143.380007 -1.780967 -0.620110
 143.580007 -1.960869 -0.263793
 143.780007 -1.681676 -0.609934
 143.980007 -2.134833 -0.286802
 144.180007 -1.743960 -0.635700
 144.380007 -1.823702 -0.296842
 144.580007 -1.864302 -0.612730
 144.780007 -1.989615 -0.338907
 144.980007 -1.817199 -0.618830
 145.180007 -2.089210 -0.578476
 145.380007 -1.975510 -0.505247
 145.580007 -1.731780 -0.419542
 145.780007 -1.889976 -0.719993
 145.980007 -1.963397 -0.228957
 146.180007 -1.873371 -0.756056
 146.380007 -2.114753 -0.416433
 146.580007 -1.574774 -0.504198
 146.780007 -1.851194 -0.430350
 146.980007 -1.859839 -0.586422
 147.180007 -1.783511 -0.395306
 147.380007 -1.849282 -0.543179
 147.580007 -1.780656 -0.552408
 147.780007 -1.839207 -0.402928
 147.980007 -1.869222 -0.333801
 148.180007 -1.848764 -0.568731
 148.380007 -1.881238 -0.238251
 148.580007 -1.745086 -0.664315
 148.780007 -2.114103 -0.221138
 148.980007 -1.554428 -0.588761
 149.180007 -1.827233 -0.352059
 149.380007 -1.812645 -0.477298
 149.580007 -1.524917 -0.515706
 149.780007 -1.990286 -0.423302
 149.980007 -1.767178 -0.579959
 150.180007 -1.865510 -0.396894
 150.380007 -2.023639 -0.407973
 150.580007 -1.822847 -0.658523
 150.780007 -1.898939 -0.257216
 150.980007 -1.785309 -0.536563
 151.180007 -1.991831 -0.459805
 151.380007 -1.507843 -0.505210
 151.580007 -1.991666 -0.426615
 151.780007 -1.880722 -0.677576
 151.980007 -1.773377 -0.356684
 152.180007 -1.720793 -0.418853
 152.380007 -1.820762 -0.697279
 152.580007 -1.952937 -0.317885
 152.780007 -1.775804 -0.530881
 152.980007 -1.954197 -0.633212
 153.180007 -1.788111 -0.348202
 153.380007 -1.875672 -0.478977
 153.580007 -1.928204 -0.544257
 153.780007 -1.707995 -0.405488
 153.980007 -1.744129 -0.416250
 154.180007 -1.929147 -0.562352
 154.380007 -1.764975 -0.551280
 154.580007 -1.958223 -0.415967
 154.780007 -1.722111 -0.606848
 154.980007 -1.708452 -0.493752
 155.180007 -1.755255 -0.405897
 155.380007 -1.758483 -0.525200
 155.580007 -1.997437 -0.538959
 155.780007 -1.904053 -0.429531
 155.980007 -2.005000 -0.456356
 156.180007 -1.807591 -0.600770
 156.380007 -1.987376 -0.321205
 156.580007 -1.852083 -0.488133
 156.780007 -1.833292 -0.562854
 156.980007 -1.959334 -0.344267
 157.180007 -1.604852 -0.639602
 157.380007 -1.918561 -0.356579
 157.580007 -1.772429 -0.440934
 157.780007 -1.710648 -0.532645
 157.980008 -1.847796 -0.367837
 158.180008 -1.765884 -0.427038
 158.380008 -1.805529 -0.493412
 158.580008 -1.971666 -0.304694
 158.780008 -1.658623 -0.548367
 158.980008 -1.708939 -0.484135
 159.180008 -1.737244 -0.470299
 159.380008 -1.733009 -0.473716
 159.580008 -1.839545 -0.494796
 159.780008 -1.804675 -0.309724
 159.980008 -1.770676 -0.569787
 160.180008 -1.848343 -0.444051
 160.380008 -1.894364 -0.549984
 160.580008 -1.795807 -0.492280
 160.780008 -1.641758 -0.570315
 160.980008 -1.855898 -0.433918
 161.180008 -1.696451 -0.635867
 161.380008 -1.861838 -0.436315
 161.580008 -1.745772 -0.395478
 161.780008 -1.681766 -0.538676
 161.980008 -1.866788 -0.362986
 162.180008 -1.828608 -0.597491
 162.380008 -1.808102 -0.535601
 162.580008 -1.821363 -0.571237
 162.780008 -1.867116 -0.405040
 162.980008 -1.876169 -0.627818
 163.180008 -2.008122 -0.318187
 163.380008 -1.579637 -0.741057
 163.580008 -1.980287 -0.325862
 163.780008 -1.648274 -0.499509
 163.980008 -1.806566 -0.438023
 164.180008 -1.950616 -0.642660
 164.380008 -1.891774 -0.366424
 164.580008 -1.798360 -0.460984
 164.780008 -2.078602 -0.446678
 164.980008 -1.666591 -0.709902
 165.180008 -2.188189 -0.323659
 165.380008 -1.863261 -0.820285
 165.580008 -1.893694 -0.297653
 165.780008 -1.787539 -0.521417
 165.980008 -1.961126 -0.488892
 166.180008 -1.879420 -0.455664
 166.380008 -1.649734 -0.488991
 166.580008 -2.016564 -0.548852
 166.780008 -1.707641 -0.449347
 166.980008 -1.805277 -0.419127
 167.180008 -1.955361 -0.533207
 167.380008 -1.820551 -0.490880
 167.580008 -1.987193 -0.331157
 167.780008 -1.782414 -0.742728
 167.980008 -1.811628 -0.252013
 168.180008 -1.649662 -0.562300
 168.380008 -1.968583 -0.445629
 168.580008 -1.663537 -0.425579
 168.780008 -1.842933 -0.424211
 168.980008 -1.940722 -0.501421
 169.180008 -1.743035 -0.500717
 169.380008 -1.863839 -0.303121
 169.580008 -1.798399 -0.626102
 169.780008 -1.730260 -0.272921
 169.980008 -1.780094 -0.575733
 170.180008 -1.885639 -0.474430
 170.380008 -1.562849 -0.489071
 170.580008 -1.845414 -0.259900
 170.780008 -1.587023 -0.780330
 170.980008 -1.864062 -0.217989
 171.180008 -1.664972 -0.640310
 171.380008 -2.008187 -0.337731
 171.580008 -1.628185 -0.543741
 171.780008 -1.903298 -0.438135
 171.980008 -1.944176 -0.693570
 172.180008 -1.732629 -0.272697
 172.380008 -1.785989 -0.729538
 172.580008 -2.084695 -0.469727
 172.780008 -1.620621 -0.548195
 172.980008 -1.872332 -0.433519
 173.180008 -1.927044 -0.637267
 173.380008 -1.690596 -0.267834
 173.580008 -1.906538 -0.615912
 173.780008 -1.925373 -0.482683
 173.980008 -1.717348 -0.368883
 174.180008 -1.950559 -0.507888
 174.380008 -1.892349 -0.543776
 174.580008 -1.948605 -0.297777
 174.780008 -1.867720 -0.626058
 174.980008 -1.926930 -0.495118
 175.180008 -1.765549 -0.496814
 175.380008 -1.996724 -0.548352
 175.580008 -1.904237 -0.518843
 175.780008 -1.673969 -0.453218
 175.980008 -2.013971 -0.365698
 176.180008 -1.820620 -0.691768
 176.380008 -1.682429 -0.171556
 176.580008 -1.820565 -0.745731
 176.780008 -1.965483 -0.387509
 176.980008 -1.718549 -0.365324
 177.180008 -2.052564 -0.525266
 177.380008 -1.856739 -0.466169
 177.580008 -1.580628 -0.352984
 177.780008 -1.992530 -0.542644
 177.980008 -1.841228 -0.537790
 178.180008 -1.986326 -0.245074
 178.380008 -1.809668 -0.540087
 178.580008 -1.827932 -0.453122
 178.780008 -1.921882 -0.273677
 178.980009 -1.779676 -0.740641
 179.180009 -1.737959 -0.205207
 179.380009 -1.734079 -0.631963
 179.580009 -1.966249 -0.499807
 179.780009 -1.637833 -0.447962
 179.980009 -1.749271 -0.387096
 180.180009 -2.142939 -0.726996
 180.380009 -1.690637 -0.294223
 180.580009 -1.778514 -0.477130
 180.780009 -2.124475 -0.728143
 180.980009 -1.877193 -0.419006
 181.180009 -1.843771 -0.268977
 181.380009 -1.873328 -0.735932
 181.580009 -1.992849 -0.318771
 181.780009 -1.669627 -0.623290
 181.980009 -2.267484 -0.500015
 182.180009 -1.771075 -0.781830
 182.380009 -1.844448 -0.177508
 182.580009 -1.936041 -0.758476
 182.780009 -1.953787 -0.285073
 182.980009 -1.746080 -0.629972
 183.180009 -2.136205 -0.582086
 183.380009 -1.851183 -0.564488
 183.580009 -1.840995 -0.307313
 183.780009 -2.052348 -0.753462
 183.980009 -1.835161 -0.424057
 184.180009 -1.583352 -0.480520
 184.380009 -2.112316 -0.662301
 184.580009 -1.617137 -0.510166
 184.780009 -1.883726 -0.237799
 184.980009 -2.086420 -0.823950
 185.180009 -1.884590 -0.419263
 185.380009 -1.853081 -0.297721
 185.580009 -1.966414 -0.737666
 185.780009 -1.828431 -0.362918
 185.980009 -1.723839 -0.365689
 186.180009 -2.039864 -0.805670
 186.380009 -1.897499 -0.300278
 186.580009 -1.541661 -0.494874
 186.780009 -2.263140 -0.588200
 186.980009 -1.514371 -0.598518
 187.180009 -1.709850 -0.160628
 187.380009 -2.125406 -0.964045
 187.580009 -1.760612 -0.462971
 187.780009 -1.733018 -0.182219
 187.980009 -2.021236 -0.921142
 188.180009 -1.980729 -0.367287
 188.380009 -1.501866 -0.272772
 188.580009 -2.170788 -0.855038
 188.780009 -2.031480 -0.420185
 188.980009 -1.536128 -0.431787
 189.180009 -2.249702 -0.564630
 189.380009 -1.721308 -0.740560
 189.580009 -1.859600 -0.049944
 189.780009 -1.938386 -0.789835
 189.980009 -1.946993 -0.356740
 190.180009 -1.726902 -0.378468
 190.380009 -1.926845 -0.637115
 190.580009 -1.812089 -0.534204
 190.780009 -1.808739 -0.304721
 190.980009 -1.875034 -0.672887
 191.180009 -1.875341 -0.250139
 191.380009 -1.798975 -0.503642
 191.580009 -2.249517 -0.637884
 191.780009 -1.886856 -0.480295
 191.980009 -1.789491 -0.393959
 192.180009 -2.090883 -0.605518
 192.380009 -1.794900 -0.625811
 192.580009 -1.900074 -0.427159
 192.780009 -2.017495 -0.671568
 192.980009 -1.945330 -0.477137
 193.180009 -1.772669 -0.274922
 193.380009 -1.841840 -0.530412
 193.580009 -1.697224 -0.509756
 193.780009 -1.768926 -0.460135
 193.980009 -1.882408 -0.573421
 194.180009 -1.814160 -0.489086
 194.380009 -1.920512 -0.268642
 194.580009 -1.875891 -0.690949
 194.780009 -2.024758 -0.336792
 194.980009 -1.854279 -0.396798
 195.180009 -1.836988 -0.712455
 195.380009 -1.918885 -0.177817
 195.580009 -1.684730 -0.630654
 195.780009 -1.998635 -0.565612
 195.980009 -1.711712 -0.378198
 196.180009 -1.707448 -0.400085
 196.380009 -1.998292 -0.605671
 196.580009 -1.678651 -0.387404
 196.780009 -1.800404 -0.374120
 196.980009 -2.049359 -0.790974
 197.180009 -1.799960 -0.278246
 197.380009 -1.860055 -0.576362
 197.580009 -2.139402 -0.719884
 197.780009 -1.763322 -0.381725
 197.980009 -1.932880 -0.460002
 198.180009 -1.957776 -0.741058
 198.380009 -1.739444 -0.266744
 198.580009 -2.006206 -0.587398
 198.780009 -2.060514 -0.629019
 198.980009 -1.791822 -0.331796
 199.180009 -1.815673 -0.491174
 199.380009 -2.131859 -0.761140
 199.580009 -1.703419 -0.198277
 199.780009 -1.994092 -0.614955
 199.980009 -1.979102 -0.538423
