#! FIELDS time phi psi
#! SET max_psi pi
 0.180000 -1.379285 2.923285
 0.380000 -1.430029 2.579501
 0.580000 -1.007629 -3.060490
 0.780000 -1.821116 2.525177
 0.980000 -1.352103 2.886547
 1.180000 -1.185571 2.923761
 1.380000 -1.271530 2.776438
 1.580000 -1.700980 2.989906
 1.780000 -1.160205 2.743569
 1.980000 -1.230152 3.116753
 2.180000 -1.473030 2.546373
 2.380000 -1.556964 2.970063
 2.580000 -1.161906 2.826491
 2.780000 -1.263780 2.909057
 2.980000 -1.502529 2.659882
 3.180000 -1.143387 2.963469
 3.380000 -1.108371 2.882355
 3.580000 -1.470516 2.802958
 3.780000 -1.285571 2.960146
 3.980000 -1.102144 2.700627
 4.180000 -1.242721 2.967640
 4.380000 -1.338986 2.559417
 4.580000 -1.192466 3.058743
 4.780000 -1.081400 2.743731
 4.980000 -1.412988 2.778034
 5.180000 -1.303470 2.907452
 5.380000 -0.940487 2.681148
 5.580000 -1.379732 3.048494
 5.780000 -1.269917 2.453894
 5.980000 -1.283415 -2.951834
 6.180000 -1.114320 2.524222
 6.380000 -1.669716 2.983464
 6.580000 -0.841527 2.593083
 6.780000 -1.231792 3.014270
 6.980000 -1.069294 2.708906
 7.180000 -1.241299 2.690947
 7.380000 -1.051188 3.096451
 7.580000 -1.348775 2.501590
 7.780000 -1.297958 2.937502
 7.980000 -1.047766 2.794502
 8.180000 -1.159765 2.841519
 8.380000 -1.431476 2.782228
 8.580000 -1.078824 2.830319
 8.780000 -1.266430 2.933190
 8.980000 -1.247564 2.675458
 9.180000 -1.234307 2.828122
 9.380000 -0.884972 2.868915
 9.580000 -1.486912 2.868508
 9.780000 -1.260150 2.664975
 9.980000 -1.256754 2.898151
 10.180000 -1.071695 2.956854
 10.380000 -1.269261 2.712894
 10.580001 -1.546231 2.880815
 10.780001 -1.244707 2.808908
 10.980001 -1.196524 2.953131
 11.180001 -1.303221 2.859501
 11.380001 -1.262755 2.751564
 11.580001 -1.205664 2.938347
 11.780001 -0.997538 2.713269
 11.980001 -1.444659 2.812141
 12.180001 -1.171802 2.817952
 12.380001 -1.215114 2.823470
 12.580001 -1.257740 2.972705
 12.780001 -1.355069 2.624711
 12.980001 -1.156603 3.040951
 13.180001 -1.232243 2.608709
 13.380001 -1.231047 3.029279
 13.580001 -1.397932 2.822323
 13.780001 -1.140998 2.935337
 13.980001 -1.430323 2.841712
 14.180001 -1.129754 2.866717
 14.380001 -1.137908 2.889088
 14.580001 -1.346412 2.767606
 14.780001 -1.280528 2.927113
 14.980001 -1.215757 2.792898
 15.180001 -1.226802 2.996071
 15.380001 -1.361999 2.694442
 15.580001 -1.379225 2.915003
 15.780001 -1.272283 2.812017
 15.980001 -1.206426 2.848779
 16.180001 -1.422743 2.752408
 16.380001 -1.114974 2.951779
 16.580001 -1.315808 2.793642
 16.780001 -1.185281 2.841675
 16.980001 -1.346982 2.891869
 17.180001 -1.054056 2.815753
 17.380001 -1.396645 2.865734
 17.580001 -1.210716 2.800737
 17.780001 -1.286671 2.864423
 17.980001 -1.154382 2.853367
 18.180001 -1.264439 2.857128
 18.380001 -1.258841 2.861590
 18.580001 -1.322505 2.861093
 18.780001 -1.213986 2.887354
 18.980001 -1.455202 2.840293
 19.180001 -1.330132 2.842889
 19.380001 -1.317742 2.876421
 19.580001 -1.102982 2.923559
 19.780001 -1.396226 2.869380
 19.980001 -1.060525 2.812385
 20.180001 -1.295288 2.825429
 20.380001 -1.130844 2.935764
 20.580001 -1.428227 2.667673
 20.780001 -1.213656 3.125429
 20.980001 -1.396028 2.723849
 21.180001 -1.218544 3.015459
 21.380001 -1.420338 2.842281
 21.580001 -1.127549 2.982760
 21.780001 -1.386899 2.874435
 21.980001 -1.370510 2.952419
 22.180001 -1.144222 2.887193
 22.380001 -1.296545 2.793995
 22.580001 -1.373938 2.959473
 22.780001 -1.186698 2.687361
 22.980001 -1.150882 3.008967
 23.180001 -1.285305 2.721876
 23.380001 -1.227298 2.892493
 23.580001 -1.246091 2.837302
 23.780001 -1.149798 2.883638
 23.980001 -1.485435 2.827959
 24.180001 -1.263575 2.862167
 24.380001 -1.295424 2.939411
 24.580001 -1.107178 2.747471
 24.780001 -1.413142 2.984221
 24.980001 -1.049895 2.766672
 25.180001 -1.158176 2.902623
 25.380001 -1.255997 2.834292
 25.580001 -1.294008 2.696803
 25.780001 -1.101689 3.021288
 25.980001 -1.400236 2.734119
 26.180001 -1.125516 2.937002
 26.380001 -1.173926 2.570049
 26.580001 -1.114478 3.032925
 26.780001 -1.234901 2.591939
 26.980001 -1.065341 2.899608
 27.180001 -1.340436 2.808901
 27.380001 -1.273137 2.729950
 27.580001 -1.427160 3.099502
 27.780001 -1.182752 2.578981
 27.980001 -1.325216 3.011141
 28.180001 -1.141115 2.548886
 28.380001 -1.196189 2.901433
 28.580001 -1.082796 2.779811
 28.780001 -1.166645 2.721450
 28.980001 -1.237062 2.922078
 29.180001 -1.105616 2.685651
 29.380001 -1.384440 2.983561
 29.580001 -1.151496 2.564540
 29.780001 -1.264676 -3.075377
 29.980001 -1.062830 2.634748
 30.180001 -1.444800 3.013555
 30.380001 -0.917358 2.738174
 30.580001 -1.332672 2.922401
 30.780001 -1.388664 2.746067
 30.980001 -1.461222 2.768822
 31.180001 -1.131289 3.110891
 31.380001 -1.481407 2.634848
 31.580001 -1.381315 3.035201
 31.780002 -1.081959 2.649437
 31.980002 -1.193069 3.048612
 32.180002 -1.344936 2.737846
 32.380002 -1.247998 2.837843
 32.580002 -1.207094 2.917240
 32.780002 -1.396470 2.871384
 32.980002 -1.363366 2.872280
 33.180002 -1.292382 2.866378
 33.380002 -1.290047 3.016619
 33.580002 -1.401662 2.770359
 33.780002 -1.510898 2.970897
 33.980002 -0.953964 2.796310
 34.180002 -1.417569 3.030926
 34.380002 -1.262598 2.766182
 34.580002 -1.314017 2.898317
 34.780002 -1.164173 3.082389
 34.980002 -1.416331 2.637703
 35.180002 -1.472894 3.078913
 35.380002 -1.262783 2.589996
 35.580002 -1.442970 2.950733
 35.780002 -1.393463 2.684502
 35.980002 -1.219336 3.065126
 36.180002 -1.198955 2.873708
 36.380002 -1.320720 2.824834
 36.580002 -1.408492 3.000908
 36.780002 -1.223602 2.738146
 36.980002 -1.435136 3.013219
 37.180002 -1.445220 2.809706
 37.380002 -1.389082 2.926005
 37.580002 -1.183676 2.903841
 37.780002 -1.416934 2.970580
 37.980002 -1.286048 2.777088
 38.180002 -1.303410 3.001348
 38.380002 -1.161557 2.916824
 38.580002 -1.359894 2.765439
 38.780002 -1.360915 2.876708
 38.980002 -1.105143 2.792070
 39.180002 -1.619747 3.130122
 39.380002 -1.306430 2.339368
 39.580002 -1.439070 -3.037252
 39.780002 -1.118922 2.657281
 39.980002 -1.564861 2.880973
 40.180002 -1.399309 2.987984
 40.380002 -1.105940 2.784425
 40.580002 -1.577151 2.993768
 40.780002 -1.397974 2.485947
 40.980002 -1.339708 3.138676
 41.180002 -1.172247 2.829494
 41.380002 -1.470990 2.922663
 41.580002 -1.385291 2.747914
 41.780002 -1.063710 2.958645
 41.980002 -1.252120 2.968892
 42.180002 -1.385043 2.566783
 42.380002 -1.370515 2.979503
 42.580002 -1.026557 2.686761
 42.780002 -1.351715 2.991184
 42.980002 -1.218655 2.613697
 43.180002 -1.084975 3.038881
 43.380002 -1.051821 2.679624
 43.580002 -1.477598 2.891901
 43.780002 -1.254472 2.910630
 43.980002 -1.278386 2.851227
 44.180002 -1.377499 2.990266
 44.380002 -1.465475 2.807052
 44.580002 -1.216396 3.085151
 44.780002 -1.388255 2.669095
 44.980002 -1.413439 3.041531
 45.180002 -1.367234 2.611491
 45.380002 -1.172001 -3.110316
 45.580002 -1.323979 2.763616
 45.780002 -1.169538 2.973327
 45.980002 -1.402306 3.087259
 46.180002 -1.073740 2.688204
 46.380002 -1.602545 3.129479
 46.580002 -1.276923 2.674798
 46.780002 -1.405694 -3.037036
 46.980002 -1.326426 2.780268
 47.180002 -1.429814 3.003717
 47.380002 -1.256644 2.926281
 47.580002 -1.328147 2.891645
 47.780002 -1.542307 2.992708
 47.980002 -1.412417 2.818921
 48.180002 -1.422130 -3.115211
 48.380002 -1.338889 2.660048
 48.580002 -1.369624 2.870135
 48.780002 -1.182419 2.776745
 48.980002 -1.222738 2.991407
 49.180002 -1.159888 2.727903
 49.380002 -1.310073 2.690740
 49.580002 -0.866087 2.969705
 49.780002 -1.069892 2.629382
 49.980002 -1.413769 2.772187
 50.180002 -1.187367 2.802809
 50.380002 -1.222633 3.041782
 50.580002 -1.474874 2.636537
 50.780002 -1.498310 2.836760
 50.980002 -1.062002 2.801437
 51.180002 -1.055932 2.816920
 51.380002 -1.379328 2.914627
 51.580002 -1.100907 2.621706
 51.780002 -1.084566 3.108402
 51.980002 -1.100335 2.687762
 52.180002 -1.541016 2.858649
 52.380002 -1.166023 2.767962
 52.580002 -1.290130 3.007844
 52.780003 -1.380698 2.726014
 52.980003 -1.371605 2.760412
 53.180003 -0.862153 2.986733
 53.380003 -1.285644 2.724830
 53.580003 -1.252605 2.833945
 53.780003 -1.298640 2.656981
 53.980003 -1.238801 3.116228
 54.180003 -1.308840 2.517040
 54.380003 -1.288856 3.027195
 54.580003 -1.238077 2.749148
 54.780003 -1.153656 2.787225
 54.980003 -1.295914 2.924600
 55.180003 -1.068454 2.548400
 55.380003 -1.227847 3.070103
 55.580003 -1.138250 2.563635
 55.780003 -1.207174 2.964678
 55.980003 -1.304674 2.822121
 56.180003 -1.111103 2.791143
 56.380003 -1.238947 2.957482
 56.580003 -1.283134 2.684168
 56.780003 -1.338794 3.052191
 56.980003 -1.081108 2.650874
 57.180003 -1.236827 3.015362
 57.380003 -1.198899 2.683632
 57.580003 -1.221863 2.832237
 57.780003 -1.030318 2.917928
 57.980003 -1.240968 2.635481
 58.180003 -1.218417 3.007161
 58.380003 -1.270620 2.626083
 58.580003 -1.094211 3.000557
 58.780003 -1.298703 2.662599
 58.980003 -1.243772 2.779194
 59.180003 -1.338173 2.847590
 59.380003 -1.172395 2.839667
 59.580003 -1.241925 2.794378
 59.780003 -1.214652 2.988654
 59.980003 -1.257865 2.812355
 60.180003 -1.231253 2.864448
 60.380003 -1.237078 2.925829
 60.580003 -1.216321 2.870154
 60.780003 -1.355929 2.905266
 60.980003 -1.507337 2.780626
 61.180003 -1.114433 2.983361
 61.380003 -1.422192 2.768813
 61.580003 -1.316471 2.814577
 61.780003 -1.319520 2.880083
 61.980003 -1.086387 2.855531
 62.180003 -1.316701 2.789906
 62.380003 -1.173047 2.863272
 62.580003 -1.298697 2.830362
 62.780003 -1.432941 2.933001
 62.980003 -1.310178 2.750012
 63.180003 -1.218269 3.136662
 63.380003 -1.414485 2.777538
 63.580003 -1.359718 2.988649
 63.780003 -1.388417 2.874895
 63.980003 -1.087968 2.819284
 64.180003 -1.610438 3.075509
 64.380003 -1.170785 2.682984
 64.580003 -1.416392 -3.070067
 64.780003 -1.268401 2.627245
 64.980003 -1.446062 3.017786
 65.180003 -1.105199 2.798937
 65.380003 -1.296854 2.782315
 65.580003 -1.404876 3.097424
 65.780003 -1.177671 2.449368
 65.980003 -1.477467 -2.905846
 66.180003 -1.181051 2.334357
 66.380003 -1.228781 -3.047917
 66.580003 -1.262658 2.628406
 66.780003 -1.311395 2.975587
 66.980003 -1.274412 2.940401
 67.180003 -1.282720 2.614848
 67.380003 -1.398655 -2.930443
 67.580003 -1.334105 2.310416
 67.780003 -1.262988 -2.712047
 67.980003 -1.179720 2.362510
 68.180003 -1.283427 3.065887
 68.380003 -1.324466 2.896755
 68.580003 -1.145858 2.694570
 68.780003 -1.490153 3.110705
 68.980003 -1.271219 2.480993
 69.180003 -1.374287 -2.947713
 69.380003 -1.147094 2.528479
 69.580003 -1.340736 -3.067296
 69.780003 -1.098574 2.494153
 69.980003 -1.129518 2.940148
 70.180003 -1.148669 2.792483
 70.380003 -1.236554 2.806896
 70.580003 -1.167090 3.071528
 70.780003 -1.377326 2.602813
 70.980003 -1.225022 3.096207
 71.180003 -1.297338 2.548189
 71.380003 -1.296754 -3.127024
 71.580003 -1.312650 2.583646
 71.780003 -1.299283 -3.135326
 71.980003 -1.476585 2.684148
 72.180003 -1.318900 2.892502
 72.380003 -1.152980 2.858121
 72.580003 -1.205536 2.812919
 72.780003 -1.359415 2.966356
 72.980003 -1.088163 2.638743
 73.180003 -1.378463 -3.113973
 73.380003 -1.143108 2.608598
 73.580003 -1.381177 3.067331
 73.780004 -1.092331 2.667267
 73.980004 -1.376323 2.954793
 74.180004 -1.138219 2.741013
 74.380004 -1.358568 2.949500
 74.580004 -1.062130 2.895078
 74.780004 -1.481762 2.707911
 74.980004 -1.292327 -3.072684
 75.180004 -1.242424 2.557120
 75.380004 -1.412261 3.113260
 75.580004 -1.227057 2.680164
 75.780004 -1.239742 3.016938
 75.980004 -1.135303 2.772193
 76.180004 -1.295620 2.947012
 76.380004 -1.092981 2.821947
 76.580004 -1.324738 2.770169
 76.780004 -1.239861 2.913637
 76.980004 -1.089368 2.705526
 77.180004 -1.515786 3.097764
 77.380004 -1.121726 2.664728
 77.580004 -1.342814 3.049184
 77.780004 -1.376248 2.618008
 77.980004 -1.330068 2.944634
 78.180004 -1.170756 2.826933
 78.380004 -1.146276 2.810002
 78.580004 -1.320010 2.894550
 78.780004 -1.098917 2.715412
 78.980004 -1.369990 3.022573
 79.180004 -1.220182 2.659579
 79.380004 -1.380161 3.026579
 79.580004 -1.133156 2.810340
 79.780004 -1.296545 2.952641
 79.980004 -1.352645 2.775018
 80.180004 -1.319327 2.916118
 80.380004 -1.279022 2.918750
 80.580004 -1.384774 2.665293
 80.780004 -1.176464 3.067306
 80.980004 -1.101308 2.719637
 81.180004 -1.475477 2.967031
 81.380004 -1.333367 2.670805
 81.580004 -1.314180 -3.123879
 81.780004 -1.314994 2.704100
 81.980004 -1.270874 2.920155
 82.180004 -1.218157 2.962392
 82.380004 -1.069821 2.728735
 82.580004 -1.565925 2.946670
 82.780004 -1.300897 2.757668
 82.980004 -1.308576 3.112706
 83.180004 -1.238582 2.775107
 83.380004 -1.385525 2.875304
 83.580004 -1.192954 2.877041
 83.780004 -1.082631 2.853781
 83.980004 -1.474058 2.969821
 84.180004 -1.228579 2.739785
 84.380004 -1.315993 3.067587
 84.580004 -1.356434 2.897767
 84.780004 -1.413342 3.069458
 84.980004 -1.471558 2.887393
 85.180004 -1.355752 3.055612
 85.380004 -1.529000 2.953648
 85.580004 -1.477888 2.903401
 85.780004 -1.399423 3.021534
 85.980004 -1.380641 2.899457
 86.180004 -1.356378 3.073526
 86.380004 -1.307172 2.786907
 86.580004 -1.135078 3.096830
 86.780004 -1.426491 2.860545
 86.980004 -1.418451 2.999162
 87.180004 -1.419096 2.912168
 87.380004 -1.323400 3.015582
 87.580004 -1.748749 2.924239
 87.780004 -1.210851 2.854899
 87.980004 -1.366664 3.055085
 88.180004 -1.245611 2.725589
 88.380004 -1.537328 2.987751
 88.580004 -1.159706 2.886974
 88.780004 -1.278765 2.888402
 88.980004 -1.342435 2.949997
 89.180004 -1.322523 2.711914
 89.380004 -1.152824 3.083509
 89.580004 -1.391793 2.683014
 89.780004 -1.331547 2.983724
 89.980004 -1.233190 2.795310
 90.180004 -1.176682 2.966344
 90.380004 -1.300850 2.828569
 90.580004 -1.324350 2.862552
 90.780004 -1.347868 3.040806
 90.980004 -1.427154 2.818376
 91.180004 -1.422367 3.000763
 91.380004 -1.301695 2.824574
 91.580004 -1.244447 3.004781
 91.780004 -1.308037 2.735738
 91.980004 -1.405502 3.071985
 92.180004 -1.178839 2.773171
 92.380004 -1.249035 2.953728
 92.580004 -1.275914 2.864993
 92.780004 -1.226265 2.841175
 92.980004 -1.353085 2.990107
 93.180004 -1.283460 2.667012
 93.380004 -1.389124 2.945470
 93.580004 -1.119733 2.811715
 93.780004 -1.247236 2.856920
 93.980004 -1.384320 2.867621
 94.180004 -1.198143 3.027313
 94.380004 -1.152118 2.876918
 94.580004 -1.462723 2.820924
 94.780005 -1.387881 2.878146
 94.980005 -1.149292 2.885950
 95.180005 -1.387325 2.911284
 95.380005 -1.499789 2.809309
 95.580005 -1.107377 2.826953
 95.780005 -1.159743 2.942470
 95.980005 -1.124967 2.772241
 96.180005 -1.316657 2.803757
 96.380005 -1.030721 2.986381
 96.580005 -1.352950 2.769984
 96.780005 -1.494636 2.801003
 96.980005 -1.368264 2.868788
 97.180005 -1.107951 3.004531
 97.380005 -1.491594 2.726538
 97.580005 -1.288572 2.988610
 97.780005 -1.093194 2.804394
 97.980005 -1.317832 2.978477
 98.180005 -1.570746 2.779620
 98.380005 -1.212934 3.033462
 98.580005 -1.242187 2.798730
 98.780005 -1.439680 2.898064
 98.980005 -1.265054 2.767234
 99.180005 -1.245581 2.945764
 99.380005 -1.206895 2.832126
 99.580005 -1.362426 2.740705
 99.780005 -1.146292 2.881355
 99.980005 -1.218576 2.792364
 100.180005 -1.326395 2.934641
 100.380005 -1.287468 2.818244
 100.580005 -1.239147 3.033114
 100.780005 -1.306245 2.649003
 100.980005 -1.156732 3.031557
 101.180005 -1.413300 2.672651
 101.380005 -1.066601 2.942426
 101.580005 -1.445276 2.901113
 101.780005 -1.128271 2.873320
 101.980005 -1.433839 2.934025
 102.180005 -1.277439 2.831037
 102.380005 -1.478404 3.107820
 102.580005 -1.268001 2.698917
 102.780005 -1.605009 3.139966
 102.980005 -1.044719 2.759931
 103.180005 -1.412787 2.966475
 103.380005 -1.179377 2.932842
 103.580005 -1.324893 2.609171
 103.780005 -1.385188 -3.105960
 103.980005 -1.283877 2.623301
 104.180005 -1.274571 3.009176
 104.380005 -1.169469 2.761748
 104.580005 -1.347094 2.940590
 104.780005 -1.152396 2.835086
 104.980005 -1.399682 2.833588
 105.180005 -1.035157 2.807090
 105.380005 -1.184491 2.773704
 105.580005 -1.034548 2.980561
 105.780005 -1.272934 2.632970
 105.980005 -1.215715 3.084874
 106.180005 -1.246156 2.595414
 106.380005 -1.405054 2.990863
 106.580005 -1.254856 2.770456
 106.780005 -1.110712 2.861036
 106.980005 -1.402566 2.960978
 107.180005 -1.051701 2.563343
 107.380005 -1.314928 -3.097781
 107.580005 -1.115736 2.468599
 107.780005 -1.483347 -3.103881
 107.980005 -1.117839 2.679769
 108.180005 -1.352627 3.064615
 108.380005 -1.105888 2.728815
 108.580005 -1.432383 2.836654
 108.780005 -1.178095 2.886314
 108.980005 -1.415776 2.751236
 109.180005 -1.219005 3.025021
 109.380005 -1.330463 2.706552
 109.580005 -1.173134 3.093522
 109.780005 -1.463066 2.576735
 109.980005 -1.296007 -3.049922
 110.180005 -1.219227 2.678122
 110.380005 -1.353257 2.851750
 110.580005 -1.342012 2.970527
 110.780005 -1.142945 2.582643
 110.980005 -1.482423 -3.131513
 111.180005 -1.227557 2.596161
 111.380005 -1.224384 3.132741
 111.580005 -1.064759 2.599674
 111.780005 -1.456424 2.775406
 111.980005 -1.154678 2.828137
 112.180005 -1.083910 2.792669
 112.380005 -1.535160 2.837387
 112.580005 -1.108092 2.745469
 112.780005 -1.334894 2.983144
 112.980005 -1.098503 2.790464
 113.180005 -1.526166 2.860777
 113.380005 -1.203332 2.861123
 113.580005 -1.095076 2.917331
 113.780005 -1.299608 2.883830
 113.980005 -1.463781 2.733870
 114.180005 -1.053921 2.953214
 114.380005 -1.383644 2.868548
 114.580005 -1.178946 2.785648
 114.780005 -1.345091 2.805636
 114.980005 -0.994089 2.988659
 115.180005 -1.417862 2.643148
 115.380005 -1.104907 2.872093
 115.580005 -1.346589 2.853559
 115.780005 -1.164051 2.909498
 115.980006 -1.349832 2.686167
 116.180006 -1.229406 2.968684
 116.380006 -1.134336 2.839454
 116.580006 -1.432198 2.799769
 116.780006 -1.402639 2.923163
 116.980006 -1.143617 2.794548
 117.180006 -1.221144 2.870213
 117.380006 -1.290765 2.851119
 117.580006 -1.225024 2.815141
 117.780006 -1.083721 2.947776
 117.980006 -1.531553 2.924670
 118.180006 -1.330802 2.865653
 118.380006 -1.197515 2.981643
 118.580006 -1.462766 2.855925
 118.780006 -1.470452 2.894305
 118.980006 -1.307322 2.877399
 119.180006 -1.097589 3.032862
 119.380006 -1.550523 2.793184
 119.580006 -1.424561 2.918168
 119.780006 -1.173616 3.041562
 119.980006 -1.412210 2.843134
 120.180006 -1.570959 2.940829
 120.380006 -1.203557 2.749635
 120.580006 -1.181256 3.013267
 120.780006 -1.337618 2.830579
 120.980006 -1.443801 3.021826
 121.180006 -1.044686 2.913628
 121.380006 -1.336283 2.778111
 121.580006 -1.485532 2.965708
 121.780006 -1.384433 2.683296
 121.980006 -1.335524 -3.079263
 122.180006 -1.526733 2.681281
 122.380006 -1.323307 3.045936
 122.580006 -1.276607 2.822794
 122.780006 -1.263952 2.910387
 122.980006 -1.518093 3.044078
 123.180006 -1.271300 2.835265
 123.380006 -1.378729 3.139771
 123.580006 -1.512764 2.728718
 123.780006 -1.502177 3.039220
 123.980006 -1.226614 2.922086
 124.180006 -1.446193 3.086431
 124.380006 -1.420143 2.710501
 124.580006 -1.218203 2.972640
 124.780006 -1.147337 2.896628
 124.980006 -1.561017 2.870821
 125.180006 -1.526373 3.018523
 125.380006 -1.288669 2.788274
 125.580006 -1.481296 -3.071077
 125.780006 -1.441299 2.635189
 125.980006 -1.341888 2.922843
 126.180006 -1.125126 2.925583
 126.380006 -1.292024 2.768094
 126.580006 -1.451721 2.947749
 126.780006 -1.293788 2.664687
 126.980006 -1.403161 3.056318
 127.180006 -1.412577 2.666157
 127.380006 -1.299056 3.134043
 127.580006 -1.243824 2.851608
 127.780006 -1.358805 2.890125
 127.980006 -1.444917 2.867888
 128.180006 -1.138698 2.861776
 128.380006 -1.488831 2.982192
 128.580006 -1.543985 2.656870
 128.780006 -1.283169 3.092927
 128.980006 -1.118736 2.708900
 129.180006 -1.330380 2.992894
 129.380006 -1.252134 2.691749
 129.580006 -0.996991 2.961758
 129.780006 -1.406828 2.827223
 129.980006 -1.391535 2.721906
 130.180006 -1.230074 3.004582
 130.380006 -1.160145 2.792183
 130.580006 -1.500114 3.005465
 130.780006 -1.314339 2.708275
 130.980006 -1.215636 -3.036507
 131.180006 -1.449220 2.639984
 131.380006 -1.467167 2.979815
 131.580006 -1.135806 2.908469
 131.780006 -1.323563 2.861556
 131.980006 -1.168792 3.026476
 132.180006 -1.353743 2.501981
 132.380006 -1.358102 -2.977232
 132.580006 -1.412699 2.541411
 132.780006 -1.530108 -3.016152
 132.980006 -1.090999 2.614825
 133.180006 -1.343847 3.007454
 133.380006 -1.349919 2.674764
 133.580006 -1.148950 2.945954
 133.780006 -1.300223 2.879931
 133.980006 -1.300587 2.746396
 134.180006 -1.248395 2.928784
 134.380006 -1.257930 2.617556
 134.580006 -1.364387 2.966874
 134.780006 -1.306863 2.898158
 134.980006 -1.238145 2.966652
 135.180006 -1.422613 2.926303
 135.380006 -1.407400 2.917404
 135.580006 -1.098498 2.829355
 135.780006 -1.561827 2.830649
 135.980006 -1.294382 2.854348
 136.180006 -1.175056 2.922513
 136.380006 -1.263582 2.916309
 136.580006 -1.224068 2.833140
 136.780006 -1.189569 2.771420
 136.980007 -1.142163 2.871715
 137.180007 -1.396717 2.742501
 137.380007 -1.244758 2.799170
 137.580007 -1.146009 2.976050
 137.780007 -1.229584 2.772830
 137.980007 -1.395111 2.947356
 138.180007 -1.210425 2.787249
 138.380007 -1.350334 2.843814
 138.580007 -1.360195 2.738883
 138.780007 -1.226975 2.906273
 138.980007 -1.174219 2.845245
 139.180007 -1.254793 2.791784
 139.380007 -1.273160 2.817204
 139.580007 -0.985117 2.846878
 139.780007 -1.361184 2.938650
 139.980007 -1.286302 2.714589
 140.180007 -1.395637 2.889600
 140.380007 -1.244632 2.958998
 140.580007 -1.352371 2.812081
 140.780007 -1.190859 2.886711
 140.980007 -1.215992 2.871428
 141.180007 -1.240698 2.864131
 141.380007 -1.255658 2.854478
 141.580007 -1.170193 2.916239
 141.780007 -1.291968 2.908027
 141.980007 -1.314370 2.830631
 142.180007 -1.316186 2.797427
 142.380007 -1.303536 2.943667
 142.580007 -1.308953 2.816749
 142.780007 -1.325229 2.961565
 142.980007 -1.252659 2.792357
 143.180007 -1.152770 2.872230
 143.380007 -1.270995 2.815663
 143.580007 -1.262467 2.866816
 143.780007 -1.200412 2.913973
 143.980007 -1.273055 2.715063
 144.180007 -1.189627 2.976932
 144.380007 -1.008964 2.635358
 144.580007 -1.259563 2.977569
 144.780007 -1.235923 2.661818
 144.980007 -1.323358 2.945517
 145.180007 -1.188839 2.899516
 145.380007 -1.274143 2.748241
 145.580007 -1.123678 2.844933
 145.780007 -1.153622 2.732034
 145.980007 -1.212655 2.992943
 146.180007 -1.283824 2.567892
 146.380007 -1.061419 2.997756
 146.580007 -1.209364 2.756932
 146.780007 -1.259801 2.967036
 146.980007 -1.387453 2.723877
 147.180007 -1.221917 2.860898
 147.380007 -1.375188 2.826590
 147.580007 -1.065384 2.770631
 147.780007 -1.307646 2.974514
 147.980007 -1.162161 2.647638
 148.180007 -1.670292 2.899030
 148.380007 -1.102698 2.770476
 148.580007 -1.214681 2.956595
 148.780007 -1.245468 2.893640
 148.980007 -1.331373 2.712987
 149.180007 -1.021246 2.964076
 149.380007 -1.370361 2.923759
 149.580007 -1.322082 2.760757
 149.780007 -1.364120 2.969656
 149.980007 -1.375371 3.005291
 150.180007 -1.399530 2.769142
 150.380007 -1.496391 3.032337
 150.580007 -1.034268 2.760385
 150.780007 -1.296686 2.963804
 150.980007 -1.193448 2.765600
 151.180007 -1.184278 3.024678
 151.380007 -1.124033 2.739642
 151.580007 -1.428880 2.857654
 151.780007 -1.342343 2.988349
 151.980007 -1.175892 2.730774
 152.180007 -1.558571 3.077995
 152.380007 -1.480241 2.707381
 152.580007 -1.244434 2.962755
 152.780007 -1.428297 2.916757
 152.980007 -1.367195 2.919305
 153.180007 -1.258646 2.809444
 153.380007 -1.267320 3.074565
 153.580007 -1.434701 2.744415
 153.780007 -1.207502 2.942524
 153.980007 -1.354802 3.001576
 154.180007 -1.258074 2.738251
 154.380007 -1.508325 2.906234
 154.580007 -1.110988 2.914866
 154.780007 -1.324734 2.977813
 154.980007 -1.459498 2.788698
 155.180007 -1.523488 3.032562
 155.380007 -1.119610 2.876530
 155.580007 -1.411159 2.868642
 155.780007 -1.387706 2.964486
 155.980007 -1.178403 2.847784
 156.180007 -1.417753 2.998420
 156.380007 -1.463685 2.758589
 156.580007 -1.275897 2.880423
 156.780007 -1.295520 2.898967
 156.980007 -1.323384 2.874673
 157.180007 -1.190073 2.869195
 157.380007 -1.222703 2.930241
 157.580007 -1.202229 2.849121
 157.780007 -1.503286 2.813669
 157.980008 -1.215579 2.913396
 158.180008 -1.441515 2.923261
 158.380008 -1.399903 2.807671
 158.580008 -1.394699 2.971181
 158.780008 -1.141167 2.851352
 158.980008 -1.315908 2.896137
 159.180008 -1.443841 2.780198
 159.380008 -1.051205 2.958126
 159.580008 -1.223531 2.872439
 159.780008 -1.571672 2.795144
 159.980008 -1.282507 2.923903
 160.180008 -1.313574 2.798097
 160.380008 -1.328781 2.908054
 160.580008 -1.308651 2.669688
 160.780008 -1.124512 2.942888
 160.980008 -1.182315 2.917961
 161.180008 -1.195911 2.730533
 161.380008 -1.582124 3.045108
 161.580008 -0.957489 2.696828
 161.780008 -1.550071 3.087228
 161.980008 -1.202048 2.647578
 162.180008 -1.295684 2.961568
 162.380008 -1.106354 2.826453
 162.580008 -1.165803 2.706324
 162.780008 -1.257815 2.890597
 162.980008 -1.056624 2.770629
 163.180008 -1.230818 2.859166
 163.380008 -1.101959 2.631158
 163.580008 -1.266163 3.050377
 163.780008 -1.114826 2.560344
 163.980008 -1.397940 3.088977
 164.180008 -1.366496 2.697480
 164.380008 -1.216726 2.973958
 164.580008 -1.342077 2.730954
 164.780008 -1.277569 2.801731
 164.980008 -1.236287 2.943383
 165.180008 -1.187542 2.594417
 165.380008 -1.202713 -3.123311
 165.580008 -1.326578 2.592815
 165.780008 -1.189382 3.085596
 165.980008 -1.186195 2.644550
 166.180008 -1.248387 2.918187
 166.380008 -1.360436 2.858024
 166.580008 -1.265630 2.706644
 166.780008 -1.301931 -3.068576
 166.980008 -1.263711 2.554658
 167.180008 -1.240775 2.918156
 167.380008 -1.112175 2.800081
 167.580008 -1.100593 2.762768
 167.780008 -1.257604 2.937515
 167.980008 -1.215469 2.796501
 168.180008 -1.206125 2.890904
 168.380008 -1.303021 2.667137
 168.580008 -1.170222 2.951005
 168.780008 -1.186471 2.736760
 168.980008 -1.186877 2.883126
 169.180008 -1.152260 2.843198
 169.380008 -1.129634 2.833553
 169.580008 -1.169322 2.883991
 169.780008 -1.256700 2.760568
 169.980008 -1.332324 2.891969
 170.180008 -1.309643 2.725250
 170.380008 -1.259651 3.121885
 170.580008 -1.408935 2.651852
 170.780008 -1.480826 2.972730
 170.980008 -1.077481 2.829166
 171.180008 -1.448654 2.890942
 171.380008 -1.308293 2.860384
 171.580008 -1.083944 2.801838
 171.780008 -1.275326 3.043029
 171.980008 -1.420379 2.601046
 172.180008 -1.510977 3.095743
 172.380008 -1.131020 2.729152
 172.580008 -1.626744 2.989845
 172.780008 -1.492730 2.718485
 172.980008 -1.336088 2.973920
 173.180008 -1.233884 3.094484
 173.380008 -1.386823 2.757017
 173.580008 -1.368521 2.989025
 173.780008 -1.000321 2.905658
 173.980008 -1.433343 2.879780
 174.180008 -1.426374 2.725885
 174.380008 -1.370223 2.907596
 174.580008 -1.191237 2.923607
 174.780008 -1.558947 2.833408
 174.980008 -1.238984 2.939975
 175.180008 -1.068543 2.795425
 175.380008 -1.304504 2.999227
 175.580008 -1.402495 2.607104
 175.780008 -1.241816 2.856014
 175.980008 -1.170123 3.030270
 176.180008 -1.210141 2.839884
 176.380008 -1.498457 2.843423
 176.580008 -1.252874 2.771424
 176.780008 -1.162006 3.085136
 176.980008 -1.407168 2.664531
 177.180008 -1.540000 3.055537
 177.380008 -1.283497 2.742618
 177.580008 -1.186984 3.125078
 177.780008 -1.324427 2.879688
 177.980008 -1.528945 2.762573
 178.180008 -1.246006 3.031583
 178.380008 -1.278325 2.700580
 178.580008 -1.235338 2.908690
 178.780008 -1.179398 2.743044
 178.980009 -1.202360 3.015267
 179.180009 -1.129995 2.735871
 179.380009 -1.390721 2.749023
 179.580009 -1.100068 2.994701
 179.780009 -1.246472 2.699955
 179.980009 -1.240220 3.008783
 180.180009 -1.352765 2.709261
 180.380009 -1.344981 2.993324
 180.580009 -1.273395 2.857241
 180.780009 -1.266870 2.813074
 180.980009 -1.233720 2.848269
 181.180009 -1.227970 2.819550
 181.380009 -1.023568 2.894864
 181.580009 -1.246188 2.729815
 181.780009 -1.168916 2.930552
 181.980009 -1.052698 2.732758
 182.180009 -1.292714 2.762188
 182.380009 -1.298516 2.934768
 182.580009 -1.156758 2.762801
 182.780009 -1.266147 3.028110
 182.980009 -1.331269 2.745465
 183.180009 -1.473919 2.864804
 183.380009 -1.154917 2.876510
 183.580009 -1.238944 2.866894
 183.780009 -1.284539 2.841320
 183.980009 -1.310353 2.751409
 184.180009 -1.028715 3.050492
 184.380009 -1.204592 2.634235
 184.580009 -1.369732 2.873814
 184.780009 -1.166533 2.822435
 184.980009 -1.182312 2.917597
 185.180009 -1.318896 2.870497
 185.380009 -1.321144 2.761822
 185.580009 -1.139432 2.984130
 185.780009 -1.288536 2.708766
 185.980009 -1.372136 2.921380
 186.180009 -1.156277 2.737826
 186.380009 -1.208049 3.023936
 186.580009 -1.238876 2.720385
 186.780009 -1.116103 2.817050
 186.980009 -1.213205 2.835175
 187.180009 -1.206801 2.789630
 187.380009 -1.301166 2.906169
 187.580009 -1.062415 2.809355
 187.780009 -1.221501 2.941776
 187.980009 -1.111900 2.705457
 188.180009 -1.339112 2.966986
 188.380009 -1.190566 2.780593
 188.580009 -1.195704 2.873927
 188.780009 -1.493839 2.791723
 188.980009 -1.184916 2.835532
 189.180009 -1.294995 2.771287
 189.380009 -1.310047 2.884577
 189.580009 -1.251106 2.915434
 189.780009 -1.251929 2.809017
 189.980009 -1.318419 3.050737
 190.180009 -1.384663 2.681484
 190.380009 -1.239501 2.945968
 190.580009 -1.305494 2.924442
 190.780009 -1.203681 2.792518
 190.980009 -1.302119 2.975764
 191.180009 -1.329741 2.586407
 191.380009 -1.138165 3.029492
 191.580009 -1.221049 2.710672
 191.780009 -1.117954 2.943200
 191.980009 -1.100381 2.717591
 192.180009 -1.211090 2.813469
 192.380009 -1.036766 2.792789
 192.580009 -1.238873 2.791087
 192.780009 -1.293108 2.930906
 192.980009 -1.225477 2.733191
 193.180009 -1.362213 3.002907
 193.380009 -1.207335 2.769184
 193.580009 -1.415101 2.917345
 193.780009 -1.200857 2.839090
 193.980009 -1.345781 2.879480
 194.180009 -1.107149 2.946395
 194.380009 -1.331136 2.710365
 194.580009 -1.157924 2.953936
 194.780009 -1.244762 2.717317
 194.980009 -1.248512 2.912915
 195.180009 -1.429590 2.842839
 195.380009 -1.268251 2.838770
 195.580009 -1.409996 3.040282
 195.780009 -1.378858 2.706775
 195.980009 -1.345055 3.084841
 196.180009 -1.297360 2.769712
 196.380009 -1.204106 2.958160
 196.580009 -1.321854 2.920525
 196.780009 -1.242475 2.814717
 196.980009 -1.461483 3.081790
 197.180009 -1.289755 2.652375
 197.380009 -1.281495 3.114639
 197.580009 -1.271536 2.663909
 197.780009 -1.161238 2.977459
 197.980009 -1.230377 2.745151
 198.180009 -1.158702 2.859848
 198.380009 -1.482494 2.962434
 198.580009 -1.265180 2.764197
 198.780009 -1.382063 3.080110
 198.980009 -1.320367 2.645586
 199.180009 -1.196327 3.102586
 199.380009 -1.341683 2.740544
 199.580009 -1.269972 2.990316
 199.780009 -1.358182 2.928891
 199.980009 -1.141272 2.882548
