#! FIELDS time phi psi
#! SET max_psi pi
 0.180000 2.228829 1.522941
 0.380000 2.819256 1.893606
 0.580000 2.468808 0.923337
 0.780000 1.851011 1.309188
 0.980000 2.295163 1.250627
 1.180000 2.856402 1.375103
 1.380000 2.473019 1.317371
 1.580000 2.086107 1.321730
 1.780000 2.697256 1.387471
 1.980000 2.755755 1.329548
 2.180000 2.134366 1.397738
 2.380000 2.500907 1.196083
 2.580000 2.589974 1.757284
 2.780000 -3.108831 1.183349
 2.980000 2.125064 1.377452
 3.180000 1.934747 1.071731
 3.380000 2.770123 1.513443
 3.580000 2.989080 1.618370
 3.780000 2.260270 1.089144
 3.980000 2.196244 1.673543
 4.180000 2.887184 1.048378
 4.380000 2.799556 1.838531
 4.580000 2.708989 1.278014
 4.780000 2.867749 1.270102
 4.980000 2.840776 1.731211
 5.180000 2.864155 1.148696
 5.380000 2.418932 1.551714
 5.580000 2.799650 1.260777
 5.780000 2.806697 1.417935
 5.980000 2.676686 1.329587
 6.180000 2.644058 1.270373
 6.380000 2.489282 1.360740
 6.580000 2.810537 1.155890
 6.780000 2.688828 1.680845
 6.980000 2.786230 1.212521
 7.180000 2.427851 1.374534
 7.380000 2.493682 1.220624
 7.580000 2.785315 1.224070
 7.780000 2.506939 1.387257
 7.980000 2.505414 1.172158
 8.180000 2.607868 1.433995
 8.380000 2.674660 1.244628
 8.580000 2.393417 1.397069
 8.780000 2.642382 1.476042
 8.980000 2.800505 1.144446
 9.180000 2.373876 1.542248
 9.380000 2.818832 1.134262
 9.580000 2.609869 1.625527
 9.780000 2.683418 1.393629
 9.980000 2.693931 1.214875
 10.180000 2.688727 1.569220
 10.380000 2.841625 1.144939
 10.580001 2.625945 1.715169
 10.780001 2.789305 1.092690
 10.980001 2.880031 1.597442
 11.180001 2.740993 1.359570
 11.380001 2.687349 1.385148
 11.580001 2.743878 1.642037
 11.780001 2.793128 1.138634
 11.980001 2.325406 1.607490
 12.180001 2.581815 1.158182
 12.380001 2.772634 1.443907
 12.580001 2.638964 1.357045
 12.780001 2.792536 1.367072
 12.980001 2.850926 1.465126
 13.180001 2.955835 1.076022
 13.380001 2.616018 1.707413
 13.580001 2.910570 1.294863
 13.780001 2.653872 1.453338
 13.980001 2.522500 1.476663
 14.180001 2.753491 1.161549
 14.380001 2.568663 1.524499
 14.580001 2.644067 1.044081
 14.780001 2.520268 1.524780
 14.980001 2.855272 1.210063
 15.180001 2.586158 1.350218
 15.380001 2.609537 1.500576
 15.580001 2.761291 1.061785
 15.780001 2.509826 1.523348
 15.980001 2.453948 1.070995
 16.180001 2.443614 1.609768
 16.380001 2.681351 1.237353
 16.580001 2.678467 1.326496
 16.780001 2.515935 1.401000
 16.980001 2.751390 1.163882
 17.180001 2.622555 1.498146
 17.380001 2.742594 1.067187
 17.580001 2.580669 1.545162
 17.780001 2.799555 1.329953
 17.980001 2.718972 1.451707
 18.180001 2.858031 1.488945
 18.380001 2.932004 1.055681
 18.580001 2.597326 1.858999
 18.780001 2.695149 1.035720
 18.980001 2.792001 1.640922
 19.180001 2.860274 1.369238
 19.380001 2.595020 1.239827
 19.580001 2.612085 1.716690
 19.780001 3.117360 1.066100
 19.980001 2.496318 1.671646
 20.180001 2.571111 1.204545
 20.380001 2.793735 1.388733
 20.580001 2.799135 1.563164
 20.780001 2.528712 1.115666
 20.980001 2.342235 1.538198
 21.180001 2.769074 1.129420
 21.380001 2.436917 1.533521
 21.580001 2.675845 1.072375
 21.780001 2.646218 1.423980
 21.980001 2.738744 1.549464
 22.180001 2.834922 1.087962
 22.380001 2.442848 1.591620
 22.580001 2.727311 1.114664
 22.780001 2.611365 1.555000
 22.980001 2.733635 1.208264
 23.180001 2.658817 1.342529
 23.380001 2.704887 1.420681
 23.580001 2.624198 1.167308
 23.780001 2.446663 1.620189
 23.980001 2.811716 0.981201
 24.180001 2.645086 1.663584
 24.380001 2.682138 1.190309
 24.580001 2.599798 1.399677
 24.780001 2.693939 1.518277
 24.980001 2.774680 1.149479
 25.180001 2.595080 1.594690
 25.380001 2.781129 1.110286
 25.580001 2.796664 1.575959
 25.780001 2.857331 1.325344
 25.980001 2.796005 1.420534
 26.180001 2.825485 1.454388
 26.380001 2.838687 1.379078
 26.580001 2.735598 1.542718
 26.780001 2.649573 1.481840
 26.980001 2.774533 1.403947
 27.180001 2.718435 1.448282
 27.380001 2.725290 1.191731
 27.580001 2.399608 1.452546
 27.780001 2.870465 1.299349
 27.980001 2.780915 1.427410
 28.180001 2.546800 1.306569
 28.380001 2.720046 1.242235
 28.580001 2.673375 1.539880
 28.780001 2.661148 1.320680
 28.980001 2.655986 1.363233
 29.180001 2.731903 1.424658
 29.380001 2.845453 1.531904
 29.580001 2.724122 1.271459
 29.780001 2.863975 1.551100
 29.980001 2.784350 1.306116
 30.180001 2.610418 1.523700
 30.380001 2.873504 1.376635
 30.580001 2.753514 1.315679
 30.780001 2.684484 1.508296
 30.980001 2.678671 1.202729
 31.180001 2.734669 1.512478
 31.380001 2.726816 1.277341
 31.580001 2.554942 1.482857
 31.780002 2.582699 1.322028
 31.980002 2.760958 1.200325
 32.180002 2.439848 1.340786
 32.380002 2.722155 1.228396
 32.580002 2.769935 1.490238
 32.780002 2.678260 1.236880
 32.980002 2.544830 1.351868
 33.180002 2.575955 1.451437
 33.380002 2.818460 1.257721
 33.580002 2.632407 1.545031
 33.780002 2.615141 1.191453
 33.980002 2.861674 1.589518
 34.180002 2.852806 1.366505
 34.380002 2.776665 1.397371
 34.580002 2.926692 1.575327
 34.780002 2.930066 1.360795
 34.980002 2.513673 1.437161
 35.180002 2.786545 1.316380
 35.380002 2.823664 1.460942
 35.580002 2.509504 1.351349
 35.780002 2.513773 1.268080
 35.980002 2.773235 1.568732
 36.180002 2.787517 1.236057
 36.380002 2.706282 1.440588
 36.580002 2.695554 1.239017
 36.780002 2.871370 1.242254
 36.980002 2.446397 1.512064
 37.180002 2.688695 1.163052
 37.380002 2.638748 1.459896
 37.580002 2.623162 1.195324
 37.780002 2.461156 1.421563
 37.980002 2.658164 1.384130
 38.180002 2.812940 1.297258
 38.380002 2.512414 1.464653
 38.580002 2.868255 1.240966
 38.780002 2.614003 1.464787
 38.980002 2.655560 1.233204
 39.180002 2.704751 1.413824
 39.380002 2.906676 1.412212
 39.580002 2.702473 1.219545
 39.780002 2.602418 1.583246
 39.980002 2.898341 1.178369
 40.180002 2.773331 1.623096
 40.380002 2.437135 1.158047
 40.580002 2.579130 1.351288
 40.780002 2.706436 1.335679
 40.980002 2.704690 1.314594
 41.180002 2.429535 1.433745
 41.380002 2.791419 1.106627
 41.580002 2.706471 1.633826
 41.780002 2.763939 1.187962
 41.980002 2.611262 1.482621
 42.180002 2.918552 1.289159
 42.380002 2.551999 1.251422
 42.580002 2.611060 1.547440
 42.780002 2.968118 1.187468
 42.980002 2.718924 1.732738
 43.180002 2.688687 1.079870
 43.380002 2.902833 1.510669
 43.580002 2.792659 1.497560
 43.780002 2.617388 1.297447
 43.980002 2.559252 1.469357
 44.180002 2.782654 1.232579
 44.380002 2.608705 1.488248
 44.580002 2.826250 1.370836
 44.780002 2.663557 1.310524
 44.980002 2.629458 1.386022
 45.180002 2.588006 1.329319
 45.380002 2.774438 1.547223
 45.580002 2.602851 1.292376
 45.780002 2.561202 1.253375
 45.980002 2.441278 1.250767
 46.180002 2.764546 1.447714
 46.380002 2.653827 1.370481
 46.580002 2.695036 1.164586
 46.780002 2.700128 1.678061
 46.980002 2.854504 1.093189
 47.180002 2.407984 1.543255
 47.380002 2.398254 1.349284
 47.580002 2.874370 1.095624
 47.780002 2.535752 1.671956
 47.980002 2.600982 0.933148
 48.180002 2.565070 1.769361
 48.380002 3.046022 1.062851
 48.580002 2.556774 1.565435
 48.780002 2.897373 1.316067
 48.980002 2.918683 1.444131
 49.180002 2.613758 1.680698
 49.380002 2.986934 1.078102
 49.580002 2.700865 1.664432
 49.780002 2.691500 1.104096
 49.980002 2.490362 1.675093
 50.180002 2.731458 1.275754
 50.380002 2.803861 1.370276
 50.580002 2.724664 1.422801
 50.780002 2.623990 1.300663
 50.980002 2.667798 1.539860
 51.180002 3.024434 1.223821
 51.380002 2.664482 1.569734
 51.580002 2.905923 1.352070
 51.780002 2.916516 1.552016
 51.980002 2.683670 1.311284
 52.180002 2.819260 1.201285
 52.380002 2.949837 1.679651
 52.580002 2.708333 1.173397
 52.780003 2.386901 1.604630
 52.980003 2.785859 1.024662
 53.180003 2.650091 1.453107
 53.380003 2.578422 1.507711
 53.580003 2.662591 1.201605
 53.780003 2.708629 1.544553
 53.980003 2.902483 1.130544
 54.180003 2.483219 1.496547
 54.380003 2.631223 1.337076
 54.580003 2.712459 1.267061
 54.780003 2.574910 1.514088
 54.980003 2.616846 1.143933
 55.180003 2.546623 1.424869
 55.380003 2.658299 1.157564
 55.580003 2.629555 1.478957
 55.780003 2.770510 1.359702
 55.980003 2.675854 1.334526
 56.180003 2.631262 1.418190
 56.380003 2.741660 1.286700
 56.580003 2.766282 1.556666
 56.780003 2.722052 1.110803
 56.980003 2.594958 1.473216
 57.180003 2.680971 1.263250
 57.380003 2.692797 1.479594
 57.580003 2.635597 1.300564
 57.780003 2.551884 1.327505
 57.980003 2.780925 1.357873
 58.180003 2.621476 1.473136
 58.380003 2.757645 1.288139
 58.580003 2.689607 1.395817
 58.780003 2.793995 1.375473
 58.980003 2.617223 1.314489
 59.180003 2.726684 1.457066
 59.380003 2.793186 1.309143
 59.580003 2.687205 1.442180
 59.780003 2.928560 1.472150
 59.980003 2.736239 1.342079
 60.180003 2.962776 1.422780
 60.380003 2.729664 1.378471
 60.580003 2.905008 1.595097
 60.780003 2.764020 1.298495
 60.980003 2.574411 1.513546
 61.180003 2.810161 1.263638
 61.380003 2.749291 1.523424
 61.580003 2.633388 1.138243
 61.780003 2.426566 1.423814
 61.980003 2.776883 1.278164
 62.180003 2.465283 1.331359
 62.380003 2.507515 1.536509
 62.580003 2.502994 1.119349
 62.780003 2.713078 1.616016
 62.980003 2.696989 1.069438
 63.180003 2.821850 1.324339
 63.380003 2.538766 1.371582
 63.580003 2.660698 1.068443
 63.780003 2.388994 1.462534
 63.980003 2.767644 1.221020
 64.180003 2.281784 1.255380
 64.380003 2.394244 1.331569
 64.580003 2.769301 1.277424
 64.780003 2.620870 1.560913
 64.980003 2.490041 1.068131
 65.180003 2.600256 1.577099
 65.380003 2.835301 1.182326
 65.580003 2.494342 1.387643
 65.780003 2.619912 1.364285
 65.980003 2.808002 1.218224
 66.180003 2.631998 1.623120
 66.380003 2.740063 1.250587
 66.580003 2.668693 1.442352
 66.780003 2.878959 1.266664
 66.980003 2.707572 1.419751
 67.180003 2.704524 1.473188
 67.380003 2.837994 1.177587
 67.580003 2.666062 1.460923
 67.780003 2.690955 1.145877
 67.980003 2.644111 1.497654
 68.180003 2.529045 1.230864
 68.380003 2.528233 1.246864
 68.580003 2.602704 1.496980
 68.780003 2.680721 1.138322
 68.980003 2.470014 1.513437
 69.180003 2.753146 1.161185
 69.380003 2.724616 1.310478
 69.580003 2.516334 1.547121
 69.780003 2.714031 1.116834
 69.980003 2.714500 1.430131
 70.180003 2.579980 1.260611
 70.380003 2.604849 1.388927
 70.580003 2.593223 1.309610
 70.780003 2.705873 1.327002
 70.980003 2.675005 1.445717
 71.180003 2.755042 1.331142
 71.380003 2.680757 1.457439
 71.580003 2.943221 1.497990
 71.780003 2.736022 1.334757
 71.980003 2.514075 1.263082
 72.180003 2.770067 1.477324
 72.380003 2.784948 1.334716
 72.580003 2.492288 1.219769
 72.780003 2.442193 1.528091
 72.980003 2.859348 1.180813
 73.180003 2.562226 1.571020
 73.380003 2.540211 1.126125
 73.580003 2.730647 1.492233
 73.780004 2.649179 1.323219
 73.980004 2.553981 1.342863
 74.180004 2.545342 1.368254
 74.380004 2.882640 1.271182
 74.580004 2.450878 1.595948
 74.780004 2.607502 1.102894
 74.980004 2.744763 1.598240
 75.180004 2.817328 1.116262
 75.380004 2.593394 1.525888
 75.580004 2.462568 1.324414
 75.780004 2.956800 1.303223
 75.980004 2.525901 1.545277
 76.180004 2.332165 0.968251
 76.380004 2.363704 1.702740
 76.580004 2.944354 1.244931
 76.780004 2.440187 1.361078
 76.980004 2.107230 1.258323
 77.180004 2.790411 1.401485
 77.380004 2.863694 1.598768
 77.580004 2.434733 1.144508
 77.780004 2.288721 1.495089
 77.980004 2.847971 1.252133
 78.180004 2.798903 1.446533
 78.380004 2.395178 1.271485
 78.580004 2.640627 1.331909
 78.780004 2.774234 1.500323
 78.980004 2.642004 1.065574
 79.180004 2.404316 1.537533
 79.380004 2.777757 1.176971
 79.580004 2.348193 1.540197
 79.780004 2.418392 1.097046
 79.980004 2.795571 1.694787
 80.180004 2.834866 1.141822
 80.380004 2.336895 1.374310
 80.580004 2.147340 1.436340
 80.780004 2.863613 1.219385
 80.980004 2.867298 1.665563
 81.180004 2.407812 1.095098
 81.380004 2.213241 1.540665
 81.580004 2.818113 1.270520
 81.780004 2.798070 1.365478
 81.980004 2.412226 1.401457
 82.180004 2.673373 1.116628
 82.380004 2.893435 1.825303
 82.580004 2.719320 0.980955
 82.780004 2.309543 1.684885
 82.980004 2.741434 1.336810
 83.180004 3.015122 1.523157
 83.380004 2.430589 1.509159
 83.580004 2.812926 0.931119
 83.780004 2.871403 1.854686
 83.980004 2.892915 1.189085
 84.180004 2.307757 1.474791
 84.380004 2.743997 1.276329
 84.580004 3.006673 1.383215
 84.780004 2.251097 1.624539
 84.980004 2.732256 0.980863
 85.180004 2.831235 1.917596
 85.380004 2.850439 0.984512
 85.580004 2.325203 1.567414
 85.780004 2.751349 1.387854
 85.980004 2.836648 1.096545
 86.180004 2.267810 1.632184
 86.380004 2.503402 1.037188
 86.580004 2.788295 1.800565
 86.780004 2.730917 1.204676
 86.980004 2.362812 1.331349
 87.180004 2.594922 1.473692
 87.380004 2.836006 1.185961
 87.580004 2.373292 1.541757
 87.780004 2.381896 1.202075
 87.980004 2.804066 1.374833
 88.180004 2.628084 1.346169
 88.380004 2.214698 1.378382
 88.580004 2.540897 1.451763
 88.780004 2.960553 1.399794
 88.980004 2.667961 1.482836
 89.180004 2.543161 1.211582
 89.380004 2.461473 1.426934
 89.580004 2.890451 1.412510
 89.780004 2.697995 1.372624
 89.980004 2.198339 1.201158
 90.180004 2.269288 1.364323
 90.380004 2.744831 1.259192
 90.580004 2.479653 1.316917
 90.780004 2.163730 1.399870
 90.980004 2.509745 1.159034
 91.180004 2.879930 1.609939
 91.380004 2.332031 1.147177
 91.580004 2.361261 1.356830
 91.780004 2.702443 1.503312
 91.980004 2.700869 1.159045
 92.180004 2.193685 1.318333
 92.380004 2.596448 1.359354
 92.580004 2.859467 1.346311
 92.780004 2.439124 1.471872
 92.980004 2.348039 1.204436
 93.180004 2.712169 1.425670
 93.380004 2.822810 1.385984
 93.580004 2.279002 1.490792
 93.780004 2.586769 1.262035
 93.980004 2.838339 1.467348
 94.180004 2.768577 1.388839
 94.380004 2.341892 1.279428
 94.580004 2.324852 1.407144
 94.780005 2.827591 1.314835
 94.980005 2.551793 1.590647
 95.180005 2.246507 1.098180
 95.380005 2.546391 1.606361
 95.580005 2.944114 1.178808
 95.780005 1.930639 1.347081
 95.980005 2.259739 1.310272
 96.180005 2.773534 1.150811
 96.380005 2.654106 1.548704
 96.580005 2.336485 1.178412
 96.780005 2.328107 1.273136
 96.980005 2.754688 1.450140
 97.180005 2.737407 1.281653
 97.380005 2.432674 1.323669
 97.580005 2.522328 1.276583
 97.780005 2.914617 1.346098
 97.980005 2.727214 1.475419
 98.180005 2.426908 1.361462
 98.380005 2.791797 1.218332
 98.580005 2.806999 1.433326
 98.780005 2.538300 1.362739
 98.980005 2.596410 1.424982
 99.180005 2.819444 1.410362
 99.380005 2.853375 1.275352
 99.580005 2.465810 1.424210
 99.780005 2.653290 1.221917
 99.980005 2.808365 1.541634
 100.180005 2.510815 1.269619
 100.380005 2.449888 1.295325
 100.580005 2.741169 1.546362
 100.780005 2.793798 1.199541
 100.980005 2.253196 1.328626
 101.180005 2.121175 1.309189
 101.380005 2.872406 1.404438
 101.580005 2.622734 1.336060
 101.780005 1.972599 1.167797
 101.980005 2.223327 1.247108
 102.180005 2.735744 1.466582
 102.380005 2.826092 1.394452
 102.580005 2.306028 1.374533
 102.780005 2.219801 1.227799
 102.980005 2.871530 1.394866
 103.180005 2.814981 1.479094
 103.380005 2.445609 1.126215
 103.580005 2.234255 1.509676
 103.780005 2.893811 1.225514
 103.980005 2.632261 1.440400
 104.180005 2.297770 1.333687
 104.380005 2.548536 1.318104
 104.580005 2.864161 1.432464
 104.780005 2.576931 1.223572
 104.980005 2.442571 1.503617
 105.180005 2.605311 1.296551
 105.380005 2.948667 1.310522
 105.580005 2.249415 1.469662
 105.780005 2.402709 1.136039
 105.980005 2.673716 1.634657
 106.180005 3.038815 1.416266
 106.380005 2.340328 1.383196
 106.580005 2.237528 1.456034
 106.780005 2.806479 1.206999
 106.980005 2.957742 1.578578
 107.180005 2.284519 1.135054
 107.380005 2.184011 1.503159
 107.580005 2.780032 1.188468
 107.780005 2.802772 1.468466
 107.980005 2.119642 1.204532
 108.180005 2.408389 1.208621
 108.380005 2.849410 1.539660
 108.580005 2.603813 1.294159
 108.780005 1.900048 1.280439
 108.980005 2.082994 1.433570
 109.180005 3.051083 1.180357
 109.380005 2.668041 1.789073
 109.580005 2.304902 0.920215
 109.780005 2.380580 1.631329
 109.980005 2.892794 1.164920
 110.180005 2.462417 1.419421
 110.380005 2.420217 1.393243
 110.580005 2.515178 1.276029
 110.780005 3.096685 1.626910
 110.980005 2.729272 1.167620
 111.180005 2.210984 1.447702
 111.380005 2.727484 1.475382
 111.580005 -3.041324 1.429303
 111.780005 2.619564 1.482989
 111.980005 2.461070 1.144686
 112.180005 2.881984 1.374063
 112.380005 2.773970 1.338898
 112.580005 2.291237 1.345935
 112.780005 2.457301 1.358486
 112.980005 2.654086 1.330585
 113.180005 2.515327 1.292568
 113.380005 2.420962 1.186338
 113.580005 2.573342 1.453124
 113.780005 2.840263 1.099368
 113.980005 2.461220 1.508809
 114.180005 2.530057 1.135474
 114.380005 2.795785 1.394165
 114.580005 2.743711 1.390279
 114.780005 2.415354 1.346287
 114.980005 2.673049 1.417034
 115.180005 3.068392 1.218746
 115.380005 2.457617 1.632581
 115.580005 2.551805 1.185814
 115.780005 2.856166 1.543058
 115.980006 2.794686 1.442013
 116.180006 2.390893 1.088991
 116.380006 2.369360 1.460569
 116.580006 2.901813 1.236040
 116.780006 2.500960 1.573486
 116.980006 2.365129 1.170557
 117.180006 2.595577 1.541923
 117.380006 2.872774 1.383811
 117.580006 2.440409 1.282968
 117.780006 2.188561 1.581047
 117.980006 2.735615 1.098935
 118.180006 2.631052 1.553089
 118.380006 2.252528 1.225127
 118.580006 2.630337 1.328272
 118.780006 2.803327 1.638938
 118.980006 2.637396 1.192045
 119.180006 2.174857 1.372573
 119.380006 2.494031 1.356707
 119.580006 3.065635 1.217702
 119.780006 2.502880 1.539880
 119.980006 2.244883 1.141925
 120.180006 2.533402 1.553181
 120.380006 2.796570 1.141157
 120.580006 2.211409 1.502550
 120.780006 2.536966 1.030165
 120.980006 2.896428 1.538614
 121.180006 2.510267 1.341576
 121.380006 2.429259 1.264503
 121.580006 2.615171 1.546222
 121.780006 2.784271 1.180790
 121.980006 2.378887 1.435956
 122.180006 2.285732 1.246100
 122.380006 2.871543 1.406759
 122.580006 2.749218 1.262467
 122.780006 2.199019 1.295987
 122.980006 2.727142 1.354939
 123.180006 2.838713 1.286589
 123.380006 2.447269 1.445959
 123.580006 2.630881 1.270070
 123.780006 2.766598 1.377344
 123.980006 2.778798 1.387922
 124.180006 2.507103 1.418011
 124.380006 2.654712 1.283351
 124.580006 2.885570 1.454798
 124.780006 2.596176 1.398607
 124.980006 2.436032 1.247664
 125.180006 2.739589 1.575516
 125.380006 2.791215 1.010571
 125.580006 2.183160 1.641252
 125.780006 2.179575 1.140762
 125.980006 2.794810 1.450344
 126.180006 2.659827 1.382276
 126.380006 2.150995 1.188271
 126.580006 2.343456 1.589828
 126.780006 3.057623 1.102436
 126.980006 2.504412 1.558969
 127.180006 2.286070 1.102328
 127.380006 2.204001 1.468911
 127.580006 2.951015 1.424947
 127.780006 2.630126 1.210221
 127.980006 2.013791 1.478867
 128.180006 2.620369 1.075551
 128.380006 2.798372 1.668297
 128.580006 2.478948 1.032388
 128.780006 2.236393 1.541722
 128.980006 3.053929 1.211891
 129.180006 2.695952 1.476722
 129.380006 2.052674 1.552930
 129.580006 2.303896 0.973221
 129.780006 2.775740 1.594931
 129.980006 2.775118 1.155204
 130.180006 1.894570 1.407298
 130.380006 2.135990 1.211270
 130.580006 2.859153 1.256458
 130.780006 2.625419 1.579597
 130.980006 2.451343 0.812475
 131.180006 2.035914 1.700896
 131.380006 3.002671 1.194389
 131.580006 2.405293 1.533499
 131.780006 1.926753 1.322343
 131.980006 2.467096 1.098489
 132.180006 2.931974 1.799556
 132.380006 2.583141 0.999080
 132.580006 1.934020 1.596853
 132.780006 2.457558 1.008054
 132.980006 3.027905 1.679490
 133.180006 2.319941 1.383129
 133.380006 2.102022 1.202333
 133.580006 2.903042 1.488967
 133.780006 2.925059 1.256469
 133.980006 1.826904 1.605597
 134.180006 2.614509 0.912777
 134.380006 2.825862 1.684122
 134.580006 2.848418 1.398387
 134.780006 2.199187 1.103919
 134.980006 1.954583 1.394088
 135.180006 2.729988 1.044592
 135.380006 2.628265 1.616725
 135.580006 2.337482 0.828585
 135.780006 1.875534 1.765887
 135.980006 2.867006 1.091721
 136.180006 2.682064 1.660262
 136.380006 2.023691 1.266863
 136.580006 2.318152 1.346282
 136.780006 3.009077 1.557068
 136.980007 2.473670 1.117435
 137.180007 1.802519 1.274528
 137.380007 2.365530 1.323702
 137.580007 3.067977 1.422945
 137.780007 2.394785 1.446963
 137.980007 1.864825 1.022914
 138.180007 2.139305 1.456077
 138.380007 2.981078 1.158664
 138.580007 2.521978 1.772483
 138.780007 2.465257 1.074147
 138.980007 2.564177 1.569383
 139.180007 3.064912 1.391731
 139.380007 2.321949 1.107860
 139.580007 2.150822 1.595744
 139.780007 2.624697 1.016224
 139.980007 2.772617 1.619334
 140.180007 2.413960 1.090647
 140.380007 2.312350 1.416641
 140.580007 2.974748 1.260836
 140.780007 2.533963 1.227253
 140.980007 1.801136 1.523720
 141.180007 2.330230 0.993587
 141.380007 2.968653 1.695315
 141.580007 2.837649 1.308749
 141.780007 1.855674 1.160189
 141.980007 2.033741 1.441720
 142.180007 3.085915 1.143667
 142.380007 2.463499 1.761359
 142.580007 2.270728 0.997001
 142.780007 2.307137 1.467688
 142.980007 2.769110 1.232921
 143.180007 2.379014 1.234203
 143.380007 2.113974 1.305347
 143.580007 2.427732 1.379342
 143.780007 3.038565 1.351163
 143.980007 2.250833 1.284116
 144.180007 2.187961 1.378276
 144.380007 2.799267 1.294468
 144.580007 2.850145 1.702183
 144.780007 2.351237 1.056046
 144.980007 2.238745 1.197038
 145.180007 2.785223 1.477623
 145.380007 2.774237 1.314886
 145.580007 2.487172 1.514030
 145.780007 2.493946 1.145124
 145.980007 2.800013 1.384128
 146.180007 2.784584 1.422184
 146.380007 2.579008 1.289544
 146.580007 2.793377 1.377733
 146.780007 2.749906 1.256561
 146.980007 2.571089 1.486008
 147.180007 2.532739 1.292118
 147.380007 2.903333 1.447248
 147.580007 2.358787 1.312751
 147.780007 2.542247 1.371854
 147.980007 2.788047 1.453938
 148.180007 2.631028 1.294096
 148.380007 2.314222 1.295671
 148.580007 2.583161 1.437850
 148.780007 2.896940 1.326383
 148.980007 2.713169 1.508937
 149.180007 2.858385 1.259614
 149.380007 2.877614 1.535007
 149.580007 2.745525 1.266962
 149.780007 2.551121 1.523776
 149.980007 2.666172 1.560897
 150.180007 3.104018 1.263790
 150.380007 2.607264 1.649141
 150.580007 2.666742 1.007920
 150.780007 2.924195 1.599689
 150.980007 2.710770 1.276100
 151.180007 2.396760 1.328653
 151.380007 2.559908 1.479535
 151.580007 2.844492 1.317480
 151.780007 2.406846 1.523457
 151.980007 2.429465 0.937378
 152.180007 2.682896 1.714776
 152.380007 2.926317 1.239527
 152.580007 2.455436 1.369819
 152.780007 2.404676 1.471209
 152.980007 2.936044 1.099849
 153.180007 2.480492 1.729302
 153.380007 2.521013 0.887351
 153.580007 2.611473 1.614281
 153.780007 2.759405 1.224123
 153.980007 2.537951 1.310594
 154.180007 2.244609 1.353587
 154.380007 2.827244 1.186552
 154.580007 2.413103 1.673861
 154.780007 2.747338 1.112758
 154.980007 2.639735 1.450280
 155.180007 2.744824 1.376843
 155.380007 2.651590 1.248599
 155.580007 2.593703 1.578406
 155.780007 2.803143 1.167048
 155.980007 2.673479 1.665824
 156.180007 2.830043 1.101728
 156.380007 2.816381 1.754523
 156.580007 2.956630 1.205952
 156.780007 2.510149 1.448302
 156.980007 2.459523 1.607211
 157.180007 2.943157 1.201588
 157.380007 2.542181 1.607042
 157.580007 2.619938 1.224916
 157.780007 2.718103 1.432440
 157.980008 2.712618 1.307172
 158.180008 2.680657 1.237082
 158.380008 2.555733 1.489670
 158.580008 2.792739 1.123251
 158.780008 2.474260 1.678416
 158.980008 2.768782 1.014030
 159.180008 2.816079 1.773560
 159.380008 2.602353 1.386091
 159.580008 2.753563 1.212246
 159.780008 2.715766 1.659942
 159.980008 2.832987 1.091628
 160.180008 2.268547 1.618185
 160.380008 2.830812 1.149357
 160.580008 2.899854 1.608268
 160.780008 2.571180 1.502847
 160.980008 2.743968 1.117805
 161.180008 2.712647 1.906880
 161.380008 2.838807 0.841185
 161.580008 1.964244 1.569296
 161.780008 2.316324 1.221142
 161.980008 2.784403 1.332261
 162.180008 2.722026 1.682136
 162.380008 2.615449 0.944593
 162.580008 2.486062 1.749026
 162.780008 2.856134 0.939612
 162.980008 2.355132 1.648996
 163.180008 2.335254 1.321194
 163.380008 2.719027 1.210812
 163.580008 2.727193 1.631669
 163.780008 2.653423 0.978284
 163.980008 2.475059 1.673793
 164.180008 2.882654 1.046409
 164.380008 2.455368 1.546106
 164.580008 2.505013 1.166975
 164.780008 2.803804 1.454990
 164.980008 2.776902 1.554002
 165.180008 2.490437 1.080369
 165.380008 2.374108 1.614787
 165.580008 2.789140 1.219725
 165.780008 2.581306 1.437543
 165.980008 2.477887 1.418467
 166.180008 2.694234 1.233867
 166.380008 2.876105 1.742429
 166.580008 2.820741 0.956704
 166.780008 2.342594 1.659806
 166.980008 2.974217 1.221754
 167.180008 2.761052 1.452266
 167.380008 2.570393 1.304269
 167.580008 2.694535 1.287968
 167.780008 2.889793 1.825526
 167.980008 2.820436 1.110483
 168.180008 2.447419 1.627527
 168.380008 2.916924 1.344717
 168.580008 2.659573 1.584987
 168.780008 2.400945 1.230411
 168.980008 2.743830 1.367936
 169.180008 2.784962 1.586565
 169.380008 2.661298 1.259947
 169.580008 2.525645 1.499449
 169.780008 2.863893 1.322995
 169.980008 2.700355 1.368080
 170.180008 2.498405 1.538417
 170.380008 2.520527 1.183098
 170.580008 2.877962 1.492764
 170.780008 2.609972 1.091159
 170.980008 2.125837 1.523416
 171.180008 2.775991 1.157662
 171.380008 2.836164 1.423860
 171.580008 1.985685 1.413903
 171.780008 2.375942 1.061277
 171.980008 2.586340 1.766088
 172.180008 3.129155 1.092431
 172.380008 2.056349 1.710582
 172.580008 2.031240 1.085327
 172.780008 2.403001 1.197855
 172.980008 2.864861 1.475382
 173.180008 2.439612 1.209593
 173.380008 2.084665 1.308483
 173.580008 2.404804 1.392833
 173.780008 2.911381 1.159084
 173.980008 2.181030 1.348117
 174.180008 2.038098 1.225156
 174.380008 2.704931 1.468151
 174.580008 2.971423 1.306203
 174.780008 2.274948 1.409918
 174.980008 2.614982 1.302055
 175.180008 2.952668 1.473750
 175.380008 2.836596 1.539401
 175.580008 2.572460 1.146738
 175.780008 2.476642 1.406863
 175.980008 3.017470 1.337912
 176.180008 2.757345 1.463729
 176.380008 2.404942 1.429687
 176.580008 2.417992 1.169588
 176.780008 2.728261 1.553028
 176.980008 2.751716 1.213020
 177.180008 2.175638 1.552348
 177.380008 2.628488 1.115910
 177.580008 2.901195 1.407604
 177.780008 2.257112 1.511709
 177.980008 2.529527 1.055249
 178.180008 2.856790 1.614989
 178.380008 2.405214 1.041864
 178.580008 2.512610 1.497515
 178.780008 2.574448 1.354581
 178.980009 2.804201 1.365439
 179.180009 2.444032 1.382918
 179.380009 2.275102 1.185436
 179.580009 3.070204 1.485505
 179.780009 2.744834 1.448291
 179.980009 2.544293 1.350047
 180.180009 2.897344 1.594746
 180.380009 3.084408 1.447923
 180.580009 2.541017 1.295924
 180.780009 2.834698 1.630512
 180.980009 3.129905 1.385795
 181.180009 2.575672 1.404377
 181.380009 2.674209 1.297646
 181.580009 2.948439 1.506926
 181.780009 2.766853 1.358448
 181.980009 2.495862 1.356377
 182.180009 2.783730 1.230547
 182.380009 2.869091 1.481267
 182.580009 2.624345 1.316685
 182.780009 2.619432 1.348009
 182.980009 2.713286 1.316913
 183.180009 2.742072 1.387913
 183.380009 2.629344 1.342893
 183.580009 2.576565 1.277149
 183.780009 2.598081 1.233358
 183.980009 2.655164 1.328283
 184.180009 2.604090 1.296650
 184.380009 2.507901 1.413085
 184.580009 2.632588 1.213440
 184.780009 2.569046 1.492275
 184.980009 2.750663 1.257784
 185.180009 2.690873 1.519261
 185.380009 2.811877 1.279530
 185.580009 2.708089 1.211836
 185.780009 2.793493 1.476511
 185.980009 2.724190 1.250691
 186.180009 2.675858 1.591077
 186.380009 2.798450 1.264722
 186.580009 2.655450 1.314165
 186.780009 2.575219 1.486969
 186.980009 2.676205 1.443537
 187.180009 2.815511 1.391693
 187.380009 2.565376 1.231063
 187.580009 2.698028 1.291168
 187.780009 2.802102 1.561929
 187.980009 2.651117 1.333053
 188.180009 2.477478 1.271176
 188.380009 2.671204 1.281621
 188.580009 2.934027 1.500063
 188.780009 2.675264 1.327443
 188.980009 2.568882 1.390177
 189.180009 2.737500 1.322260
 189.380009 2.960481 1.369287
 189.580009 2.464415 1.396485
 189.780009 2.326399 1.292391
 189.980009 2.959970 1.387604
 190.180009 2.725597 1.367357
 190.380009 2.229928 1.383337
 190.580009 2.407210 1.232291
 190.780009 2.737664 1.272862
 190.980009 2.470859 1.371748
 191.180009 2.221248 1.288456
 191.380009 2.469968 1.417419
 191.580009 2.800341 1.186023
 191.780009 2.426608 1.503670
 191.980009 2.690683 1.027970
 192.180009 2.776189 1.726187
 192.380009 2.748563 1.243197
 192.580009 2.299753 1.258250
 192.780009 2.139792 1.562021
 192.980009 2.941014 1.116702
 193.180009 2.625466 1.734169
 193.380009 2.632335 1.013680
 193.580009 2.567381 1.608699
 193.780009 3.026768 1.395752
 193.980009 2.530954 1.230731
 194.180009 2.353888 1.442069
 194.380009 2.732075 1.176448
 194.580009 2.792761 1.641176
 194.780009 2.658885 1.126255
 194.980009 2.417896 1.471661
 195.180009 2.884278 1.275074
 195.380009 2.595664 1.474549
 195.580009 1.938990 1.339925
 195.780009 2.404892 1.143168
 195.980009 2.813070 1.538660
 196.180009 2.441755 1.180826
 196.380009 2.350688 1.471560
 196.580009 2.598062 1.205917
 196.780009 2.764761 1.295033
 196.980009 2.289672 1.492100
 197.180009 2.647452 1.105085
 197.380009 2.912375 1.785940
 197.580009 2.856147 1.184070
 197.780009 2.489690 1.308779
 197.980009 2.782997 1.628070
 198.180009 3.121772 1.091071
 198.380009 2.215338 1.793504
 198.580009 2.302744 1.009573
 198.780009 2.782994 1.618714
 198.980009 2.803787 1.156111
 199.180009 2.029264 1.395945
 199.380009 2.327736 1.252928
 199.580009 2.804665 1.320102
 199.780009 2.688503 1.417040
 199.980009 2.597226 1.242923
