#! FIELDS time phi psi
#! SET max_psi pi
 0.180000 0.785764 1.790043
 0.380000 0.744804 1.340994
 0.580000 0.895357 0.857301
 0.780000 0.484495 1.508588
 0.980000 0.851418 1.243937
 1.180000 0.942843 1.697012
 1.380000 0.628268 0.900704
 1.580000 0.689330 1.545463
 1.780000 0.831490 1.544316
 1.980000 0.653099 1.129603
 2.180000 0.792706 1.349504
 2.380000 0.684703 1.215092
 2.580000 0.583972 1.597336
 2.780000 0.647422 1.139454
 2.980000 1.082268 1.363695
 3.180000 0.587000 1.260560
 3.380000 0.795456 1.243282
 3.580000 1.005152 1.761183
 3.780000 0.682706 0.945607
 3.980000 0.554988 1.534523
 4.180000 0.820948 1.276264
 4.380000 0.861226 1.412322
 4.580000 0.552991 1.095110
 4.780000 0.755568 1.464762
 4.980000 1.042673 1.603336
 5.180000 0.563643 0.936244
 5.380000 0.854779 1.669105
 5.580000 0.834427 1.308495
 5.780000 0.533364 1.190148
 5.980000 0.635678 1.204666
 6.180000 0.758108 1.422515
 6.380000 0.307218 1.483007
 6.580000 0.662227 1.030033
 6.780000 1.037936 1.456304
 6.980000 0.711966 1.224095
 7.180000 0.795541 1.385941
 7.380000 0.834545 1.355164
 7.580000 0.796949 1.052196
 7.780000 0.836792 1.396664
 7.980000 0.720344 1.368702
 8.180000 0.767764 1.488837
 8.380000 0.836434 0.982289
 8.580000 0.829635 1.388597
 8.780000 0.536345 1.320710
 8.980000 0.564502 1.290574
 9.180000 0.851041 1.460218
 9.380000 0.631504 1.208277
 9.580000 0.695855 1.324650
 9.780000 0.757207 1.434704
 9.980000 0.816301 1.310851
 10.180000 0.853954 1.065853
 10.380000 0.914683 1.286409
 10.580001 0.638438 1.500380
 10.780001 0.781207 1.166659
 10.980001 0.871908 1.526336
 11.180001 0.719134 1.121785
 11.380001 0.744051 1.420785
 11.580001 0.774023 1.550745
 11.780001 0.762321 1.163701
 11.980001 0.352655 1.297756
 12.180001 0.889680 1.253382
 12.380001 0.884906 1.691277
 12.580001 0.465147 0.952938
 12.780001 0.966293 1.567991
 12.980001 0.956236 1.232488
 13.180001 0.520242 1.262609
 13.380001 0.588819 1.582160
 13.580001 0.833411 1.268781
 13.780001 0.416171 1.325645
 13.980001 0.821529 1.196931
 14.180001 0.887207 1.633202
 14.380001 0.534821 1.251934
 14.580001 0.875379 1.374126
 14.780001 0.972277 1.361699
 14.980001 0.503255 1.125259
 15.180001 0.771369 1.352159
 15.380001 1.001561 1.539218
 15.580001 0.749291 1.163325
 15.780001 0.803200 1.121563
 15.980001 0.991504 1.461894
 16.180001 0.663926 1.465071
 16.380001 0.555715 1.175869
 16.580001 1.160281 1.274836
 16.780001 0.805443 1.225204
 16.980001 0.715830 1.237457
 17.180001 0.942496 1.606126
 17.380001 0.660441 1.251615
 17.580001 0.716918 1.266989
 17.780001 1.064918 1.414482
 17.980001 0.804105 1.327014
 18.180001 0.566688 1.262299
 18.380001 0.972449 1.486024
 18.580001 0.546119 1.192263
 18.780001 0.589098 1.226182
 18.980001 0.727069 1.620613
 19.180001 0.652629 1.111158
 19.380001 0.340594 1.365258
 19.580001 0.752983 1.283857
 19.780001 0.725906 1.473150
 19.980001 0.500441 1.127206
 20.180001 0.898645 1.564423
 20.380001 0.986089 1.287547
 20.580001 0.493714 1.077777
 20.780001 1.125949 1.574220
 20.980001 0.928223 1.338157
 21.180001 0.225546 1.409690
 21.380001 0.938876 1.100443
 21.580001 1.079076 1.514510
 21.780001 0.559382 1.357804
 21.980001 0.712181 1.174274
 22.180001 1.151439 1.289240
 22.380001 0.368810 1.380797
 22.580001 0.621231 1.422207
 22.780001 0.877764 1.293583
 22.980001 0.624727 1.140922
 23.180001 0.702576 1.164690
 23.380001 0.822965 1.683247
 23.580001 0.813916 1.268204
 23.780001 0.479682 1.188398
 23.980001 1.152734 1.289209
 24.180001 0.814650 1.441801
 24.380001 0.412165 1.341130
 24.580001 0.974895 1.466019
 24.780001 0.965376 1.098250
 24.980001 0.492568 1.317078
 25.180001 0.795003 1.299535
 25.380001 0.727960 1.555354
 25.580001 0.472943 1.148427
 25.780001 0.877466 1.391670
 25.980001 1.060504 1.316855
 26.180001 0.331975 1.288138
 26.380001 0.955302 1.395885
 26.580001 1.000689 1.335514
 26.780001 0.461160 1.255319
 26.980001 0.795341 1.128648
 27.180001 0.867211 1.641623
 27.380001 0.626893 1.203422
 27.580001 0.703437 1.325065
 27.780001 1.184466 1.339763
 27.980001 0.427233 1.292647
 28.180001 0.489704 1.451521
 28.380001 1.021982 1.424474
 28.580001 0.599519 1.038223
 28.780001 0.779781 1.193867
 28.980001 0.891469 1.470127
 29.180001 0.745709 1.386292
 29.380001 0.610628 1.112113
 29.580001 1.084060 1.465607
 29.780001 0.772284 1.495344
 29.980001 0.655235 1.058441
 30.180001 1.045471 1.654069
 30.380001 0.891451 1.099529
 30.580001 0.405966 1.436048
 30.780001 0.788147 1.267777
 30.980001 0.826270 1.266442
 31.180001 0.405179 1.408693
 31.380001 0.783112 1.211282
 31.580001 1.016310 1.625497
 31.780002 0.426293 1.158425
 31.980002 0.855234 1.396397
 32.180002 0.940199 1.466840
 32.380002 0.616554 1.188041
 32.580002 0.735401 1.491570
 32.780002 0.877569 1.112132
 32.980002 0.948659 1.523333
 33.180002 0.658535 1.170338
 33.380002 0.819737 1.478472
 33.580002 0.878115 1.248484
 33.780002 0.896317 1.226946
 33.980002 0.792896 1.494293
 34.180002 0.898315 1.137596
 34.380002 0.710653 1.503420
 34.580002 0.751615 1.101784
 34.780002 0.829959 1.462674
 34.980002 0.575029 1.362597
 35.180002 0.594714 1.090252
 35.380002 0.873224 1.578684
 35.580002 0.659254 1.047073
 35.780002 0.431066 1.603120
 35.980002 0.754022 1.190000
 36.180002 0.983290 1.432641
 36.380002 0.770217 1.171607
 36.580002 0.801244 1.313010
 36.780002 0.777028 1.567852
 36.980002 0.800890 1.089630
 37.180002 0.936912 1.399076
 37.380002 0.598907 1.191197
 37.580002 0.718278 1.469852
 37.780002 0.738385 1.165087
 37.980002 0.738452 1.409443
 38.180002 0.736853 1.260727
 38.380002 0.722950 1.255971
 38.580002 0.747671 1.514739
 38.780002 0.962226 1.044975
 38.980002 0.510115 1.510689
 39.180002 0.914517 1.173364
 39.380002 0.882825 1.375270
 39.580002 0.604178 1.259067
 39.780002 0.801627 1.320195
 39.980002 0.744819 1.241831
 40.180002 0.613224 1.333239
 40.380002 0.846593 1.253440
 40.580002 0.801678 1.215139
 40.780002 0.648575 1.504837
 40.980002 0.835309 1.115425
 41.180002 0.834430 1.430341
 41.380002 0.850107 1.306669
 41.580002 0.751701 1.259370
 41.780002 0.787134 1.506509
 41.980002 0.749232 1.082368
 42.180002 0.673462 1.459619
 42.380002 0.572969 1.255706
 42.580002 0.616145 1.291816
 42.780002 0.621653 1.326216
 42.980002 0.977551 1.311254
 43.180002 0.857871 1.304311
 43.380002 0.645432 1.167581
 43.580002 1.038754 1.296643
 43.780002 0.838364 1.376602
 43.980002 0.673985 1.289471
 44.180002 0.812993 1.357304
 44.380002 0.715218 1.237919
 44.580002 0.617470 1.387315
 44.780002 0.716385 1.145363
 44.980002 0.821945 1.410941
 45.180002 0.526706 1.216121
 45.380002 0.756255 1.253046
 45.580002 0.731670 1.404676
 45.780002 0.768615 1.136355
 45.980002 0.842836 1.404767
 46.180002 0.983461 1.195490
 46.380002 0.862682 1.378238
 46.580002 0.868723 1.203980
 46.780002 0.799875 1.302696
 46.980002 0.896081 1.345203
 47.180002 0.664286 1.315588
 47.380002 0.666417 1.273389
 47.580002 0.816649 1.228612
 47.780002 0.639798 1.386612
 47.980002 0.583321 1.137372
 48.180002 0.785323 1.540755
 48.380002 0.691179 1.233353
 48.580002 0.710128 1.317238
 48.780002 1.134204 1.341759
 48.980002 0.864579 1.211920
 49.180002 0.686796 1.479906
 49.380002 0.840028 1.188988
 49.580002 0.878865 1.335148
 49.780002 0.613472 1.175232
 49.980002 0.752160 1.410356
 50.180002 0.758504 1.420425
 50.380002 0.476770 1.075736
 50.580002 0.866134 1.370517
 50.780002 0.547651 1.375803
 50.980002 0.681799 1.370575
 51.180002 1.007989 1.139536
 51.380002 0.712111 1.401326
 51.580002 0.882076 1.193086
 51.780002 0.698901 1.492622
 51.980002 0.776067 1.196561
 52.180002 0.872933 1.232234
 52.380002 0.797966 1.365369
 52.580002 0.801225 1.162053
 52.780003 0.754623 1.523554
 52.980003 0.713213 1.066495
 53.180003 0.662045 1.428557
 53.380003 0.791252 1.232627
 53.580003 0.589168 1.307167
 53.780003 0.793532 1.395593
 53.980003 0.847122 1.082935
 54.180003 0.768629 1.435268
 54.380003 0.714632 1.196748
 54.580003 0.874069 1.420850
 54.780003 0.635373 1.302032
 54.980003 0.825868 1.277785
 55.180003 0.772424 1.349567
 55.380003 0.574811 1.244131
 55.580003 0.744517 1.556208
 55.780003 0.758953 1.120614
 55.980003 0.732691 1.339914
 56.180003 0.778689 1.202232
 56.380003 0.784095 1.430643
 56.580003 0.651160 1.216411
 56.780003 0.923608 1.222519
 56.980003 0.824335 1.341808
 57.180003 0.750661 1.193854
 57.380003 0.743732 1.512106
 57.580003 0.823382 1.176335
 57.780003 0.552591 1.408777
 57.980003 0.982156 1.064743
 58.180003 0.645515 1.486018
 58.380003 0.690973 1.253400
 58.580003 0.684296 1.232326
 58.780003 0.942528 1.266122
 58.980003 0.749880 1.121565
 59.180003 0.503475 1.590786
 59.380003 0.794877 1.222761
 59.580003 0.836846 1.356085
 59.780003 0.885622 1.224138
 59.980003 0.691939 1.206876
 60.180003 0.780256 1.488435
 60.380003 0.753128 1.193948
 60.580003 0.861484 1.270116
 60.780003 0.785339 1.231772
 60.980003 0.833546 1.341498
 61.180003 0.724672 1.275105
 61.380003 0.685955 1.272665
 61.580003 0.625097 1.377408
 61.780003 0.793199 1.194907
 61.980003 0.884050 1.419355
 62.180003 0.652843 1.165215
 62.380003 0.864177 1.420407
 62.580003 0.836159 1.310390
 62.780003 0.812145 1.215842
 62.980003 0.723859 1.317426
 63.180003 0.853560 1.226322
 63.380003 0.666395 1.527817
 63.580003 0.826174 1.053469
 63.780003 0.754966 1.568208
 63.980003 0.708998 1.310375
 64.180003 0.667144 1.281565
 64.380003 0.918076 1.337458
 64.580003 0.560113 1.255070
 64.780003 0.751146 1.463977
 64.980003 0.742945 1.141768
 65.180003 0.862596 1.308296
 65.380003 0.886303 1.233776
 65.580003 0.879939 1.323861
 65.780003 0.766236 1.468471
 65.980003 0.822770 1.047386
 66.180003 0.747216 1.507066
 66.380003 0.776076 1.155773
 66.580003 0.762681 1.492794
 66.780003 0.672438 1.244498
 66.980003 0.846549 1.221992
 67.180003 0.978532 1.257496
 67.380003 0.792728 1.069309
 67.580003 0.645146 1.639633
 67.780003 0.895388 0.905940
 67.980003 0.845065 1.677649
 68.180003 0.769169 1.170848
 68.380003 0.645887 1.387565
 68.580003 0.970782 1.274130
 68.780003 0.689378 1.259938
 68.980003 0.601155 1.459286
 69.180003 0.656914 1.044226
 69.380003 0.956882 1.496770
 69.580003 0.672746 1.149959
 69.780003 0.690850 1.408029
 69.980003 0.982485 1.325356
 70.180003 0.799493 1.204341
 70.380003 0.677545 1.451920
 70.580003 0.728584 1.107118
 70.780003 0.645924 1.581051
 70.980003 0.735071 0.973390
 71.180003 0.663884 1.517827
 71.380003 0.667440 1.179620
 71.580003 0.566900 1.306953
 71.780003 0.712268 1.411391
 71.980003 0.823350 1.273407
 72.180003 0.919438 1.358505
 72.380003 0.832155 1.216203
 72.580003 0.812900 1.412104
 72.780003 0.881103 1.209839
 72.980003 0.831844 1.396318
 73.180003 0.936699 1.136118
 73.380003 0.714990 1.245955
 73.580003 0.597921 1.297511
 73.780004 0.651085 1.242937
 73.980004 0.730113 1.391657
 74.180004 0.530807 1.178655
 74.380004 0.838767 1.294777
 74.580004 0.970376 1.283941
 74.780004 0.838026 1.347616
 74.980004 0.682405 1.366072
 75.180004 0.829877 1.210742
 75.380004 0.790264 1.485833
 75.580004 0.840092 1.097263
 75.780004 0.710358 1.445014
 75.980004 0.685114 1.244993
 76.180004 0.532835 1.357393
 76.380004 0.729693 1.341248
 76.580004 0.815219 1.272071
 76.780004 0.581746 1.446623
 76.980004 0.842984 1.058499
 77.180004 0.974458 1.438442
 77.380004 0.766551 1.275675
 77.580004 0.820705 1.323517
 77.780004 0.888099 1.310801
 77.980004 0.801881 1.255844
 78.180004 0.799442 1.304574
 78.380004 0.506800 1.263524
 78.580004 0.710488 1.352702
 78.780004 0.462313 1.310618
 78.980004 0.688711 1.357916
 79.180004 0.782130 1.200549
 79.380004 0.901505 1.335905
 79.580004 0.586936 1.421379
 79.780004 0.839340 1.240822
 79.980004 0.915345 1.320411
 80.180004 0.954437 1.196275
 80.380004 0.830762 1.486139
 80.580004 0.784869 1.082489
 80.780004 0.599243 1.393664
 80.980004 0.615109 1.280982
 81.180004 0.726611 1.263642
 81.380004 0.510627 1.342257
 81.580004 0.742735 1.332150
 81.780004 0.618415 1.359462
 81.980004 0.817501 1.147798
 82.180004 0.895000 1.432102
 82.380004 0.853344 1.232693
 82.580004 0.851011 1.305285
 82.780004 1.052671 1.235198
 82.980004 0.660186 1.300222
 83.180004 0.440119 1.599526
 83.380004 0.962227 1.040011
 83.580004 0.667009 1.359960
 83.780004 0.576561 1.268655
 83.980004 0.504277 1.567591
 84.180004 0.661345 1.205448
 84.380004 0.883145 1.165248
 84.580004 0.894229 1.335038
 84.780004 0.623581 1.333162
 84.980004 0.740809 1.650748
 85.180004 1.011389 0.968820
 85.380004 0.860446 1.499879
 85.580004 0.821565 1.158781
 85.780004 0.612664 1.497447
 85.980004 0.740631 1.159975
 86.180004 0.815641 1.116450
 86.380004 0.689547 1.466028
 86.580004 0.562371 1.093480
 86.780004 0.750701 1.533286
 86.980004 0.822153 1.100227
 87.180004 0.873705 1.278132
 87.380004 0.795311 1.406628
 87.580004 0.738292 1.385405
 87.780004 1.032221 1.103652
 87.980004 0.778311 1.174513
 88.180004 0.753658 1.456224
 88.380004 0.750592 1.341560
 88.580004 0.777692 1.264800
 88.780004 0.528081 1.158553
 88.980004 0.824726 1.306773
 89.180004 0.282845 1.700736
 89.380004 0.704655 1.063712
 89.580004 0.788022 1.554660
 89.780004 0.807002 1.163161
 89.980004 0.675212 1.360111
 90.180004 1.009910 1.205693
 90.380004 1.066036 1.284238
 90.580004 0.823091 1.247115
 90.780004 0.657025 1.204055
 90.980004 0.839041 1.565065
 91.180004 0.751533 0.967438
 91.380004 0.557713 1.411546
 91.580004 0.734558 1.221722
 91.780004 0.580952 1.461265
 91.980004 0.717478 1.339975
 92.180004 0.881845 1.267700
 92.380004 0.599424 1.434660
 92.580004 0.780987 1.236492
 92.780004 0.925001 1.348374
 92.980004 0.851331 1.169556
 93.180004 0.783476 1.288976
 93.380004 0.785663 1.316700
 93.580004 0.776145 1.305156
 93.780004 0.717717 1.318855
 93.980004 0.745103 1.145258
 94.180004 0.662974 1.462294
 94.380004 0.806044 1.178483
 94.580004 0.768728 1.462292
 94.780005 0.612381 1.231646
 94.980005 0.986851 1.398346
 95.180005 0.663368 1.410870
 95.380005 0.705587 1.205640
 95.580005 0.859596 1.331698
 95.780005 0.664060 1.351325
 95.980005 0.840714 1.347695
 96.180005 0.952123 1.169382
 96.380005 0.694734 1.363850
 96.580005 0.770111 1.365840
 96.780005 0.907786 1.182657
 96.980005 0.682679 1.317449
 97.180005 0.711011 1.236076
 97.380005 0.738855 1.402502
 97.580005 0.530660 1.277949
 97.780005 0.779282 1.306708
 97.980005 0.855658 1.168405
 98.180005 0.585877 1.455322
 98.380005 0.858430 1.215984
 98.580005 0.947527 1.248261
 98.780005 0.743199 1.352192
 98.980005 0.863811 1.196915
 99.180005 0.808150 1.482897
 99.380005 0.864507 1.045976
 99.580005 0.709134 1.378501
 99.780005 0.721747 1.290928
 99.980005 0.611601 1.445047
 100.180005 0.643237 1.216193
 100.380005 0.675036 1.211064
 100.580005 0.712729 1.576347
 100.780005 0.627442 1.144370
 100.980005 0.924278 1.533884
 101.180005 0.796103 1.118852
 101.380005 0.843965 1.378949
 101.580005 0.865914 1.325850
 101.780005 0.919553 1.234307
 101.980005 0.566582 1.352886
 102.180005 0.781531 1.178535
 102.380005 0.634804 1.572487
 102.580005 0.730564 1.078169
 102.780005 0.800241 1.424489
 102.980005 0.513591 1.250956
 103.180005 0.623858 1.380985
 103.380005 0.817585 1.168420
 103.580005 0.908072 1.354674
 103.780005 0.854825 1.336793
 103.980005 0.648457 1.341323
 104.180005 0.808750 1.501812
 104.380005 0.841290 0.950167
 104.580005 0.789453 1.583003
 104.780005 0.790150 1.193981
 104.980005 0.504964 1.344363
 105.180005 0.888261 1.355137
 105.380005 0.674830 1.149675
 105.580005 0.377115 1.595892
 105.780005 0.806979 1.220479
 105.980005 0.966523 1.501208
 106.180005 0.835213 0.954948
 106.380005 0.783223 1.350467
 106.580005 0.742266 1.457590
 106.780005 0.835820 1.035423
 106.980005 0.806156 1.525752
 107.180005 0.790809 1.117346
 107.380005 0.724098 1.583934
 107.580005 0.582565 1.078401
 107.780005 0.737080 1.486446
 107.980005 0.717353 1.261538
 108.180005 0.746959 1.455013
 108.380005 0.764663 1.125680
 108.580005 0.819128 1.321119
 108.780005 0.773617 1.502851
 108.980005 0.961072 1.015155
 109.180005 0.833237 1.591538
 109.380005 0.779074 1.074458
 109.580005 0.708690 1.530613
 109.780005 0.816540 1.353893
 109.980005 0.658551 1.188376
 110.180005 0.510323 1.377552
 110.380005 0.611358 1.299510
 110.580005 0.629693 1.449590
 110.780005 0.487269 1.193315
 110.980005 0.939205 1.326826
 111.180005 0.784220 1.374081
 111.380005 0.665792 1.142558
 111.580005 0.907833 1.529805
 111.780005 1.047712 1.194485
 111.980005 0.504874 1.377458
 112.180005 1.013634 1.158104
 112.380005 0.810727 1.423833
 112.580005 0.731040 1.258081
 112.780005 0.784063 1.512096
 112.980005 0.849038 1.205900
 113.180005 0.592853 1.177262
 113.380005 0.714358 1.417291
 113.580005 0.850908 1.294223
 113.780005 0.460632 1.388364
 113.980005 0.765328 1.292770
 114.180005 0.950530 1.279980
 114.380005 0.665931 1.327958
 114.580005 0.693824 1.331339
 114.780005 0.796200 1.359429
 114.980005 0.766616 1.263486
 115.180005 0.918750 1.220756
 115.380005 0.904081 1.354226
 115.580005 0.713194 1.355982
 115.780005 0.935987 1.182902
 115.980006 0.819896 1.272902
 116.180006 0.505623 1.408331
 116.380006 0.789627 1.337350
 116.580006 0.728977 1.410922
 116.780006 0.732223 1.148317
 116.980006 0.792270 1.363875
 117.180006 0.688282 1.359770
 117.380006 0.587189 1.332423
 117.580006 0.851783 1.319960
 117.780006 0.774801 1.319869
 117.980006 0.744650 1.212338
 118.180006 1.070199 1.497229
 118.380006 0.783342 1.217989
 118.580006 0.696972 1.462174
 118.780006 0.982961 1.268884
 118.980006 0.722185 1.270258
 119.180006 0.354286 1.276338
 119.380006 0.613956 1.325415
 119.580006 0.582769 1.440329
 119.780006 0.522227 1.200306
 119.980006 0.858021 1.331765
 120.180006 0.760830 1.263690
 120.380006 0.722985 1.224226
 120.580006 0.984031 1.378008
 120.780006 0.847863 1.319650
 120.980006 0.714501 1.360664
 121.180006 0.786037 1.213229
 121.380006 0.701501 1.368831
 121.580006 0.575713 1.252881
 121.780006 0.766601 1.343669
 121.980006 0.573656 1.243138
 122.180006 0.719510 1.162389
 122.380006 0.823821 1.371627
 122.580006 0.606796 1.256374
 122.780006 0.732196 1.539994
 122.980006 1.065566 1.104176
 123.180006 0.822565 1.351045
 123.380006 0.898664 1.301041
 123.580006 0.874075 1.329346
 123.780006 0.852721 1.237211
 123.980006 0.835803 1.197131
 124.180006 0.774787 1.317868
 124.380006 0.547792 1.348414
 124.580006 0.645772 1.261785
 124.780006 0.606317 1.325989
 124.980006 0.677974 1.242767
 125.180006 0.845458 1.144949
 125.380006 0.777079 1.449248
 125.580006 0.628729 1.354011
 125.780006 0.803191 1.285169
 125.980006 1.096516 1.307658
 126.180006 0.821365 1.272935
 126.380006 0.754512 1.404833
 126.580006 0.665779 1.436042
 126.780006 0.844573 1.311994
 126.980006 0.643487 1.196906
 127.180006 0.853572 1.244390
 127.380006 0.478973 1.559216
 127.580006 0.737775 1.156172
 127.780006 0.756035 1.260631
 127.980006 0.881667 1.188268
 128.180006 0.560640 1.539590
 128.380006 0.857971 1.276487
 128.580006 0.882424 1.267374
 128.780006 0.738398 1.101754
 128.980006 0.919559 1.274830
 129.180006 0.879095 1.541669
 129.380006 0.686273 1.118067
 129.580006 0.968098 1.302245
 129.780006 0.836673 1.289873
 129.980006 0.391280 1.403988
 130.180006 0.755172 1.362103
 130.380006 0.790168 1.207054
 130.580006 0.381041 1.372274
 130.780006 0.572640 1.228468
 130.980006 0.972465 1.605359
 131.180006 0.547626 1.240161
 131.380006 0.715915 1.293294
 131.580006 0.776555 1.464930
 131.780006 0.774165 1.159570
 131.980006 0.549687 1.346514
 132.180006 0.937371 1.216952
 132.380006 0.763612 1.563978
 132.580006 0.804940 0.932334
 132.780006 1.074623 1.774506
 132.980006 0.843174 1.207480
 133.180006 0.541371 1.297172
 133.380006 0.995132 1.206284
 133.580006 0.867115 1.133450
 133.780006 0.675423 1.531328
 133.980006 0.623065 1.150216
 134.180006 0.825621 1.484944
 134.380006 0.808916 1.017971
 134.580006 0.685588 1.423487
 134.780006 0.727665 1.550344
 134.980006 0.607003 1.149865
 135.180006 0.526730 1.382229
 135.380006 0.935240 1.094719
 135.580006 0.692376 1.529544
 135.780006 0.468706 1.218589
 135.980006 1.129639 1.537983
 136.180006 0.952014 1.325760
 136.380006 0.664271 1.102729
 136.580006 0.828280 1.531294
 136.780006 0.861785 1.184446
 136.980007 0.689551 1.473063
 137.180007 0.940569 1.025318
 137.380007 0.708029 1.352958
 137.580007 0.615135 1.399429
 137.780007 0.686904 1.374259
 137.980007 0.843238 1.189494
 138.180007 0.583745 1.112498
 138.380007 0.675544 1.409714
 138.580007 0.623101 1.414264
 138.780007 0.734860 1.247137
 138.980007 0.794561 1.121806
 139.180007 0.963091 1.317818
 139.380007 0.767346 1.402070
 139.580007 0.733014 1.279759
 139.780007 1.008350 1.200656
 139.980007 0.830871 1.291677
 140.180007 0.548286 1.450915
 140.380007 0.768176 1.345497
 140.580007 0.979426 1.109956
 140.780007 0.613101 1.251960
 140.980007 0.608562 1.265326
 141.180007 0.586037 1.609502
 141.380007 0.719237 0.900780
 141.580007 0.973367 1.494467
 141.780007 0.790390 1.518170
 141.980007 0.710767 1.143044
 142.180007 0.945447 1.352644
 142.380007 0.995718 1.272624
 142.580007 0.512887 1.522555
 142.780007 0.427232 1.136869
 142.980007 0.983960 1.712384
 143.180007 0.895123 1.208787
 143.380007 0.481847 1.302115
 143.580007 0.879212 1.467080
 143.780007 0.630589 1.172646
 143.980007 0.473211 1.490014
 144.180007 0.794371 1.110747
 144.380007 1.050120 1.399546
 144.580007 0.481635 1.249115
 144.780007 0.922622 1.347861
 144.980007 0.868674 1.338629
 145.180007 0.614650 1.135652
 145.380007 0.644520 1.593508
 145.580007 0.865414 1.138393
 145.780007 0.598946 1.381758
 145.980007 0.828541 1.143987
 146.180007 0.706535 1.532837
 146.380007 0.545311 1.205638
 146.580007 0.901764 1.323327
 146.780007 0.966312 1.299089
 146.980007 0.669577 1.244953
 147.180007 0.712405 1.444107
 147.380007 0.853250 1.194159
 147.580007 0.561743 1.304270
 147.780007 0.816363 1.135259
 147.980007 0.776638 1.680287
 148.180007 0.752293 1.207250
 148.380007 0.581096 1.184697
 148.580007 1.173615 1.246826
 148.780007 0.709100 1.285947
 148.980007 0.746025 1.387991
 149.180007 0.984974 1.334360
 149.380007 0.995632 1.016690
 149.580007 0.690988 1.350498
 149.780007 0.818573 1.488736
 149.980007 0.765381 1.248113
 150.180007 0.666758 1.080403
 150.380007 0.792030 1.168922
 150.580007 0.457228 1.513367
 150.780007 0.595874 1.203353
 150.980007 0.988463 1.538944
 151.180007 0.742977 0.869443
 151.380007 0.526888 1.530194
 151.580007 0.938997 1.648955
 151.780007 0.754500 0.933709
 151.980007 0.679446 1.554637
 152.180007 0.923997 1.091825
 152.380007 0.544278 1.546268
 152.580007 0.660945 1.048813
 152.780007 1.133352 1.495644
 152.980007 0.931438 1.098112
 153.180007 0.643370 1.303198
 153.380007 0.842670 1.641434
 153.580007 0.675153 1.173672
 153.780007 0.486469 1.406740
 153.980007 0.962344 1.177975
 154.180007 0.605099 1.422979
 154.380007 0.552798 1.232038
 154.580007 0.932536 1.456521
 154.780007 0.650166 1.227089
 154.980007 0.474257 1.343709
 155.180007 0.921053 1.497796
 155.380007 0.788502 1.217696
 155.580007 0.441313 1.305544
 155.780007 0.890000 1.349484
 155.980007 0.955722 1.297777
 156.180007 0.521058 1.332177
 156.380007 0.940040 1.253670
 156.580007 0.908779 1.290611
 156.780007 0.438875 1.243245
 156.980007 0.919060 1.431019
 157.180007 0.821104 1.350420
 157.380007 0.558785 1.237837
 157.580007 1.009354 1.242187
 157.780007 0.956192 1.295881
 157.980008 0.409267 1.388493
 158.180008 0.790493 1.399076
 158.380008 0.900261 1.411605
 158.580008 0.365279 1.236806
 158.780008 0.986279 1.226864
 158.980008 0.620595 1.518575
 159.180008 0.458564 1.229418
 159.380008 0.899501 1.294715
 159.580008 0.866922 1.328590
 159.780008 0.553448 1.294833
 159.980008 0.588379 1.351703
 160.180008 0.871781 1.473004
 160.380008 0.718193 1.102414
 160.580008 0.719838 1.355156
 160.780008 0.752935 1.466064
 160.980008 0.673836 1.159002
 161.180008 1.019233 1.365991
 161.380008 0.894029 1.219517
 161.580008 0.661482 1.364738
 161.780008 0.879415 1.291247
 161.980008 0.902988 1.393909
 162.180008 0.592735 1.332007
 162.380008 0.943752 1.205955
 162.580008 0.827605 1.543776
 162.780008 0.395636 1.092116
 162.980008 0.607936 1.465596
 163.180008 0.702387 1.374632
 163.380008 0.337776 1.275116
 163.580008 0.828937 1.309250
 163.780008 0.925350 1.381588
 163.980008 0.518324 1.365232
 164.180008 0.927089 1.236840
 164.380008 0.997721 1.436047
 164.580008 0.684773 1.115593
 164.780008 0.775921 1.401678
 164.980008 1.051066 1.381176
 165.180008 0.626658 1.043270
 165.380008 0.830134 1.363458
 165.580008 0.818689 1.304714
 165.780008 0.675717 1.376731
 165.980008 0.707754 1.230060
 166.180008 0.881573 1.320492
 166.380008 0.462447 1.406833
 166.580008 0.888289 1.248093
 166.780008 1.080582 1.643802
 166.980008 0.482886 1.129888
 167.180008 0.783596 1.362925
 167.380008 0.937360 1.366203
 167.580008 0.615115 1.137125
 167.780008 0.585534 1.543523
 167.980008 0.823786 1.187732
 168.180008 0.714141 1.523681
 168.380008 0.421694 1.055826
 168.580008 0.900925 1.644091
 168.780008 0.696013 1.424045
 168.980008 0.655673 1.081062
 169.180008 0.974823 1.459121
 169.380008 0.754178 1.241172
 169.580008 0.639443 1.583330
 169.780008 0.936046 0.942915
 169.980008 0.871142 1.378730
 170.180008 0.813695 1.277353
 170.380008 0.675932 1.376651
 170.580008 0.451055 1.414768
 170.780008 1.051783 0.921939
 170.980008 0.616122 1.610519
 171.180008 0.624688 1.146045
 171.380008 0.939461 1.556281
 171.580008 0.871945 1.110012
 171.780008 0.615319 1.379659
 171.980008 0.907057 1.259109
 172.180008 0.613728 1.343994
 172.380008 0.599804 1.429921
 172.580008 0.835434 1.075998
 172.780008 1.019553 1.567756
 172.980008 0.873728 1.011366
 173.180008 0.537874 1.574307
 173.380008 0.770193 1.220655
 173.580008 1.063927 1.173427
 173.780008 0.633512 1.368309
 173.980008 0.808808 1.081982
 174.180008 0.956763 1.765758
 174.380008 0.772807 0.977633
 174.580008 0.660058 1.538575
 174.780008 0.998352 1.138589
 174.980008 0.704446 1.380123
 175.180008 0.501223 1.313131
 175.380008 0.967573 1.376884
 175.580008 0.969451 1.471472
 175.780008 0.523485 1.127369
 175.980008 0.844023 1.674704
 176.180008 0.902093 1.145904
 176.380008 0.246103 1.600305
 176.580008 0.909525 1.059342
 176.780008 0.774108 1.531645
 176.980008 0.495233 1.480978
 177.180008 0.995844 0.944836
 177.380008 0.891837 1.575003
 177.580008 0.679172 1.018343
 177.780008 0.633719 1.456771
 177.980008 1.097490 1.302114
 178.180008 0.934946 0.991762
 178.380008 0.648070 1.449684
 178.580008 0.760434 1.371004
 178.780008 0.687439 1.473287
 178.980009 0.635365 1.062877
 179.180009 0.888590 1.364164
 179.380009 0.698147 1.485398
 179.580009 0.542475 1.277375
 179.780009 1.003935 1.149200
 179.980009 0.715126 1.361542
 180.180009 0.751523 1.327398
 180.380009 1.006411 1.318059
 180.580009 0.831647 1.514671
 180.780009 0.648670 0.995410
 180.980009 0.974488 1.273874
 181.180009 0.640834 1.647264
 181.380009 0.636933 1.016732
 181.580009 0.652224 1.423135
 181.780009 0.851836 1.224012
 181.980009 0.433718 1.367678
 182.180009 0.597319 1.415437
 182.380009 0.936696 1.389621
 182.580009 0.678851 1.084996
 182.780009 0.716503 1.306977
 182.980009 1.016281 1.416717
 183.180009 0.540882 1.247345
 183.380009 0.754859 1.412524
 183.580009 1.044251 1.309313
 183.780009 0.514657 1.398702
 183.980009 0.662754 1.283942
 184.180009 0.716390 1.477852
 184.380009 0.800281 1.246917
 184.580009 0.786436 1.150584
 184.780009 0.799937 1.436990
 184.980009 0.696733 1.223046
 185.180009 0.738232 1.468682
 185.380009 0.943059 1.142608
 185.580009 0.702944 1.270319
 185.780009 0.585959 1.332028
 185.980009 0.641965 1.344015
 186.180009 0.682607 1.348662
 186.380009 0.777856 1.061810
 186.580009 0.806537 1.386125
 186.780009 0.779327 1.374123
 186.980009 0.731048 1.363756
 187.180009 0.861887 1.242664
 187.380009 0.759880 1.309704
 187.580009 0.952546 1.479262
 187.780009 0.722136 1.026906
 187.980009 0.679645 1.431791
 188.180009 0.773156 1.321886
 188.380009 0.602469 1.285316
 188.580009 0.692105 1.263931
 188.780009 0.882183 1.186993
 188.980009 0.768782 1.447860
 189.180009 0.707183 1.201781
 189.380009 0.939483 1.530809
 189.580009 0.860774 1.089809
 189.780009 0.701223 1.477955
 189.980009 0.836434 1.386163
 190.180009 0.781066 1.269028
 190.380009 0.498495 1.297978
 190.580009 0.910112 1.249874
 190.780009 0.698656 1.512290
 190.980009 0.482846 1.107121
 191.180009 0.834064 1.644157
 191.380009 0.995636 1.286387
 191.580009 0.235093 1.224133
 191.780009 0.837826 1.382437
 191.980009 0.668289 1.315622
 192.180009 0.484791 1.373392
 192.380009 0.769271 1.290563
 192.580009 0.957313 1.182064
 192.780009 0.672135 1.369159
 192.980009 0.903578 1.216349
 193.180009 0.878181 1.432596
 193.380009 0.740395 1.076140
 193.580009 0.716678 1.488782
 193.780009 0.957877 1.285959
 193.980009 0.576518 1.269253
 194.180009 0.594380 1.265840
 194.380009 0.733732 1.360122
 194.580009 0.534742 1.431384
 194.780009 0.499538 1.150206
 194.980009 0.818442 1.521745
 195.180009 0.548259 1.161799
 195.380009 0.830446 1.311254
 195.580009 1.030604 1.496237
 195.780009 0.726073 1.046424
 195.980009 0.669042 1.473498
 196.180009 0.928574 1.270615
 196.380009 0.620585 1.347640
 196.580009 0.776213 0.994466
 196.780009 0.888596 1.390647
 196.980009 0.645809 1.450422
 197.180009 0.638210 1.089891
 197.380009 0.966672 1.507195
 197.580009 0.766311 1.189157
 197.780009 0.691557 1.307545
 197.980009 0.951203 1.414550
 198.180009 0.806538 1.065731
 198.380009 0.365089 1.588990
 198.580009 0.790209 1.241809
 198.780009 0.819210 1.450826
 198.980009 0.657909 1.044737
 199.180009 0.867125 1.340960
 199.380009 0.733265 1.502416
 199.580009 0.760208 1.087148
 199.780009 0.874749 1.362145
 199.980009 0.960028 1.267357
