#! FIELDS time phi psi
#! SET max_psi pi
 0.180000 -3.118891 -0.992738
 0.380000 -2.762855 -1.115155
 0.580000 -2.608324 -0.948794
 0.780000 -3.062085 -1.227695
 0.980000 -2.796599 -0.913896
 1.180000 -2.663778 -1.056201
 1.380000 -2.831249 -1.125026
 1.580000 -3.069090 -1.038750
 1.780000 -2.851561 -1.394804
 1.980000 -2.804440 -0.920450
 2.180000 -3.045819 -1.359027
 2.380000 -2.955686 -0.753793
 2.580000 -2.911000 -1.485468
 2.780000 -2.994855 -0.778850
 2.980000 -2.882886 -1.558485
 3.180000 -2.790988 -0.633095
 3.380000 -3.006460 -1.489154
 3.580000 -3.110658 -0.931984
 3.780000 -2.766322 -1.339945
 3.980000 -2.948810 -1.130074
 4.180000 -2.871520 -1.098344
 4.380000 -2.856253 -1.126943
 4.580000 -2.577837 -1.018942
 4.780000 -2.820516 -0.958688
 4.980000 -2.720825 -0.931888
 5.180000 -2.789835 -1.076423
 5.380000 -2.887827 -0.922407
 5.580000 -2.750333 -1.090897
 5.780000 -2.865516 -1.105461
 5.980000 -2.760572 -1.056093
 6.180000 2.971243 -1.199375
 6.380000 -2.807199 -1.273465
 6.580000 -2.924764 -1.145674
 6.780000 -2.839898 -1.391321
 6.980000 3.092742 -1.059526
 7.180000 -2.818870 -1.160515
 7.380000 -2.966384 -1.026543
 7.580000 -2.830258 -1.204809
 7.780000 -3.057440 -0.933175
 7.980000 -2.871892 -1.162571
 8.180000 -2.951056 -1.041004
 8.380000 -2.730632 -1.060982
 8.580000 -2.887191 -0.958060
 8.780000 -2.841167 -1.154985
 8.980000 -2.857425 -0.986909
 9.180000 -2.719584 -1.191111
 9.380000 -2.880043 -0.755774
 9.580000 -2.681306 -1.296862
 9.780000 -2.871139 -0.897815
 9.980000 -2.813280 -1.301806
 10.180000 -3.001671 -0.833805
 10.380000 -2.813784 -1.533613
 10.580001 -3.033794 -0.690388
 10.780001 -2.950770 -1.549982
 10.980001 -2.818381 -0.772380
 11.180001 -2.795946 -1.473458
 11.380001 -3.077150 -0.818036
 11.580001 -2.869646 -1.455442
 11.780001 -2.937484 -0.991593
 11.980001 -2.986508 -1.241770
 12.180001 -2.905494 -0.929746
 12.380001 -2.820366 -1.447022
 12.580001 -3.035326 -0.937683
 12.780001 -2.917688 -1.214575
 12.980001 -2.693198 -1.125350
 13.180001 -2.891575 -1.079338
 13.380001 -3.082152 -1.270335
 13.580001 -2.815719 -0.936251
 13.780001 -2.882859 -1.243451
 13.980001 -2.947610 -0.963423
 14.180001 -3.129171 -1.259581
 14.380001 -2.959078 -1.020046
 14.580001 -2.978116 -1.279262
 14.780001 -2.935033 -0.945438
 14.980001 -3.047475 -1.387019
 15.180001 -2.920772 -1.036874
 15.380001 -2.862092 -1.163798
 15.580001 -3.024460 -1.114104
 15.780001 -2.666777 -1.016307
 15.980001 -3.099533 -1.127186
 16.180001 -2.475930 -0.889939
 16.380001 3.059699 -1.131661
 16.580001 -2.799627 -1.149208
 16.780001 -3.007156 -1.107599
 16.980001 -2.901361 -1.333562
 17.180001 -2.940800 -0.854285
 17.380001 -2.970702 -1.315793
 17.580001 -2.611360 -0.894598
 17.780001 3.073472 -1.291126
 17.980001 -2.728729 -0.914737
 18.180001 -3.126044 -1.275233
 18.380001 -3.019623 -1.137162
 18.580001 -2.891153 -1.066922
 18.780001 -3.090600 -1.406850
 18.980001 -2.758595 -0.789527
 19.180001 -3.115761 -1.412868
 19.380001 -2.656720 -0.921766
 19.580001 3.116163 -1.403617
 19.780001 -2.831480 -1.046407
 19.980001 -3.046667 -1.259160
 20.180001 -3.048197 -1.211161
 20.380001 -2.937138 -1.080236
 20.580001 -3.072909 -1.327847
 20.780001 -2.934746 -0.829099
 20.980001 -3.007800 -1.301671
 21.180001 -2.701910 -0.846536
 21.380001 -2.822739 -1.216452
 21.580001 -2.748350 -0.791336
 21.780001 -2.983097 -1.230486
 21.980001 -2.728714 -1.199196
 22.180001 -2.885209 -0.893690
 22.380001 -2.743189 -1.321881
 22.580001 -2.842302 -0.896270
 22.780001 -2.882522 -1.409559
 22.980001 -2.937087 -0.832889
 23.180001 -2.860739 -1.526454
 23.380001 -2.974503 -0.715283
 23.580001 -2.926984 -1.485974
 23.780001 -2.803943 -0.759042
 23.980001 -2.879706 -1.479533
 24.180001 -3.075784 -0.787836
 24.380001 -2.790622 -1.327722
 24.580001 -2.912025 -1.002595
 24.780001 -2.825831 -1.275826
 24.980001 -2.871933 -0.950509
 25.180001 -2.871443 -1.222564
 25.380001 -2.774174 -1.088717
 25.580001 -2.865515 -1.040020
 25.780001 -2.790011 -1.085014
 25.980001 -2.851692 -1.177858
 26.180001 -2.885125 -1.168692
 26.380001 -3.130635 -0.982508
 26.580001 -2.764803 -1.380713
 26.780001 -3.033449 -1.056340
 26.980001 -3.013918 -1.209889
 27.180001 -2.738521 -1.023725
 27.380001 -2.842464 -1.274964
 27.580001 3.115693 -0.977503
 27.780001 -2.976525 -1.280640
 27.980001 -2.825663 -1.187440
 28.180001 -2.946379 -1.089660
 28.380001 -3.014512 -1.028418
 28.580001 -2.789421 -1.214433
 28.780001 -3.051256 -0.998725
 28.980001 -2.922634 -1.056642
 29.180001 -3.074606 -1.226768
 29.380001 -2.807878 -1.164739
 29.580001 -3.139986 -1.045925
 29.780001 -2.708354 -1.153028
 29.980001 -2.891682 -1.104886
 30.180001 -2.830078 -1.172386
 30.380001 -3.099951 -0.970074
 30.580001 -2.670593 -1.253797
 30.780001 -3.002777 -0.976026
 30.980001 -2.898307 -1.090944
 31.180001 -3.065083 -1.004058
 31.380001 -2.741052 -1.446123
 31.580001 -3.080978 -0.933657
 31.780002 -2.868010 -1.211805
 31.980002 -2.944738 -1.063142
 32.180002 -2.911244 -1.266490
 32.380002 -2.997703 -0.972598
 32.580002 -2.999287 -1.114568
 32.780002 -2.982517 -1.124192
 32.980002 -2.919032 -1.086871
 33.180002 -3.011956 -1.239947
 33.380002 -2.956924 -1.033740
 33.580002 -2.976671 -1.141953
 33.780002 -2.909289 -1.064087
 33.980002 3.099666 -1.130676
 34.180002 -2.875354 -0.992937
 34.380002 -2.998968 -1.191226
 34.580002 -2.937196 -1.037597
 34.780002 -2.980201 -1.126077
 34.980002 -2.911010 -1.021674
 35.180002 -2.728321 -1.134634
 35.380002 -2.966511 -1.003315
 35.580002 -2.790920 -1.110926
 35.780002 -2.905675 -1.103274
 35.980002 -2.736134 -1.114026
 36.180002 -2.948664 -1.011211
 36.380002 -2.590955 -1.019701
 36.580002 -2.963571 -1.144223
 36.780002 -2.936006 -1.079496
 36.980002 -2.821191 -1.071385
 37.180002 -2.750986 -1.269111
 37.380002 -2.916249 -0.854777
 37.580002 -2.826722 -1.168161
 37.780002 -2.765667 -0.963631
 37.980002 -2.697623 -1.219781
 38.180002 -3.005179 -0.882529
 38.380002 -2.875700 -1.289758
 38.580002 -2.864137 -0.919434
 38.780002 -2.892352 -1.285921
 38.980002 -3.027696 -0.996305
 39.180002 -2.779353 -1.323840
 39.380002 -3.081666 -1.049680
 39.580002 -2.849770 -1.160452
 39.780002 3.063585 -1.268519
 39.980002 -2.820229 -1.001419
 40.180002 -2.962949 -1.054495
 40.380002 -2.675672 -1.085102
 40.580002 -3.024812 -1.137240
 40.780002 -2.940210 -0.905345
 40.980002 -2.880216 -1.224268
 41.180002 -2.811281 -0.965767
 41.380002 -2.924612 -0.998609
 41.580002 -3.001131 -1.040551
 41.780002 -2.609963 -1.211147
 41.980002 3.055639 -1.028113
 42.180002 -2.765099 -1.215672
 42.380002 3.057781 -1.239823
 42.580002 -2.782822 -1.166572
 42.780002 2.872335 -1.161283
 42.980002 -2.726914 -1.168871
 43.180002 -2.926359 -1.068770
 43.380002 -2.632095 -1.246619
 43.580002 3.068576 -1.104328
 43.780002 -2.870333 -1.171251
 43.980002 -2.949390 -0.953326
 44.180002 -2.885894 -1.166710
 44.380002 -2.930606 -0.829086
 44.580002 -2.934241 -1.172501
 44.780002 -2.611019 -1.085024
 44.980002 -2.990678 -1.009283
 45.180002 -2.741780 -0.821228
 45.380002 -2.786533 -1.390950
 45.580002 -2.911757 -1.127975
 45.780002 3.110124 -1.069398
 45.980002 -2.670992 -1.127235
 46.180002 -2.835934 -1.210737
 46.380002 -2.985019 -1.176141
 46.580002 -3.046526 -1.157323
 46.780002 -2.857473 -1.318689
 46.980002 -2.889904 -1.013660
 47.180002 -3.020300 -1.233325
 47.380002 -2.834882 -1.029693
 47.580002 -2.799045 -1.445493
 47.780002 -3.044846 -0.715052
 47.980002 -3.021169 -1.382973
 48.180002 -2.740122 -0.845847
 48.380002 -2.820394 -1.198669
 48.580002 -2.899280 -0.826853
 48.780002 -2.446823 -1.197317
 48.980002 -3.002700 -1.134046
 49.180002 -2.964877 -0.955706
 49.380002 -2.892781 -1.158400
 49.580002 -2.566696 -1.202833
 49.780002 -2.932320 -0.940536
 49.980002 -2.949099 -0.949640
 50.180002 -2.763031 -1.004672
 50.380002 -2.612031 -1.225383
 50.580002 -2.921289 -0.777362
 50.780002 -2.820330 -1.042784
 50.980002 -2.635211 -1.009200
 51.180002 -2.782098 -1.136886
 51.380002 -3.140119 -1.059496
 51.580002 -2.894813 -1.131783
 51.780002 -2.840066 -1.284977
 51.980002 -2.870243 -1.117198
 52.180002 3.085352 -1.109702
 52.380002 -2.742050 -1.164052
 52.580002 -3.075158 -1.213578
 52.780003 -2.862613 -0.970605
 52.980003 -3.006690 -1.233533
 53.180003 -2.770887 -1.151747
 53.380003 -3.140122 -1.150365
 53.580003 -2.796985 -0.972505
 53.780003 -2.910500 -1.103015
 53.980003 -2.888739 -1.142860
 54.180003 -3.124268 -1.149410
 54.380003 -2.801394 -1.111904
 54.580003 -2.950900 -1.074670
 54.780003 -2.924598 -1.163616
 54.980003 -2.966402 -1.104763
 55.180003 -2.944160 -1.297878
 55.380003 -2.994277 -1.040897
 55.580003 -2.877497 -1.184852
 55.780003 -2.790444 -1.181515
 55.980003 -2.944191 -1.119208
 56.180003 -2.930542 -0.973246
 56.380003 -2.845291 -1.193387
 56.580003 -2.786343 -1.171368
 56.780003 -2.841289 -0.979992
 56.980003 -2.938135 -1.095936
 57.180003 -2.847467 -1.190465
 57.380003 -2.813935 -1.021826
 57.580003 -3.053731 -1.078376
 57.780003 -2.768464 -1.194435
 57.980003 -3.009021 -1.032360
 58.180003 -2.884336 -1.259989
 58.380003 -2.927495 -0.945942
 58.580003 -2.766885 -1.293352
 58.780003 -3.067248 -0.988357
 58.980003 -2.744366 -1.331193
 59.180003 -2.879936 -0.975581
 59.380003 -2.685140 -1.142728
 59.580003 -3.032779 -1.071521
 59.780003 -2.715523 -1.082591
 59.980003 -3.000517 -1.243714
 60.180003 -2.708713 -0.789688
 60.380003 -3.114325 -1.277273
 60.580003 -2.662999 -1.007168
 60.780003 -3.072412 -1.283142
 60.980003 -2.871009 -0.886014
 61.180003 -2.965110 -1.332144
 61.380003 -2.823426 -1.107875
 61.580003 -3.011017 -1.027542
 61.780003 -2.914668 -1.099433
 61.980003 -2.701051 -1.114893
 62.180003 -3.079843 -1.109059
 62.380003 -3.000716 -1.061195
 62.580003 -2.763335 -1.121649
 62.780003 -2.790129 -1.147162
 62.980003 3.089340 -0.976799
 63.180003 -2.881100 -1.256631
 63.380003 -2.957570 -1.112742
 63.580003 -2.820892 -1.109244
 63.780003 -2.896626 -0.964092
 63.980003 -2.632254 -1.272750
 64.180003 2.985051 -1.137585
 64.380003 -2.888905 -0.906145
 64.580003 -2.829930 -1.171659
 64.780003 -2.414969 -1.172283
 64.980003 3.069311 -0.897340
 65.180003 -2.658291 -1.185524
 65.380003 -2.889323 -0.952467
 65.580003 -3.098278 -1.329021
 65.780003 -2.739972 -0.652829
 65.980003 -2.919485 -1.560930
 66.180003 -2.794385 -0.715052
 66.380003 3.114274 -1.304734
 66.580003 -2.813120 -0.981894
 66.780003 -2.934107 -1.317978
 66.980003 3.120892 -1.096103
 67.180003 -2.659315 -1.019514
 67.380003 -3.048092 -1.215290
 67.580003 -2.722292 -1.025698
 67.780003 -3.087458 -1.205214
 67.980003 -2.593618 -0.872124
 68.180003 3.108644 -1.195661
 68.380003 -2.830007 -1.159498
 68.580003 -2.946022 -0.976125
 68.780003 -3.049967 -1.199367
 68.980003 -2.772204 -0.933920
 69.180003 3.123629 -1.216483
 69.380003 -2.745225 -0.823883
 69.580003 -2.948287 -1.203953
 69.780003 -2.714619 -0.912896
 69.980003 -3.088660 -1.054484
 70.180003 -2.753207 -1.242521
 70.380003 -3.062698 -1.031672
 70.580003 -2.884967 -1.336174
 70.780003 -2.929745 -0.898791
 70.980003 -2.869741 -1.474414
 71.180003 -2.922770 -0.852880
 71.380003 -2.990346 -1.380109
 71.580003 -2.845436 -0.746658
 71.780003 -2.868579 -1.448668
 71.980003 -2.971750 -0.774367
 72.180003 -3.023426 -1.341531
 72.380003 -2.909714 -0.928455
 72.580003 -2.977417 -1.311167
 72.780003 -2.985285 -1.139791
 72.980003 -3.138712 -1.159563
 73.180003 -2.965893 -1.415626
 73.380003 -2.810393 -1.047815
 73.580003 3.102316 -1.333107
 73.780004 -2.803762 -1.013734
 73.980004 -2.991468 -1.341970
 74.180004 -2.985335 -1.049597
 74.380004 -3.000727 -1.257863
 74.580004 -2.871987 -1.060592
 74.780004 -2.985745 -1.145799
 74.980004 -2.866769 -1.063581
 75.180004 -2.865528 -1.096979
 75.380004 -2.906657 -1.076845
 75.580004 -2.768358 -0.996209
 75.780004 -2.915612 -1.285930
 75.980004 -2.789134 -0.841310
 76.180004 -2.952224 -1.159770
 76.380004 -2.633764 -0.883110
 76.580004 -2.949702 -1.141936
 76.780004 -2.917007 -1.050149
 76.980004 -2.999086 -1.156344
 77.180004 -2.821332 -1.200545
 77.380004 -2.799474 -1.049849
 77.580004 -2.994353 -1.232665
 77.780004 -2.870161 -1.050991
 77.980004 -2.995746 -1.356118
 78.180004 -2.889588 -1.089465
 78.380004 -3.070449 -1.154245
 78.580004 -2.847919 -1.124921
 78.780004 -2.874899 -1.221764
 78.980004 -2.946330 -1.204335
 79.180004 -2.956702 -0.942238
 79.380004 -2.641121 -1.189813
 79.580004 -2.905233 -0.971067
 79.780004 -2.976966 -1.145093
 79.980004 -2.702299 -0.905333
 80.180004 -2.818475 -1.399804
 80.380004 -2.836242 -0.634236
 80.580004 -3.048783 -1.256153
 80.780004 -2.784066 -0.916287
 80.980004 -2.939589 -1.275370
 81.180004 -3.071176 -0.930622
 81.380004 -2.772702 -1.324074
 81.580004 -3.119415 -1.138768
 81.780004 -2.822385 -1.125435
 81.980004 -2.956535 -1.148248
 82.180004 -2.683834 -1.263506
 82.380004 3.011003 -0.961327
 82.580004 -2.740641 -1.071440
 82.780004 -2.844245 -1.141878
 82.980004 -2.968445 -1.093688
 83.180004 -3.018820 -1.031113
 83.380004 -2.790938 -1.185536
 83.580004 -2.807833 -0.982502
 83.780004 -2.961171 -0.982345
 83.980004 -2.754447 -1.102710
 84.180004 -2.913059 -1.268455
 84.380004 -2.974226 -0.965844
 84.580004 3.120824 -1.076986
 84.780004 -2.762185 -1.270283
 84.980004 -3.063593 -1.060901
 85.180004 -2.964214 -1.181588
 85.380004 -2.962488 -1.087153
 85.580004 -2.904707 -1.239194
 85.780004 -2.914994 -0.934926
 85.980004 -2.885985 -1.395923
 86.180004 -2.904119 -0.785022
 86.380004 -2.793751 -1.399185
 86.580004 -2.961046 -0.721895
 86.780004 -2.842233 -1.436744
 86.980004 -2.999021 -0.876543
 87.180004 -2.924300 -1.382106
 87.380004 -2.926467 -0.838219
 87.580004 -2.914346 -1.387420
 87.780004 -2.937896 -1.143524
 87.980004 -2.842689 -1.024148
 88.180004 -2.979822 -1.328193
 88.380004 -2.907352 -0.945999
 88.580004 -2.987536 -1.311151
 88.780004 -2.970961 -0.958598
 88.980004 -2.921291 -1.374462
 89.180004 -2.867317 -0.918906
 89.380004 -3.040640 -1.332273
 89.580004 -2.832199 -0.870960
 89.780004 -2.886379 -1.326166
 89.980004 -2.975500 -1.019117
 90.180004 -2.912473 -1.256866
 90.380004 -2.930636 -1.049035
 90.580004 -2.922125 -1.216812
 90.780004 -2.840528 -0.985457
 90.980004 -2.823871 -1.154351
 91.180004 -2.885876 -1.149967
 91.380004 -2.815991 -1.070970
 91.580004 -2.875448 -1.102695
 91.780004 -2.762781 -1.092007
 91.980004 -2.833563 -1.147694
 92.180004 -3.003442 -0.970622
 92.380004 -2.657558 -1.205762
 92.580004 -3.012450 -1.064418
 92.780004 -2.968043 -1.131921
 92.980004 -2.941277 -0.962060
 93.180004 -2.746686 -1.248930
 93.380004 -2.869558 -0.943808
 93.580004 -3.013766 -1.233101
 93.780004 -2.759226 -0.905435
 93.980004 -2.776922 -1.216914
 94.180004 -2.818990 -0.894957
 94.380004 -2.934277 -1.064361
 94.580004 -2.737712 -0.991191
 94.780005 -2.807143 -1.219975
 94.980005 -2.875941 -0.976755
 95.180005 -2.894435 -1.022162
 95.380005 -2.855346 -1.162147
 95.580005 -2.921316 -0.981243
 95.780005 -2.876141 -1.194636
 95.980005 -2.864533 -0.869144
 96.180005 -2.855910 -1.193453
 96.380005 -2.898517 -1.045428
 96.580005 -2.801374 -1.277597
 96.780005 -2.985459 -1.083687
 96.980005 -2.781449 -1.273444
 97.180005 -2.797042 -0.935599
 97.380005 -2.842792 -1.206094
 97.580005 -2.970846 -1.011858
 97.780005 -2.798375 -1.176161
 97.980005 -2.783843 -1.058699
 98.180005 -2.873481 -1.114563
 98.380005 -3.013426 -1.041740
 98.580005 -2.768547 -0.899942
 98.780005 -2.785391 -1.320097
 98.980005 -2.935767 -0.855673
 99.180005 -3.057194 -1.269270
 99.380005 -2.731611 -0.940258
 99.580005 -2.879403 -1.296817
 99.780005 -2.943966 -0.878080
 99.980005 -2.965952 -1.264983
 100.180005 -2.784592 -0.990598
 100.380005 -2.930707 -1.196995
 100.580005 -3.089860 -0.975558
 100.780005 -2.867170 -1.246427
 100.980005 -3.026371 -1.097280
 101.180005 -2.936340 -1.124544
 101.380005 -3.096468 -1.134546
 101.580005 -2.699633 -1.197402
 101.780005 -2.985390 -1.125025
 101.980005 -2.849106 -1.050584
 102.180005 -2.990061 -1.323662
 102.380005 -2.881165 -1.052336
 102.580005 -2.985321 -1.059688
 102.780005 -2.755275 -1.086599
 102.980005 -3.011897 -1.185771
 103.180005 -2.732819 -1.017807
 103.380005 -2.901742 -1.177119
 103.580005 -2.803089 -1.151604
 103.780005 -2.854466 -0.965409
 103.980005 -2.676067 -1.189873
 104.180005 -2.874773 -1.144719
 104.380005 -2.893410 -1.039592
 104.580005 -2.865462 -1.086373
 104.780005 -2.862636 -1.134364
 104.980005 -2.901182 -1.102191
 105.180005 -2.977398 -0.935517
 105.380005 -2.908382 -1.234624
 105.580005 -2.848620 -1.069316
 105.780005 -2.795907 -1.214908
 105.980005 -2.913092 -0.976881
 106.180005 -2.766640 -1.235399
 106.380005 -2.970769 -1.112995
 106.580005 -2.940719 -1.155489
 106.780005 -2.936836 -1.027787
 106.980005 -2.835733 -1.109271
 107.180005 -2.859155 -1.172972
 107.380005 -2.876789 -1.051374
 107.580005 -2.789003 -1.016413
 107.780005 -2.760501 -1.126560
 107.980005 -2.912457 -1.002282
 108.180005 -2.851670 -1.028082
 108.380005 -3.007284 -1.013677
 108.580005 -2.683184 -1.117427
 108.780005 -2.994996 -0.873716
 108.980005 -2.716080 -1.212692
 109.180005 -2.902540 -1.022946
 109.380005 -2.737261 -1.134826
 109.580005 -2.949999 -0.975753
 109.780005 -2.654242 -1.198115
 109.980005 -2.874166 -1.102255
 110.180005 -2.862742 -1.108717
 110.380005 -3.020915 -1.023809
 110.580005 -2.688913 -1.172910
 110.780005 -2.979729 -1.080202
 110.980005 -2.829722 -1.060757
 111.180005 -2.841191 -1.100501
 111.380005 -2.717235 -1.279442
 111.580005 -3.044913 -0.959253
 111.780005 -2.830956 -1.032268
 111.980005 -2.805310 -1.056999
 112.180005 -2.803744 -1.161969
 112.380005 -3.074975 -0.997349
 112.580005 -2.767400 -1.155167
 112.780005 -2.777928 -1.047285
 112.980005 -3.073096 -1.149381
 113.180005 -3.027382 -1.001194
 113.380005 -2.853654 -1.272977
 113.580005 -2.916831 -1.055937
 113.780005 -2.874910 -1.041702
 113.980005 -2.791160 -1.055925
 114.180005 -2.812923 -1.197634
 114.380005 -2.998296 -1.053654
 114.580005 -2.838894 -0.972010
 114.780005 -2.870013 -1.287243
 114.980005 -2.856035 -1.143940
 115.180005 -2.814337 -1.119434
 115.380005 -2.890967 -0.922628
 115.580005 -2.800887 -1.297455
 115.780005 -2.911420 -0.978577
 115.980006 -2.917493 -1.314173
 116.180006 -2.937411 -0.867119
 116.380006 -3.008960 -1.404347
 116.580006 -3.021651 -0.972305
 116.780006 -3.042046 -1.273144
 116.980006 -3.031156 -0.955728
 117.180006 -2.951582 -1.336400
 117.380006 -3.052774 -1.129558
 117.580006 -2.918024 -1.222208
 117.780006 -3.023155 -0.955596
 117.980006 -2.884133 -1.218841
 118.180006 -2.929956 -1.093982
 118.380006 -2.881541 -1.050049
 118.580006 -3.043111 -1.014619
 118.780006 -2.853722 -1.122398
 118.980006 -2.879161 -1.049398
 119.180006 -3.032839 -1.110798
 119.380006 -2.905614 -1.073860
 119.580006 -2.780369 -1.117935
 119.780006 -2.907715 -1.185835
 119.980006 -2.957282 -1.020676
 120.180006 -2.968696 -1.154856
 120.380006 -2.832122 -1.165134
 120.580006 -2.895706 -1.081851
 120.780006 -2.924557 -1.063921
 120.980006 -2.876279 -1.182249
 121.180006 -2.925279 -1.048628
 121.380006 -2.831797 -1.196939
 121.580006 -2.989611 -1.030117
 121.780006 -2.672132 -1.174422
 121.980006 -3.061351 -1.187722
 122.180006 -2.830529 -1.044973
 122.380006 -3.111932 -1.148293
 122.580006 -2.841869 -1.204635
 122.780006 -2.935949 -0.882180
 122.980006 -2.773096 -1.093931
 123.180006 -3.048493 -1.018442
 123.380006 -2.781965 -1.062278
 123.580006 -2.944218 -1.144034
 123.780006 -2.733789 -1.057511
 123.980006 -2.940909 -1.080935
 124.180006 -2.780117 -1.074207
 124.380006 -3.016939 -1.217581
 124.580006 -2.862201 -0.993359
 124.780006 -2.949440 -1.122966
 124.980006 -2.765745 -1.237189
 125.180006 -2.992878 -0.943261
 125.380006 -2.747095 -1.252384
 125.580006 -3.096691 -1.042469
 125.780006 -2.811269 -1.202143
 125.980006 -3.056376 -0.880941
 126.180006 -2.862364 -1.349439
 126.380006 -2.931389 -0.884234
 126.580006 -2.895874 -1.265702
 126.780006 -3.010372 -1.017801
 126.980006 -2.750609 -1.261301
 127.180006 -2.904381 -0.823532
 127.380006 -2.885498 -1.390862
 127.580006 -2.968894 -0.967333
 127.780006 -2.712605 -1.189486
 127.980006 -2.952594 -1.157117
 128.180006 -2.856590 -0.990525
 128.380006 -2.908344 -1.104261
 128.580006 -2.738624 -1.202322
 128.780006 -2.868077 -1.022448
 128.980006 -3.072695 -1.000567
 129.180006 -2.817504 -1.353068
 129.380006 -2.839347 -0.913769
 129.580006 -2.950405 -1.254434
 129.780006 -3.004935 -0.964760
 129.980006 -2.948244 -1.382970
 130.180006 -3.045712 -0.912878
 130.380006 -2.912457 -1.479710
 130.580006 -2.860265 -0.901412
 130.780006 -3.083987 -1.233833
 130.980006 -3.041586 -1.136338
 131.180006 -2.885889 -1.268122
 131.380006 -3.102025 -1.002280
 131.580006 -2.940233 -1.328815
 131.780006 -2.949855 -1.136772
 131.980006 -2.795380 -1.100470
 132.180006 -2.882616 -1.125461
 132.380006 -2.859999 -1.255275
 132.580006 -2.830112 -1.134945
 132.780006 -3.048687 -0.993592
 132.980006 -2.775253 -1.065069
 133.180006 -2.714790 -1.114679
 133.380006 -2.870045 -1.030755
 133.580006 -2.865683 -0.917230
 133.780006 -2.623053 -1.163343
 133.980006 -2.639049 -1.053012
 134.180006 -2.918954 -1.153004
 134.380006 -2.876427 -0.854252
 134.580006 -2.728450 -1.131737
 134.780006 -2.763124 -1.126792
 134.980006 -2.999631 -1.045264
 135.180006 -2.952827 -0.958336
 135.380006 -2.733614 -1.106860
 135.580006 -2.882332 -1.216386
 135.780006 -3.037994 -1.064101
 135.980006 -2.982831 -1.077306
 136.180006 -2.834538 -1.324407
 136.380006 -2.844223 -1.114087
 136.580006 -3.003405 -1.123258
 136.780006 -2.963946 -0.984710
 136.980007 -2.926480 -1.434973
 137.180007 -2.774537 -1.008558
 137.380007 -2.985549 -1.169912
 137.580007 -2.896283 -1.155295
 137.780007 -2.786390 -1.170933
 137.980007 -2.973684 -1.081171
 138.180007 -2.961304 -1.174788
 138.380007 -2.851666 -1.100161
 138.580007 -2.745736 -1.095032
 138.780007 -3.020874 -1.018865
 138.980007 -2.628286 -1.003862
 139.180007 3.113672 -1.228636
 139.380007 -2.917896 -1.072693
 139.580007 -3.047523 -1.147398
 139.780007 -2.666536 -1.121627
 139.980007 -3.113843 -0.991383
 140.180007 -2.811086 -1.071732
 140.380007 -2.924075 -1.171454
 140.580007 -2.731015 -1.195197
 140.780007 -3.138563 -0.949654
 140.980007 -3.000363 -1.248758
 141.180007 -2.814987 -1.035892
 141.380007 -2.909071 -1.220035
 141.580007 -3.008528 -1.027741
 141.780007 -2.829845 -1.050072
 141.980007 -2.863462 -1.132179
 142.180007 -2.747617 -1.071797
 142.380007 -2.907029 -0.992891
 142.580007 -2.848064 -1.289031
 142.780007 -2.994982 -1.046597
 142.980007 -2.767063 -1.256278
 143.180007 -3.132337 -1.092577
 143.380007 -2.828633 -1.376633
 143.580007 -2.981225 -0.895328
 143.780007 -2.761138 -1.339620
 143.980007 -3.101252 -1.031393
 144.180007 -2.849359 -0.994547
 144.380007 -2.930861 -1.152357
 144.580007 -2.662224 -1.129588
 144.780007 -3.135139 -1.015442
 144.980007 -2.773525 -1.026041
 145.180007 -2.899942 -1.308677
 145.380007 -2.872416 -0.987267
 145.580007 -3.064149 -1.198865
 145.780007 -2.682223 -1.055904
 145.980007 -2.885394 -1.197951
 146.180007 -3.004429 -1.124214
 146.380007 -2.960586 -1.145790
 146.580007 -2.925967 -1.169761
 146.780007 -3.049120 -1.096179
 146.980007 -2.955977 -1.202786
 147.180007 -2.856218 -1.070005
 147.380007 -2.891356 -1.166693
 147.580007 -2.861770 -1.000045
 147.780007 -3.068504 -1.115295
 147.980007 -2.819758 -1.086166
 148.180007 -2.834566 -1.134843
 148.380007 -2.808801 -1.060052
 148.580007 -3.065731 -1.039806
 148.780007 -2.593926 -1.234192
 148.980007 -2.854423 -0.952022
 149.180007 -2.857084 -1.139318
 149.380007 3.104062 -0.889462
 149.580007 -2.676485 -1.266042
 149.780007 -3.012201 -0.961178
 149.980007 -2.743934 -1.088485
 150.180007 -2.859707 -1.081481
 150.380007 -2.700585 -1.325882
 150.580007 -2.969624 -0.859149
 150.780007 -2.627544 -1.200355
 150.980007 -2.916372 -1.076047
 151.180007 -2.838743 -1.047755
 151.380007 -3.023132 -1.027168
 151.580007 -2.742915 -1.138195
 151.780007 -2.932017 -0.927713
 151.980007 -2.955970 -1.186582
 152.180007 -2.987198 -1.018854
 152.380007 -2.719867 -1.130663
 152.580007 -2.868286 -1.027367
 152.780007 -2.725622 -1.176681
 152.980007 -2.909333 -1.046385
 153.180007 -2.807974 -1.243718
 153.380007 -3.116823 -0.920604
 153.580007 -2.706053 -1.170564
 153.780007 3.140629 -1.186045
 153.980007 -2.945579 -1.218631
 154.180007 -3.087031 -0.991673
 154.380007 -2.883226 -1.336780
 154.580007 -3.005270 -0.926671
 154.780007 -2.977860 -1.241028
 154.980007 -3.049291 -1.099804
 155.180007 -2.575942 -1.387737
 155.380007 -3.058127 -1.021770
 155.580007 -3.013521 -1.328326
 155.780007 -2.846904 -1.064740
 155.980007 -2.724757 -1.196749
 156.180007 -3.099195 -1.039993
 156.380007 -2.755321 -1.150119
 156.580007 -2.727684 -1.098435
 156.780007 -2.875780 -1.111681
 156.980007 -2.754816 -0.943119
 157.180007 -2.773514 -1.196942
 157.380007 -2.772902 -0.956443
 157.580007 -2.716767 -1.007933
 157.780007 -2.617697 -1.073148
 157.980008 -2.852732 -1.140247
 158.180008 -2.958535 -1.089112
 158.380008 -2.829516 -1.069608
 158.580008 -2.723430 -1.142104
 158.780008 -3.063235 -1.106771
 158.980008 -3.025565 -1.099322
 159.180008 -2.961271 -1.183039
 159.380008 -3.008001 -1.201623
 159.580008 -3.047232 -1.090106
 159.780008 -3.000379 -1.210182
 159.980008 -2.903196 -1.215071
 160.180008 -3.063547 -1.012269
 160.380008 -2.939629 -1.363063
 160.580008 -2.823598 -1.035053
 160.780008 -3.099624 -1.209109
 160.980008 -2.858210 -0.861663
 161.180008 -2.957843 -1.379688
 161.380008 -2.777256 -0.906449
 161.580008 -3.077174 -1.239244
 161.780008 -2.663931 -0.806099
 161.980008 -2.793035 -1.338318
 162.180008 -2.961879 -1.038872
 162.380008 -3.012695 -1.109048
 162.580008 -2.867766 -1.208907
 162.780008 -2.867663 -1.164971
 162.980008 -2.988969 -1.138444
 163.180008 -2.928426 -1.063333
 163.380008 -2.795611 -1.334166
 163.580008 -2.810611 -1.005663
 163.780008 -2.886476 -1.391186
 163.980008 -2.888978 -0.984587
 164.180008 -2.822004 -1.328403
 164.380008 -3.037861 -0.978901
 164.580008 -2.939002 -1.272322
 164.780008 -2.953805 -0.922043
 164.980008 -2.591595 -1.224121
 165.180008 -2.855211 -0.714161
 165.380008 -2.655859 -1.054734
 165.580008 -2.795599 -1.054862
 165.780008 -2.663680 -1.036592
 165.980008 -2.831348 -0.932970
 166.180008 -2.634057 -1.087688
 166.380008 -2.874604 -1.002704
 166.580008 -2.813829 -1.144290
 166.780008 -2.934819 -0.927783
 166.980008 -2.751468 -1.197923
 167.180008 -3.078729 -0.957930
 167.380008 -2.801306 -1.303419
 167.580008 -3.015507 -0.998172
 167.780008 -2.812033 -1.134046
 167.980008 -3.048907 -1.130292
 168.180008 -2.821654 -1.278976
 168.380008 -3.028771 -1.073932
 168.580008 -2.858657 -1.082855
 168.780008 -2.936703 -1.144194
 168.980008 -2.624053 -1.132316
 169.180008 -2.993255 -1.213464
 169.380008 -2.778995 -0.985098
 169.580008 -2.888901 -1.178918
 169.780008 -2.756509 -1.071103
 169.980008 -3.057056 -1.184052
 170.180008 -2.827254 -0.952846
 170.380008 -3.055238 -1.269005
 170.580008 -2.837747 -1.035757
 170.780008 -2.943255 -1.250873
 170.980008 -2.888301 -1.030310
 171.180008 -3.116745 -1.384534
 171.380008 -2.942967 -0.885724
 171.580008 -2.969705 -1.201348
 171.780008 -2.896334 -1.189370
 171.980008 -2.673744 -0.945729
 172.180008 -3.121507 -1.063195
 172.380008 -2.526971 -0.996867
 172.580008 -2.927637 -1.077476
 172.780008 -2.639995 -1.074205
 172.980008 -3.002520 -1.022410
 173.180008 -2.559399 -1.176118
 173.380008 -2.975633 -0.988958
 173.580008 -2.717395 -1.152193
 173.780008 -2.977854 -1.040461
 173.980008 -2.826725 -1.200912
 174.180008 -3.113961 -1.036196
 174.380008 -2.694843 -1.199069
 174.580008 -2.997940 -1.077880
 174.780008 -2.842883 -1.082955
 174.980008 -2.890766 -0.964786
 175.180008 -2.732222 -1.314970
 175.380008 -2.978573 -0.981995
 175.580008 -2.778727 -1.049318
 175.780008 -2.851063 -1.060093
 175.980008 -2.851458 -1.208544
 176.180008 -2.934184 -0.858140
 176.380008 -2.825422 -1.283587
 176.580008 -2.935341 -1.002326
 176.780008 -2.775092 -1.098830
 176.980008 -2.970958 -1.020690
 177.180008 -2.786735 -1.104483
 177.380008 -2.907060 -1.003141
 177.580008 -2.804717 -1.236993
 177.780008 -2.918428 -1.008014
 177.980008 -2.747685 -0.983111
 178.180008 -2.774344 -0.956815
 178.380008 -2.779722 -1.154008
 178.580008 -2.853022 -0.971815
 178.780008 -3.020626 -1.135954
 178.980009 -2.828473 -0.989137
 179.180009 -2.782379 -1.189550
 179.380009 -2.723879 -1.064194
 179.580009 -2.920862 -1.117991
 179.780009 -2.806802 -1.074751
 179.980009 -2.947252 -1.106816
 180.180009 -2.995643 -1.177242
 180.380009 -3.080866 -1.104823
 180.580009 -2.944025 -1.287161
 180.780009 -2.997952 -1.040607
 180.980009 -2.915025 -1.273252
 181.180009 -2.990197 -1.076768
 181.380009 -2.945782 -1.299220
 181.580009 -2.973287 -1.043526
 181.780009 -2.820155 -1.306610
 181.980009 -2.845541 -0.820764
 182.180009 -2.803336 -1.288589
 182.380009 -2.785829 -0.975126
 182.580009 -2.802723 -0.925288
 182.780009 -2.730448 -1.124272
 182.980009 -2.973166 -0.979962
 183.180009 -2.713202 -1.171164
 183.380009 -3.013242 -0.885153
 183.580009 -2.779812 -1.327988
 183.780009 -2.973730 -0.905435
 183.980009 -2.808202 -1.470564
 184.180009 -3.093393 -0.874097
 184.380009 -2.787498 -1.536556
 184.580009 -3.037486 -0.877387
 184.780009 -2.926702 -1.358504
 184.980009 -2.936357 -0.831285
 185.180009 -2.878527 -1.284678
 185.380009 -2.816498 -0.843171
 185.580009 -2.759479 -1.295023
 185.780009 -2.895963 -0.878297
 185.980009 -2.864626 -1.109185
 186.180009 -2.777605 -0.986901
 186.380009 -2.705873 -1.170288
 186.580009 -2.974399 -0.941296
 186.780009 -2.723665 -1.043058
 186.980009 -2.757522 -1.200943
 187.180009 -2.762647 -0.791019
 187.380009 -2.858351 -1.167993
 187.580009 -2.466671 -0.875493
 187.780009 -2.846575 -1.110270
 187.980009 -2.747567 -0.938902
 188.180009 -2.928608 -1.213064
 188.380009 -2.856018 -1.053319
 188.580009 -3.125285 -1.029310
 188.780009 -2.759461 -1.271879
 188.980009 -2.941734 -1.072650
 189.180009 3.134463 -1.385429
 189.380009 -2.868989 -0.803782
 189.580009 -2.903549 -1.553504
 189.780009 -2.675364 -0.772267
 189.980009 3.129528 -1.293046
 190.180009 -2.676122 -1.022099
 190.380009 -2.949624 -1.235623
 190.580009 -2.904140 -1.029538
 190.780009 -2.989412 -1.072631
 190.980009 -2.831800 -1.286651
 191.180009 -2.943569 -1.012930
 191.380009 -2.937423 -1.086960
 191.580009 -2.759820 -0.890093
 191.780009 -2.612401 -1.174056
 191.980009 -2.832402 -0.837355
 192.180009 -2.844218 -1.053324
 192.380009 -2.671475 -0.911291
 192.580009 -2.755088 -1.135319
 192.780009 -2.922454 -0.930345
 192.980009 -2.927873 -1.269306
 193.180009 -2.898870 -1.162503
 193.380009 -3.136100 -1.066071
 193.580009 -3.036865 -1.214623
 193.780009 -2.929010 -1.174388
 193.980009 -3.057250 -1.225441
 194.180009 -3.084325 -1.058984
 194.380009 -3.022081 -1.422655
 194.580009 -2.860865 -0.922108
 194.780009 -3.084879 -1.121980
 194.980009 -2.770736 -1.112516
 195.180009 -2.742721 -1.064112
 195.380009 -2.861364 -1.136036
 195.580009 -2.827598 -0.976776
 195.780009 -2.693921 -1.105837
 195.980009 -2.671778 -0.953652
 196.180009 -2.900198 -1.118711
 196.380009 -2.709344 -0.963040
 196.580009 -3.048235 -1.248368
 196.780009 -2.986560 -1.059904
 196.980009 -2.970974 -1.083849
 197.180009 -2.849302 -1.296483
 197.380009 -2.833536 -0.930341
 197.580009 -2.963489 -1.342754
 197.780009 -2.855811 -0.977197
 197.980009 -2.902609 -1.394168
 198.180009 -2.975786 -1.061998
 198.380009 3.086496 -1.253037
 198.580009 -2.997917 -1.239226
 198.780009 -2.949265 -1.184499
 198.980009 -3.022244 -1.094480
 199.180009 -2.963465 -1.177923
 199.380009 -2.779785 -1.097442
 199.580009 -2.909265 -1.049976
 199.780009 -2.925247 -1.089857
 199.980009 -2.866877 -0.959404
