#! FIELDS time phi psi
#! SET max_psi pi
 0.180000 -2.203718 -2.974346
 0.380000 -1.938581 -2.578860
 0.580000 -2.421886 -2.547306
 0.780000 -2.400755 -2.867069
 0.980000 -1.900680 -2.168052
 1.180000 -2.815095 -2.847691
 1.380000 -1.655753 -2.307167
 1.580000 -2.647395 -2.526088
 1.780000 -2.275879 -2.818130
 1.980000 -2.275170 -2.383940
 2.180000 -2.373751 -2.881120
 2.380000 -1.907235 -2.399419
 2.580000 -2.787618 -2.782731
 2.780000 -2.021847 -2.597739
 2.980000 -2.484231 -2.535504
 3.180000 -2.070940 -2.883404
 3.380000 -2.247374 -2.423560
 3.580000 -2.295714 -2.616606
 3.780000 -2.265528 -2.744024
 3.980000 -2.525315 -2.275572
 4.180000 -2.176446 -2.735224
 4.380000 -2.510320 -2.412823
 4.580000 -2.099260 -2.564709
 4.780000 -2.505640 -2.652593
 4.980000 -2.137156 -2.396324
 5.180000 -2.496440 -2.884202
 5.380000 -2.242377 -2.452629
 5.580000 -2.172058 -2.717939
 5.780000 -2.503162 -2.587497
 5.980000 -1.898793 -2.364219
 6.180000 -2.851141 -2.910204
 6.380000 -1.771884 -2.296940
 6.580000 -2.605476 -2.828700
 6.780000 -2.108217 -2.421735
 6.980000 -2.208098 -2.605390
 7.180000 -2.530380 -2.639868
 7.380000 -2.017856 -2.503282
 7.580000 -2.600760 -2.617723
 7.780000 -2.032400 -2.464142
 7.980000 -2.534829 -2.696910
 8.180000 -2.216047 -2.489448
 8.380000 -2.202262 -2.595010
 8.580000 -2.386951 -2.633535
 8.780000 -2.193076 -2.330335
 8.980000 -2.515530 -2.724466
 9.180000 -2.160721 -2.453837
 9.380000 -2.488128 -2.742138
 9.580000 -2.232844 -2.743709
 9.780000 -2.397408 -2.545045
 9.980000 -2.216388 -2.803417
 10.180000 -2.385017 -2.540549
 10.380000 -2.445906 -2.627416
 10.580001 -2.309406 -2.753161
 10.780001 -2.227055 -2.297239
 10.980001 -2.154418 -2.836013
 11.180001 -2.444867 -2.561708
 11.380001 -2.140313 -2.638395
 11.580001 -2.447056 -2.702255
 11.780001 -2.108162 -2.335519
 11.980001 -2.422433 -2.664637
 12.180001 -2.454598 -2.355753
 12.380001 -2.051743 -2.537691
 12.580001 -2.540108 -2.450289
 12.780001 -2.042859 -2.450020
 12.980001 -2.652259 -2.711827
 13.180001 -2.088644 -2.617954
 13.380001 -2.204916 -2.670372
 13.580001 -2.543926 -2.809310
 13.780001 -2.239600 -2.561625
 13.980001 -2.575621 -2.858488
 14.180001 -2.056391 -2.490557
 14.380001 -2.608830 -2.762958
 14.580001 -2.195173 -2.510269
 14.780001 -2.483193 -2.686353
 14.980001 -2.144407 -2.503711
 15.180001 -2.392024 -2.541437
 15.380001 -2.344384 -2.558856
 15.580001 -2.255214 -2.512910
 15.780001 -2.455733 -2.510017
 15.980001 -2.079814 -2.481790
 16.180001 -2.694517 -2.594050
 16.380001 -2.103628 -2.586536
 16.580001 -2.548619 -2.657714
 16.780001 -2.178940 -2.539094
 16.980001 -2.452625 -2.774484
 17.180001 -2.265897 -2.535671
 17.380001 -2.278425 -2.596724
 17.580001 -2.554622 -2.566948
 17.780001 -1.947141 -2.496387
 17.980001 -2.474352 -2.566170
 18.180001 -1.954534 -2.489567
 18.380001 -2.453306 -2.560691
 18.580001 -2.197240 -2.572377
 18.780001 -2.284879 -2.575940
 18.980001 -2.582108 -2.751702
 19.180001 -2.146974 -2.555122
 19.380001 -2.666912 -2.761683
 19.580001 -1.934147 -2.608053
 19.780001 -2.675317 -2.470807
 19.980001 -2.072940 -2.695312
 20.180001 -2.538239 -2.452245
 20.380001 -2.294274 -2.648975
 20.580001 -2.219968 -2.709857
 20.780001 -2.456353 -2.402447
 20.980001 -2.029920 -2.768335
 21.180001 -2.530864 -2.257482
 21.380001 -2.077639 -2.662026
 21.580001 -2.470506 -2.435644
 21.780001 -2.162668 -2.464022
 21.980001 -2.374735 -2.756644
 22.180001 -2.287765 -2.609373
 22.380001 -2.189323 -2.637321
 22.580001 -2.466798 -2.616823
 22.780001 -2.226924 -2.553585
 22.980001 -2.701898 -2.639127
 23.180001 -2.091300 -2.502671
 23.380001 -2.554073 -2.659599
 23.580001 -2.176522 -2.681495
 23.780001 -2.516246 -2.724561
 23.980001 -2.396037 -2.758085
 24.180001 -2.310920 -2.752707
 24.380001 -2.465308 -2.480693
 24.580001 -2.172973 -2.746136
 24.780001 -2.567154 -2.490762
 24.980001 -2.206666 -2.653400
 25.180001 -2.458405 -2.529695
 25.380001 -2.139342 -2.515267
 25.580001 -2.296454 -2.554845
 25.780001 -2.405534 -2.483570
 25.980001 -2.280063 -2.555712
 26.180001 -2.443706 -2.476896
 26.380001 -2.167348 -2.572808
 26.580001 -2.484301 -2.532567
 26.780001 -2.025558 -2.846435
 26.980001 -2.529312 -2.762539
 27.180001 -2.368417 -2.601458
 27.380001 -2.326523 -2.718588
 27.580001 -2.378411 -2.536920
 27.780001 -2.218304 -2.592553
 27.980001 -2.471410 -2.519006
 28.180001 -2.276056 -2.406351
 28.380001 -2.487594 -2.649727
 28.580001 -2.191694 -2.471229
 28.780001 -2.526711 -2.824679
 28.980001 -2.313038 -2.440459
 29.180001 -2.187300 -2.771515
 29.380001 -2.389169 -2.443969
 29.580001 -2.218561 -2.750840
 29.780001 -2.474775 -2.514934
 29.980001 -2.134451 -2.527796
 30.180001 -2.522159 -2.685989
 30.380001 -2.259462 -2.478080
 30.580001 -2.428717 -2.748633
 30.780001 -2.191792 -2.509460
 30.980001 -2.214754 -2.579478
 31.180001 -2.487354 -2.586208
 31.380001 -2.246269 -2.442100
 31.580001 -2.524565 -2.564861
 31.780002 -2.234637 -2.599331
 31.980002 -2.448369 -2.607604
 32.180002 -2.370917 -2.719295
 32.380002 -2.356443 -2.689472
 32.580002 -2.341415 -2.807304
 32.780002 -2.438166 -2.606058
 32.980002 -2.361078 -2.664003
 33.180002 -2.307161 -2.504710
 33.380002 -2.381153 -2.516658
 33.580002 -2.278985 -2.542944
 33.780002 -2.517455 -2.598700
 33.980002 -1.990697 -2.504564
 34.180002 -2.539314 -2.593888
 34.380002 -2.121201 -2.507001
 34.580002 -2.377271 -2.708957
 34.780002 -2.395108 -2.397495
 34.980002 -2.198289 -2.540894
 35.180002 -2.525112 -2.635105
 35.380002 -2.240739 -2.285391
 35.580002 -2.556694 -2.783682
 35.780002 -2.088720 -2.325193
 35.980002 -2.512743 -2.714059
 36.180002 -2.201642 -2.638405
 36.380002 -2.425231 -2.409189
 36.580002 -2.167403 -2.878800
 36.780002 -2.358258 -2.292464
 36.980002 -2.567480 -2.794391
 37.180002 -2.123309 -2.428946
 37.380002 -2.451043 -2.495267
 37.580002 -1.921214 -2.594654
 37.780002 -2.479702 -2.437713
 37.980002 -2.207097 -2.831652
 38.180002 -2.457967 -2.346294
 38.380002 -2.399346 -2.775668
 38.580002 -2.203272 -2.526928
 38.780002 -2.571347 -2.566969
 38.980002 -2.004650 -2.595830
 39.180002 -2.475118 -2.532186
 39.380002 -1.950764 -2.665713
 39.580002 -2.518529 -2.626725
 39.780002 -2.277177 -2.685152
 39.980002 -2.342344 -2.821139
 40.180002 -2.457215 -2.432574
 40.380002 -2.179288 -2.661105
 40.580002 -2.748304 -2.542477
 40.780002 -2.044908 -2.548490
 40.980002 -2.384159 -2.529173
 41.180002 -2.273905 -2.431637
 41.380002 -2.412512 -2.720251
 41.580002 -2.386820 -2.456965
 41.780002 -2.208822 -2.735548
 41.980002 -2.590346 -2.636976
 42.180002 -2.183659 -2.692530
 42.380002 -2.425000 -2.836865
 42.580002 -2.190946 -2.462254
 42.780002 -2.579823 -2.898485
 42.980002 -2.409694 -2.499573
 43.180002 -2.243165 -2.723628
 43.380002 -2.060649 -2.585362
 43.580002 -2.467471 -2.461407
 43.780002 -2.415930 -2.722171
 43.980002 -2.349566 -2.355326
 44.180002 -2.373366 -2.646132
 44.380002 -2.201882 -2.453620
 44.580002 -2.665721 -2.658908
 44.780002 -2.237322 -2.707111
 44.980002 -2.377793 -2.527646
 45.180002 -2.183280 -2.945405
 45.380002 -2.581028 -2.580298
 45.580002 -2.208805 -2.761137
 45.780002 -2.338734 -2.589788
 45.980002 -2.441390 -2.288154
 46.180002 -2.447420 -2.917898
 46.380002 -2.464679 -2.452454
 46.580002 -2.089198 -2.663818
 46.780002 -2.183992 -2.498043
 46.980002 -2.300370 -2.535186
 47.180002 -2.531181 -2.856759
 47.380002 -2.242604 -2.439588
 47.580002 -2.288693 -2.826163
 47.780002 -2.310253 -2.449396
 47.980002 -2.537468 -2.595280
 48.180002 -2.250976 -2.683766
 48.380002 -2.221941 -2.332763
 48.580002 -2.464026 -2.672815
 48.780002 -2.418794 -2.406193
 48.980002 -2.472090 -2.547111
 49.180002 -2.264576 -2.537801
 49.380002 -2.623097 -2.549788
 49.580002 -2.399744 -2.736229
 49.780002 -2.242228 -2.604266
 49.980002 -2.299061 -2.679068
 50.180002 -2.399626 -2.675232
 50.380002 -2.470714 -2.565666
 50.580002 -2.402661 -2.659335
 50.780002 -2.245726 -2.393770
 50.980002 -2.489057 -2.711563
 51.180002 -2.385892 -2.483658
 51.380002 -2.291004 -2.556701
 51.580002 -2.418293 -2.465768
 51.780002 -2.210676 -2.505229
 51.980002 -2.567406 -2.757522
 52.180002 -2.283561 -2.592732
 52.380002 -2.308748 -2.711243
 52.580002 -2.543574 -2.627349
 52.780003 -2.361003 -2.614517
 52.980003 -2.529861 -2.442673
 53.180003 -2.218845 -2.603764
 53.380003 -2.482260 -2.515669
 53.580003 -2.414419 -2.586112
 53.780003 -2.271971 -2.560918
 53.980003 -2.466947 -2.347249
 54.180003 -2.186520 -2.626934
 54.380003 -2.516998 -2.475572
 54.580003 -2.255028 -2.622883
 54.780003 -2.352563 -2.749710
 54.980003 -2.464476 -2.523451
 55.180003 -2.344039 -2.814881
 55.380003 -2.456576 -2.516389
 55.580003 -2.192068 -2.667770
 55.780003 -2.575244 -2.752564
 55.980003 -2.442525 -2.646703
 56.180003 -2.219466 -2.729579
 56.380003 -2.395888 -2.543943
 56.580003 -2.313073 -2.496073
 56.780003 -2.512616 -2.698887
 56.980003 -2.487293 -2.457977
 57.180003 -2.149085 -2.584851
 57.380003 -2.391016 -2.579619
 57.580003 -2.412418 -2.745224
 57.780003 -2.290791 -2.603063
 57.980003 -2.304736 -2.514917
 58.180003 -2.178462 -2.646238
 58.380003 -2.633038 -2.573901
 58.580003 -2.084215 -2.640529
 58.780003 -2.332977 -2.730515
 58.980003 -2.222710 -2.574691
 59.180003 -2.521876 -2.811369
 59.380003 -2.388719 -2.463675
 59.580003 -2.101305 -2.643697
 59.780003 -2.310625 -2.445267
 59.980003 -2.268921 -2.548122
 60.180003 -2.429407 -2.603154
 60.380003 -2.401013 -2.385668
 60.580003 -2.271011 -2.831725
 60.780003 -2.408025 -2.671922
 60.980003 -2.259535 -2.687307
 61.180003 -2.476405 -2.764920
 61.380003 -2.444675 -2.492878
 61.580003 -2.402008 -2.907905
 61.780003 -2.308695 -2.618781
 61.980003 -2.311999 -2.729771
 62.180003 -2.345873 -2.670413
 62.380003 -2.519549 -2.518261
 62.580003 -2.417502 -2.650803
 62.780003 -2.368342 -2.579626
 62.980003 -2.323944 -2.602969
 63.180003 -2.307545 -2.575861
 63.380003 -2.512612 -2.589916
 63.580003 -2.320674 -2.654017
 63.780003 -2.291514 -2.609349
 63.980003 -2.230256 -2.554131
 64.180003 -2.448723 -2.706289
 64.380003 -2.479798 -2.421039
 64.580003 -2.431042 -2.753260
 64.780003 -2.340505 -2.551209
 64.980003 -2.337413 -2.704516
 65.180003 -2.346535 -2.572663
 65.380003 -2.383605 -2.452985
 65.580003 -2.239414 -2.647811
 65.780003 -2.491160 -2.525102
 65.980003 -2.229757 -2.610127
 66.180003 -2.468440 -2.616116
 66.380003 -2.147763 -2.468309
 66.580003 -2.417581 -2.933711
 66.780003 -2.489527 -2.552547
 66.980003 -2.332059 -2.723946
 67.180003 -2.501363 -2.810351
 67.380003 -2.175463 -2.405820
 67.580003 -2.534376 -2.790938
 67.780003 -2.330829 -2.436950
 67.980003 -2.411631 -2.735794
 68.180003 -2.198394 -2.693892
 68.380003 -2.314473 -2.476440
 68.580003 -2.482182 -2.680865
 68.780003 -2.441706 -2.416078
 68.980003 -2.226931 -2.599210
 69.180003 -2.372989 -2.734079
 69.380003 -2.262332 -2.429706
 69.580003 -2.374461 -2.747013
 69.780003 -2.385641 -2.286321
 69.980003 -2.307203 -2.642267
 70.180003 -2.418213 -2.760716
 70.380003 -2.200680 -2.449435
 70.580003 -2.501615 -2.906104
 70.780003 -2.243468 -2.329756
 70.980003 -2.398263 -2.765726
 71.180003 -2.278257 -2.706307
 71.380003 -2.322961 -2.429963
 71.580003 -2.487636 -2.966840
 71.780003 -2.077078 -2.403462
 71.980003 -2.470179 -2.771360
 72.180003 -2.072022 -2.688889
 72.380003 -2.442686 -2.389049
 72.580003 -2.324521 -2.716832
 72.780003 -2.263730 -2.282582
 72.980003 -2.234214 -2.705355
 73.180003 -2.181383 -2.738028
 73.380003 -2.513089 -2.463224
 73.580003 -2.382909 -2.826721
 73.780004 -2.407167 -2.443382
 73.980004 -2.256580 -2.691127
 74.180004 -2.280900 -2.679833
 74.380004 -2.294200 -2.523913
 74.580004 -2.504264 -2.664636
 74.780004 -2.332253 -2.424915
 74.980004 -2.262509 -2.646111
 75.180004 -2.248025 -2.586269
 75.380004 -2.162174 -2.557242
 75.580004 -2.502439 -2.712778
 75.780004 -2.210764 -2.340446
 75.980004 -2.419674 -2.809140
 76.180004 -2.201008 -2.578121
 76.380004 -2.364904 -2.448805
 76.580004 -2.362270 -2.784521
 76.780004 -2.287636 -2.394890
 76.980004 -2.663512 -2.920817
 77.180004 -1.997852 -2.532451
 77.380004 -2.546637 -2.579014
 77.580004 -2.055347 -2.668460
 77.780004 -2.465327 -2.409200
 77.980004 -2.460725 -2.903442
 78.180004 -2.242436 -2.392282
 78.380004 -2.399103 -2.752566
 78.580004 -2.017226 -2.550207
 78.780004 -2.656134 -2.454862
 78.980004 -2.238444 -2.688042
 79.180004 -2.387321 -2.457611
 79.380004 -2.358478 -2.701174
 79.580004 -2.241093 -2.528433
 79.780004 -2.598704 -2.686065
 79.980004 -2.133627 -2.536301
 80.180004 -2.497147 -2.673310
 80.380004 -2.140802 -2.716441
 80.580004 -2.469053 -2.542695
 80.780004 -2.225657 -2.733803
 80.980004 -2.346690 -2.467304
 81.180004 -2.426703 -2.620866
 81.380004 -2.285869 -2.633458
 81.580004 -2.487491 -2.545796
 81.780004 -2.101683 -2.727007
 81.980004 -2.422783 -2.428442
 82.180004 -2.160775 -2.670938
 82.380004 -2.484346 -2.443342
 82.580004 -2.199438 -2.514703
 82.780004 -2.233452 -2.714001
 82.980004 -2.435310 -2.501585
 83.180004 -2.032952 -2.739662
 83.380004 -2.546292 -2.494397
 83.580004 -1.935973 -2.521809
 83.780004 -2.714957 -2.609537
 83.980004 -1.942574 -2.387957
 84.180004 -2.472670 -2.834797
 84.380004 -2.300103 -2.497298
 84.580004 -2.062472 -2.717123
 84.780004 -2.553006 -2.634392
 84.980004 -1.956788 -2.328198
 85.180004 -2.767799 -2.680281
 85.380004 -1.941484 -2.337390
 85.580004 -2.403185 -2.668297
 85.780004 -2.192046 -2.606815
 85.980004 -2.246643 -2.493989
 86.180004 -2.554982 -2.773196
 86.380004 -2.148169 -2.325182
 86.580004 -2.651819 -2.714910
 86.780004 -1.989892 -2.484824
 86.980004 -2.445413 -2.607430
 87.180004 -2.203455 -2.761071
 87.380004 -2.273652 -2.409116
 87.580004 -2.128887 -2.777908
 87.780004 -2.512639 -2.605007
 87.980004 -2.426290 -2.600720
 88.180004 -2.162407 -2.820968
 88.380004 -2.382980 -2.373763
 88.580004 -2.186766 -2.808004
 88.780004 -2.620339 -2.670453
 88.980004 -2.078997 -2.637680
 89.180004 -2.336250 -2.771904
 89.380004 -2.273802 -2.525942
 89.580004 -2.346189 -2.630858
 89.780004 -2.543683 -2.579759
 89.980004 -2.088702 -2.496265
 90.180004 -2.556991 -2.615403
 90.380004 -2.149965 -2.452543
 90.580004 -2.481451 -2.672748
 90.780004 -2.372144 -2.614136
 90.980004 -2.181938 -2.614039
 91.180004 -2.512853 -2.669765
 91.380004 -2.194282 -2.447965
 91.580004 -2.723519 -2.681721
 91.780004 -2.205066 -2.577407
 91.980004 -2.521946 -2.627440
 92.180004 -2.186541 -2.767356
 92.380004 -2.417719 -2.591104
 92.580004 -2.437524 -2.778121
 92.780004 -2.235443 -2.609712
 92.980004 -2.461980 -2.422860
 93.180004 -2.212238 -2.648128
 93.380004 -2.500440 -2.326584
 93.580004 -2.289967 -2.671215
 93.780004 -2.245574 -2.504570
 93.980004 -2.293765 -2.592866
 94.180004 -2.239862 -2.640734
 94.380004 -2.432917 -2.431006
 94.580004 -2.311155 -3.019200
 94.780005 -2.320469 -2.329533
 94.980005 -2.211855 -2.907947
 95.180005 -2.316970 -2.465741
 95.380005 -2.306463 -2.544757
 95.580005 -2.367134 -2.842959
 95.780005 -2.316011 -2.220882
 95.980005 -2.387963 -2.855377
 96.180005 -2.165202 -2.382594
 96.380005 -2.266774 -2.460260
 96.580005 -2.462610 -2.879047
 96.780005 -2.110130 -2.224671
 96.980005 -2.425934 -2.841685
 97.180005 -2.106373 -2.462567
 97.380005 -2.437858 -2.504091
 97.580005 -2.440008 -2.790055
 97.780005 -2.213759 -2.380785
 97.980005 -2.432501 -2.763256
 98.180005 -2.155521 -2.723703
 98.380005 -2.498393 -2.571762
 98.580005 -2.218846 -2.846276
 98.780005 -2.322520 -2.381457
 98.980005 -2.448103 -2.701207
 99.180005 -2.152543 -2.680601
 99.380005 -2.422845 -2.397653
 99.580005 -2.190221 -2.738665
 99.780005 -2.314730 -2.453844
 99.980005 -2.335607 -2.609097
 100.180005 -2.347544 -2.706783
 100.380005 -2.313434 -2.424807
 100.580005 -2.348162 -2.793271
 100.780005 -2.381188 -2.543090
 100.980005 -2.277187 -2.924007
 101.180005 -2.232587 -2.385913
 101.380005 -2.412853 -2.775608
 101.580005 -2.408237 -2.492986
 101.780005 -2.316960 -2.616394
 101.980005 -2.306962 -2.665550
 102.180005 -2.309873 -2.505246
 102.380005 -2.467048 -2.667735
 102.580005 -2.198883 -2.436795
 102.780005 -2.474721 -2.642004
 102.980005 -2.219041 -2.404626
 103.180005 -2.333526 -2.709352
 103.380005 -2.441910 -2.674957
 103.580005 -2.176411 -2.571142
 103.780005 -2.525685 -2.825274
 103.980005 -2.145091 -2.310614
 104.180005 -2.363357 -2.685808
 104.380005 -2.319920 -2.437798
 104.580005 -2.222923 -2.533556
 104.780005 -2.498839 -2.753574
 104.980005 -2.113701 -2.305097
 105.180005 -2.446908 -2.866132
 105.380005 -2.170710 -2.415327
 105.580005 -2.342513 -2.639668
 105.780005 -2.467102 -2.677932
 105.980005 -2.071843 -2.382233
 106.180005 -2.551883 -2.736176
 106.380005 -2.204606 -2.265008
 106.580005 -2.478382 -2.739214
 106.780005 -2.279174 -2.582534
 106.980005 -2.135048 -2.402111
 107.180005 -2.539657 -2.873657
 107.380005 -2.301256 -2.357129
 107.580005 -2.377354 -2.782474
 107.780005 -2.259389 -2.597008
 107.980005 -2.263222 -2.512879
 108.180005 -2.525282 -2.767486
 108.380005 -2.076875 -2.353734
 108.580005 -2.356736 -2.669117
 108.780005 -2.231618 -2.430529
 108.980005 -2.272809 -2.530560
 109.180005 -2.443651 -2.657363
 109.380005 -2.124220 -2.563384
 109.580005 -2.445018 -2.744812
 109.780005 -2.215104 -2.616429
 109.980005 -2.457831 -2.614695
 110.180005 -2.254786 -2.657522
 110.380005 -2.364196 -2.503598
 110.580005 -2.454433 -2.783848
 110.780005 -2.211548 -2.469543
 110.980005 -2.370575 -2.568026
 111.180005 -2.198633 -2.614440
 111.380005 -2.523133 -2.467618
 111.580005 -2.233933 -2.840511
 111.780005 -2.540937 -2.505805
 111.980005 -2.491105 -2.813192
 112.180005 -2.194927 -2.647784
 112.380005 -2.311638 -2.631577
 112.580005 -2.280206 -2.856859
 112.780005 -2.487650 -2.331298
 112.980005 -2.367001 -2.805945
 113.180005 -2.297225 -2.340172
 113.380005 -2.332624 -2.713874
 113.580005 -2.318177 -2.655170
 113.780005 -2.381264 -2.352491
 113.980005 -2.377684 -2.968208
 114.180005 -2.354556 -2.350741
 114.380005 -2.316257 -2.740274
 114.580005 -2.348474 -2.616668
 114.780005 -2.269886 -2.417080
 114.980005 -2.430770 -2.818455
 115.180005 -2.253055 -2.262714
 115.380005 -2.347977 -2.891652
 115.580005 -2.370049 -2.427188
 115.780005 -2.300630 -2.598104
 115.980006 -2.509588 -2.836820
 116.180006 -2.229195 -2.364426
 116.380006 -2.480955 -3.019797
 116.580006 -2.184128 -2.459902
 116.780006 -2.414736 -2.636241
 116.980006 -2.346412 -2.758582
 117.180006 -2.197191 -2.359501
 117.380006 -2.450996 -2.783419
 117.580006 -2.017618 -2.454446
 117.780006 -2.478706 -2.486693
 117.980006 -2.258277 -2.729709
 118.180006 -2.228739 -2.247615
 118.380006 -2.441204 -2.836730
 118.580006 -2.272327 -2.433839
 118.780006 -2.581072 -2.803386
 118.980006 -2.162109 -2.659395
 119.180006 -2.608350 -2.511101
 119.380006 -2.338762 -2.857127
 119.580006 -2.382294 -2.394596
 119.780006 -2.314762 -2.769658
 119.980006 -2.224965 -2.774541
 120.180006 -2.408694 -2.364230
 120.380006 -2.278038 -2.914850
 120.580006 -2.218391 -2.262430
 120.780006 -2.333860 -2.613167
 120.980006 -2.312415 -2.461739
 121.180006 -2.300782 -2.389991
 121.380006 -2.307485 -2.715124
 121.580006 -2.194124 -2.445732
 121.780006 -2.419022 -2.639658
 121.980006 -2.310065 -2.490965
 122.180006 -2.380974 -2.632899
 122.380006 -2.510051 -2.685511
 122.580006 -2.163514 -2.631145
 122.780006 -2.442995 -2.679699
 122.980006 -2.065363 -2.543082
 123.180006 -2.675383 -2.572707
 123.380006 -2.142274 -2.670731
 123.580006 -2.189172 -2.579328
 123.780006 -2.409265 -2.721500
 123.980006 -2.115588 -2.612779
 124.180006 -2.790302 -2.371859
 124.380006 -1.971836 -2.658640
 124.580006 -2.413417 -2.460579
 124.780006 -2.164072 -2.714630
 124.980006 -2.410622 -2.628041
 125.180006 -2.572926 -2.377113
 125.380006 -1.971231 -2.899298
 125.580006 -2.612856 -2.243020
 125.780006 -2.014036 -2.823210
 125.980006 -2.507284 -2.466644
 126.180006 -2.341363 -2.587690
 126.380006 -2.157483 -2.832259
 126.580006 -2.502884 -2.459218
 126.780006 -1.958621 -2.994890
 126.980006 -2.479529 -2.323320
 127.180006 -2.245369 -2.660446
 127.380006 -2.427459 -2.581520
 127.580006 -2.284251 -2.452325
 127.780006 -2.280398 -2.974474
 127.980006 -2.381527 -2.372031
 128.180006 -2.240633 -2.901324
 128.380006 -2.347734 -2.476350
 128.580006 -2.356843 -2.535028
 128.780006 -2.475235 -2.829529
 128.980006 -2.371402 -2.310981
 129.180006 -2.399448 -2.826107
 129.380006 -2.230356 -2.431462
 129.580006 -2.354754 -2.479727
 129.780006 -2.314066 -2.637488
 129.980006 -2.187263 -2.381168
 130.180006 -2.554596 -2.797683
 130.380006 -2.222079 -2.452998
 130.580006 -2.594577 -2.748495
 130.780006 -2.193194 -2.663449
 130.980006 -2.433943 -2.506893
 131.180006 -2.459048 -2.715566
 131.380006 -2.255497 -2.524767
 131.580006 -2.486725 -2.591797
 131.780006 -2.078965 -2.839530
 131.980006 -2.395359 -2.464523
 132.180006 -2.263403 -2.945058
 132.380006 -2.309661 -2.367229
 132.580006 -2.387641 -2.518796
 132.780006 -2.059923 -2.811232
 132.980006 -2.427798 -2.306934
 133.180006 -2.148282 -2.809542
 133.380006 -2.455089 -2.524602
 133.580006 -2.277420 -2.549257
 133.780006 -2.240926 -2.581124
 133.980006 -2.507856 -2.560769
 134.180006 -2.130914 -2.748686
 134.380006 -2.537647 -2.517725
 134.580006 -2.188087 -2.621874
 134.780006 -2.338668 -2.577107
 134.980006 -2.380378 -2.491474
 135.180006 -2.150132 -2.608470
 135.380006 -2.433389 -2.470875
 135.580006 -2.203988 -2.771246
 135.780006 -2.570739 -2.592798
 135.980006 -2.267386 -2.614377
 136.180006 -2.275939 -2.622635
 136.380006 -2.461158 -2.509500
 136.580006 -2.345666 -2.752556
 136.780006 -2.494621 -2.413456
 136.980007 -2.234365 -2.791296
 137.180007 -2.475850 -2.491240
 137.380007 -2.317913 -2.595159
 137.580007 -2.344679 -2.660010
 137.780007 -2.301131 -2.308291
 137.980007 -2.445409 -2.958852
 138.180007 -2.301772 -2.439528
 138.380007 -2.401424 -2.815341
 138.580007 -2.279386 -2.582321
 138.780007 -2.290710 -2.429069
 138.980007 -2.485671 -2.840752
 139.180007 -2.274698 -2.356187
 139.380007 -2.376041 -2.832441
 139.580007 -2.220710 -2.538960
 139.780007 -2.374624 -2.473931
 139.980007 -2.323090 -2.669262
 140.180007 -2.381806 -2.318145
 140.380007 -2.314856 -2.704533
 140.580007 -2.308063 -2.527448
 140.780007 -2.386326 -2.489075
 140.980007 -2.261732 -2.756559
 141.180007 -2.606940 -2.435471
 141.380007 -2.272688 -2.685380
 141.580007 -2.411997 -2.371332
 141.780007 -2.189737 -2.622701
 141.980007 -2.406192 -2.761735
 142.180007 -2.452026 -2.471594
 142.380007 -2.341635 -2.870910
 142.580007 -2.328968 -2.327529
 142.780007 -2.301583 -2.754788
 142.980007 -2.433079 -2.720974
 143.180007 -2.426983 -2.685169
 143.380007 -2.255170 -2.745636
 143.580007 -2.377700 -2.547080
 143.780007 -2.489708 -2.616441
 143.980007 -2.369237 -2.533732
 144.180007 -2.398771 -2.532014
 144.380007 -2.102533 -2.522023
 144.580007 -2.362883 -2.659070
 144.780007 -2.371138 -2.655745
 144.980007 -2.415328 -2.718032
 145.180007 -2.337508 -2.497832
 145.380007 -2.353032 -2.684738
 145.580007 -2.428381 -2.486655
 145.780007 -2.226805 -2.572452
 145.980007 -2.461976 -2.570578
 146.180007 -2.404218 -2.633723
 146.380007 -2.389372 -2.645711
 146.580007 -2.377303 -2.545783
 146.780007 -2.380032 -2.657739
 146.980007 -2.363445 -2.710634
 147.180007 -2.258084 -2.503111
 147.380007 -2.326696 -2.644528
 147.580007 -2.384758 -2.516956
 147.780007 -2.336917 -2.487078
 147.980007 -2.364417 -2.643538
 148.180007 -2.269952 -2.478590
 148.380007 -2.422878 -2.664706
 148.580007 -2.395841 -2.583993
 148.780007 -2.207084 -2.477158
 148.980007 -2.394302 -2.718201
 149.180007 -2.396026 -2.538019
 149.380007 -2.401369 -2.648186
 149.580007 -2.443177 -2.724724
 149.780007 -2.432969 -2.491717
 149.980007 -2.448483 -2.802951
 150.180007 -2.380836 -2.588174
 150.380007 -2.504402 -2.632520
 150.580007 -2.413557 -2.716145
 150.780007 -2.441498 -2.461016
 150.980007 -2.321843 -2.716499
 151.180007 -2.427875 -2.480088
 151.380007 -2.363408 -2.561411
 151.580007 -2.417581 -2.621607
 151.780007 -2.383683 -2.393569
 151.980007 -2.348904 -2.723057
 152.180007 -2.421949 -2.419726
 152.380007 -2.435004 -2.501181
 152.580007 -2.369525 -2.650138
 152.780007 -2.269498 -2.462267
 152.980007 -2.426819 -2.818739
 153.180007 -2.157131 -2.439083
 153.380007 -2.464828 -2.718739
 153.580007 -2.187113 -2.606704
 153.780007 -2.425433 -2.541997
 153.980007 -2.293693 -2.806435
 154.180007 -2.276316 -2.443600
 154.380007 -2.405189 -2.713874
 154.580007 -2.348518 -2.751636
 154.780007 -2.405327 -2.455183
 154.980007 -2.194629 -2.806402
 155.180007 -2.296933 -2.380356
 155.380007 -2.240236 -2.584269
 155.580007 -2.330747 -2.727107
 155.780007 -2.385764 -2.355363
 155.980007 -2.237518 -2.842751
 156.180007 -2.415016 -2.424889
 156.380007 -2.140344 -2.562710
 156.580007 -2.335747 -2.598013
 156.780007 -2.438547 -2.430819
 156.980007 -2.336127 -2.933124
 157.180007 -2.443488 -2.475949
 157.380007 -2.385964 -2.628481
 157.580007 -2.354581 -2.589331
 157.780007 -2.329170 -2.457289
 157.980008 -2.327466 -2.934569
 158.180008 -2.367784 -2.601108
 158.380008 -2.357245 -2.619913
 158.580008 -2.354241 -2.663354
 158.780008 -2.179153 -2.360422
 158.980008 -2.521402 -2.805588
 159.180008 -2.308328 -2.501142
 159.380008 -2.400464 -2.520935
 159.580008 -2.212196 -2.760389
 159.780008 -2.476570 -2.406322
 159.980008 -2.317191 -2.826646
 160.180008 -2.344474 -2.431521
 160.380008 -2.325917 -2.568814
 160.580008 -2.185634 -2.830562
 160.780008 -2.527168 -2.500591
 160.980008 -2.123965 -2.930724
 161.180008 -2.527185 -2.483498
 161.380008 -2.150882 -2.767410
 161.580008 -2.293390 -2.558962
 161.780008 -2.378914 -2.574703
 161.980008 -2.253132 -2.876294
 162.180008 -2.592277 -2.363960
 162.380008 -2.028872 -2.956509
 162.580008 -2.353745 -2.509016
 162.780008 -2.339878 -2.547493
 162.980008 -2.153483 -2.775107
 163.180008 -2.432594 -2.297912
 163.380008 -2.191860 -2.927282
 163.580008 -2.439097 -2.474798
 163.780008 -2.207448 -2.670936
 163.980008 -2.312539 -2.697641
 164.180008 -2.330689 -2.425392
 164.380008 -2.205461 -2.784664
 164.580008 -2.636836 -2.611973
 164.780008 -2.074074 -2.614924
 164.980008 -2.478847 -2.733488
 165.180008 -2.070205 -2.432029
 165.380008 -2.519557 -2.815636
 165.580008 -2.397726 -2.496208
 165.780008 -2.339648 -2.675597
 165.980008 -2.529839 -2.649380
 166.180008 -2.208141 -2.585929
 166.380008 -2.473914 -2.737783
 166.580008 -2.255076 -2.525297
 166.780008 -2.563429 -2.761555
 166.980008 -2.305043 -2.493301
 167.180008 -2.307127 -2.655030
 167.380008 -2.493018 -2.498228
 167.580008 -2.316505 -2.543242
 167.780008 -2.519683 -2.626123
 167.980008 -2.104772 -2.397515
 168.180008 -2.502738 -2.677403
 168.380008 -2.147299 -2.460792
 168.580008 -2.399818 -2.544917
 168.780008 -2.244930 -2.725120
 168.980008 -2.256133 -2.374552
 169.180008 -2.413243 -2.900319
 169.380008 -1.999230 -2.412678
 169.580008 -2.549527 -2.678986
 169.780008 -2.042850 -2.731470
 169.980008 -2.577391 -2.407315
 170.180008 -2.080434 -2.950819
 170.380008 -2.385396 -2.459083
 170.580008 -2.308180 -2.743717
 170.780008 -2.234474 -2.733502
 170.980008 -2.691483 -2.482312
 171.180008 -1.936164 -2.823613
 171.380008 -2.624986 -2.478866
 171.580008 -2.005839 -2.813320
 171.780008 -2.436564 -2.685788
 171.980008 -2.457980 -2.437432
 172.180008 -2.095163 -2.790458
 172.380008 -2.672340 -2.374005
 172.580008 -2.017181 -2.879396
 172.780008 -2.653146 -2.518377
 172.980008 -2.204127 -2.536212
 173.180008 -2.419944 -2.694278
 173.380008 -2.465463 -2.501076
 173.580008 -2.036130 -2.775746
 173.780008 -2.519536 -2.433955
 173.980008 -2.038194 -2.609944
 174.180008 -2.575180 -2.561468
 174.380008 -2.225683 -2.569595
 174.580008 -2.454262 -2.863778
 174.780008 -2.381760 -2.578292
 174.980008 -2.181015 -2.616814
 175.180008 -2.493866 -2.595761
 175.380008 -2.321567 -2.548239
 175.580008 -2.506899 -2.548004
 175.780008 -2.226436 -2.566316
 175.980008 -2.370890 -2.418047
 176.180008 -2.298607 -2.678630
 176.380008 -2.468564 -2.639945
 176.580008 -2.330341 -2.616044
 176.780008 -2.389088 -2.662526
 176.980008 -2.405869 -2.679245
 177.180008 -2.269272 -2.523616
 177.380008 -2.592782 -2.766273
 177.580008 -2.093271 -2.464783
 177.780008 -2.539472 -2.597214
 177.980008 -2.174866 -2.595677
 178.180008 -2.420459 -2.557823
 178.380008 -2.337927 -2.708386
 178.580008 -2.188263 -2.658685
 178.780008 -2.629131 -2.786640
 178.980009 -2.133464 -2.544760
 179.180009 -2.465141 -2.668860
 179.380009 -2.164871 -2.501694
 179.580009 -2.616600 -2.675457
 179.780009 -2.148195 -2.450797
 179.980009 -2.488372 -2.650534
 180.180009 -2.350420 -2.558347
 180.380009 -2.214236 -2.634085
 180.580009 -2.460035 -2.647477
 180.780009 -2.042204 -2.628716
 180.980009 -2.587783 -2.571277
 181.180009 -2.130554 -2.568841
 181.380009 -2.495438 -2.573212
 181.580009 -2.345731 -2.598974
 181.780009 -2.171586 -2.532062
 181.980009 -2.575237 -2.456956
 182.180009 -2.239318 -2.801573
 182.380009 -2.570016 -2.397884
 182.580009 -2.194283 -2.737388
 182.780009 -2.513283 -2.592798
 182.980009 -2.200991 -2.661586
 183.180009 -2.427133 -2.652777
 183.380009 -2.452770 -2.618431
 183.580009 -2.310702 -2.600377
 183.780009 -2.511358 -2.603652
 183.980009 -2.000576 -2.664005
 184.180009 -2.636792 -2.491545
 184.380009 -2.060509 -2.548878
 184.580009 -2.635959 -2.539325
 184.780009 -2.305121 -2.648764
 184.980009 -2.318893 -2.573575
 185.180009 -2.348294 -2.666593
 185.380009 -2.091856 -2.715648
 185.580009 -2.603978 -2.529325
 185.780009 -1.965869 -2.663336
 185.980009 -2.480413 -2.441632
 186.180009 -2.097619 -2.576975
 186.380009 -2.471377 -2.541435
 186.580009 -2.218256 -2.533795
 186.780009 -2.258967 -2.727548
 186.980009 -2.678905 -2.501854
 187.180009 -2.054362 -2.701634
 187.380009 -2.550543 -2.422207
 187.580009 -1.975992 -2.608293
 187.780009 -2.633954 -2.689588
 187.980009 -2.356476 -2.559816
 188.180009 -2.180974 -2.853935
 188.380009 -2.583455 -2.399697
 188.580009 -2.156419 -2.766481
 188.780009 -2.711815 -2.478528
 188.980009 -2.093953 -2.474453
 189.180009 -2.513157 -2.748335
 189.380009 -2.430866 -2.351749
 189.580009 -2.215979 -2.857886
 189.780009 -2.211011 -2.514266
 189.980009 -2.071288 -2.426917
 190.180009 -2.660895 -2.733106
 190.380009 -2.225213 -2.249420
 190.580009 -2.402564 -2.932058
 190.780009 -2.088156 -2.379182
 190.980009 -2.450151 -2.621592
 191.180009 -2.461312 -2.747099
 191.380009 -2.162791 -2.178509
 191.580009 -2.472705 -2.949504
 191.780009 -2.189487 -2.366520
 191.980009 -2.724271 -2.851720
 192.180009 -1.919061 -2.419149
 192.380009 -2.480762 -2.543707
 192.580009 -2.150230 -2.707576
 192.780009 -2.487538 -2.340643
 192.980009 -2.284897 -2.807377
 193.180009 -2.282950 -2.553522
 193.380009 -2.690627 -2.690885
 193.580009 -2.105780 -2.571355
 193.780009 -2.507003 -2.517920
 193.980009 -1.962183 -2.581716
 194.180009 -2.634375 -2.542335
 194.380009 -2.222335 -2.605889
 194.580009 -2.240518 -2.749295
 194.780009 -2.334896 -2.513754
 194.980009 -2.220416 -2.666965
 195.180009 -2.777874 -2.725982
 195.380009 -1.832193 -2.431099
 195.580009 -2.525990 -2.759068
 195.780009 -1.944655 -2.353582
 195.980009 -2.504917 -2.738119
 196.180009 -2.320407 -2.451895
 196.380009 -2.241809 -2.694459
 196.580009 -2.594717 -2.630963
 196.780009 -1.934021 -2.419863
 196.980009 -2.518289 -2.709423
 197.180009 -2.059989 -2.249724
 197.380009 -2.741260 -2.959134
 197.580009 -2.182997 -2.492770
 197.780009 -2.289958 -2.653435
 197.980009 -2.229209 -2.551877
 198.180009 -2.227901 -2.492422
 198.380009 -2.440550 -2.804836
 198.580009 -2.149496 -2.469317
 198.780009 -2.531309 -2.632771
 198.980009 -2.187442 -2.546925
 199.180009 -2.434500 -2.480243
 199.380009 -2.193811 -2.667582
 199.580009 -2.426136 -2.500204
 199.780009 -2.408847 -2.664476
 199.980009 -2.248774 -2.535801
