#! FIELDS time phi psi
#! SET max_psi pi
 0.180000 1.518915 1.831989
 0.380000 2.487544 2.112793
 0.580000 1.987037 1.252202
 0.780000 1.739991 1.563456
 0.980000 1.782293 1.531022
 1.180000 1.692463 1.957815
 1.380000 1.697540 1.161488
 1.580000 1.819620 1.767414
 1.780000 1.579936 1.926145
 1.980000 1.327744 0.888434
 2.180000 1.690206 1.776073
 2.380000 1.789237 1.490751
 2.580000 1.564017 1.583868
 2.780000 2.054758 1.474276
 2.980000 2.185896 1.596069
 3.180000 1.676717 1.812930
 3.380000 1.615721 1.123009
 3.580000 1.880897 1.762529
 3.780000 1.373129 1.773526
 3.980000 1.296682 0.885022
 4.180000 1.606141 1.891636
 4.380000 1.881073 1.454826
 4.580000 1.473310 1.587398
 4.780000 1.721444 1.467123
 4.980000 2.082452 1.750748
 5.180000 1.558687 1.727141
 5.380000 1.646780 1.061409
 5.580000 1.719449 1.820791
 5.780000 1.584401 1.448583
 5.980000 1.255810 1.208655
 6.180000 1.676569 1.631460
 6.380000 2.139292 1.531627
 6.580000 1.568443 1.667047
 6.780000 1.600114 1.261455
 6.980000 1.867009 1.562415
 7.180000 1.652115 1.668968
 7.380000 1.453704 1.194358
 7.580000 1.632388 1.713737
 7.780000 1.796929 1.543989
 7.980000 1.476742 1.441214
 8.180000 1.470804 1.367522
 8.380000 1.785669 1.586961
 8.580000 1.734713 1.707905
 8.780000 1.562227 1.053117
 8.980000 1.509686 1.674584
 9.180000 1.793740 1.584572
 9.380000 1.760507 1.529817
 9.580000 1.330371 1.453478
 9.780000 1.603333 1.423596
 9.980000 1.834210 1.776161
 10.180000 1.605470 1.144835
 10.380000 1.377813 1.672751
 10.580001 2.018753 1.729778
 10.780001 2.097024 1.364599
 10.980001 1.521231 1.729469
 11.180001 1.774058 1.372736
 11.380001 1.779599 1.682248
 11.580001 1.681957 1.390346
 11.780001 1.551683 1.409869
 11.980001 1.452869 1.915077
 12.180001 1.753747 1.287015
 12.380001 1.465601 1.615856
 12.580001 1.488571 1.462355
 12.780001 1.764697 1.531170
 12.980001 1.685901 1.524727
 13.180001 1.735957 1.330606
 13.380001 1.683517 1.573916
 13.580001 1.653918 1.438484
 13.780001 1.682552 1.612188
 13.980001 1.656761 1.389525
 14.180001 1.300549 1.689030
 14.380001 1.845076 1.418169
 14.580001 1.477312 1.520705
 14.780001 1.501902 1.512337
 14.980001 1.895248 1.457256
 15.180001 1.792613 1.767253
 15.380001 1.552240 1.288943
 15.580001 1.262373 1.329791
 15.780001 1.771488 1.962095
 15.980001 1.664211 1.086566
 16.180001 1.404725 1.591591
 16.380001 2.051369 1.521525
 16.580001 2.073556 1.558756
 16.780001 1.480673 1.500342
 16.980001 1.456156 1.187579
 17.180001 1.719205 1.802691
 17.380001 1.497615 1.463405
 17.580001 1.358205 1.405731
 17.780001 1.717999 1.506333
 17.980001 1.945736 1.647821
 18.180001 1.699773 1.444236
 18.380001 1.324170 1.277383
 18.580001 2.029738 1.820195
 18.780001 1.712953 1.714481
 18.980001 1.278913 1.140422
 19.180001 1.894733 1.518660
 19.380001 1.793861 1.655319
 19.580001 1.495377 1.271026
 19.780001 1.678719 1.259926
 19.980001 1.808301 1.780894
 20.180001 1.557707 1.358649
 20.380001 1.556710 1.205709
 20.580001 1.781423 2.095044
 20.780001 1.659399 1.271225
 20.980001 1.183604 1.321798
 21.180001 1.989821 1.774806
 21.380001 1.891757 1.520751
 21.580001 1.343906 1.266928
 21.780001 1.605249 1.379478
 21.980001 1.875930 1.896646
 22.180001 1.317666 1.473447
 22.380001 1.571868 1.164881
 22.580001 1.912407 1.884765
 22.780001 1.747154 1.247459
 22.980001 1.420823 1.480537
 23.180001 1.696902 1.509975
 23.380001 1.604318 1.483112
 23.580001 1.503894 1.271264
 23.780001 1.617910 1.700353
 23.980001 1.777092 1.457690
 24.180001 1.343749 1.362463
 24.380001 1.796934 1.525238
 24.580001 1.928320 1.747068
 24.780001 1.474088 1.451230
 24.980001 1.648515 1.397690
 25.180001 1.700524 1.769329
 25.380001 1.385056 1.467899
 25.580001 1.272153 1.202886
 25.780001 1.653733 1.737047
 25.980001 1.771244 1.635554
 26.180001 1.487706 1.244568
 26.380001 1.791258 1.582432
 26.580001 1.966848 1.790566
 26.780001 1.380453 1.389313
 26.980001 1.477240 1.284266
 27.180001 1.957363 1.718613
 27.380001 1.490223 1.481576
 27.580001 1.164799 1.144427
 27.780001 1.681533 1.567085
 27.980001 1.474985 1.610281
 28.180001 1.506037 1.288284
 28.380001 1.404689 1.651078
 28.580001 1.916180 1.398496
 28.780001 1.382844 1.676344
 28.980001 1.620611 1.332577
 29.180001 1.739291 1.758578
 29.380001 1.596099 1.357102
 29.580001 1.463046 1.491235
 29.780001 1.608395 1.612998
 29.980001 1.813979 1.510833
 30.180001 1.415623 1.345696
 30.380001 1.647794 1.552779
 30.580001 1.734964 1.614442
 30.780001 1.454057 1.288225
 30.980001 1.682366 1.495660
 31.180001 1.611190 1.602499
 31.380001 1.386014 1.477034
 31.580001 1.589876 1.366706
 31.780002 1.546183 1.662657
 31.980002 1.607421 1.531461
 32.180002 1.629101 1.393542
 32.380002 1.543279 1.577342
 32.580002 1.743095 1.331027
 32.780002 1.497394 1.585731
 32.980002 1.502065 1.508950
 33.180002 1.734056 1.617050
 33.380002 1.775062 1.438495
 33.580002 1.665847 1.521080
 33.780002 1.608507 1.569853
 33.980002 1.741993 1.565523
 34.180002 1.478507 1.594747
 34.380002 1.483143 1.412995
 34.580002 1.600847 1.565632
 34.780002 1.595425 1.536825
 34.980002 1.577450 1.420457
 35.180002 1.693153 1.419042
 35.380002 1.740212 1.684072
 35.580002 1.592923 1.375731
 35.780002 1.538747 1.604251
 35.980002 1.680723 1.557098
 36.180002 1.520112 1.565345
 36.380002 1.556948 1.421895
 36.580002 1.671515 1.579891
 36.780002 1.608192 1.402890
 36.980002 1.653054 1.335091
 37.180002 1.470061 1.721339
 37.380002 1.713853 1.536642
 37.580002 1.497345 1.457028
 37.780002 1.488396 1.409222
 37.980002 1.635493 1.649122
 38.180002 1.579826 1.540618
 38.380002 1.480622 1.361510
 38.580002 1.810788 1.691411
 38.780002 1.741156 1.665169
 38.980002 1.542106 1.345851
 39.180002 1.822467 1.521243
 39.380002 1.954696 1.665387
 39.580002 1.415951 1.480242
 39.780002 1.597788 1.208846
 39.980002 1.718102 1.976947
 40.180002 1.609693 1.454380
 40.380002 1.482612 1.189566
 40.580002 1.633014 1.667742
 40.780002 2.349420 1.534408
 40.980002 1.734290 1.661246
 41.180002 1.348001 1.266324
 41.380002 1.764373 1.523958
 41.580002 1.739712 1.829870
 41.780002 1.498496 1.074946
 41.980002 1.524486 1.580152
 42.180002 1.829638 1.676122
 42.380002 1.573328 1.395733
 42.580002 1.369742 1.418345
 42.780002 1.747087 1.485944
 42.980002 1.720817 1.753610
 43.180002 1.668332 1.234357
 43.380002 1.565319 1.674974
 43.580002 1.897227 1.649091
 43.780002 1.691653 1.334632
 43.980002 1.421212 1.696578
 44.180002 1.759665 1.327071
 44.380002 1.575135 1.739581
 44.580002 1.464958 1.233024
 44.780002 1.663392 1.640866
 44.980002 1.647537 1.794960
 45.180002 1.573209 1.143249
 45.380002 1.663418 1.570755
 45.580002 1.702730 1.699065
 45.780002 1.747477 1.528512
 45.980002 1.612319 1.136611
 46.180002 1.641973 1.746900
 46.380002 1.880960 1.568497
 46.580002 1.544114 1.336083
 46.780002 1.461717 1.560396
 46.980002 1.726096 1.370843
 47.180002 1.429816 1.766269
 47.380002 1.637234 1.333797
 47.580002 1.357197 1.413535
 47.780002 1.732382 1.589566
 47.980002 1.844694 1.334903
 48.180002 1.558718 1.847837
 48.380002 1.985819 1.308259
 48.580002 1.627946 1.614305
 48.780002 1.258221 1.553065
 48.980002 1.560190 1.243873
 49.180002 1.528259 1.887325
 49.380002 1.957489 1.303197
 49.580002 1.532687 1.688785
 49.780002 1.397998 1.230132
 49.980002 1.552382 1.562641
 50.180002 1.556310 1.685943
 50.380002 1.792283 1.222023
 50.580002 1.578511 1.652257
 50.780002 1.705269 1.537178
 50.980002 1.662247 1.575874
 51.180002 1.698820 1.478425
 51.380002 1.781948 1.533341
 51.580002 1.656665 1.735007
 51.780002 1.696089 1.285172
 51.980002 1.618830 1.540135
 52.180002 1.563485 1.529497
 52.380002 1.722259 1.480781
 52.580002 1.588508 1.406228
 52.780003 1.370334 1.427032
 52.980003 1.584066 1.396739
 53.180003 1.533047 1.726243
 53.380003 1.861621 1.411753
 53.580003 1.722028 1.493819
 53.780003 1.564452 1.567865
 53.980003 1.786650 1.404683
 54.180003 1.432127 1.535013
 54.380003 1.479613 1.354062
 54.580003 1.707983 1.462009
 54.780003 1.412863 1.755420
 54.980003 1.707873 1.349955
 55.180003 1.559050 1.473602
 55.380003 1.696252 1.657410
 55.580003 1.742041 1.255882
 55.780003 1.406933 1.502081
 55.980003 1.709571 1.559918
 56.180003 1.655831 1.539621
 56.380003 1.487608 1.415838
 56.580003 1.670557 1.511486
 56.780003 1.549970 1.646703
 56.980003 1.570478 1.441899
 57.180003 1.543322 1.389118
 57.380003 1.707902 1.686110
 57.580003 1.580942 1.433912
 57.780003 1.311360 1.294950
 57.980003 1.599317 1.648828
 58.180003 1.776181 1.541045
 58.380003 1.474495 1.535638
 58.580003 1.714461 1.474925
 58.780003 1.811784 1.658527
 58.980003 1.539461 1.540747
 59.180003 1.725121 1.272406
 59.380003 1.627920 1.850076
 59.580003 1.819431 1.447375
 59.780003 1.668535 1.421212
 59.980003 1.376779 1.417655
 60.180003 1.748198 1.509373
 60.380003 1.401755 1.642645
 60.580003 1.336596 1.190896
 60.780003 1.497848 1.612296
 60.980003 1.623762 1.766895
 61.180003 1.596130 1.160228
 61.380003 1.540183 1.569605
 61.580003 2.125056 1.604149
 61.780003 1.770496 1.529968
 61.980003 1.562235 1.343318
 62.180003 1.781670 1.527066
 62.380003 1.516366 1.695370
 62.580003 1.354749 1.283362
 62.780003 1.565411 1.586664
 62.980003 1.678197 1.579556
 63.180003 1.523684 1.310291
 63.380003 1.605282 1.636393
 63.580003 1.774033 1.511393
 63.780003 1.558474 1.498426
 63.980003 1.463894 1.340841
 64.180003 1.744758 1.714593
 64.380003 1.695979 1.367006
 64.580003 1.383529 1.447110
 64.780003 1.621958 1.498167
 64.980003 1.618375 1.572621
 65.180003 1.288887 1.411002
 65.380003 1.609670 1.352796
 65.580003 1.804293 1.805798
 65.780003 1.824834 1.410427
 65.980003 1.501526 1.654917
 66.180003 1.814713 1.257633
 66.380003 1.591991 1.809286
 66.580003 1.550795 1.446202
 66.780003 1.590233 1.257771
 66.980003 1.594689 1.860096
 67.180003 1.660092 1.325405
 67.380003 1.256490 1.500902
 67.580003 1.710416 1.459148
 67.780003 1.863505 1.771499
 67.980003 1.376618 1.417909
 68.180003 1.698354 1.497605
 68.380003 1.832842 1.729979
 68.580003 1.608866 1.342978
 68.780003 1.477268 1.430939
 68.980003 1.796928 1.595603
 69.180003 1.845985 1.627029
 69.380003 1.337055 1.417755
 69.580003 1.761768 1.451800
 69.780003 1.577040 1.821706
 69.980003 1.587341 1.218015
 70.180003 1.496521 1.479206
 70.380003 1.716565 1.664255
 70.580003 1.620315 1.376993
 70.780003 1.369531 1.513432
 70.980003 1.571014 1.544972
 71.180003 1.815342 1.516111
 71.380003 1.542860 1.373194
 71.580003 1.629679 1.574851
 71.780003 2.002385 1.541776
 71.980003 1.626930 1.523443
 72.180003 1.528114 1.558831
 72.380003 1.646453 1.380723
 72.580003 1.507687 1.706339
 72.780003 1.664185 1.247630
 72.980003 1.404267 1.608222
 73.180003 1.670982 1.602415
 73.380003 1.592006 1.348778
 73.580003 1.376259 1.670304
 73.780004 1.760310 1.410217
 73.980004 1.532058 1.589412
 74.180004 1.587338 1.505986
 74.380004 1.732214 1.514850
 74.580004 1.625078 1.741575
 74.780004 1.701096 1.329996
 74.980004 1.584654 1.676226
 75.180004 1.764230 1.436460
 75.380004 1.710164 1.630895
 75.580004 1.512538 1.348462
 75.780004 1.680477 1.549961
 75.980004 1.566343 1.594725
 76.180004 1.507011 1.401847
 76.380004 1.512788 1.546103
 76.580004 1.567981 1.534892
 76.780004 1.602197 1.589491
 76.980004 1.619518 1.438137
 77.180004 1.572558 1.409529
 77.380004 1.787653 1.616655
 77.580004 1.596041 1.475733
 77.780004 1.601319 1.369271
 77.980004 1.704552 1.689697
 78.180004 1.635789 1.428392
 78.380004 1.567245 1.650863
 78.580004 1.617740 1.280255
 78.780004 1.758125 1.736938
 78.980004 1.702968 1.347567
 79.180004 1.683206 1.523367
 79.380004 1.943019 1.702696
 79.580004 1.645223 1.208623
 79.780004 1.271121 1.638137
 79.980004 1.749085 1.312781
 80.180004 1.687601 1.755101
 80.380004 1.496311 1.231215
 80.580004 1.540586 1.342541
 80.780004 1.765960 1.855687
 80.980004 1.660011 1.412708
 81.180004 1.402358 1.354279
 81.380004 1.802768 1.590485
 81.580004 1.648166 1.644004
 81.780004 1.358381 1.348542
 81.980004 1.456332 1.360815
 82.180004 1.802982 1.732838
 82.380004 1.710800 1.324211
 82.580004 1.454441 1.517161
 82.780004 1.854317 1.720680
 82.980004 1.974630 1.529140
 83.180004 1.440846 1.450314
 83.380004 1.545434 1.472330
 83.580004 1.672882 1.667914
 83.780004 1.518352 1.297579
 83.980004 1.275253 1.376355
 84.180004 1.637289 1.624405
 84.380004 1.559960 1.555737
 84.580004 1.666236 1.398935
 84.780004 1.939113 1.531205
 84.980004 1.852856 1.851440
 85.180004 1.845541 1.293898
 85.380004 1.438969 1.560431
 85.580004 1.819410 1.639378
 85.780004 1.798420 1.572690
 85.980004 1.347382 1.438145
 86.180004 1.781015 1.324827
 86.380004 1.715232 1.740040
 86.580004 1.418920 1.398978
 86.780004 1.679095 1.359558
 86.980004 1.590681 1.749835
 87.180004 1.989680 1.327139
 87.380004 1.546754 1.573734
 87.580004 1.534273 1.597525
 87.780004 1.901128 1.567493
 87.980004 1.474246 1.491348
 88.180004 1.891748 1.562076
 88.380004 1.724713 1.805082
 88.580004 1.481343 1.411059
 88.780004 1.704428 1.276764
 88.980004 1.587805 1.856367
 89.180004 1.665789 1.147137
 89.380004 1.412684 1.508087
 89.580004 1.770898 1.588469
 89.780004 1.975272 1.495429
 89.980004 1.396935 1.503950
 90.180004 1.719343 1.466296
 90.380004 1.883847 1.843791
 90.580004 1.582312 1.415885
 90.780004 1.552910 1.577705
 90.980004 1.959778 1.591500
 91.180004 1.833644 1.495872
 91.380004 1.400696 1.402584
 91.580004 1.734060 1.519178
 91.780004 1.596318 1.715032
 91.980004 1.638485 1.252531
 92.180004 1.478334 1.423192
 92.380004 1.857623 1.938948
 92.580004 1.797121 1.295685
 92.780004 1.452258 1.421758
 92.980004 1.893573 1.643486
 93.180004 1.868545 1.701722
 93.380004 1.331190 1.228866
 93.580004 1.704453 1.582892
 93.780004 1.742423 1.853298
 93.980004 1.653528 1.257447
 94.180004 1.556276 1.548699
 94.380004 1.858620 1.695214
 94.580004 1.676982 1.464331
 94.780005 1.404016 1.250714
 94.980005 1.662456 1.802153
 95.180005 1.773772 1.467603
 95.380005 1.315418 1.289514
 95.580005 1.624228 1.447600
 95.780005 2.039486 1.764917
 95.980005 1.640271 1.473839
 96.180005 1.515538 1.176363
 96.380005 1.697139 1.741366
 96.580005 1.500561 1.573849
 96.780005 1.440112 1.190571
 96.980005 1.535667 1.557200
 97.180005 1.710459 1.650872
 97.380005 1.601002 1.345899
 97.580005 1.420449 1.563614
 97.780005 1.996852 1.562506
 97.980005 1.625957 1.492410
 98.180005 1.610672 1.313266
 98.380005 1.764358 1.654764
 98.580005 1.728648 1.572271
 98.780005 1.714772 1.385876
 98.980005 1.404487 1.535566
 99.180005 1.806357 1.585848
 99.380005 1.646316 1.540133
 99.580005 1.643576 1.323938
 99.780005 1.748008 1.627380
 99.980005 1.602982 1.608920
 100.180005 1.652971 1.259535
 100.380005 1.588646 1.534528
 100.580005 1.852862 1.595271
 100.780005 1.633097 1.578925
 100.980005 1.638370 1.299539
 101.180005 1.499116 1.458102
 101.380005 1.544700 1.819762
 101.580005 1.593397 1.225102
 101.780005 1.464707 1.659329
 101.980005 1.861978 1.400873
 102.180005 1.571156 1.724927
 102.380005 1.654025 1.201027
 102.580005 1.657242 1.454183
 102.780005 1.632546 1.681685
 102.980005 1.682762 1.407498
 103.180005 1.600463 1.527846
 103.380005 1.689413 1.596111
 103.580005 1.794448 1.464131
 103.780005 1.459019 1.671919
 103.980005 1.936863 1.322440
 104.180005 1.787553 1.669186
 104.380005 1.310816 1.327886
 104.580005 1.452464 1.353670
 104.780005 1.694893 1.867451
 104.980005 1.657555 1.136891
 105.180005 1.406826 1.579738
 105.380005 1.738268 1.500718
 105.580005 1.669031 1.744625
 105.780005 1.533795 1.205989
 105.980005 1.610467 1.593925
 106.180005 1.735200 1.559894
 106.380005 1.188429 1.306244
 106.580005 1.736024 1.347527
 106.780005 1.814928 1.683582
 106.980005 1.680835 1.530452
 107.180005 1.486144 1.155031
 107.380005 1.564245 1.705541
 107.580005 1.858550 1.535188
 107.780005 1.289348 1.370728
 107.980005 1.526173 1.401907
 108.180005 2.020434 1.636496
 108.380005 1.545370 1.546099
 108.580005 1.274948 1.349011
 108.780005 1.868706 1.606977
 108.980005 1.602196 1.754294
 109.180005 1.290734 1.183671
 109.380005 1.740634 1.368072
 109.580005 1.882283 1.816861
 109.780005 1.424139 1.383538
 109.980005 1.558800 1.278464
 110.180005 1.900897 1.836971
 110.380005 1.674921 1.453176
 110.580005 1.231445 1.271380
 110.780005 1.839770 1.723998
 110.980005 1.893027 1.466067
 111.180005 1.387743 1.365041
 111.380005 1.699170 1.546231
 111.580005 2.194224 1.800460
 111.780005 1.617741 1.488464
 111.980005 1.541450 1.400100
 112.180005 1.783621 1.517951
 112.380005 1.747310 1.785785
 112.580005 1.456332 1.248900
 112.780005 1.550766 1.504577
 112.980005 1.677787 1.736619
 113.180005 1.609156 1.429975
 113.380005 1.584319 1.400407
 113.580005 1.516880 1.565117
 113.780005 1.585273 1.572806
 113.980005 1.540967 1.343977
 114.180005 1.585005 1.613756
 114.380005 1.694270 1.510209
 114.580005 1.617041 1.431172
 114.780005 1.571665 1.526441
 114.980005 1.796435 1.540005
 115.180005 1.627734 1.543703
 115.380005 1.888112 1.493870
 115.580005 1.848763 1.551743
 115.780005 1.371714 1.502830
 115.980006 1.747271 1.365845
 116.180006 1.514040 1.878435
 116.380006 1.572755 1.296630
 116.580006 1.613706 1.446667
 116.780006 1.558779 1.632938
 116.980006 1.703248 1.545090
 117.180006 1.497479 1.391591
 117.380006 1.501345 1.597630
 117.580006 1.891950 1.452426
 117.780006 1.497170 1.812896
 117.980006 1.707254 1.351286
 118.180006 1.585635 1.506267
 118.380006 1.496350 1.576327
 118.580006 1.547920 1.292008
 118.780006 1.538718 1.582385
 118.980006 1.822934 1.495736
 119.180006 1.536950 1.607606
 119.380006 1.472381 1.264154
 119.580006 1.652072 1.558477
 119.780006 1.644448 1.651358
 119.980006 1.517820 1.356837
 120.180006 1.583925 1.606185
 120.380006 1.755106 1.567475
 120.580006 1.511397 1.459291
 120.780006 1.351381 1.385605
 120.980006 1.840913 1.463898
 121.180006 1.551311 1.704017
 121.380006 1.586624 1.119516
 121.580006 1.629506 1.653669
 121.780006 1.753288 1.491054
 121.980006 1.557141 1.564843
 122.180006 1.447423 1.219261
 122.380006 1.680908 1.797987
 122.580006 1.578146 1.494578
 122.780006 1.334778 1.290663
 122.980006 1.767007 1.515160
 123.180006 1.727146 1.746288
 123.380006 1.527968 1.509918
 123.580006 1.665479 1.168600
 123.780006 1.649400 1.765308
 123.980006 1.901548 1.500202
 124.180006 1.332771 1.348567
 124.380006 1.681462 1.640943
 124.580006 1.785938 1.438415
 124.780006 1.229832 1.519961
 124.980006 1.697196 1.333605
 125.180006 1.702841 1.780060
 125.380006 1.573822 1.444670
 125.580006 1.499828 1.202520
 125.780006 1.627564 1.831325
 125.980006 1.719469 1.400340
 126.180006 1.524004 1.358273
 126.380006 1.589363 1.628424
 126.580006 1.848149 1.546790
 126.780006 1.382007 1.587508
 126.980006 1.671120 1.254945
 127.180006 1.928589 1.804977
 127.380006 1.623524 1.594795
 127.580006 1.620574 1.294511
 127.780006 1.684324 1.785552
 127.980006 1.764299 1.415764
 128.180006 1.360099 1.522763
 128.380006 1.697173 1.275730
 128.580006 1.910690 1.735085
 128.780006 1.529053 1.566196
 128.980006 1.569937 1.209176
 129.180006 1.816294 1.844278
 129.380006 1.722978 1.353833
 129.580006 1.423270 1.597767
 129.780006 1.697497 1.381650
 129.980006 1.868547 1.770211
 130.180006 1.561592 1.536101
 130.380006 1.463695 1.309581
 130.580006 1.786031 1.822121
 130.780006 1.707259 1.505540
 130.980006 1.490918 1.553810
 131.180006 1.971280 1.413240
 131.380006 1.933547 1.791824
 131.580006 1.312507 1.569841
 131.780006 1.601719 1.050854
 131.980006 1.671617 1.867215
 132.180006 1.788208 1.270504
 132.380006 1.496320 1.553468
 132.580006 1.828598 1.528657
 132.780006 1.842960 1.504224
 132.980006 1.467375 1.569880
 133.180006 2.088846 1.317217
 133.380006 1.597740 1.898109
 133.580006 1.786909 1.330174
 133.780006 1.569848 1.543109
 133.980006 1.667426 1.620980
 134.180006 1.951248 1.363149
 134.380006 1.561781 1.750748
 134.580006 1.792833 1.307217
 134.780006 1.635935 1.812834
 134.980006 1.673740 1.490773
 135.180006 1.566197 1.462504
 135.380006 1.550940 1.791003
 135.580006 1.754913 1.422057
 135.780006 1.520014 1.687365
 135.980006 1.744424 1.241934
 136.180006 1.701059 1.730532
 136.380006 1.620352 1.435941
 136.580006 1.503187 1.317188
 136.780006 1.470319 1.447502
 136.980007 1.658777 1.479903
 137.180007 1.528198 1.713106
 137.380007 1.517822 1.259424
 137.580007 1.630341 1.602277
 137.780007 1.784989 1.520990
 137.980007 1.527128 1.462670
 138.180007 1.656648 1.571818
 138.380007 1.754789 1.488261
 138.580007 1.436404 1.566234
 138.780007 1.558237 1.486254
 138.980007 1.555691 1.516676
 139.180007 1.434390 1.467430
 139.380007 1.333977 1.272462
 139.580007 1.685581 1.712112
 139.780007 1.864446 1.364765
 139.980007 1.472192 1.579165
 140.180007 1.894760 1.565677
 140.380007 1.876480 1.563188
 140.580007 1.328720 1.557680
 140.780007 1.625619 1.428572
 140.980007 1.513377 1.762748
 141.180007 1.483110 1.330087
 141.380007 1.275581 1.275248
 141.580007 1.512131 1.752128
 141.780007 1.710312 1.439781
 141.980007 1.417450 1.495785
 142.180007 1.853952 1.408345
 142.380007 1.675129 1.681676
 142.580007 1.590491 1.622525
 142.780007 1.725083 1.227554
 142.980007 1.656625 1.854719
 143.180007 1.761160 1.434365
 143.380007 1.576166 1.363558
 143.580007 1.559168 1.701578
 143.780007 2.109282 1.579528
 143.980007 1.529260 1.564660
 144.180007 1.421906 1.492437
 144.380007 1.737811 1.516207
 144.580007 1.393767 1.739394
 144.780007 1.664108 1.136523
 144.980007 1.511900 1.728429
 145.180007 1.772045 1.541620
 145.380007 1.566467 1.441154
 145.580007 1.721738 1.449392
 145.780007 1.943705 1.748780
 145.980007 1.722537 1.469491
 146.180007 1.474022 1.333104
 146.380007 1.750313 1.707795
 146.580007 1.643803 1.561968
 146.780007 1.561154 1.260701
 146.980007 1.572068 1.614708
 147.180007 1.863474 1.717953
 147.380007 1.471069 1.382182
 147.580007 1.664484 1.559434
 147.780007 1.871496 1.716412
 147.980007 1.571176 1.635703
 148.180007 1.627513 1.277242
 148.380007 1.672999 1.631914
 148.580007 1.713159 1.586163
 148.780007 1.552695 1.155799
 148.980007 1.737531 1.580484
 149.180007 1.863464 1.475430
 149.380007 1.407204 1.662034
 149.580007 1.652966 1.382429
 149.780007 1.849783 1.583416
 149.980007 1.449936 1.471316
 150.180007 1.516962 1.305713
 150.380007 1.623889 1.742084
 150.580007 1.817881 1.414579
 150.780007 1.367755 1.577818
 150.980007 1.631533 1.438536
 151.180007 1.767653 1.751736
 151.380007 1.499160 1.356425
 151.580007 1.454197 1.423151
 151.780007 1.842800 1.695726
 151.980007 1.707352 1.585218
 152.180007 1.465897 1.312216
 152.380007 1.835890 1.557773
 152.580007 1.817698 1.702819
 152.780007 1.629707 1.341153
 152.980007 1.492265 1.433779
 153.180007 1.793769 1.671040
 153.380007 1.428196 1.378866
 153.580007 1.513519 1.429116
 153.780007 1.615521 1.543933
 153.980007 1.698910 1.612011
 154.180007 1.572038 1.296724
 154.380007 1.540096 1.653007
 154.580007 1.620049 1.690833
 154.780007 1.714741 1.284853
 154.980007 1.434207 1.557788
 155.180007 1.848214 1.533996
 155.380007 1.713240 1.525513
 155.580007 1.381822 1.394750
 155.780007 1.804637 1.475384
 155.980007 1.521199 1.782289
 156.180007 1.618635 1.253398
 156.380007 1.531055 1.615129
 156.580007 1.727082 1.512964
 156.780007 1.758058 1.535016
 156.980007 1.553796 1.546555
 157.180007 1.622563 1.377295
 157.380007 1.601538 1.703351
 157.580007 1.508040 1.238930
 157.780007 1.502961 1.469634
 157.980008 1.716918 1.483509
 158.180008 1.551023 1.571933
 158.380008 1.558981 1.520345
 158.580008 1.689159 1.241858
 158.780008 1.415016 1.826966
 158.980008 1.592135 1.285167
 159.180008 1.348556 1.452387
 159.380008 1.542732 1.665908
 159.580008 1.973184 1.203023
 159.780008 1.407045 1.949078
 159.980008 1.834229 1.182487
 160.180008 1.656580 1.710389
 160.380008 1.669150 1.585591
 160.580008 1.678597 1.196492
 160.780008 1.569954 1.759073
 160.980008 1.880385 1.405226
 161.180008 1.600044 1.692355
 161.380008 1.329306 1.405576
 161.580008 1.827790 1.493517
 161.780008 1.438838 1.664314
 161.980008 1.466789 1.398557
 162.180008 1.855237 1.623253
 162.380008 1.651615 1.533525
 162.580008 1.601096 1.388554
 162.780008 1.666148 1.557767
 162.980008 1.733004 1.548318
 163.180008 1.370034 1.450111
 163.380008 1.571240 1.308766
 163.580008 1.715624 1.690807
 163.780008 1.467317 1.448480
 163.980008 1.453720 1.362553
 164.180008 1.717829 1.505598
 164.380008 1.749840 1.621353
 164.580008 1.593999 1.370147
 164.780008 1.688300 1.320397
 164.980008 1.939001 1.899988
 165.180008 1.558299 1.376377
 165.380008 1.299862 1.089773
 165.580008 1.563292 1.709568
 165.780008 1.566991 1.495441
 165.980008 1.528680 1.283711
 166.180008 1.591226 1.380342
 166.380008 1.711476 1.631639
 166.580008 1.533272 1.356672
 166.780008 1.249622 1.252723
 166.980008 1.706844 1.651795
 167.180008 1.741914 1.560851
 167.380008 1.542009 1.319876
 167.580008 1.800688 1.538139
 167.780008 1.869173 1.728636
 167.980008 1.447130 1.390668
 168.180008 1.512900 1.384624
 168.380008 1.653838 1.667785
 168.580008 1.546712 1.567158
 168.780008 1.473607 1.248767
 168.980008 1.515913 1.723079
 169.180008 1.989391 1.464184
 169.380008 1.415279 1.478278
 169.580008 1.522521 1.382142
 169.780008 2.021981 1.618927
 169.980008 1.529168 1.539987
 170.180008 1.494734 1.278058
 170.380008 1.631194 1.702234
 170.580008 1.760427 1.565912
 170.780008 1.448673 1.397269
 170.980008 1.392849 1.368420
 171.180008 1.991277 1.722262
 171.380008 1.680795 1.835010
 171.580008 1.522847 1.046044
 171.780008 1.849615 1.607705
 171.980008 1.728289 1.530322
 172.180008 1.576688 1.413172
 172.380008 1.476344 1.246857
 172.580008 1.815320 1.772804
 172.780008 1.513384 1.684769
 172.980008 1.511606 1.174248
 173.180008 1.733941 1.886676
 173.380008 1.783416 1.642503
 173.580008 1.521781 1.236243
 173.780008 1.561455 1.644003
 173.980008 1.995643 1.499622
 174.180008 1.533962 1.635526
 174.380008 1.537266 1.138188
 174.580008 1.710723 1.808368
 174.780008 1.819359 1.530811
 174.980008 1.508682 1.197574
 175.180008 1.583928 1.736078
 175.380008 2.003642 1.275580
 175.580008 1.464838 1.650801
 175.780008 1.490944 1.307564
 175.980008 1.503515 1.578015
 176.180008 1.566659 1.693099
 176.380008 1.674345 1.019484
 176.580008 1.757156 2.022288
 176.780008 1.814320 1.349578
 176.980008 1.547969 1.501886
 177.180008 1.619775 1.584500
 177.380008 1.794441 1.516753
 177.580008 1.504961 1.694444
 177.780008 1.703140 1.380241
 177.980008 1.456744 1.806422
 178.180008 1.522963 1.376705
 178.380008 1.710428 1.527738
 178.580008 1.715688 1.769221
 178.780008 1.733052 1.380435
 178.980009 1.590343 1.589089
 179.180009 1.900191 1.460990
 179.380009 1.922332 1.952821
 179.580009 1.638180 1.338405
 179.780009 1.519487 1.573097
 179.980009 1.824592 1.705834
 180.180009 1.430080 1.336690
 180.380009 1.544581 1.585754
 180.580009 1.819778 1.485602
 180.780009 1.637948 1.633254
 180.980009 1.647372 1.385043
 181.180009 1.558975 1.527515
 181.380009 1.696625 1.749928
 181.580009 1.532183 1.137747
 181.780009 1.331960 1.690974
 181.980009 1.668103 1.582590
 182.180009 1.619112 1.485692
 182.380009 1.630456 1.402607
 182.580009 1.801784 1.412392
 182.780009 1.535961 1.667908
 182.980009 1.808942 1.208730
 183.180009 1.413539 1.685417
 183.380009 1.723717 1.419635
 183.580009 1.641196 1.608286
 183.780009 1.545535 1.570836
 183.980009 1.673521 1.159576
 184.180009 1.402835 1.978988
 184.380009 1.859998 1.165249
 184.580009 1.474614 1.686350
 184.780009 1.672330 1.499718
 184.980009 1.627371 1.513782
 185.180009 1.509539 1.674077
 185.380009 1.689573 1.421250
 185.580009 1.544425 1.687646
 185.780009 1.723805 1.318602
 185.980009 1.566813 1.699125
 186.180009 1.772813 1.588688
 186.380009 1.616369 1.341142
 186.580009 1.547302 1.654673
 186.780009 1.717853 1.322674
 186.980009 1.446275 1.668080
 187.180009 1.518473 1.216269
 187.380009 1.767270 1.753646
 187.580009 1.584310 1.619187
 187.780009 1.720310 1.225984
 187.980009 1.687530 1.811649
 188.180009 1.811340 1.467738
 188.380009 1.684845 1.568664
 188.580009 1.688547 1.565416
 188.780009 1.706390 1.595087
 188.980009 1.510801 1.509624
 189.180009 1.646908 1.397828
 189.380009 1.580062 1.652573
 189.580009 1.538377 1.342373
 189.780009 1.439402 1.421212
 189.980009 1.691101 1.555811
 190.180009 1.619512 1.525839
 190.380009 1.561636 1.437591
 190.580009 1.732371 1.504924
 190.780009 1.628603 1.738636
 190.980009 1.449107 1.394463
 191.180009 1.585001 1.461792
 191.380009 1.801182 1.805580
 191.580009 1.517502 1.261976
 191.780009 1.534589 1.463481
 191.980009 2.002563 1.578013
 192.180009 1.815937 1.508709
 192.380009 1.370944 1.274224
 192.580009 1.737930 1.565310
 192.780009 1.870847 1.816345
 192.980009 1.475182 1.246246
 193.180009 1.585212 1.531825
 193.380009 1.754512 1.768254
 193.580009 1.627799 1.571152
 193.780009 1.554516 1.195896
 193.980009 1.726136 1.643784
 194.180009 1.877456 1.547649
 194.380009 1.515487 1.432264
 194.580009 1.673810 1.487550
 194.780009 1.978123 1.762028
 194.980009 1.565004 1.324271
 195.180009 1.335312 1.499338
 195.380009 1.736961 1.491805
 195.580009 1.754758 1.680006
 195.780009 1.387948 1.278890
 195.980009 1.586978 1.422727
 196.180009 1.765148 1.698240
 196.380009 1.481893 1.291983
 196.580009 1.619308 1.435631
 196.780009 1.832251 1.780724
 196.980009 1.598024 1.425768
 197.180009 1.524563 1.397529
 197.380009 1.847257 1.551405
 197.580009 1.900549 1.659603
 197.780009 1.475994 1.281385
 197.980009 1.611403 1.628006
 198.180009 1.697885 1.677506
 198.380009 1.407860 1.200575
 198.580009 1.497194 1.707539
 198.780009 1.838655 1.561119
 198.980009 1.724499 1.584178
 199.180009 1.595768 1.375330
 199.380009 1.823836 1.731954
 199.580009 1.857200 1.607346
 199.780009 1.553718 1.330118
 199.980009 1.609832 1.554013
