#! FIELDS time phi psi
#! SET max_psi pi
 0.180000 -2.909020 2.823291
 0.380000 -2.982955 -3.078379
 0.580000 2.816261 2.766709
 0.780000 -3.062136 2.793440
 0.980000 2.731386 2.889753
 1.180000 -3.122780 2.754557
 1.380000 2.619532 2.585698
 1.580000 2.985380 2.780904
 1.780000 3.111659 2.512683
 1.980000 2.708746 2.986414
 2.180000 -2.862433 2.543315
 2.380000 2.806530 3.113065
 2.580000 -2.973508 2.585445
 2.780000 -2.932119 -2.917277
 2.980000 -2.792643 2.698152
 3.180000 -3.010196 -2.993737
 3.380000 2.965216 2.798560
 3.580000 3.085091 2.747002
 3.780000 3.035076 -3.043271
 3.980000 -2.807283 2.458993
 4.180000 3.115033 -2.993798
 4.380000 -2.823726 2.394072
 4.580000 2.881128 -3.076426
 4.780000 3.044538 2.515239
 4.980000 2.871929 2.968521
 5.180000 3.138721 2.877978
 5.380000 -3.113634 2.868815
 5.580000 3.022055 3.035551
 5.780000 -2.892225 2.638295
 5.980000 2.580822 3.094464
 6.180000 -2.922674 2.481765
 6.380000 2.489767 3.006856
 6.580000 -2.972782 2.754218
 6.780000 2.913322 2.786496
 6.980000 2.937181 3.015028
 7.180000 3.068281 2.663170
 7.380000 2.825521 3.141355
 7.580000 -2.963809 2.694250
 7.780000 2.839575 3.096379
 7.980000 -3.094266 2.689648
 8.180000 2.984828 2.987024
 8.380000 -3.084819 2.845517
 8.580000 3.104622 2.834917
 8.780000 3.107050 3.001929
 8.980000 -3.039919 2.710990
 9.180000 2.846289 3.030912
 9.380000 -3.093510 2.437057
 9.580000 2.991396 3.056877
 9.780000 -3.057487 2.651099
 9.980000 -3.140618 3.044348
 10.180000 -3.118964 2.816816
 10.380000 3.119843 2.974902
 10.580001 3.080142 2.783860
 10.780001 -2.897830 2.967343
 10.980001 2.966304 2.975898
 11.180001 -3.007538 2.760620
 11.380001 2.909399 2.955686
 11.580001 -2.961034 2.709388
 11.780001 2.940873 2.961359
 11.980001 -3.103034 2.687293
 12.180001 3.023793 2.826986
 12.380001 2.945170 2.723300
 12.580001 3.090879 2.733085
 12.780001 2.938204 2.877525
 12.980001 -2.945056 2.730647
 13.180001 2.891022 2.976180
 13.380001 -2.946421 2.751269
 13.580001 2.965874 3.022990
 13.780001 3.088469 2.823617
 13.980001 3.043371 2.918236
 14.180001 3.036060 2.978564
 14.380001 -2.960202 2.717527
 14.580001 2.947622 3.068402
 14.780001 -3.080622 2.535518
 14.980001 2.774156 3.042207
 15.180001 3.105523 2.668732
 15.380001 2.953713 2.907997
 15.580001 3.083848 2.851036
 15.780001 -2.968473 2.772404
 15.980001 2.896809 2.966059
 16.180001 -2.885051 2.590017
 16.380001 2.936493 -3.106457
 16.580001 -2.937946 2.643212
 16.780001 3.106831 -3.052682
 16.980001 -3.078854 2.778469
 17.180001 2.983333 3.026069
 17.380001 2.933195 2.832749
 17.580001 -3.095298 2.669708
 17.780001 2.810550 -3.102992
 17.980001 -2.829737 2.558372
 18.180001 2.798559 -3.131824
 18.380001 -2.975259 2.706653
 18.580001 2.899005 2.995875
 18.780001 -3.056229 2.807001
 18.980001 3.100371 2.883433
 19.180001 3.030011 2.927406
 19.380001 -3.101688 2.791973
 19.580001 2.960274 2.963206
 19.780001 -3.067575 2.650524
 19.980001 2.778618 2.988659
 20.180001 3.068720 2.602275
 20.380001 2.882035 2.980305
 20.580001 -3.044456 2.733114
 20.780001 -3.060166 2.869810
 20.980001 3.016122 2.825463
 21.180001 -3.135355 2.760057
 21.380001 2.706724 2.866822
 21.580001 -2.932104 2.628744
 21.780001 2.990018 2.949491
 21.980001 -2.869390 2.838142
 22.180001 3.136034 2.988318
 22.380001 -3.058094 2.842376
 22.580001 3.026241 2.940928
 22.780001 2.960329 2.932293
 22.980001 3.092308 2.683397
 23.180001 3.030326 3.037688
 23.380001 -3.031834 2.647463
 23.580001 2.881537 2.995249
 23.780001 3.078880 2.697778
 23.980001 2.803153 2.932760
 24.180001 -2.995682 2.847109
 24.380001 2.955812 2.824471
 24.580001 3.050189 2.838537
 24.780001 3.119097 2.761628
 24.980001 2.947107 2.889544
 25.180001 3.048886 2.600359
 25.380001 2.918658 2.966257
 25.580001 -3.016124 2.642458
 25.780001 2.943224 2.908121
 25.980001 -3.089734 2.838948
 26.180001 3.110734 2.957628
 26.380001 -2.948923 3.094470
 26.580001 -3.104567 2.971431
 26.780001 3.042303 2.971993
 26.980001 3.096500 2.772335
 27.180001 3.057800 3.013190
 27.380001 -2.990177 2.709817
 27.580001 -3.105969 3.108922
 27.780001 3.096770 2.531604
 27.980001 3.053469 2.960488
 28.180001 2.992101 2.655156
 28.380001 3.117696 2.879780
 28.580001 3.078277 2.876220
 28.780001 3.129664 2.862573
 28.980001 3.046837 2.981172
 29.180001 -2.932979 2.861987
 29.380001 2.740029 3.071967
 29.580001 -3.037337 2.663378
 29.780001 2.899781 -3.104545
 29.980001 -2.918244 2.737481
 30.180001 2.992306 2.989685
 30.380001 3.020052 2.745145
 30.580001 2.987628 2.849620
 30.780001 2.917299 2.766949
 30.980001 3.010159 2.568742
 31.180001 2.826890 2.903816
 31.380001 -3.078354 2.501049
 31.580001 2.917497 3.029923
 31.780002 -3.125478 2.641518
 31.980002 2.847651 2.945859
 32.180002 -3.107488 2.703836
 32.380002 3.077874 2.893794
 32.580002 -3.111378 2.944080
 32.780002 -3.009460 2.912570
 32.980002 -3.099231 3.066767
 33.180002 3.131519 2.785117
 33.380002 3.026333 3.079337
 33.580002 -3.136829 2.675402
 33.780002 3.068121 2.923519
 33.980002 3.103104 2.795221
 34.180002 2.931816 2.770039
 34.380002 3.024990 2.782994
 34.580002 3.057789 2.571371
 34.780002 2.908046 2.875200
 34.980002 -3.101908 2.587656
 35.180002 3.025917 3.078148
 35.380002 3.135234 2.519478
 35.580002 2.844194 2.979711
 35.780002 -3.112136 2.693693
 35.980002 2.964849 2.976822
 36.180002 3.109843 2.689415
 36.380002 -3.040160 2.942352
 36.580002 3.114212 2.695210
 36.780002 2.965339 2.775090
 36.980002 -2.972055 2.966580
 37.180002 -3.115054 2.682061
 37.380002 3.120465 3.083511
 37.580002 -3.072310 2.582445
 37.780002 2.969462 -3.028478
 37.980002 3.057339 2.660633
 38.180002 3.040917 3.113306
 38.380002 3.105902 2.790129
 38.580002 -2.935661 2.926239
 38.780002 2.882602 2.709631
 38.980002 -3.093110 2.799838
 39.180002 2.759803 2.781923
 39.380002 -3.056453 2.611637
 39.580002 2.805144 2.904992
 39.780002 -2.968599 2.623226
 39.980002 2.923565 2.949589
 40.180002 -2.923784 2.829773
 40.380002 3.026684 2.860424
 40.580002 -3.140023 2.904842
 40.780002 -2.945478 2.849763
 40.980002 2.932262 3.034371
 41.180002 -2.947990 2.669601
 41.380002 2.827543 2.944274
 41.580002 -3.120432 2.621740
 41.780002 2.888882 2.864562
 41.980002 3.072027 2.753138
 42.180002 2.927056 2.814803
 42.380002 -3.137594 2.863787
 42.580002 -3.031199 2.814724
 42.780002 3.051423 2.826625
 42.980002 -3.134809 2.737293
 43.180002 3.070626 2.945927
 43.380002 -3.060549 2.730136
 43.580002 -3.056679 3.126793
 43.780002 -3.021165 2.694860
 43.980002 3.003180 -3.108954
 44.180002 3.011777 2.815659
 44.380002 2.929085 3.036800
 44.580002 3.083563 2.715466
 44.780002 -3.074746 2.982054
 44.980002 2.893531 2.661486
 45.180002 3.100720 2.873773
 45.380002 2.769320 2.636456
 45.580002 3.125133 2.770045
 45.780002 2.939332 2.675684
 45.980002 -2.915530 2.685356
 46.180002 2.879579 2.957424
 46.380002 3.104283 2.567099
 46.580002 2.964032 2.987078
 46.780002 3.010932 2.721549
 46.980002 -3.061547 2.970441
 47.180002 3.139326 2.949271
 47.380002 -2.902297 2.819053
 47.580002 2.908370 3.058579
 47.780002 3.122969 2.678215
 47.980002 2.745301 2.884354
 48.180002 3.100519 2.721223
 48.380002 3.009115 2.730609
 48.580002 -3.104755 2.867182
 48.780002 2.938154 2.633954
 48.980002 2.976651 2.818283
 49.180002 3.075324 2.689944
 49.380002 2.991418 3.013780
 49.580002 -3.061081 2.636915
 49.780002 3.026665 -3.093029
 49.980002 -3.108309 2.677685
 50.180002 -3.109478 3.048349
 50.380002 3.060434 2.825984
 50.580002 -3.115483 3.029743
 50.780002 -3.066298 2.782645
 50.980002 -3.030980 3.070662
 51.180002 -3.119973 2.799007
 51.380002 -3.043821 2.948112
 51.580002 2.970285 2.858617
 51.780002 2.989460 2.936913
 51.980002 2.862801 2.858696
 52.180002 3.013601 2.886223
 52.380002 3.141043 2.937079
 52.580002 3.092988 2.823754
 52.780003 -3.101236 3.066192
 52.980003 -3.073558 2.678973
 53.180003 -3.125748 3.066005
 53.380003 3.037434 2.713340
 53.580003 3.044253 2.920433
 53.780003 3.104468 2.854841
 53.980003 -2.916869 3.013045
 54.180003 -3.073493 2.881102
 54.380003 -3.054993 2.956891
 54.580003 3.139375 2.911110
 54.780003 -3.130569 2.994525
 54.980003 -3.079693 2.896127
 55.180003 3.001457 2.846435
 55.380003 3.030703 2.842338
 55.580003 3.058557 2.939596
 55.780003 3.072849 2.854557
 55.980003 3.081258 2.801354
 56.180003 3.131235 2.874353
 56.380003 3.082687 2.732253
 56.580003 3.037135 2.908163
 56.780003 3.030698 2.728717
 56.980003 2.973083 2.791441
 57.180003 3.095653 2.742737
 57.380003 3.033839 2.818338
 57.580003 3.118876 2.705078
 57.780003 3.062254 2.763525
 57.980003 3.036882 2.805301
 58.180003 3.137138 2.715289
 58.380003 3.034090 2.885312
 58.580003 -3.114622 2.776938
 58.780003 2.984438 2.946617
 58.980003 3.100990 2.739518
 59.180003 3.016457 2.951788
 59.380003 3.107633 2.877338
 59.580003 -3.011484 2.995334
 59.780003 -3.117639 2.776714
 59.980003 -3.097743 2.857989
 60.180003 3.136505 2.923032
 60.380003 -3.091670 2.696147
 60.580003 2.923495 2.871545
 60.780003 -3.076641 2.828174
 60.980003 -3.134643 2.832355
 61.180003 3.132467 2.812894
 61.380003 2.885391 2.659102
 61.580003 3.052368 2.920241
 61.780003 3.129956 2.807001
 61.980003 -3.119113 2.833036
 62.180003 3.047452 2.794509
 62.380003 3.092480 2.873570
 62.580003 3.045716 2.849550
 62.780003 3.112730 2.753010
 62.980003 3.134762 2.888775
 63.180003 -3.106566 2.799669
 63.380003 3.042726 2.912995
 63.580003 3.065696 2.861580
 63.780003 3.114401 2.909831
 63.980003 -3.112236 2.843547
 64.180003 3.140339 2.934942
 64.380003 3.069995 2.713466
 64.580003 -3.106778 2.970812
 64.780003 3.004962 2.695230
 64.980003 2.946071 2.781038
 65.180003 2.835796 2.842621
 65.380003 3.104526 2.827585
 65.580003 2.890872 2.697269
 65.780003 3.132333 2.926826
 65.980003 2.887543 2.739370
 66.180003 -3.090823 2.864153
 66.380003 2.991117 2.864488
 66.580003 3.139370 2.748030
 66.780003 2.951725 2.771832
 66.980003 -3.005733 2.873656
 67.180003 2.980257 2.821802
 67.380003 -3.128099 2.738597
 67.580003 3.067662 2.915151
 67.780003 2.901156 2.601576
 67.980003 -3.108937 2.914128
 68.180003 2.933053 2.975506
 68.380003 -3.000513 2.631708
 68.580003 3.101461 3.078602
 68.780003 -3.057260 2.693931
 68.980003 2.747654 2.896412
 69.180003 -2.927360 2.845241
 69.380003 3.025586 2.866219
 69.580003 -2.985563 2.891060
 69.780003 3.130675 2.826143
 69.980003 -3.011968 3.099898
 70.180003 -3.135817 2.783273
 70.380003 3.024990 3.084823
 70.580003 3.092532 2.800140
 70.780003 -3.091103 2.992164
 70.980003 3.106420 2.757685
 71.180003 -3.106682 2.963329
 71.380003 -3.030337 2.784148
 71.580003 3.070528 2.987448
 71.780003 2.965665 2.612848
 71.980003 2.928902 2.896038
 72.180003 3.010722 2.760243
 72.380003 3.128201 2.778868
 72.580003 2.997880 2.824342
 72.780003 -2.999997 2.774253
 72.980003 2.987698 2.875012
 73.180003 -2.969950 2.889052
 73.380003 3.026690 2.924996
 73.580003 -2.976171 2.843683
 73.780004 -2.944878 2.977567
 73.980004 -3.049567 2.995907
 74.180004 -3.079917 2.870956
 74.380004 2.895469 3.027876
 74.580004 3.053242 2.764618
 74.780004 2.951173 2.840354
 74.980004 3.138783 2.726769
 75.180004 3.054002 2.802574
 75.380004 3.084744 2.692211
 75.580004 3.063486 2.884046
 75.780004 2.889521 2.799351
 75.980004 3.048730 2.666590
 76.180004 3.018387 2.899359
 76.380004 -3.010654 2.661915
 76.580004 2.900270 2.923626
 76.780004 3.009758 2.801703
 76.980004 2.870035 2.889229
 77.180004 -3.000701 2.961151
 77.380004 -3.050453 2.983274
 77.580004 -2.953082 2.954513
 77.780004 -3.095025 2.853652
 77.980004 3.099613 3.044481
 78.180004 2.894632 2.604623
 78.380004 -3.123503 3.115774
 78.580004 -3.056799 2.715096
 78.780004 -3.056844 3.002118
 78.980004 -3.119071 2.756198
 79.180004 3.045776 2.999114
 79.380004 3.049422 2.670959
 79.580004 3.104482 3.070774
 79.780004 3.040314 2.669262
 79.980004 -3.069674 2.898899
 80.180004 2.970582 2.803832
 80.380004 3.053418 2.714072
 80.580004 2.836174 2.920309
 80.780004 -2.991101 2.791464
 80.980004 -3.084429 2.936599
 81.180004 -2.949288 2.824449
 81.380004 2.955448 2.822268
 81.580004 2.943508 2.758332
 81.780004 3.030103 2.891883
 81.980004 3.013043 2.744303
 82.180004 -3.061946 2.910461
 82.380004 3.043864 2.791999
 82.580004 3.086217 2.977083
 82.780004 2.961260 2.776133
 82.980004 2.973202 2.989300
 83.180004 2.954326 2.694989
 83.380004 3.108302 2.971800
 83.580004 -2.975535 2.714747
 83.780004 3.014148 2.936531
 83.980004 3.070277 2.793190
 84.180004 3.018032 2.895000
 84.380004 -3.138769 3.005084
 84.580004 3.089571 2.798570
 84.780004 3.020577 3.054132
 84.980004 3.080404 2.642807
 85.180004 2.876852 3.109068
 85.380004 -3.069872 2.704390
 85.580004 3.084617 2.975355
 85.780004 -3.118020 2.881758
 85.980004 -3.090769 2.789451
 86.180004 2.958786 3.011079
 86.380004 3.053650 2.690866
 86.580004 2.856806 3.006299
 86.780004 -3.037700 2.625993
 86.980004 3.092449 3.064237
 87.180004 3.083962 2.706640
 87.380004 3.131755 2.932501
 87.580004 2.904266 2.794770
 87.780004 -3.083673 2.841666
 87.980004 3.015253 2.991427
 88.180004 -2.995756 2.753228
 88.380004 2.943353 3.077538
 88.580004 -3.069124 2.602580
 88.780004 3.011571 2.937167
 88.980004 3.109165 2.819688
 89.180004 3.066078 2.749699
 89.380004 2.940578 2.925370
 89.580004 -3.095957 2.751739
 89.780004 2.852111 2.952164
 89.980004 -3.111107 2.714125
 90.180004 2.872221 2.936611
 90.380004 -3.016696 2.734075
 90.580004 2.979030 2.904112
 90.780004 -3.115413 2.879624
 90.980004 3.109655 2.827679
 91.180004 3.126170 3.059860
 91.380004 3.069610 2.700319
 91.580004 -3.128243 3.008523
 91.780004 -3.108290 2.645315
 91.980004 2.994778 3.046904
 92.180004 3.072650 2.708470
 92.380004 2.913150 2.970841
 92.580004 -2.975144 2.791786
 92.780004 -3.121448 2.992070
 92.980004 -3.113690 2.871717
 93.180004 3.022735 2.887651
 93.380004 3.044787 2.937477
 93.580004 -3.067362 2.760207
 93.780004 3.080370 2.979916
 93.980004 -3.007134 2.770599
 94.180004 3.065282 3.003609
 94.380004 3.104027 2.775336
 94.580004 2.940471 2.933421
 94.780005 3.118910 2.755220
 94.980005 -3.039103 2.910482
 95.180005 3.128503 2.765973
 95.380005 -3.078169 2.956713
 95.580005 2.854186 2.718283
 95.780005 3.047582 2.894401
 95.980005 2.859123 2.683884
 96.180005 -2.958199 2.928845
 96.380005 3.014048 2.693748
 96.580005 -3.063627 2.880024
 96.780005 2.926438 2.756307
 96.980005 2.994667 2.745955
 97.180005 2.959183 2.858252
 97.380005 3.109868 2.808297
 97.580005 -3.042199 2.842715
 97.780005 -3.023361 2.933816
 97.980005 3.130432 2.804911
 98.180005 3.076483 2.970363
 98.380005 3.051650 2.800415
 98.580005 -3.010793 2.979215
 98.780005 -3.029541 2.909650
 98.980005 -3.119765 2.880122
 99.180005 2.996797 2.908236
 99.380005 3.007322 2.792456
 99.580005 3.134518 2.947926
 99.780005 3.135434 2.713316
 99.980005 3.018169 2.950613
 100.180005 3.007761 2.631199
 100.380005 3.000341 2.847036
 100.580005 2.989765 2.681182
 100.780005 3.035121 2.771839
 100.980005 3.052150 2.804667
 101.180005 -3.072421 2.707048
 101.380005 2.832047 2.828796
 101.580005 2.954121 2.665001
 101.780005 2.983199 2.788574
 101.980005 -3.070561 2.722013
 102.180005 3.096656 2.800538
 102.380005 -3.135948 2.683193
 102.580005 3.069663 2.810927
 102.780005 3.058670 2.754865
 102.980005 3.125687 2.870175
 103.180005 3.125505 2.816722
 103.380005 2.968377 3.008290
 103.580005 -3.036440 2.727815
 103.780005 3.055859 2.973594
 103.980005 -3.000857 2.895186
 104.180005 3.097862 2.922798
 104.380005 -3.024864 2.947714
 104.580005 -3.066492 2.880120
 104.780005 3.098433 2.977818
 104.980005 3.139480 2.793876
 105.180005 3.040603 2.938309
 105.380005 -3.082089 2.697049
 105.580005 2.961487 2.913653
 105.780005 3.090966 2.532847
 105.980005 2.860802 2.900337
 106.180005 -3.123883 2.692190
 106.380005 2.923150 2.922941
 106.580005 -3.060333 2.838047
 106.780005 3.129225 2.893564
 106.980005 -3.050450 2.949152
 107.180005 3.050656 2.949704
 107.380005 2.962397 2.852420
 107.580005 -3.102349 2.827855
 107.780005 3.076635 3.102126
 107.980005 -2.914093 2.732471
 108.180005 2.965565 3.076478
 108.380005 -2.962292 2.717819
 108.580005 2.837157 3.014619
 108.780005 3.006655 2.797189
 108.980005 2.898255 2.652242
 109.180005 2.845515 2.893451
 109.380005 -3.007931 2.502837
 109.580005 2.763092 3.015431
 109.780005 -2.983031 2.518211
 109.980005 2.843297 -3.112999
 110.180005 3.096381 2.575746
 110.380005 3.021046 3.027089
 110.580005 3.094133 2.865563
 110.780005 -3.088426 2.766212
 110.980005 3.018416 3.040767
 111.180005 -2.990377 2.793494
 111.380005 2.828417 3.056636
 111.580005 -2.878342 2.647202
 111.780005 2.810433 2.929284
 111.980005 -3.083467 2.654298
 112.180005 2.699689 2.857187
 112.380005 -3.110659 2.762700
 112.580005 3.020739 2.708679
 112.780005 3.002179 2.791510
 112.980005 3.129137 2.721523
 113.180005 3.078850 2.911257
 113.380005 3.030566 2.628142
 113.580005 3.059163 3.056287
 113.780005 -3.048675 2.562928
 113.980005 -3.093690 -3.063693
 114.180005 -3.033477 2.721978
 114.380005 -2.988538 3.091358
 114.580005 -3.101728 2.874606
 114.780005 3.115186 2.996069
 114.980005 3.098596 2.928708
 115.180005 -3.141016 2.827362
 115.380005 2.983220 3.092575
 115.580005 3.092134 2.570693
 115.780005 2.949810 -3.129371
 115.980006 -3.061190 2.483134
 116.180006 2.889395 3.046529
 116.380006 3.118893 2.582142
 116.580006 3.060336 2.852347
 116.780006 2.919062 2.755544
 116.980006 3.084448 2.757559
 117.180006 2.803240 2.990834
 117.380006 -2.978829 2.787447
 117.580006 2.842223 2.945948
 117.780006 -3.044466 2.731774
 117.980006 2.995492 3.013971
 118.180006 -3.039888 2.832836
 118.380006 2.915341 2.638733
 118.580006 3.018889 2.939950
 118.780006 3.079709 2.593679
 118.980006 3.033243 3.041472
 119.180006 -3.055745 2.548951
 119.380006 2.902450 2.883905
 119.580006 -3.035599 2.626057
 119.780006 3.067697 3.020245
 119.980006 -3.007259 2.916137
 120.180006 3.120011 2.992983
 120.380006 3.110571 2.887604
 120.580006 -3.098258 2.900759
 120.780006 -3.092454 3.120472
 120.980006 -3.122083 2.754803
 121.180006 3.053641 3.047130
 121.380006 -3.059681 2.731389
 121.580006 2.916845 3.037557
 121.780006 3.089309 2.501489
 121.980006 3.039699 3.073124
 122.180006 -3.000903 2.661458
 122.380006 3.105975 2.941792
 122.580006 -3.116416 2.685446
 122.780006 3.098485 2.892096
 122.980006 2.820015 2.754808
 123.180006 3.064827 2.723366
 123.380006 2.876750 2.888820
 123.580006 -2.976731 2.759729
 123.780006 3.012326 2.937045
 123.980006 -2.998517 2.863293
 124.180006 2.901010 2.917568
 124.380006 -3.041225 2.875464
 124.580006 3.055758 2.749029
 124.780006 3.102741 2.950527
 124.980006 3.102202 2.683177
 125.180006 2.969230 2.892472
 125.380006 3.131164 2.612435
 125.580006 2.775439 2.988423
 125.780006 -2.984004 2.710677
 125.980006 2.919841 2.918188
 126.180006 -3.063933 2.761279
 126.380006 2.983805 2.773645
 126.580006 -3.075985 2.984944
 126.780006 -3.092296 2.628420
 126.980006 -3.076951 3.068100
 127.180006 -3.019065 2.654572
 127.380006 3.020501 3.141276
 127.580006 3.083212 2.695474
 127.780006 3.040367 3.074306
 127.980006 -3.091508 2.874584
 128.180006 -3.123049 2.968191
 128.380006 -3.131467 2.953432
 128.580006 3.115778 2.705738
 128.780006 3.099052 3.020568
 128.980006 -3.070838 2.605633
 129.180006 3.017258 2.986152
 129.380006 -3.071749 2.598674
 129.580006 2.960548 3.088744
 129.780006 -3.088257 2.659771
 129.980006 2.910159 2.950785
 130.180006 -3.139598 2.814723
 130.380006 -3.136377 2.942234
 130.580006 -3.044799 2.965226
 130.780006 -2.990009 2.873381
 130.980006 3.078399 2.934082
 131.180006 3.112502 2.831555
 131.380006 2.855825 2.874052
 131.580006 -3.133836 2.806542
 131.780006 3.084861 2.710924
 131.980006 -3.069055 2.982060
 132.180006 3.103447 2.636404
 132.380006 3.128432 2.938669
 132.580006 2.959519 2.758554
 132.780006 3.012074 2.834278
 132.980006 3.030829 2.808016
 133.180006 -3.011407 2.845049
 133.380006 3.104962 2.939842
 133.580006 -3.085280 2.792519
 133.780006 2.973623 3.034964
 133.980006 3.140143 2.813028
 134.180006 3.107416 3.024213
 134.380006 3.107303 2.844402
 134.580006 3.089619 2.903654
 134.780006 2.898398 2.827681
 134.980006 2.982793 2.766558
 135.180006 2.784608 2.804426
 135.380006 3.138561 2.705904
 135.580006 2.884028 2.826741
 135.780006 -3.084265 2.695689
 135.980006 2.833630 2.794005
 136.180006 2.962987 2.679695
 136.380006 2.918746 2.770557
 136.580006 3.018713 2.802426
 136.780006 3.038453 2.742572
 136.980007 3.037932 2.867037
 137.180007 2.963528 2.680042
 137.380007 2.968871 2.907566
 137.580007 2.965521 2.742543
 137.780007 3.029966 2.943496
 137.980007 -3.133417 2.871908
 138.180007 -3.045234 2.919541
 138.380007 -3.102535 2.982341
 138.580007 3.006291 2.887509
 138.780007 2.967581 2.952502
 138.980007 3.050556 2.844460
 139.180007 3.094497 3.065724
 139.380007 -3.016657 2.832176
 139.580007 -3.137226 3.000543
 139.780007 3.124123 2.822566
 139.980007 2.907481 2.763962
 140.180007 3.030963 2.912033
 140.380007 2.914727 2.647218
 140.580007 -3.103567 2.944213
 140.780007 3.111894 2.637470
 140.980007 3.077845 2.913005
 141.180007 3.125628 2.673191
 141.380007 2.958208 3.051973
 141.580007 2.962526 2.578992
 141.780007 3.026353 3.063950
 141.980007 -3.135153 2.730349
 142.180007 3.031797 2.913640
 142.380007 2.993101 2.816130
 142.580007 3.115705 2.827512
 142.780007 3.037402 2.889168
 142.980007 -3.096753 2.861186
 143.180007 -3.127640 2.894352
 143.380007 3.075587 2.765533
 143.580007 -3.129597 2.995166
 143.780007 2.920681 2.733980
 143.980007 2.922182 2.791756
 144.180007 2.974896 2.739079
 144.380007 -3.022959 2.885952
 144.580007 -3.077837 2.831755
 144.780007 3.046189 2.894557
 144.980007 2.984343 2.803373
 145.180007 3.016690 2.845151
 145.380007 2.895793 2.869717
 145.580007 3.019558 2.895905
 145.780007 3.107328 2.861477
 145.980007 -2.995069 2.890977
 146.180007 3.041458 2.812068
 146.380007 3.055347 2.945088
 146.580007 3.066319 2.775770
 146.780007 -3.109872 3.032984
 146.980007 -3.140208 2.709394
 147.180007 3.015788 2.925019
 147.380007 -3.034895 2.867371
 147.580007 3.018084 2.872887
 147.780007 3.107076 2.894589
 147.980007 2.824238 2.752218
 148.180007 -3.098529 2.938020
 148.380007 -3.094494 2.829379
 148.580007 -3.091010 3.023887
 148.780007 -3.139620 2.748553
 148.980007 3.077419 3.077094
 149.180007 3.091646 2.683031
 149.380007 2.978796 2.946472
 149.580007 3.100611 2.770231
 149.780007 -3.081370 2.933704
 149.980007 -3.083555 2.796842
 150.180007 3.078753 2.903810
 150.380007 3.031027 2.650501
 150.580007 3.049049 2.816605
 150.780007 3.099828 2.867033
 150.980007 -3.079934 2.703283
 151.180007 -3.088975 2.868683
 151.380007 -3.101723 2.716482
 151.580007 3.004439 2.712952
 151.780007 3.040388 2.763675
 151.980007 -3.086821 2.790347
 152.180007 -3.040304 2.773531
 152.380007 -3.022183 2.862116
 152.580007 3.002746 2.814848
 152.780007 2.988094 2.788174
 152.980007 2.773844 2.883695
 153.180007 3.122859 2.801639
 153.380007 3.025087 2.885021
 153.580007 -2.797611 2.931715
 153.780007 2.993371 2.780386
 153.980007 3.091689 2.915188
 154.180007 2.946817 2.723646
 154.380007 -3.080360 2.940459
 154.580007 -3.090993 2.774662
 154.780007 -3.131445 2.842653
 154.980007 -2.991077 2.882170
 155.180007 2.898052 2.891799
 155.380007 3.105545 2.782264
 155.580007 2.823135 2.867647
 155.780007 -3.079732 2.811613
 155.980007 2.922013 2.689890
 156.180007 -3.038823 2.950391
 156.380007 2.921060 2.494808
 156.580007 3.010115 3.063802
 156.780007 3.007867 2.759593
 156.980007 -3.021598 3.058638
 157.180007 -3.021801 2.855544
 157.380007 -3.111530 3.072384
 157.580007 2.974148 2.687046
 157.780007 2.964336 -3.124804
 157.980008 -3.105746 2.568710
 158.180008 3.074014 3.010791
 158.380008 3.033753 2.616503
 158.580008 3.092129 2.957933
 158.780008 3.107013 2.525731
 158.980008 -3.136548 3.007166
 159.180008 -2.990128 2.680203
 159.380008 -3.013482 3.093514
 159.580008 3.016402 2.734416
 159.780008 2.925253 2.913735
 159.980008 2.920916 2.814340
 160.180008 3.043668 2.940944
 160.380008 2.955914 2.744854
 160.580008 -2.897352 2.987090
 160.780008 3.035498 2.821809
 160.980008 -3.033237 2.926808
 161.180008 2.904964 2.914117
 161.380008 3.108530 2.874380
 161.580008 3.021974 2.763977
 161.780008 -3.108450 2.982825
 161.980008 3.036030 2.775278
 162.180008 3.061123 2.940955
 162.380008 2.986610 2.741493
 162.580008 3.088951 2.929236
 162.780008 3.020062 2.757183
 162.980008 -3.052084 2.896683
 163.180008 3.090113 2.743795
 163.380008 3.085217 2.833908
 163.580008 2.982843 2.734214
 163.780008 2.827288 2.738185
 163.980008 3.111936 2.876622
 164.180008 3.068807 2.912912
 164.380008 -2.935618 2.939453
 164.580008 3.077227 2.955379
 164.780008 -2.976073 2.897194
 164.980008 2.852738 2.878687
 165.180008 3.079326 2.705225
 165.380008 2.947618 2.899661
 165.580008 -3.046283 2.827521
 165.780008 -3.124811 2.875926
 165.980008 2.968173 2.799299
 166.180008 2.927077 2.794000
 166.380008 2.957520 2.892480
 166.580008 -3.070784 2.724689
 166.780008 -3.136725 2.984645
 166.980008 -3.086476 2.739799
 167.180008 -3.138483 2.917970
 167.380008 2.958564 2.805884
 167.580008 3.076869 2.815084
 167.780008 2.926979 2.881609
 167.980008 -2.961918 2.841763
 168.180008 2.991848 2.964497
 168.380008 -3.014909 2.774359
 168.580008 2.770147 3.004955
 168.780008 -3.120762 2.854843
 168.980008 2.981750 2.798997
 169.180008 3.111479 3.064153
 169.380008 -3.092778 2.748665
 169.580008 2.915903 3.058056
 169.780008 -3.083669 2.715694
 169.980008 2.760844 3.021690
 170.180008 -3.062888 2.659264
 170.380008 2.977130 3.031866
 170.580008 3.126060 2.795474
 170.780008 -3.137512 2.848365
 170.980008 2.903656 2.980305
 171.180008 -3.124332 2.729958
 171.380008 3.069202 3.053736
 171.580008 -2.840655 2.788103
 171.780008 -3.066677 3.034553
 171.980008 -3.128764 2.863207
 172.180008 2.902820 2.908051
 172.380008 3.064136 2.951121
 172.580008 3.082190 2.657407
 172.780008 -3.023136 3.062294
 172.980008 -3.098282 2.581025
 173.180008 3.073440 2.949281
 173.380008 3.097019 2.681630
 173.580008 2.733735 2.705512
 173.780008 2.949245 2.701425
 173.980008 3.120146 2.804362
 174.180008 3.106785 2.671953
 174.380008 2.987731 2.807227
 174.580008 2.979847 2.779183
 174.780008 2.981076 2.726351
 174.980008 2.947100 2.945955
 175.180008 3.093343 2.761122
 175.380008 3.081045 2.868898
 175.580008 -3.005859 2.902782
 175.780008 3.076162 2.804187
 175.980008 -3.140744 2.795906
 176.180008 3.089674 3.056827
 176.380008 -3.121445 2.845344
 176.580008 3.091221 2.971388
 176.780008 -3.135606 3.000653
 176.980008 3.056113 2.754095
 177.180008 -3.138775 3.018993
 177.380008 3.124012 2.820864
 177.580008 3.115516 2.890829
 177.780008 3.066251 2.850881
 177.980008 -3.040280 2.929468
 178.180008 3.078668 2.721664
 178.380008 -3.105168 2.921343
 178.580008 2.910629 2.815680
 178.780008 3.063837 2.708931
 178.980009 2.998321 2.965648
 179.180009 3.096346 2.673730
 179.380009 2.986106 2.912918
 179.580009 -3.136095 2.832188
 179.780009 3.021320 2.879162
 179.980009 3.067762 2.786029
 180.180009 3.001665 3.009331
 180.380009 2.875102 2.781669
 180.580009 3.046512 2.874551
 180.780009 3.087099 3.023920
 180.980009 -3.049136 2.825116
 181.180009 3.047877 2.926714
 181.380009 3.067245 2.820413
 181.580009 3.042191 2.890085
 181.780009 -3.051790 2.865218
 181.980009 3.063659 2.865700
 182.180009 3.133618 2.795054
 182.380009 3.072818 2.910108
 182.580009 3.084364 2.816297
 182.780009 2.991299 2.817065
 182.980009 3.079352 2.884099
 183.180009 3.005382 2.778663
 183.380009 3.046761 2.829536
 183.580009 2.994931 2.847675
 183.780009 2.981246 2.855073
 183.980009 3.127157 2.849595
 184.180009 3.076274 2.981091
 184.380009 3.134612 2.735337
 184.580009 -3.081174 2.923019
 184.780009 3.126074 2.912649
 184.980009 3.049872 2.703237
 185.180009 3.118852 2.990266
 185.380009 -3.060287 2.840526
 185.580009 2.974160 3.002181
 185.780009 3.117294 2.787775
 185.980009 3.011654 3.024942
 186.180009 -2.924465 2.758280
 186.380009 2.979802 2.919127
 186.580009 -3.115770 2.896713
 186.780009 2.910477 2.687476
 186.980009 3.113427 3.115140
 187.180009 3.047628 2.594106
 187.380009 2.899762 3.116657
 187.580009 3.120433 2.507325
 187.780009 2.890064 2.996107
 187.980009 -3.134840 2.701462
 188.180009 3.059201 2.858456
 188.380009 2.946394 2.934512
 188.580009 3.063537 2.740295
 188.780009 2.831968 3.006789
 188.980009 -3.076173 2.691403
 189.180009 3.112847 3.048929
 189.380009 -2.928062 2.841937
 189.580009 3.138848 3.023297
 189.780009 3.106273 2.919200
 189.980009 2.918486 2.869672
 190.180009 3.099410 2.935158
 190.380009 3.093432 2.851339
 190.580009 3.097109 2.941734
 190.780009 -3.091639 2.754417
 190.980009 2.974657 2.931709
 191.180009 3.047909 2.773493
 191.380009 -3.110955 2.937978
 191.580009 3.044326 2.848319
 191.780009 3.068903 2.775479
 191.980009 2.968842 2.851283
 192.180009 3.038922 2.743990
 192.380009 2.871450 2.744862
 192.580009 3.058318 2.822338
 192.780009 3.080066 2.784725
 192.980009 3.040877 2.847080
 193.180009 2.945305 2.832054
 193.380009 3.058826 2.862890
 193.580009 3.052012 2.849198
 193.780009 3.128506 2.888718
 193.980009 3.010734 2.802013
 194.180009 -3.078052 2.863971
 194.380009 3.115941 2.912446
 194.580009 -3.105634 2.795371
 194.780009 3.079084 2.881583
 194.980009 -3.076096 2.919612
 195.180009 -3.115975 2.840276
 195.380009 3.039675 2.894536
 195.580009 2.998380 2.847536
 195.780009 2.943234 2.874724
 195.980009 3.086694 2.772785
 196.180009 3.018289 2.929566
 196.380009 -3.048692 2.782572
 196.580009 -3.017343 2.975111
 196.780009 3.104666 2.788101
 196.980009 3.004950 2.828374
 197.180009 3.092590 2.860405
 197.380009 -3.024406 2.782255
 197.580009 3.046811 2.920253
 197.780009 3.028582 2.723133
 197.980009 3.076232 2.947806
 198.180009 3.084779 2.736542
 198.380009 3.050146 2.858844
 198.580009 3.131740 2.805002
 198.780009 3.116264 2.883643
 198.980009 3.061787 2.761815
 199.180009 3.042629 2.892972
 199.380009 2.937522 2.790845
 199.580009 2.991512 2.844062
 199.780009 3.135066 2.912727
 199.980009 -3.089048 2.857987
