#! FIELDS time phi psi
#! SET max_psi pi
 0.180000 -1.349712 -0.694826
 0.380000 -1.141641 -0.992966
 0.580000 -0.811123 -0.555855
 0.780000 -1.397598 -1.000229
 0.980000 -0.760289 -0.413511
 1.180000 -1.306914 -1.077102
 1.380000 -1.108383 -0.773840
 1.580000 -0.932254 -0.637960
 1.780000 -1.479576 -0.953348
 1.980000 -0.885207 -0.396888
 2.180000 -1.248772 -0.977807
 2.380000 -1.057329 -0.828818
 2.580000 -0.957215 -0.477216
 2.780000 -1.368472 -0.871173
 2.980000 -0.898775 -0.657315
 3.180000 -1.367027 -0.715250
 3.380000 -1.195233 -0.935613
 3.580000 -0.793372 -0.470029
 3.780000 -1.454238 -1.002374
 3.980000 -0.888427 -0.503739
 4.180000 -1.192180 -0.862174
 4.380000 -1.135161 -0.620171
 4.580000 -0.966511 -0.708826
 4.780000 -1.278192 -0.937880
 4.980000 -1.084516 -0.375219
 5.180000 -1.137668 -0.867182
 5.380000 -1.080960 -0.833659
 5.580000 -1.139538 -0.581899
 5.780000 -1.561957 -0.810909
 5.980000 -1.124186 -0.605328
 6.180000 -1.077291 -0.943614
 6.380000 -1.248301 -0.625052
 6.580000 -1.053870 -0.460442
 6.780000 -1.153372 -1.131968
 6.980000 -1.134858 -0.610497
 7.180000 -1.197282 -0.701352
 7.380000 -1.277206 -0.803242
 7.580000 -0.867651 -0.652868
 7.780000 -1.318276 -0.698129
 7.980000 -1.139931 -0.664623
 8.180000 -0.984252 -0.777449
 8.380000 -1.437514 -0.669351
 8.580000 -0.944735 -0.670493
 8.780000 -1.239548 -0.749114
 8.980000 -1.071951 -0.697542
 9.180000 -1.062693 -0.706997
 9.380000 -1.168094 -0.882539
 9.580000 -0.969857 -0.586766
 9.780000 -1.171249 -0.809101
 9.980000 -1.218921 -0.548412
 10.180000 -1.099758 -0.813810
 10.380000 -1.163726 -0.583470
 10.580001 -0.948731 -0.799189
 10.780001 -1.097194 -0.714697
 10.980001 -1.136899 -0.781561
 11.180001 -1.161076 -0.640168
 11.380001 -1.216468 -0.777730
 11.580001 -1.038916 -0.661202
 11.780001 -1.227956 -0.808612
 11.980001 -1.241606 -0.446244
 12.180001 -1.039040 -0.869223
 12.380001 -1.086685 -0.780028
 12.580001 -1.296517 -0.615443
 12.780001 -1.276079 -0.620512
 12.980001 -1.075662 -0.761615
 13.180001 -1.357156 -0.741209
 13.380001 -1.256692 -0.449702
 13.580001 -1.132158 -0.903474
 13.780001 -1.101284 -0.789071
 13.980001 -1.230269 -0.386919
 14.180001 -1.129458 -0.893496
 14.380001 -1.112883 -0.821217
 14.580001 -1.351074 -0.516565
 14.780001 -1.220914 -0.802881
 14.980001 -1.033807 -0.616172
 15.180001 -1.283094 -0.765489
 15.380001 -1.195625 -0.489600
 15.580001 -0.881583 -0.922703
 15.780001 -1.316410 -0.932444
 15.980001 -1.024900 -0.477461
 16.180001 -1.198920 -0.852248
 16.380001 -1.019348 -0.650794
 16.580001 -1.267314 -0.536960
 16.780001 -1.230352 -0.952107
 16.980001 -0.888863 -0.642760
 17.180001 -1.435171 -0.819731
 17.380001 -1.114568 -0.587808
 17.580001 -1.107971 -0.739017
 17.780001 -1.290527 -0.788928
 17.980001 -1.143074 -0.597050
 18.180001 -1.263045 -0.823259
 18.380001 -1.120679 -0.692260
 18.580001 -1.178476 -0.590649
 18.780001 -1.189587 -0.857447
 18.980001 -1.044291 -0.554308
 19.180001 -1.230977 -0.865587
 19.380001 -1.030978 -0.703185
 19.580001 -1.301918 -0.491423
 19.780001 -1.089464 -0.873813
 19.980001 -1.064028 -0.641035
 20.180001 -1.394554 -0.818622
 20.380001 -0.999371 -0.582215
 20.580001 -1.239812 -0.825654
 20.780001 -1.162315 -0.684709
 20.980001 -1.066305 -0.545019
 21.180001 -1.261011 -0.790204
 21.380001 -0.840441 -0.735731
 21.580001 -1.225741 -0.644262
 21.780001 -1.110735 -0.850675
 21.980001 -1.067888 -0.472836
 22.180001 -1.186257 -0.953299
 22.380001 -0.974924 -0.528441
 22.580001 -1.074021 -0.787878
 22.780001 -1.121049 -0.859795
 22.980001 -1.036877 -0.534005
 23.180001 -1.354028 -0.784322
 23.380001 -1.097252 -0.572461
 23.580001 -0.922471 -0.851712
 23.780001 -1.117775 -0.792285
 23.980001 -1.080050 -0.527298
 24.180001 -1.160146 -0.769042
 24.380001 -0.988252 -0.670244
 24.580001 -1.154540 -0.688135
 24.780001 -1.058360 -0.854456
 24.980001 -0.929508 -0.586685
 25.180001 -1.214149 -0.794980
 25.380001 -0.845405 -0.640316
 25.580001 -1.109016 -0.990235
 25.780001 -1.145982 -0.456979
 25.980001 -0.975952 -0.776903
 26.180001 -0.978014 -0.766049
 26.380001 -1.133476 -0.509062
 26.580001 -1.293662 -0.567029
 26.780001 -1.090568 -1.005131
 26.980001 -1.130844 -0.587871
 27.180001 -1.383573 -0.850005
 27.380001 -1.064581 -0.483212
 27.580001 -1.148910 -1.090113
 27.780001 -1.114559 -0.459195
 27.980001 -0.921197 -0.858293
 28.180001 -1.118938 -0.794627
 28.380001 -1.069228 -0.617355
 28.580001 -1.067037 -0.707774
 28.780001 -0.928006 -1.000531
 28.980001 -1.222437 -0.241622
 29.180001 -1.221408 -0.965691
 29.380001 -0.945713 -0.660399
 29.580001 -1.478501 -0.779392
 29.780001 -1.116918 -0.542986
 29.980001 -0.925030 -0.934564
 30.180001 -1.220247 -0.605272
 30.380001 -1.064287 -0.626794
 30.580001 -1.032005 -0.804972
 30.780001 -1.153001 -0.889164
 30.980001 -1.039046 -0.437992
 31.180001 -1.010963 -0.997155
 31.380001 -0.939357 -0.521205
 31.580001 -1.240558 -0.820479
 31.780002 -1.230214 -0.645411
 31.980002 -0.856427 -0.819431
 32.180002 -1.155177 -0.781282
 32.380002 -0.966280 -0.472396
 32.580002 -1.066566 -0.890791
 32.780002 -0.893753 -0.706562
 32.980002 -0.930005 -0.709588
 33.180002 -1.226366 -0.775228
 33.380002 -0.786983 -0.598875
 33.580002 -1.055473 -0.908797
 33.780002 -0.801552 -0.666259
 33.980002 -1.128909 -0.790159
 34.180002 -1.053107 -0.889493
 34.380002 -0.860429 -0.553631
 34.580002 -1.148889 -0.959847
 34.780002 -0.868101 -0.586751
 34.980002 -1.151551 -0.865286
 35.180002 -0.920087 -0.739715
 35.380002 -1.108686 -0.560757
 35.580002 -1.052853 -0.770450
 35.780002 -0.702933 -0.751800
 35.980002 -1.248954 -0.616257
 36.180002 -0.995903 -0.772562
 36.380002 -1.001971 -0.670389
 36.580002 -1.230354 -0.856289
 36.780002 -1.216306 -0.459890
 36.980002 -1.079870 -0.920524
 37.180002 -0.993687 -0.635770
 37.380002 -1.199771 -0.678707
 37.580002 -1.104766 -0.771357
 37.780002 -1.044727 -0.713406
 37.980002 -1.209725 -0.753997
 38.180002 -1.119287 -0.572153
 38.380002 -1.129042 -0.737767
 38.580002 -1.082747 -0.731163
 38.780002 -1.021842 -0.633815
 38.980002 -1.063934 -1.010585
 39.180002 -1.156242 -0.544510
 39.380002 -1.083312 -0.737096
 39.580002 -1.220551 -0.705412
 39.780002 -1.099085 -0.638679
 39.980002 -1.236340 -1.105654
 40.180002 -1.161394 -0.399149
 40.380002 -0.978708 -0.897120
 40.580002 -0.984570 -0.783550
 40.780002 -1.184776 -0.619970
 40.980002 -1.398558 -0.768074
 41.180002 -1.132822 -0.649080
 41.380002 -1.248000 -0.706657
 41.580002 -1.067954 -0.798964
 41.780002 -1.115627 -0.510951
 41.980002 -1.241059 -0.913405
 42.180002 -1.022763 -0.650830
 42.380002 -1.273444 -0.832093
 42.580002 -1.196689 -0.613336
 42.780002 -1.170095 -0.747452
 42.980002 -1.091651 -0.693021
 43.180002 -1.147085 -0.762430
 43.380002 -1.235450 -0.657583
 43.580002 -1.074997 -0.688538
 43.780002 -1.305441 -0.651501
 43.980002 -1.065448 -0.778931
 44.180002 -1.223469 -0.617760
 44.380002 -1.224847 -0.677748
 44.580002 -1.082997 -0.781020
 44.780002 -1.133846 -0.782130
 44.980002 -1.151782 -0.540451
 45.180002 -1.165886 -0.697532
 45.380002 -0.939727 -0.876268
 45.580002 -1.143565 -0.810959
 45.780002 -1.191549 -0.669778
 45.980002 -1.164021 -0.663248
 46.180002 -0.983420 -0.799862
 46.380002 -1.191885 -0.624451
 46.580002 -1.188996 -0.567600
 46.780002 -0.932121 -0.913536
 46.980002 -1.187532 -0.653395
 47.180002 -1.312957 -0.515676
 47.380002 -1.149946 -0.723372
 47.580002 -0.912949 -0.886092
 47.780002 -1.263108 -0.547479
 47.980002 -1.207757 -0.705986
 48.180002 -1.241846 -0.648631
 48.380002 -1.039655 -0.805044
 48.580002 -1.303224 -0.533275
 48.780002 -1.055060 -0.799694
 48.980002 -1.135742 -0.685643
 49.180002 -1.278766 -0.644984
 49.380002 -1.073651 -0.710774
 49.580002 -1.156036 -0.723061
 49.780002 -1.064490 -0.555869
 49.980002 -1.052777 -0.689791
 50.180002 -1.030289 -0.822841
 50.380002 -1.157276 -0.639047
 50.580002 -1.207506 -0.583538
 50.780002 -0.830031 -0.781565
 50.980002 -1.083632 -0.765011
 51.180002 -1.131833 -0.625399
 51.380002 -1.069144 -0.697959
 51.580002 -1.152421 -0.713431
 51.780002 -1.027128 -0.736493
 51.980002 -1.101824 -0.649230
 52.180002 -1.057058 -0.811985
 52.380002 -0.889165 -0.696176
 52.580002 -1.299702 -0.660750
 52.780003 -0.984877 -0.628463
 52.980003 -1.101872 -0.966706
 53.180003 -1.075890 -0.585629
 53.380003 -1.062701 -0.601368
 53.580003 -0.974757 -0.842913
 53.780003 -1.122913 -0.717564
 53.980003 -1.158393 -0.538083
 54.180003 -1.151305 -0.837232
 54.380003 -1.040890 -0.651523
 54.580003 -1.214920 -0.761557
 54.780003 -0.812579 -0.716382
 54.980003 -1.227251 -0.809013
 55.180003 -1.114423 -0.595819
 55.380003 -1.199067 -0.758026
 55.580003 -1.196728 -0.591770
 55.780003 -1.073133 -0.953483
 55.980003 -1.064659 -0.474472
 56.180003 -0.951953 -0.924952
 56.380003 -1.191061 -0.411706
 56.580003 -1.056504 -0.861727
 56.780003 -1.197004 -0.554682
 56.980003 -0.924208 -0.911338
 57.180003 -1.082076 -0.574191
 57.380003 -1.173481 -0.818868
 57.580003 -1.078938 -0.548631
 57.780003 -1.121578 -1.004355
 57.980003 -1.099120 -0.353069
 58.180003 -1.048831 -0.985133
 58.380003 -1.064225 -0.551188
 58.580003 -1.267631 -0.787359
 58.780003 -1.051819 -0.722030
 58.980003 -1.128693 -0.883460
 59.180003 -1.099025 -0.533244
 59.380003 -0.994725 -0.925115
 59.580003 -1.026041 -0.527649
 59.780003 -1.209190 -0.964036
 59.980003 -1.033490 -0.654056
 60.180003 -1.139464 -0.812254
 60.380003 -1.131715 -0.553560
 60.580003 -1.012834 -0.821606
 60.780003 -1.206448 -0.547826
 60.980003 -1.074159 -0.932139
 61.180003 -1.050760 -0.539749
 61.380003 -0.943968 -0.934578
 61.580003 -1.194755 -0.398194
 61.780003 -1.107177 -0.887122
 61.980003 -1.107399 -0.790924
 62.180003 -1.215610 -0.779790
 62.380003 -1.187355 -0.651143
 62.580003 -0.949230 -0.890147
 62.780003 -1.230468 -0.555570
 62.980003 -1.159351 -0.685271
 63.180003 -1.090283 -0.667699
 63.380003 -1.220655 -0.762637
 63.580003 -1.121452 -0.582172
 63.780003 -1.239681 -0.783377
 63.980003 -0.950837 -0.846930
 64.180003 -1.077790 -0.630564
 64.380003 -1.388782 -0.624111
 64.580003 -1.083760 -0.793310
 64.780003 -1.123705 -0.703723
 64.980003 -1.174661 -0.720763
 65.180003 -1.050903 -0.517153
 65.380003 -1.160120 -0.832101
 65.580003 -0.985441 -0.701297
 65.780003 -1.287707 -0.657589
 65.980003 -1.166623 -0.673089
 66.180003 -1.043961 -0.784676
 66.380003 -1.240129 -0.542379
 66.580003 -1.138312 -0.625811
 66.780003 -0.920578 -0.890778
 66.980003 -1.333424 -0.663827
 67.180003 -1.086300 -0.605508
 67.380003 -1.040282 -0.996006
 67.580003 -1.304608 -0.495619
 67.780003 -1.164290 -0.766329
 67.980003 -1.115332 -0.645508
 68.180003 -0.962490 -0.765946
 68.380003 -1.299431 -0.702276
 68.580003 -1.122406 -0.638393
 68.780003 -1.041889 -0.789315
 68.980003 -1.201147 -0.769800
 69.180003 -1.231168 -0.376552
 69.380003 -1.140155 -0.946075
 69.580003 -1.083291 -0.542040
 69.780003 -1.210420 -0.827827
 69.980003 -1.240263 -0.597030
 70.180003 -1.140711 -0.820720
 70.380003 -1.143836 -0.729984
 70.580003 -1.199959 -0.567326
 70.780003 -1.156828 -0.736868
 70.980003 -1.083824 -0.914059
 71.180003 -1.168267 -0.474551
 71.380003 -1.264328 -0.783752
 71.580003 -1.076110 -0.572532
 71.780003 -1.243673 -0.864697
 71.980003 -1.081362 -0.597630
 72.180003 -1.227809 -0.713585
 72.380003 -1.173780 -0.660595
 72.580003 -1.143910 -0.678800
 72.780003 -1.174363 -0.762158
 72.980003 -0.992054 -0.734684
 73.180003 -1.106167 -0.658189
 73.380003 -1.150409 -0.885188
 73.580003 -1.055258 -0.448462
 73.780004 -1.154379 -0.928436
 73.980004 -1.022660 -0.573728
 74.180004 -1.128815 -0.836396
 74.380004 -1.120134 -0.613731
 74.580004 -1.007274 -0.774473
 74.780004 -1.305976 -0.589357
 74.980004 -0.897031 -0.831026
 75.180004 -0.962131 -0.777265
 75.380004 -1.118401 -0.646724
 75.580004 -1.107779 -0.568690
 75.780004 -1.204384 -0.939264
 75.980004 -0.926094 -0.602258
 76.180004 -1.335103 -0.894843
 76.380004 -1.157352 -0.532789
 76.580004 -0.997145 -0.797655
 76.780004 -1.205949 -0.589778
 76.980004 -0.946255 -0.696681
 77.180004 -1.181239 -0.748330
 77.380004 -1.167879 -0.804203
 77.580004 -1.061731 -0.649560
 77.780004 -1.197309 -0.812186
 77.980004 -0.990147 -0.552715
 78.180004 -1.012164 -0.927099
 78.380004 -0.968298 -0.606402
 78.580004 -1.003695 -0.870273
 78.780004 -1.045452 -0.617234
 78.980004 -0.941269 -0.839466
 79.180004 -1.144689 -0.605461
 79.380004 -0.868665 -0.667351
 79.580004 -1.004018 -0.673903
 79.780004 -1.209325 -0.802373
 79.980004 -0.978688 -0.655477
 80.180004 -1.202404 -0.922189
 80.380004 -1.003760 -0.498009
 80.580004 -0.930424 -0.977304
 80.780004 -0.946225 -0.589901
 80.980004 -0.980566 -0.794913
 81.180004 -1.217703 -0.656690
 81.380004 -0.974401 -0.809558
 81.580004 -1.071325 -0.635016
 81.780004 -1.134456 -0.769644
 81.980004 -1.023699 -0.538766
 82.180004 -1.241489 -0.964938
 82.380004 -1.003985 -0.634404
 82.580004 -1.059010 -0.844597
 82.780004 -1.129757 -0.588717
 82.980004 -0.884683 -0.836131
 83.180004 -1.204407 -0.735954
 83.380004 -1.169395 -0.578035
 83.580004 -1.224000 -0.638331
 83.780004 -0.861692 -1.073335
 83.980004 -1.235687 -0.489574
 84.180004 -1.271713 -0.636354
 84.380004 -1.059146 -0.807120
 84.580004 -0.991214 -0.842957
 84.780004 -1.230186 -0.593271
 84.980004 -1.218039 -0.557934
 85.180004 -1.142838 -0.744638
 85.380004 -1.164314 -0.789556
 85.580004 -1.422722 -0.581038
 85.780004 -1.123956 -0.766429
 85.980004 -1.100794 -0.781210
 86.180004 -1.269423 -0.510861
 86.380004 -1.145091 -0.694973
 86.580004 -1.014146 -0.854135
 86.780004 -1.403686 -0.640406
 86.980004 -1.292128 -0.638557
 87.180004 -1.255550 -0.708472
 87.380004 -1.077362 -0.749955
 87.580004 -1.195959 -0.592060
 87.780004 -1.117469 -0.715092
 87.980004 -0.985410 -0.815408
 88.180004 -1.232581 -0.696085
 88.380004 -1.143422 -0.663959
 88.580004 -1.230356 -0.722029
 88.780004 -1.023080 -0.604246
 88.980004 -0.972132 -0.867221
 89.180004 -1.017311 -0.675140
 89.380004 -1.189567 -0.727661
 89.580004 -1.034136 -0.662006
 89.780004 -1.015827 -0.706902
 89.980004 -1.138602 -0.705821
 90.180004 -1.145992 -0.740217
 90.380004 -1.192068 -0.732245
 90.580004 -1.067121 -0.783958
 90.780004 -0.787723 -0.707892
 90.980004 -1.157381 -0.843873
 91.180004 -1.107661 -0.452606
 91.380004 -1.250193 -0.916779
 91.580004 -1.036171 -0.836684
 91.780004 -0.890799 -0.724557
 91.980004 -1.103527 -0.509834
 92.180004 -1.047506 -0.799147
 92.380004 -1.246192 -0.670337
 92.580004 -1.093570 -0.957767
 92.780004 -1.052146 -0.780328
 92.980004 -1.217059 -0.762862
 93.180004 -1.096364 -0.496550
 93.380004 -1.022589 -0.784707
 93.580004 -0.984608 -0.689726
 93.780004 -1.024952 -0.820458
 93.980004 -1.124971 -0.671567
 94.180004 -1.011008 -0.816872
 94.380004 -1.144614 -0.441726
 94.580004 -1.038926 -0.855905
 94.780005 -1.156449 -0.564010
 94.980005 -1.190646 -0.828462
 95.180005 -1.043375 -0.761218
 95.380005 -1.052086 -0.813122
 95.580005 -1.208213 -0.446600
 95.780005 -0.863927 -0.937374
 95.980005 -1.102701 -0.563365
 96.180005 -1.212186 -0.845349
 96.380005 -1.008491 -0.734884
 96.580005 -1.239549 -0.764702
 96.780005 -1.002872 -0.554905
 96.980005 -1.055213 -0.841288
 97.180005 -1.180904 -0.586255
 97.380005 -0.983435 -0.713248
 97.580005 -1.138676 -0.705917
 97.780005 -0.933595 -0.709905
 97.980005 -1.159226 -0.594224
 98.180005 -1.047893 -0.745472
 98.380005 -1.015783 -0.749894
 98.580005 -1.236485 -0.649877
 98.780005 -0.973613 -0.673576
 98.980005 -1.026304 -0.803172
 99.180005 -1.197503 -0.692058
 99.380005 -1.047797 -0.570339
 99.580005 -0.983520 -0.920944
 99.780005 -1.190989 -0.591906
 99.980005 -1.018318 -0.693641
 100.180005 -1.115171 -0.812871
 100.380005 -0.973579 -0.658208
 100.580005 -1.317936 -0.579026
 100.780005 -1.099473 -0.711479
 100.980005 -0.864656 -0.899211
 101.180005 -1.346843 -0.617486
 101.380005 -1.033949 -0.509754
 101.580005 -1.106960 -0.956910
 101.780005 -1.145342 -0.374126
 101.980005 -1.250587 -0.739028
 102.180005 -1.039403 -0.824394
 102.380005 -0.950332 -0.745234
 102.580005 -1.232932 -0.703326
 102.780005 -1.041442 -0.569262
 102.980005 -1.253074 -0.685317
 103.180005 -1.133758 -0.936944
 103.380005 -1.125385 -0.423699
 103.580005 -1.220244 -0.904012
 103.780005 -0.934193 -0.637566
 103.980005 -1.213787 -0.795540
 104.180005 -1.210759 -0.648082
 104.380005 -1.087005 -0.726976
 104.580005 -1.219947 -0.721295
 104.780005 -1.095972 -0.796045
 104.980005 -1.062327 -0.603196
 105.180005 -1.126959 -0.898397
 105.380005 -1.260233 -0.439632
 105.580005 -1.350422 -0.930982
 105.780005 -1.168353 -0.700121
 105.980005 -1.141062 -0.631639
 106.180005 -1.202859 -0.630915
 106.380005 -1.008328 -0.681707
 106.580005 -1.176419 -0.679958
 106.780005 -1.107342 -0.781881
 106.980005 -1.183993 -0.558042
 107.180005 -1.353432 -1.010559
 107.380005 -1.125171 -0.365903
 107.580005 -1.102783 -0.898252
 107.780005 -1.083849 -0.738815
 107.980005 -1.004086 -0.547213
 108.180005 -1.207757 -0.867379
 108.380005 -0.965037 -0.702426
 108.580005 -1.199306 -0.700370
 108.780005 -1.050115 -0.919337
 108.980005 -0.956962 -0.535753
 109.180005 -1.074916 -1.017738
 109.380005 -1.069852 -0.455772
 109.580005 -1.225424 -0.836452
 109.780005 -1.099807 -0.849948
 109.980005 -1.257317 -0.558362
 110.180005 -1.177122 -0.742855
 110.380005 -0.922844 -0.612184
 110.580005 -1.087661 -0.832185
 110.780005 -1.151414 -0.681695
 110.980005 -1.194622 -0.541564
 111.180005 -1.317605 -0.843368
 111.380005 -1.043203 -0.647333
 111.580005 -1.302125 -0.571831
 111.780005 -1.087225 -0.793535
 111.980005 -1.035284 -0.703986
 112.180005 -1.386483 -0.879270
 112.380005 -1.073065 -0.606802
 112.580005 -1.117629 -0.779599
 112.780005 -1.069090 -0.715661
 112.980005 -1.198927 -0.619423
 113.180005 -1.315342 -0.689975
 113.380005 -0.907499 -0.816823
 113.580005 -1.326991 -0.743433
 113.780005 -1.135199 -0.688961
 113.980005 -1.035162 -0.687885
 114.180005 -1.256929 -0.861136
 114.380005 -1.144625 -0.547287
 114.580005 -1.436748 -0.702704
 114.780005 -1.027641 -0.765255
 114.980005 -1.148928 -0.810868
 115.180005 -1.370491 -0.455574
 115.380005 -1.004088 -0.847013
 115.580005 -1.277578 -0.692111
 115.780005 -1.260469 -0.750224
 115.980006 -1.000709 -0.700567
 116.180006 -1.262552 -0.852084
 116.380006 -1.112066 -0.551745
 116.580006 -1.341282 -0.811579
 116.780006 -1.165414 -0.630951
 116.980006 -1.129134 -0.806401
 117.180006 -1.392995 -0.581499
 117.380006 -1.015638 -0.661840
 117.580006 -1.222765 -0.696525
 117.780006 -1.264388 -0.685228
 117.980006 -1.052573 -0.705665
 118.180006 -1.160106 -0.933951
 118.380006 -1.007728 -0.691958
 118.580006 -1.228265 -0.691793
 118.780006 -1.014057 -0.667898
 118.980006 -1.113476 -0.693130
 119.180006 -1.054085 -0.719179
 119.380006 -0.894753 -0.753867
 119.580006 -1.021525 -0.750989
 119.780006 -0.961067 -0.747177
 119.980006 -0.998072 -0.694302
 120.180006 -1.168015 -0.683555
 120.380006 -0.907674 -0.620157
 120.580006 -0.944280 -0.925886
 120.780006 -1.018307 -0.533196
 120.980006 -1.203958 -0.639234
 121.180006 -0.880087 -0.897360
 121.380006 -1.187843 -0.663145
 121.580006 -1.218879 -0.759776
 121.780006 -0.907419 -0.786400
 121.980006 -1.089787 -0.581026
 122.180006 -1.222813 -0.708993
 122.380006 -1.147373 -0.666991
 122.580006 -1.061652 -0.888342
 122.780006 -1.136174 -0.620035
 122.980006 -1.153167 -0.679717
 123.180006 -1.021370 -0.683822
 123.380006 -1.134233 -0.790853
 123.580006 -1.276407 -0.493765
 123.780006 -1.136487 -0.813985
 123.980006 -1.096426 -0.828527
 124.180006 -1.169216 -0.596129
 124.380006 -1.102984 -0.735294
 124.580006 -1.117603 -0.666901
 124.780006 -1.100187 -0.705605
 124.980006 -1.233776 -0.915139
 125.180006 -1.119020 -0.532967
 125.380006 -1.153972 -0.890678
 125.580006 -1.133166 -0.486549
 125.780006 -1.212031 -0.767161
 125.980006 -1.085718 -0.571151
 126.180006 -1.087377 -0.760449
 126.380006 -1.142664 -0.888165
 126.580006 -1.298312 -0.557162
 126.780006 -1.164805 -0.673067
 126.980006 -1.032479 -0.787400
 127.180006 -1.313851 -0.473909
 127.380006 -1.140596 -0.854095
 127.580006 -1.016067 -0.720900
 127.780006 -1.243883 -0.733763
 127.980006 -1.203104 -0.607897
 128.180006 -1.099052 -0.648733
 128.380006 -1.020836 -0.785561
 128.580006 -1.252899 -0.635626
 128.780006 -1.235963 -0.774860
 128.980006 -1.095115 -0.676238
 129.180006 -1.284266 -0.678209
 129.380006 -1.308789 -0.446310
 129.580006 -1.282502 -0.794621
 129.780006 -1.134333 -0.804727
 129.980006 -1.061757 -0.785351
 130.180006 -1.276208 -0.477111
 130.380006 -1.206552 -0.676760
 130.580006 -0.918651 -0.822482
 130.780006 -1.331091 -0.755109
 130.980006 -1.375146 -0.549796
 131.180006 -1.253990 -0.814217
 131.380006 -1.073883 -0.644088
 131.580006 -1.210964 -0.695527
 131.780006 -1.215521 -0.634854
 131.980006 -1.061469 -0.844190
 132.180006 -1.259838 -0.831319
 132.380006 -1.271470 -0.672210
 132.580006 -1.209048 -0.584011
 132.780006 -1.057606 -0.917053
 132.980006 -1.252403 -0.450071
 133.180006 -1.234090 -0.913679
 133.380006 -0.917598 -0.745833
 133.580006 -1.289156 -0.874617
 133.780006 -1.169275 -0.450636
 133.980006 -1.070358 -0.822258
 134.180006 -0.999948 -0.723289
 134.380006 -0.942584 -0.857244
 134.580006 -1.029990 -0.564613
 134.780006 -0.940898 -0.988070
 134.980006 -1.108254 -0.501355
 135.180006 -1.118195 -0.850074
 135.380006 -1.000651 -0.624228
 135.580006 -1.231004 -0.794782
 135.780006 -0.942827 -0.652664
 135.980006 -1.005416 -0.739948
 136.180006 -1.096718 -0.585351
 136.380006 -0.953656 -0.745517
 136.580006 -1.086295 -0.626757
 136.780006 -0.963840 -0.853765
 136.980007 -1.152449 -0.665485
 137.180007 -0.910545 -0.786453
 137.380007 -1.018264 -0.683855
 137.580007 -1.156548 -0.791868
 137.780007 -0.789754 -0.597406
 137.980007 -1.110761 -0.894057
 138.180007 -0.957946 -0.643030
 138.380007 -1.077412 -0.697155
 138.580007 -0.951181 -0.837128
 138.780007 -0.999254 -0.606546
 138.980007 -1.202221 -0.733120
 139.180007 -0.962261 -0.689132
 139.380007 -0.986889 -0.778258
 139.580007 -1.223281 -0.827228
 139.780007 -1.061631 -0.421499
 139.980007 -1.099059 -1.077410
 140.180007 -0.953439 -0.493752
 140.380007 -1.252404 -0.822329
 140.580007 -1.134976 -0.784083
 140.780007 -0.953987 -0.656164
 140.980007 -1.287521 -0.712387
 141.180007 -0.913380 -0.731292
 141.380007 -1.122421 -0.578073
 141.580007 -1.204926 -0.948265
 141.780007 -1.060750 -0.451450
 141.980007 -1.271916 -0.913721
 142.180007 -1.015129 -0.546503
 142.380007 -1.102301 -0.699854
 142.580007 -1.087875 -0.768041
 142.780007 -0.836216 -0.751610
 142.980007 -1.294111 -0.643198
 143.180007 -0.910838 -0.822602
 143.380007 -1.136762 -0.608917
 143.580007 -1.168333 -0.695625
 143.780007 -1.124377 -0.642926
 143.980007 -1.133501 -0.875267
 144.180007 -1.025208 -0.603988
 144.380007 -1.072761 -0.700605
 144.580007 -1.097832 -0.668163
 144.780007 -0.968251 -0.850256
 144.980007 -1.259487 -0.514659
 145.180007 -1.047837 -0.774368
 145.380007 -1.002614 -0.878536
 145.580007 -1.016589 -0.625934
 145.780007 -1.117156 -0.683233
 145.980007 -1.188888 -0.766099
 146.180007 -1.229602 -0.615356
 146.380007 -1.250010 -0.791404
 146.580007 -1.011672 -0.661534
 146.780007 -1.065739 -0.739569
 146.980007 -1.147971 -0.702659
 147.180007 -1.025794 -0.598318
 147.380007 -1.257888 -0.939247
 147.580007 -1.059837 -0.484076
 147.780007 -1.209370 -0.808327
 147.980007 -1.060026 -0.647383
 148.180007 -0.982299 -0.739576
 148.380007 -1.226319 -0.723420
 148.580007 -0.875492 -0.700394
 148.780007 -1.315127 -0.777115
 148.980007 -1.034463 -0.693557
 149.180007 -1.225381 -0.568641
 149.380007 -1.045743 -0.907168
 149.580007 -1.140871 -0.440199
 149.780007 -1.245722 -1.081939
 149.980007 -0.929448 -0.610945
 150.180007 -1.243061 -0.832482
 150.380007 -1.094800 -0.661364
 150.580007 -1.175062 -0.654453
 150.780007 -1.343559 -0.788282
 150.980007 -1.000888 -0.762867
 151.180007 -1.345021 -0.664550
 151.380007 -1.185999 -0.700076
 151.580007 -1.019621 -0.635792
 151.780007 -1.291469 -1.029069
 151.980007 -1.167895 -0.308937
 152.180007 -1.220119 -1.091062
 152.380007 -1.074417 -0.580309
 152.580007 -1.088698 -0.785828
 152.780007 -1.200062 -0.751199
 152.980007 -1.138633 -0.534760
 153.180007 -1.238581 -0.753943
 153.380007 -0.883391 -0.880614
 153.580007 -1.106102 -0.527690
 153.780007 -1.092403 -0.951262
 153.980007 -1.018452 -0.484447
 154.180007 -1.345014 -0.856474
 154.380007 -1.064540 -0.554139
 154.580007 -1.088111 -0.736233
 154.780007 -1.107014 -0.726181
 154.980007 -0.973905 -0.721033
 155.180007 -1.194358 -0.825622
 155.380007 -1.063645 -0.712347
 155.580007 -1.299900 -0.602407
 155.780007 -1.021159 -0.948836
 155.980007 -1.015005 -0.536127
 156.180007 -1.328101 -0.843802
 156.380007 -1.056046 -0.692167
 156.580007 -1.137499 -0.802013
 156.780007 -1.175096 -0.658499
 156.980007 -0.990608 -0.595181
 157.180007 -1.180659 -0.906670
 157.380007 -1.027973 -0.666952
 157.580007 -1.219358 -0.684556
 157.780007 -1.196070 -0.855277
 157.980008 -0.999762 -0.536894
 158.180008 -1.196893 -0.911664
 158.380008 -1.131160 -0.613688
 158.580008 -1.146510 -0.668887
 158.780008 -1.278902 -0.827501
 158.980008 -0.943854 -0.635554
 159.180008 -1.257354 -0.782329
 159.380008 -1.080418 -0.648926
 159.580008 -0.985024 -0.696224
 159.780008 -1.293168 -0.809520
 159.980008 -1.095457 -0.601583
 160.180008 -1.213999 -0.753077
 160.380008 -1.099982 -0.741058
 160.580008 -1.084509 -0.477246
 160.780008 -1.212370 -0.918145
 160.980008 -1.102549 -0.617871
 161.180008 -1.258821 -0.822367
 161.380008 -1.063753 -0.666402
 161.580008 -1.058799 -0.824573
 161.780008 -1.221760 -0.610829
 161.980008 -1.058326 -0.628240
 162.180008 -1.201838 -0.820243
 162.380008 -1.053003 -0.875062
 162.580008 -1.275725 -0.448168
 162.780008 -1.158828 -0.763816
 162.980008 -0.917262 -0.716120
 163.180008 -1.385237 -0.682785
 163.380008 -1.328866 -0.690517
 163.580008 -1.115776 -0.719357
 163.780008 -1.237471 -0.701790
 163.980008 -1.103221 -0.561871
 164.180008 -1.248677 -0.784908
 164.380008 -1.073395 -0.811599
 164.580008 -1.316046 -0.565836
 164.780008 -1.333144 -0.721404
 164.980008 -0.985035 -0.715396
 165.180008 -1.257228 -0.591074
 165.380008 -1.028187 -0.805363
 165.580008 -1.187956 -0.770547
 165.780008 -1.222928 -0.667468
 165.980008 -1.106414 -0.570051
 166.180008 -1.059484 -0.911788
 166.380008 -1.077040 -0.517843
 166.580008 -1.177448 -0.838485
 166.780008 -1.082010 -0.680643
 166.980008 -1.035975 -0.815910
 167.180008 -1.323267 -0.625835
 167.380008 -1.108905 -0.693377
 167.580008 -1.029822 -0.700634
 167.780008 -1.296248 -0.780472
 167.980008 -1.030302 -0.501024
 168.180008 -1.099347 -0.998196
 168.380008 -1.112350 -0.584159
 168.580008 -1.160142 -0.762450
 168.780008 -1.226694 -0.745475
 168.980008 -1.088885 -0.685833
 169.180008 -1.225891 -0.770173
 169.380008 -1.007051 -0.793462
 169.580008 -1.154870 -0.568251
 169.780008 -1.111617 -0.902662
 169.980008 -0.919975 -0.657020
 170.180008 -1.332148 -0.800339
 170.380008 -1.055819 -0.579745
 170.580008 -1.137286 -0.744343
 170.780008 -1.142096 -0.695176
 170.980008 -0.951970 -0.794148
 171.180008 -1.081960 -0.645305
 171.380008 -1.191486 -0.700719
 171.580008 -1.175082 -0.577539
 171.780008 -1.149361 -0.994757
 171.980008 -1.004916 -0.602152
 172.180008 -1.233715 -0.894951
 172.380008 -1.069001 -0.381766
 172.580008 -1.080112 -0.831322
 172.780008 -1.223076 -0.774068
 172.980008 -1.155049 -0.600115
 173.180008 -1.203867 -0.696442
 173.380008 -0.989218 -0.858861
 173.580008 -1.135876 -0.636252
 173.780008 -1.286086 -0.663734
 173.980008 -1.043386 -0.671082
 174.180008 -1.130627 -0.800720
 174.380008 -1.246677 -0.609825
 174.580008 -1.112393 -0.864115
 174.780008 -0.955223 -0.846909
 174.980008 -1.250482 -0.503370
 175.180008 -1.156976 -0.735133
 175.380008 -1.041886 -0.694382
 175.580008 -1.282834 -0.774094
 175.780008 -1.217385 -0.729567
 175.980008 -0.999370 -0.748442
 176.180008 -1.069824 -0.832178
 176.380008 -1.164361 -0.368098
 176.580008 -0.980386 -0.927258
 176.780008 -1.116992 -0.825593
 176.980008 -1.121077 -0.592877
 177.180008 -1.098125 -0.693019
 177.380008 -0.881789 -0.740673
 177.580008 -1.153684 -0.768724
 177.780008 -1.117168 -0.594240
 177.980008 -0.828369 -0.852714
 178.180008 -1.093045 -0.838923
 178.380008 -0.983477 -0.401267
 178.580008 -0.987152 -0.939991
 178.780008 -0.953039 -0.778713
 178.980009 -1.047292 -0.649912
 179.180009 -1.185935 -0.619914
 179.380009 -0.763899 -0.728538
 179.580009 -1.003594 -0.866384
 179.780009 -1.167475 -0.558052
 179.980009 -1.006324 -0.591885
 180.180009 -0.986868 -1.013763
 180.380009 -0.901989 -0.391868
 180.580009 -1.132794 -0.956281
 180.780009 -0.876536 -0.570090
 180.980009 -0.899745 -0.775080
 181.180009 -1.102161 -0.764928
 181.380009 -0.892982 -0.520713
 181.580009 -1.123998 -0.863386
 181.780009 -0.914863 -0.573005
 181.980009 -1.120448 -0.573076
 182.180009 -1.117136 -1.051965
 182.380009 -0.845675 -0.526387
 182.580009 -1.367643 -0.700573
 182.780009 -0.953208 -0.762285
 182.980009 -0.961160 -0.844599
 183.180009 -1.267758 -0.735923
 183.380009 -0.891763 -0.521570
 183.580009 -1.049776 -0.963830
 183.780009 -0.954426 -0.574750
 183.980009 -1.170123 -0.830649
 184.180009 -1.123927 -0.690717
 184.380009 -1.010344 -0.672886
 184.580009 -1.279870 -0.831645
 184.780009 -0.986994 -0.611919
 184.980009 -1.107832 -0.893382
 185.180009 -1.296567 -0.572147
 185.380009 -1.055425 -0.541906
 185.580009 -1.272113 -0.918988
 185.780009 -1.051294 -0.446146
 185.980009 -1.282110 -0.806332
 186.180009 -1.105228 -0.805717
 186.380009 -1.043725 -0.472472
 186.580009 -1.356907 -0.787548
 186.780009 -1.000258 -0.561499
 186.980009 -1.075761 -1.005885
 187.180009 -1.356913 -0.632999
 187.380009 -1.204379 -0.620175
 187.580009 -1.063365 -0.970527
 187.780009 -1.173207 -0.630912
 187.980009 -1.262015 -0.551563
 188.180009 -1.078371 -0.861456
 188.380009 -1.247550 -0.507101
 188.580009 -1.455102 -0.768076
 188.780009 -0.998565 -0.660443
 188.980009 -1.215152 -0.705207
 189.180009 -1.096338 -0.813356
 189.380009 -1.037692 -0.550714
 189.580009 -1.278519 -0.719202
 189.780009 -1.042668 -0.771458
 189.980009 -1.254992 -0.596005
 190.180009 -1.218455 -0.861448
 190.380009 -0.985906 -0.670118
 190.580009 -1.215200 -0.771809
 190.780009 -0.986513 -0.539711
 190.980009 -0.962252 -0.911491
 191.180009 -1.309700 -0.589693
 191.380009 -0.985148 -0.658190
 191.580009 -1.090494 -0.876296
 191.780009 -1.204863 -0.499580
 191.980009 -0.996574 -0.737267
 192.180009 -0.969834 -0.818967
 192.380009 -0.869482 -0.696875
 192.580009 -1.211744 -0.798115
 192.780009 -1.095359 -0.629091
 192.980009 -1.122679 -0.669263
 193.180009 -1.135895 -0.810639
 193.380009 -1.102021 -0.653736
 193.580009 -1.194586 -0.784318
 193.780009 -1.029399 -0.738201
 193.980009 -1.226765 -0.596107
 194.180009 -1.165559 -0.755787
 194.380009 -1.000046 -0.661382
 194.580009 -1.104058 -0.741059
 194.780009 -1.230552 -0.684793
 194.980009 -1.213372 -0.626534
 195.180009 -1.112242 -0.852945
 195.380009 -1.097731 -0.565173
 195.580009 -1.250572 -0.709153
 195.780009 -0.980560 -0.723655
 195.980009 -1.015986 -0.764950
 196.180009 -1.223847 -0.641145
 196.380009 -1.240538 -0.609581
 196.580009 -1.066788 -0.938606
 196.780009 -1.030101 -0.608879
 196.980009 -1.136880 -0.665917
 197.180009 -1.014064 -0.756423
 197.380009 -1.146968 -0.711207
 197.580009 -1.225764 -0.550656
 197.780009 -1.092803 -0.828813
 197.980009 -1.066440 -0.583476
 198.180009 -1.246176 -0.794974
 198.380009 -0.933121 -0.609032
 198.580009 -1.112017 -0.858724
 198.780009 -1.297915 -0.652891
 198.980009 -0.957661 -0.727595
 199.180009 -1.193756 -0.669968
 199.380009 -1.207319 -0.665664
 199.580009 -1.149203 -0.724035
 199.780009 -1.041110 -0.756964
 199.980009 -1.182579 -0.673484
