#! FIELDS time phi psi
#! SET max_psi pi
 0.180000 0.087546 -1.903163
 0.380000 0.201502 -1.307596
 0.580000 -0.196210 -1.864980
 0.780000 0.555796 -1.453090
 0.980000 0.478295 -1.959934
 1.180000 0.175926 -1.418643
 1.380000 0.148413 -1.800428
 1.580000 0.624283 -1.557271
 1.780000 0.008275 -1.601663
 1.980000 -0.317530 -1.293454
 2.180000 0.319678 -1.661743
 2.380000 0.118110 -1.430677
 2.580000 -0.312404 -1.541773
 2.780000 0.373008 -1.530361
 2.980000 0.199256 -1.615847
 3.180000 -0.181280 -1.581847
 3.380000 0.292074 -1.831297
 3.580000 0.747029 -1.687959
 3.780000 0.024394 -1.683919
 3.980000 0.069028 -1.699913
 4.180000 0.480861 -1.702960
 4.380000 0.312679 -1.541922
 4.580000 -0.017510 -1.434296
 4.780000 0.254593 -1.735103
 4.980000 0.193976 -1.520473
 5.180000 -0.290768 -1.523980
 5.380000 0.159161 -1.514582
 5.580000 0.485178 -1.692409
 5.780000 -0.001119 -1.619964
 5.980000 0.034542 -1.502720
 6.180000 0.607166 -1.730123
 6.380000 0.177673 -1.622341
 6.580000 -0.116122 -1.460678
 6.780000 0.460553 -1.713076
 6.980000 0.124859 -1.612835
 7.180000 -0.152867 -1.563849
 7.380000 0.278772 -1.611581
 7.580000 0.553789 -1.566732
 7.780000 -0.086812 -1.461368
 7.980000 0.200743 -1.681502
 8.180000 0.451417 -1.642768
 8.380000 -0.028019 -1.548292
 8.580000 0.170167 -1.526360
 8.780000 0.378376 -1.822765
 8.980000 0.190629 -1.517397
 9.180000 -0.092511 -1.688878
 9.380000 0.493063 -1.458697
 9.580000 0.312729 -1.692088
 9.780000 0.047208 -1.643980
 9.980000 0.252308 -1.528938
 10.180000 0.417023 -1.702230
 10.380000 0.070134 -1.591637
 10.580001 -0.047243 -1.741820
 10.780001 0.473128 -1.636254
 10.980001 0.318383 -1.638802
 11.180001 0.121366 -1.658537
 11.380001 0.240942 -1.642915
 11.580001 0.115478 -1.473745
 11.780001 0.122498 -1.662793
 11.980001 0.201713 -1.620099
 12.180001 0.163880 -1.593861
 12.380001 -0.020977 -1.601433
 12.580001 -0.013203 -1.645762
 12.780001 0.434658 -1.545437
 12.980001 0.259782 -1.597596
 13.180001 0.087933 -1.720422
 13.380001 0.253429 -1.734347
 13.580001 0.322689 -1.601215
 13.780001 0.125446 -1.742086
 13.980001 0.276253 -1.642652
 14.180001 0.217419 -1.524670
 14.380001 0.122552 -1.538051
 14.580001 -0.056871 -1.560927
 14.780001 0.157986 -1.512836
 14.980001 0.254660 -1.688676
 15.180001 0.107501 -1.650813
 15.380001 0.146646 -1.635373
 15.580001 0.267224 -1.530376
 15.780001 0.226075 -1.704398
 15.980001 0.328898 -1.603527
 16.180001 0.312115 -1.744778
 16.380001 0.109662 -1.567186
 16.580001 -0.019819 -1.401083
 16.780001 0.235463 -1.511418
 16.980001 -0.023563 -1.614153
 17.180001 0.174154 -1.537776
 17.380001 0.285943 -1.696460
 17.580001 0.211566 -1.612908
 17.780001 0.107694 -1.723208
 17.980001 0.300150 -1.550350
 18.180001 0.403868 -1.757642
 18.380001 0.102483 -1.534186
 18.580001 0.125918 -1.767932
 18.780001 0.323772 -1.559010
 18.980001 0.316845 -1.736196
 19.180001 -0.052487 -1.375643
 19.380001 0.157001 -1.766275
 19.580001 0.399467 -1.437682
 19.780001 0.034205 -1.733802
 19.980001 -0.012641 -1.551924
 20.180001 0.333662 -1.756601
 20.380001 0.168975 -1.378511
 20.580001 0.073908 -1.823167
 20.780001 0.368114 -1.635969
 20.980001 0.324385 -1.680536
 21.180001 0.107635 -1.475442
 21.380001 0.225216 -1.828186
 21.580001 0.399484 -1.473503
 21.780001 0.036793 -1.620579
 21.980001 -0.087053 -1.503927
 22.180001 0.276117 -1.633649
 22.380001 0.234657 -1.422809
 22.580001 -0.082839 -1.675750
 22.780001 0.481093 -1.636843
 22.980001 0.368532 -1.802904
 23.180001 0.135166 -1.456765
 23.380001 0.200077 -1.742636
 23.580001 0.127629 -1.533669
 23.780001 0.089786 -1.643101
 23.980001 0.379787 -1.506160
 24.180001 0.356256 -1.710720
 24.380001 -0.039681 -1.478047
 24.580001 0.156786 -1.764388
 24.780001 0.247313 -1.574705
 24.980001 -0.052017 -1.477654
 25.180001 0.317844 -1.556403
 25.380001 0.212146 -1.680877
 25.580001 -0.039997 -1.501601
 25.780001 0.203421 -1.621010
 25.980001 0.434642 -1.681918
 26.180001 0.125160 -1.649623
 26.380001 0.198783 -1.671503
 26.580001 0.494459 -1.785111
 26.780001 0.367045 -1.521472
 26.980001 -0.032836 -1.652199
 27.180001 0.140526 -1.556758
 27.380001 0.114715 -1.577709
 27.580001 0.039898 -1.559628
 27.780001 0.531178 -1.771647
 27.980001 0.270907 -1.615370
 28.180001 0.102290 -1.626537
 28.380001 0.183162 -1.568101
 28.580001 0.418806 -1.662109
 28.780001 0.192898 -1.533614
 28.980001 -0.069156 -1.631337
 29.180001 0.265069 -1.531016
 29.380001 0.137498 -1.662296
 29.580001 -0.043328 -1.480469
 29.780001 0.228448 -1.610054
 29.980001 0.258446 -1.678300
 30.180001 0.148039 -1.613264
 30.380001 0.020971 -1.504327
 30.580001 0.379686 -1.713437
 30.780001 0.206967 -1.701556
 30.980001 0.122492 -1.470249
 31.180001 0.400379 -1.691783
 31.380001 0.137468 -1.597877
 31.580001 -0.115628 -1.683341
 31.780002 0.399926 -1.568253
 31.980002 0.318861 -1.669074
 32.180002 -0.160192 -1.493386
 32.380002 0.040087 -1.610719
 32.580002 0.515368 -1.477369
 32.780002 0.212869 -1.712569
 32.980002 -0.173147 -1.438354
 33.180002 0.199021 -1.732397
 33.380002 0.247201 -1.485446
 33.580002 0.002763 -1.755667
 33.780002 0.385022 -1.602022
 33.980002 0.368917 -1.706846
 34.180002 0.089447 -1.767824
 34.380002 0.284930 -1.499545
 34.580002 0.477170 -1.712621
 34.780002 -0.081501 -1.461500
 34.980002 -0.055820 -1.610629
 35.180002 0.661087 -1.587830
 35.380002 -0.067638 -1.592498
 35.580002 -0.216578 -1.522040
 35.780002 0.161571 -1.634389
 35.980002 0.535938 -1.569873
 36.180002 -0.105375 -1.572764
 36.380002 0.264986 -1.663495
 36.580002 0.575242 -1.765257
 36.780002 0.039674 -1.677078
 36.980002 0.275010 -1.538960
 37.180002 0.355716 -1.762934
 37.380002 -0.018012 -1.465232
 37.580002 -0.012197 -1.644612
 37.780002 0.283612 -1.504591
 37.980002 0.115926 -1.613324
 38.180002 -0.053631 -1.617985
 38.380002 0.294197 -1.566176
 38.580002 0.575117 -1.818614
 38.780002 0.180077 -1.715810
 38.980002 0.087741 -1.467532
 39.180002 0.532907 -1.749182
 39.380002 0.361535 -1.862831
 39.580002 -0.037784 -1.526048
 39.780002 0.229441 -1.471462
 39.980002 -0.007130 -1.591298
 40.180002 -0.187068 -1.494884
 40.380002 0.081621 -1.527764
 40.580002 0.521845 -1.698082
 40.780002 0.317129 -1.693195
 40.980002 0.342533 -1.717215
 41.180002 0.531657 -1.660905
 41.380002 0.225911 -1.749860
 41.580002 0.076620 -1.613384
 41.780002 0.251557 -1.603906
 41.980002 0.140968 -1.618289
 42.180002 -0.127530 -1.512112
 42.380002 0.303673 -1.623423
 42.580002 0.065459 -1.438431
 42.780002 0.035360 -1.643957
 42.980002 0.215370 -1.549331
 43.180002 0.444429 -1.674376
 43.380002 0.136424 -1.603186
 43.580002 -0.110863 -1.696306
 43.780002 0.400524 -1.700056
 43.980002 0.258460 -1.686235
 44.180002 -0.018361 -1.671175
 44.380002 0.266449 -1.568586
 44.580002 0.311348 -1.607400
 44.780002 -0.002745 -1.495650
 44.980002 0.185718 -1.619344
 45.180002 0.379128 -1.613161
 45.380002 -0.117282 -1.540640
 45.580002 0.127676 -1.604190
 45.780002 0.536270 -1.656608
 45.980002 0.244582 -1.625144
 46.180002 0.013772 -1.527515
 46.380002 0.216301 -1.591883
 46.580002 0.203905 -1.635342
 46.780002 -0.180439 -1.562204
 46.980002 0.217918 -1.512587
 47.180002 0.618975 -1.719198
 47.380002 -0.083840 -1.573114
 47.580002 0.016924 -1.451813
 47.780002 0.467387 -1.629185
 47.980002 -0.083037 -1.667705
 48.180002 -0.067714 -1.396994
 48.380002 0.295277 -1.742571
 48.580002 0.526051 -1.710474
 48.780002 -0.202400 -1.362605
 48.980002 0.198896 -1.588902
 49.180002 0.412361 -1.600112
 49.380002 0.167537 -1.699942
 49.580002 0.163335 -1.429824
 49.780002 0.446379 -1.900419
 49.980002 0.270942 -1.495301
 50.180002 -0.346067 -1.635120
 50.380002 0.253239 -1.407867
 50.580002 0.367059 -1.672574
 50.780002 0.015959 -1.568161
 50.980002 0.296870 -1.669742
 51.180002 0.346290 -1.592897
 51.380002 -0.095660 -1.722901
 51.580002 0.276606 -1.519047
 51.780002 0.599596 -1.775574
 51.980002 -0.132823 -1.555314
 52.180002 -0.026818 -1.558689
 52.380002 0.598559 -1.625925
 52.580002 0.138355 -1.624412
 52.780003 -0.169163 -1.548133
 52.980003 0.346850 -1.597489
 53.180003 0.351092 -1.540487
 53.380003 -0.140788 -1.742192
 53.580003 0.173213 -1.388128
 53.780003 0.351705 -1.732792
 53.980003 -0.090520 -1.481875
 54.180003 0.141631 -1.841011
 54.380003 0.484563 -1.581730
 54.580003 0.146870 -1.683482
 54.780003 0.034389 -1.410594
 54.980003 0.313788 -1.753788
 55.180003 0.287864 -1.423137
 55.380003 -0.387546 -1.645599
 55.580003 0.263327 -1.468731
 55.780003 0.428815 -1.806493
 55.980003 -0.064051 -1.474217
 56.180003 0.237100 -1.634179
 56.380003 0.556815 -1.717426
 56.580003 0.223648 -1.730941
 56.780003 -0.060262 -1.566023
 56.980003 0.469121 -1.602902
 57.180003 0.436822 -1.666458
 57.380003 -0.234034 -1.596941
 57.580003 -0.005180 -1.537079
 57.780003 0.329423 -1.652563
 57.980003 -0.089907 -1.487835
 58.180003 -0.033774 -1.539065
 58.380003 0.310491 -1.658402
 58.580003 0.029864 -1.610857
 58.780003 0.109712 -1.519561
 58.980003 0.564717 -1.762896
 59.180003 0.303091 -1.692716
 59.380003 0.089622 -1.575321
 59.580003 0.325101 -1.626544
 59.780003 0.278948 -1.678391
 59.980003 -0.104327 -1.546610
 60.180003 0.283929 -1.611246
 60.380003 0.269328 -1.538716
 60.580003 -0.118713 -1.458026
 60.780003 0.072172 -1.658899
 60.980003 0.386488 -1.546872
 61.180003 0.260500 -1.745274
 61.380003 -0.074237 -1.436237
 61.580003 0.381617 -1.768640
 61.780003 0.491184 -1.689308
 61.980003 -0.130744 -1.722460
 62.180003 0.342196 -1.441804
 62.380003 0.337577 -1.849516
 62.580003 -0.026121 -1.565138
 62.780003 0.059562 -1.711386
 62.980003 0.412547 -1.368118
 63.180003 0.169892 -1.733654
 63.380003 -0.031356 -1.538472
 63.580003 0.199089 -1.686654
 63.780003 0.168917 -1.462119
 63.980003 0.005877 -1.710920
 64.180003 0.316265 -1.606843
 64.380003 0.392700 -1.547412
 64.580003 0.048897 -1.651699
 64.780003 0.221305 -1.674456
 64.980003 0.551414 -1.645815
 65.180003 0.019396 -1.613273
 65.380003 0.175532 -1.645095
 65.580003 0.462831 -1.687469
 65.780003 0.089673 -1.500636
 65.980003 -0.088900 -1.588521
 66.180003 0.187324 -1.487123
 66.380003 0.284164 -1.588714
 66.580003 -0.246595 -1.522882
 66.780003 0.140165 -1.484152
 66.980003 0.682250 -1.859273
 67.180003 -0.047981 -1.544696
 67.380003 0.017574 -1.702990
 67.580003 0.504821 -1.618288
 67.780003 0.217224 -1.683159
 67.980003 0.030719 -1.560836
 68.180003 0.323744 -1.723403
 68.380003 0.406753 -1.432438
 68.580003 -0.117394 -1.567861
 68.780003 0.061481 -1.534797
 68.980003 0.255805 -1.655468
 69.180003 0.077361 -1.441388
 69.380003 -0.022159 -1.490200
 69.580003 0.479743 -1.748154
 69.780003 0.366420 -1.580477
 69.980003 -0.169073 -1.633117
 70.180003 0.499146 -1.522512
 70.380003 0.251949 -1.623833
 70.580003 -0.243639 -1.605115
 70.780003 0.152832 -1.494622
 70.980003 0.384530 -1.631655
 71.180003 -0.005330 -1.633886
 71.380003 0.077762 -1.576615
 71.580003 0.422840 -1.530035
 71.780003 0.057144 -1.578389
 71.980003 0.073039 -1.753139
 72.180003 0.541931 -1.593465
 72.380003 0.297058 -1.719123
 72.580003 -0.074535 -1.567301
 72.780003 0.343185 -1.643003
 72.980003 0.340924 -1.456034
 73.180003 -0.117303 -1.756989
 73.380003 0.260312 -1.633599
 73.580003 0.366613 -1.693916
 73.780004 -0.016408 -1.535875
 73.980004 0.159200 -1.590083
 74.180004 0.277689 -1.581343
 74.380004 0.100104 -1.613085
 74.580004 0.107557 -1.512224
 74.780004 0.394934 -1.650912
 74.980004 0.272744 -1.662943
 75.180004 -0.137144 -1.685193
 75.380004 0.271081 -1.410773
 75.580004 0.385193 -1.695066
 75.780004 -0.100037 -1.623635
 75.980004 0.164691 -1.512170
 76.180004 0.644917 -1.654389
 76.380004 -0.109814 -1.601809
 76.580004 -0.116305 -1.474051
 76.780004 0.566081 -1.731415
 76.980004 0.264589 -1.620542
 77.180004 -0.178366 -1.487429
 77.380004 0.261701 -1.798239
 77.580004 0.493040 -1.513387
 77.780004 -0.207825 -1.677790
 77.980004 0.052123 -1.418345
 78.180004 0.428170 -1.743320
 78.380004 0.002620 -1.361973
 78.580004 -0.038648 -1.517576
 78.780004 0.383917 -1.543717
 78.980004 0.274009 -1.691598
 79.180004 -0.083305 -1.516600
 79.380004 0.653312 -1.672631
 79.580004 0.429558 -1.752597
 79.780004 -0.166634 -1.673094
 79.980004 0.504005 -1.450124
 80.180004 0.438894 -1.855316
 80.380004 -0.199067 -1.513698
 80.580004 -0.099096 -1.499399
 80.780004 0.498390 -1.635607
 80.980004 -0.173623 -1.599023
 81.180004 -0.045825 -1.433880
 81.380004 0.522118 -1.632013
 81.580004 0.149909 -1.564035
 81.780004 -0.051057 -1.740957
 81.980004 0.385640 -1.578876
 82.180004 0.445588 -1.724210
 82.380004 -0.075686 -1.542559
 82.580004 0.282728 -1.766062
 82.780004 0.319976 -1.510024
 82.980004 -0.078016 -1.651703
 83.180004 0.171601 -1.399048
 83.380004 0.311694 -1.807423
 83.580004 -0.041991 -1.372956
 83.780004 0.210592 -1.657187
 83.980004 0.267067 -1.638787
 84.180004 0.058357 -1.580113
 84.380004 0.291109 -1.578350
 84.580004 0.489537 -1.776014
 84.780004 0.123217 -1.558850
 84.980004 0.005228 -1.683156
 85.180004 0.400770 -1.455007
 85.380004 0.259938 -1.753581
 85.580004 -0.028416 -1.462906
 85.780004 -0.072565 -1.577931
 85.980004 0.282460 -1.405328
 86.180004 0.084508 -1.830956
 86.380004 -0.022120 -1.507539
 86.580004 0.268004 -1.667292
 86.780004 0.214856 -1.513717
 86.980004 0.077385 -1.651858
 87.180004 0.344027 -1.540824
 87.380004 0.392126 -1.723132
 87.580004 0.150071 -1.672169
 87.780004 0.370155 -1.709316
 87.980004 0.402571 -1.698937
 88.180004 0.016187 -1.521272
 88.380004 -0.041394 -1.500503
 88.580004 0.284335 -1.625246
 88.780004 0.001526 -1.565426
 88.980004 0.059704 -1.550892
 89.180004 0.391532 -1.666610
 89.380004 0.244178 -1.602590
 89.580004 -0.029650 -1.606886
 89.780004 0.368291 -1.648534
 89.980004 0.457967 -1.765836
 90.180004 0.065990 -1.589844
 90.380004 0.254236 -1.572468
 90.580004 0.543530 -1.725877
 90.780004 0.042829 -1.733239
 90.980004 -0.169867 -1.534308
 91.180004 0.567850 -1.585815
 91.380004 0.057327 -1.516472
 91.580004 -0.107039 -1.487071
 91.780004 0.139786 -1.571620
 91.980004 -0.008274 -1.385111
 92.180004 -0.002647 -1.570543
 92.380004 0.225093 -1.501009
 92.580004 0.354721 -1.705405
 92.780004 0.071447 -1.600643
 92.980004 0.367974 -1.694706
 93.180004 0.447409 -1.615528
 93.380004 0.076416 -1.702682
 93.580004 0.144870 -1.582378
 93.780004 0.343772 -1.598955
 93.980004 0.237891 -1.540701
 94.180004 -0.024173 -1.616007
 94.380004 0.243079 -1.634784
 94.580004 0.109712 -1.622567
 94.780005 0.069644 -1.455867
 94.980005 0.326590 -1.674044
 95.180005 0.247472 -1.642488
 95.380005 0.121218 -1.689889
 95.580005 0.520631 -1.658518
 95.780005 0.596217 -1.906818
 95.980005 -0.016050 -1.501276
 96.180005 0.113695 -1.549994
 96.380005 0.588321 -1.794058
 96.580005 -0.137362 -1.570730
 96.780005 0.014681 -1.478790
 96.980005 0.324522 -1.637850
 97.180005 0.097659 -1.532428
 97.380005 -0.234490 -1.539006
 97.580005 0.316092 -1.603889
 97.780005 0.297233 -1.658509
 97.980005 -0.040208 -1.475764
 98.180005 0.338318 -1.645076
 98.380005 0.318850 -1.701459
 98.580005 0.129893 -1.679071
 98.780005 0.302794 -1.534959
 98.980005 0.261371 -1.634878
 99.180005 0.014583 -1.642780
 99.380005 0.098580 -1.594017
 99.580005 0.403416 -1.556891
 99.780005 0.112703 -1.580417
 99.980005 0.134037 -1.635765
 100.180005 0.316068 -1.607781
 100.380005 0.202374 -1.623864
 100.580005 -0.103872 -1.670437
 100.780005 0.181685 -1.577298
 100.980005 0.282896 -1.512100
 101.180005 0.101793 -1.690631
 101.380005 -0.057787 -1.672575
 101.580005 0.468184 -1.521797
 101.780005 0.339766 -1.660641
 101.980005 -0.053855 -1.689988
 102.180005 0.137371 -1.551653
 102.380005 0.519859 -1.712005
 102.580005 0.130188 -1.633047
 102.780005 0.083170 -1.594842
 102.980005 0.218160 -1.527439
 103.180005 0.138584 -1.714593
 103.380005 0.208298 -1.454120
 103.580005 0.251261 -1.759933
 103.780005 0.148101 -1.545503
 103.980005 -0.003453 -1.557745
 104.180005 0.185595 -1.482370
 104.380005 0.002905 -1.685915
 104.580005 0.071679 -1.556940
 104.780005 0.365455 -1.556736
 104.980005 0.288338 -1.693243
 105.180005 0.090465 -1.606587
 105.380005 0.270225 -1.539292
 105.580005 0.326614 -1.551387
 105.780005 -0.079221 -1.645664
 105.980005 0.146217 -1.581517
 106.180005 0.362923 -1.632834
 106.380005 -0.107207 -1.564133
 106.580005 0.087228 -1.590094
 106.780005 0.329765 -1.635777
 106.980005 0.185920 -1.691437
 107.180005 -0.003004 -1.512906
 107.380005 0.259150 -1.609220
 107.580005 0.300686 -1.606057
 107.780005 -0.107691 -1.660883
 107.980005 0.153161 -1.512062
 108.180005 0.345240 -1.681997
 108.380005 0.245403 -1.646563
 108.580005 0.010379 -1.687404
 108.780005 0.306716 -1.609049
 108.980005 0.323221 -1.736555
 109.180005 -0.051639 -1.525118
 109.380005 0.068397 -1.556715
 109.580005 0.365126 -1.598954
 109.780005 0.119841 -1.702270
 109.980005 0.033403 -1.556038
 110.180005 0.489468 -1.593368
 110.380005 0.297655 -1.683498
 110.580005 0.004518 -1.554913
 110.780005 0.348309 -1.751771
 110.980005 0.234910 -1.718972
 111.180005 -0.121661 -1.557556
 111.380005 0.355701 -1.506803
 111.580005 0.532071 -1.645237
 111.780005 -0.097307 -1.652403
 111.980005 0.262567 -1.604120
 112.180005 0.459543 -1.581274
 112.380005 0.043437 -1.574163
 112.580005 0.067416 -1.602625
 112.780005 0.280554 -1.632548
 112.980005 0.222657 -1.520596
 113.180005 -0.031244 -1.736053
 113.380005 0.273752 -1.532636
 113.580005 0.311059 -1.655654
 113.780005 0.147140 -1.609756
 113.980005 0.176408 -1.716354
 114.180005 0.430444 -1.538037
 114.380005 0.061206 -1.728040
 114.580005 -0.115246 -1.434573
 114.780005 0.209259 -1.615514
 114.980005 0.199458 -1.523495
 115.180005 -0.029703 -1.513449
 115.380005 0.189360 -1.625634
 115.580005 0.224817 -1.590376
 115.780005 -0.065132 -1.631876
 115.980006 0.276431 -1.567594
 116.180006 0.545063 -1.546249
 116.380006 -0.005589 -1.768661
 116.580006 -0.150871 -1.491077
 116.780006 0.467032 -1.649912
 116.980006 0.323522 -1.588237
 117.180006 -0.040819 -1.701044
 117.380006 0.354295 -1.555839
 117.580006 0.416994 -1.595451
 117.780006 -0.082699 -1.531084
 117.980006 0.006689 -1.643164
 118.180006 0.661912 -1.618838
 118.380006 0.193701 -1.579153
 118.580006 -0.260625 -1.459070
 118.780006 0.352478 -1.734174
 118.980006 0.193736 -1.345377
 119.180006 -0.104012 -1.584835
 119.380006 0.372048 -1.552328
 119.580006 0.274701 -1.754531
 119.780006 -0.131545 -1.293517
 119.980006 0.322553 -1.559403
 120.180006 0.475416 -1.715645
 120.380006 0.021873 -1.670433
 120.580006 0.061808 -1.558589
 120.780006 0.521863 -1.565913
 120.980006 0.191723 -1.629345
 121.180006 -0.069675 -1.604793
 121.380006 0.075921 -1.538425
 121.580006 0.318868 -1.543130
 121.780006 -0.080056 -1.584940
 121.980006 0.204144 -1.643917
 122.180006 0.564425 -1.628973
 122.380006 0.128118 -1.677519
 122.580006 0.089256 -1.642712
 122.780006 0.669625 -1.777419
 122.980006 0.318623 -1.662027
 123.180006 -0.031034 -1.640499
 123.380006 0.455182 -1.667091
 123.580006 0.111928 -1.399818
 123.780006 -0.065746 -1.705514
 123.980006 0.118233 -1.321682
 124.180006 0.040080 -1.711041
 124.380006 -0.078075 -1.406912
 124.580006 0.109873 -1.660876
 124.780006 0.529433 -1.507438
 124.980006 0.281501 -1.767940
 125.180006 0.148742 -1.760816
 125.380006 0.423790 -1.536674
 125.580006 0.334006 -1.743578
 125.780006 0.018398 -1.620234
 125.980006 0.366419 -1.625637
 126.180006 0.448821 -1.677004
 126.380006 -0.233056 -1.591077
 126.580006 0.040717 -1.473062
 126.780006 0.356165 -1.631239
 126.980006 -0.031584 -1.440536
 127.180006 -0.088490 -1.624251
 127.380006 0.531045 -1.615877
 127.580006 0.174041 -1.636953
 127.780006 -0.209346 -1.570252
 127.980006 0.378757 -1.672634
 128.180006 0.741201 -1.702682
 128.380006 -0.022475 -1.626143
 128.580006 0.075758 -1.640007
 128.780006 0.644359 -1.682703
 128.980006 -0.220675 -1.436124
 129.180006 -0.245552 -1.489393
 129.380006 0.465377 -1.606633
 129.580006 0.278963 -1.575364
 129.780006 -0.176791 -1.514105
 129.980006 0.529556 -1.737907
 130.180006 0.590183 -1.750587
 130.380006 -0.082463 -1.707990
 130.580006 0.273066 -1.599910
 130.780006 0.613431 -1.685715
 130.980006 -0.076090 -1.627157
 131.180006 -0.137058 -1.624958
 131.380006 0.525156 -1.541152
 131.580006 0.022720 -1.596650
 131.780006 -0.150170 -1.539728
 131.980006 0.234983 -1.649846
 132.180006 0.552803 -1.496211
 132.380006 0.034156 -1.683281
 132.580006 0.038665 -1.567798
 132.780006 0.459729 -1.739968
 132.980006 0.374424 -1.583509
 133.180006 -0.198569 -1.690111
 133.380006 0.401015 -1.572109
 133.580006 0.446065 -1.693760
 133.780006 0.010130 -1.612592
 133.980006 0.064807 -1.454057
 134.180006 0.345775 -1.522293
 134.380006 0.050398 -1.666670
 134.580006 -0.158107 -1.574516
 134.780006 0.325202 -1.405182
 134.980006 0.186780 -1.569454
 135.180006 -0.114033 -1.657133
 135.380006 0.229498 -1.815424
 135.580006 0.548632 -1.506935
 135.780006 0.231304 -1.728433
 135.980006 0.242314 -1.609765
 136.180006 0.245970 -1.694420
 136.380006 0.322093 -1.522681
 136.580006 0.233584 -1.625898
 136.780006 0.065118 -1.606633
 136.980007 0.216847 -1.581412
 137.180007 0.322447 -1.518953
 137.380007 0.193550 -1.429327
 137.580007 0.180281 -1.718057
 137.780007 0.052523 -1.517401
 137.980007 0.318713 -1.710125
 138.180007 0.429400 -1.573689
 138.380007 -0.048035 -1.612698
 138.580007 0.011689 -1.553136
 138.780007 0.228515 -1.692802
 138.980007 0.293462 -1.438337
 139.180007 -0.019325 -1.626302
 139.380007 0.158577 -1.684943
 139.580007 0.163553 -1.606762
 139.780007 0.301566 -1.476315
 139.980007 0.263539 -1.738204
 140.180007 0.249824 -1.660017
 140.380007 0.136477 -1.603035
 140.580007 0.293410 -1.510586
 140.780007 0.377015 -1.534461
 140.980007 0.065956 -1.666666
 141.180007 0.072734 -1.572313
 141.380007 0.074419 -1.427467
 141.580007 0.136226 -1.617019
 141.780007 0.115183 -1.669306
 141.980007 0.350094 -1.478638
 142.180007 0.272872 -1.682173
 142.380007 0.180659 -1.578301
 142.580007 0.308920 -1.749099
 142.780007 0.357605 -1.535604
 142.980007 0.151400 -1.716226
 143.180007 0.253029 -1.635843
 143.380007 0.270491 -1.722142
 143.580007 0.241956 -1.477635
 143.780007 0.166088 -1.687249
 143.980007 0.048779 -1.400481
 144.180007 0.085314 -1.628014
 144.380007 0.160872 -1.333462
 144.580007 0.069370 -1.769053
 144.780007 0.086445 -1.422760
 144.980007 0.195972 -1.729349
 145.180007 0.339613 -1.509580
 145.380007 -0.017697 -1.615813
 145.580007 0.247915 -1.603176
 145.780007 0.196274 -1.584764
 145.980007 0.148990 -1.558771
 146.180007 0.336718 -1.768302
 146.380007 0.417473 -1.701318
 146.580007 0.124430 -1.685244
 146.780007 0.161254 -1.581620
 146.980007 0.510491 -1.715912
 147.180007 0.260511 -1.562713
 147.380007 -0.041305 -1.624344
 147.580007 0.266242 -1.512015
 147.780007 0.160765 -1.495553
 147.980007 -0.318819 -1.487073
 148.180007 0.008949 -1.670013
 148.380007 0.523753 -1.637218
 148.580007 -0.035188 -1.594491
 148.780007 -0.053776 -1.449679
 148.980007 0.550261 -1.769920
 149.180007 0.182502 -1.521304
 149.380007 -0.255938 -1.571208
 149.580007 0.508415 -1.620808
 149.780007 0.334071 -1.569104
 149.980007 -0.220051 -1.545839
 150.180007 0.144318 -1.513789
 150.380007 0.404464 -1.664041
 150.580007 -0.153546 -1.580441
 150.780007 -0.000009 -1.427069
 150.980007 0.530120 -1.644951
 151.180007 -0.016603 -1.556481
 151.380007 -0.054643 -1.647120
 151.580007 0.406014 -1.505030
 151.780007 0.185653 -1.704672
 151.980007 -0.060242 -1.502767
 152.180007 0.413494 -1.734378
 152.380007 0.544314 -1.630034
 152.580007 -0.030130 -1.789959
 152.780007 0.341910 -1.517143
 152.980007 0.493103 -1.625037
 153.180007 -0.101822 -1.475370
 153.380007 0.173639 -1.619095
 153.580007 0.254937 -1.524739
 153.780007 0.064450 -1.584923
 153.980007 -0.035545 -1.381706
 154.180007 0.163573 -1.782120
 154.380007 0.234988 -1.364331
 154.580007 -0.319232 -1.712060
 154.780007 0.439887 -1.617259
 154.980007 0.488093 -1.671674
 155.180007 -0.345647 -1.495194
 155.380007 0.301638 -1.753004
 155.580007 0.740199 -1.729005
 155.780007 -0.044442 -1.552497
 155.980007 -0.098454 -1.532479
 156.180007 0.583747 -1.648691
 156.380007 0.099096 -1.483700
 156.580007 -0.499797 -1.506195
 156.780007 0.458214 -1.667371
 156.980007 0.568514 -1.538749
 157.180007 -0.153620 -1.546578
 157.380007 0.256903 -1.781216
 157.580007 0.615281 -1.681683
 157.780007 0.112921 -1.626696
 157.980008 0.096538 -1.497228
 158.180008 0.484462 -1.809275
 158.380008 0.294925 -1.482220
 158.580008 -0.325596 -1.441602
 158.780008 0.424679 -1.654568
 158.980008 0.285941 -1.735264
 159.180008 -0.348370 -1.403960
 159.380008 0.278455 -1.629764
 159.580008 0.638017 -1.590661
 159.780008 -0.113715 -1.611936
 159.980008 -0.023169 -1.576955
 160.180008 0.739892 -1.618781
 160.380008 0.142473 -1.605812
 160.580008 -0.166865 -1.466450
 160.780008 0.405338 -1.835595
 160.980008 0.176769 -1.587831
 161.180008 -0.216681 -1.435471
 161.380008 0.354395 -1.517514
 161.580008 0.303841 -1.643080
 161.780008 -0.304006 -1.562385
 161.980008 0.080077 -1.509408
 162.180008 0.604092 -1.634271
 162.380008 0.171578 -1.594556
 162.580008 -0.234075 -1.741078
 162.780008 0.625000 -1.608314
 162.980008 0.227354 -1.615536
 163.180008 -0.238933 -1.603090
 163.380008 0.315006 -1.651788
 163.580008 0.280222 -1.457702
 163.780008 -0.138889 -1.642255
 163.980008 0.111867 -1.574532
 164.180008 0.325452 -1.534661
 164.380008 0.032553 -1.720366
 164.580008 0.033347 -1.603307
 164.780008 0.352537 -1.680185
 164.980008 0.068563 -1.498576
 165.180008 0.033387 -1.691733
 165.380008 0.317874 -1.459304
 165.580008 0.436366 -1.711985
 165.780008 0.087843 -1.547033
 165.980008 0.203138 -1.706644
 166.180008 0.320178 -1.592364
 166.380008 0.167937 -1.641333
 166.580008 0.005397 -1.325378
 166.780008 0.288819 -1.741318
 166.980008 0.011248 -1.475431
 167.180008 -0.133500 -1.522033
 167.380008 0.364360 -1.528629
 167.580008 0.430178 -1.815580
 167.780008 -0.012176 -1.715468
 167.980008 0.230621 -1.435898
 168.180008 0.680613 -1.872313
 168.380008 -0.009057 -1.546341
 168.580008 -0.076965 -1.461894
 168.780008 0.339315 -1.490646
 168.980008 -0.176365 -1.531113
 169.180008 -0.058213 -1.634901
 169.380008 0.323443 -1.630359
 169.580008 0.215325 -1.455469
 169.780008 -0.124237 -1.611820
 169.980008 0.316057 -1.651319
 170.180008 0.385314 -1.582973
 170.380008 0.127759 -1.597259
 170.580008 0.277056 -1.710008
 170.780008 0.386985 -1.766742
 170.980008 0.258920 -1.678162
 171.180008 0.033725 -1.615769
 171.380008 0.202742 -1.415729
 171.580008 0.190093 -1.696993
 171.780008 -0.208725 -1.403734
 171.980008 0.096840 -1.556051
 172.180008 0.300599 -1.510776
 172.380008 -0.263991 -1.621762
 172.580008 -0.023398 -1.431994
 172.780008 0.679573 -1.724778
 172.980008 0.306911 -1.739153
 173.180008 -0.037634 -1.669630
 173.380008 0.641691 -1.559659
 173.580008 0.240881 -1.758969
 173.780008 -0.348003 -1.326197
 173.980008 0.041957 -1.591694
 174.180008 0.323828 -1.514275
 174.380008 -0.198177 -1.450171
 174.580008 -0.018320 -1.500362
 174.780008 0.618414 -1.694078
 174.980008 0.164965 -1.806865
 175.180008 -0.104004 -1.495738
 175.380008 0.471206 -1.760151
 175.580008 0.517345 -1.652811
 175.780008 0.009978 -1.662935
 175.980008 0.155804 -1.542694
 176.180008 0.347409 -1.709472
 176.380008 -0.205383 -1.267546
 176.580008 -0.148266 -1.702420
 176.780008 0.392344 -1.357940
 176.980008 0.099315 -1.638603
 177.180008 0.207813 -1.428844
 177.380008 0.470893 -1.968722
 177.580008 0.253758 -1.435577
 177.780008 0.116554 -1.894946
 177.980008 0.472699 -1.472854
 178.180008 0.337899 -1.922927
 178.380008 -0.017521 -1.301760
 178.580008 0.051776 -1.881000
 178.780008 0.390698 -1.487833
 178.980009 0.065821 -1.766538
 179.180009 0.159240 -1.330438
 179.380009 0.338316 -1.968019
 179.580009 0.108310 -1.420294
 179.780009 0.050910 -1.708202
 179.980009 0.312204 -1.559910
 180.180009 0.083667 -1.793556
 180.380009 0.231874 -1.651388
 180.580009 0.486055 -1.651250
 180.780009 0.206359 -1.590687
 180.980009 0.167539 -1.695146
 181.180009 0.263521 -1.540898
 181.380009 0.112688 -1.616144
 181.580009 0.140784 -1.628124
 181.780009 0.123596 -1.575614
 181.980009 0.123815 -1.423801
 182.180009 0.082034 -1.591575
 182.380009 0.187297 -1.586340
 182.580009 0.182938 -1.559160
 182.780009 0.168590 -1.572540
 182.980009 0.267871 -1.648468
 183.180009 0.210737 -1.686613
 183.380009 0.238438 -1.602981
 183.580009 0.258111 -1.717996
 183.780009 0.298767 -1.600429
 183.980009 0.093854 -1.567415
 184.180009 0.206329 -1.597589
 184.380009 0.360732 -1.676686
 184.580009 0.142004 -1.421579
 184.780009 0.002713 -1.711354
 184.980009 0.299280 -1.531766
 185.180009 0.197998 -1.588014
 185.380009 -0.007624 -1.582684
 185.580009 0.168097 -1.584521
 185.780009 0.203437 -1.638399
 185.980009 -0.014673 -1.505251
 186.180009 0.259763 -1.752272
 186.380009 0.452480 -1.534810
 186.580009 0.007594 -1.693875
 186.780009 0.146883 -1.682280
 186.980009 0.425465 -1.748683
 187.180009 0.340315 -1.481368
 187.380009 -0.022905 -1.781063
 187.580009 0.147729 -1.557558
 187.780009 0.212081 -1.632622
 187.980009 0.119018 -1.399455
 188.180009 0.131979 -1.767666
 188.380009 0.241378 -1.542940
 188.580009 0.078084 -1.678481
 188.780009 0.175866 -1.485642
 188.980009 0.407594 -1.639413
 189.180009 0.247755 -1.540712
 189.380009 0.046133 -1.694757
 189.580009 0.297968 -1.448925
 189.780009 0.386785 -1.664802
 189.980009 -0.157492 -1.532985
 190.180009 0.031724 -1.609013
 190.380009 0.467148 -1.576761
 190.580009 -0.030847 -1.674352
 190.780009 -0.027968 -1.369361
 190.980009 0.398773 -1.790108
 191.180009 0.181968 -1.454203
 191.380009 -0.023476 -1.684750
 191.580009 0.366367 -1.623425
 191.780009 0.442757 -1.798806
 191.980009 0.093467 -1.554940
 192.180009 0.422082 -1.407734
 192.380009 0.113146 -1.676471
 192.580009 -0.007300 -1.558850
 192.780009 0.167533 -1.460886
 192.980009 0.638382 -1.642787
 193.180009 -0.028200 -1.611511
 193.380009 0.077476 -1.764837
 193.580009 0.644867 -1.502626
 193.780009 0.151318 -1.639666
 193.980009 -0.162691 -1.474981
 194.180009 0.253045 -1.776698
 194.380009 0.414756 -1.393289
 194.580009 -0.221165 -1.681666
 194.780009 0.051626 -1.315374
 194.980009 0.244966 -1.761041
 195.180009 0.054896 -1.358334
 195.380009 0.234959 -1.634473
 195.580009 0.398333 -1.670894
 195.780009 0.001913 -1.744257
 195.980009 0.090231 -1.565705
 196.180009 0.689494 -1.795525
 196.380009 -0.010773 -1.484172
 196.580009 -0.058501 -1.710504
 196.780009 0.321552 -1.658702
 196.980009 0.167772 -1.505900
 197.180009 -0.282949 -1.520515
 197.380009 0.148199 -1.601926
 197.580009 0.360471 -1.585750
 197.780009 -0.034171 -1.426340
 197.980009 0.152728 -1.688962
 198.180009 0.463907 -1.657034
 198.380009 0.115425 -1.682848
 198.580009 0.106916 -1.385771
 198.780009 0.531117 -1.751472
 198.980009 0.158926 -1.616244
 199.180009 -0.245363 -1.718903
 199.380009 0.471602 -1.432358
 199.580009 0.517368 -1.912211
 199.780009 -0.203816 -1.441435
 199.980009 -0.012255 -1.593168
