#! FIELDS time phi psi
#! SET max_psi pi
 0.180000 2.325665 2.263168
 0.380000 2.997518 3.014897
 0.580000 2.177300 2.839256
 0.780000 2.837150 2.966583
 0.980000 2.846120 -3.123097
 1.180000 2.626779 2.783218
 1.380000 2.532888 2.757620
 1.580000 2.502128 2.885804
 1.780000 2.867951 3.003536
 1.980000 2.906422 2.633899
 2.180000 2.460638 3.069526
 2.380000 2.612992 2.492119
 2.580000 2.505431 2.802313
 2.780000 2.312038 2.737217
 2.980000 2.616794 2.940228
 3.180000 2.915430 2.552415
 3.380000 2.312066 -3.097681
 3.580000 2.757883 2.832521
 3.780000 3.070308 3.047703
 3.980000 2.278025 3.036375
 4.180000 2.616304 2.789964
 4.380000 2.845469 2.969594
 4.580000 2.561502 2.815443
 4.780000 2.365739 2.894153
 4.980000 2.820353 2.749713
 5.180000 2.474974 3.048861
 5.380000 2.166906 2.718464
 5.580000 2.899244 2.849424
 5.780000 2.524599 2.843326
 5.980000 2.398844 3.067234
 6.180000 3.048026 2.657084
 6.380000 2.463836 3.044685
 6.580000 2.402378 2.881268
 6.780000 2.922155 2.899582
 6.980000 2.357316 2.847214
 7.180000 2.730517 2.970808
 7.380000 2.913072 2.870705
 7.580000 2.461863 2.974300
 7.780000 2.600917 2.706311
 7.980000 2.592748 2.941826
 8.180000 2.768511 2.889811
 8.380000 2.741288 2.842230
 8.580000 2.530365 2.967719
 8.780000 2.839987 2.891049
 8.980000 2.682354 2.886715
 9.180000 2.550013 2.977588
 9.380000 2.804643 2.602905
 9.580000 2.603803 2.975954
 9.780000 2.639718 2.806761
 9.980000 2.648617 2.874590
 10.180000 2.505261 2.800921
 10.380000 2.920053 2.967388
 10.580001 2.695750 2.790870
 10.780001 2.596393 2.970369
 10.980001 2.906481 2.600327
 11.180001 2.551259 3.054360
 11.380001 2.732505 2.863562
 11.580001 2.871093 2.800259
 11.780001 2.367459 3.074672
 11.980001 2.697715 2.841662
 12.180001 2.694253 2.935699
 12.380001 2.674352 2.942324
 12.580001 3.020844 2.954149
 12.780001 2.473893 2.920603
 12.980001 2.578823 2.766581
 13.180001 2.641451 2.802172
 13.380001 2.488022 2.901621
 13.580001 2.678471 2.895683
 13.780001 2.533371 2.690249
 13.980001 2.497689 2.978672
 14.180001 2.789091 2.723622
 14.380001 2.538485 2.922595
 14.580001 2.488642 2.900528
 14.780001 2.925985 2.846868
 14.980001 2.547856 3.098310
 15.180001 2.431414 2.697014
 15.380001 2.905067 2.983217
 15.580001 2.549291 2.917736
 15.780001 2.894333 2.900993
 15.980001 2.743575 2.779434
 16.180001 2.525995 2.875950
 16.380001 2.751177 2.946753
 16.580001 2.891360 2.892413
 16.780001 2.694557 2.920695
 16.980001 2.434771 2.680686
 17.180001 2.616626 2.882010
 17.380001 2.769709 2.866219
 17.580001 2.583745 2.826016
 17.780001 2.669241 2.691279
 17.980001 2.544602 2.979648
 18.180001 2.803189 2.833080
 18.380001 2.872243 2.716460
 18.580001 2.035553 3.015300
 18.780001 2.927655 2.788038
 18.980001 3.021106 3.068565
 19.180001 2.057528 2.669266
 19.380001 2.649762 3.084261
 19.580001 2.897350 2.701134
 19.780001 2.556731 3.075027
 19.980001 2.576941 2.454275
 20.180001 2.680314 3.102515
 20.380001 2.783596 2.710982
 20.580001 2.506571 3.100353
 20.780001 2.792361 2.583512
 20.980001 2.629747 3.079533
 21.180001 2.578479 2.865280
 21.380001 2.872717 2.862115
 21.580001 2.106955 3.041349
 21.780001 2.298689 3.026566
 21.980001 2.778215 2.675695
 22.180001 2.173487 2.766366
 22.380001 2.937724 3.060829
 22.580001 2.872068 2.663547
 22.780001 2.132060 2.971765
 22.980001 2.838559 2.546899
 23.180001 2.560595 3.051089
 23.380001 2.384793 2.628716
 23.580001 2.993463 2.828110
 23.780001 2.180765 3.088205
 23.980001 2.429289 2.877833
 24.180001 3.026399 3.090020
 24.380001 2.647020 2.785642
 24.580001 2.908650 2.976951
 24.780001 2.616857 2.955314
 24.980001 2.261713 2.793623
 25.180001 2.979783 2.923631
 25.380001 2.549378 2.676670
 25.580001 2.544085 3.060470
 25.780001 2.703320 2.513705
 25.980001 2.386894 2.845249
 26.180001 2.653545 2.949083
 26.380001 2.919617 2.836451
 26.580001 2.719485 2.752713
 26.780001 2.351636 2.967854
 26.980001 2.852842 2.980160
 27.180001 2.907246 2.817100
 27.380001 2.436235 -3.130054
 27.580001 2.686847 2.724129
 27.780001 2.776567 2.840536
 27.980001 2.486530 2.941656
 28.180001 2.662129 2.819855
 28.380001 2.834232 2.915062
 28.580001 2.362400 2.911152
 28.780001 2.462691 2.741690
 28.980001 3.004321 2.873016
 29.180001 2.522757 2.826685
 29.380001 2.481028 3.003876
 29.580001 3.074948 2.835651
 29.780001 2.573356 2.980440
 29.980001 2.258971 2.876137
 30.180001 2.849508 2.838287
 30.380001 2.391592 2.888692
 30.580001 2.302141 3.039791
 30.780001 2.748408 2.780725
 30.980001 2.726661 2.865486
 31.180001 2.713199 -3.099446
 31.380001 2.737173 2.823407
 31.580001 2.825856 2.967840
 31.780002 2.581221 2.988098
 31.980002 2.756138 2.977156
 32.180002 2.773711 2.897081
 32.380002 2.495534 2.767003
 32.580002 2.944478 2.957998
 32.780002 2.524749 2.517414
 32.980002 2.476490 3.063521
 33.180002 3.091503 2.779539
 33.380002 2.531628 2.901856
 33.580002 2.433939 2.765820
 33.780002 3.026749 2.974299
 33.980002 2.405505 2.711922
 34.180002 2.490880 3.061975
 34.380002 2.972806 2.878536
 34.580002 2.464399 2.798419
 34.780002 2.409666 3.065815
 34.980002 3.027451 2.916412
 35.180002 2.667881 2.742625
 35.380002 2.324583 3.138260
 35.580002 2.901352 2.727846
 35.780002 2.479862 2.965350
 35.980002 2.574585 2.892906
 36.180002 2.907332 2.922567
 36.380002 2.539320 2.841457
 36.580002 2.473933 2.751622
 36.780002 2.796479 2.949448
 36.980002 2.478869 2.683125
 37.180002 2.793615 3.047967
 37.380002 2.628729 2.749466
 37.580002 2.252055 3.033337
 37.780002 3.124733 2.846865
 37.980002 2.659405 2.889483
 38.180002 2.541908 3.052501
 38.380002 2.751341 2.755826
 38.580002 2.555578 2.968524
 38.780002 2.600366 2.823344
 38.980002 2.771477 2.926387
 39.180002 2.284694 2.766204
 39.380002 2.869335 2.949537
 39.580002 2.768363 2.666955
 39.780002 2.488496 3.065819
 39.980002 2.843116 2.501250
 40.180002 2.464130 2.992367
 40.380002 2.690392 2.799869
 40.580002 2.901632 2.918180
 40.780002 2.194566 2.841612
 40.980002 2.549968 2.912043
 41.180002 2.749281 2.939297
 41.380002 2.549404 2.943703
 41.580002 2.801817 2.828097
 41.780002 2.682423 2.906434
 41.980002 2.360532 2.947761
 42.180002 2.835324 2.810931
 42.380002 2.910746 2.910588
 42.580002 2.490897 2.774054
 42.780002 2.499450 2.809750
 42.980002 2.742602 2.690111
 43.180002 2.571439 3.009386
 43.380002 2.535134 2.667438
 43.580002 2.752948 2.916306
 43.780002 2.578999 2.752830
 43.980002 2.734331 3.067174
 44.180002 2.826664 2.785883
 44.380002 2.654447 3.039192
 44.580002 2.677353 2.807162
 44.780002 2.789141 2.913534
 44.980002 2.649146 2.866568
 45.180002 2.584724 2.909811
 45.380002 2.856200 2.975967
 45.580002 2.754546 2.995638
 45.780002 2.857009 3.066136
 45.980002 2.844720 2.925310
 46.180002 2.513686 3.137139
 46.380002 2.729258 2.904414
 46.580002 2.904274 2.900918
 46.780002 2.607198 -3.141587
 46.980002 2.578701 2.828713
 47.180002 2.666557 2.874724
 47.380002 2.706228 2.829303
 47.580002 2.655438 2.910265
 47.780002 2.687638 2.756495
 47.980002 2.462989 2.753620
 48.180002 2.975220 2.849354
 48.380002 2.718459 2.842587
 48.580002 2.607247 2.762074
 48.780002 2.720207 2.765776
 48.980002 2.621212 2.875021
 49.180002 2.700386 2.886854
 49.380002 2.684868 2.896695
 49.580002 2.689477 2.927412
 49.780002 2.813078 3.009828
 49.980002 2.615359 2.856156
 50.180002 2.442672 2.950204
 50.380002 2.893511 2.829341
 50.580002 2.832744 2.907957
 50.780002 2.564460 2.852652
 50.980002 2.581436 2.866644
 51.180002 2.699830 2.819228
 51.380002 2.794773 2.895422
 51.580002 2.613288 2.783191
 51.780002 2.570717 2.935717
 51.980002 2.687251 2.681114
 52.180002 2.492235 2.937460
 52.380002 2.703898 2.836602
 52.580002 2.758325 2.935976
 52.780003 2.680928 2.827732
 52.980003 2.712160 2.962383
 53.180003 2.780051 2.930613
 53.380003 2.571905 2.814850
 53.580003 2.715278 2.878206
 53.780003 2.741502 2.905581
 53.980003 2.713391 2.963418
 54.180003 2.596634 2.737332
 54.380003 2.722755 3.050571
 54.580003 2.739936 2.774953
 54.780003 2.609623 2.863754
 54.980003 2.554935 2.851614
 55.180003 2.711521 2.957587
 55.380003 2.749237 2.773730
 55.580003 2.612791 2.989684
 55.780003 2.853044 2.926121
 55.980003 2.669000 2.852932
 56.180003 2.499255 2.920306
 56.380003 2.939020 2.924139
 56.580003 2.649245 2.899474
 56.780003 2.450304 2.899922
 56.980003 2.684146 2.809486
 57.180003 2.597985 2.887939
 57.380003 2.746238 2.932468
 57.580003 2.729167 2.869378
 57.780003 2.501434 2.990806
 57.980003 2.806973 2.720803
 58.180003 2.683905 3.062877
 58.380003 2.583432 2.790376
 58.580003 2.670177 2.847629
 58.780003 2.515590 2.957032
 58.980003 2.765159 2.811455
 59.180003 2.807696 2.912666
 59.380003 2.426550 2.859504
 59.580003 2.809461 2.893959
 59.780003 2.671605 2.894479
 59.980003 2.751847 2.908031
 60.180003 2.664243 2.807842
 60.380003 2.339005 2.889903
 60.580003 2.897839 2.915418
 60.780003 2.733414 2.880132
 60.980003 2.448876 2.866905
 61.180003 2.792895 2.925789
 61.380003 2.647646 2.683006
 61.580003 2.642558 -3.081093
 61.780003 2.773778 2.682057
 61.980003 2.646452 3.090869
 62.180003 2.618381 2.843991
 62.380003 2.682335 2.983754
 62.580003 2.782280 2.873952
 62.780003 2.623196 -3.128878
 62.980003 2.682916 2.806753
 63.180003 2.834903 3.109687
 63.380003 2.677557 2.857474
 63.580003 2.526526 2.910224
 63.780003 2.560990 2.592877
 63.980003 2.742788 3.011145
 64.180003 2.731051 2.724708
 64.380003 2.584286 3.042413
 64.580003 2.591422 2.842139
 64.780003 2.958889 -3.113377
 64.980003 2.737163 2.868841
 65.180003 2.468780 3.091460
 65.380003 2.831342 2.704725
 65.580003 2.659690 2.964910
 65.780003 2.476100 2.858934
 65.980003 2.848480 2.863791
 66.180003 2.489059 2.828010
 66.380003 2.547891 2.887653
 66.580003 2.766549 2.737651
 66.780003 2.462920 2.910900
 66.980003 2.595306 2.674844
 67.180003 2.665469 2.776924
 67.380003 2.513837 2.936296
 67.580003 2.682498 2.750377
 67.780003 2.673222 2.945794
 67.980003 2.618199 2.869904
 68.180003 2.739526 2.930141
 68.380003 2.504031 2.865269
 68.580003 2.768926 3.025403
 68.780003 2.808944 2.831262
 68.980003 2.630613 2.941426
 69.180003 2.728218 2.919566
 69.380003 2.590973 2.901750
 69.580003 2.751316 3.007184
 69.780003 2.893352 2.896431
 69.980003 2.645082 2.955118
 70.180003 2.536873 2.959548
 70.380003 2.919036 2.725620
 70.580003 2.493661 3.043198
 70.780003 2.658413 2.773175
 70.980003 2.782030 2.879244
 71.180003 2.542166 2.807872
 71.380003 2.746979 2.962453
 71.580003 2.812347 2.594332
 71.780003 2.634109 3.082403
 71.980003 2.488143 2.560279
 72.180003 2.776645 2.979099
 72.380003 2.690787 2.785191
 72.580003 2.407028 2.927456
 72.780003 2.797778 2.920569
 72.980003 2.767004 2.817551
 73.180003 2.560476 3.048177
 73.380003 2.817458 2.813737
 73.580003 2.545185 2.940046
 73.780004 2.622201 2.775055
 73.980004 2.655785 2.896266
 74.180004 2.583333 2.715445
 74.380004 2.815026 3.119998
 74.580004 2.774396 2.656979
 74.780004 2.416084 3.045505
 74.980004 2.656629 2.750348
 75.180004 2.893725 3.097453
 75.380004 2.534905 2.732551
 75.580004 2.644085 2.964606
 75.780004 2.756727 2.875700
 75.980004 2.703497 3.055062
 76.180004 2.749903 2.881951
 76.380004 2.754590 2.952805
 76.580004 2.654345 3.016801
 76.780004 2.619065 2.891913
 76.980004 2.799675 2.867537
 77.180004 2.727320 2.989766
 77.380004 2.345702 2.876502
 77.580004 2.735658 2.808170
 77.780004 2.636551 2.873171
 77.980004 2.507589 2.746446
 78.180004 2.605259 2.828600
 78.380004 2.622423 2.691526
 78.580004 2.455993 2.787885
 78.780004 2.572749 2.809705
 78.980004 2.711761 2.731015
 79.180004 2.670964 2.910558
 79.380004 2.237621 2.703368
 79.580004 2.817701 2.895342
 79.780004 2.645068 2.816478
 79.980004 2.592768 3.107277
 80.180004 2.762513 2.779242
 80.380004 2.546168 2.976546
 80.580004 2.804894 2.998450
 80.780004 2.902537 2.968335
 80.980004 2.671793 3.025562
 81.180004 2.676654 2.886135
 81.380004 2.826421 2.986609
 81.580004 2.725354 3.038379
 81.780004 2.664809 2.920093
 81.980004 2.612614 2.966978
 82.180004 2.884771 2.953527
 82.380004 2.931309 2.960429
 82.580004 2.300563 2.906656
 82.780004 2.832976 2.821016
 82.980004 2.732183 2.823038
 83.180004 2.456789 2.915360
 83.380004 2.733641 2.713752
 83.580004 2.535339 2.702882
 83.780004 2.391690 2.906701
 83.980004 2.684103 2.886121
 84.180004 2.768211 2.605309
 84.380004 2.523989 3.034419
 84.580004 2.623510 2.752431
 84.780004 2.797532 2.979864
 84.980004 2.478184 2.942976
 85.180004 2.818445 2.841602
 85.380004 2.700290 2.856145
 85.580004 2.542795 2.929415
 85.780004 2.722724 2.892474
 85.980004 2.828044 2.567492
 86.180004 2.625803 -3.062325
 86.380004 2.624061 2.622913
 86.580004 2.983067 3.036554
 86.780004 2.090900 2.738353
 86.980004 2.635305 3.095212
 87.180004 3.090540 2.848736
 87.380004 2.393640 3.000816
 87.580004 2.415381 2.744684
 87.780004 2.941775 2.993194
 87.980004 2.648803 2.868230
 88.180004 2.334190 2.842012
 88.380004 2.856603 2.890186
 88.580004 2.608068 2.814619
 88.780004 2.385704 3.016090
 88.980004 2.946929 2.871432
 89.180004 2.691854 3.030140
 89.380004 2.235535 2.881779
 89.580004 2.736910 2.824902
 89.780004 2.633202 2.733441
 89.980004 2.556969 -3.090043
 90.180004 2.726367 2.565422
 90.380004 2.528716 2.997759
 90.580004 2.334570 2.860067
 90.780004 2.657126 2.947694
 90.980004 2.820856 2.572884
 91.180004 2.433450 3.097008
 91.380004 2.657661 2.786854
 91.580004 2.807520 2.878065
 91.780004 2.062832 2.957139
 91.980004 2.425840 2.843883
 92.180004 2.939868 2.906600
 92.380004 2.173658 2.885629
 92.580004 2.701472 2.838738
 92.780004 2.775736 2.929479
 92.980004 2.550132 2.971623
 93.180004 2.785759 2.749580
 93.380004 2.459569 2.980255
 93.580004 2.580180 2.964217
 93.780004 2.816529 2.684284
 93.980004 2.392519 2.865895
 94.180004 2.554394 2.794503
 94.380004 2.688628 2.699634
 94.580004 2.376728 3.074058
 94.780005 2.918076 2.665303
 94.980005 2.731120 2.991053
 95.180005 2.303383 2.851142
 95.380005 2.775846 2.799610
 95.580005 2.624738 2.810262
 95.780005 2.621831 2.994908
 95.980005 2.654911 2.611291
 96.180005 2.712023 2.902432
 96.380005 2.615159 3.025428
 96.580005 2.539800 2.872672
 96.780005 2.897361 2.785784
 96.980005 2.308558 2.961385
 97.180005 2.635219 2.953418
 97.380005 3.081179 2.698251
 97.580005 2.014286 3.003784
 97.780005 2.412216 2.743430
 97.980005 2.936523 2.881870
 98.180005 2.441530 2.728833
 98.380005 2.645108 2.852594
 98.580005 2.964245 2.999527
 98.780005 2.862094 2.873389
 98.980005 2.490482 2.930124
 99.180005 2.902310 2.883931
 99.380005 2.580746 3.038161
 99.580005 2.475111 2.874966
 99.780005 2.952380 2.858658
 99.980005 2.676167 2.942084
 100.180005 2.415671 3.032953
 100.380005 2.894856 2.902284
 100.580005 2.587749 2.879888
 100.780005 2.654460 2.966992
 100.980005 2.621988 2.843986
 101.180005 2.404250 2.929675
 101.380005 3.020802 2.886896
 101.580005 2.597447 2.909218
 101.780005 2.430846 2.954799
 101.980005 2.746473 2.639319
 102.180005 2.522782 3.038851
 102.380005 2.473782 2.770356
 102.580005 2.745163 2.881993
 102.780005 2.399162 2.773835
 102.980005 2.797816 3.021077
 103.180005 2.708685 2.828640
 103.380005 2.336751 2.920659
 103.580005 2.777184 2.890968
 103.780005 2.949666 2.908683
 103.980005 2.678264 3.016599
 104.180005 2.677806 2.936222
 104.380005 2.570041 2.868406
 104.580005 2.675279 2.987417
 104.780005 2.656164 2.898413
 104.980005 2.596164 2.910374
 105.180005 2.776024 2.944937
 105.380005 2.919560 2.861721
 105.580005 2.717042 3.036387
 105.780005 2.263707 2.768097
 105.980005 2.891878 2.829043
 106.180005 2.602425 2.766176
 106.380005 2.469727 2.813802
 106.580005 2.665132 2.802089
 106.780005 2.607914 2.713345
 106.980005 2.479354 3.029442
 107.180005 2.749145 2.784990
 107.380005 2.716482 2.826652
 107.580005 2.437935 3.131579
 107.780005 2.768323 2.749591
 107.980005 2.787338 2.943993
 108.180005 2.285171 2.858726
 108.380005 2.667473 3.019485
 108.580005 2.830936 2.677399
 108.780005 2.580674 -2.981210
 108.980005 2.522990 2.418785
 109.180005 2.989178 -3.137068
 109.380005 2.354869 2.644197
 109.580005 2.591698 2.979708
 109.780005 2.972298 2.727878
 109.980005 2.374579 2.985395
 110.180005 2.462115 2.747026
 110.380005 2.884936 2.887874
 110.580005 2.449258 2.836821
 110.780005 2.522282 -3.107956
 110.980005 2.793914 2.706043
 111.180005 2.543313 2.974920
 111.380005 2.642861 2.896941
 111.580005 2.858189 2.896377
 111.780005 2.580601 2.983730
 111.980005 2.674984 3.062451
 112.180005 2.984982 3.044297
 112.380005 2.603167 2.815315
 112.580005 2.578966 2.960713
 112.780005 2.770892 2.800366
 112.980005 2.523354 2.911182
 113.180005 2.563875 2.901803
 113.380005 2.734267 2.837708
 113.580005 2.498372 2.813424
 113.780005 2.763165 2.953159
 113.980005 2.785828 2.736427
 114.180005 2.432676 2.971132
 114.380005 2.667918 2.784629
 114.580005 2.825849 2.921179
 114.780005 2.595636 2.818127
 114.980005 2.752868 2.981283
 115.180005 2.738849 2.877095
 115.380005 2.742427 2.878661
 115.580005 2.670650 2.955177
 115.780005 2.459893 2.790627
 115.980006 2.716526 3.035143
 116.180006 2.743436 2.672815
 116.380006 2.648414 2.962745
 116.580006 2.617963 2.903878
 116.780006 2.584647 2.814188
 116.980006 2.775075 2.863832
 117.180006 2.714175 2.833822
 117.380006 2.585057 2.804337
 117.580006 2.623998 2.937530
 117.780006 2.807004 2.860978
 117.980006 2.757415 2.833953
 118.180006 2.400310 2.884229
 118.380006 2.895346 3.015119
 118.580006 2.854081 2.890322
 118.780006 2.461341 2.939679
 118.980006 2.770422 2.789736
 119.180006 2.528157 2.869869
 119.380006 2.850395 2.888294
 119.580006 2.882488 2.950164
 119.780006 2.416765 2.737491
 119.980006 2.700157 2.991794
 120.180006 2.939583 2.876429
 120.380006 2.692132 2.981980
 120.580006 2.594049 2.760826
 120.780006 2.658629 3.000111
 120.980006 2.758185 2.590017
 121.180006 2.858056 3.086703
 121.380006 2.594951 2.647566
 121.580006 2.553705 2.998241
 121.780006 2.992108 2.778768
 121.980006 2.677025 2.951652
 122.180006 2.556312 2.694686
 122.380006 2.821076 2.956262
 122.580006 2.674122 2.760654
 122.780006 2.575966 2.883321
 122.980006 2.746648 2.712710
 123.180006 2.521177 3.053959
 123.380006 2.827371 2.931090
 123.580006 3.042242 2.986425
 123.780006 2.496375 2.941022
 123.980006 2.563376 2.931241
 124.180006 2.899923 2.919769
 124.380006 2.710963 2.907078
 124.580006 2.579496 2.883114
 124.780006 2.719981 2.793227
 124.980006 2.490610 2.846286
 125.180006 2.455563 2.861169
 125.380006 2.905607 2.862818
 125.580006 2.395880 2.831142
 125.780006 2.445642 2.889751
 125.980006 2.857699 2.862525
 126.180006 2.763436 2.915553
 126.380006 2.664164 2.984057
 126.580006 2.759003 2.880166
 126.780006 2.510719 2.826747
 126.980006 2.784408 3.005625
 127.180006 2.913737 2.919688
 127.380006 2.694238 2.875506
 127.580006 2.651734 2.841741
 127.780006 2.628103 2.806754
 127.980006 2.684849 2.880703
 128.180006 2.916870 2.779878
 128.380006 2.593032 3.016006
 128.580006 2.626116 2.707168
 128.780006 2.872650 2.967093
 128.980006 2.463352 2.789114
 129.180006 2.838173 2.998233
 129.380006 2.733503 2.740116
 129.580006 2.539132 3.070746
 129.780006 2.831251 2.810995
 129.980006 2.693514 2.921416
 130.180006 2.372706 2.930457
 130.380006 2.758185 2.870950
 130.580006 2.647819 2.775377
 130.780006 2.464859 2.942146
 130.980006 2.862829 2.747521
 131.180006 2.520949 2.929237
 131.380006 2.669112 2.835674
 131.580006 2.737835 2.872721
 131.780006 2.527522 2.803254
 131.980006 2.798097 2.847511
 132.180006 2.734237 2.862355
 132.380006 2.523149 2.982875
 132.580006 2.745013 2.732329
 132.780006 2.550660 2.925207
 132.980006 2.546756 2.912818
 133.180006 2.955481 2.720609
 133.380006 2.499612 3.093695
 133.580006 2.413241 2.755318
 133.780006 2.856338 2.970070
 133.980006 2.481434 2.711983
 134.180006 2.647504 3.119665
 134.380006 2.749976 2.764694
 134.580006 2.488771 3.016822
 134.780006 2.799266 2.668502
 134.980006 2.807143 3.070121
 135.180006 2.678763 2.661882
 135.380006 2.703576 2.911810
 135.580006 2.506644 2.803984
 135.780006 2.760389 3.053294
 135.980006 2.902495 2.812315
 136.180006 2.542099 3.003660
 136.380006 2.734648 2.873453
 136.580006 2.718793 2.786549
 136.780006 2.622873 2.971734
 136.980007 2.778564 2.841631
 137.180007 2.725636 2.831809
 137.380007 2.519627 2.922633
 137.580007 2.646016 2.845626
 137.780007 2.623144 2.728487
 137.980007 2.677726 2.964107
 138.180007 2.721986 2.750393
 138.380007 2.375801 2.953135
 138.580007 2.886504 2.750703
 138.780007 2.767272 2.981211
 138.980007 2.392186 2.818493
 139.180007 2.709205 2.812263
 139.380007 2.448050 2.873486
 139.580007 2.589245 2.914884
 139.780007 2.812043 2.925386
 139.980007 2.640261 3.029127
 140.180007 2.686861 2.938817
 140.380007 2.945241 2.831677
 140.580007 2.704489 3.069568
 140.780007 2.722814 2.876406
 140.980007 2.900824 2.955365
 141.180007 2.658316 2.760034
 141.380007 2.842481 3.084178
 141.580007 2.722789 2.795817
 141.780007 2.564452 2.980851
 141.980007 2.808848 2.887262
 142.180007 2.588537 2.973846
 142.380007 2.559859 2.852188
 142.580007 2.779074 2.960957
 142.780007 2.594131 2.802567
 142.980007 2.741878 3.016932
 143.180007 2.602926 2.685227
 143.380007 2.590118 2.856650
 143.580007 2.730810 2.955090
 143.780007 2.721185 2.701115
 143.980007 2.750932 2.998923
 144.180007 2.588905 2.702616
 144.380007 2.561495 2.823935
 144.580007 2.761985 2.878820
 144.780007 2.837927 2.968120
 144.980007 2.758247 3.020852
 145.180007 2.609404 2.809530
 145.380007 2.846210 3.067511
 145.580007 2.872617 2.812882
 145.780007 2.555109 2.940904
 145.980007 2.538290 2.896208
 146.180007 3.048893 2.791291
 146.380007 2.516610 3.083444
 146.580007 2.462933 2.638402
 146.780007 2.875871 2.751885
 146.980007 2.248042 2.757394
 147.180007 2.560743 2.933344
 147.380007 2.902885 2.763864
 147.580007 2.301822 2.896602
 147.780007 2.711347 2.853242
 147.980007 3.019371 3.058472
 148.180007 2.666249 2.862501
 148.380007 2.451656 3.047303
 148.580007 2.917821 2.913184
 148.780007 2.772199 3.086954
 148.980007 2.454941 2.796274
 149.180007 2.761591 2.999028
 149.380007 2.723912 2.782963
 149.580007 2.888692 3.048278
 149.780007 2.717720 2.700324
 149.980007 2.493584 2.856744
 150.180007 2.762342 2.843168
 150.380007 2.842461 2.868529
 150.580007 2.561511 2.831237
 150.780007 2.539677 2.917730
 150.980007 2.957658 2.849246
 151.180007 2.750882 3.088855
 151.380007 2.465731 2.747094
 151.580007 2.643360 2.969223
 151.780007 2.967963 2.878739
 151.980007 2.577414 2.937772
 152.180007 2.566383 2.836326
 152.380007 2.758151 2.925353
 152.580007 2.953599 2.957008
 152.780007 2.604458 2.682399
 152.980007 2.609286 2.916238
 153.180007 2.725387 2.809842
 153.380007 2.826766 2.993249
 153.580007 2.679495 2.703906
 153.780007 2.603872 3.017343
 153.980007 2.753353 2.789197
 154.180007 2.976467 2.955221
 154.380007 2.561436 2.793018
 154.580007 2.570641 3.017588
 154.780007 2.894053 2.911536
 154.980007 2.701837 2.885365
 155.180007 2.594648 2.784332
 155.380007 2.698659 2.893358
 155.580007 2.892591 2.915078
 155.780007 2.806253 2.958693
 155.980007 2.478327 2.761633
 156.180007 2.676517 2.798459
 156.380007 2.845025 2.874411
 156.580007 2.879809 2.958233
 156.780007 2.628222 2.841153
 156.980007 2.639879 2.615238
 157.180007 2.663804 2.860261
 157.380007 2.674964 2.731291
 157.580007 2.691064 2.975557
 157.780007 2.527132 2.777922
 157.980008 2.833486 2.846983
 158.180008 2.723855 2.856081
 158.380008 2.697839 2.892593
 158.580008 2.545496 2.780705
 158.780008 2.857034 2.990352
 158.980008 2.885325 2.938743
 159.180008 2.410052 2.799115
 159.380008 2.792066 2.918670
 159.580008 2.802841 2.686390
 159.780008 2.585266 2.965299
 159.980008 2.708090 2.772379
 160.180008 2.543821 2.991978
 160.380008 2.538637 2.712514
 160.580008 2.909580 3.083400
 160.780008 2.487775 2.719608
 160.980008 2.510039 3.082766
 161.180008 2.944513 2.686909
 161.380008 2.568108 3.065286
 161.580008 2.396803 2.707249
 161.780008 2.786767 2.921733
 161.980008 2.698549 2.843664
 162.180008 2.617207 3.126170
 162.380008 2.696347 2.790934
 162.580008 2.488510 2.936741
 162.780008 2.767749 2.942642
 162.980008 2.829377 2.968875
 163.180008 2.691129 2.730957
 163.380008 2.566701 2.978566
 163.580008 2.825679 2.836131
 163.780008 2.771588 2.903516
 163.980008 2.383317 2.811346
 164.180008 2.770330 2.843744
 164.380008 2.454563 2.682303
 164.580008 2.049751 2.961737
 164.780008 2.824075 2.826572
 164.980008 2.646131 2.900524
 165.180008 1.791761 3.029274
 165.380008 2.669525 2.909668
 165.580008 3.119510 2.911405
 165.780008 2.645548 2.931093
 165.980008 2.324442 2.777449
 166.180008 2.685525 2.816751
 166.380008 2.633039 3.037121
 166.580008 2.720528 2.663088
 166.780008 2.850205 3.089073
 166.980008 2.523105 2.891963
 167.180008 2.564433 2.989183
 167.380008 2.953084 2.799863
 167.580008 2.731100 2.948798
 167.780008 2.473084 2.795274
 167.980008 2.817662 2.795722
 168.180008 2.671776 3.114883
 168.380008 2.511434 2.715423
 168.580008 2.809524 2.893672
 168.780008 2.488848 2.820730
 168.980008 2.713011 2.949875
 169.180008 2.858556 2.652679
 169.380008 2.356538 2.954308
 169.580008 2.749298 2.823327
 169.780008 2.841678 2.892047
 169.980008 2.414897 2.779533
 170.180008 2.645787 3.047049
 170.380008 2.889257 2.859262
 170.580008 2.797539 3.050328
 170.780008 2.640519 2.728641
 170.980008 2.673841 3.084427
 171.180008 2.860177 2.900324
 171.380008 2.679133 2.891512
 171.580008 2.562260 2.940285
 171.780008 2.758135 2.862593
 171.980008 2.596340 2.943445
 172.180008 2.508960 2.818154
 172.380008 2.898277 2.940860
 172.580008 2.565853 2.822557
 172.780008 2.355508 3.040958
 172.980008 2.795121 2.905807
 173.180008 2.976844 2.943552
 173.380008 2.622818 2.905758
 173.580008 2.948275 2.992854
 173.780008 2.127585 2.842436
 173.980008 2.482175 2.904216
 174.180008 3.048837 2.934233
 174.380008 2.566403 2.821329
 174.580008 1.819689 2.998259
 174.780008 2.947914 2.806631
 174.980008 2.694699 2.869707
 175.180008 2.127106 3.084751
 175.380008 2.797012 2.683724
 175.580008 2.615057 2.906719
 175.780008 2.233595 2.845913
 175.980008 2.255851 2.964470
 176.180008 2.991560 2.624230
 176.380008 2.346984 3.103535
 176.580008 2.277807 2.646331
 176.780008 3.103906 3.059933
 176.980008 2.469921 2.862634
 177.180008 2.216850 3.003204
 177.380008 3.110789 3.060120
 177.580008 2.926930 2.944375
 177.780008 2.629638 3.065449
 177.980008 2.936133 2.735820
 178.180008 2.247591 2.866167
 178.380008 2.681135 2.993584
 178.580008 2.895044 2.939897
 178.780008 2.457183 2.808474
 178.980009 2.723940 2.882348
 179.180009 2.763170 2.829487
 179.380009 2.422932 2.944418
 179.580009 2.864359 2.777099
 179.780009 2.587300 3.011598
 179.980009 2.575227 2.809890
 180.180009 2.852419 2.960723
 180.380009 2.258457 2.779068
 180.580009 2.648159 3.106116
 180.780009 2.833669 2.661014
 180.980009 2.319836 -3.121111
 181.180009 2.746186 2.863742
 181.380009 2.726473 2.868899
 181.580009 2.414970 2.968638
 181.780009 2.663825 2.720738
 181.980009 2.550622 2.934583
 182.180009 2.842836 2.789294
 182.380009 2.808219 2.882410
 182.580009 2.254913 2.972184
 182.780009 2.786805 2.867562
 182.980009 2.759362 2.898893
 183.180009 2.223534 2.907591
 183.380009 2.737937 2.860155
 183.580009 2.816235 2.865652
 183.780009 2.467148 2.999252
 183.980009 2.794325 2.803213
 184.180009 2.711520 2.852355
 184.380009 2.604022 2.877344
 184.580009 2.812571 2.974028
 184.780009 2.707832 2.834311
 184.980009 2.658072 2.961030
 185.180009 2.821272 2.834412
 185.380009 2.707206 2.901009
 185.580009 2.680670 2.903405
 185.780009 2.731426 2.894600
 185.980009 2.687668 2.763381
 186.180009 2.376194 2.864060
 186.380009 2.677820 2.905917
 186.580009 2.568638 2.548665
 186.780009 2.523122 3.091448
 186.980009 2.760884 2.722978
 187.180009 2.759344 2.843759
 187.380009 2.346440 3.004947
 187.580009 2.492001 2.674338
 187.780009 2.918576 2.874752
 187.980009 2.364650 2.888548
 188.180009 2.629762 2.803202
 188.380009 2.783696 2.901464
 188.580009 2.620404 2.992438
 188.780009 2.667419 2.767432
 188.980009 2.626773 2.983395
 189.180009 2.566350 2.871595
 189.380009 2.561109 2.809961
 189.580009 2.554448 2.910925
 189.780009 2.859969 3.052263
 189.980009 2.557483 2.679322
 190.180009 2.447113 2.941545
 190.380009 2.859143 2.748718
 190.580009 2.478613 3.039622
 190.780009 2.332037 2.754638
 190.980009 2.869581 2.970134
 191.180009 2.587955 2.826302
 191.380009 2.371007 -3.128572
 191.580009 2.892000 2.822636
 191.780009 2.938831 2.934332
 191.980009 2.183884 3.124065
 192.180009 2.365509 2.599929
 192.380009 2.828917 2.948314
 192.580009 2.492219 2.802352
 192.780009 2.303907 2.991979
 192.980009 2.888427 2.759521
 193.180009 2.630698 3.027135
 193.380009 2.404214 2.863957
 193.580009 2.693283 2.857815
 193.780009 2.550434 2.899935
 193.980009 2.712361 2.889981
 194.180009 2.836422 2.855582
 194.380009 2.595617 2.911908
 194.580009 2.693396 2.979787
 194.780009 2.961508 2.879812
 194.980009 2.535439 2.902435
 195.180009 2.583328 2.804101
 195.380009 2.827036 2.890676
 195.580009 2.866717 2.902624
 195.780009 2.507735 2.680648
 195.980009 2.422991 2.886216
 196.180009 2.919996 2.932528
 196.380009 2.737404 2.844169
 196.580009 2.436779 2.912061
 196.780009 2.826668 2.898117
 196.980009 2.544568 2.910800
 197.180009 2.464373 2.835157
 197.380009 3.048322 2.951111
 197.580009 2.631020 2.878970
 197.780009 2.322105 2.959303
 197.980009 2.967827 2.869592
 198.180009 2.443765 2.798337
 198.380009 2.500588 3.100578
 198.580009 3.068733 2.733216
 198.780009 2.506283 2.944561
 198.980009 2.526002 2.906272
 199.180009 2.711741 2.908985
 199.380009 2.738825 2.665711
 199.580009 2.709055 3.050292
 199.780009 2.740832 2.708236
 199.980009 2.580010 3.034796
