#! FIELDS time phi psi
#! SET max_psi pi
 0.180000 1.190273 1.523111
 0.380000 1.224926 1.493179
 0.580000 0.668977 0.498254
 0.780000 1.120891 1.457152
 0.980000 1.034000 1.249061
 1.180000 0.700221 0.628379
 1.380000 1.292339 1.329451
 1.580000 0.734821 1.390298
 1.780000 0.978842 0.669669
 1.980000 1.462596 1.431689
 2.180000 0.748703 1.068324
 2.380000 0.997663 1.169716
 2.580000 1.255669 1.107916
 2.780000 0.254167 1.063077
 2.980000 0.955292 1.247063
 3.180000 1.083670 1.060348
 3.380000 0.589959 0.970855
 3.580000 1.049032 1.344595
 3.780000 0.832807 0.919519
 3.980000 0.824577 0.946557
 4.180000 0.906897 1.388498
 4.380000 0.879727 0.853689
 4.580000 1.009594 1.245045
 4.780000 1.015231 0.952600
 4.980000 0.735296 1.005809
 5.180000 0.813172 1.267663
 5.380000 1.100193 0.896188
 5.580000 0.800606 1.007259
 5.780000 0.976242 1.227238
 5.980000 0.924689 0.957487
 6.180000 1.025703 0.828319
 6.380000 0.751243 1.138574
 6.580000 0.671738 1.163268
 6.780000 0.900559 1.021623
 6.980000 0.872187 1.028208
 7.180000 0.697620 1.253471
 7.380000 0.995175 1.025933
 7.580000 0.848553 1.103900
 7.780000 0.900325 0.997442
 7.980000 0.860011 1.108628
 8.180000 0.850626 1.133571
 8.380000 0.903678 1.045494
 8.580000 0.909173 1.083572
 8.780000 0.935817 1.106906
 8.980000 0.990768 1.008437
 9.180000 0.728753 1.221322
 9.380000 0.802416 1.203428
 9.580000 0.802981 0.939324
 9.780000 0.914952 1.204796
 9.980000 0.704166 1.094236
 10.180000 0.886102 1.078265
 10.380000 1.085117 0.944396
 10.580001 0.515685 1.221142
 10.780001 1.085525 1.003329
 10.980001 0.827572 1.084291
 11.180001 0.991344 0.990240
 11.380001 1.030392 1.239144
 11.580001 0.817368 1.007936
 11.780001 1.067085 1.040651
 11.980001 0.841249 1.055610
 12.180001 0.906239 1.103675
 12.380001 1.050175 1.131002
 12.580001 0.900381 0.983334
 12.780001 0.906204 1.187732
 12.980001 0.917683 1.080064
 13.180001 0.897241 1.115473
 13.380001 1.191364 0.975633
 13.580001 0.981479 1.190395
 13.780001 0.944003 1.099320
 13.980001 0.959731 1.141573
 14.180001 0.909928 0.978756
 14.380001 1.105232 1.060418
 14.580001 0.940270 1.317566
 14.780001 1.011655 0.907591
 14.980001 1.055872 1.235990
 15.180001 0.908556 1.142546
 15.380001 0.971254 0.993723
 15.580001 1.162510 0.970344
 15.780001 0.869487 1.300040
 15.980001 1.117436 0.916911
 16.180001 1.091893 1.167430
 16.380001 0.904128 1.025327
 16.580001 0.941381 1.196236
 16.780001 1.032612 1.014615
 16.980001 0.925753 0.993816
 17.180001 0.939847 1.138066
 17.380001 0.956293 1.038432
 17.580001 0.831936 1.034398
 17.780001 1.026744 1.127533
 17.980001 0.947466 0.997867
 18.180001 1.012461 0.997662
 18.380001 0.970447 1.276540
 18.580001 0.955565 0.798554
 18.780001 1.109964 1.240808
 18.980001 0.998394 0.901649
 19.180001 0.752666 1.389203
 19.380001 1.060153 0.900289
 19.580001 0.984780 1.196706
 19.780001 1.122037 1.011877
 19.980001 0.953239 1.100188
 20.180001 0.958678 1.145069
 20.380001 1.001621 1.022438
 20.580001 0.995809 1.221953
 20.780001 1.078548 0.994340
 20.980001 1.018999 1.192318
 21.180001 1.022158 1.046039
 21.380001 0.855994 1.127132
 21.580001 1.088391 1.009458
 21.780001 1.060920 1.115774
 21.980001 1.220390 0.854722
 22.180001 1.002974 1.245949
 22.380001 0.809056 1.022011
 22.580001 1.045318 1.065625
 22.780001 0.933766 1.050854
 22.980001 1.032827 1.135080
 23.180001 1.047561 1.032096
 23.380001 1.045997 0.966504
 23.580001 0.974308 1.167759
 23.780001 0.988271 1.098872
 23.980001 0.986912 1.089455
 24.180001 1.118992 0.835094
 24.380001 0.892877 1.422190
 24.580001 1.048321 0.930720
 24.780001 1.060803 1.093494
 24.980001 1.031388 1.112822
 25.180001 1.084731 1.054177
 25.380001 0.953543 1.063620
 25.580001 1.020246 1.046448
 25.780001 1.025235 1.027496
 25.980001 1.120312 1.012341
 26.180001 1.271832 1.145939
 26.380001 0.815824 1.183577
 26.580001 1.004618 1.085998
 26.780001 1.072430 0.853627
 26.980001 0.769583 1.133418
 27.180001 0.898091 1.196769
 27.380001 0.965615 0.733030
 27.580001 0.935064 1.258891
 27.780001 0.894688 1.208961
 27.980001 1.005177 0.990925
 28.180001 1.207461 0.917610
 28.380001 0.813920 1.109779
 28.580001 0.875692 1.210162
 28.780001 1.220340 1.165065
 28.980001 0.997141 0.760561
 29.180001 1.064800 1.236068
 29.380001 0.835502 1.192732
 29.580001 0.975175 0.909343
 29.780001 1.133878 1.022964
 29.980001 0.809036 1.239944
 30.180001 0.954072 1.000123
 30.380001 1.126987 0.989269
 30.580001 0.822758 1.092593
 30.780001 0.895142 1.160267
 30.980001 1.148167 1.100618
 31.180001 1.022232 0.851927
 31.380001 0.728484 1.247370
 31.580001 1.067540 1.033053
 31.780002 0.994271 0.953599
 31.980002 1.049783 1.073828
 32.180002 0.837349 1.257867
 32.380002 1.057575 0.979059
 32.580002 1.044872 1.070276
 32.780002 0.702346 1.196314
 32.980002 1.181702 1.057156
 33.180002 1.148295 0.917417
 33.380002 0.878620 1.081697
 33.580002 1.037004 1.304438
 33.780002 0.990589 1.001312
 33.980002 0.986275 0.999375
 34.180002 1.223441 1.119567
 34.380002 0.892417 1.208955
 34.580002 1.155886 0.976468
 34.780002 0.903059 1.079523
 34.980002 0.918386 1.170773
 35.180002 1.036004 1.079316
 35.380002 0.879467 1.098182
 35.580002 1.052698 1.060699
 35.780002 1.049441 1.025484
 35.980002 0.992663 1.116809
 36.180002 1.035673 1.102427
 36.380002 0.688397 1.091298
 36.580002 1.021424 1.202893
 36.780002 0.974737 0.916542
 36.980002 0.709543 1.208299
 37.180002 0.892704 1.137010
 37.380002 0.930551 0.980385
 37.580002 0.857041 1.108927
 37.780002 0.871748 1.171437
 37.980002 0.814234 0.975427
 38.180002 0.852756 1.225012
 38.380002 1.004786 0.918902
 38.580002 0.811580 1.093195
 38.780002 0.869729 1.142515
 38.980002 0.952380 1.095381
 39.180002 0.950373 0.867799
 39.380002 0.768202 1.125550
 39.580002 0.729450 1.201067
 39.780002 0.918495 0.997020
 39.980002 1.047397 1.036903
 40.180002 0.918814 1.012643
 40.380002 0.776428 1.248056
 40.580002 1.013471 0.984468
 40.780002 1.054781 1.137103
 40.980002 0.939280 0.912400
 41.180002 0.981286 1.270066
 41.380002 1.028419 0.940374
 41.580002 1.031754 1.234967
 41.780002 0.941706 1.037082
 41.980002 0.915445 1.174091
 42.180002 1.021085 0.999647
 42.380002 0.975055 1.077460
 42.580002 0.866156 1.293089
 42.780002 1.016161 0.843680
 42.980002 1.116134 1.361132
 43.180002 0.957720 1.001599
 43.380002 0.953862 1.138758
 43.580002 1.056659 1.131925
 43.780002 0.797748 0.985079
 43.980002 0.929000 1.122921
 44.180002 1.083974 1.073616
 44.380002 0.804908 0.970452
 44.580002 0.902846 1.251303
 44.780002 1.019540 1.054138
 44.980002 0.823341 0.938351
 45.180002 1.028575 1.312077
 45.380002 0.910980 0.923880
 45.580002 1.083750 1.097475
 45.780002 1.002226 1.076453
 45.980002 0.985229 0.926617
 46.180002 1.142369 1.190112
 46.380002 1.074320 0.978495
 46.580002 0.931450 0.901161
 46.780002 1.114660 1.337510
 46.980002 1.048155 0.892007
 47.180002 1.171736 0.950253
 47.380002 0.941273 1.246582
 47.580002 0.843059 0.970886
 47.780002 1.332980 1.019261
 47.980002 1.172692 1.022602
 48.180002 0.731474 1.128787
 48.380002 1.325016 1.013105
 48.580002 0.868772 1.138457
 48.780002 0.919135 0.964077
 48.980002 1.027689 1.264890
 49.180002 1.085094 0.854317
 49.380002 1.098623 0.956146
 49.580002 1.003140 1.311006
 49.780002 1.144367 0.850712
 49.980002 1.279326 1.095687
 50.180002 1.068368 1.027773
 50.380002 0.897680 1.217206
 50.580002 1.231166 1.050225
 50.780002 0.992132 0.933065
 50.980002 1.095455 1.265355
 51.180002 0.876634 0.972669
 51.380002 1.029141 1.018111
 51.580002 1.097800 1.300675
 51.780002 0.898946 0.998600
 51.980002 1.103618 1.011827
 52.180002 1.117323 1.250116
 52.380002 0.963991 0.970296
 52.580002 1.226800 1.270002
 52.780003 1.084659 0.882336
 52.980003 0.960393 1.180911
 53.180003 1.039570 1.211256
 53.380003 0.955002 0.902342
 53.580003 0.955500 1.144914
 53.780003 1.044926 1.025354
 53.980003 0.897782 1.112593
 54.180003 1.055475 1.147609
 54.380003 0.879665 1.081634
 54.580003 1.087853 1.015670
 54.780003 1.106286 1.182974
 54.980003 0.974077 0.920095
 55.180003 0.925356 1.217490
 55.380003 0.997116 1.062434
 55.580003 0.974184 1.069679
 55.780003 1.108347 1.010668
 55.980003 0.734672 1.218710
 56.180003 1.090340 0.952178
 56.380003 1.023028 1.242309
 56.580003 0.988186 0.980247
 56.780003 1.109392 0.986073
 56.980003 0.998976 1.248916
 57.180003 0.940160 0.972767
 57.380003 1.098156 1.314836
 57.580003 0.901470 0.928273
 57.780003 0.952274 0.990699
 57.980003 0.848385 1.347521
 58.180003 0.864211 0.940566
 58.380003 1.043481 1.034049
 58.580003 1.016999 1.175297
 58.780003 0.739525 1.049134
 58.980003 0.976564 1.138145
 59.180003 0.897816 0.941088
 59.380003 0.947678 1.210782
 59.580003 0.993210 0.984372
 59.780003 1.083755 0.910504
 59.980003 0.952553 1.217504
 60.180003 0.826903 0.981737
 60.380003 0.978200 1.037860
 60.580003 1.080125 1.171011
 60.780003 0.797378 0.994623
 60.980003 1.121681 1.036757
 61.180003 1.097312 1.080558
 61.380003 1.016899 0.957249
 61.580003 1.102260 1.305504
 61.780003 0.835131 0.840826
 61.980003 1.090183 1.167276
 62.180003 1.080593 1.037392
 62.380003 0.804048 1.216073
 62.580003 1.179235 1.040209
 62.780003 0.903394 1.096526
 62.980003 0.885431 1.069247
 63.180003 1.095502 1.103055
 63.380003 0.969167 0.948514
 63.580003 1.085762 1.065866
 63.780003 0.984077 1.253968
 63.980003 0.737135 0.924750
 64.180003 1.129546 1.336089
 64.380003 0.778716 0.942629
 64.580003 0.968312 1.156136
 64.780003 1.063127 1.060103
 64.980003 0.527243 1.038192
 65.180003 1.035961 1.058537
 65.380003 1.040005 1.163851
 65.580003 0.887372 0.895178
 65.780003 1.114507 1.312179
 65.980003 0.878682 0.945383
 66.180003 0.828578 1.086309
 66.380003 0.948709 1.294572
 66.580003 0.965951 0.703615
 66.780003 0.858805 1.353705
 66.980003 0.872020 1.079150
 67.180003 0.944431 0.908885
 67.380003 1.207859 1.093927
 67.580003 0.875389 1.078696
 67.780003 0.937675 1.193324
 67.980003 1.089756 0.965547
 68.180003 0.535928 1.121588
 68.380003 1.178393 0.989482
 68.580003 0.585880 1.373825
 68.780003 1.000275 0.852198
 68.980003 1.166856 1.346868
 69.180003 0.710105 1.000921
 69.380003 0.949762 1.019146
 69.580003 1.021033 1.284627
 69.780003 0.713906 0.947851
 69.980003 0.965366 1.255687
 70.180003 1.051037 1.044065
 70.380003 0.854947 0.925060
 70.580003 0.986109 1.190058
 70.780003 0.847765 1.111800
 70.980003 0.965314 0.852483
 71.180003 0.911705 1.316160
 71.380003 0.879721 0.944189
 71.580003 0.965675 1.170949
 71.780003 0.906289 1.078337
 71.980003 0.751583 1.132931
 72.180003 1.002073 1.091233
 72.380003 1.015725 1.095541
 72.580003 0.996670 1.032714
 72.780003 0.941887 1.062672
 72.980003 0.933994 1.222266
 73.180003 1.299033 0.732571
 73.380003 0.869026 1.454289
 73.580003 0.951285 0.834463
 73.780004 1.090391 1.159269
 73.980004 0.981138 0.874951
 74.180004 0.955797 1.273704
 74.380004 1.025757 0.992280
 74.580004 1.088891 0.994614
 74.780004 1.066410 1.131853
 74.980004 0.929474 1.151980
 75.180004 1.041571 0.998885
 75.380004 1.166583 0.925671
 75.580004 0.776294 1.256575
 75.780004 1.142406 0.788960
 75.980004 0.973761 1.299702
 76.180004 0.945472 0.859461
 76.380004 0.967865 1.281705
 76.580004 1.194353 0.942082
 76.780004 0.902446 1.214496
 76.980004 1.158058 1.073462
 77.180004 0.869383 0.898612
 77.380004 0.970488 1.056145
 77.580004 0.997890 1.265795
 77.780004 0.951239 0.947555
 77.980004 1.104947 0.929054
 78.180004 0.961349 1.332492
 78.380004 0.950691 0.998850
 78.580004 0.959012 1.208226
 78.780004 1.076126 0.899951
 78.980004 0.780594 1.309606
 79.180004 1.114171 1.108515
 79.380004 1.022149 0.843834
 79.580004 0.911675 1.037447
 79.780004 0.917117 1.283382
 79.980004 0.785689 0.959437
 80.180004 0.973422 1.089428
 80.380004 0.978378 1.251201
 80.580004 0.932933 0.883414
 80.780004 0.958976 1.349377
 80.980004 0.971931 0.973863
 81.180004 0.840385 1.002677
 81.380004 1.108336 1.168477
 81.580004 0.982707 1.008653
 81.780004 0.950920 1.174451
 81.980004 0.956466 1.171436
 82.180004 0.719384 0.983628
 82.380004 1.226005 1.230755
 82.580004 0.645864 1.244841
 82.780004 1.072117 0.807413
 82.980004 1.228667 1.424207
 83.180004 0.593738 0.949200
 83.380004 1.083921 1.124063
 83.580004 1.092997 1.147744
 83.780004 0.658621 0.977511
 83.980004 0.986666 1.301489
 84.180004 0.925997 0.830894
 84.380004 0.786973 1.199992
 84.580004 1.074901 1.323809
 84.780004 0.873560 0.855878
 84.980004 1.006982 1.121668
 85.180004 0.930040 1.208915
 85.380004 0.836580 0.819617
 85.580004 1.022513 1.266093
 85.780004 1.035339 0.950865
 85.980004 0.876919 1.053414
 86.180004 1.158751 1.240291
 86.380004 0.824247 1.059897
 86.580004 1.007799 1.077807
 86.780004 1.043911 1.309111
 86.980004 0.892699 0.823000
 87.180004 1.099651 0.980379
 87.380004 0.734451 1.565147
 87.580004 1.136923 0.659798
 87.780004 1.184735 1.241051
 87.980004 1.077180 1.040908
 88.180004 0.866668 1.102316
 88.380004 1.155519 1.110901
 88.580004 1.116453 0.958382
 88.780004 0.940422 1.117942
 88.980004 1.149764 1.133504
 89.180004 1.091921 0.925944
 89.380004 1.026031 0.971493
 89.580004 0.977327 1.297835
 89.780004 1.136241 0.930207
 89.980004 1.136524 1.242829
 90.180004 1.173321 0.795186
 90.380004 0.825545 1.262630
 90.580004 1.042647 1.233846
 90.780004 1.024325 0.806181
 90.980004 1.024089 1.093665
 91.180004 1.083365 1.175151
 91.380004 1.032738 1.024981
 91.580004 1.217634 1.059183
 91.780004 0.829598 0.999527
 91.980004 1.158618 0.970956
 92.180004 0.869152 1.202355
 92.380004 1.016921 0.847818
 92.580004 1.163193 1.180208
 92.780004 0.823745 1.176403
 92.980004 1.184117 0.862891
 93.180004 1.165051 1.389595
 93.380004 0.972001 1.006458
 93.580004 1.045260 1.101021
 93.780004 1.218823 1.104801
 93.980004 1.007114 0.970362
 94.180004 1.023090 1.012148
 94.380004 1.111214 1.209433
 94.580004 0.854135 0.960312
 94.780005 1.163504 1.199498
 94.980005 1.121492 0.975184
 95.180005 0.987452 0.974489
 95.380005 1.247515 1.158126
 95.580005 0.975548 1.032481
 95.780005 1.085129 1.085716
 95.980005 1.090996 1.237419
 96.180005 1.147982 0.864362
 96.380005 1.220256 1.259384
 96.580005 0.916217 1.191621
 96.780005 1.127758 0.857061
 96.980005 1.097110 1.338069
 97.180005 1.204368 0.831201
 97.380005 1.018209 1.233579
 97.580005 1.000475 0.939709
 97.780005 1.121876 1.020189
 97.980005 1.111647 1.199821
 98.180005 1.119245 1.196142
 98.380005 0.875943 0.960226
 98.580005 1.236736 1.094491
 98.780005 0.765710 1.252067
 98.980005 1.049413 0.941450
 99.180005 1.073835 1.265647
 99.380005 0.860187 0.815072
 99.580005 1.236682 1.316397
 99.780005 1.129449 1.034321
 99.980005 0.911770 1.083571
 100.180005 1.109766 1.153238
 100.380005 0.957827 1.006552
 100.580005 0.856551 1.240537
 100.780005 1.035485 1.132891
 100.980005 1.004979 0.873440
 101.180005 1.030951 1.345138
 101.380005 0.986605 1.120452
 101.580005 0.962568 0.986472
 101.780005 0.873879 1.167911
 101.980005 0.963411 1.047605
 102.180005 1.014500 1.206054
 102.380005 1.080592 0.908450
 102.580005 0.953040 1.150223
 102.780005 0.819120 1.092512
 102.980005 0.898724 1.211219
 103.180005 1.147205 0.924527
 103.380005 0.813317 1.234379
 103.580005 0.883638 1.001108
 103.780005 0.925201 1.215399
 103.980005 0.856368 0.922082
 104.180005 1.106232 1.042798
 104.380005 0.827980 1.271960
 104.580005 1.047152 0.920916
 104.780005 0.959527 1.322986
 104.980005 1.149733 1.129998
 105.180005 0.806537 1.081913
 105.380005 1.121827 0.946367
 105.580005 0.773287 1.277005
 105.780005 1.029441 0.867332
 105.980005 1.023842 1.108385
 106.180005 0.984039 1.081447
 106.380005 1.137116 1.051245
 106.580005 0.924961 1.112983
 106.780005 0.990146 0.977388
 106.980005 0.926941 1.115629
 107.180005 1.047048 1.067203
 107.380005 1.032720 1.139606
 107.580005 0.941647 0.944341
 107.780005 1.081246 1.243833
 107.980005 1.133274 1.025628
 108.180005 0.768249 1.186312
 108.380005 1.026949 0.952326
 108.580005 1.040817 1.236222
 108.780005 0.862936 0.957336
 108.980005 0.921804 1.283056
 109.180005 1.064060 0.895942
 109.380005 0.971346 1.024678
 109.580005 0.979048 1.393285
 109.780005 0.964325 0.780590
 109.980005 0.952236 1.280980
 110.180005 1.028068 1.112726
 110.380005 0.753383 0.996405
 110.580005 1.141378 1.041197
 110.780005 0.756199 1.296681
 110.980005 0.863810 0.903539
 111.180005 1.158805 1.253642
 111.380005 0.843289 0.990855
 111.580005 0.950369 1.106632
 111.780005 1.065366 1.018953
 111.980005 0.711084 1.047532
 112.180005 1.054813 1.180787
 112.380005 0.860137 1.108375
 112.580005 0.959822 1.081638
 112.780005 1.099804 1.039665
 112.980005 0.898822 1.103594
 113.180005 0.928512 0.949391
 113.380005 0.876327 1.274740
 113.580005 0.718344 1.047412
 113.780005 1.045037 1.170000
 113.980005 0.952098 0.984708
 114.180005 0.723112 1.094154
 114.380005 1.016411 1.188540
 114.580005 0.862477 1.046330
 114.780005 0.934880 1.036114
 114.980005 0.981367 1.267113
 115.180005 0.744907 0.979989
 115.380005 1.162962 1.152266
 115.580005 1.024382 1.069116
 115.780005 0.777461 0.952298
 115.980006 1.189107 1.320396
 116.180006 0.857508 0.892608
 116.380006 0.971371 1.184605
 116.580006 1.055555 1.121936
 116.780006 0.586287 0.934990
 116.980006 1.056445 1.263568
 117.180006 0.841249 1.181502
 117.380006 0.836715 0.954760
 117.580006 1.057031 1.248370
 117.780006 0.718054 1.054312
 117.980006 0.968991 1.079924
 118.180006 1.029744 1.131593
 118.380006 0.682271 1.032167
 118.580006 1.018478 1.145947
 118.780006 0.838322 1.037070
 118.980006 0.894626 1.061174
 119.180006 1.122494 1.277507
 119.380006 0.877199 0.852958
 119.580006 0.827308 1.218318
 119.780006 0.955768 1.077217
 119.980006 0.825781 0.894757
 120.180006 1.130736 1.284065
 120.380006 0.886515 0.902876
 120.580006 0.857176 1.302205
 120.780006 1.092270 1.066031
 120.980006 0.835065 1.062274
 121.180006 1.064571 1.249033
 121.380006 0.894246 0.900964
 121.580006 1.029592 1.306343
 121.780006 1.060481 0.997663
 121.980006 0.893791 1.088243
 122.180006 0.989425 1.193185
 122.380006 0.829727 0.979507
 122.580006 1.031816 1.046441
 122.780006 1.060188 1.040476
 122.980006 0.752583 0.945573
 123.180006 1.003717 1.253696
 123.380006 0.900004 0.905220
 123.580006 0.807814 1.019340
 123.780006 1.059102 1.446509
 123.980006 0.962528 0.687029
 124.180006 1.060552 1.180064
 124.380006 0.770344 1.099126
 124.580006 0.852472 0.924174
 124.780006 1.007632 1.223881
 124.980006 0.994813 0.988376
 125.180006 1.038859 1.057738
 125.380006 1.093741 1.263581
 125.580006 0.872751 0.684318
 125.780006 1.050112 1.253845
 125.980006 1.020188 0.993804
 126.180006 0.925402 1.035747
 126.380006 1.240631 1.080775
 126.580006 0.689037 1.109759
 126.780006 1.204781 1.071518
 126.980006 1.223793 1.179810
 127.180006 0.962815 1.028660
 127.380006 1.100665 1.065534
 127.580006 0.973350 1.135503
 127.780006 1.110183 1.000203
 127.980006 1.216226 1.066933
 128.180006 1.036499 0.918880
 128.380006 1.097855 1.168887
 128.580006 1.003204 0.987418
 128.780006 0.820310 1.077560
 128.980006 1.137681 1.067267
 129.180006 0.991090 1.101628
 129.380006 1.101940 0.985586
 129.580006 1.167808 1.130177
 129.780006 0.812941 1.028260
 129.980006 1.242018 1.098204
 130.180006 0.982771 1.267314
 130.380006 1.033771 0.824785
 130.580006 1.082565 1.178834
 130.780006 0.943181 1.124364
 130.980006 1.252733 0.952148
 131.180006 1.061124 1.197491
 131.380006 0.947313 1.111449
 131.580006 1.124609 1.002197
 131.780006 1.015334 1.050893
 131.980006 0.911287 1.182088
 132.180006 1.125920 0.922468
 132.380006 1.039309 1.080025
 132.580006 1.068577 1.169924
 132.780006 1.144213 1.143506
 132.980006 1.055707 1.084409
 133.180006 1.002721 1.063005
 133.380006 0.937830 1.092479
 133.580006 0.920847 1.178477
 133.780006 1.124199 0.936628
 133.980006 1.046989 1.113393
 134.180006 0.999743 1.124501
 134.380006 1.104359 1.022112
 134.580006 0.967333 1.152029
 134.780006 1.080513 0.894913
 134.980006 1.037984 1.185154
 135.180006 1.132015 1.105159
 135.380006 1.043514 0.937920
 135.580006 0.907364 1.126590
 135.780006 1.051150 1.134185
 135.980006 1.019721 1.085924
 136.180006 1.032110 1.031801
 136.380006 1.021823 1.093266
 136.580006 0.939851 1.059775
 136.780006 1.175702 1.100689
 136.980007 1.335313 0.931513
 137.180007 0.888141 1.154031
 137.380007 1.109141 1.021493
 137.580007 0.997872 1.092822
 137.780007 0.997571 1.117661
 137.980007 1.172787 1.125448
 138.180007 1.190412 0.902127
 138.380007 1.112200 1.186896
 138.580007 1.021210 1.149152
 138.780007 1.126761 0.937564
 138.980007 1.142385 0.928597
 139.180007 1.072261 1.207788
 139.380007 1.051518 1.248598
 139.580007 1.068872 0.825165
 139.780007 1.164215 1.104625
 139.980007 1.074812 1.069693
 140.180007 1.015460 1.175470
 140.380007 1.229442 0.862056
 140.580007 1.048721 0.984815
 140.780007 0.963191 1.329170
 140.980007 1.063704 0.843877
 141.180007 0.931289 1.167011
 141.380007 1.035962 1.023012
 141.580007 0.978541 1.166492
 141.780007 0.956764 0.854401
 141.980007 1.014215 1.130298
 142.180007 1.013535 1.119519
 142.380007 1.109543 0.974834
 142.580007 0.989037 1.039716
 142.780007 0.966533 1.136091
 142.980007 1.002421 1.100414
 143.180007 1.040032 0.959852
 143.380007 1.094256 1.199654
 143.580007 0.849947 1.035038
 143.780007 0.983459 1.084797
 143.980007 1.144893 1.238588
 144.180007 0.801160 1.049296
 144.380007 1.185813 0.959707
 144.580007 0.916553 1.269321
 144.780007 0.791793 1.024208
 144.980007 1.203625 1.250716
 145.180007 1.026193 0.961552
 145.380007 0.922263 1.032060
 145.580007 0.997708 1.146128
 145.780007 0.813667 1.131941
 145.980007 0.806693 1.006683
 146.180007 1.111958 1.237796
 146.380007 0.993571 1.027216
 146.580007 1.113845 0.957433
 146.780007 1.096684 1.204070
 146.980007 0.929337 0.939767
 147.180007 0.930452 1.306524
 147.380007 1.202517 0.817227
 147.580007 0.814510 1.288378
 147.780007 1.171867 1.045005
 147.980007 1.044211 1.077385
 148.180007 1.076103 0.938590
 148.380007 0.896666 1.164481
 148.580007 0.921501 1.211147
 148.780007 1.119146 0.681951
 148.980007 1.060727 1.252406
 149.180007 0.977283 1.011477
 149.380007 1.038142 1.079859
 149.580007 1.133900 1.080791
 149.780007 0.898972 1.114174
 149.980007 1.169749 1.016972
 150.180007 0.992459 1.264058
 150.380007 0.893428 0.921139
 150.580007 1.099906 1.172542
 150.780007 0.852833 1.074942
 150.980007 1.028372 1.108162
 151.180007 1.216808 1.052033
 151.380007 1.041379 0.999260
 151.580007 0.957100 1.158765
 151.780007 0.982465 1.084132
 151.980007 0.891695 1.057708
 152.180007 1.031433 0.999674
 152.380007 0.980549 1.280966
 152.580007 0.958377 0.939910
 152.780007 1.014515 1.174173
 152.980007 0.982826 0.894420
 153.180007 0.873905 1.245162
 153.380007 1.042269 1.096854
 153.580007 1.203986 0.941157
 153.780007 1.012035 1.075075
 153.980007 0.956074 1.079440
 154.180007 0.955584 1.142320
 154.380007 1.093666 1.083468
 154.580007 0.887222 1.014735
 154.780007 0.855990 1.139163
 154.980007 1.123684 1.162226
 155.180007 0.895715 0.822930
 155.380007 0.923134 1.369333
 155.580007 1.111489 0.895239
 155.780007 0.809884 1.148407
 155.980007 1.042519 1.195125
 156.180007 0.940432 0.948013
 156.380007 0.938202 1.132855
 156.580007 1.066501 1.142450
 156.780007 0.678952 1.154342
 156.980007 1.194824 1.001775
 157.180007 0.742304 1.092666
 157.380007 1.019933 1.066061
 157.580007 1.033894 1.249020
 157.780007 0.948648 0.799970
 157.980008 1.103471 1.421270
 158.180008 1.051615 1.064380
 158.380008 0.996270 0.898592
 158.580008 1.053044 1.436473
 158.780008 0.849581 0.761782
 158.980008 1.024420 1.376496
 159.180008 1.026482 1.060623
 159.380008 0.737782 0.884671
 159.580008 1.174234 1.340077
 159.780008 0.897507 1.113451
 159.980008 0.740060 0.988865
 160.180008 1.106638 1.256002
 160.380008 0.739863 0.895607
 160.580008 1.012060 1.065202
 160.780008 0.953952 1.366530
 160.980008 0.882342 0.842845
 161.180008 1.191495 1.310220
 161.380008 1.030938 1.030879
 161.580008 0.828098 1.202900
 161.780008 1.258109 1.065155
 161.980008 0.874522 0.987147
 162.180008 0.910528 1.146223
 162.380008 1.112508 1.057914
 162.580008 0.883815 0.836587
 162.780008 1.176232 1.267880
 162.980008 1.074952 1.074773
 163.180008 0.838288 0.850520
 163.380008 1.022247 1.479632
 163.580008 0.843293 0.941549
 163.780008 0.869632 1.247806
 163.980008 1.250889 0.974885
 164.180008 0.672583 1.114870
 164.380008 1.019925 1.073587
 164.580008 0.890857 1.172165
 164.780008 0.698445 1.032291
 164.980008 0.984191 1.254547
 165.180008 0.780429 0.888331
 165.380008 0.849216 1.149062
 165.580008 0.791450 1.241094
 165.780008 0.903762 0.974931
 165.980008 1.003964 1.159134
 166.180008 0.788637 0.992826
 166.380008 0.828371 1.212610
 166.580008 0.974132 0.992646
 166.780008 0.887335 0.880521
 166.980008 0.884528 1.303135
 167.180008 0.881992 1.070201
 167.380008 0.796490 0.950399
 167.580008 1.126004 1.170553
 167.780008 0.731972 1.071030
 167.980008 0.777764 1.126982
 168.180008 1.102647 1.020205
 168.380008 0.621265 1.076487
 168.580008 0.970384 1.248200
 168.780008 1.032632 0.818117
 168.980008 0.725956 1.069800
 169.180008 0.861312 1.156825
 169.380008 0.726075 1.068738
 169.580008 1.006847 0.980838
 169.780008 0.779772 1.178633
 169.980008 0.715325 1.122983
 170.180008 1.038696 0.955670
 170.380008 0.949113 1.038544
 170.580008 0.791782 1.007994
 170.780008 1.007680 1.308615
 170.980008 0.885243 0.908208
 171.180008 1.126555 1.051475
 171.380008 1.017399 1.138673
 171.580008 0.611810 1.203933
 171.780008 1.098406 1.154100
 171.980008 1.144501 0.915446
 172.180008 0.694092 1.208189
 172.380008 1.144634 0.884354
 172.580008 0.885023 1.018070
 172.780008 0.903448 1.031432
 172.980008 0.957629 1.278576
 173.180008 0.923299 0.793524
 173.380008 1.041823 1.294916
 173.580008 0.875947 1.037730
 173.780008 1.107686 1.167641
 173.980008 1.096575 0.969415
 174.180008 0.984938 0.895447
 174.380008 1.069143 1.265498
 174.580008 0.923926 0.830775
 174.780008 1.040125 1.046535
 174.980008 1.098794 1.203973
 175.180008 0.918406 0.954241
 175.380008 1.122255 1.190969
 175.580008 1.103790 0.940250
 175.780008 1.058487 1.001602
 175.980008 0.999355 1.400116
 176.180008 1.096616 0.733969
 176.380008 1.161278 1.191367
 176.580008 1.278986 1.141489
 176.780008 0.848023 1.052957
 176.980008 1.149535 1.055768
 177.180008 1.125468 1.060147
 177.380008 0.921020 1.224770
 177.580008 1.161328 1.011058
 177.780008 1.040577 0.916081
 177.980008 1.128073 1.225156
 178.180008 0.984892 1.118244
 178.380008 0.942162 1.031469
 178.580008 1.157303 1.059192
 178.780008 0.944423 1.112634
 178.980009 1.014114 1.032680
 179.180009 1.005684 1.008881
 179.380009 0.977668 1.046235
 179.580009 1.120960 1.043384
 179.780009 1.005437 1.117289
 179.980009 1.059970 0.928530
 180.180009 1.091589 1.180208
 180.380009 1.041097 1.064519
 180.580009 1.208132 0.902041
 180.780009 1.026805 1.217851
 180.980009 1.039065 1.007146
 181.180009 1.020920 1.096912
 181.380009 1.007114 1.046269
 181.580009 1.025047 1.100829
 181.780009 1.176080 1.128233
 181.980009 1.202601 0.975075
 182.180009 0.999003 0.997233
 182.380009 0.992135 1.233113
 182.580009 1.121851 0.897085
 182.780009 1.126372 1.052742
 182.980009 1.056524 1.037634
 183.180009 0.924149 1.104799
 183.380009 1.052162 1.083764
 183.580009 0.963838 1.020341
 183.780009 1.065984 1.107315
 183.980009 0.915345 1.028953
 184.180009 1.014196 1.029006
 184.380009 1.258542 0.833535
 184.580009 0.883047 1.305292
 184.780009 1.116428 0.872805
 184.980009 1.042069 1.252293
 185.180009 1.096652 0.899011
 185.380009 0.890816 1.271486
 185.580009 1.179181 0.934951
 185.780009 0.984449 1.073680
 185.980009 0.962013 1.144520
 186.180009 1.090336 0.994805
 186.380009 0.934360 1.207929
 186.580009 1.131839 0.762296
 186.780009 0.996655 1.278166
 186.980009 0.967339 1.042579
 187.180009 1.091537 1.019141
 187.380009 1.151769 0.964604
 187.580009 0.801176 1.219777
 187.780009 1.108250 1.109492
 187.980009 1.117052 1.077009
 188.180009 0.843661 1.000735
 188.380009 1.075404 1.079037
 188.580009 0.855740 1.129874
 188.780009 1.127048 0.898262
 188.980009 0.992505 1.281034
 189.180009 0.832873 0.905054
 189.380009 1.131487 1.288371
 189.580009 0.964434 1.031654
 189.780009 0.903944 0.972754
 189.980009 0.986862 1.246520
 190.180009 0.857127 0.967815
 190.380009 0.949346 1.049851
 190.580009 0.996251 1.066833
 190.780009 0.695431 1.154967
 190.980009 1.056565 1.099492
 191.180009 0.951538 1.038052
 191.380009 0.895546 1.099744
 191.580009 0.956636 1.082520
 191.780009 0.827489 1.101901
 191.980009 1.021205 1.245277
 192.180009 0.908789 1.025984
 192.380009 0.956405 1.027397
 192.580009 0.915972 1.183725
 192.780009 0.805791 1.089617
 192.980009 1.068593 1.020330
 193.180009 0.938535 1.112995
 193.380009 0.950125 1.110163
 193.580009 1.113432 1.113063
 193.780009 0.828079 1.086991
 193.980009 1.065263 1.045669
 194.180009 0.962481 1.206456
 194.380009 0.955487 1.015403
 194.580009 1.152513 1.111395
 194.780009 0.988516 0.914519
 194.980009 0.794969 1.205517
 195.180009 1.080239 1.072284
 195.380009 0.832531 0.963759
 195.580009 0.930142 1.078544
 195.780009 0.899689 1.190211
 195.980009 0.981236 0.912395
 196.180009 0.964477 1.152195
 196.380009 0.865942 0.985800
 196.580009 1.001551 1.051481
 196.780009 1.013356 1.253574
 196.980009 1.057007 0.786492
 197.180009 0.867887 1.314420
 197.380009 0.887527 1.022991
 197.580009 0.903019 1.132842
 197.780009 1.032498 1.051025
 197.980009 0.933535 0.926860
 198.180009 1.089086 1.175415
 198.380009 1.078329 1.103928
 198.580009 0.836604 0.861646
 198.780009 1.050785 1.161650
 198.980009 0.777793 1.116969
 199.180009 1.167540 0.942130
 199.380009 1.120924 1.162598
 199.580009 0.840456 0.913129
 199.780009 1.149947 1.285702
 199.980009 0.940687 0.920719
