#! FIELDS time phi psi
#! SET max_psi pi
 0.180000 -2.898122 -1.623894
 0.380000 -2.393926 -1.609699
 0.580000 -2.589638 -1.374230
 0.780000 -2.871927 -1.562927
 0.980000 -2.371408 -1.409389
 1.180000 -2.923501 -1.450373
 1.380000 -2.441606 -1.534556
 1.580000 -2.484608 -1.349060
 1.780000 -2.592446 -1.592345
 1.980000 -2.893044 -1.420274
 2.180000 -2.353663 -1.714490
 2.380000 -2.880584 -1.293242
 2.580000 -2.792178 -1.730810
 2.780000 -2.559175 -1.446284
 2.980000 -2.844915 -1.698630
 3.180000 -2.910562 -1.522352
 3.380000 -2.512939 -1.573530
 3.580000 -2.889557 -1.534425
 3.780000 -2.939443 -1.512755
 3.980000 -2.698841 -1.879376
 4.180000 -2.776394 -1.325464
 4.380000 -2.753350 -1.738614
 4.580000 -2.708637 -1.575124
 4.780000 -2.686014 -1.495828
 4.980000 -2.903856 -1.604787
 5.180000 -2.578360 -1.503651
 5.380000 -2.632834 -1.598930
 5.580000 -2.784445 -1.529040
 5.780000 -2.775843 -1.632380
 5.980000 -2.542077 -1.547516
 6.180000 -2.953279 -1.394339
 6.380000 -2.345309 -1.661396
 6.580000 -2.931731 -1.408895
 6.780000 -2.493665 -1.725520
 6.980000 -2.863435 -1.382089
 7.180000 -2.579468 -1.608424
 7.380000 -2.975278 -1.434510
 7.580000 -2.471695 -1.539994
 7.780000 -2.756512 -1.559058
 7.980000 -2.713821 -1.518763
 8.180000 -2.786881 -1.565508
 8.380000 -2.628273 -1.615290
 8.580000 -2.891083 -1.550241
 8.780000 -2.723159 -1.566174
 8.980000 -2.769318 -1.678315
 9.180000 -2.915159 -1.588594
 9.380000 -2.907736 -1.727720
 9.580000 -2.864484 -1.764928
 9.780000 -2.933556 -1.487699
 9.980000 -2.757017 -1.735657
 10.180000 -2.848570 -1.508797
 10.380000 -2.864803 -1.620868
 10.580001 -2.711217 -1.523325
 10.780001 -2.569571 -1.452960
 10.980001 -2.879821 -1.590406
 11.180001 -2.462034 -1.388334
 11.380001 -2.789684 -1.539904
 11.580001 -2.502121 -1.531097
 11.780001 -2.732584 -1.364404
 11.980001 -2.468647 -1.649807
 12.180001 -2.692730 -1.212798
 12.380001 -2.416843 -1.836540
 12.580001 -2.700318 -1.118945
 12.780001 -2.590310 -1.784812
 12.980001 -2.791875 -1.376145
 13.180001 -2.611665 -1.544118
 13.380001 -2.761297 -1.624356
 13.580001 -2.614534 -1.481854
 13.780001 -2.825185 -1.604073
 13.980001 -2.586450 -1.661864
 14.180001 -2.835229 -1.559203
 14.380001 -2.808117 -1.774087
 14.580001 -2.599004 -1.435478
 14.780001 -2.807047 -1.811580
 14.980001 -2.829721 -1.363282
 15.180001 -2.794937 -1.708648
 15.380001 -2.716328 -1.741989
 15.580001 -2.807653 -1.313773
 15.780001 -2.639494 -1.950550
 15.980001 -2.827793 -1.319971
 16.180001 -2.616180 -1.759728
 16.380001 -2.985943 -1.591222
 16.580001 -2.513167 -1.569763
 16.780001 -3.019464 -1.599450
 16.980001 -2.551376 -1.462094
 17.180001 -2.718953 -1.570485
 17.380001 -2.728059 -1.447029
 17.580001 -2.668248 -1.539186
 17.780001 -2.551510 -1.637865
 17.980001 -2.990982 -1.411027
 18.180001 -2.530702 -1.769148
 18.380001 -2.705819 -1.370657
 18.580001 -2.728246 -1.626214
 18.780001 -2.869916 -1.556581
 18.980001 -2.464617 -1.442038
 19.180001 -2.893971 -1.657540
 19.380001 -2.526853 -1.305448
 19.580001 -2.776862 -1.639642
 19.780001 -2.679547 -1.561507
 19.980001 -2.835556 -1.547679
 20.180001 -2.459219 -1.782010
 20.380001 -2.913324 -1.307898
 20.580001 -2.558707 -1.773782
 20.780001 -2.744269 -1.341073
 20.980001 -2.636755 -1.605149
 21.180001 -2.797403 -1.601346
 21.380001 -2.304853 -1.502651
 21.580001 -2.874417 -1.499970
 21.780001 -2.569391 -1.549005
 21.980001 -2.872708 -1.589568
 22.180001 -2.729026 -1.651457
 22.380001 -2.910233 -1.465920
 22.580001 -2.676944 -1.821852
 22.780001 -2.981224 -1.528832
 22.980001 -2.727786 -1.643302
 23.180001 -2.853864 -1.631748
 23.380001 -2.862530 -1.529255
 23.580001 -2.718576 -1.536938
 23.780001 -2.683685 -1.610590
 23.980001 -2.894033 -1.602595
 24.180001 -2.649054 -1.443703
 24.380001 -2.731178 -1.605090
 24.580001 -2.699417 -1.593054
 24.780001 -2.718706 -1.432801
 24.980001 -2.551736 -1.729707
 25.180001 -2.884435 -1.214986
 25.380001 -2.717648 -1.812353
 25.580001 -2.709840 -1.310679
 25.780001 -2.693832 -1.564172
 25.980001 -2.642284 -1.477933
 26.180001 -2.655398 -1.440025
 26.380001 -2.731673 -1.772367
 26.580001 -2.793119 -1.359949
 26.780001 -2.644795 -1.891508
 26.980001 -2.716501 -1.375584
 27.180001 -2.733645 -1.673182
 27.380001 -2.579368 -1.741951
 27.580001 -3.065476 -1.203699
 27.780001 -2.760200 -2.115452
 27.980001 -2.769839 -1.260756
 28.180001 -2.878138 -1.732616
 28.380001 -2.645547 -1.519061
 28.580001 -2.677480 -1.685146
 28.780001 -2.902762 -1.592533
 28.980001 -2.630037 -1.431449
 29.180001 -2.805751 -1.895468
 29.380001 -2.933296 -1.248758
 29.580001 -2.867098 -2.005668
 29.780001 -2.697681 -1.398501
 29.980001 -3.067262 -1.641924
 30.180001 -2.636269 -1.814226
 30.380001 -2.883242 -1.419837
 30.580001 -2.737837 -1.722939
 30.780001 -2.510031 -1.381237
 30.980001 -2.741189 -1.647896
 31.180001 -2.745520 -1.431556
 31.380001 -2.554945 -1.568903
 31.580001 -2.722111 -1.607190
 31.780002 -2.902561 -1.330655
 31.980002 -2.625382 -1.837767
 32.180002 -2.708396 -1.288412
 32.380002 -2.635353 -1.662546
 32.580002 -2.452279 -1.615401
 32.780002 -2.855609 -1.516640
 32.980002 -2.759739 -1.624104
 33.180002 -2.616102 -1.421758
 33.380002 -2.582642 -1.664505
 33.580002 -2.771994 -1.457530
 33.780002 -2.493192 -1.458153
 33.980002 -2.754531 -1.707470
 34.180002 -2.618154 -1.246108
 34.380002 -2.799300 -1.703043
 34.580002 -2.535637 -1.375175
 34.780002 -2.802602 -1.705721
 34.980002 -2.604856 -1.540950
 35.180002 -2.733454 -1.512011
 35.380002 -2.638912 -1.780592
 35.580002 -2.828371 -1.316318
 35.780002 -2.510707 -1.989418
 35.980002 -2.859328 -1.223619
 36.180002 -2.698702 -1.867654
 36.380002 -2.729669 -1.552360
 36.580002 -2.691822 -1.346266
 36.780002 -2.753685 -1.837212
 36.980002 -2.549531 -1.438633
 37.180002 -2.936078 -1.734795
 37.380002 -2.586065 -1.509992
 37.580002 -2.788948 -1.790360
 37.780002 -2.753658 -1.565306
 37.980002 -2.664150 -1.500694
 38.180002 -2.752798 -1.835249
 38.380002 -2.753523 -1.327328
 38.580002 -2.505415 -1.603891
 38.780002 -2.759955 -1.581556
 38.980002 -2.660641 -1.264057
 39.180002 -2.568371 -1.647824
 39.380002 -2.752202 -1.300995
 39.580002 -2.640144 -1.701226
 39.780002 -2.613766 -1.357851
 39.980002 -2.760177 -1.499286
 40.180002 -2.746725 -1.605673
 40.380002 -2.672473 -1.380449
 40.580002 -2.942762 -1.657916
 40.780002 -2.561027 -1.313656
 40.980002 -2.735218 -1.681825
 41.180002 -2.687143 -1.285062
 41.380002 -2.661551 -1.580441
 41.580002 -2.697890 -1.703662
 41.780002 -2.769940 -1.341379
 41.980002 -2.692747 -1.653962
 42.180002 -2.743371 -1.638304
 42.380002 -2.760915 -1.563916
 42.580002 -2.785566 -1.659932
 42.780002 -2.571379 -1.431401
 42.980002 -3.009124 -1.919310
 43.180002 -2.716713 -1.486264
 43.380002 -2.887120 -1.695762
 43.580002 -2.834964 -1.763744
 43.780002 -2.996563 -1.593195
 43.980002 -2.600617 -1.767785
 44.180002 -2.940911 -1.586592
 44.380002 -2.596801 -1.696692
 44.580002 -2.892334 -1.601660
 44.780002 -2.667608 -1.462097
 44.980002 -2.702954 -1.551836
 45.180002 -2.606644 -1.454157
 45.380002 -2.807341 -1.414265
 45.580002 -2.464533 -1.455677
 45.780002 -2.598469 -1.374611
 45.980002 -2.490027 -1.627770
 46.180002 -2.532949 -1.250735
 46.380002 -2.484640 -1.568968
 46.580002 -2.724570 -1.371316
 46.780002 -2.578651 -1.478207
 46.980002 -2.739088 -1.538340
 47.180002 -2.660286 -1.379697
 47.380002 -2.647338 -1.679476
 47.580002 -2.597263 -1.519702
 47.780002 -2.863301 -1.558195
 47.980002 -2.729034 -1.613172
 48.180002 -2.792720 -1.509984
 48.380002 -2.876589 -1.679676
 48.580002 -2.820806 -1.502643
 48.780002 -2.778148 -1.730675
 48.980002 -2.827088 -1.519378
 49.180002 -2.821276 -1.625129
 49.380002 -2.758829 -1.762978
 49.580002 -2.763839 -1.513623
 49.780002 -2.796369 -1.787839
 49.980002 -2.710905 -1.430312
 50.180002 -2.893869 -1.732978
 50.380002 -2.696450 -1.484898
 50.580002 -2.741936 -1.560508
 50.780002 -2.797010 -1.638995
 50.980002 -2.845965 -1.438566
 51.180002 -2.609476 -1.717405
 51.380002 -2.758676 -1.374026
 51.580002 -2.588530 -1.688513
 51.780002 -2.672069 -1.455566
 51.980002 -2.694471 -1.376129
 52.180002 -2.568104 -1.632032
 52.380002 -2.572634 -1.314157
 52.580002 -2.800398 -1.534764
 52.780003 -2.523533 -1.330509
 52.980003 -2.672595 -1.680121
 53.180003 -2.662815 -1.379256
 53.380003 -2.746377 -1.467912
 53.580003 -2.638037 -1.713660
 53.780003 -2.655957 -1.328058
 53.980003 -2.658719 -1.742433
 54.180003 -2.840913 -1.258820
 54.380003 -2.631557 -1.652120
 54.580003 -2.612330 -1.487274
 54.780003 -2.713657 -1.492244
 54.980003 -2.658645 -1.687947
 55.180003 -2.582038 -1.389728
 55.380003 -2.934064 -1.642478
 55.580003 -2.514128 -1.524084
 55.780003 -2.921701 -1.637325
 55.980003 -2.769717 -1.720601
 56.180003 -2.731528 -1.361394
 56.380003 -2.661026 -1.872626
 56.580003 -2.923078 -1.320070
 56.780003 -2.583960 -1.829843
 56.980003 -2.742340 -1.435757
 57.180003 -2.660307 -1.459545
 57.380003 -2.642953 -1.742599
 57.580003 -2.554857 -1.313792
 57.780003 -2.726982 -1.624271
 57.980003 -2.431611 -1.496369
 58.180003 -2.761846 -1.510816
 58.380003 -2.658101 -1.537056
 58.580003 -2.791885 -1.354701
 58.780003 -2.597399 -1.790081
 58.980003 -2.795063 -1.122374
 59.180003 -2.412010 -1.792152
 59.380003 -2.692713 -1.351508
 59.580003 -2.548273 -1.597810
 59.780003 -2.717167 -1.585471
 59.980003 -2.708374 -1.374926
 60.180003 -2.755350 -1.686670
 60.380003 -2.531768 -1.310653
 60.580003 -2.752127 -1.763615
 60.780003 -2.699742 -1.502497
 60.980003 -2.723062 -1.507221
 61.180003 -2.695593 -1.779302
 61.380003 -2.805685 -1.370610
 61.580003 -2.776275 -1.973926
 61.780003 -2.805197 -1.227039
 61.980003 -2.647877 -1.821025
 62.180003 -2.884435 -1.349901
 62.380003 -2.657846 -1.515810
 62.580003 -2.640557 -1.702307
 62.780003 -2.828563 -1.336718
 62.980003 -2.778386 -1.892379
 63.180003 -2.612424 -1.441683
 63.380003 -2.924501 -1.721588
 63.580003 -2.850229 -1.528588
 63.780003 -2.710483 -1.585655
 63.980003 -2.833004 -1.681685
 64.180003 -2.765093 -1.469410
 64.380003 -2.752528 -1.713331
 64.580003 -2.666815 -1.453030
 64.780003 -2.783050 -1.556328
 64.980003 -2.553822 -1.581234
 65.180003 -2.556280 -1.328260
 65.380003 -2.686056 -1.642475
 65.580003 -2.648134 -1.421990
 65.780003 -2.590764 -1.480631
 65.980003 -2.728547 -1.595328
 66.180003 -2.598512 -1.393095
 66.380003 -2.544035 -1.608054
 66.580003 -2.771041 -1.330117
 66.780003 -2.649723 -1.592838
 66.980003 -2.413090 -1.435950
 67.180003 -2.749757 -1.430206
 67.380003 -2.648289 -1.649725
 67.580003 -2.509128 -1.377036
 67.780003 -2.611516 -1.357513
 67.980003 -2.663895 -1.560592
 68.180003 -2.408288 -1.396919
 68.380003 -2.754340 -1.531500
 68.580003 -2.708810 -1.341663
 68.780003 -2.527782 -1.631061
 68.980003 -2.634296 -1.605728
 69.180003 -2.820449 -1.351673
 69.380003 -2.633419 -1.723427
 69.580003 -2.688421 -1.370130
 69.780003 -2.676014 -1.593267
 69.980003 -2.798569 -1.448739
 70.180003 -2.579435 -1.536803
 70.380003 -2.772871 -1.494395
 70.580003 -2.709987 -1.488183
 70.780003 -2.681056 -1.776960
 70.980003 -2.833528 -1.389406
 71.180003 -2.753696 -1.644538
 71.380003 -2.808321 -1.533590
 71.580003 -2.670298 -1.638419
 71.780003 -2.850610 -1.596393
 71.980003 -2.723644 -1.528610
 72.180003 -2.992330 -1.882729
 72.380003 -2.679802 -1.226305
 72.580003 -2.860588 -1.930633
 72.780003 -2.677050 -1.420412
 72.980003 -2.735050 -1.592704
 73.180003 -2.825724 -1.734748
 73.380003 -2.834731 -1.465566
 73.580003 -2.838053 -1.845378
 73.780004 -2.698938 -1.348981
 73.980004 -2.693104 -1.740763
 74.180004 -2.788338 -1.537400
 74.380004 -2.608377 -1.368199
 74.580004 -2.606898 -1.714395
 74.780004 -2.638407 -1.203568
 74.980004 -2.683153 -1.775641
 75.180004 -2.548910 -1.188952
 75.380004 -2.676626 -1.815190
 75.580004 -2.698640 -1.472669
 75.780004 -2.608284 -1.396897
 75.980004 -2.571142 -1.882830
 76.180004 -2.869299 -1.173048
 76.380004 -2.518040 -1.868579
 76.580004 -2.781885 -1.432816
 76.780004 -2.694248 -1.515542
 76.980004 -2.614680 -1.782381
 77.180004 -2.601646 -1.283115
 77.380004 -2.808849 -1.667418
 77.580004 -2.553469 -1.321979
 77.780004 -2.728816 -1.676357
 77.980004 -2.546665 -1.390304
 78.180004 -2.769584 -1.565522
 78.380004 -2.511936 -1.545426
 78.580004 -2.848117 -1.291934
 78.780004 -2.548188 -1.815352
 78.980004 -2.811661 -1.140962
 79.180004 -2.559498 -1.702254
 79.380004 -2.870766 -1.430001
 79.580004 -2.597071 -1.591017
 79.780004 -2.772717 -1.638393
 79.980004 -2.399475 -1.503089
 80.180004 -2.887309 -1.608064
 80.380004 -2.489051 -1.468452
 80.580004 -2.750402 -1.657728
 80.780004 -2.636932 -1.432680
 80.980004 -2.731477 -1.626460
 81.180004 -2.496560 -1.699032
 81.380004 -2.817248 -1.401201
 81.580004 -2.650193 -1.725260
 81.780004 -2.772769 -1.389970
 81.980004 -2.594481 -1.482036
 82.180004 -2.671709 -1.566739
 82.380004 -2.591954 -1.464399
 82.580004 -2.759460 -1.645331
 82.780004 -2.698695 -1.258230
 82.980004 -2.639602 -1.768874
 83.180004 -2.796188 -1.345808
 83.380004 -2.657937 -1.497472
 83.580004 -2.617629 -1.762381
 83.780004 -2.913922 -1.376038
 83.980004 -2.706120 -1.658873
 84.180004 -2.692832 -1.603279
 84.380004 -2.843746 -1.578060
 84.580004 -2.660606 -1.648783
 84.780004 -2.680479 -1.502762
 84.980004 -2.901195 -1.710598
 85.180004 -2.850062 -1.359232
 85.380004 -2.759524 -1.836852
 85.580004 -2.837433 -1.516203
 85.780004 -2.804254 -1.560881
 85.980004 -2.622271 -1.804554
 86.180004 -2.879962 -1.375727
 86.380004 -2.835864 -1.715521
 86.580004 -2.575822 -1.417719
 86.780004 -2.771663 -1.620564
 86.980004 -2.946564 -1.501481
 87.180004 -2.628925 -1.481143
 87.380004 -2.745907 -1.785974
 87.580004 -2.887427 -1.091985
 87.780004 -2.531038 -1.867851
 87.980004 -2.814342 -1.292422
 88.180004 -2.679710 -1.656876
 88.380004 -2.554165 -1.433450
 88.580004 -2.784605 -1.589699
 88.780004 -2.741683 -1.515330
 88.980004 -2.551613 -1.443026
 89.180004 -2.722573 -1.629798
 89.380004 -2.554335 -1.230067
 89.580004 -2.594448 -1.707343
 89.780004 -2.668125 -1.391816
 89.980004 -2.744983 -1.410993
 90.180004 -2.599259 -1.580663
 90.380004 -2.787246 -1.497393
 90.580004 -2.650980 -1.534606
 90.780004 -2.649465 -1.446447
 90.980004 -2.793764 -1.706681
 91.180004 -2.886089 -1.577787
 91.380004 -2.618048 -1.531787
 91.580004 -2.876583 -1.790902
 91.780004 -2.849114 -1.553837
 91.980004 -2.883006 -1.830510
 92.180004 -2.892519 -1.617686
 92.380004 -2.934724 -1.699440
 92.580004 -2.803306 -1.690626
 92.780004 -2.862014 -1.456714
 92.980004 -2.839404 -1.930715
 93.180004 -2.777501 -1.290826
 93.380004 -2.686489 -1.858020
 93.580004 -2.836189 -1.380710
 93.780004 -2.724451 -1.718264
 93.980004 -2.691400 -1.516935
 94.180004 -2.726068 -1.492643
 94.380004 -2.711232 -1.837016
 94.580004 -2.567584 -1.246145
 94.780005 -2.699150 -1.707219
 94.980005 -2.654882 -1.382948
 95.180005 -2.679490 -1.545262
 95.380005 -2.407923 -1.492985
 95.580005 -2.655402 -1.422843
 95.780005 -2.724266 -1.798268
 95.980005 -2.613457 -1.129148
 96.180005 -2.582394 -1.790942
 96.380005 -2.824244 -1.352360
 96.580005 -2.481937 -1.498815
 96.780005 -2.655530 -1.539825
 96.980005 -2.772995 -1.352761
 97.180005 -2.643925 -1.716092
 97.380005 -2.526221 -1.438724
 97.580005 -2.984131 -1.483234
 97.780005 -2.676612 -1.745538
 97.980005 -2.813102 -1.479963
 98.180005 -2.786114 -1.740688
 98.380005 -2.767758 -1.454591
 98.580005 -2.604072 -1.768855
 98.780005 -2.942542 -1.518693
 98.980005 -2.577175 -1.563589
 99.180005 -2.812739 -1.726870
 99.380005 -2.721245 -1.280222
 99.580005 -2.858010 -1.866429
 99.780005 -2.625465 -1.392740
 99.980005 -2.859063 -1.626919
 100.180005 -2.810698 -1.717481
 100.380005 -2.782557 -1.438470
 100.580005 -2.794235 -1.984823
 100.780005 -2.754537 -1.176172
 100.980005 -2.732379 -1.940079
 101.180005 -2.594306 -1.399841
 101.380005 -2.599797 -1.415433
 101.580005 -2.605389 -1.802713
 101.780005 -2.696970 -0.958158
 101.980005 -2.691020 -2.032576
 102.180005 -2.705395 -1.018003
 102.380005 -2.612101 -1.953091
 102.580005 -2.630778 -1.293301
 102.780005 -2.566067 -1.542312
 102.980005 -2.756537 -1.708891
 103.180005 -2.588705 -1.291352
 103.380005 -2.817189 -1.859892
 103.580005 -2.747322 -1.162114
 103.780005 -2.737106 -1.847223
 103.980005 -2.658103 -1.439628
 104.180005 -2.716631 -1.553451
 104.380005 -2.682937 -2.032303
 104.580005 -2.841751 -1.102254
 104.780005 -2.678008 -2.058777
 104.980005 -2.823055 -1.290200
 105.180005 -2.689039 -1.615157
 105.380005 -2.670777 -1.668036
 105.580005 -2.669722 -1.517579
 105.780005 -2.775465 -1.696112
 105.980005 -2.569995 -1.266126
 106.180005 -2.759751 -1.825806
 106.380005 -2.676044 -1.364637
 106.580005 -2.649269 -1.531260
 106.780005 -2.592664 -1.806819
 106.980005 -2.766426 -1.195025
 107.180005 -2.600454 -2.013688
 107.380005 -2.842069 -1.246778
 107.580005 -2.667737 -1.700956
 107.780005 -2.560689 -1.460599
 107.980005 -2.646425 -1.529190
 108.180005 -2.759128 -1.621372
 108.380005 -2.482365 -1.313566
 108.580005 -2.651846 -1.575678
 108.780005 -2.766427 -1.406056
 108.980005 -2.536902 -1.603574
 109.180005 -2.673914 -1.519228
 109.380005 -2.664922 -1.287759
 109.580005 -2.643064 -1.724369
 109.780005 -2.683876 -1.247859
 109.980005 -2.758546 -1.802138
 110.180005 -2.595861 -1.607847
 110.380005 -2.723049 -1.386192
 110.580005 -2.715658 -1.827668
 110.780005 -2.743016 -1.450359
 110.980005 -2.794306 -1.629986
 111.180005 -2.783530 -1.498647
 111.380005 -2.387914 -1.621821
 111.580005 -2.916470 -1.521628
 111.780005 -2.608613 -1.336488
 111.980005 -2.529788 -1.808356
 112.180005 -2.481314 -1.336437
 112.380005 -2.848783 -1.447740
 112.580005 -2.434343 -1.721204
 112.780005 -2.766484 -1.380473
 112.980005 -2.680547 -1.548289
 113.180005 -2.708990 -1.381845
 113.380005 -2.681394 -1.573231
 113.580005 -2.802790 -1.567809
 113.780005 -2.532061 -1.573690
 113.980005 -2.840892 -1.501808
 114.180005 -2.624425 -1.472851
 114.380005 -2.796917 -1.650616
 114.580005 -2.613273 -1.598366
 114.780005 -2.845884 -1.454903
 114.980005 -2.596235 -1.797013
 115.180005 -2.940502 -1.411711
 115.380005 -2.686637 -1.792753
 115.580005 -2.872259 -1.500073
 115.780005 -2.692137 -1.639691
 115.980006 -2.938027 -1.587864
 116.180006 -2.424766 -1.666285
 116.380006 -3.006139 -1.604515
 116.580006 -2.655090 -1.749202
 116.780006 -2.856282 -1.568824
 116.980006 -2.750485 -1.541510
 117.180006 -2.876279 -1.704321
 117.380006 -2.566729 -1.635694
 117.580006 -2.925257 -1.447607
 117.780006 -2.615875 -1.589470
 117.980006 -2.805894 -1.619493
 118.180006 -2.565542 -1.341426
 118.380006 -3.018752 -1.662365
 118.580006 -2.565310 -1.460842
 118.780006 -2.811944 -1.577362
 118.980006 -2.655472 -1.470593
 119.180006 -2.830403 -1.677999
 119.380006 -2.665658 -1.542251
 119.580006 -2.765784 -1.438612
 119.780006 -2.798326 -1.583843
 119.980006 -2.742337 -1.492940
 120.180006 -2.744796 -1.607904
 120.380006 -2.711783 -1.438473
 120.580006 -2.662411 -1.573482
 120.780006 -2.794562 -1.543035
 120.980006 -2.569389 -1.438356
 121.180006 -2.850113 -1.640454
 121.380006 -2.666763 -1.457856
 121.580006 -2.794060 -1.642890
 121.780006 -2.748289 -1.550717
 121.980006 -2.726040 -1.557204
 122.180006 -2.770981 -1.662858
 122.380006 -2.635404 -1.443978
 122.580006 -2.760367 -1.713477
 122.780006 -2.652890 -1.529407
 122.980006 -2.822195 -1.507402
 123.180006 -2.702471 -1.569830
 123.380006 -2.686059 -1.477648
 123.580006 -2.725194 -1.683297
 123.780006 -2.636525 -1.385197
 123.980006 -2.621145 -1.773087
 124.180006 -2.899101 -1.361677
 124.380006 -2.475523 -1.597821
 124.580006 -2.788773 -1.595535
 124.780006 -2.747206 -1.441960
 124.980006 -2.715306 -1.700327
 125.180006 -2.597892 -1.600150
 125.380006 -3.015718 -1.420390
 125.580006 -2.529976 -1.825393
 125.780006 -2.743709 -1.310222
 125.980006 -2.584207 -1.665970
 126.180006 -2.803994 -1.537569
 126.380006 -2.384193 -1.448277
 126.580006 -2.825706 -1.523963
 126.780006 -2.482321 -1.401194
 126.980006 -2.652814 -1.548235
 127.180006 -2.646497 -1.603171
 127.380006 -2.987847 -1.297561
 127.580006 -2.490683 -1.819819
 127.780006 -3.008387 -1.367313
 127.980006 -2.617320 -1.721652
 128.180006 -2.761379 -1.538939
 128.380006 -2.635585 -1.339410
 128.580006 -2.786004 -1.693469
 128.780006 -2.435285 -1.371422
 128.980006 -2.688615 -1.636949
 129.180006 -2.579748 -1.476785
 129.380006 -2.758067 -1.463041
 129.580006 -2.647849 -1.690159
 129.780006 -2.722308 -1.246963
 129.980006 -2.720699 -1.725431
 130.180006 -2.591266 -1.430930
 130.380006 -2.719975 -1.551714
 130.580006 -2.733843 -1.682769
 130.780006 -2.665055 -1.417014
 130.980006 -2.706801 -1.919661
 131.180006 -2.796269 -1.300317
 131.380006 -2.607457 -1.652850
 131.580006 -2.799340 -1.602765
 131.780006 -2.849243 -1.381435
 131.980006 -2.667528 -1.895964
 132.180006 -2.734667 -1.355692
 132.380006 -2.891895 -1.620310
 132.580006 -2.477465 -1.547923
 132.780006 -2.688393 -1.491526
 132.980006 -2.767440 -1.603014
 133.180006 -2.559563 -1.362650
 133.380006 -2.638620 -1.751484
 133.580006 -2.661642 -1.224499
 133.780006 -2.604860 -1.568475
 133.980006 -2.427705 -1.514533
 134.180006 -2.891753 -1.296208
 134.380006 -2.538254 -1.690379
 134.580006 -2.573649 -1.293002
 134.780006 -2.649236 -1.619142
 134.980006 -2.730630 -1.241331
 135.180006 -2.476931 -1.762697
 135.380006 -2.770189 -1.414029
 135.580006 -2.663507 -1.365010
 135.780006 -2.654460 -1.805622
 135.980006 -2.916683 -1.348456
 136.180006 -2.709438 -1.711015
 136.380006 -2.657422 -1.657922
 136.580006 -2.914254 -1.497490
 136.780006 -2.761098 -1.798094
 136.980007 -2.728123 -1.530928
 137.180007 -3.007953 -1.797424
 137.380007 -2.646777 -1.447751
 137.580007 -2.743905 -1.632144
 137.780007 -2.778276 -1.487347
 137.980007 -2.724756 -1.394059
 138.180007 -2.655408 -1.595063
 138.380007 -2.922429 -1.264529
 138.580007 -2.390137 -1.776391
 138.780007 -2.679240 -1.259353
 138.980007 -2.652063 -1.742162
 139.180007 -2.604454 -1.401611
 139.380007 -2.623598 -1.471210
 139.580007 -2.823855 -1.707869
 139.780007 -2.485551 -1.290559
 139.980007 -2.753063 -1.543278
 140.180007 -2.561426 -1.327263
 140.380007 -2.789122 -1.666017
 140.580007 -2.501289 -1.459078
 140.780007 -2.749937 -1.568889
 140.980007 -2.627966 -1.668014
 141.180007 -2.887642 -1.471376
 141.380007 -2.646960 -1.792711
 141.580007 -2.944470 -1.378102
 141.780007 -2.693875 -1.614589
 141.980007 -2.747508 -1.591388
 142.180007 -2.580819 -1.472933
 142.380007 -2.806179 -1.793136
 142.580007 -2.607416 -1.286009
 142.780007 -2.799703 -1.752626
 142.980007 -2.597542 -1.362416
 143.180007 -2.776251 -1.614399
 143.380007 -2.598401 -1.548030
 143.580007 -2.877138 -1.403404
 143.780007 -2.694804 -1.778683
 143.980007 -2.718538 -1.296730
 144.180007 -2.697673 -1.748104
 144.380007 -2.651608 -1.387698
 144.580007 -2.555558 -1.596715
 144.780007 -2.758382 -1.403901
 144.980007 -2.498760 -1.516464
 145.180007 -2.700717 -1.718715
 145.380007 -2.703923 -1.210017
 145.580007 -2.678083 -1.860725
 145.780007 -2.657329 -1.256503
 145.980007 -2.653966 -1.530024
 146.180007 -2.517195 -1.584082
 146.380007 -2.718725 -1.359332
 146.580007 -2.768775 -1.605307
 146.780007 -2.627860 -1.392995
 146.980007 -2.767628 -1.613284
 147.180007 -2.613275 -1.534746
 147.380007 -2.645938 -1.627222
 147.580007 -2.725434 -1.537986
 147.780007 -2.837648 -1.484607
 147.980007 -2.654861 -1.703519
 148.180007 -2.991744 -1.503938
 148.380007 -2.730318 -1.554103
 148.580007 -2.715181 -1.807928
 148.780007 -2.880572 -1.407252
 148.980007 -2.856475 -1.867720
 149.180007 -2.511277 -1.442575
 149.380007 -2.911524 -1.632372
 149.580007 -2.800871 -1.714477
 149.780007 -2.759824 -1.521296
 149.980007 -2.934104 -1.658455
 150.180007 -2.825966 -1.429592
 150.380007 -2.771730 -1.856963
 150.580007 -2.805449 -1.334027
 150.780007 -2.730057 -1.610683
 150.980007 -2.697380 -1.618560
 151.180007 -2.764737 -1.406742
 151.380007 -2.851094 -1.803708
 151.580007 -2.593466 -1.369567
 151.780007 -2.817827 -1.689124
 151.980007 -2.599011 -1.421235
 152.180007 -2.651670 -1.632417
 152.380007 -2.632655 -1.438119
 152.580007 -2.708779 -1.527182
 152.780007 -2.621623 -1.771250
 152.980007 -2.775375 -1.221154
 153.180007 -2.589517 -1.958640
 153.380007 -2.662123 -1.210143
 153.580007 -2.762308 -1.785547
 153.780007 -2.868812 -1.601578
 153.980007 -2.592304 -1.377258
 154.180007 -2.923029 -1.728175
 154.380007 -2.649929 -1.247526
 154.580007 -2.909543 -1.908069
 154.780007 -2.689151 -1.437734
 154.980007 -3.015489 -1.760813
 155.180007 -2.783687 -1.902664
 155.380007 -2.995634 -1.450574
 155.580007 -2.907520 -1.813372
 155.780007 -2.999752 -1.551927
 155.980007 -2.656673 -1.675158
 156.180007 -2.760540 -1.603432
 156.380007 -2.719146 -1.419558
 156.580007 -2.639288 -1.727026
 156.780007 -2.578346 -1.305818
 156.980007 -2.556490 -1.454087
 157.180007 -2.483658 -1.558114
 157.380007 -2.707845 -1.276504
 157.580007 -2.552609 -1.568361
 157.780007 -2.540634 -1.278204
 157.980008 -2.698504 -1.591826
 158.180008 -2.545352 -1.316703
 158.380008 -2.509987 -1.536634
 158.580008 -2.636489 -1.465115
 158.780008 -2.711903 -1.382683
 158.980008 -2.620313 -1.637315
 159.180008 -2.713261 -1.422305
 159.380008 -2.741099 -1.744657
 159.580008 -2.649951 -1.593556
 159.780008 -2.795163 -1.449943
 159.980008 -2.689783 -1.766941
 160.180008 -2.821030 -1.326955
 160.380008 -2.777832 -1.715955
 160.580008 -2.463591 -1.556320
 160.780008 -2.651500 -1.501565
 160.980008 -2.742780 -1.660693
 161.180008 -2.825877 -1.399924
 161.380008 -2.710261 -1.966266
 161.580008 -2.911673 -1.271586
 161.780008 -2.581707 -1.885478
 161.980008 -2.809265 -1.503112
 162.180008 -2.686437 -1.520030
 162.380008 -2.735422 -1.683091
 162.580008 -2.674502 -1.429110
 162.780008 -2.898002 -1.697812
 162.980008 -2.492493 -1.297680
 163.180008 -2.819288 -1.660740
 163.380008 -2.659846 -1.435099
 163.580008 -2.781649 -1.503626
 163.780008 -2.611756 -1.533229
 163.980008 -2.817127 -1.229366
 164.180008 -2.522816 -1.780776
 164.380008 -2.714284 -1.345777
 164.580008 -2.745652 -1.657744
 164.780008 -2.629641 -1.395068
 164.980008 -2.537875 -1.505341
 165.180008 -2.796138 -1.634616
 165.380008 -2.389292 -1.237326
 165.580008 -2.758707 -1.691834
 165.780008 -2.546464 -1.312228
 165.980008 -2.769588 -1.603266
 166.180008 -2.465081 -1.530991
 166.380008 -2.866610 -1.320462
 166.580008 -2.481184 -1.883550
 166.780008 -2.872049 -1.278816
 166.980008 -2.643494 -1.613988
 167.180008 -2.767703 -1.625318
 167.380008 -2.451288 -1.474902
 167.580008 -2.921977 -1.664241
 167.780008 -2.677231 -1.433495
 167.980008 -2.873238 -1.873165
 168.180008 -2.783000 -1.295827
 168.380008 -2.738898 -1.814969
 168.580008 -2.871135 -1.654871
 168.780008 -2.771599 -1.434471
 168.980008 -2.669059 -1.866138
 169.180008 -2.736924 -1.375663
 169.380008 -2.727329 -1.751008
 169.580008 -2.603354 -1.465847
 169.780008 -2.755097 -1.631848
 169.980008 -2.760417 -1.493215
 170.180008 -2.608123 -1.431734
 170.380008 -2.660945 -1.662013
 170.580008 -2.694674 -1.272515
 170.780008 -2.456190 -1.730198
 170.980008 -2.754845 -1.315536
 171.180008 -2.689975 -1.659532
 171.380008 -2.690472 -1.497862
 171.580008 -2.676348 -1.422023
 171.780008 -2.998893 -1.809608
 171.980008 -2.595372 -1.276214
 172.180008 -2.933647 -1.740525
 172.380008 -2.708255 -1.368768
 172.580008 -2.768037 -1.833411
 172.780008 -2.728315 -1.466589
 172.980008 -2.892312 -1.584706
 173.180008 -2.703327 -1.751921
 173.380008 -2.816415 -1.467271
 173.580008 -2.798520 -1.629578
 173.780008 -2.778205 -1.521992
 173.980008 -2.828680 -1.657038
 174.180008 -2.805328 -1.651694
 174.380008 -2.737579 -1.467932
 174.580008 -2.755337 -1.582528
 174.780008 -2.750660 -1.557414
 174.980008 -2.857509 -1.623568
 175.180008 -2.692099 -1.440464
 175.380008 -2.802976 -1.660715
 175.580008 -2.781703 -1.520278
 175.780008 -2.812608 -1.599812
 175.980008 -2.799107 -1.607477
 176.180008 -2.879641 -1.551349
 176.380008 -2.777564 -1.681035
 176.580008 -2.833455 -1.479520
 176.780008 -2.765907 -1.615344
 176.980008 -2.823971 -1.639322
 177.180008 -2.694374 -1.646865
 177.380008 -2.767733 -1.524419
 177.580008 -2.831811 -1.622870
 177.780008 -2.787977 -1.695509
 177.980008 -2.642871 -1.434107
 178.180008 -2.932764 -1.569817
 178.380008 -2.738848 -1.695694
 178.580008 -2.699447 -1.391185
 178.780008 -2.792490 -1.658266
 178.980009 -2.793114 -1.505295
 179.180009 -2.724656 -1.574213
 179.380009 -2.955412 -1.599394
 179.580009 -2.765446 -1.620154
 179.780009 -2.894191 -1.661295
 179.980009 -2.775530 -1.518520
 180.180009 -2.934179 -1.697409
 180.380009 -2.721285 -1.656286
 180.580009 -2.795338 -1.411488
 180.780009 -2.760843 -1.633953
 180.980009 -2.757232 -1.469988
 181.180009 -2.664217 -1.595538
 181.380009 -2.782708 -1.353612
 181.580009 -2.760612 -1.631681
 181.780009 -2.764841 -1.506497
 181.980009 -2.590715 -1.522658
 182.180009 -2.868659 -1.489750
 182.380009 -2.552577 -1.538826
 182.580009 -2.764677 -1.595017
 182.780009 -2.684522 -1.474236
 182.980009 -2.841093 -1.664675
 183.180009 -2.629995 -1.592079
 183.380009 -2.830141 -1.461410
 183.580009 -2.726609 -1.598848
 183.780009 -2.782064 -1.552361
 183.980009 -2.671584 -1.443829
 184.180009 -2.667233 -1.586856
 184.380009 -2.619224 -1.551571
 184.580009 -2.734080 -1.668283
 184.780009 -2.646682 -1.543499
 184.980009 -2.783283 -1.534853
 185.180009 -2.699667 -1.621076
 185.380009 -2.792929 -1.494671
 185.580009 -2.493537 -1.531205
 185.780009 -2.759048 -1.536258
 185.980009 -2.574885 -1.566772
 186.180009 -2.734088 -1.329110
 186.380009 -2.573040 -1.644171
 186.580009 -2.631675 -1.467829
 186.780009 -2.610336 -1.376503
 186.980009 -2.634219 -1.490844
 187.180009 -2.520326 -1.497453
 187.380009 -2.734376 -1.296818
 187.580009 -2.360466 -1.425378
 187.780009 -2.587663 -1.528860
 187.980009 -2.641401 -1.410473
 188.180009 -2.540270 -1.388165
 188.380009 -2.426687 -1.579350
 188.580009 -2.845811 -1.362106
 188.780009 -2.449132 -1.636386
 188.980009 -2.592381 -1.462966
 189.180009 -2.685001 -1.434451
 189.380009 -2.798785 -1.688814
 189.580009 -2.644978 -1.535502
 189.780009 -3.055877 -1.596696
 189.980009 -2.727396 -1.670681
 190.180009 -2.863833 -1.768932
 190.380009 -3.007811 -1.671009
 190.580009 -2.892808 -1.672403
 190.780009 -2.766721 -1.786142
 190.980009 -2.936263 -1.510708
 191.180009 -2.789389 -1.808032
 191.380009 -2.828776 -1.500190
 191.580009 -2.746882 -1.481537
 191.780009 -2.650541 -1.658767
 191.980009 -2.678246 -1.361699
 192.180009 -2.779382 -1.532750
 192.380009 -2.560511 -1.585711
 192.580009 -2.771318 -1.480228
 192.780009 -2.716746 -1.538341
 192.980009 -2.767564 -1.427385
 193.180009 -2.655024 -1.813801
 193.380009 -2.824080 -1.209993
 193.580009 -2.593442 -1.719708
 193.780009 -2.760367 -1.521023
 193.980009 -2.716462 -1.462917
 194.180009 -2.735239 -1.527738
 194.380009 -2.582961 -1.564412
 194.580009 -2.884765 -1.436163
 194.780009 -2.451571 -1.595761
 194.980009 -2.803465 -1.427086
 195.180009 -2.772926 -1.854063
 195.380009 -2.650108 -1.189957
 195.580009 -2.528387 -1.736951
 195.780009 -2.960400 -1.421425
 195.980009 -2.577927 -1.667483
 196.180009 -2.756072 -1.576542
 196.380009 -2.739967 -1.523177
 196.580009 -2.885500 -1.671249
 196.780009 -2.631604 -1.563973
 196.980009 -3.042220 -1.450582
 197.180009 -2.818410 -1.813475
 197.380009 -2.824999 -1.351386
 197.580009 -2.768490 -1.589403
 197.780009 -2.880051 -1.594754
 197.980009 -2.646991 -1.710071
 198.180009 -2.981947 -1.538574
 198.380009 -2.786952 -1.505389
 198.580009 -2.824062 -1.828457
 198.780009 -2.608127 -1.359294
 198.980009 -2.907878 -1.694819
 199.180009 -2.670418 -1.548359
 199.380009 -2.718894 -1.524173
 199.580009 -2.650892 -1.584872
 199.780009 -2.793966 -1.516676
 199.980009 -2.693843 -1.586091
