#! FIELDS time phi psi
#! SET max_psi pi
 0.180000 -1.553917 -1.938899
 0.380000 -1.550606 -1.950143
 0.580000 -1.090700 -1.195304
 0.780000 -1.754984 -1.517135
 0.980000 -1.314612 -2.103644
 1.180000 -1.381442 -1.225799
 1.380000 -1.574659 -1.483587
 1.580000 -1.318169 -2.002083
 1.780000 -1.280673 -1.560780
 1.980000 -1.379868 -1.374607
 2.180000 -1.417153 -1.957830
 2.380000 -1.429443 -1.752180
 2.580000 -1.712868 -1.286960
 2.780000 -1.392995 -2.096905
 2.980000 -1.225368 -1.487537
 3.180000 -1.136610 -1.515764
 3.380000 -1.558569 -1.953057
 3.580000 -1.532175 -1.458906
 3.780000 -1.303727 -1.364156
 3.980000 -1.584983 -1.825415
 4.180000 -1.259468 -1.839430
 4.380000 -1.200982 -1.316153
 4.580000 -1.540765 -2.099827
 4.780000 -1.522631 -1.368407
 4.980000 -1.050291 -1.769880
 5.180000 -1.277172 -1.799637
 5.380000 -1.609093 -1.727196
 5.580000 -1.417413 -1.380514
 5.780000 -1.356116 -2.106852
 5.980000 -1.459966 -1.661431
 6.180000 -1.433155 -1.370209
 6.380000 -1.659476 -1.997740
 6.580000 -1.582269 -1.462086
 6.780000 -1.236094 -1.373932
 6.980000 -1.441273 -1.853749
 7.180000 -1.342521 -1.761742
 7.380000 -1.439441 -1.324205
 7.580000 -1.422728 -2.074136
 7.780000 -1.337713 -1.628974
 7.980000 -1.215472 -1.554296
 8.180000 -1.475123 -1.927624
 8.380000 -1.436162 -1.547517
 8.580000 -1.288203 -1.440060
 8.780000 -1.741462 -1.834493
 8.980000 -1.377926 -1.879435
 9.180000 -1.130132 -1.411011
 9.380000 -1.485869 -2.114287
 9.580000 -1.608590 -1.738337
 9.780000 -1.126429 -1.697040
 9.980000 -1.658383 -1.678246
 10.180000 -1.649120 -1.785936
 10.380000 -1.198033 -1.578947
 10.580001 -1.326761 -1.923629
 10.780001 -1.595586 -1.984998
 10.980001 -1.314347 -1.404317
 11.180001 -1.619039 -1.763441
 11.380001 -1.574395 -1.660256
 11.580001 -0.988766 -1.421475
 11.780001 -1.495769 -1.776602
 11.980001 -1.256627 -1.876221
 12.180001 -1.339339 -1.423155
 12.380001 -1.767517 -1.872187
 12.580001 -1.506702 -1.689647
 12.780001 -1.221802 -1.580197
 12.980001 -1.748830 -1.680401
 13.180001 -1.476196 -1.733803
 13.380001 -1.086151 -1.730709
 13.580001 -1.643754 -1.738993
 13.780001 -1.467508 -1.789158
 13.980001 -1.356647 -1.680441
 14.180001 -1.561141 -1.847554
 14.380001 -1.795705 -1.532081
 14.580001 -1.348841 -1.786195
 14.780001 -1.391153 -1.668938
 14.980001 -1.875167 -1.740580
 15.180001 -1.542987 -1.684938
 15.380001 -1.309487 -1.828636
 15.580001 -1.660024 -1.842968
 15.780001 -1.541186 -1.414628
 15.980001 -1.289031 -1.866387
 16.180001 -1.474184 -1.718834
 16.380001 -1.359467 -1.611273
 16.580001 -1.474232 -1.510381
 16.780001 -1.359716 -1.941671
 16.980001 -1.329800 -1.464536
 17.180001 -1.443589 -1.552332
 17.380001 -1.374861 -1.837129
 17.580001 -1.286845 -1.652298
 17.780001 -1.417933 -1.521419
 17.980001 -1.510874 -2.079042
 18.180001 -1.621327 -1.582241
 18.380001 -1.461823 -1.481521
 18.580001 -1.634752 -2.028236
 18.780001 -1.378758 -1.466929
 18.980001 -1.198349 -1.561517
 19.180001 -1.513263 -1.762007
 19.380001 -1.354383 -1.820741
 19.580001 -1.481217 -1.369547
 19.780001 -1.461661 -2.108321
 19.980001 -1.425916 -1.606902
 20.180001 -1.244510 -1.528992
 20.380001 -1.402141 -1.611650
 20.580001 -1.311301 -1.802769
 20.780001 -1.271354 -1.411541
 20.980001 -1.554160 -1.811359
 21.180001 -1.519199 -1.910158
 21.380001 -1.483530 -1.481857
 21.580001 -1.537687 -1.833653
 21.780001 -1.524217 -1.668884
 21.980001 -1.148646 -1.745669
 22.180001 -1.523125 -1.582140
 22.380001 -1.478714 -1.846722
 22.580001 -1.361127 -1.611979
 22.780001 -1.702085 -1.737844
 22.980001 -1.675829 -1.669936
 23.180001 -1.265903 -1.688923
 23.380001 -1.533783 -1.795131
 23.580001 -1.427082 -1.655169
 23.780001 -1.255038 -1.689384
 23.980001 -1.677123 -1.724255
 24.180001 -1.728557 -1.776873
 24.380001 -1.420086 -1.402975
 24.580001 -1.360256 -1.940990
 24.780001 -1.569575 -1.683322
 24.980001 -1.198895 -1.676288
 25.180001 -1.381111 -1.704837
 25.380001 -1.533914 -1.745595
 25.580001 -1.313887 -1.457843
 25.780001 -1.371767 -1.967310
 25.980001 -1.504981 -1.603937
 26.180001 -1.152117 -1.518859
 26.380001 -1.479346 -1.859649
 26.580001 -1.419031 -1.634845
 26.780001 -1.290117 -1.649253
 26.980001 -1.518942 -1.731304
 27.180001 -1.483399 -1.722860
 27.380001 -1.408461 -1.551695
 27.580001 -1.540944 -1.909863
 27.780001 -1.553974 -1.650266
 27.980001 -1.399698 -1.527307
 28.180001 -1.406419 -1.931121
 28.380001 -1.423458 -1.639233
 28.580001 -1.434659 -1.475907
 28.780001 -1.482972 -1.848393
 28.980001 -1.465601 -1.694006
 29.180001 -1.271829 -1.348836
 29.380001 -1.500164 -1.956482
 29.580001 -1.374514 -1.582328
 29.780001 -1.400294 -1.533606
 29.980001 -1.574378 -1.738565
 30.180001 -1.377417 -1.775453
 30.380001 -1.428139 -1.529311
 30.580001 -1.657830 -1.819623
 30.780001 -1.358440 -1.628203
 30.980001 -1.089494 -1.862578
 31.180001 -1.571207 -1.735450
 31.380001 -1.403350 -1.644894
 31.580001 -1.487622 -1.645532
 31.780002 -1.513927 -1.760949
 31.980002 -1.444771 -1.668419
 32.180002 -1.379399 -1.726070
 32.380002 -1.494253 -1.800305
 32.580002 -1.607613 -1.592565
 32.780002 -1.245399 -1.580872
 32.980002 -1.626621 -1.877398
 33.180002 -1.403175 -1.737985
 33.380002 -1.420703 -1.536582
 33.580002 -1.640818 -1.825257
 33.780002 -1.538506 -1.453801
 33.980002 -1.254627 -1.835825
 34.180002 -1.488514 -1.795153
 34.380002 -1.328473 -1.588179
 34.580002 -1.393596 -1.656756
 34.780002 -1.503148 -1.847467
 34.980002 -1.412463 -1.528240
 35.180002 -1.374181 -1.693346
 35.380002 -1.226268 -1.973417
 35.580002 -1.546530 -1.443948
 35.780002 -1.458150 -1.689118
 35.980002 -1.373338 -1.852759
 36.180002 -1.183399 -1.809304
 36.380002 -1.586163 -1.542646
 36.580002 -1.618187 -1.878077
 36.780002 -1.320394 -1.699897
 36.980002 -1.494259 -1.645438
 37.180002 -1.478222 -1.824223
 37.380002 -1.179610 -1.609195
 37.580002 -1.612616 -1.623659
 37.780002 -1.514991 -1.786514
 37.980002 -1.084711 -1.605401
 38.180002 -1.611331 -1.694924
 38.380002 -1.444835 -1.924823
 38.580002 -1.287194 -1.507601
 38.780002 -1.473191 -1.727046
 38.980002 -1.612217 -1.787873
 39.180002 -1.191166 -1.551960
 39.380002 -1.359081 -1.720841
 39.580002 -1.634038 -2.110284
 39.780002 -1.332274 -1.409043
 39.980002 -1.561781 -1.657759
 40.180002 -1.487381 -2.071775
 40.380002 -1.349630 -1.653391
 40.580002 -1.609148 -1.317996
 40.780002 -1.709318 -2.151772
 40.980002 -1.124885 -1.523219
 41.180002 -1.538101 -1.476593
 41.380002 -1.465528 -2.134572
 41.580002 -1.152251 -1.492961
 41.780002 -1.320490 -1.498293
 41.980002 -1.558977 -1.888493
 42.180002 -1.235413 -1.538138
 42.380002 -1.409470 -1.400087
 42.580002 -1.730428 -2.107853
 42.780002 -1.431642 -1.544655
 42.980002 -1.325513 -1.720652
 43.180002 -1.461002 -1.859545
 43.380002 -1.369993 -1.540214
 43.580002 -1.527125 -1.433832
 43.780002 -1.462520 -2.090067
 43.980002 -1.256161 -1.530848
 44.180002 -1.207072 -1.424849
 44.380002 -1.541649 -2.315045
 44.580002 -1.464982 -1.529200
 44.780002 -1.406918 -1.378215
 44.980002 -1.671572 -1.890429
 45.180002 -1.143817 -1.616556
 45.380002 -1.257598 -1.313770
 45.580002 -1.593555 -1.998554
 45.780002 -1.305288 -1.424067
 45.980002 -1.118920 -1.457096
 46.180002 -1.499784 -1.925863
 46.380002 -1.497481 -1.431807
 46.580002 -1.373066 -1.555913
 46.780002 -1.579251 -1.949462
 46.980002 -1.380209 -1.584830
 47.180002 -1.231550 -1.535052
 47.380002 -1.267658 -1.935885
 47.580002 -1.469386 -1.554121
 47.780002 -1.270656 -1.517810
 47.980002 -1.526960 -1.835162
 48.180002 -1.365752 -1.844863
 48.380002 -1.536515 -1.561350
 48.580002 -1.451097 -1.909553
 48.780002 -1.682644 -1.625720
 48.980002 -1.398342 -1.608559
 49.180002 -1.421252 -1.703528
 49.380002 -1.503424 -1.694955
 49.580002 -1.367588 -1.602868
 49.780002 -1.572796 -1.840731
 49.980002 -1.434812 -1.572090
 50.180002 -1.394027 -1.706071
 50.380002 -1.319421 -1.884469
 50.580002 -1.513841 -1.601441
 50.780002 -1.416971 -1.512730
 50.980002 -1.506675 -1.724582
 51.180002 -1.366802 -1.789810
 51.380002 -1.399033 -1.392400
 51.580002 -1.520500 -1.934403
 51.780002 -1.342390 -1.546746
 51.980002 -1.412031 -1.686645
 52.180002 -1.561443 -1.802515
 52.380002 -1.301635 -1.590545
 52.580002 -1.340838 -1.637414
 52.780003 -1.359692 -2.014547
 52.980003 -1.456239 -1.559146
 53.180003 -1.329883 -1.625672
 53.380003 -1.439578 -1.838913
 53.580003 -1.503888 -1.482226
 53.780003 -1.501517 -1.593421
 53.980003 -1.409233 -1.794429
 54.180003 -1.335742 -1.663427
 54.380003 -1.450840 -1.583113
 54.580003 -1.274095 -1.915960
 54.780003 -1.504912 -1.543706
 54.980003 -1.443805 -1.558272
 55.180003 -1.553557 -1.799881
 55.380003 -1.378500 -1.711059
 55.580003 -1.500868 -1.682533
 55.780003 -1.605413 -1.810851
 55.980003 -1.482352 -1.751742
 56.180003 -1.467703 -1.590302
 56.380003 -1.568713 -1.845677
 56.580003 -1.505823 -1.740686
 56.780003 -1.413131 -1.560173
 56.980003 -1.534896 -1.728628
 57.180003 -1.267069 -1.816716
 57.380003 -1.348580 -1.643413
 57.580003 -1.314838 -1.711275
 57.780003 -1.484084 -1.630192
 57.980003 -1.471826 -1.585371
 58.180003 -1.560245 -1.609089
 58.380003 -1.338109 -1.751308
 58.580003 -1.239987 -1.711719
 58.780003 -1.424460 -1.676604
 58.980003 -1.639683 -1.725804
 59.180003 -1.515283 -1.613085
 59.380003 -1.598982 -1.805973
 59.580003 -1.644868 -1.660238
 59.780003 -1.384530 -1.731103
 59.980003 -1.499318 -1.688540
 60.180003 -1.647806 -1.909200
 60.380003 -1.241271 -1.492086
 60.580003 -1.157661 -1.884904
 60.780003 -1.520369 -1.664758
 60.980003 -1.494854 -1.469378
 61.180003 -1.235807 -1.718868
 61.380003 -1.417650 -1.943366
 61.580003 -1.504121 -1.330140
 61.780003 -1.502803 -1.817920
 61.980003 -1.464120 -1.750297
 62.180003 -1.461667 -1.579368
 62.380003 -1.509792 -1.791086
 62.580003 -1.244469 -1.832894
 62.780003 -1.340191 -1.667161
 62.980003 -1.642204 -1.685243
 63.180003 -1.401655 -1.700364
 63.380003 -1.319062 -1.820548
 63.580003 -1.510895 -1.580082
 63.780003 -1.470847 -1.609050
 63.980003 -1.269021 -1.689768
 64.180003 -1.350393 -1.780700
 64.380003 -1.583107 -1.521239
 64.580003 -1.466775 -1.716057
 64.780003 -1.603738 -1.617432
 64.980003 -1.564735 -1.692638
 65.180003 -1.454434 -1.563696
 65.380003 -1.346182 -1.883818
 65.580003 -1.511944 -1.662627
 65.780003 -1.607887 -1.516820
 65.980003 -1.497126 -1.755058
 66.180003 -1.436385 -1.690670
 66.380003 -1.251992 -1.736649
 66.580003 -1.475264 -1.881151
 66.780003 -1.429262 -1.643157
 66.980003 -1.559214 -1.447918
 67.180003 -1.255149 -1.978036
 67.380003 -1.315146 -1.651030
 67.580003 -1.536722 -1.528096
 67.780003 -1.606030 -1.919296
 67.980003 -1.161126 -1.770917
 68.180003 -1.300688 -1.459611
 68.380003 -1.651632 -1.937420
 68.580003 -1.290795 -1.539999
 68.780003 -1.407417 -1.598987
 68.980003 -1.514931 -1.879960
 69.180003 -1.229979 -1.538196
 69.380003 -1.268679 -1.713064
 69.580003 -1.546839 -1.851498
 69.780003 -1.434993 -1.554614
 69.980003 -1.505224 -1.539079
 70.180003 -1.352893 -1.904413
 70.380003 -1.348661 -1.468780
 70.580003 -1.444107 -1.649384
 70.780003 -1.445222 -1.890455
 70.980003 -1.308472 -1.622083
 71.180003 -1.332308 -1.587670
 71.380003 -1.331865 -1.992003
 71.580003 -1.480409 -1.540037
 71.780003 -1.436745 -1.548936
 71.980003 -1.725084 -1.776110
 72.180003 -1.344759 -1.587711
 72.380003 -1.219345 -1.608120
 72.580003 -1.276161 -1.847993
 72.780003 -1.431056 -1.528684
 72.980003 -1.581648 -1.417011
 73.180003 -1.606478 -2.027961
 73.380003 -1.427238 -1.514585
 73.580003 -1.177100 -1.559933
 73.780004 -1.509471 -1.868640
 73.980004 -1.365292 -1.507306
 74.180004 -1.369006 -1.573962
 74.380004 -1.603513 -1.950393
 74.580004 -1.534892 -1.474878
 74.780004 -1.461770 -1.620769
 74.980004 -1.697736 -2.106097
 75.180004 -1.557652 -1.588795
 75.380004 -1.178386 -1.669492
 75.580004 -1.441412 -1.820393
 75.780004 -1.606780 -1.636111
 75.980004 -1.340378 -1.545922
 76.180004 -1.456432 -1.822133
 76.380004 -1.614681 -1.757420
 76.580004 -1.129404 -1.579491
 76.780004 -1.539770 -1.813235
 76.980004 -1.659169 -1.705444
 77.180004 -1.167745 -1.392582
 77.380004 -1.357832 -1.762022
 77.580004 -1.622222 -1.797357
 77.780004 -1.002523 -1.336437
 77.980004 -1.328840 -1.906012
 78.180004 -1.502979 -1.944151
 78.380004 -1.292998 -1.184941
 78.580004 -1.618438 -1.947646
 78.780004 -1.384670 -1.704766
 78.980004 -1.177632 -1.341925
 79.180004 -1.717385 -1.791200
 79.380004 -1.231629 -1.799881
 79.580004 -1.116716 -1.542542
 79.780004 -1.835470 -1.699908
 79.980004 -1.388628 -1.642236
 80.180004 -1.459531 -1.635470
 80.380004 -1.538012 -1.844948
 80.580004 -1.412814 -1.666392
 80.780004 -1.432392 -1.797355
 80.980004 -1.576737 -1.726822
 81.180004 -1.594312 -1.537654
 81.380004 -1.402295 -1.781093
 81.580004 -1.455174 -1.730197
 81.780004 -1.508668 -1.568937
 81.980004 -1.339282 -1.747854
 82.180004 -1.378166 -1.833401
 82.380004 -1.592652 -1.510556
 82.580004 -1.485513 -1.643416
 82.780004 -1.244821 -1.763560
 82.980004 -1.463325 -1.535032
 83.180004 -1.503535 -1.532506
 83.380004 -1.274198 -1.862772
 83.580004 -1.526065 -1.591054
 83.780004 -1.652864 -1.532638
 83.980004 -1.579226 -1.775805
 84.180004 -1.297586 -1.827439
 84.380004 -1.506508 -1.559981
 84.580004 -1.660983 -1.796570
 84.780004 -1.251567 -1.807714
 84.980004 -1.490327 -1.663790
 85.180004 -1.681333 -1.759935
 85.380004 -1.425738 -1.716628
 85.580004 -1.289967 -1.750194
 85.780004 -1.590112 -1.844419
 85.980004 -1.368709 -1.464150
 86.180004 -1.329241 -1.729284
 86.380004 -1.436645 -1.884299
 86.580004 -1.417929 -1.343633
 86.780004 -1.532490 -1.882881
 86.980004 -1.322756 -1.767832
 87.180004 -1.414265 -1.430079
 87.380004 -1.606623 -1.707818
 87.580004 -1.280680 -1.823919
 87.780004 -1.330196 -1.572890
 87.980004 -1.541591 -1.799234
 88.180004 -1.413814 -1.630874
 88.380004 -1.249004 -1.825045
 88.580004 -1.624578 -1.727747
 88.780004 -1.556803 -1.474183
 88.980004 -1.443697 -1.897183
 89.180004 -1.434766 -1.701827
 89.380004 -1.515391 -1.590053
 89.580004 -1.257214 -1.893945
 89.780004 -1.360495 -1.712310
 89.980004 -1.561982 -1.377187
 90.180004 -1.621157 -1.768405
 90.380004 -1.117881 -1.705200
 90.580004 -1.500682 -1.515528
 90.780004 -1.557546 -1.893813
 90.980004 -1.247622 -1.637990
 91.180004 -1.320473 -1.687237
 91.380004 -1.696841 -1.817452
 91.580004 -1.379603 -1.570548
 91.780004 -1.303708 -1.954370
 91.980004 -1.661584 -1.729709
 92.180004 -1.523054 -1.562695
 92.380004 -1.248177 -1.976244
 92.580004 -1.519020 -1.681511
 92.780004 -1.494599 -1.528665
 92.980004 -1.490220 -1.823580
 93.180004 -1.431481 -1.659020
 93.380004 -1.404235 -1.543487
 93.580004 -1.266441 -1.863401
 93.780004 -1.520868 -1.771877
 93.980004 -1.563973 -1.522999
 94.180004 -1.365593 -1.815632
 94.380004 -1.252231 -1.634763
 94.580004 -1.336190 -1.654930
 94.780005 -1.382786 -1.583569
 94.980005 -1.479640 -1.922276
 95.180005 -1.718471 -1.747789
 95.380005 -1.230824 -1.597242
 95.580005 -1.398073 -1.889862
 95.780005 -1.533982 -1.791856
 95.980005 -1.392329 -1.399427
 96.180005 -1.455300 -1.649709
 96.380005 -1.443084 -1.886935
 96.580005 -1.565379 -1.447143
 96.780005 -1.411953 -1.772527
 96.980005 -1.477609 -1.738267
 97.180005 -1.425390 -1.596489
 97.380005 -1.471617 -1.517729
 97.580005 -1.449451 -1.883560
 97.780005 -1.280395 -1.621183
 97.980005 -1.555272 -1.429760
 98.180005 -1.553254 -2.064835
 98.380005 -1.420421 -1.590966
 98.580005 -1.324853 -1.653851
 98.780005 -1.546746 -1.828563
 98.980005 -1.452877 -1.634745
 99.180005 -1.468059 -1.402145
 99.380005 -1.615306 -2.005748
 99.580005 -1.442344 -1.571584
 99.780005 -1.253982 -1.592819
 99.980005 -1.497479 -1.937036
 100.180005 -1.496101 -1.516381
 100.380005 -1.295256 -1.454531
 100.580005 -1.416174 -2.149844
 100.780005 -1.335915 -1.574145
 100.980005 -1.243028 -1.558316
 101.180005 -1.680065 -1.843881
 101.380005 -1.426887 -1.620293
 101.580005 -1.338826 -1.550055
 101.780005 -1.374300 -2.099348
 101.980005 -1.394239 -1.531056
 102.180005 -1.451656 -1.377341
 102.380005 -1.231549 -2.198871
 102.580005 -1.422836 -1.613870
 102.780005 -1.139910 -1.499243
 102.980005 -1.421480 -2.034755
 103.180005 -1.532914 -1.721734
 103.380005 -1.570355 -1.254229
 103.580005 -1.576076 -1.883967
 103.780005 -1.261607 -1.816615
 103.980005 -1.349170 -1.478818
 104.180005 -1.574773 -1.714905
 104.380005 -1.344589 -1.742452
 104.580005 -1.272069 -1.565455
 104.780005 -1.786770 -1.734057
 104.980005 -1.521840 -1.453118
 105.180005 -1.351649 -1.580741
 105.380005 -1.479641 -1.903695
 105.580005 -1.520976 -1.411572
 105.780005 -1.378492 -1.616887
 105.980005 -1.657887 -1.886145
 106.180005 -1.466860 -1.721622
 106.380005 -1.317119 -1.535782
 106.580005 -1.517371 -1.815295
 106.780005 -1.437407 -1.713941
 106.980005 -1.343034 -1.518023
 107.180005 -1.505610 -1.690629
 107.380005 -1.266786 -1.686482
 107.580005 -1.195206 -1.583873
 107.780005 -1.390704 -1.736740
 107.980005 -1.511147 -1.764337
 108.180005 -1.335335 -1.389217
 108.380005 -1.497647 -2.083667
 108.580005 -1.469717 -1.645390
 108.780005 -1.057706 -1.488767
 108.980005 -1.439966 -1.763282
 109.180005 -1.424591 -1.912036
 109.380005 -1.334314 -1.310594
 109.580005 -1.600916 -1.851119
 109.780005 -1.310606 -1.847232
 109.980005 -1.524221 -1.456164
 110.180005 -1.523709 -1.871973
 110.380005 -1.274712 -1.695228
 110.580005 -1.389849 -1.746068
 110.780005 -1.838457 -1.775690
 110.980005 -1.387594 -1.732528
 111.180005 -1.579384 -1.568833
 111.380005 -1.725421 -1.801798
 111.580005 -1.162864 -1.304081
 111.780005 -1.156170 -1.851065
 111.980005 -1.436139 -1.969751
 112.180005 -1.324705 -1.178325
 112.380005 -1.506963 -1.714253
 112.580005 -1.342285 -1.976883
 112.780005 -1.121571 -1.593941
 112.980005 -1.500704 -1.553088
 113.180005 -1.561613 -1.990324
 113.380005 -1.385207 -1.292574
 113.580005 -1.278400 -1.664386
 113.780005 -1.396444 -1.851732
 113.980005 -1.381546 -1.567395
 114.180005 -1.451205 -1.525704
 114.380005 -1.539752 -2.129447
 114.580005 -1.305977 -1.453298
 114.780005 -1.167514 -1.742287
 114.980005 -1.446313 -1.879713
 115.180005 -1.314173 -1.337213
 115.380005 -1.630110 -1.652331
 115.580005 -1.397662 -1.918452
 115.780005 -1.195530 -1.480834
 115.980006 -1.576816 -1.648281
 116.180006 -1.487732 -2.052098
 116.380006 -1.508982 -1.424363
 116.580006 -1.418179 -1.712291
 116.780006 -1.278153 -1.662297
 116.980006 -1.284061 -1.706676
 117.180006 -1.604365 -1.568411
 117.380006 -1.570470 -1.790555
 117.580006 -1.411770 -1.547200
 117.780006 -1.464600 -1.661557
 117.980006 -1.218234 -2.026208
 118.180006 -1.344045 -1.404585
 118.380006 -1.514307 -1.528821
 118.580006 -1.405319 -1.897269
 118.780006 -1.341735 -1.751947
 118.980006 -1.514439 -1.515927
 119.180006 -1.636361 -1.977156
 119.380006 -1.305857 -1.677226
 119.580006 -1.323408 -1.509630
 119.780006 -1.817684 -1.831556
 119.980006 -1.285900 -1.685879
 120.180006 -1.353483 -1.461589
 120.380006 -1.638766 -1.852564
 120.580006 -1.307200 -1.577154
 120.780006 -1.204057 -1.860572
 120.980006 -1.618114 -1.752733
 121.180006 -1.365614 -1.248951
 121.380006 -1.487428 -2.043725
 121.580006 -1.463652 -1.631982
 121.780006 -1.118783 -1.427207
 121.980006 -1.450331 -2.014856
 122.180006 -1.410634 -1.547981
 122.380006 -1.498383 -1.349820
 122.580006 -1.632959 -1.908874
 122.780006 -1.211182 -1.698962
 122.980006 -1.142451 -1.402911
 123.180006 -1.579225 -2.041680
 123.380006 -1.524587 -1.537543
 123.580006 -1.049425 -1.541108
 123.780006 -1.585437 -1.789962
 123.980006 -1.586514 -1.737420
 124.180006 -1.134698 -1.402115
 124.380006 -1.450803 -1.993392
 124.580006 -1.651591 -2.019768
 124.780006 -1.202625 -1.223184
 124.980006 -1.368127 -1.910246
 125.180006 -1.682573 -1.908204
 125.380006 -1.116880 -1.374566
 125.580006 -1.766442 -1.376916
 125.780006 -1.305474 -2.319357
 125.980006 -1.350045 -1.302600
 126.180006 -1.487574 -1.556518
 126.380006 -1.502917 -2.055196
 126.580006 -1.269188 -1.626783
 126.780006 -1.300314 -1.428838
 126.980006 -1.656789 -1.902666
 127.180006 -1.412946 -1.661765
 127.380006 -1.319132 -1.572171
 127.580006 -1.412288 -1.946093
 127.780006 -1.499208 -1.487119
 127.980006 -1.102012 -1.736877
 128.180006 -1.611208 -1.870173
 128.380006 -1.328743 -1.717899
 128.580006 -1.421312 -1.460732
 128.780006 -1.412353 -1.943950
 128.980006 -1.466097 -1.636725
 129.180006 -1.421805 -1.523418
 129.380006 -1.496474 -1.907807
 129.580006 -1.578537 -1.553697
 129.780006 -1.201762 -1.603324
 129.980006 -1.391756 -1.965686
 130.180006 -1.646022 -1.601166
 130.380006 -1.363114 -1.356687
 130.580006 -1.498930 -2.197191
 130.780006 -1.491104 -1.569531
 130.980006 -0.988824 -1.419204
 131.180006 -1.539472 -1.903600
 131.380006 -1.531213 -1.775488
 131.580006 -1.116084 -1.209673
 131.780006 -1.688533 -1.980805
 131.980006 -1.284987 -1.900256
 132.180006 -1.226353 -1.367528
 132.380006 -1.666054 -1.845619
 132.580006 -1.515242 -1.667962
 132.780006 -1.286265 -1.822829
 132.980006 -1.892569 -1.495433
 133.180006 -1.551037 -1.890661
 133.380006 -1.332870 -1.741730
 133.580006 -1.471636 -1.568921
 133.780006 -1.591202 -1.827226
 133.980006 -1.215519 -1.744791
 134.180006 -1.661053 -1.559966
 134.380006 -1.568756 -1.704854
 134.580006 -1.251841 -1.768969
 134.780006 -1.357563 -1.718076
 134.980006 -1.593152 -1.668426
 135.180006 -1.358672 -1.518545
 135.380006 -1.442729 -1.976388
 135.580006 -1.607511 -1.578437
 135.780006 -1.445455 -1.446232
 135.980006 -1.453024 -2.089813
 136.180006 -1.376376 -1.563353
 136.380006 -1.385154 -1.504219
 136.580006 -1.383377 -1.790479
 136.780006 -1.349644 -1.644803
 136.980007 -1.407651 -1.554300
 137.180007 -1.529746 -1.795431
 137.380007 -1.333519 -1.521108
 137.580007 -1.427354 -1.723447
 137.780007 -1.591568 -1.618263
 137.980007 -1.205300 -1.771563
 138.180007 -1.257142 -1.702514
 138.380007 -1.556621 -1.853353
 138.580007 -1.428845 -1.429184
 138.780007 -1.487059 -1.987580
 138.980007 -1.660181 -1.752990
 139.180007 -1.325127 -1.492794
 139.380007 -1.652858 -1.643066
 139.580007 -1.234796 -1.969923
 139.780007 -1.319909 -1.563506
 139.980007 -1.537494 -1.583557
 140.180007 -1.473096 -1.740099
 140.380007 -1.378494 -1.550580
 140.580007 -1.283778 -1.542293
 140.780007 -1.295047 -1.773278
 140.980007 -1.360207 -1.771864
 141.180007 -1.405305 -1.295796
 141.380007 -1.313158 -2.242054
 141.580007 -1.512108 -1.487945
 141.780007 -1.130055 -1.422882
 141.980007 -1.675528 -1.833818
 142.180007 -1.392993 -1.693488
 142.380007 -1.050410 -1.442128
 142.580007 -1.620973 -1.736519
 142.780007 -1.340439 -1.967282
 142.980007 -1.277767 -1.358344
 143.180007 -1.668037 -1.943619
 143.380007 -1.500179 -1.660115
 143.580007 -1.189311 -1.743375
 143.780007 -1.511171 -1.792885
 143.980007 -1.460107 -1.494098
 144.180007 -1.267558 -1.618686
 144.380007 -1.514891 -1.773425
 144.580007 -1.411802 -1.801196
 144.780007 -1.376447 -1.522903
 144.980007 -1.466150 -1.907743
 145.180007 -1.707257 -1.451759
 145.380007 -1.194323 -1.879000
 145.580007 -1.392816 -1.635773
 145.780007 -1.486241 -1.760195
 145.980007 -1.437491 -1.522863
 146.180007 -1.363169 -1.939477
 146.380007 -1.626163 -1.702608
 146.580007 -1.534370 -1.500396
 146.780007 -1.527919 -1.823345
 146.980007 -1.373178 -1.704918
 147.180007 -1.227319 -1.550164
 147.380007 -1.528206 -1.631186
 147.580007 -1.327009 -1.852910
 147.780007 -1.319301 -1.312716
 147.980007 -1.260182 -2.073099
 148.180007 -1.558885 -1.569133
 148.380007 -1.243871 -1.649283
 148.580007 -1.492070 -1.882317
 148.780007 -1.445064 -1.779430
 148.980007 -1.309379 -1.473318
 149.180007 -1.590459 -1.836155
 149.380007 -1.323011 -1.791111
 149.580007 -1.443025 -1.449879
 149.780007 -1.573021 -1.761090
 149.980007 -1.441759 -1.804515
 150.180007 -1.053589 -1.565941
 150.380007 -1.520873 -1.721608
 150.580007 -1.541833 -1.843455
 150.780007 -1.347714 -1.347541
 150.980007 -1.399970 -1.911050
 151.180007 -1.575005 -1.699417
 151.380007 -1.258735 -1.481712
 151.580007 -1.492135 -1.860996
 151.780007 -1.694228 -1.687011
 151.980007 -1.365138 -1.534591
 152.180007 -1.417260 -1.963489
 152.380007 -1.557484 -1.895762
 152.580007 -1.538209 -1.519741
 152.780007 -1.606667 -1.741752
 152.980007 -1.349216 -1.781669
 153.180007 -1.134129 -1.572406
 153.380007 -1.390024 -1.766851
 153.580007 -1.453840 -1.767731
 153.780007 -1.377709 -1.528755
 153.980007 -1.492648 -1.815922
 154.180007 -1.375467 -1.558186
 154.380007 -1.152840 -1.671560
 154.580007 -1.527452 -1.690872
 154.780007 -1.447011 -1.609895
 154.980007 -1.344018 -1.776876
 155.180007 -1.541739 -1.845590
 155.380007 -1.779986 -1.494700
 155.580007 -1.472559 -1.856557
 155.780007 -1.437659 -1.874092
 155.980007 -1.797076 -1.382351
 156.180007 -1.417718 -1.818592
 156.380007 -1.242440 -1.834976
 156.580007 -1.421557 -1.657390
 156.780007 -1.776889 -1.583840
 156.980007 -1.307094 -1.817404
 157.180007 -1.379009 -1.638343
 157.380007 -1.703023 -1.543316
 157.580007 -1.340278 -1.909512
 157.780007 -1.291014 -1.690846
 157.980008 -1.437501 -1.467488
 158.180008 -1.381746 -1.806352
 158.380008 -1.405901 -1.868355
 158.580008 -1.773518 -1.394770
 158.780008 -1.579700 -1.781504
 158.980008 -1.375819 -1.903363
 159.180008 -1.560437 -1.518151
 159.380008 -1.745611 -1.754047
 159.580008 -1.476651 -1.725441
 159.780008 -1.591371 -1.698789
 159.980008 -1.744955 -1.759741
 160.180008 -1.300266 -1.474819
 160.380008 -1.378583 -1.831132
 160.580008 -1.507334 -1.851796
 160.780008 -1.232326 -1.348695
 160.980008 -1.441995 -1.846064
 161.180008 -1.412727 -1.739482
 161.380008 -1.053808 -1.413227
 161.580008 -1.515835 -1.780868
 161.780008 -1.545388 -1.704510
 161.980008 -1.295723 -1.556303
 162.180008 -1.408052 -1.827548
 162.380008 -1.433438 -1.769441
 162.580008 -1.347811 -1.460891
 162.780008 -1.419973 -1.907110
 162.980008 -1.467249 -1.702533
 163.180008 -1.342906 -1.477167
 163.380008 -1.330351 -1.940483
 163.580008 -1.418282 -1.783796
 163.780008 -1.424865 -1.262149
 163.980008 -1.570181 -1.718779
 164.180008 -1.532633 -1.877008
 164.380008 -1.353437 -1.344145
 164.580008 -1.723923 -1.948574
 164.780008 -1.423269 -1.807078
 164.980008 -1.366525 -1.502825
 165.180008 -1.642261 -1.719257
 165.380008 -1.145564 -1.726419
 165.580008 -1.147413 -1.605535
 165.780008 -1.454182 -1.948004
 165.980008 -1.376436 -1.553127
 166.180008 -1.490492 -1.672284
 166.380008 -1.449107 -1.974598
 166.580008 -1.418004 -1.470690
 166.780008 -1.420765 -1.704039
 166.980008 -1.518128 -1.804140
 167.180008 -1.514011 -1.613352
 167.380008 -1.528671 -1.485415
 167.580008 -1.420696 -1.901710
 167.780008 -1.275368 -1.630750
 167.980008 -1.456559 -1.538171
 168.180008 -1.520528 -1.790668
 168.380008 -1.260109 -1.659184
 168.580008 -1.493336 -1.512397
 168.780008 -1.439335 -1.901700
 168.980008 -1.202093 -1.576080
 169.180008 -1.417345 -1.640073
 169.380008 -1.548537 -1.922177
 169.580008 -1.312541 -1.639346
 169.780008 -1.360737 -1.740104
 169.980008 -1.519522 -1.830348
 170.180008 -1.445964 -1.721827
 170.380008 -1.608274 -1.427843
 170.580008 -1.572539 -2.064094
 170.780008 -1.312481 -1.507466
 170.980008 -1.333718 -1.623777
 171.180008 -1.673740 -1.666398
 171.380008 -1.363654 -1.606070
 171.580008 -1.179847 -1.554453
 171.780008 -1.438103 -1.814594
 171.980008 -1.295661 -1.554461
 172.180008 -1.289432 -1.641355
 172.380008 -1.549786 -1.814033
 172.580008 -1.517746 -1.435453
 172.780008 -1.533310 -1.536580
 172.980008 -1.336462 -1.969937
 173.180008 -1.309820 -1.653802
 173.380008 -1.607686 -1.529689
 173.580008 -1.429196 -1.961109
 173.780008 -1.388077 -1.572654
 173.980008 -1.642979 -1.697463
 174.180008 -1.689739 -1.807767
 174.380008 -1.270594 -1.597856
 174.580008 -1.541216 -1.477588
 174.780008 -1.422837 -2.012814
 174.980008 -1.234997 -1.397134
 175.180008 -1.343910 -1.698103
 175.380008 -1.502358 -1.875311
 175.580008 -1.462402 -1.546565
 175.780008 -1.300740 -1.625231
 175.980008 -1.577496 -1.879258
 176.180008 -1.251159 -1.707751
 176.380008 -1.349725 -1.487955
 176.580008 -1.433456 -2.097584
 176.780008 -1.541647 -1.566248
 176.980008 -1.386602 -1.531263
 177.180008 -1.538364 -1.945132
 177.380008 -1.204739 -1.635910
 177.580008 -1.335495 -1.401900
 177.780008 -1.616325 -1.940435
 177.980008 -1.433391 -1.600841
 178.180008 -1.298502 -1.538779
 178.380008 -1.430420 -1.926181
 178.580008 -1.551450 -1.475944
 178.780008 -1.334641 -1.537613
 178.980009 -1.383942 -1.905182
 179.180009 -1.179618 -1.751767
 179.380009 -1.105039 -1.448445
 179.580009 -1.388058 -1.952378
 179.780009 -1.517569 -1.508015
 179.980009 -1.406415 -1.659034
 180.180009 -1.524236 -1.797206
 180.380009 -1.211706 -1.648472
 180.580009 -1.212101 -1.455795
 180.780009 -1.630659 -1.935674
 180.980009 -1.295722 -1.579690
 181.180009 -1.213727 -1.445149
 181.380009 -1.614170 -2.144839
 181.580009 -1.590084 -1.619036
 181.780009 -1.181716 -1.538989
 181.980009 -1.874166 -1.855973
 182.180009 -1.396519 -1.668387
 182.380009 -1.170005 -1.573201
 182.580009 -1.542834 -2.001680
 182.780009 -1.302406 -1.725316
 182.980009 -1.278182 -1.750257
 183.180009 -1.655809 -1.836535
 183.380009 -1.442963 -1.667585
 183.580009 -1.302256 -1.772327
 183.780009 -1.575224 -1.773615
 183.980009 -1.600338 -1.578889
 184.180009 -1.352995 -1.714781
 184.380009 -1.353105 -1.951625
 184.580009 -1.590914 -1.497562
 184.780009 -1.326535 -1.680124
 184.980009 -1.353142 -1.828594
 185.180009 -1.723180 -1.590499
 185.380009 -1.426878 -1.431081
 185.580009 -1.333520 -2.139857
 185.780009 -1.540116 -1.538693
 185.980009 -1.315848 -1.427300
 186.180009 -1.672037 -2.047811
 186.380009 -1.611667 -1.545891
 186.580009 -1.333793 -1.399812
 186.780009 -1.558472 -2.218828
 186.980009 -1.244303 -1.313858
 187.180009 -1.352987 -1.375416
 187.380009 -1.465373 -2.481697
 187.580009 -1.471596 -1.305607
 187.780009 -1.407139 -1.382111
 187.980009 -1.581483 -2.024833
 188.180009 -1.458995 -1.410056
 188.380009 -1.205151 -1.531479
 188.580009 -1.298241 -2.042767
 188.780009 -1.459039 -1.439193
 188.980009 -1.366459 -1.450972
 189.180009 -1.434226 -1.979868
 189.380009 -1.604286 -1.630101
 189.580009 -1.239637 -1.425832
 189.780009 -1.331961 -1.902485
 189.980009 -1.339355 -1.681349
 190.180009 -1.518722 -1.404749
 190.380009 -1.464094 -1.960618
 190.580009 -1.489879 -1.566807
 190.780009 -1.567821 -1.409051
 190.980009 -1.397873 -2.100740
 191.180009 -1.532800 -1.708202
 191.380009 -1.549635 -1.163563
 191.580009 -1.709839 -2.063671
 191.780009 -1.370569 -1.647375
 191.980009 -1.220962 -1.386379
 192.180009 -1.857632 -1.946237
 192.380009 -1.295094 -1.780066
 192.580009 -1.273292 -1.542591
 192.780009 -1.853817 -1.803871
 192.980009 -1.361691 -1.705276
 193.180009 -1.197119 -1.659631
 193.380009 -1.618416 -1.927332
 193.580009 -1.525301 -1.477221
 193.780009 -1.336206 -1.743160
 193.980009 -1.605887 -1.840630
 194.180009 -1.524760 -1.411576
 194.380009 -1.201777 -1.755019
 194.580009 -1.548836 -1.903188
 194.780009 -1.713868 -1.535516
 194.980009 -1.380415 -1.581591
 195.180009 -1.419499 -1.974318
 195.380009 -1.721842 -1.523127
 195.580009 -1.171046 -1.544732
 195.780009 -1.416001 -1.929416
 195.980009 -1.669711 -1.580009
 196.180009 -1.265357 -1.446895
 196.380009 -1.334480 -1.935954
 196.580009 -1.480351 -1.662764
 196.780009 -1.201975 -1.294485
 196.980009 -1.527526 -2.005777
 197.180009 -1.294619 -1.571731
 197.380009 -1.277108 -1.422927
 197.580009 -1.642653 -1.946174
 197.780009 -1.360448 -1.770235
 197.980009 -1.223817 -1.550534
 198.180009 -1.717793 -1.815930
 198.380009 -1.715390 -1.699122
 198.580009 -1.385884 -1.674049
 198.780009 -1.654234 -1.780455
 198.980009 -1.557064 -1.871297
 199.180009 -1.395288 -1.655087
 199.380009 -1.481035 -1.688850
 199.580009 -1.691154 -1.889378
 199.780009 -1.288613 -1.418590
 199.980009 -1.414446 -1.702824
