#! FIELDS time phi psi
#! SET max_psi pi
 0.180000 0.876421 2.461770
 0.380000 0.793247 2.783788
 0.580000 0.734872 -2.668413
 0.780000 0.611849 2.576230
 0.980000 -0.099513 2.501555
 1.180000 -0.618064 2.111330
 1.380000 -0.052321 2.594471
 1.580000 0.414478 2.620053
 1.780000 0.852654 2.785233
 1.980000 0.620318 -2.934984
 2.180000 0.589345 2.790791
 2.380000 1.050923 -3.133002
 2.580000 0.951258 2.812240
 2.780000 0.858792 2.993229
 2.980000 0.548383 -3.125484
 3.180000 0.748041 2.937914
 3.380000 0.460021 -3.044276
 3.580000 1.028981 3.113100
 3.780000 0.730188 2.919960
 3.980000 0.847849 3.069258
 4.180000 0.642827 -3.100239
 4.380000 0.842333 2.875566
 4.580000 0.710719 3.112923
 4.780000 0.807689 2.953980
 4.980000 0.741601 -3.038336
 5.180000 0.755291 3.018415
 5.380000 0.668931 3.066974
 5.580000 0.583957 -3.067806
 5.780000 0.772899 3.066376
 5.980000 0.909711 3.093154
 6.180000 0.876075 -3.008401
 6.380000 0.781333 2.854909
 6.580000 1.013596 -2.908785
 6.780000 0.714701 3.054337
 6.980000 0.726346 3.095594
 7.180000 0.804257 -3.081724
 7.380000 0.837486 2.882682
 7.580000 0.724243 3.004623
 7.780000 0.906367 -3.038696
 7.980000 0.731849 2.867018
 8.180000 0.913101 -3.090049
 8.380000 0.855331 3.095168
 8.580000 0.504719 2.925077
 8.780000 0.826036 -3.064316
 8.980000 0.745422 3.022894
 9.180000 0.797410 2.878110
 9.380000 1.022598 -2.966110
 9.580000 0.764180 2.756474
 9.780000 0.837084 -2.985536
 9.980000 0.788740 3.033390
 10.180000 0.454003 3.001615
 10.380000 0.809337 -3.121225
 10.580001 0.696907 -3.139197
 10.780001 0.883471 2.811181
 10.980001 0.843230 -2.880932
 11.180001 0.803096 2.814112
 11.380001 0.681011 -3.088456
 11.580001 0.862872 -3.092840
 11.780001 0.618924 2.903937
 11.980001 0.939984 -3.044214
 12.180001 0.933624 3.006687
 12.380001 1.096710 2.879742
 12.580001 0.622202 -2.975671
 12.780001 0.464878 2.981847
 12.980001 0.651471 -2.953123
 13.180001 0.787282 3.018447
 13.380001 0.953394 2.907833
 13.580001 0.923743 -2.931335
 13.780001 0.775484 2.648952
 13.980001 0.658783 3.139384
 14.180001 0.577492 -2.931294
 14.380001 0.702017 2.769366
 14.580001 0.842921 3.097205
 14.780001 0.917361 3.140970
 14.980001 0.815797 2.779316
 15.180001 0.777258 -2.979628
 15.380001 0.685452 3.132420
 15.580001 0.695331 2.882210
 15.780001 0.836058 -2.995679
 15.980001 0.811923 2.905941
 16.180001 0.971856 2.940664
 16.380001 0.900739 -3.015724
 16.580001 0.564260 2.770424
 16.780001 0.853443 -3.067307
 16.980001 1.006642 3.050858
 17.180001 0.495072 2.873274
 17.380001 0.817254 -2.985900
 17.580001 0.799502 2.861138
 17.780001 0.825597 3.047824
 17.980001 0.945891 -3.097942
 18.180001 0.650510 2.846960
 18.380001 0.679385 -3.115586
 18.580001 0.654632 -3.034608
 18.780001 0.900276 2.806486
 18.980001 0.913587 -3.086993
 19.180001 0.821513 3.048699
 19.380001 0.760692 2.938485
 19.580001 0.817421 3.108652
 19.780001 0.434169 3.032077
 19.980001 0.838471 2.865196
 20.180001 0.739470 -2.957338
 20.380001 0.680538 2.899663
 20.580001 0.715885 3.014665
 20.780001 0.842968 -3.091311
 20.980001 0.658082 2.826751
 21.180001 0.669591 -3.076544
 21.380001 0.946562 3.112332
 21.580001 0.478633 2.882005
 21.780001 0.940714 2.995634
 21.980001 0.743560 -3.136899
 22.180001 0.599591 2.753628
 22.380001 0.690293 -3.013587
 22.580001 0.734961 -3.077430
 22.780001 0.859491 2.667485
 22.980001 0.736195 -2.881956
 23.180001 0.885040 2.849059
 23.380001 0.299457 2.907582
 23.580001 -0.196174 2.579611
 23.780001 -0.728893 2.492831
 23.980001 0.038432 2.606080
 24.180001 0.407404 2.372481
 24.380001 0.442001 2.929463
 24.580001 0.870662 3.048779
 24.780001 0.793885 3.141450
 24.980001 0.682321 2.861134
 25.180001 0.626838 -3.044942
 25.380001 0.746975 3.012608
 25.580001 0.875732 2.920242
 25.780001 0.794932 -3.113985
 25.980001 0.853887 2.951934
 26.180001 0.552566 2.885657
 26.380001 0.714858 3.117683
 26.580001 0.665436 -3.131785
 26.780001 0.541002 2.579815
 26.980001 0.761252 2.956067
 27.180001 0.458414 -2.752629
 27.380001 0.670985 2.613938
 27.580001 0.861410 -2.921360
 27.780001 1.008905 3.136272
 27.980001 0.487544 2.611684
 28.180001 0.122341 2.428704
 28.380001 -0.847175 2.543247
 28.580001 -0.136285 2.565051
 28.780001 -0.374870 2.532540
 28.980001 -0.547022 2.511810
 29.180001 -0.116183 2.446757
 29.380001 -0.262235 2.629479
 29.580001 -0.416582 2.191292
 29.780001 0.255388 2.599323
 29.980001 0.056522 2.484470
 30.180001 -0.572910 2.563420
 30.380001 -0.565514 2.540013
 30.580001 0.437486 2.667479
 30.780001 0.883642 -2.906089
 30.980001 0.776851 3.065068
 31.180001 0.841154 2.772032
 31.380001 0.674332 -2.635363
 31.580001 0.762975 2.603681
 31.780002 0.602067 3.119424
 31.980002 0.673981 -2.940036
 32.180002 0.608074 2.768633
 32.380002 0.846549 2.919344
 32.580002 0.700624 -3.026692
 32.780002 0.534123 2.851499
 32.980002 0.999086 2.910319
 33.180002 0.653611 -3.109019
 33.380002 0.714276 2.815280
 33.580002 0.780839 3.001136
 33.780002 0.772061 -3.096686
 33.980002 0.684608 2.857395
 34.180002 1.001827 -3.114543
 34.380002 0.684748 2.976968
 34.580002 0.609880 3.031976
 34.780002 0.805764 -2.977171
 34.980002 0.825221 2.850989
 35.180002 0.566213 -3.053860
 35.380002 0.859060 -3.023450
 35.580002 0.915128 2.848022
 35.780002 0.619902 -3.087189
 35.980002 0.653297 3.096033
 36.180002 0.805479 2.965041
 36.380002 0.858935 3.107179
 36.580002 0.733585 3.061705
 36.780002 0.868535 -3.135684
 36.980002 1.009845 2.903282
 37.180002 0.777383 3.119217
 37.380002 0.691601 -3.126184
 37.580002 0.593969 -3.131303
 37.780002 0.798505 2.980104
 37.980002 0.775371 -3.035234
 38.180002 1.058835 2.942422
 38.380002 0.706314 3.053146
 38.580002 0.786334 -2.889887
 38.780002 0.690910 2.879017
 38.980002 0.902528 3.135715
 39.180002 0.909791 3.016717
 39.380002 0.733334 2.888356
 39.580002 0.631664 -3.058731
 39.780002 0.565829 3.057776
 39.980002 0.821364 2.876733
 40.180002 0.879068 3.080449
 40.380002 0.857564 2.874424
 40.580002 0.889836 3.082295
 40.780002 0.733828 2.985397
 40.980002 0.678866 2.941895
 41.180002 0.637010 -3.055532
 41.380002 0.983741 2.864251
 41.580002 0.901104 2.956768
 41.780002 0.810904 -3.042938
 41.980002 0.576692 2.844655
 42.180002 0.855956 -3.141563
 42.380002 0.771937 3.082884
 42.580002 0.671302 2.748631
 42.780002 0.925195 -3.050690
 42.980002 0.776569 3.029702
 43.180002 0.828175 3.002903
 43.380002 0.638580 -3.052176
 43.580002 0.764986 2.913690
 43.780002 0.760012 -3.052799
 43.980002 0.955234 3.059787
 44.180002 0.699096 2.896332
 44.380002 0.907033 -2.954460
 44.580002 0.798572 2.877811
 44.780002 0.896583 3.039607
 44.980002 0.905783 3.126357
 45.180002 0.549578 3.031432
 45.380002 0.810104 3.116823
 45.580002 0.732515 3.034796
 45.780002 0.724875 3.115900
 45.980002 0.937898 2.989688
 46.180002 0.913221 3.087418
 46.380002 0.858043 2.953241
 46.580002 0.785690 3.123669
 46.780002 0.588821 3.041911
 46.980002 0.754829 3.066827
 47.180002 1.070339 3.133557
 47.380002 0.724522 3.003760
 47.580002 0.894530 3.109308
 47.780002 0.845839 3.028773
 47.980002 0.734532 3.052927
 48.180002 0.735875 -3.140661
 48.380002 0.831038 3.059644
 48.580002 1.055322 3.106345
 48.780002 0.633297 3.101455
 48.980002 0.859094 3.081394
 49.180002 0.534054 -2.993642
 49.380002 0.818892 2.983164
 49.580002 0.907811 3.030135
 49.780002 0.922141 3.068333
 49.980002 0.812053 2.974251
 50.180002 0.713473 3.133062
 50.380002 0.620397 -3.133242
 50.580002 0.662725 3.093879
 50.780002 0.870154 3.109542
 50.980002 0.912933 2.962821
 51.180002 0.761216 3.114074
 51.380002 0.659675 -3.138356
 51.580002 0.749907 3.011335
 51.780002 0.769897 3.103296
 51.980002 0.737916 3.093708
 52.180002 0.843727 2.956233
 52.380002 0.825621 -3.111872
 52.580002 0.784041 3.025717
 52.780003 0.830150 3.115501
 52.980003 0.829044 -3.133924
 53.180003 0.913655 2.944932
 53.380003 0.723460 -3.103629
 53.580003 0.777365 3.110961
 53.780003 0.855318 3.011993
 53.980003 0.817217 -3.105772
 54.180003 0.803781 2.935328
 54.380003 0.914706 3.083997
 54.580003 0.625829 3.105632
 54.780003 0.798474 3.071664
 54.980003 0.725466 -3.096462
 55.180003 0.867056 3.014321
 55.380003 0.885849 3.099747
 55.580003 0.782480 3.059016
 55.780003 0.744709 -3.129298
 55.980003 0.836334 -3.137857
 56.180003 0.752328 3.125688
 56.380003 0.831784 3.006338
 56.580003 0.820222 3.086782
 56.780003 0.838042 3.134951
 56.980003 0.697929 3.105432
 57.180003 0.671766 -3.137326
 57.380003 0.784688 2.990718
 57.580003 0.798292 3.131239
 57.780003 0.817872 3.120372
 57.980003 0.914429 3.071152
 58.180003 0.594653 -3.132249
 58.380003 0.681967 3.084003
 58.580003 0.830642 3.024357
 58.780003 0.973834 3.104166
 58.980003 0.789422 3.083453
 59.180003 0.911592 2.958540
 59.380003 0.773700 3.119316
 59.580003 0.777108 3.088583
 59.780003 0.805900 2.926512
 59.980003 0.761159 -3.061336
 60.180003 0.661788 3.019411
 60.380003 0.890880 3.009450
 60.580003 0.789327 2.922465
 60.780003 0.808601 -3.103138
 60.980003 0.936882 3.008944
 61.180003 0.685578 2.946984
 61.380003 0.968160 -3.095286
 61.580003 0.839128 2.929104
 61.780003 0.763153 3.038988
 61.980003 0.705577 -3.085264
 62.180003 0.850056 3.013542
 62.380003 0.775537 3.131820
 62.580003 0.895732 2.938336
 62.780003 0.786136 3.133386
 62.980003 1.019900 2.942050
 63.180003 0.695903 3.080905
 63.380003 0.689282 3.128923
 63.580003 0.671056 -3.133384
 63.780003 0.857873 3.001624
 63.980003 0.739811 -2.944216
 64.180003 0.661517 2.874051
 64.380003 0.674078 -3.046720
 64.580003 0.897887 3.039310
 64.780003 0.708628 3.045833
 64.980003 0.970016 2.987200
 65.180003 0.886822 2.937499
 65.380003 0.853899 3.099104
 65.580003 0.717378 3.124662
 65.780003 0.666621 2.939052
 65.980003 0.635169 -2.950433
 66.180003 0.991457 2.916409
 66.380003 0.900574 2.960040
 66.580003 0.721690 -3.024066
 66.780003 0.716356 2.891542
 66.980003 0.820093 -3.019718
 67.180003 0.813841 3.047902
 67.380003 0.685183 3.008234
 67.580003 0.661680 -3.022997
 67.780003 0.830347 2.918652
 67.980003 1.002291 -3.124005
 68.180003 0.791384 3.138843
 68.380003 0.943718 2.887758
 68.580003 0.793738 -3.078609
 68.780003 0.689483 3.049931
 68.980003 0.693488 3.031003
 69.180003 0.816549 -3.095483
 69.380003 0.690789 3.049990
 69.580003 1.024408 3.061788
 69.780003 0.723714 3.009614
 69.980003 0.484006 2.918535
 70.180003 0.907903 -3.137391
 70.380003 0.788423 2.950020
 70.580003 0.611796 2.988273
 70.780003 0.908424 -3.056529
 70.980003 0.797984 2.757977
 71.180003 0.722448 3.111741
 71.380003 0.791140 -3.070612
 71.580003 0.759383 2.707327
 71.780003 0.647255 -2.935164
 71.980003 0.973210 3.042640
 72.180003 0.813480 2.768305
 72.380003 0.799855 -3.001393
 72.580003 0.707101 2.950935
 72.780003 0.694173 3.004630
 72.980003 0.593499 -2.852620
 73.180003 0.736045 2.682040
 73.380003 0.910966 3.098057
 73.580003 0.914335 -3.087191
 73.780004 0.633935 2.879357
 73.980004 0.724875 -3.085776
 74.180004 0.670449 3.052944
 74.380004 0.766813 2.853688
 74.580004 0.959764 -3.079814
 74.780004 0.881036 2.796624
 74.980004 0.680591 3.056517
 75.180004 0.696328 -2.971071
 75.380004 0.849101 2.955933
 75.580004 0.747132 -3.130194
 75.780004 0.933435 2.909034
 75.980004 0.856366 3.081524
 76.180004 0.892489 -3.112299
 76.380004 0.565401 2.934315
 76.580004 0.683041 -3.053292
 76.780004 0.886438 2.949582
 76.980004 0.942471 3.065256
 77.180004 0.931336 -3.019783
 77.380004 0.645471 2.957822
 77.580004 0.724329 -3.056752
 77.780004 0.785580 3.115195
 77.980004 0.753191 3.072282
 78.180004 1.010663 3.098256
 78.380004 0.792580 2.966711
 78.580004 0.857311 3.131581
 78.780004 0.881517 3.065904
 78.980004 0.750457 3.030905
 79.180004 0.671753 -3.112595
 79.380004 0.862574 2.767532
 79.580004 0.883702 -3.089413
 79.780004 0.798944 3.106174
 79.980004 0.959602 2.856189
 80.180004 0.604579 -3.012884
 80.380004 0.760696 2.979056
 80.580004 0.715207 3.139976
 80.780004 0.780821 -3.101962
 80.980004 0.731724 2.902525
 81.180004 1.071018 -3.121992
 81.380004 0.828387 3.061695
 81.580004 0.749450 3.052067
 81.780004 0.747170 3.130714
 81.980004 0.849319 2.995552
 82.180004 0.689459 -3.062107
 82.380004 0.841433 2.968586
 82.580004 0.764923 -3.122981
 82.780004 0.848471 3.103842
 82.980004 0.683450 3.104447
 83.180004 0.802107 -3.084993
 83.380004 0.829063 2.937952
 83.580004 0.629010 -3.114439
 83.780004 0.989501 3.069652
 83.980004 0.814500 3.007971
 84.180004 0.841277 3.069834
 84.380004 0.590345 -3.121853
 84.580004 0.723444 3.075893
 84.780004 0.834387 -3.088016
 84.980004 1.018052 2.824269
 85.180004 0.802961 -3.043384
 85.380004 0.822103 2.992382
 85.580004 0.754674 2.955094
 85.780004 0.746643 -3.081211
 85.980004 0.777740 2.831720
 86.180004 0.813683 3.135935
 86.380004 0.840443 3.068570
 86.580004 0.670819 2.840749
 86.780004 0.778754 -2.971375
 86.980004 0.788671 2.877628
 87.180004 0.635209 2.797824
 87.380004 0.740782 -2.857923
 87.580004 0.864921 2.857182
 87.780004 0.706503 3.004735
 87.980004 0.831552 -2.929033
 88.180004 0.835368 2.601203
 88.380004 0.698777 2.973444
 88.580004 0.801312 -2.909425
 88.780004 0.668824 2.779946
 88.980004 0.870989 3.117200
 89.180004 0.845174 -2.833439
 89.380004 0.877674 2.567798
 89.580004 0.675230 -2.869461
 89.780004 0.677315 3.116080
 89.980004 0.609239 2.711386
 90.180004 0.918368 -2.971879
 90.380004 0.884020 3.022516
 90.580004 0.695374 2.467384
 90.780004 0.871407 -2.840672
 90.980004 0.633051 -3.119994
 91.180004 0.809416 2.699501
 91.380004 0.697280 -2.947103
 91.580004 0.831947 2.884715
 91.780004 0.888876 2.945891
 91.980004 1.086513 -2.895990
 92.180004 0.717921 2.858670
 92.380004 0.700116 3.073272
 92.580004 0.708536 -3.110208
 92.780004 0.683184 3.005303
 92.980004 0.705086 3.037911
 93.180004 0.915233 3.060053
 93.380004 0.977479 2.866549
 93.580004 0.747641 3.088602
 93.780004 0.848989 2.903478
 93.980004 0.710808 2.940981
 94.180004 0.830052 3.139559
 94.380004 0.652485 2.938022
 94.580004 0.851257 -3.080539
 94.780005 0.830995 2.976356
 94.980005 0.870497 3.076768
 95.180005 0.756183 -3.041668
 95.380005 0.749601 2.925049
 95.580005 0.637072 -3.130980
 95.780005 0.916232 3.055021
 95.980005 0.975510 2.842921
 96.180005 0.890801 -2.934207
 96.380005 0.803753 2.927468
 96.580005 0.586074 -3.051344
 96.780005 0.670001 -3.095469
 96.980005 0.744737 3.085495
 97.180005 1.070498 3.120962
 97.380005 0.835062 2.948982
 97.580005 0.859889 -3.041286
 97.780005 0.824484 3.063424
 97.980005 0.721255 3.023340
 98.180005 0.785685 -3.066543
 98.380005 0.630631 3.131039
 98.580005 0.936192 2.895660
 98.780005 0.943518 3.125977
 98.980005 0.925118 2.968417
 99.180005 0.585562 3.108984
 99.380005 0.660840 3.102168
 99.580005 0.660811 3.055967
 99.780005 0.908871 3.124547
 99.980005 1.066162 2.828505
 100.180005 0.761007 -3.023289
 100.380005 0.518119 3.062669
 100.580005 0.584754 3.113259
 100.780005 0.790785 -3.135878
 100.980005 0.803557 3.038552
 101.180005 0.984151 2.912191
 101.380005 1.054900 2.999180
 101.580005 0.888824 3.004793
 101.780005 0.749902 3.063533
 101.980005 0.715447 3.072863
 102.180005 0.451886 3.108450
 102.380005 0.780902 -3.129165
 102.580005 0.990551 2.958713
 102.780005 0.770547 2.958583
 102.980005 0.759641 -3.072299
 103.180005 0.763439 2.910975
 103.380005 0.633458 -3.086117
 103.580005 0.899943 3.140184
 103.780005 0.827649 2.736588
 103.980005 0.763065 -2.913368
 104.180005 0.813679 3.042927
 104.380005 0.789678 3.114590
 104.580005 0.731487 -3.124779
 104.780005 0.607935 3.108533
 104.980005 0.600121 3.087442
 105.180005 0.953748 2.998331
 105.380005 0.858690 3.021481
 105.580005 0.973923 -3.026460
 105.780005 0.762826 2.942875
 105.980005 0.721729 -3.065506
 106.180005 0.534026 -3.072580
 106.380005 0.794744 2.927513
 106.580005 0.727780 3.136669
 106.780005 0.925709 3.100038
 106.980005 0.778891 2.996285
 107.180005 0.914903 3.138772
 107.380005 0.623277 3.059419
 107.580005 0.714495 3.062574
 107.780005 0.796718 2.938597
 107.980005 0.836030 2.917732
 108.180005 0.839954 3.116848
 108.380005 0.698809 2.787825
 108.580005 0.778804 3.104736
 108.780005 0.421552 -2.988324
 108.980005 0.645456 2.807052
 109.180005 0.606472 -2.877265
 109.380005 0.824372 3.058748
 109.580005 0.833952 2.863131
 109.780005 0.744678 -3.000203
 109.980005 0.752316 2.813877
 110.180005 0.253619 2.801568
 110.380005 0.329037 2.449337
 110.580005 -0.504430 2.508916
 110.780005 -0.321087 2.525350
 110.980005 0.110733 2.312212
 111.180005 -0.601750 2.638596
 111.380005 -0.462425 2.406265
 111.580005 -0.023475 2.691526
 111.780005 -0.265387 2.508916
 111.980005 -0.556503 2.550442
 112.180005 -0.074724 2.608088
 112.380005 -0.060845 2.422357
 112.580005 -0.657930 2.580957
 112.780005 0.039776 2.407978
 112.980005 -0.247522 2.507872
 113.180005 -0.467584 2.577693
 113.380005 -0.163114 2.513347
 113.580005 -0.278969 2.534247
 113.780005 -0.561646 2.390461
 113.980005 -0.249166 2.734391
 114.180005 -0.433332 2.348179
 114.380005 -0.374717 2.462211
 114.580005 -0.016151 2.352093
 114.780005 -0.451170 2.608842
 114.980005 -0.457362 2.549340
 115.180005 -0.015969 2.416507
 115.380005 -0.481019 2.553060
 115.580005 -0.329343 2.499169
 115.780005 -0.272527 2.490413
 115.980006 -0.367736 2.427188
 116.180006 -0.177204 2.626623
 116.380006 -0.333903 2.477305
 116.580006 -0.399982 2.475248
 116.780006 0.096686 2.330946
 116.980006 -0.473759 2.415366
 117.180006 -0.679464 2.728854
 117.380006 -0.172558 2.292268
 117.580006 -0.589167 2.638160
 117.780006 -0.362174 2.470254
 117.980006 -0.286720 2.530207
 118.180006 -0.401246 2.468762
 118.380006 -0.210416 2.470292
 118.580006 -0.161698 2.541934
 118.780006 -0.602160 2.408093
 118.980006 -0.355855 2.661692
 119.180006 -0.557043 2.384254
 119.380006 -0.454601 2.622473
 119.580006 -0.276747 2.396051
 119.780006 -0.679208 2.513145
 119.980006 -0.091469 2.426914
 120.180006 -0.278617 2.611472
 120.380006 -0.356135 2.490151
 120.580006 -0.144766 2.593815
 120.780006 -0.631459 2.584250
 120.980006 -0.563739 2.615113
 121.180006 -0.311238 2.369952
 121.380006 -0.479568 2.661622
 121.580006 -0.045268 2.333835
 121.780006 -0.222361 2.551869
 121.980006 -0.227986 2.375242
 122.180006 -0.004916 2.471809
 122.380006 -0.689351 2.640709
 122.580006 -0.430902 2.589036
 122.780006 -0.234854 2.499185
 122.980006 -0.596247 2.588486
 123.180006 -0.177263 2.507109
 123.380006 0.131543 2.188216
 123.580006 -0.477573 2.637272
 123.780006 -0.098190 2.286786
 123.980006 -0.259229 2.591815
 124.180006 -0.703053 2.575032
 124.380006 -0.262749 2.565321
 124.580006 0.039603 2.623113
 124.780006 -0.606127 2.306347
 124.980006 -0.317804 2.802826
 125.180006 0.250978 2.404399
 125.380006 -0.567053 2.320955
 125.580006 -0.176143 2.613437
 125.780006 0.137559 2.242306
 125.980006 -0.587696 2.826895
 126.180006 -0.443931 2.288484
 126.380006 0.021948 2.765367
 126.580006 0.354884 2.733757
 126.780006 0.960258 2.969442
 126.980006 0.591981 -3.014533
 127.180006 0.819556 2.715640
 127.380006 0.670257 -3.024257
 127.580006 0.832502 3.034859
 127.780006 0.756294 2.736109
 127.980006 0.636094 -3.048417
 128.180006 0.754786 2.758970
 128.380006 0.084280 2.861220
 128.580006 -0.539303 2.226072
 128.780006 -0.681389 2.667478
 128.980006 0.322342 2.545878
 129.180006 0.562464 2.668898
 129.380006 0.982791 -2.962038
 129.580006 1.017916 2.922526
 129.780006 0.947967 2.890891
 129.980006 0.686541 -2.943764
 130.180006 0.654938 2.823857
 130.380006 0.489135 3.102858
 130.580006 0.758125 -2.906271
 130.780006 0.990955 2.638942
 130.980006 0.949329 -3.119064
 131.180006 0.774532 2.973989
 131.380006 0.564158 -3.137485
 131.580006 0.550415 3.112908
 131.780006 0.693661 2.929018
 131.980006 0.737825 -2.959778
 132.180006 0.959252 2.781850
 132.380006 0.875739 3.104439
 132.580006 0.851477 2.981214
 132.780006 0.548357 3.111901
 132.980006 0.629607 -3.067202
 133.180006 0.526112 2.862568
 133.380006 0.907214 2.954956
 133.580006 0.743788 -3.068657
 133.780006 0.814073 2.824921
 133.980006 0.865631 -3.092301
 134.180006 0.911792 2.970149
 134.380006 0.654858 2.970399
 134.580006 0.680343 -2.918318
 134.780006 0.728739 2.984549
 134.980006 0.793885 3.093021
 135.180006 0.897130 -2.993042
 135.380006 0.848955 2.781987
 135.580006 0.858091 -2.806708
 135.780006 0.677828 2.964263
 135.980006 0.644565 3.050544
 136.180006 0.724786 -2.997046
 136.380006 0.912419 2.895853
 136.580006 0.866251 -3.057642
 136.780006 0.825098 -3.056487
 136.980007 0.902938 2.886503
 137.180007 0.654066 -2.841402
 137.380007 0.810583 3.074209
 137.580007 0.831301 2.883417
 137.780007 0.898989 -2.958599
 137.980007 0.719632 2.923080
 138.180007 0.967215 -3.060054
 138.380007 0.772414 3.106578
 138.580007 0.589905 2.981577
 138.780007 0.748048 -3.134299
 138.980007 0.887108 2.862199
 139.180007 0.904521 3.098619
 139.380007 0.730480 3.004114
 139.580007 0.823187 3.010152
 139.780007 0.757819 2.979254
 139.980007 0.792358 3.053798
 140.180007 0.719452 3.048384
 140.380007 0.871742 3.124052
 140.580007 0.786478 3.021130
 140.780007 0.751461 -3.072417
 140.980007 0.499415 3.052834
 141.180007 1.010424 2.874028
 141.380007 0.680957 -3.100784
 141.580007 0.919888 2.933298
 141.780007 0.829588 3.092676
 141.980007 0.807489 3.082858
 142.180007 0.667658 2.984767
 142.380007 0.593758 3.092487
 142.580007 0.596812 -3.090759
 142.780007 0.713635 2.906147
 142.980007 0.952601 -3.036528
 143.180007 0.867718 2.975166
 143.380007 0.983514 3.077079
 143.580007 0.688924 -3.039053
 143.780007 0.677771 2.975390
 143.980007 0.689078 -3.141208
 144.180007 0.755142 3.076294
 144.380007 0.766939 3.024046
 144.580007 0.922279 -3.135023
 144.780007 0.703179 2.998340
 144.980007 0.766988 3.138432
 145.180007 0.577296 -3.121557
 145.380007 0.875176 2.946496
 145.580007 0.781405 -3.052480
 145.780007 1.049807 2.914921
 145.980007 0.757330 3.002360
 146.180007 0.771327 -3.029136
 146.380007 0.577796 2.990854
 146.580007 0.806535 3.059151
 146.780007 0.850124 3.141555
 146.980007 0.687643 2.952229
 147.180007 0.845880 3.054902
 147.380007 0.696445 3.135411
 147.580007 0.869980 2.934482
 147.780007 0.742851 3.096159
 147.980007 0.818861 3.039987
 148.180007 0.518620 3.095469
 148.380007 0.838430 -3.096982
 148.580007 0.777371 2.938637
 148.780007 0.973077 -3.040259
 148.980007 0.779165 2.936490
 149.180007 0.953874 3.054874
 149.380007 0.560621 3.118671
 149.580007 0.717131 3.105788
 149.780007 0.612928 -3.119136
 149.980007 0.808824 2.889428
 150.180007 0.764117 -3.090934
 150.380007 0.661907 3.041971
 150.580007 0.813419 2.886464
 150.780007 0.725657 3.114967
 150.980007 0.826118 3.075370
 151.180007 0.812859 2.927398
 151.380007 0.820681 -2.986201
 151.580007 0.623335 3.010627
 151.780007 0.875191 3.011614
 151.980007 0.696296 3.109678
 152.180007 0.773821 2.945872
 152.380007 0.806481 3.095343
 152.580007 0.933668 2.950266
 152.780007 0.685732 -3.077033
 152.980007 0.855344 2.973264
 153.180007 0.586670 3.131520
 153.380007 0.814151 3.053948
 153.580007 0.892032 3.045523
 153.780007 0.805325 3.091379
 153.980007 0.798151 3.054390
 154.180007 0.792133 3.122905
 154.380007 0.620316 3.033715
 154.580007 0.705262 2.976221
 154.780007 0.869900 -3.114912
 154.980007 0.795974 2.981035
 155.180007 0.626601 3.129324
 155.380007 0.686355 -3.099948
 155.580007 0.726309 3.070882
 155.780007 0.821764 3.065460
 155.980007 1.017320 3.031854
 156.180007 0.894429 2.946121
 156.380007 0.784997 -3.077237
 156.580007 0.672021 3.126522
 156.780007 0.828032 3.082376
 156.980007 0.724578 -3.128585
 157.180007 0.858389 3.042163
 157.380007 1.012308 2.950058
 157.580007 0.854762 3.128003
 157.780007 0.617070 3.002763
 157.980008 0.879558 -3.118954
 158.180008 0.756862 2.961350
 158.380008 0.584464 3.094300
 158.580008 0.864591 -3.098819
 158.780008 0.752404 2.774912
 158.980008 0.683301 -3.024738
 159.180008 0.778053 -3.109252
 159.380008 0.705982 2.773933
 159.580008 0.724411 -2.975788
 159.780008 0.802920 3.014713
 159.980008 0.773506 2.945141
 160.180008 0.784072 -3.061090
 160.380008 0.602393 2.966419
 160.580008 0.905201 -2.996780
 160.780008 0.973197 2.945637
 160.980008 0.978433 2.893819
 161.180008 0.690455 -3.111113
 161.380008 0.702208 2.934736
 161.580008 0.481565 -3.011744
 161.780008 0.902552 -3.031680
 161.980008 0.887099 2.896490
 162.180008 1.088877 -3.122978
 162.380008 0.674518 3.040771
 162.580008 0.864717 -3.115918
 162.780008 0.682772 -3.062098
 162.980008 0.714912 2.968234
 163.180008 0.730046 -3.053945
 163.380008 1.012324 -3.071375
 163.580008 0.865461 3.046081
 163.780008 0.775600 -3.086349
 163.980008 0.789195 3.013501
 164.180008 0.669748 -3.092250
 164.380008 0.784987 -3.059836
 164.580008 0.910436 2.846960
 164.780008 0.935301 -2.925613
 164.980008 0.800240 3.026255
 165.180008 0.785889 2.800207
 165.380008 0.653299 -2.905130
 165.580008 0.694248 2.924054
 165.780008 0.806354 3.006023
 165.980008 0.908422 -3.108617
 166.180008 0.672908 2.924239
 166.380008 0.776026 -3.098176
 166.580008 0.936882 2.981853
 166.780008 0.900018 2.732773
 166.980008 0.601955 -2.900004
 167.180008 0.787022 2.886920
 167.380008 0.774874 3.104431
 167.580008 0.817984 -3.129100
 167.780008 0.637966 2.951466
 167.980008 0.884819 3.064985
 168.180008 0.748767 -3.106806
 168.380008 0.969862 3.086745
 168.580008 0.844258 3.066908
 168.780008 0.780438 2.912244
 168.980008 0.794686 -2.991777
 169.180008 0.950197 3.052454
 169.380008 0.784338 3.018652
 169.580008 0.819352 -2.952877
 169.780008 0.900902 2.777142
 169.980008 0.846414 -3.084415
 170.180008 0.748220 -3.132100
 170.380008 0.809581 2.991504
 170.580008 0.783343 -3.023278
 170.780008 0.725723 3.013951
 170.980008 0.965995 3.018305
 171.180008 0.856768 3.080296
 171.380008 0.650699 3.091100
 171.580008 0.693413 3.110709
 171.780008 0.685575 3.072484
 171.980008 0.624228 2.952429
 172.180008 1.004203 -3.136823
 172.380008 0.918468 2.963652
 172.580008 0.814730 2.921093
 172.780008 0.688751 3.131210
 172.980008 0.611484 3.025700
 173.180008 0.753394 2.986707
 173.380008 0.908488 -3.068513
 173.580008 0.748548 2.810531
 173.780008 0.938097 -3.002371
 173.980008 1.083867 2.985647
 174.180008 0.587640 3.032007
 174.380008 0.819640 -3.009315
 174.580008 0.623776 2.918266
 174.780008 0.802552 -3.106262
 174.980008 0.805078 -2.993141
 175.180008 0.838280 2.831670
 175.380008 0.676649 -2.972261
 175.580008 0.748372 -3.129521
 175.780008 0.710535 2.920442
 175.980008 0.794888 -2.940062
 176.180008 0.807875 2.878504
 176.380008 0.855515 -3.050670
 176.580008 0.840974 3.136299
 176.780008 0.729828 2.886186
 176.980008 0.676960 -3.035414
 177.180008 0.800949 2.982424
 177.380008 0.903795 -3.058448
 177.580008 0.753421 -3.082202
 177.780008 0.792574 2.962471
 177.980008 0.792175 -2.950640
 178.180008 0.763045 3.014159
 178.380008 0.726580 3.013019
 178.580008 0.851796 -3.052957
 178.780008 0.767609 2.930910
 178.980009 0.766579 -3.114834
 179.180009 0.834257 3.026100
 179.380009 0.707808 2.870046
 179.580009 0.826426 3.083415
 179.780009 0.660965 3.116983
 179.980009 0.965033 2.960716
 180.180009 0.587652 -3.058655
 180.380009 0.701039 2.937708
 180.580009 0.725982 -3.051881
 180.780009 0.947705 3.132095
 180.980009 0.783761 3.004667
 181.180009 0.809311 -3.116903
 181.380009 0.893103 2.924701
 181.580009 0.672432 -3.099190
 181.780009 0.596838 -3.080747
 181.980009 0.667702 2.887975
 182.180009 0.969546 -2.951109
 182.380009 0.726586 2.930184
 182.580009 0.928981 2.921996
 182.780009 0.740414 -3.016118
 182.980009 0.948743 2.906695
 183.180009 0.711384 3.133213
 183.380009 0.817900 3.037517
 183.580009 0.649925 2.925570
 183.780009 0.816173 -3.027245
 183.980009 0.663999 3.063390
 184.180009 0.923678 2.820998
 184.380009 0.794266 -2.988547
 184.580009 0.886602 2.721452
 184.780009 0.774818 -3.103091
 184.980009 0.701067 3.049303
 185.180009 0.569552 3.066512
 185.380009 0.976638 -3.127535
 185.580009 0.765216 2.911499
 185.780009 1.038568 -3.141411
 185.980009 0.909738 3.048273
 186.180009 0.826561 3.041403
 186.380009 0.582958 -2.903038
 186.580009 0.765726 3.019563
 186.780009 0.859527 2.901285
 186.980009 0.763070 -3.017879
 187.180009 0.667365 2.815908
 187.380009 0.818337 -3.067067
 187.580009 0.773664 2.825913
 187.780009 0.479757 3.105611
 187.980009 0.733040 -3.083017
 188.180009 0.866488 2.853366
 188.380009 0.883879 -3.138878
 188.580009 0.846892 2.935505
 188.780009 0.964604 2.880111
 188.980009 0.521509 -3.025029
 189.180009 0.573693 2.882335
 189.380009 0.696321 3.073238
 189.580009 0.932168 3.116112
 189.780009 0.725890 2.942511
 189.980009 0.926421 -2.960295
 190.180009 0.624463 3.008579
 190.380009 0.622338 3.079542
 190.580009 0.711020 -3.097846
 190.780009 0.718918 3.049214
 190.980009 0.892239 3.080511
 191.180009 1.115750 3.122613
 191.380009 0.788363 2.808711
 191.580009 0.857874 -2.982511
 191.780009 0.582307 2.986347
 191.980009 0.754375 2.839030
 192.180009 0.729884 -2.927820
 192.380009 0.880517 2.949665
 192.580009 0.898756 2.931242
 192.780009 0.539096 3.090653
 192.980009 0.538568 3.058856
 193.180009 0.820459 -3.121763
 193.380009 0.924970 2.908974
 193.580009 0.740885 3.057446
 193.780009 0.916255 3.100305
 193.980009 0.814991 2.744393
 194.180009 0.843103 -2.966142
 194.380009 0.689189 3.120756
 194.580009 0.865749 2.831396
 194.780009 0.719361 -2.996330
 194.980009 0.858915 2.984112
 195.180009 0.706654 3.015802
 195.380009 1.015765 -3.117087
 195.580009 0.808596 2.813890
 195.780009 0.759657 -3.036253
 195.980009 0.952477 2.966847
 196.180009 0.748285 2.972384
 196.380009 0.588522 -2.954542
 196.580009 0.711454 2.873080
 196.780009 0.774368 -3.107226
 196.980009 0.813080 -2.927862
 197.180009 0.704992 2.772992
 197.380009 0.856191 -3.086162
 197.580009 0.751995 3.139305
 197.780009 0.666547 3.008898
 197.980009 0.741201 -2.904866
 198.180009 0.975005 2.766787
 198.380009 0.896219 3.019385
 198.580009 0.798208 -3.061474
 198.780009 0.739562 2.853532
 198.980009 0.585764 -2.916531
 199.180009 0.560412 2.977351
 199.380009 0.819136 2.861489
 199.580009 0.721036 -2.908440
 199.780009 0.675447 2.765162
 199.980009 0.999725 3.071563
