#! FIELDS time phi psi
#! SET max_psi pi
 0.180000 -0.041738 -2.613267
 0.380000 0.094901 -1.763508
 0.580000 -0.215077 -2.332529
 0.780000 0.007880 -2.122253
 0.980000 0.377014 -2.235295
 1.180000 -0.065797 -2.394981
 1.380000 -0.130389 -2.069892
 1.580000 0.068448 -2.233884
 1.780000 0.236158 -2.003588
 1.980000 -0.295849 -1.836324
 2.180000 0.138213 -2.008955
 2.380000 0.233728 -2.131330
 2.580000 -0.155747 -1.992381
 2.780000 -0.071468 -2.171390
 2.980000 -0.088494 -2.163299
 3.180000 0.056972 -2.173431
 3.380000 0.320205 -2.319914
 3.580000 0.335288 -2.097806
 3.780000 0.339323 -2.233910
 3.980000 0.042202 -2.066082
 4.180000 -0.141815 -2.197100
 4.380000 -0.175001 -2.017725
 4.580000 -0.150041 -2.096253
 4.780000 -0.044629 -1.968115
 4.980000 0.420554 -2.069977
 5.180000 0.297432 -2.118699
 5.380000 0.147624 -2.121503
 5.580000 0.022696 -2.136671
 5.780000 0.056218 -2.198488
 5.980000 -0.096294 -2.157642
 6.180000 0.016508 -2.234800
 6.380000 0.315752 -2.482832
 6.580000 -0.082438 -2.063566
 6.780000 0.224553 -2.450012
 6.980000 0.267221 -2.193652
 7.180000 0.113814 -2.182399
 7.380000 0.051745 -2.070270
 7.580000 -0.043944 -2.163552
 7.780000 0.008006 -2.144458
 7.980000 0.014542 -2.003073
 8.180000 -0.235018 -2.174163
 8.380000 0.048496 -1.901305
 8.580000 -0.010873 -2.193070
 8.780000 0.062182 -1.989445
 8.980000 -0.038010 -2.144511
 9.180000 0.169791 -2.089401
 9.380000 0.313262 -2.172755
 9.580000 -0.315488 -2.041386
 9.780000 0.055528 -2.125924
 9.980000 0.191267 -2.371697
 10.180000 -0.032839 -2.097128
 10.380000 -0.244806 -2.195614
 10.580001 0.338103 -2.134823
 10.780001 0.247748 -2.348384
 10.980001 -0.265188 -1.953949
 11.180001 -0.305487 -2.106013
 11.380001 0.258353 -2.117438
 11.580001 0.128006 -2.172012
 11.780001 -0.292152 -1.879753
 11.980001 -0.165518 -1.939081
 12.180001 0.169723 -2.048138
 12.380001 -0.062298 -2.050188
 12.580001 -0.147521 -2.038056
 12.780001 0.170967 -2.159101
 12.980001 0.201874 -2.239289
 13.180001 0.019308 -2.220633
 13.380001 0.117565 -2.343075
 13.580001 0.248701 -2.159894
 13.780001 0.116266 -2.332039
 13.980001 0.045188 -2.149230
 14.180001 -0.031357 -2.177209
 14.380001 -0.065494 -2.034783
 14.580001 -0.209287 -2.006576
 14.780001 0.037162 -2.076459
 14.980001 0.050193 -1.997397
 15.180001 -0.041557 -2.092482
 15.380001 -0.012313 -2.069576
 15.580001 0.147002 -2.391327
 15.780001 0.037390 -1.976500
 15.980001 -0.134587 -2.278312
 16.180001 0.033277 -2.004625
 16.380001 0.292958 -2.409348
 16.580001 -0.040040 -1.984491
 16.780001 0.010760 -2.213909
 16.980001 0.137666 -2.119192
 17.180001 -0.039660 -2.140482
 17.380001 0.045202 -2.204310
 17.580001 -0.177088 -2.113127
 17.780001 0.148685 -2.281654
 17.980001 0.068818 -2.062782
 18.180001 -0.028132 -2.240021
 18.380001 -0.121642 -2.050703
 18.580001 0.299083 -2.283843
 18.780001 0.028996 -2.106789
 18.980001 -0.414488 -2.091304
 19.180001 0.071304 -2.199063
 19.380001 0.250560 -2.208023
 19.580001 -0.123220 -2.130937
 19.780001 -0.229376 -1.927220
 19.980001 0.057733 -2.199479
 20.180001 0.332419 -1.985022
 20.380001 -0.164611 -2.126755
 20.580001 -0.311748 -1.999846
 20.780001 -0.108614 -2.206933
 20.980001 0.130046 -2.065023
 21.180001 -0.205983 -2.149495
 21.380001 -0.215416 -2.184247
 21.580001 -0.011055 -2.068935
 21.780001 0.286522 -2.283921
 21.980001 -0.172774 -2.131344
 22.180001 -0.301632 -2.277707
 22.380001 -0.079947 -1.973253
 22.580001 0.297288 -2.267398
 22.780001 -0.203876 -2.110802
 22.980001 -0.417832 -2.029892
 23.180001 0.220327 -2.239197
 23.380001 0.008687 -2.048788
 23.580001 -0.444087 -2.043783
 23.780001 -0.148363 -2.043932
 23.980001 0.423674 -2.244946
 24.180001 -0.083400 -1.987522
 24.380001 -0.582638 -2.058194
 24.580001 -0.143964 -2.137139
 24.780001 0.308622 -2.180045
 24.980001 0.046671 -2.144525
 25.180001 -0.110361 -2.200695
 25.380001 -0.153753 -2.304984
 25.580001 0.168573 -2.023155
 25.780001 0.011507 -2.367563
 25.980001 -0.231716 -1.913251
 26.180001 -0.228042 -2.203822
 26.380001 0.126715 -1.951082
 26.580001 -0.064375 -2.185466
 26.780001 -0.530504 -2.045957
 26.980001 -0.533264 -2.044687
 27.180001 0.089390 -2.273089
 27.380001 0.537911 -2.144287
 27.580001 -0.061675 -2.419749
 27.780001 -0.489836 -1.906356
 27.980001 -0.073714 -2.333711
 28.180001 0.405942 -2.235853
 28.380001 -0.334715 -2.126948
 28.580001 -0.596783 -2.205340
 28.780001 -0.784986 -2.148249
 28.980001 -0.906648 -2.446116
 29.180001 -1.046680 -2.634995
 29.380001 -0.771859 -2.689831
 29.580001 -0.860524 -2.388850
 29.780001 -0.727448 -2.627024
 29.980001 -1.045562 -2.555554
 30.180001 -0.913557 -2.568035
 30.380001 -0.813546 -2.583345
 30.580001 -0.848287 -2.596854
 30.780001 -0.667486 -2.962920
 30.980001 -1.029549 -2.654762
 31.180001 -0.842079 -2.469671
 31.380001 -0.769273 -2.079942
 31.580001 -0.536132 -2.195701
 31.780002 0.165041 -2.063143
 31.980002 0.441030 -2.209111
 32.180002 -0.199327 -2.116062
 32.380002 -0.216486 -2.066354
 32.580002 0.280439 -2.501644
 32.780002 0.215521 -2.064334
 32.980002 -0.581090 -2.291352
 33.180002 -0.992333 -2.372246
 33.380002 -1.093681 -2.758223
 33.580002 -1.022298 -2.841925
 33.780002 -0.919476 -2.119733
 33.980002 -0.107453 -2.246774
 34.180002 0.322064 -2.019485
 34.380002 -0.053765 -2.268410
 34.580002 -0.477698 -2.046306
 34.780002 -0.458971 -2.624827
 34.980002 -0.940236 -2.699650
 35.180002 -0.635019 -2.761243
 35.380002 -0.586088 -2.318296
 35.580002 -0.452113 -2.083687
 35.780002 -0.022273 -2.250410
 35.980002 0.174706 -1.899087
 36.180002 -0.356360 -2.234575
 36.380002 -0.699305 -1.962775
 36.580002 -0.876646 -2.364445
 36.780002 -0.987469 -2.465910
 36.980002 -0.846730 -2.905169
 37.180002 -0.760989 -2.737816
 37.380002 -0.792992 -2.704631
 37.580002 -0.797307 -2.540003
 37.780002 -1.072136 -2.554009
 37.980002 -0.878775 -2.956174
 38.180002 -1.096003 -2.568131
 38.380002 -0.848909 -2.461780
 38.580002 -1.158404 -2.383148
 38.780002 -1.065128 -2.685206
 38.980002 -1.034536 -2.776341
 39.180002 -0.715510 -2.622003
 39.380002 -0.692897 -2.692443
 39.580002 -0.765688 -2.613006
 39.780002 -0.841493 -2.849071
 39.980002 -1.144156 -2.620055
 40.180002 -0.948794 -2.386957
 40.380002 -1.012644 -2.439843
 40.580002 -0.938438 -2.649369
 40.780002 -1.138322 -2.747259
 40.980002 -1.038656 -2.715324
 41.180002 -0.862011 -2.602714
 41.380002 -0.961131 -2.692130
 41.580002 -0.975767 -2.621807
 41.780002 -1.025655 -2.707593
 41.980002 -0.777795 -2.593216
 42.180002 -0.863956 -2.442423
 42.380002 -0.876933 -2.525731
 42.580002 -0.952619 -2.641460
 42.780002 -0.888468 -2.674042
 42.980002 -0.791692 -2.449484
 43.180002 -0.937787 -2.404707
 43.380002 -0.836648 -2.549603
 43.580002 -0.976598 -2.775860
 43.780002 -0.800603 -2.559456
 43.980002 -0.673214 -2.362080
 44.180002 -0.712224 -2.527604
 44.380002 -0.925883 -2.853885
 44.580002 -1.004544 -2.693628
 44.780002 -0.989663 -2.327947
 44.980002 -0.871391 -2.312230
 45.180002 -0.761274 -2.670082
 45.380002 -0.909390 -2.861559
 45.580002 -0.828357 -2.645252
 45.780002 -0.773487 -2.387691
 45.980002 -0.631566 -2.671600
 46.180002 -0.970358 -2.846480
 46.380002 -1.084408 -2.749014
 46.580002 -1.339454 -2.360749
 46.780002 -0.973784 -2.511465
 46.980002 -0.906847 -2.656323
 47.180002 -0.853150 -2.755295
 47.380002 -0.842432 -2.655930
 47.580002 -0.768125 -2.648012
 47.780002 -0.779093 -2.772454
 47.980002 -1.037506 -2.677099
 48.180002 -1.100318 -2.551157
 48.380002 -1.305931 -2.496993
 48.580002 -0.921354 -2.710945
 48.780002 -1.004393 -2.729078
 48.980002 -0.741873 -2.669603
 49.180002 -0.873826 -2.637287
 49.380002 -0.672673 -2.728268
 49.580002 -0.825575 -2.803742
 49.780002 -1.076574 -2.409265
 49.980002 -0.976859 -2.495891
 50.180002 -1.174403 -2.462739
 50.380002 -0.856807 -2.821692
 50.580002 -0.881427 -2.629466
 50.780002 -0.640369 -2.588236
 50.980002 -0.836014 -2.642074
 51.180002 -0.907112 -2.689152
 51.380002 -0.839851 -2.771623
 51.580002 -0.950039 -2.467490
 51.780002 -0.858668 -2.674367
 51.980002 -1.097957 -2.494910
 52.180002 -0.710366 -2.505298
 52.380002 -0.973593 -2.422299
 52.580002 -0.787036 -2.822111
 52.780003 -0.908745 -2.690460
 52.980003 -0.715153 -2.516134
 53.180003 -0.478326 -2.242752
 53.380003 -0.144154 -2.122426
 53.580003 0.233525 -2.296033
 53.780003 0.083232 -2.215174
 53.980003 -0.638154 -2.002999
 54.180003 -0.410668 -2.220699
 54.380003 0.110905 -2.041930
 54.580003 0.076633 -2.354397
 54.780003 -0.190128 -1.859810
 54.980003 0.021342 -2.315459
 55.180003 0.629461 -2.061420
 55.380003 0.087167 -2.353926
 55.580003 -0.157229 -1.969981
 55.780003 0.125424 -2.392391
 55.980003 0.117638 -2.160234
 56.180003 -0.146304 -2.112740
 56.380003 -0.360468 -2.180496
 56.580003 0.285895 -1.936507
 56.780003 0.275060 -2.506062
 56.980003 -0.103458 -1.671413
 57.180003 -0.062670 -2.412118
 57.380003 0.250107 -1.997872
 57.580003 0.097910 -2.424014
 57.780003 -0.259070 -2.031652
 57.980003 -0.029105 -2.028684
 58.180003 0.021523 -2.245235
 58.380003 -0.069241 -1.913175
 58.580003 -0.427137 -2.187478
 58.780003 0.134916 -1.914274
 58.980003 0.022582 -2.301801
 59.180003 -0.111303 -1.938064
 59.380003 -0.175115 -2.199095
 59.580003 0.229327 -2.155424
 59.780003 0.068148 -2.111126
 59.980003 -0.141865 -2.202926
 60.180003 0.077542 -2.009050
 60.380003 0.210988 -2.403283
 60.580003 -0.066975 -2.033938
 60.780003 -0.394456 -2.203425
 60.980003 0.162814 -2.054316
 61.180003 0.152716 -2.277082
 61.380003 -0.288540 -1.869830
 61.580003 0.009238 -2.260757
 61.780003 0.203450 -2.179098
 61.980003 0.017595 -2.169461
 62.180003 -0.065763 -2.322193
 62.380003 0.262315 -2.190446
 62.580003 0.235159 -2.413510
 62.780003 -0.147827 -1.987959
 62.980003 -0.411658 -2.224649
 63.180003 -0.047424 -1.866247
 63.380003 0.229732 -2.175635
 63.580003 -0.144089 -1.961551
 63.780003 -0.402329 -1.842988
 63.980003 -0.045935 -2.267143
 64.180003 0.249092 -1.994641
 64.380003 0.124229 -2.428538
 64.580003 0.245758 -2.001422
 64.780003 0.307395 -2.547986
 64.980003 0.190926 -2.072552
 65.180003 -0.096340 -2.385513
 65.380003 -0.209897 -2.050563
 65.580003 0.138951 -2.168270
 65.780003 0.184583 -2.217326
 65.980003 0.385053 -1.959584
 66.180003 0.273508 -2.292485
 66.380003 0.089832 -1.947759
 66.580003 -0.142611 -2.396806
 66.780003 -0.066818 -2.096699
 66.980003 0.033083 -2.257018
 67.180003 0.140612 -2.076803
 67.380003 0.069704 -2.125267
 67.580003 0.129078 -2.131898
 67.780003 0.320061 -1.942817
 67.980003 0.292716 -2.322591
 68.180003 0.025528 -1.974654
 68.380003 -0.132206 -2.272497
 68.580003 0.006161 -1.993925
 68.780003 -0.160618 -2.157160
 68.980003 0.214887 -1.952580
 69.180003 0.287388 -2.227805
 69.380003 0.128841 -2.059978
 69.580003 0.065637 -2.157678
 69.780003 0.057882 -2.226217
 69.980003 -0.085575 -2.106508
 70.180003 -0.042484 -2.305273
 70.380003 0.062360 -2.104603
 70.580003 0.148757 -2.270445
 70.780003 0.183601 -1.979096
 70.980003 0.230969 -2.157237
 71.180003 0.213421 -2.085885
 71.380003 0.084521 -2.107559
 71.580003 -0.223298 -2.000024
 71.780003 -0.229631 -2.097146
 71.980003 0.003020 -2.034182
 72.180003 -0.117629 -2.112758
 72.380003 0.255701 -2.090978
 72.580003 0.085022 -2.128669
 72.780003 0.135697 -2.084455
 72.980003 -0.151344 -2.202175
 73.180003 0.191307 -2.205997
 73.380003 0.068700 -2.168197
 73.580003 -0.032058 -2.223269
 73.780004 -0.046658 -2.065942
 73.980004 -0.063697 -2.177756
 74.180004 0.117033 -2.088585
 74.380004 -0.142990 -2.041837
 74.580004 0.018082 -2.037208
 74.780004 0.215669 -2.092189
 74.980004 -0.007300 -2.209995
 75.180004 0.026332 -2.144144
 75.380004 0.157429 -2.434544
 75.580004 0.013490 -2.070951
 75.780004 0.013861 -2.302808
 75.980004 0.203900 -2.165693
 76.180004 0.173559 -2.369625
 76.380004 0.173543 -2.061848
 76.580004 0.012958 -2.173142
 76.780004 0.079074 -2.114065
 76.980004 0.116766 -2.064720
 77.180004 -0.302674 -2.043777
 77.380004 -0.237273 -1.949861
 77.580004 -0.053475 -2.227779
 77.780004 0.168027 -2.006851
 77.980004 -0.148665 -2.182995
 78.180004 -0.018515 -1.986457
 78.380004 0.346107 -2.409692
 78.580004 0.348097 -2.206890
 78.780004 -0.136630 -2.270893
 78.980004 0.027743 -2.133431
 79.180004 0.089723 -2.194943
 79.380004 0.051938 -2.234779
 79.580004 -0.088544 -2.007291
 79.780004 0.013643 -2.139382
 79.980004 0.281351 -1.927743
 80.180004 -0.084674 -2.139707
 80.380004 0.052390 -1.739832
 80.580004 0.085332 -2.350056
 80.780004 0.021128 -1.857516
 80.980004 -0.193991 -2.312054
 81.180004 -0.105754 -1.942784
 81.380004 0.188982 -2.306333
 81.580004 -0.107141 -2.053821
 81.780004 0.010229 -2.014347
 81.980004 0.135824 -2.325148
 82.180004 0.245053 -2.005259
 82.380004 -0.159497 -2.400301
 82.580004 0.028117 -1.781799
 82.780004 -0.049660 -2.355024
 82.980004 0.121690 -1.953243
 83.180004 -0.370555 -2.179476
 83.380004 -0.187184 -2.066100
 83.580004 0.108679 -2.061876
 83.780004 0.192312 -2.343321
 83.980004 -0.396938 -1.849009
 84.180004 -0.177832 -2.243103
 84.380004 0.442403 -2.098289
 84.580004 0.225626 -2.321050
 84.780004 -0.279249 -1.883819
 84.980004 -0.077376 -2.229289
 85.180004 0.419634 -2.163050
 85.380004 -0.154218 -2.241118
 85.580004 -0.238439 -2.028340
 85.780004 -0.048836 -2.195195
 85.980004 0.366105 -2.286925
 86.180004 -0.046889 -1.939060
 86.380004 -0.028098 -2.193010
 86.580004 0.227340 -2.034636
 86.780004 0.046938 -2.343051
 86.980004 -0.027159 -1.957708
 87.180004 -0.368143 -2.098142
 87.380004 0.076961 -1.906158
 87.580004 0.147119 -2.304215
 87.780004 0.045526 -2.100239
 87.980004 -0.037425 -2.132495
 88.180004 0.170079 -2.149279
 88.380004 0.341980 -2.231106
 88.580004 -0.079784 -2.183762
 88.780004 0.156799 -2.093422
 88.980004 0.271195 -2.404296
 89.180004 0.069108 -2.043232
 89.380004 -0.096594 -2.140344
 89.580004 0.000511 -1.918357
 89.780004 -0.101213 -2.089012
 89.980004 -0.118473 -2.021705
 90.180004 0.002083 -2.155361
 90.380004 0.157012 -2.098507
 90.580004 -0.018491 -2.240989
 90.780004 -0.038359 -2.074528
 90.980004 0.065086 -2.307551
 91.180004 0.325419 -2.138636
 91.380004 -0.115044 -2.124951
 91.580004 0.062493 -2.133418
 91.780004 0.196378 -2.019509
 91.980004 -0.149051 -2.150110
 92.180004 -0.019545 -1.990937
 92.380004 -0.152605 -2.210458
 92.580004 0.123862 -1.917839
 92.780004 0.103008 -2.236290
 92.980004 -0.027922 -1.908135
 93.180004 -0.004829 -2.201709
 93.380004 0.102385 -1.973907
 93.580004 0.195392 -2.208870
 93.780004 -0.025801 -2.122010
 93.980004 -0.047516 -2.151495
 94.180004 -0.004345 -2.278639
 94.380004 -0.062559 -2.093514
 94.580004 0.306220 -2.312682
 94.780005 0.200568 -2.041163
 94.980005 -0.027890 -2.202305
 95.180005 -0.183348 -1.879167
 95.380005 0.160815 -2.291119
 95.580005 0.087106 -1.995198
 95.780005 -0.229681 -2.148758
 95.980005 -0.060578 -2.032784
 96.180005 0.315796 -2.268941
 96.380005 -0.018232 -2.220282
 96.580005 0.013639 -1.984796
 96.780005 0.275195 -2.420429
 96.980005 0.230693 -2.044079
 97.180005 -0.111723 -2.277591
 97.380005 -0.030408 -2.057710
 97.580005 0.099411 -2.303835
 97.780005 -0.104150 -1.996175
 97.980005 -0.364599 -1.952198
 98.180005 -0.119159 -2.131443
 98.380005 0.374680 -2.107028
 98.580005 0.034743 -2.177377
 98.780005 -0.237280 -1.820748
 98.980005 0.348967 -2.316050
 99.180005 0.137194 -2.098921
 99.380005 -0.283804 -2.234775
 99.580005 -0.101681 -2.148749
 99.780005 0.088594 -2.199950
 99.980005 0.183252 -2.192972
 100.180005 -0.199118 -2.058205
 100.380005 -0.181988 -2.006034
 100.580005 0.306954 -2.290380
 100.780005 0.155130 -2.074074
 100.980005 -0.321374 -2.205221
 101.180005 -0.352251 -2.080817
 101.380005 0.311490 -2.330479
 101.580005 0.083971 -2.247149
 101.780005 -0.121415 -2.020503
 101.980005 -0.593748 -2.219352
 102.180005 -0.444709 -1.964898
 102.380005 0.052076 -2.043925
 102.580005 0.204603 -2.203566
 102.780005 -0.309469 -1.925585
 102.980005 -0.278987 -2.135689
 103.180005 0.245700 -2.160894
 103.380005 0.151880 -2.283573
 103.580005 -0.273943 -2.082181
 103.780005 -0.063015 -2.229166
 103.980005 0.170578 -2.061088
 104.180005 -0.017590 -2.127576
 104.380005 -0.317054 -2.063534
 104.580005 -0.105986 -1.851983
 104.780005 0.225369 -2.306406
 104.980005 -0.096608 -1.792671
 105.180005 -0.291925 -2.160717
 105.380005 0.108594 -1.988485
 105.580005 0.255628 -2.369192
 105.780005 -0.145939 -1.908715
 105.980005 -0.022434 -2.327100
 106.180005 0.294316 -2.134378
 106.380005 0.114593 -2.044831
 106.580005 -0.146884 -2.162776
 106.780005 0.112500 -1.980513
 106.980005 0.228594 -2.386098
 107.180005 -0.156197 -1.922430
 107.380005 -0.184023 -2.307378
 107.580005 0.062794 -2.061271
 107.780005 0.305819 -2.310069
 107.980005 -0.027298 -2.046551
 108.180005 -0.173079 -2.006655
 108.380005 0.261706 -2.303117
 108.580005 0.083759 -2.085883
 108.780005 -0.400557 -2.234957
 108.980005 -0.010275 -2.020029
 109.180005 0.217723 -2.309621
 109.380005 0.050160 -2.042917
 109.580005 -0.068134 -2.086974
 109.780005 0.136609 -2.246355
 109.980005 0.100995 -2.073104
 110.180005 0.051108 -2.202198
 110.380005 0.068597 -2.044855
 110.580005 0.098741 -2.165856
 110.780005 0.090316 -2.145935
 110.980005 -0.052078 -2.269991
 111.180005 -0.106922 -2.119695
 111.380005 0.040080 -2.068229
 111.580005 0.208144 -2.079426
 111.780005 -0.078931 -2.018270
 111.980005 -0.046747 -2.144901
 112.180005 0.151097 -2.019293
 112.380005 -0.127711 -2.112497
 112.580005 -0.159368 -1.956103
 112.780005 0.085035 -2.320907
 112.980005 0.088402 -1.973060
 113.180005 -0.158863 -2.232256
 113.380005 0.171043 -1.941379
 113.580005 0.151714 -2.359379
 113.780005 0.005623 -1.932391
 113.980005 0.105768 -2.389538
 114.180005 0.045208 -2.050848
 114.380005 0.140360 -2.174860
 114.580005 -0.053899 -2.128860
 114.780005 -0.139408 -2.041466
 114.980005 0.092202 -2.193442
 115.180005 0.201454 -2.026534
 115.380005 -0.009030 -2.195544
 115.580005 0.148866 -2.050798
 115.780005 0.333815 -2.251186
 115.980006 -0.095395 -1.989664
 116.180006 -0.103327 -2.104802
 116.380006 0.188012 -2.257904
 116.580006 0.011315 -2.239750
 116.780006 -0.200217 -2.129547
 116.980006 -0.173471 -2.042823
 117.180006 0.181906 -2.178278
 117.380006 0.277613 -2.117051
 117.580006 -0.070528 -2.112788
 117.780006 0.084899 -2.036775
 117.980006 0.089572 -2.311529
 118.180006 -0.211556 -1.982192
 118.380006 -0.248651 -2.307569
 118.580006 0.017243 -2.065462
 118.780006 0.206257 -2.190761
 118.980006 0.010124 -1.990998
 119.180006 0.205783 -2.165113
 119.380006 0.347382 -2.148443
 119.580006 0.217115 -1.989779
 119.780006 -0.258531 -2.110048
 119.980006 -0.068404 -2.087256
 120.180006 -0.131596 -2.238927
 120.380006 0.243078 -2.194824
 120.580006 -0.154421 -2.107772
 120.780006 0.230924 -1.954145
 120.980006 0.504818 -2.100529
 121.180006 -0.195715 -2.132441
 121.380006 -0.093423 -1.828989
 121.580006 0.181493 -2.456305
 121.780006 0.133530 -2.041930
 121.980006 -0.370810 -2.349855
 122.180006 -0.354112 -2.038427
 122.380006 0.346534 -2.300026
 122.580006 0.263759 -2.121204
 122.780006 0.063917 -2.117085
 122.980006 -0.127355 -2.201981
 123.180006 0.368783 -1.967083
 123.380006 0.088364 -2.340415
 123.580006 -0.325602 -1.820369
 123.780006 -0.406423 -2.257369
 123.980006 0.175941 -2.078192
 124.180006 -0.022255 -2.192089
 124.380006 -0.245848 -2.023330
 124.580006 0.017206 -1.988290
 124.780006 0.511091 -2.401565
 124.980006 0.194864 -2.040267
 125.180006 -0.295642 -2.405492
 125.380006 -0.259928 -1.917470
 125.580006 0.352394 -2.506810
 125.780006 0.121883 -2.029585
 125.980006 -0.553240 -2.219773
 126.180006 -0.929857 -2.969240
 126.380006 -0.970994 -2.621589
 126.580006 -0.645889 -2.049052
 126.780006 -0.298579 -2.052525
 126.980006 0.374420 -2.144333
 127.180006 -0.323003 -2.045316
 127.380006 -0.818755 -2.225067
 127.580006 -0.944515 -2.704220
 127.780006 -0.674894 3.080631
 127.980006 -0.739073 -2.477717
 128.180006 -0.254739 -2.120196
 128.380006 0.378179 -2.157797
 128.580006 -0.382032 -2.124525
 128.780006 -0.944178 -2.230078
 128.980006 -0.991495 -3.001115
 129.180006 -0.903438 -2.745251
 129.380006 -0.639582 -2.066639
 129.580006 0.451287 -2.242264
 129.780006 0.018724 -2.176672
 129.980006 -0.461449 -2.050770
 130.180006 -0.579280 -2.351691
 130.380006 -0.441323 -2.195544
 130.580006 -0.125156 -2.053624
 130.780006 0.193771 -2.230048
 130.980006 -0.496119 -1.961320
 131.180006 -1.036993 -2.324612
 131.380006 -0.905716 -3.068810
 131.580006 -0.937188 -2.659480
 131.780006 -0.834448 -2.273316
 131.980006 -0.511869 -2.289443
 132.180006 0.253519 -1.898041
 132.380006 0.169726 -2.322299
 132.580006 -0.146128 -1.893628
 132.780006 -0.106348 -2.081832
 132.980006 0.347827 -2.126831
 133.180006 -0.184935 -1.873997
 133.380006 -0.667639 -2.211655
 133.580006 -0.565741 -1.977512
 133.780006 -0.447423 -2.387737
 133.980006 0.165420 -1.977196
 134.180006 0.218221 -2.453004
 134.380006 -0.109985 -1.940090
 134.580006 0.130087 -2.280092
 134.780006 0.229356 -2.223222
 134.980006 0.075465 -2.122417
 135.180006 -0.309402 -2.189682
 135.380006 -0.090985 -1.983957
 135.580006 -0.024223 -2.358972
 135.780006 0.149869 -1.871098
 135.980006 -0.252357 -2.410858
 136.180006 -0.255511 -1.893683
 136.380006 0.132776 -2.165968
 136.580006 0.116255 -2.019533
 136.780006 -0.162541 -2.062497
 136.980007 -0.305491 -2.043851
 137.180007 0.351018 -2.105582
 137.380007 -0.046240 -2.251953
 137.580007 -0.368938 -1.867612
 137.780007 -0.233466 -2.197750
 137.980007 0.399163 -2.156629
 138.180007 -0.109236 -2.042150
 138.380007 -0.317578 -2.168617
 138.580007 -0.168270 -2.003328
 138.780007 0.373380 -2.366304
 138.980007 -0.175107 -1.881341
 139.180007 -0.132060 -2.394244
 139.380007 -0.457407 -2.146067
 139.580007 -0.031736 -2.097278
 139.780007 0.319132 -2.247916
 139.980007 0.125721 -2.246757
 140.180007 -0.309078 -2.113909
 140.380007 -0.134789 -2.186896
 140.580007 0.261391 -2.223892
 140.780007 0.019999 -2.247225
 140.980007 -0.277872 -2.007026
 141.180007 -0.018202 -2.134218
 141.380007 0.039472 -2.063441
 141.580007 -0.028744 -2.022251
 141.780007 0.083827 -2.121121
 141.980007 0.091769 -2.081683
 142.180007 0.054992 -2.284423
 142.380007 0.030897 -2.136076
 142.580007 0.033066 -2.210669
 142.780007 0.025244 -2.064110
 142.980007 0.069409 -2.092252
 143.180007 -0.200079 -1.990232
 143.380007 0.226444 -2.234026
 143.580007 0.164441 -2.028646
 143.780007 -0.169183 -2.181619
 143.980007 -0.070768 -2.067076
 144.180007 0.103761 -2.241491
 144.380007 0.046920 -2.165937
 144.580007 0.010615 -2.062846
 144.780007 0.162829 -2.375364
 144.980007 0.139973 -1.925624
 145.180007 -0.203682 -2.256517
 145.380007 0.010075 -2.001013
 145.580007 -0.014267 -2.211066
 145.780007 0.102249 -2.094571
 145.980007 -0.110567 -2.129563
 146.180007 -0.179316 -2.209710
 146.380007 0.130012 -2.037508
 146.580007 0.137844 -2.355846
 146.780007 -0.057349 -2.034907
 146.980007 -0.000979 -2.215942
 147.180007 0.264458 -2.110256
 147.380007 0.042236 -2.242232
 147.580007 -0.115810 -1.881858
 147.780007 0.161079 -2.245020
 147.980007 0.183561 -2.096259
 148.180007 -0.226870 -2.054703
 148.380007 0.085272 -2.148907
 148.580007 0.055332 -2.134001
 148.780007 -0.087337 -2.134848
 148.980007 -0.172835 -2.049842
 149.180007 0.114519 -2.185610
 149.380007 0.212046 -2.000739
 149.580007 0.082519 -2.186379
 149.780007 -0.030868 -2.019784
 149.980007 0.267917 -2.227200
 150.180007 -0.059148 -2.083597
 150.380007 -0.163753 -2.135162
 150.580007 -0.152054 -2.040429
 150.780007 0.298661 -2.354190
 150.980007 -0.111418 -2.075763
 151.180007 0.004799 -2.238167
 151.380007 0.216342 -2.211784
 151.580007 0.130526 -2.213945
 151.780007 0.022230 -2.139027
 151.980007 -0.040084 -1.989844
 152.180007 0.407306 -2.296390
 152.380007 -0.091313 -2.082523
 152.580007 -0.313246 -2.046265
 152.780007 -0.093444 -2.090190
 152.980007 0.252813 -2.101060
 153.180007 0.199831 -2.177927
 153.380007 0.271474 -2.090860
 153.580007 0.240886 -2.109555
 153.780007 -0.035452 -2.056147
 153.980007 -0.009726 -2.205788
 154.180007 -0.015764 -2.191133
 154.380007 -0.115120 -2.098934
 154.580007 -0.000667 -2.148965
 154.780007 -0.020757 -2.020784
 154.980007 0.160525 -2.157916
 155.180007 0.322221 -2.064490
 155.380007 -0.042861 -2.125940
 155.580007 0.006539 -2.042441
 155.780007 0.153255 -2.251832
 155.980007 -0.016909 -2.134498
 156.180007 -0.069012 -2.242133
 156.380007 -0.129524 -2.156780
 156.580007 0.305956 -2.164530
 156.780007 -0.014946 -2.109176
 156.980007 0.337051 -2.064352
 157.180007 0.169813 -2.243945
 157.380007 0.193204 -2.052827
 157.580007 -0.261321 -2.007035
 157.780007 -0.026616 -2.129848
 157.980008 -0.021540 -2.146533
 158.180008 -0.020353 -2.169114
 158.380008 -0.135282 -2.034713
 158.580008 0.151255 -2.237761
 158.780008 0.295365 -2.058029
 158.980008 0.035093 -2.368575
 159.180008 -0.013866 -1.869099
 159.380008 0.204993 -2.417988
 159.580008 -0.056023 -2.009439
 159.780008 -0.021814 -2.231318
 159.980008 -0.186145 -2.046279
 160.180008 0.152755 -2.118848
 160.380008 0.152350 -2.163672
 160.580008 0.204739 -2.017131
 160.780008 -0.082983 -2.061094
 160.980008 0.154918 -2.139614
 161.180008 0.002051 -2.133125
 161.380008 -0.159851 -1.988206
 161.580008 -0.094391 -2.271301
 161.780008 0.059967 -2.115841
 161.980008 0.037482 -2.156168
 162.180008 0.057847 -2.156983
 162.380008 0.234629 -2.246814
 162.580008 0.070489 -2.193817
 162.780008 0.180030 -2.064196
 162.980008 -0.135599 -2.216883
 163.180008 -0.006763 -1.928943
 163.380008 -0.046326 -2.256696
 163.580008 -0.027193 -1.947751
 163.780008 -0.246741 -2.184835
 163.980008 0.232705 -2.158884
 164.180008 0.202615 -2.214216
 164.380008 0.125884 -2.093714
 164.580008 0.165968 -2.159966
 164.780008 0.244574 -2.301236
 164.980008 -0.156526 -2.056279
 165.180008 -0.111318 -2.214413
 165.380008 -0.093202 -2.006317
 165.580008 0.093459 -2.133641
 165.780008 0.017196 -2.076394
 165.980008 0.136213 -2.078808
 166.180008 0.113140 -2.121324
 166.380008 0.157653 -2.314947
 166.580008 -0.040264 -2.052188
 166.780008 -0.013016 -2.329143
 166.980008 0.095400 -2.079706
 167.180008 0.208786 -2.330326
 167.380008 0.053814 -2.100893
 167.580008 0.099561 -2.199509
 167.780008 0.214391 -2.335730
 167.980008 0.066234 -1.931842
 168.180008 -0.129612 -2.217536
 168.380008 0.030052 -1.867130
 168.580008 -0.219465 -2.200275
 168.780008 -0.226366 -1.939686
 168.980008 -0.001796 -2.082997
 169.180008 0.130345 -2.253331
 169.380008 0.093507 -2.045911
 169.580008 0.003800 -2.224327
 169.780008 0.051241 -2.088661
 169.980008 0.273805 -2.374344
 170.180008 -0.047759 -2.017954
 170.380008 -0.006505 -2.284011
 170.580008 0.004249 -2.110765
 170.780008 -0.011767 -2.188772
 170.980008 0.207740 -2.197707
 171.180008 0.048728 -2.157059
 171.380008 0.099406 -2.165903
 171.580008 0.127200 -1.975774
 171.780008 0.010844 -2.285637
 171.980008 -0.228242 -1.837158
 172.180008 -0.177687 -2.289484
 172.380008 0.076347 -2.015771
 172.580008 -0.052513 -2.252224
 172.780008 0.094228 -1.930412
 172.980008 0.168415 -2.298630
 173.180008 0.082652 -2.037901
 173.380008 -0.024983 -2.121239
 173.580008 -0.176140 -2.121978
 173.780008 -0.064638 -2.019168
 173.980008 0.006996 -2.252701
 174.180008 -0.041411 -1.929497
 174.380008 0.048082 -2.228744
 174.580008 0.119782 -1.947167
 174.780008 -0.134934 -2.217794
 174.980008 0.029295 -1.982626
 175.180008 0.118711 -2.273767
 175.380008 0.181129 -2.148660
 175.580008 -0.068569 -2.200070
 175.780008 0.089066 -2.192264
 175.980008 0.154284 -2.175269
 176.180008 0.028472 -2.220740
 176.380008 -0.123897 -2.045882
 176.580008 -0.155362 -2.072637
 176.780008 0.218536 -2.121662
 176.980008 -0.272633 -1.922389
 177.180008 0.045154 -2.100850
 177.380008 0.283004 -2.252243
 177.580008 -0.084547 -2.021897
 177.780008 -0.146050 -2.220294
 177.980008 0.158198 -2.165200
 178.180008 0.073690 -2.318258
 178.380008 0.023640 -2.028769
 178.580008 0.268130 -2.392269
 178.780008 0.152964 -2.105031
 178.980009 -0.029179 -2.082109
 179.180009 0.133007 -2.217290
 179.380009 0.087805 -2.005923
 179.580009 -0.368705 -2.078354
 179.780009 -0.089659 -1.916683
 179.980009 0.160616 -2.201714
 180.180009 0.056879 -2.028654
 180.380009 -0.113238 -2.020589
 180.580009 0.130779 -2.147946
 180.780009 0.157485 -2.139431
 180.980009 0.071273 -2.124958
 181.180009 0.100451 -2.217753
 181.380009 0.045724 -2.154111
 181.580009 -0.012007 -2.193700
 181.780009 -0.135352 -2.233104
 181.980009 0.075703 -2.109855
 182.180009 0.147367 -2.305870
 182.380009 0.279496 -2.127576
 182.580009 -0.055196 -2.228886
 182.780009 -0.129937 -1.974343
 182.980009 0.146568 -2.210472
 183.180009 -0.136311 -1.981960
 183.380009 -0.003695 -2.179125
 183.580009 -0.042752 -2.054387
 183.780009 0.054291 -2.209651
 183.980009 -0.037380 -2.025021
 184.180009 -0.003877 -2.259341
 184.380009 0.392387 -2.416020
 184.580009 0.007334 -2.081562
 184.780009 0.123188 -2.315376
 184.980009 0.061227 -2.000219
 185.180009 0.072018 -2.341961
 185.380009 -0.095370 -1.919316
 185.580009 -0.155839 -2.150728
 185.780009 0.128432 -1.980671
 185.980009 -0.101382 -2.123013
 186.180009 -0.105055 -2.128061
 186.380009 -0.164457 -2.088712
 186.580009 0.225876 -2.247469
 186.780009 0.065565 -2.010676
 186.980009 0.051019 -2.341209
 187.180009 0.136337 -1.987193
 187.380009 0.279357 -2.344518
 187.580009 -0.025959 -2.019325
 187.780009 0.028721 -2.240506
 187.980009 0.175642 -2.131556
 188.180009 0.033987 -2.213104
 188.380009 -0.137496 -1.942648
 188.580009 0.169022 -2.225847
 188.780009 0.000648 -2.035552
 188.980009 -0.089790 -2.163877
 189.180009 -0.168054 -2.013162
 189.380009 0.178611 -2.169002
 189.580009 0.021865 -2.098974
 189.780009 0.026750 -2.100144
 189.980009 0.222340 -2.244506
 190.180009 0.110222 -2.148878
 190.380009 0.060330 -2.146356
 190.580009 -0.004275 -1.973755
 190.780009 0.075823 -2.239116
 190.980009 0.083161 -2.097416
 191.180009 -0.240683 -2.186313
 191.380009 0.068158 -2.159865
 191.580009 -0.068942 -2.121429
 191.780009 0.013961 -2.176741
 191.980009 0.241443 -2.157237
 192.180009 0.148473 -2.116828
 192.380009 0.066085 -2.099266
 192.580009 0.077303 -2.060759
 192.780009 0.195970 -2.246007
 192.980009 -0.093908 -2.008135
 193.180009 -0.124789 -2.139018
 193.380009 -0.025344 -2.092228
 193.580009 0.123847 -2.203582
 193.780009 -0.009564 -2.094574
 193.980009 0.284477 -2.155450
 194.180009 0.123299 -2.130955
 194.380009 0.066278 -2.164686
 194.580009 0.048654 -2.212911
 194.780009 -0.212599 -2.058201
 194.980009 0.021532 -2.203257
 195.180009 -0.026567 -2.075584
 195.380009 0.083447 -2.159503
 195.580009 0.099467 -2.024333
 195.780009 0.149664 -2.250840
 195.980009 0.169630 -1.999364
 196.180009 0.251489 -2.293285
 196.380009 -0.096493 -2.121104
 196.580009 -0.259783 -2.019863
 196.780009 -0.155058 -2.184974
 196.980009 0.190928 -2.120693
 197.180009 -0.086544 -2.194549
 197.380009 0.205294 -2.081089
 197.580009 0.403047 -2.367883
 197.780009 0.065276 -2.013662
 197.980009 0.152749 -2.238133
 198.180009 0.277695 -2.199790
 198.380009 -0.151151 -2.012400
 198.580009 -0.151595 -2.212790
 198.780009 -0.001273 -2.072415
 198.980009 0.259509 -2.209401
 199.180009 -0.082977 -1.935952
 199.380009 0.235564 -2.223929
 199.580009 0.231016 -2.033969
 199.780009 0.080220 -2.294595
 199.980009 -0.056190 -1.941357
