#! FIELDS time phi psi
#! SET max_psi pi
 0.180000 0.363339 0.967730
 0.380000 0.686301 0.126487
 0.580000 0.255291 0.306848
 0.780000 -0.006333 0.863179
 0.980000 0.543267 -0.163955
 1.180000 0.533182 1.117534
 1.380000 0.099201 0.117969
 1.580000 0.134167 0.657287
 1.780000 0.413454 0.574854
 1.980000 0.208494 0.243931
 2.180000 0.066443 0.711310
 2.380000 0.535119 0.111294
 2.580000 0.551111 0.699713
 2.780000 0.296284 0.421929
 2.980000 0.195945 0.184078
 3.180000 0.283129 0.772288
 3.380000 0.528436 0.308391
 3.580000 0.058205 0.709230
 3.780000 -0.081204 0.399426
 3.980000 0.581916 0.348589
 4.180000 0.505187 0.525744
 4.380000 0.185426 0.354268
 4.580000 0.109216 0.547954
 4.780000 0.523736 0.329779
 4.980000 0.636875 0.570644
 5.180000 0.236427 0.278471
 5.380000 0.212057 0.299841
 5.580000 0.601262 0.373358
 5.780000 0.707280 0.416464
 5.980000 0.233162 0.516609
 6.180000 0.118766 0.226714
 6.380000 0.290215 0.520433
 6.580000 0.442443 0.504169
 6.780000 0.221739 0.689538
 6.980000 0.454548 0.230936
 7.180000 0.290146 0.616679
 7.380000 0.370213 0.468266
 7.580000 0.022655 0.435301
 7.780000 -0.059955 0.574887
 7.980000 0.491749 0.274798
 8.180000 0.514617 0.691862
 8.380000 0.422399 0.427137
 8.580000 0.254914 0.404290
 8.780000 0.167965 0.612275
 8.980000 0.305377 0.345823
 9.180000 0.332459 0.575015
 9.380000 0.340355 0.214522
 9.580000 0.529406 0.603699
 9.780000 0.290005 0.669064
 9.980000 0.078828 0.243788
 10.180000 -0.167915 0.835936
 10.380000 0.465239 0.043407
 10.580001 0.508815 0.692480
 10.780001 0.390746 0.316360
 10.980001 0.129958 0.349963
 11.180001 0.319554 0.630903
 11.380001 0.429993 0.378748
 11.580001 0.226529 0.580065
 11.780001 0.319262 0.198968
 11.980001 0.594779 0.742779
 12.180001 0.626989 0.342591
 12.380001 0.307200 0.172217
 12.580001 0.137083 0.700119
 12.780001 0.447513 0.161466
 12.980001 0.561826 0.662514
 13.180001 0.350785 0.293020
 13.380001 0.176229 0.630552
 13.580001 0.513568 0.340884
 13.780001 0.657547 0.438591
 13.980001 0.437476 0.771787
 14.180001 0.624270 0.202130
 14.380001 0.076990 0.606670
 14.580001 0.229427 0.563524
 14.780001 0.451775 0.157611
 14.980001 0.552955 0.683378
 15.180001 0.424182 0.397674
 15.380001 0.274791 0.314160
 15.580001 -0.018647 0.902699
 15.780001 0.421935 -0.061748
 15.980001 0.326407 0.910933
 16.180001 0.617514 0.060739
 16.380001 0.534836 0.455349
 16.580001 0.315019 0.627616
 16.780001 0.195998 0.225348
 16.980001 0.159894 0.805035
 17.180001 0.499184 0.048698
 17.380001 0.393321 0.595487
 17.580001 0.309130 0.548093
 17.780001 0.405295 0.162891
 17.980001 0.409585 0.781914
 18.180001 0.655607 0.003340
 18.380001 0.143442 0.650323
 18.580001 0.281423 0.492994
 18.780001 0.448593 0.217688
 18.980001 0.412734 0.728691
 19.180001 0.409992 0.330958
 19.380001 0.452004 0.523926
 19.580001 0.179776 0.394117
 19.780001 0.357061 0.255912
 19.980001 0.392838 0.569655
 20.180001 0.517691 0.304581
 20.380001 0.507283 0.453974
 20.580001 0.379654 0.492151
 20.780001 0.371785 0.671579
 20.980001 0.354119 0.391366
 21.180001 0.222898 0.477279
 21.380001 0.481779 0.415778
 21.580001 0.320984 0.630135
 21.780001 0.378990 0.534505
 21.980001 0.066412 0.401314
 22.180001 0.298557 0.641892
 22.380001 0.341170 0.462218
 22.580001 0.441564 0.511010
 22.780001 0.194226 0.472670
 22.980001 0.390792 0.191597
 23.180001 0.320277 0.644347
 23.380001 0.387952 0.220439
 23.580001 0.197161 0.518469
 23.780001 0.548165 0.365154
 23.980001 0.480767 0.396054
 24.180001 0.345737 0.718264
 24.380001 0.288205 0.323410
 24.580001 0.239976 0.459861
 24.780001 0.456375 0.567070
 24.980001 0.322253 0.390207
 25.180001 0.310259 0.592236
 25.380001 0.338230 0.322647
 25.580001 0.294778 0.420518
 25.780001 0.361069 0.578474
 25.980001 0.465472 0.353994
 26.180001 0.552279 0.314301
 26.380001 0.213674 0.520754
 26.580001 0.457459 0.305722
 26.780001 0.275715 0.625507
 26.980001 0.338091 0.150911
 27.180001 0.315089 0.567636
 27.380001 0.628764 0.553601
 27.580001 0.282329 0.434534
 27.780001 0.354081 0.498197
 27.980001 0.251271 0.527836
 28.180001 0.439516 0.542426
 28.380001 0.443907 0.460097
 28.580001 0.649902 0.335338
 28.780001 0.531103 0.593455
 28.980001 0.365351 0.548736
 29.180001 0.279096 0.521281
 29.380001 0.120359 0.611093
 29.580001 0.393299 0.416265
 29.780001 0.293575 0.476737
 29.980001 0.451068 0.451882
 30.180001 0.234752 0.647091
 30.380001 0.186300 0.410771
 30.580001 -0.006898 0.491992
 30.780001 0.282739 0.694337
 30.980001 0.799169 0.146226
 31.180001 0.231891 0.652808
 31.380001 0.161909 0.591191
 31.580001 0.266639 0.581695
 31.780002 0.214789 0.653819
 31.980002 0.327862 0.179492
 32.180002 0.390250 0.793443
 32.380002 0.776825 0.277351
 32.580002 0.136681 0.591731
 32.780002 -0.289203 0.297105
 32.980002 0.003390 0.560206
 33.180002 0.494102 0.633344
 33.380002 0.105830 0.347254
 33.580002 -0.184401 0.613421
 33.780002 0.273261 0.355642
 33.980002 0.619698 0.427276
 34.180002 0.137163 0.753129
 34.380002 0.035996 0.219805
 34.580002 0.377498 0.635472
 34.780002 0.651359 0.491431
 34.980002 0.473520 0.395559
 35.180002 0.287868 0.395529
 35.380002 0.325365 0.450148
 35.580002 0.573972 0.489340
 35.780002 0.298862 0.571697
 35.980002 0.253125 0.375270
 36.180002 0.379380 0.600332
 36.380002 0.448207 0.488814
 36.580002 0.275397 0.353665
 36.780002 0.094747 0.637025
 36.980002 0.608960 0.351984
 37.180002 0.471282 0.560491
 37.380002 0.387646 0.266338
 37.580002 0.346728 0.492450
 37.780002 0.370438 0.738914
 37.980002 0.518837 0.221623
 38.180002 0.130332 0.539968
 38.380002 -0.142196 0.513195
 38.580002 0.457551 0.247948
 38.780002 0.533980 0.702521
 38.980002 0.246461 0.281389
 39.180002 -0.003866 0.534555
 39.380002 0.439049 0.621640
 39.580002 0.281167 0.497424
 39.780002 -0.109652 0.673327
 39.980002 0.034252 0.357135
 40.180002 0.512077 0.631873
 40.380002 0.519343 0.368104
 40.580002 0.182859 0.498734
 40.780002 0.013129 0.690917
 40.980002 0.390927 0.271915
 41.180002 0.322695 0.771985
 41.380002 0.138574 0.308964
 41.580002 0.262344 0.511627
 41.780002 0.532153 0.529161
 41.980002 0.568231 0.271439
 42.180002 0.070356 0.738930
 42.380002 0.307898 0.258250
 42.580002 0.518907 0.468702
 42.780002 0.268877 0.693903
 42.980002 0.061115 0.138011
 43.180002 0.038859 0.865833
 43.380002 0.757435 0.137560
 43.580002 0.401988 0.586878
 43.780002 0.333104 0.425884
 43.980002 0.347804 0.422150
 44.180002 0.477331 0.739505
 44.380002 0.353995 -0.145290
 44.580002 -0.128243 0.907870
 44.780002 0.351887 0.374362
 44.980002 0.611905 0.250874
 45.180002 0.332676 0.741860
 45.380002 0.171925 0.134897
 45.580002 0.242137 0.633139
 45.780002 0.527626 0.439119
 45.980002 0.395454 0.294183
 46.180002 0.234725 0.915048
 46.380002 0.574868 0.231012
 46.580002 0.204347 0.405528
 46.780002 0.055261 0.685693
 46.980002 0.206770 0.129832
 47.180002 0.712950 0.658035
 47.380002 0.445701 0.412504
 47.580002 0.136918 0.202004
 47.780002 0.071255 0.792435
 47.980002 0.401954 0.294368
 48.180002 0.418384 0.518021
 48.380002 -0.006240 0.583577
 48.580002 0.380051 0.409702
 48.780002 0.649405 0.824686
 48.980002 0.151452 0.258699
 49.180002 -0.189125 0.621331
 49.380002 0.017742 0.311342
 49.580002 0.433102 0.672330
 49.780002 0.568604 0.548938
 49.980002 0.429241 0.257551
 50.180002 0.116286 0.625114
 50.380002 0.456618 0.385202
 50.580002 0.203117 0.610682
 50.780002 0.132846 0.696417
 50.980002 0.393668 0.328320
 51.180002 0.564852 0.639353
 51.380002 0.378085 0.508164
 51.580002 0.066257 0.403233
 51.780002 0.262884 0.663185
 51.980002 0.627039 0.374873
 52.180002 0.613727 0.413761
 52.380002 0.062952 0.488077
 52.580002 0.044867 0.411277
 52.780003 0.500610 0.546311
 52.980003 0.301198 0.611596
 53.180003 0.167668 0.297549
 53.380003 0.375651 0.550973
 53.580003 0.580897 0.410470
 53.780003 0.272035 0.589477
 53.980003 0.083670 0.357934
 54.180003 0.014301 0.443231
 54.380003 0.428383 0.611027
 54.580003 0.642071 0.322850
 54.780003 0.379427 0.263951
 54.980003 0.125776 0.550201
 55.180003 0.403226 0.387981
 55.380003 0.363884 0.550608
 55.580003 0.166802 0.415103
 55.780003 0.228918 0.444306
 55.980003 0.454081 0.456923
 56.180003 0.584186 0.386536
 56.380003 0.288384 0.448435
 56.580003 0.189223 0.299548
 56.780003 0.228254 0.475160
 56.980003 0.629067 0.504899
 57.180003 0.505593 0.202732
 57.380003 0.134253 0.536950
 57.580003 0.115792 0.495695
 57.780003 0.579090 0.219325
 57.980003 0.299885 0.756829
 58.180003 0.423845 0.378593
 58.380003 0.296949 0.261623
 58.580003 0.316667 0.661082
 58.780003 0.301950 0.481347
 58.980003 0.279258 0.343270
 59.180003 0.202145 0.660999
 59.380003 0.613277 0.223195
 59.580003 0.469572 0.581952
 59.780003 0.213467 0.208191
 59.980003 0.301658 0.445940
 60.180003 0.436151 0.706691
 60.380003 0.463721 0.379938
 60.580003 0.269093 0.694013
 60.780003 0.424208 0.306542
 60.980003 0.351664 0.614424
 61.180003 0.202298 0.550047
 61.380003 0.544888 0.339404
 61.580003 0.627744 0.644316
 61.780003 0.427471 0.502043
 61.980003 0.146841 0.474430
 62.180003 0.023223 0.561904
 62.380003 0.316475 0.420373
 62.580003 0.321600 0.436316
 62.780003 0.527856 0.489533
 62.980003 0.552331 0.420830
 63.180003 0.411288 0.579972
 63.380003 0.141897 0.363379
 63.580003 0.226016 0.496703
 63.780003 0.584682 0.425447
 63.980003 0.581589 0.679131
 64.180003 0.149130 0.560922
 64.380003 0.037684 0.505214
 64.580003 0.587449 0.089895
 64.780003 0.286772 0.925210
 64.980003 0.493464 0.422251
 65.180003 0.202533 0.442749
 65.380003 0.280979 0.857229
 65.580003 0.555293 0.109314
 65.780003 0.088179 0.753324
 65.980003 0.076870 0.232102
 66.180003 0.424787 0.610072
 66.380003 0.673035 0.396129
 66.580003 0.410829 0.345526
 66.780003 0.183671 0.585638
 66.980003 0.440847 0.533163
 67.180003 0.353480 0.667894
 67.380003 0.054103 0.521571
 67.580003 0.082229 0.270310
 67.780003 0.342390 0.562066
 67.980003 0.792108 0.464966
 68.180003 0.136124 0.465278
 68.380003 0.124217 0.439696
 68.580003 0.311385 0.524609
 68.780003 0.573534 0.491155
 68.980003 0.145879 0.562486
 69.180003 0.112324 0.338637
 69.380003 0.463867 0.619594
 69.580003 0.517116 0.369699
 69.780003 0.367368 0.477190
 69.980003 0.063443 0.553291
 70.180003 0.384058 0.334908
 70.380003 0.599542 0.600438
 70.580003 0.370374 0.494014
 70.780003 0.199993 0.611114
 70.980003 0.335993 0.423088
 71.180003 0.451080 0.603279
 71.380003 0.282403 0.494187
 71.580003 0.128401 0.423738
 71.780003 0.445420 0.568381
 71.980003 0.688477 0.328735
 72.180003 0.152787 0.677018
 72.380003 0.204483 0.416411
 72.580003 0.457816 0.351080
 72.780003 0.366347 0.651182
 72.980003 0.262956 0.496993
 73.180003 0.556930 0.276435
 73.380003 0.476441 0.686324
 73.580003 0.393125 0.349156
 73.780004 0.251659 0.538229
 73.980004 0.436702 0.415476
 74.180004 0.429539 0.531480
 74.380004 0.516090 0.533807
 74.580004 0.227164 0.498687
 74.780004 0.043781 0.548912
 74.980004 0.214091 0.586494
 75.180004 0.511564 0.497711
 75.380004 0.247582 0.494548
 75.580004 0.117640 0.467465
 75.780004 0.638174 0.361147
 75.980004 0.427758 0.555917
 76.180004 0.121263 0.435195
 76.380004 0.145530 0.335364
 76.580004 0.442728 0.485217
 76.780004 0.657188 0.437688
 76.980004 0.438099 0.435158
 77.180004 0.222000 0.439027
 77.380004 0.292317 0.481288
 77.580004 0.472845 0.436218
 77.780004 0.250791 0.482617
 77.980004 0.172632 0.372447
 78.180004 0.449313 0.563360
 78.380004 0.687625 0.448454
 78.580004 0.231285 0.454472
 78.780004 -0.120062 0.468212
 78.980004 0.417461 0.430668
 79.180004 0.454657 0.594005
 79.380004 0.103771 0.568255
 79.580004 0.183630 0.433330
 79.780004 0.557843 0.522328
 79.980004 0.461067 0.464647
 80.180004 0.130485 0.435502
 80.380004 -0.058955 0.514174
 80.580004 0.510269 0.571394
 80.780004 0.341925 0.533149
 80.980004 0.156037 0.611625
 81.180004 0.401330 0.224240
 81.380004 0.427730 0.714670
 81.580004 0.309060 0.377322
 81.780004 0.200424 0.462300
 81.980004 0.291177 0.511321
 82.180004 0.522352 0.270590
 82.380004 0.236751 0.731496
 82.580004 0.226009 0.233435
 82.780004 0.286435 0.544755
 82.980004 0.368083 0.547801
 83.180004 0.172400 0.268233
 83.380004 0.155115 0.633141
 83.580004 0.717258 0.293744
 83.780004 0.419468 0.652536
 83.980004 0.258013 0.159601
 84.180004 0.089484 0.626427
 84.380004 0.627113 0.530866
 84.580004 0.567936 0.530956
 84.780004 0.281160 0.363671
 84.980004 0.144485 0.413083
 85.180004 0.283262 0.528702
 85.380004 0.504729 0.491258
 85.580004 0.208385 0.571475
 85.780004 0.155745 0.452325
 85.980004 0.340931 0.488005
 86.180004 0.708480 0.605027
 86.380004 0.235868 0.321634
 86.580004 -0.101385 0.517336
 86.780004 0.357604 0.427838
 86.980004 0.574648 0.358597
 87.180004 0.380132 0.672537
 87.380004 0.278534 0.291119
 87.580004 0.169361 0.602823
 87.780004 0.328215 0.488147
 87.980004 0.372990 0.284951
 88.180004 0.430377 0.440952
 88.380004 0.314770 0.420897
 88.580004 0.264788 0.525535
 88.780004 0.134570 0.651091
 88.980004 0.064771 0.220726
 89.180004 0.285065 0.741932
 89.380004 0.634470 0.404739
 89.580004 0.336499 0.488275
 89.780004 0.015781 0.492191
 89.980004 0.239001 0.388021
 90.180004 0.615531 0.579551
 90.380004 0.416168 0.496461
 90.580004 0.198960 0.422372
 90.780004 0.375108 0.411963
 90.980004 0.552073 0.427972
 91.180004 0.403235 0.601217
 91.380004 0.347224 0.243218
 91.580004 0.563466 0.476940
 91.780004 0.556439 0.473538
 91.980004 0.261362 0.530963
 92.180004 -0.001660 0.367696
 92.380004 0.259844 0.570989
 92.580004 0.440916 0.567107
 92.780004 0.307285 0.494460
 92.980004 0.174065 0.611447
 93.180004 0.242604 0.378598
 93.380004 0.404478 0.572767
 93.580004 -0.169828 0.695473
 93.780004 0.087463 0.251189
 93.980004 0.299460 0.646971
 94.180004 0.777879 0.483487
 94.380004 0.214833 0.440229
 94.580004 0.127490 0.463487
 94.780005 0.319621 0.418375
 94.980005 0.532576 0.348563
 95.180005 0.166610 0.818962
 95.380005 0.578930 -0.020684
 95.580005 0.408280 0.657012
 95.780005 0.300654 0.447442
 95.980005 0.144178 0.345137
 96.180005 0.103769 0.665425
 96.380005 0.493316 0.236281
 96.580005 0.360972 0.676989
 96.780005 0.359242 0.359847
 96.980005 0.246251 0.492771
 97.180005 0.425442 0.593262
 97.380005 0.550556 0.174274
 97.580005 0.249189 0.787429
 97.780005 0.320736 0.193736
 97.980005 0.532784 0.368573
 98.180005 0.239329 0.770632
 98.380005 0.183989 0.079030
 98.580005 0.208631 0.988621
 98.780005 0.664634 0.119874
 98.980005 -0.062248 0.684128
 99.180005 0.216888 0.404258
 99.380005 0.463021 0.265551
 99.580005 0.471953 0.775052
 99.780005 0.137860 0.175358
 99.980005 -0.051569 0.660445
 100.180005 0.390599 0.600088
 100.380005 0.606895 0.475670
 100.580005 -0.076209 0.674177
 100.780005 -0.141415 0.325877
 100.980005 0.408104 0.524812
 101.180005 0.532881 0.632312
 101.380005 -0.158396 0.545916
 101.580005 0.018715 0.455666
 101.780005 0.731293 0.438053
 101.980005 0.264635 0.827836
 102.180005 -0.249196 0.370020
 102.380005 0.062361 0.583890
 102.580005 0.593742 0.579534
 102.780005 0.599823 0.441894
 102.980005 0.088256 0.349926
 103.180005 0.201474 0.274913
 103.380005 0.565616 0.500916
 103.580005 0.388305 0.514614
 103.780005 -0.257100 0.259931
 103.980005 -0.297729 0.794498
 104.180005 0.877117 0.398308
 104.380005 0.322792 0.591536
 104.580005 -0.071460 0.489312
 104.780005 0.237506 0.432875
 104.980005 0.714514 0.533044
 105.180005 0.220973 0.435014
 105.380005 0.169835 0.487609
 105.580005 0.505729 0.396222
 105.780005 0.579168 0.691291
 105.980005 0.046742 0.225013
 106.180005 -0.276190 0.669230
 106.380005 0.113178 0.459604
 106.580005 0.718710 0.426041
 106.780005 0.180080 0.692990
 106.980005 0.278919 0.213217
 107.180005 0.450469 0.731617
 107.380005 0.442852 0.481882
 107.580005 0.305367 0.213218
 107.780005 0.152380 0.697879
 107.980005 0.539942 0.523335
 108.180005 0.250658 0.600188
 108.380005 -0.000777 0.232546
 108.580005 0.135053 0.484691
 108.780005 0.476336 0.685602
 108.980005 0.384697 0.522083
 109.180005 -0.339682 0.599401
 109.380005 -0.080465 0.532733
 109.580005 0.637109 0.413358
 109.780005 0.559712 0.748289
 109.980005 0.360030 0.178429
 110.180005 0.378236 0.490018
 110.380005 0.521185 0.687084
 110.580005 0.069597 0.315394
 110.780005 -0.379736 0.874896
 110.980005 0.421638 0.036917
 111.180005 0.702259 0.691084
 111.380005 0.285683 0.401958
 111.580005 -0.276385 0.331103
 111.780005 -0.117727 0.781501
 111.980005 0.477977 0.233433
 112.180005 0.214811 0.718521
 112.380005 0.246685 0.229183
 112.580005 0.352702 0.339198
 112.780005 0.364037 0.702237
 112.980005 0.462366 0.287812
 113.180005 0.167902 0.459958
 113.380005 0.223896 0.506521
 113.580005 0.532126 0.110211
 113.780005 0.209324 0.777317
 113.980005 0.239343 0.230488
 114.180005 0.298190 0.528256
 114.380005 0.679774 0.562138
 114.580005 0.421320 0.277286
 114.780005 0.073938 0.665376
 114.980005 0.254365 0.222378
 115.180005 0.574755 0.490779
 115.380005 0.302184 0.589472
 115.580005 0.572644 0.187928
 115.780005 0.388152 0.570555
 115.980006 0.554224 0.223138
 116.180006 0.202238 0.637804
 116.380006 0.237916 0.212506
 116.580006 0.336993 0.407253
 116.780006 0.586307 0.631351
 116.980006 0.581770 0.187619
 117.180006 0.290522 0.683373
 117.380006 0.158211 0.393239
 117.580006 0.418712 0.176608
 117.780006 0.325601 0.833116
 117.980006 0.410725 0.268906
 118.180006 0.394312 0.616475
 118.380006 0.366716 0.639232
 118.580006 0.209272 0.192336
 118.780006 0.086629 0.595943
 118.980006 0.230192 0.250913
 119.180006 0.629959 0.564837
 119.380006 0.675563 0.494235
 119.580006 0.345300 0.130071
 119.780006 -0.156182 0.705058
 119.980006 0.264803 0.537995
 120.180006 0.635013 0.415964
 120.380006 0.137923 0.653154
 120.580006 0.339046 0.314954
 120.780006 0.355760 0.523479
 120.980006 0.537676 0.508857
 121.180006 0.482711 0.343796
 121.380006 0.125402 0.416569
 121.580006 0.491326 0.533049
 121.780006 0.553355 0.488372
 121.980006 0.233888 0.517561
 122.180006 -0.053150 0.407581
 122.380006 0.245143 0.530969
 122.580006 0.570023 0.578112
 122.780006 0.253005 0.357968
 122.980006 0.323669 0.367842
 123.180006 0.251690 0.418161
 123.380006 0.424789 0.647411
 123.580006 0.298131 0.518303
 123.780006 0.353925 0.231326
 123.980006 0.180750 0.907765
 124.180006 0.858205 0.222459
 124.380006 0.137592 0.589608
 124.580006 0.010284 0.558512
 124.780006 0.649569 0.227438
 124.980006 0.479436 0.641168
 125.180006 0.231950 0.519978
 125.380006 0.283651 0.373251
 125.580006 0.423766 0.754908
 125.780006 0.396390 0.504010
 125.980006 0.374720 0.301393
 126.180006 -0.110256 0.788370
 126.380006 0.605969 0.236437
 126.580006 0.447657 0.719361
 126.780006 0.348677 0.413472
 126.980006 0.349567 0.171090
 127.180006 0.383284 0.786319
 127.380006 0.547692 0.247823
 127.580006 0.150633 0.421278
 127.780006 -0.011221 0.610084
 127.980006 0.372816 0.454324
 128.180006 0.632605 0.745280
 128.380006 0.285288 0.342596
 128.580006 0.058315 0.657278
 128.780006 0.651674 0.510029
 128.980006 0.261539 0.572170
 129.180006 0.237260 0.684671
 129.380006 0.392490 0.179993
 129.580006 0.367932 0.815466
 129.780006 0.528396 0.180356
 129.980006 0.084157 0.652409
 130.180006 0.201921 0.434286
 130.380006 0.486380 0.275805
 130.580006 0.265155 0.866706
 130.780006 0.425351 0.349189
 130.980006 0.167027 0.590285
 131.180006 0.581351 0.530413
 131.380006 0.330757 0.262243
 131.580006 0.168074 0.669672
 131.780006 0.416563 0.362924
 131.980006 0.454695 0.267064
 132.180006 0.383321 0.779117
 132.380006 0.301610 0.344930
 132.580006 0.352639 0.465768
 132.780006 0.049250 0.828238
 132.980006 0.637198 0.260558
 133.180006 0.139521 0.782668
 133.380006 0.338124 0.249622
 133.580006 0.383987 0.366796
 133.780006 0.469448 0.672189
 133.980006 0.586027 0.109147
 134.180006 0.203293 0.734403
 134.380006 0.477062 0.226841
 134.580006 0.457989 0.540205
 134.780006 0.165762 0.769587
 134.980006 0.378742 0.223396
 135.180006 0.427250 0.942343
 135.380006 0.356945 0.299802
 135.580006 0.250682 0.497579
 135.780006 0.145894 0.432344
 135.980006 0.475123 0.242445
 136.180006 0.411524 0.738965
 136.380006 0.345477 0.279985
 136.580006 0.404044 0.366000
 136.780006 0.629761 0.669570
 136.980007 0.481405 0.220279
 137.180007 0.385657 0.402799
 137.380007 0.377702 0.340415
 137.580007 0.598609 0.225808
 137.780007 0.271615 0.833200
 137.980007 0.283816 0.144385
 138.180007 0.081233 0.670538
 138.380007 0.567789 0.538831
 138.580007 0.575582 0.299127
 138.780007 0.209180 0.417622
 138.980007 0.506792 0.094082
 139.180007 0.491148 0.823283
 139.380007 0.449831 0.451996
 139.580007 0.125641 0.363166
 139.780007 0.515243 0.602175
 139.980007 0.376755 0.462592
 140.180007 0.151679 0.659948
 140.380007 0.128977 0.198278
 140.580007 0.274332 0.628400
 140.780007 0.642456 0.486239
 140.980007 0.405850 0.233330
 141.180007 -0.013925 0.577510
 141.380007 0.355528 0.331243
 141.580007 0.644178 0.576864
 141.780007 0.344846 0.599482
 141.980007 0.276649 0.236592
 142.180007 0.203776 0.856724
 142.380007 0.514994 0.278060
 142.580007 0.154029 0.643968
 142.780007 0.208298 0.339152
 142.980007 0.491033 0.439402
 143.180007 0.591085 0.564110
 143.380007 0.299178 0.352904
 143.580007 0.144244 0.537936
 143.780007 0.398397 0.383181
 143.980007 0.508724 0.468688
 144.180007 0.235075 0.620111
 144.380007 0.344805 0.118209
 144.580007 0.310342 0.731261
 144.780007 0.629301 0.442458
 144.980007 0.189212 0.189478
 145.180007 0.052463 0.768193
 145.380007 0.295861 0.175734
 145.580007 0.422978 0.714504
 145.780007 0.401245 0.345924
 145.980007 0.177022 0.338745
 146.180007 0.428457 0.762119
 146.380007 0.614191 0.202266
 146.580007 0.267915 0.510630
 146.780007 -0.319279 0.532352
 146.980007 0.267222 0.361445
 147.180007 0.551006 0.720092
 147.380007 0.249250 0.146889
 147.580007 0.004114 0.772227
 147.780007 0.338624 0.464254
 147.980007 0.340567 0.352125
 148.180007 0.142324 0.781824
 148.380007 0.304395 0.009482
 148.580007 0.526542 0.914405
 148.780007 0.535104 0.122878
 148.980007 -0.156013 0.497502
 149.180007 0.120613 0.506702
 149.380007 0.691061 0.209464
 149.580007 0.367392 0.754694
 149.780007 0.239466 0.166896
 149.980007 0.184216 0.611803
 150.180007 0.485013 0.487485
 150.380007 0.268761 0.229731
 150.580007 0.075274 0.799861
 150.780007 0.233426 0.251614
 150.980007 0.335866 0.672475
 151.180007 0.359643 0.615578
 151.380007 0.142621 0.193238
 151.580007 0.169775 0.697620
 151.780007 0.489653 0.470248
 151.980007 0.479390 0.530791
 152.180007 0.213625 0.420863
 152.380007 0.278232 0.238858
 152.580007 0.423669 0.737042
 152.780007 0.395316 0.390051
 152.980007 0.214573 0.520622
 153.180007 0.453152 0.446114
 153.380007 0.476023 0.468781
 153.580007 0.121302 0.705830
 153.780007 0.323859 0.329715
 153.980007 0.443317 0.452744
 154.180007 0.640319 0.518464
 154.380007 0.403020 0.383210
 154.580007 0.238747 0.510655
 154.780007 0.327780 0.413815
 154.980007 0.457778 0.590601
 155.180007 0.218802 0.655069
 155.380007 0.446236 0.268886
 155.580007 0.433588 0.607704
 155.780007 0.722927 0.483157
 155.980007 0.190349 0.429377
 156.180007 0.039264 0.507269
 156.380007 0.365774 0.485811
 156.580007 0.461324 0.515931
 156.780007 0.453197 0.525956
 156.980007 0.207614 0.440133
 157.180007 0.359951 0.650262
 157.380007 0.289323 0.611750
 157.580007 0.125499 0.340969
 157.780007 0.296879 0.656415
 157.980008 0.766370 0.461239
 158.180008 0.347087 0.456280
 158.380008 0.008078 0.584483
 158.580008 0.158760 0.128660
 158.780008 0.186940 0.805203
 158.980008 0.247197 0.259255
 159.180008 0.290165 0.518153
 159.380008 0.712017 0.541609
 159.580008 0.677009 0.245620
 159.780008 -0.061109 0.551119
 159.980008 0.262866 0.394309
 160.180008 0.659351 0.410654
 160.380008 0.531072 0.548498
 160.580008 0.346970 0.441620
 160.780008 0.334538 0.533477
 160.980008 0.189373 0.626787
 161.180008 0.313256 0.397570
 161.380008 0.335033 0.372688
 161.580008 0.678084 0.583155
 161.780008 0.537447 0.422520
 161.980008 0.085135 0.761769
 162.180008 0.090179 0.509112
 162.380008 0.353318 0.405602
 162.580008 0.390895 0.684187
 162.780008 0.508692 0.265682
 162.980008 0.514075 0.603704
 163.180008 0.687934 0.492839
 163.380008 0.348222 0.368457
 163.580008 0.150834 0.610132
 163.780008 0.428570 0.465915
 163.980008 0.454345 0.622719
 164.180008 0.284371 0.487020
 164.380008 0.312503 0.444866
 164.580008 0.351372 0.636384
 164.780008 0.255820 0.629777
 164.980008 0.057987 0.391591
 165.180008 0.357984 0.373048
 165.380008 0.484157 0.506377
 165.580008 0.455783 0.508510
 165.780008 0.174560 0.387453
 165.980008 0.065585 0.531519
 166.180008 0.503153 0.465682
 166.380008 0.467395 0.560953
 166.580008 0.323213 0.439976
 166.780008 0.214051 0.357739
 166.980008 0.373925 0.577896
 167.180008 0.613219 0.421011
 167.380008 0.237597 0.650966
 167.580008 0.031038 0.379683
 167.780008 0.376040 0.479917
 167.980008 0.562968 0.491432
 168.180008 0.250484 0.489610
 168.380008 0.227576 0.352636
 168.580008 0.267752 0.322896
 168.780008 0.597570 0.606820
 168.980008 0.370615 0.570400
 169.180008 0.232853 0.275082
 169.380008 0.518722 0.496148
 169.580008 0.375591 0.508760
 169.780008 0.112338 0.528176
 169.980008 0.067388 0.510183
 170.180008 0.470976 0.351112
 170.380008 0.391183 0.654719
 170.580008 0.103239 0.287586
 170.780008 0.427151 0.418709
 170.980008 0.852404 0.405279
 171.180008 0.319447 0.635639
 171.380008 -0.052429 0.342254
 171.580008 0.355657 0.223994
 171.780008 0.765019 0.648581
 171.980008 0.243739 0.336522
 172.180008 -0.147680 0.233247
 172.380008 0.077798 0.829187
 172.580008 0.469983 0.341920
 172.780008 0.021188 0.680283
 172.980008 -0.064825 0.149449
 173.180008 0.398344 0.675657
 173.380008 0.560979 0.563925
 173.580008 -0.145700 0.297485
 173.780008 -0.406554 0.746103
 173.980008 0.722299 0.351780
 174.180008 0.364681 0.769940
 174.380008 -0.222639 0.305035
 174.580008 0.198272 0.378510
 174.780008 0.599002 0.621721
 174.980008 0.151770 0.348373
 175.180008 -0.233921 0.614840
 175.380008 0.426614 0.351557
 175.580008 0.573960 0.560077
 175.780008 0.027488 0.508257
 175.980008 -0.102819 0.272421
 176.180008 0.593855 0.597418
 176.380008 0.538921 0.448376
 176.580008 0.099212 0.406360
 176.780008 0.064008 0.328452
 176.980008 0.524325 0.324693
 177.180008 0.505362 0.618135
 177.380008 0.293127 0.500682
 177.580008 0.548092 0.054017
 177.780008 0.313124 0.700518
 177.980008 0.395761 0.321810
 178.180008 0.015007 0.585600
 178.380008 -0.020097 0.427844
 178.580008 0.545801 0.118914
 178.780008 0.542941 0.744124
 178.980009 0.243825 0.393997
 179.180009 0.211922 0.313114
 179.380009 0.429116 0.725602
 179.580009 0.481213 0.173294
 179.780009 0.244043 0.480931
 179.980009 0.142255 0.372342
 180.180009 0.636310 0.479257
 180.380009 0.676987 0.513256
 180.580009 -0.157671 0.365058
 180.780009 0.074733 0.580748
 180.980009 0.446472 0.341709
 181.180009 0.610044 0.542499
 181.380009 0.220428 0.450608
 181.580009 0.028514 0.362776
 181.780009 0.485021 0.492250
 181.980009 0.281018 0.664494
 182.180009 0.130821 0.243165
 182.380009 0.229373 0.502333
 182.580009 0.745872 0.506803
 182.780009 0.428288 0.481835
 182.980009 0.406907 0.261400
 183.180009 -0.102146 0.446599
 183.380009 0.344888 0.597978
 183.580009 0.579251 0.299248
 183.780009 0.147341 0.617183
 183.980009 0.239371 0.369711
 184.180009 0.268564 0.492494
 184.380009 0.253691 0.705960
 184.580009 0.049450 0.426235
 184.780009 0.252847 0.431585
 184.980009 0.690483 0.460723
 185.180009 0.711664 0.324535
 185.380009 0.174401 0.469942
 185.580009 0.251773 0.455895
 185.780009 0.423120 0.289240
 185.980009 0.355253 0.589805
 186.180009 0.245167 0.420874
 186.380009 0.374720 0.561819
 186.580009 0.444858 0.312848
 186.780009 0.423107 0.369268
 186.980009 0.057556 0.653018
 187.180009 0.384627 0.204805
 187.380009 0.574237 0.756102
 187.580009 0.562258 0.270005
 187.780009 0.136501 0.422117
 187.980009 -0.089038 0.611391
 188.180009 0.442865 0.250857
 188.380009 0.360277 0.692510
 188.580009 0.489173 0.349077
 188.780009 0.658359 0.282699
 188.980009 0.429544 0.697700
 189.180009 0.264437 0.065195
 189.380009 0.118682 0.714816
 189.580009 0.492729 0.416106
 189.780009 0.439796 0.623259
 189.980009 0.198833 0.485322
 190.180009 0.128115 0.399166
 190.380009 0.201308 0.481946
 190.580009 0.356992 0.579627
 190.780009 0.454986 0.288604
 190.980009 0.458704 0.372397
 191.180009 0.607024 0.523836
 191.380009 0.403507 0.274952
 191.580009 0.033251 0.635216
 191.780009 0.231049 0.297390
 191.980009 0.521957 0.630751
 192.180009 0.548354 0.401078
 192.380009 0.019819 0.485313
 192.580009 0.277407 0.616900
 192.780009 0.290264 0.595139
 192.980009 0.157436 0.435497
 193.180009 0.024867 0.468953
 193.380009 0.467499 0.414013
 193.580009 0.773357 0.391177
 193.780009 0.471457 0.425649
 193.980009 -0.094559 0.429751
 194.180009 0.222795 0.443762
 194.380009 0.508110 0.523402
 194.580009 0.633029 0.384883
 194.780009 0.183063 0.484363
 194.980009 0.033324 0.566809
 195.180009 0.180109 0.431098
 195.380009 0.441833 0.519464
 195.580009 0.222496 0.640008
 195.780009 0.473781 0.317589
 195.980009 0.399682 0.520939
 196.180009 0.683253 0.480134
 196.380009 0.035238 0.480392
 196.580009 -0.184774 0.552202
 196.780009 0.086841 0.347476
 196.980009 0.618310 0.591689
 197.180009 0.366409 0.567922
 197.380009 0.063806 0.381296
 197.580009 0.041244 0.594440
 197.780009 0.472758 0.470030
 197.980009 0.505575 0.414907
 198.180009 0.057752 0.204795
 198.380009 0.254598 0.503256
 198.580009 0.584166 0.647594
 198.780009 0.427611 0.406195
 198.980009 -0.047510 0.359104
 199.180009 0.025796 0.653000
 199.380009 0.513672 0.380887
 199.580009 0.336936 0.667346
 199.780009 0.123923 0.437984
 199.980009 0.190305 0.492985
