#! FIELDS time phi psi
#! SET max_psi pi
 0.180000 2.168909 -0.461517
 0.380000 2.567792 -1.194314
 0.580000 1.905709 -0.926817
 0.780000 1.978385 -0.902753
 0.980000 2.211546 -1.018444
 1.180000 2.299703 -0.918246
 1.380000 1.963962 -0.661275
 1.580000 1.642750 -1.155974
 1.780000 2.176089 -0.491079
 1.980000 2.410813 -1.139913
 2.180000 1.955726 -0.961288
 2.380000 1.939512 -0.873496
 2.580000 1.607317 -0.947675
 2.780000 2.102202 -0.819589
 2.980000 2.225180 -0.911744
 3.180000 2.092984 -0.903205
 3.380000 1.926741 -0.780356
 3.580000 1.816677 -1.104983
 3.780000 2.076794 -0.816654
 3.980000 2.004761 -0.902473
 4.180000 2.019656 -0.985109
 4.380000 2.017854 -0.871246
 4.580000 1.658137 -1.008037
 4.780000 2.080711 -0.927954
 4.980000 2.185951 -0.875590
 5.180000 2.094848 -0.939175
 5.380000 2.045086 -0.976872
 5.580000 1.901930 -0.756449
 5.780000 2.067096 -1.022363
 5.980000 2.189901 -0.849232
 6.180000 2.132105 -0.857215
 6.380000 2.077348 -1.044463
 6.580000 1.779678 -1.046486
 6.780000 2.062449 -0.950542
 6.980000 2.082363 -1.004608
 7.180000 2.059368 -0.977949
 7.380000 1.823909 -0.993895
 7.580000 1.875822 -1.031796
 7.780000 2.006943 -0.790035
 7.980000 2.326692 -1.149010
 8.180000 2.007389 -0.585061
 8.380000 1.786859 -1.207157
 8.580000 1.905615 -0.773775
 8.780000 2.329397 -1.076367
 8.980000 2.128909 -0.843525
 9.180000 1.999768 -1.022691
 9.380000 1.807246 -0.818188
 9.580000 2.159884 -1.056849
 9.780000 2.023772 -0.749860
 9.980000 2.008309 -1.075666
 10.180000 1.688697 -0.966247
 10.380000 1.931123 -0.886200
 10.580001 2.165449 -0.853705
 10.780001 2.127955 -1.058649
 10.980001 1.890665 -0.660644
 11.180001 1.673570 -1.049310
 11.380001 1.803654 -0.849415
 11.580001 2.179458 -0.984207
 11.780001 2.103240 -0.867800
 11.980001 1.926769 -0.912435
 12.180001 1.672271 -0.957549
 12.380001 1.850620 -0.932058
 12.580001 2.132418 -0.889654
 12.780001 2.100083 -1.070599
 12.980001 1.709303 -0.704798
 13.180001 1.793457 -1.159830
 13.380001 2.064863 -0.671918
 13.580001 2.280463 -0.990894
 13.780001 2.135856 -0.843425
 13.980001 1.802801 -0.966619
 14.180001 1.783761 -0.861040
 14.380001 1.827407 -1.079046
 14.580001 1.990041 -0.757234
 14.780001 1.948299 -0.954893
 14.980001 1.687427 -0.935805
 15.180001 1.949302 -0.851884
 15.380001 2.016301 -0.953010
 15.580001 2.327520 -0.905214
 15.780001 1.699857 -0.814631
 15.980001 1.653569 -1.087104
 16.180001 2.052966 -0.607597
 16.380001 2.162205 -1.027142
 16.580001 1.971752 -0.884576
 16.780001 1.736380 -0.892555
 16.980001 1.647292 -1.091608
 17.180001 2.011546 -0.913886
 17.380001 2.204211 -0.880903
 17.580001 2.007023 -0.941780
 17.780001 1.739091 -0.823970
 17.980001 1.856507 -1.016789
 18.180001 2.099214 -0.957164
 18.380001 2.339831 -0.938367
 18.580001 1.688099 -0.873369
 18.780001 1.955288 -1.018454
 18.980001 2.009491 -0.758284
 19.180001 2.109519 -0.991727
 19.380001 1.704326 -0.769233
 19.580001 1.869474 -1.025927
 19.780001 2.440999 -0.783466
 19.980001 2.516168 -1.176105
 20.180001 1.889802 -0.612150
 20.380001 1.575680 -1.027419
 20.580001 2.174436 -0.818170
 20.780001 2.409097 -0.965342
 20.980001 2.234856 -0.853201
 21.180001 1.875711 -0.946484
 21.380001 1.841054 -0.895944
 21.580001 2.462737 -1.029689
 21.780001 2.440819 -0.726619
 21.980001 1.966612 -0.993834
 22.180001 1.635363 -0.895288
 22.380001 2.241291 -0.986501
 22.580001 2.526386 -0.791507
 22.780001 1.957146 -1.034831
 22.980001 1.610787 -0.912017
 23.180001 2.132081 -0.890394
 23.380001 2.415365 -1.089054
 23.580001 2.337436 -0.670591
 23.780001 1.750885 -1.063070
 23.980001 1.801946 -0.916366
 24.180001 2.308238 -0.772975
 24.380001 2.255877 -1.030362
 24.580001 2.045090 -0.910721
 24.780001 1.808990 -0.742751
 24.980001 1.921342 -1.237102
 25.180001 2.212137 -0.722134
 25.380001 2.439815 -1.021868
 25.580001 1.844537 -0.956519
 25.780001 1.888647 -1.058514
 25.980001 1.835746 -0.857030
 26.180001 2.216725 -1.054454
 26.380001 2.238856 -0.619265
 26.580001 1.682077 -1.240259
 26.780001 1.549639 -0.472136
 26.980001 2.434766 -1.417907
 27.180001 2.000328 -0.647796
 27.380001 1.986515 -1.051721
 27.580001 1.674087 -1.073283
 27.780001 2.336184 -0.985413
 27.980001 1.902819 -0.798426
 28.180001 2.018969 -1.180820
 28.380001 1.834205 -0.740787
 28.580001 2.000752 -1.139400
 28.780001 2.262388 -0.721645
 28.980001 2.044933 -1.059130
 29.180001 1.621483 -0.910137
 29.380001 2.164331 -0.907013
 29.580001 2.158569 -0.942144
 29.780001 2.285972 -1.149514
 29.980001 1.917455 -0.659907
 30.180001 1.836617 -1.118615
 30.380001 2.113491 -0.858296
 30.580001 2.447379 -0.851330
 30.780001 1.806380 -1.108543
 30.980001 1.989955 -0.744525
 31.180001 1.832391 -1.082649
 31.380001 2.053488 -1.046064
 31.580001 2.269097 -0.681338
 31.780002 1.781075 -1.120244
 31.980002 1.818815 -0.815397
 32.180002 1.923777 -0.923779
 32.380002 1.824813 -0.938702
 32.580002 2.077979 -0.788254
 32.780002 1.994058 -0.983390
 32.980002 1.801242 -0.908469
 33.180002 1.870201 -0.783750
 33.380002 1.930489 -1.091756
 33.580002 1.914764 -0.693373
 33.780002 1.902725 -1.040115
 33.980002 1.840613 -0.854404
 34.180002 1.903357 -1.000276
 34.380002 1.897016 -0.905340
 34.580002 1.790302 -0.945242
 34.780002 1.936359 -0.951926
 34.980002 1.702052 -0.923347
 35.180002 1.871925 -0.973112
 35.380002 1.961123 -0.870926
 35.580002 1.979195 -0.951629
 35.780002 2.055874 -0.894697
 35.980002 1.779033 -0.942767
 36.180002 1.768700 -0.973561
 36.380002 1.873795 -0.866353
 36.580002 1.895941 -0.893608
 36.780002 1.837560 -0.981274
 36.980002 1.773798 -0.936542
 37.180002 1.978076 -0.828035
 37.380002 1.930502 -1.012860
 37.580002 2.131915 -0.970029
 37.780002 1.765304 -0.783532
 37.980002 1.827743 -1.075337
 38.180002 1.819643 -0.830230
 38.380002 1.923453 -0.983553
 38.580002 1.949817 -0.981864
 38.780002 1.735560 -0.927822
 38.980002 1.956504 -0.899537
 39.180002 2.058582 -1.019020
 39.380002 1.912953 -0.708257
 39.580002 1.783559 -1.256402
 39.780002 1.800009 -0.605387
 39.980002 2.122002 -1.146909
 40.180002 2.043413 -0.975207
 40.380002 1.951483 -0.815201
 40.580002 1.610675 -1.037897
 40.780002 2.065095 -1.003696
 40.980002 2.016101 -0.632059
 41.180002 1.808165 -1.155831
 41.380002 1.768198 -0.507323
 41.580002 1.801777 -1.287983
 41.780002 2.016637 -0.763399
 41.980002 2.173456 -0.811367
 42.180002 1.607495 -1.114891
 42.380002 1.970810 -0.750507
 42.580002 1.808603 -1.005124
 42.780002 2.009001 -0.795164
 42.980002 2.018112 -0.778453
 43.180002 1.792454 -1.081941
 43.380002 1.797760 -0.453474
 43.580002 1.917359 -1.121747
 43.780002 1.959667 -0.843011
 43.980002 1.904206 -0.789670
 44.180002 1.610312 -0.938425
 44.380002 2.122266 -0.809781
 44.580002 1.933607 -0.900060
 44.780002 2.045555 -1.083562
 44.980002 1.697641 -0.621797
 45.180002 1.805765 -1.261731
 45.380002 2.151448 -0.563232
 45.580002 2.094528 -0.996047
 45.780002 1.736212 -0.966551
 45.980002 1.898120 -0.985729
 46.180002 1.725044 -0.890558
 46.380002 2.111396 -1.023702
 46.580002 2.138933 -0.692499
 46.780002 1.834792 -1.059590
 46.980002 1.901710 -0.798286
 47.180002 2.126751 -0.983150
 47.380002 2.010227 -0.962892
 47.580002 2.065865 -0.856635
 47.780002 1.796179 -0.955086
 47.980002 2.120689 -0.941470
 48.180002 2.162863 -0.810169
 48.380002 2.114939 -0.942860
 48.580002 2.130911 -0.810501
 48.780002 1.811168 -0.979710
 48.980002 1.820059 -0.810566
 49.180002 2.184010 -0.989361
 49.380002 2.038843 -1.006430
 49.580002 1.834107 -0.918680
 49.780002 1.795768 -0.824519
 49.980002 2.006213 -1.082969
 50.180002 2.099119 -0.716797
 50.380002 1.890683 -0.963620
 50.580002 1.753377 -0.969828
 50.780002 2.157534 -0.805110
 50.980002 1.822206 -0.930928
 51.180002 2.320564 -0.911821
 51.380002 1.960562 -0.867195
 51.580002 1.606955 -1.042530
 51.780002 2.071046 -0.707489
 51.980002 2.065154 -1.132173
 52.180002 2.003659 -0.847310
 52.380002 1.945081 -0.897830
 52.580002 1.752233 -1.021568
 52.780003 2.249585 -0.784672
 52.980003 2.034400 -0.895123
 53.180003 1.922862 -0.940337
 53.380003 1.883457 -0.769179
 53.580003 2.080994 -1.133275
 53.780003 2.013920 -0.783876
 53.980003 1.860801 -1.071521
 54.180003 1.850510 -0.899317
 54.380003 1.947909 -0.967193
 54.580003 1.990286 -0.878374
 54.780003 2.094972 -1.019642
 54.980003 1.861813 -0.790769
 55.180003 1.793316 -1.223807
 55.380003 1.786183 -0.684566
 55.580003 2.164215 -1.110811
 55.780003 1.919067 -0.933417
 55.980003 1.839284 -0.939417
 56.180003 1.734142 -0.943763
 56.380003 2.094250 -0.947166
 56.580003 2.137520 -0.724268
 56.780003 1.982631 -1.113175
 56.980003 1.818529 -0.732569
 57.180003 1.770681 -1.050996
 57.380003 2.054600 -0.925038
 57.580003 2.201686 -0.911034
 57.780003 1.863062 -0.965745
 57.980003 1.887779 -0.849924
 58.180003 2.039531 -1.018516
 58.380003 2.006520 -0.943332
 58.580003 2.044287 -0.791206
 58.780003 1.703300 -1.153406
 58.980003 1.827550 -0.794351
 59.180003 1.873750 -0.947910
 59.380003 1.866000 -0.933344
 59.580003 2.042708 -0.845482
 59.780003 1.823476 -1.076741
 59.980003 1.927880 -0.794186
 60.180003 1.918245 -0.955588
 60.380003 1.931081 -0.890905
 60.580003 1.723609 -0.828512
 60.780003 1.583368 -0.959064
 60.980003 1.952554 -0.741727
 61.180003 1.813322 -0.956125
 61.380003 1.752008 -0.865299
 61.580003 1.889752 -0.992491
 61.780003 1.618072 -0.914922
 61.980003 2.181550 -0.868054
 62.180003 2.045849 -0.886344
 62.380003 1.755899 -0.971385
 62.580003 1.759080 -0.772111
 62.780003 1.907388 -1.127692
 62.980003 1.911803 -0.650331
 63.180003 2.052244 -1.089386
 63.380003 1.782251 -0.807824
 63.580003 1.925003 -1.047050
 63.780003 1.712272 -0.895493
 63.980003 2.186795 -1.031278
 64.180003 2.205880 -0.814557
 64.380003 2.080394 -1.062596
 64.580003 1.629492 -0.713155
 64.780003 1.833718 -1.188594
 64.980003 2.066913 -0.777479
 65.180003 2.536057 -1.093283
 65.380003 1.910490 -0.795103
 65.580003 1.632265 -1.139682
 65.780003 2.150767 -0.774696
 65.980003 2.457418 -0.993773
 66.180003 2.449084 -0.783941
 66.380003 1.675394 -1.032523
 66.580003 1.830198 -0.844310
 66.780003 2.509099 -0.924527
 66.980003 2.185257 -0.917788
 67.180003 1.884154 -0.876350
 67.380003 1.737634 -1.077217
 67.580003 2.297146 -0.810264
 67.780003 2.596374 -0.713762
 67.980003 2.118292 -1.245872
 68.180003 1.695436 -0.725567
 68.380003 1.829344 -1.034675
 68.580003 2.196769 -0.955899
 68.780003 2.340847 -0.860897
 68.980003 1.894735 -0.870386
 69.180003 1.635627 -1.086258
 69.380003 2.108585 -0.881183
 69.580003 2.286355 -1.012728
 69.780003 2.095955 -0.800948
 69.980003 1.692245 -1.021355
 70.180003 1.957722 -0.940874
 70.380003 2.385357 -0.743069
 70.580003 2.348341 -0.947133
 70.780003 1.763148 -0.890390
 70.980003 1.807182 -0.901986
 71.180003 2.118947 -0.984030
 71.380003 2.409260 -0.896292
 71.580003 1.952759 -0.781357
 71.780003 1.721764 -1.113891
 71.980003 2.068255 -0.722378
 72.180003 2.538678 -1.024832
 72.380003 2.469263 -0.849354
 72.580003 1.910134 -1.005168
 72.780003 1.466592 -0.838817
 72.980003 2.385273 -1.054146
 73.180003 2.612050 -0.665831
 73.380003 2.136405 -1.001520
 73.580003 1.842743 -0.956090
 73.780004 1.943964 -0.982213
 73.980004 2.291987 -0.929037
 74.180004 2.302478 -0.908872
 74.380004 1.705394 -0.977010
 74.580004 1.716787 -0.905016
 74.780004 2.167804 -0.855684
 74.980004 2.316181 -1.017776
 75.180004 2.039709 -0.862306
 75.380004 1.696050 -1.021963
 75.580004 1.820440 -0.896152
 75.780004 2.251536 -0.983301
 75.980004 2.226274 -0.724511
 76.180004 2.107004 -1.082395
 76.380004 1.575642 -0.806362
 76.580004 2.033145 -1.059209
 76.780004 2.320621 -0.863475
 76.980004 2.183016 -0.930000
 77.180004 1.635095 -0.995812
 77.380004 2.210143 -1.036969
 77.580004 2.547809 -0.717508
 77.780004 2.307772 -1.073631
 77.980004 1.752495 -0.803384
 78.180004 1.931839 -1.196491
 78.380004 2.260574 -0.667570
 78.580004 2.366874 -1.272530
 78.780004 1.768976 -0.670595
 78.980004 1.764687 -1.318525
 79.180004 1.733067 -0.663887
 79.380004 2.390749 -1.197018
 79.580004 2.019077 -0.579316
 79.780004 1.807158 -1.246639
 79.980004 1.648606 -0.582004
 80.180004 2.118176 -1.308655
 80.380004 2.089914 -0.454212
 80.580004 1.758893 -1.112748
 80.780004 1.650856 -0.877921
 80.980004 2.066340 -0.876570
 81.180004 1.967238 -0.963969
 81.380004 2.170316 -1.075541
 81.580004 1.758829 -0.652810
 81.780004 1.732516 -1.282287
 81.980004 1.998358 -0.561119
 82.180004 2.187855 -1.052302
 82.380004 1.841469 -0.849251
 82.580004 1.829007 -0.891671
 82.780004 1.972122 -0.967710
 82.980004 2.290078 -1.026346
 83.180004 1.789825 -0.859123
 83.380004 1.777001 -1.100160
 83.580004 2.096851 -0.768665
 83.780004 2.027867 -1.067442
 83.980004 1.980863 -0.919612
 84.180004 1.952697 -0.866651
 84.380004 1.912250 -0.987657
 84.580004 1.998783 -0.933047
 84.780004 1.805146 -0.849947
 84.980004 1.803295 -1.038099
 85.180004 2.000623 -0.706341
 85.380004 2.052285 -1.043722
 85.580004 2.100123 -0.794974
 85.780004 1.882378 -1.012887
 85.980004 1.670326 -0.896862
 86.180004 2.198056 -1.012335
 86.380004 2.019607 -0.825440
 86.580004 1.948595 -0.964609
 86.780004 1.653540 -0.809825
 86.980004 2.132564 -1.178522
 87.180004 2.152345 -0.713199
 87.380004 2.061631 -0.985960
 87.580004 1.765393 -0.986635
 87.780004 1.774837 -0.963781
 87.980004 2.217127 -0.858710
 88.180004 2.237162 -1.007131
 88.380004 1.897429 -0.769228
 88.580004 1.735804 -1.005929
 88.780004 2.187494 -0.839728
 88.980004 2.297088 -0.973167
 89.180004 1.921806 -0.878935
 89.380004 1.771639 -0.945854
 89.580004 1.865801 -0.946615
 89.780004 2.358319 -0.914628
 89.980004 2.004653 -0.913728
 90.180004 1.942093 -0.940890
 90.380004 1.774076 -0.875319
 90.580004 2.041196 -0.966383
 90.780004 2.043018 -0.845448
 90.980004 1.920056 -1.078767
 91.180004 1.596414 -0.843800
 91.380004 1.989583 -1.039546
 91.580004 1.962325 -0.861555
 91.780004 2.257555 -0.908550
 91.980004 1.773829 -0.927916
 92.180004 1.589495 -0.807763
 92.380004 2.067928 -1.007912
 92.580004 2.094893 -0.766581
 92.780004 1.967751 -0.892043
 92.980004 1.663086 -0.892392
 93.180004 1.850887 -0.911395
 93.380004 2.437652 -0.881222
 93.580004 2.152138 -0.873714
 93.780004 2.091740 -0.926157
 93.980004 1.659705 -0.798512
 94.180004 1.876696 -1.041997
 94.380004 2.342361 -0.660915
 94.580004 1.886791 -1.132068
 94.780005 1.707458 -0.778983
 94.980005 1.864666 -0.931416
 95.180005 1.934815 -0.935246
 95.380005 1.920695 -0.788618
 95.580005 2.004117 -0.922626
 95.780005 1.882883 -0.851824
 95.980005 1.991075 -0.877224
 96.180005 1.917350 -0.787436
 96.380005 2.079260 -1.102202
 96.580005 1.922772 -0.627764
 96.780005 1.903468 -1.087918
 96.980005 1.979382 -0.751447
 97.180005 1.860161 -0.977339
 97.380005 1.845871 -0.869201
 97.580005 2.097915 -0.875411
 97.780005 1.735303 -1.032757
 97.980005 1.575219 -0.753799
 98.180005 2.154216 -0.965298
 98.380005 2.066816 -0.915980
 98.580005 2.343670 -0.761918
 98.780005 1.942376 -0.977305
 98.980005 1.732015 -0.939531
 99.180005 1.927095 -0.779491
 99.380005 1.926656 -0.993573
 99.580005 2.088894 -0.865100
 99.780005 2.019657 -0.873729
 99.980005 1.719949 -0.995670
 100.180005 1.909173 -0.892106
 100.380005 2.005701 -0.923186
 100.580005 2.004877 -0.876260
 100.780005 1.887264 -0.883207
 100.980005 1.841224 -0.907114
 101.180005 2.090950 -0.997143
 101.380005 2.086542 -0.739615
 101.580005 1.918848 -1.019693
 101.780005 1.895658 -0.714500
 101.980005 1.823315 -1.023949
 102.180005 2.059928 -0.701954
 102.380005 2.105398 -1.070869
 102.580005 1.706851 -0.822154
 102.780005 1.893774 -0.976783
 102.980005 1.756216 -0.890650
 103.180005 2.098784 -1.173274
 103.380005 1.850905 -0.519110
 103.580005 2.144774 -1.238569
 103.780005 1.879933 -0.710913
 103.980005 1.939620 -0.978763
 104.180005 1.923012 -0.900976
 104.380005 2.083219 -0.995775
 104.580005 1.891837 -0.876998
 104.780005 1.918330 -1.126385
 104.980005 2.078968 -0.671602
 105.180005 1.809200 -1.081577
 105.380005 1.920740 -0.790716
 105.580005 1.936213 -0.957177
 105.780005 2.029157 -0.973740
 105.980005 2.163820 -0.760528
 106.180005 1.769247 -1.094529
 106.380005 1.837889 -0.821609
 106.580005 1.954411 -1.050280
 106.780005 2.253467 -0.825368
 106.980005 2.352535 -0.852040
 107.180005 1.907184 -0.951020
 107.380005 1.734688 -1.068454
 107.580005 1.847506 -0.789962
 107.780005 2.143783 -1.190458
 107.980005 1.893882 -0.715591
 108.180005 1.713694 -1.060504
 108.380005 1.712611 -0.793047
 108.580005 2.125461 -1.017338
 108.780005 1.900058 -0.768086
 108.980005 2.336326 -1.012102
 109.180005 1.570738 -0.844832
 109.380005 1.863535 -1.087508
 109.580005 2.048418 -0.647007
 109.780005 1.912648 -1.286578
 109.980005 1.959113 -0.350844
 110.180005 1.812554 -1.265783
 110.380005 1.817112 -0.811842
 110.580005 2.206303 -1.011656
 110.780005 1.851360 -0.902544
 110.980005 2.191438 -0.956207
 111.180005 1.689983 -0.794147
 111.380005 1.903296 -1.145330
 111.580005 2.308351 -0.584518
 111.780005 1.963158 -1.151937
 111.980005 1.791570 -0.847384
 112.180005 1.942239 -0.915588
 112.380005 2.138100 -0.850470
 112.580005 2.222382 -0.932600
 112.780005 1.727351 -0.849290
 112.980005 1.775525 -1.014994
 113.180005 1.967679 -0.735115
 113.380005 2.118133 -1.085735
 113.580005 1.863682 -0.706935
 113.780005 1.858919 -1.095190
 113.980005 1.679342 -0.815916
 114.180005 2.102689 -0.995771
 114.380005 2.017810 -0.839492
 114.580005 2.006306 -0.971736
 114.780005 1.650137 -0.925868
 114.980005 2.146491 -0.849505
 115.180005 2.078843 -1.046556
 115.380005 2.217210 -0.921508
 115.580005 2.027749 -0.812063
 115.780005 1.807063 -1.132976
 115.980006 1.929601 -0.642537
 116.180006 2.354404 -1.163688
 116.380006 2.098429 -0.837497
 116.580006 2.031071 -0.991998
 116.780006 1.631497 -0.918045
 116.980006 2.260161 -1.055281
 117.180006 2.462176 -0.748663
 117.380006 2.105716 -1.046874
 117.580006 1.855384 -0.819623
 117.780006 1.697419 -1.023605
 117.980006 2.045725 -1.043518
 118.180006 2.395639 -0.707519
 118.380006 2.095659 -0.930008
 118.580006 1.983490 -1.039418
 118.780006 1.800759 -0.664161
 118.980006 1.953663 -1.091517
 119.180006 2.255545 -0.740772
 119.380006 2.014218 -0.942259
 119.580006 1.882624 -1.037731
 119.780006 1.801983 -0.769181
 119.980006 1.875248 -0.992679
 120.180006 1.918818 -0.978348
 120.380006 1.894838 -0.745847
 120.580006 1.725073 -1.055955
 120.780006 2.041637 -0.803462
 120.980006 1.949676 -1.017325
 121.180006 1.896426 -0.839732
 121.380006 2.038989 -1.004327
 121.580006 1.752487 -0.946337
 121.780006 2.122116 -0.745299
 121.980006 1.978730 -0.935465
 122.180006 2.000698 -1.065631
 122.380006 1.959398 -0.731965
 122.580006 1.740431 -1.138980
 122.780006 2.131080 -0.808143
 122.980006 2.089927 -0.960965
 123.180006 1.968072 -0.972155
 123.380006 2.134236 -0.829875
 123.580006 1.620625 -1.087527
 123.780006 2.049613 -0.887010
 123.980006 2.106184 -0.961724
 124.180006 1.981071 -1.120884
 124.380006 1.941211 -0.600457
 124.580006 1.704715 -1.112470
 124.780006 1.979756 -0.870640
 124.980006 2.025666 -0.836886
 125.180006 1.557878 -1.087808
 125.380006 2.017320 -0.806394
 125.580006 1.845998 -0.957929
 125.780006 2.049113 -1.043505
 125.980006 1.824918 -0.677943
 126.180006 1.586630 -1.098271
 126.380006 2.153544 -0.759150
 126.580006 2.220692 -0.833338
 126.780006 1.890438 -1.088038
 126.980006 1.739217 -0.665432
 127.180006 1.599162 -1.075951
 127.380006 2.263511 -0.868774
 127.580006 1.992922 -0.838099
 127.780006 1.728619 -1.072885
 127.980006 1.835962 -0.610041
 128.180006 1.865651 -1.186809
 128.380006 2.033242 -0.719600
 128.580006 1.937119 -0.901383
 128.780006 1.679930 -1.120757
 128.980006 2.145939 -0.747174
 129.180006 2.041123 -1.030196
 129.380006 2.000093 -0.821743
 129.580006 1.694165 -0.936688
 129.780006 2.020053 -0.992850
 129.980006 2.406310 -0.763175
 130.180006 2.044460 -0.972416
 130.380006 1.821447 -0.956736
 130.580006 1.945111 -0.693309
 130.780006 2.337198 -1.072153
 130.980006 2.239348 -0.725209
 131.180006 1.652764 -0.875377
 131.380006 1.726803 -1.167169
 131.580006 2.288447 -0.539624
 131.780006 2.299484 -1.118164
 131.980006 1.905427 -0.920019
 132.180006 1.773893 -1.020353
 132.380006 1.841707 -0.871097
 132.580006 2.536754 -0.978829
 132.780006 2.090549 -0.665908
 132.980006 1.511200 -1.120421
 133.180006 2.161957 -0.753584
 133.380006 2.550469 -0.896136
 133.580006 2.057278 -1.112894
 133.780006 1.902436 -0.757936
 133.980006 1.751665 -1.109841
 134.180006 2.153769 -0.912698
 134.380006 2.361291 -0.799302
 134.580006 2.087787 -1.035339
 134.780006 1.848350 -0.941053
 134.980006 1.780151 -0.886454
 135.180006 2.260640 -1.048993
 135.380006 2.288841 -0.851269
 135.580006 1.948258 -0.863822
 135.780006 1.694296 -1.034997
 135.980006 1.985923 -0.883326
 136.180006 2.157954 -0.996712
 136.380006 2.166182 -0.857675
 136.580006 2.210724 -0.847760
 136.780006 1.705578 -1.043256
 136.980007 1.879996 -0.869021
 137.180007 2.027091 -0.855319
 137.380007 2.329433 -1.101458
 137.580007 1.839948 -0.699059
 137.780007 1.565079 -1.103838
 137.980007 2.160847 -0.777851
 138.180007 2.205264 -0.956539
 138.380007 1.848193 -0.891362
 138.580007 1.844269 -1.034828
 138.780007 1.804921 -0.949190
 138.980007 2.451619 -1.043734
 139.180007 2.247558 -0.636293
 139.380007 1.874381 -1.287834
 139.580007 1.680719 -0.752367
 139.780007 2.170985 -1.123688
 139.980007 2.039487 -0.891009
 140.180007 2.243572 -1.004288
 140.380007 1.613351 -0.850989
 140.580007 1.894840 -1.151326
 140.780007 2.126133 -0.636121
 140.980007 2.450207 -1.225383
 141.180007 1.892790 -0.745153
 141.380007 1.698145 -1.102279
 141.580007 1.820308 -0.825473
 141.780007 2.646289 -1.031733
 141.980007 2.226752 -0.781316
 142.180007 1.907506 -1.110985
 142.380007 1.793089 -0.825254
 142.580007 2.519210 -1.030775
 142.780007 2.614626 -0.750087
 142.980007 1.973771 -1.027212
 143.180007 1.481964 -0.844927
 143.380007 2.553797 -1.038382
 143.580007 2.431770 -0.673949
 143.780007 2.052422 -0.988887
 143.980007 1.570334 -0.973733
 144.180007 2.243287 -0.898833
 144.380007 2.555915 -0.839467
 144.580007 2.089180 -1.030379
 144.780007 1.663032 -0.871521
 144.980007 2.223862 -0.957277
 145.180007 2.613377 -0.907666
 145.380007 2.254879 -0.884647
 145.580007 1.762269 -1.045077
 145.780007 1.938417 -0.980613
 145.980007 2.575521 -0.739991
 146.180007 2.374487 -0.990642
 146.380007 1.660999 -0.963178
 146.580007 1.797276 -0.920501
 146.780007 2.284436 -1.043319
 146.980007 2.451784 -0.883513
 147.180007 2.109995 -0.954917
 147.380007 1.597467 -1.047665
 147.580007 2.215085 -0.763119
 147.780007 2.571320 -0.976931
 147.980007 2.410474 -0.948489
 148.180007 1.785845 -0.840648
 148.380007 1.791128 -1.057117
 148.580007 2.273226 -0.764549
 148.780007 2.465298 -1.052551
 148.980007 2.073932 -0.978879
 149.180007 1.732281 -0.908012
 149.380007 2.059306 -0.831951
 149.580007 2.284352 -1.065983
 149.780007 2.274089 -0.733468
 149.980007 1.918654 -1.076890
 150.180007 1.669535 -0.921333
 150.380007 2.287445 -0.995829
 150.580007 2.319245 -0.841351
 150.780007 2.276936 -0.913446
 150.980007 1.951613 -0.887033
 151.180007 1.588989 -1.143852
 151.380007 2.054477 -0.816519
 151.580007 2.229709 -0.868916
 151.780007 2.079152 -1.059523
 151.980007 1.902876 -0.660585
 152.180007 1.778769 -1.064085
 152.380007 1.854018 -0.834499
 152.580007 2.073386 -0.852089
 152.780007 1.630716 -1.060765
 152.980007 1.873332 -0.781832
 153.180007 2.073243 -1.050099
 153.380007 2.295658 -0.995776
 153.580007 2.125383 -0.726802
 153.780007 1.668474 -1.224267
 153.980007 1.747385 -0.775482
 154.180007 1.852040 -1.123146
 154.380007 2.132671 -0.840906
 154.580007 1.983735 -0.954295
 154.780007 1.725768 -0.977354
 154.980007 2.210108 -0.732761
 155.180007 2.199258 -1.069004
 155.380007 2.083860 -0.968339
 155.580007 1.731605 -0.756254
 155.780007 1.712173 -1.050764
 155.980007 1.827093 -0.835972
 156.180007 2.043021 -0.776552
 156.380007 1.616576 -0.975589
 156.580007 1.803117 -0.820792
 156.780007 2.226921 -0.961726
 156.980007 2.053718 -1.037660
 157.180007 2.160551 -0.623574
 157.380007 1.579385 -1.074727
 157.580007 1.814348 -0.845552
 157.780007 2.242679 -0.896183
 157.980008 1.949782 -1.090632
 158.180008 1.936639 -0.666917
 158.380008 1.793037 -1.105292
 158.580008 2.104018 -0.984027
 158.780008 2.220407 -0.764748
 158.980008 1.733023 -1.096741
 159.180008 1.885561 -0.757863
 159.380008 2.439242 -0.954499
 159.580008 2.366498 -0.925178
 159.780008 2.142133 -0.936995
 159.980008 1.613893 -1.025449
 160.180008 2.346151 -1.042561
 160.380008 2.500744 -0.752296
 160.580008 2.139479 -1.154681
 160.780008 1.674774 -0.803062
 160.980008 1.985445 -0.985000
 161.180008 2.300015 -0.963136
 161.380008 2.237773 -0.866958
 161.580008 1.738208 -0.858633
 161.780008 2.235756 -1.121370
 161.980008 2.414022 -0.622851
 162.180008 2.066561 -1.127470
 162.380008 1.892035 -0.750068
 162.580008 1.844229 -1.107079
 162.780008 1.986186 -0.822509
 162.980008 2.408490 -1.042928
 163.180008 2.041080 -0.800907
 163.380008 1.698076 -0.953421
 163.580008 1.946739 -0.869794
 163.780008 2.032780 -1.105990
 163.980008 2.191837 -0.762542
 164.180008 1.802615 -1.106705
 164.380008 1.777224 -0.865470
 164.580008 2.022401 -0.910514
 164.780008 2.139112 -0.902272
 164.980008 2.020910 -1.020616
 165.180008 1.612563 -0.732373
 165.380008 1.975960 -1.255509
 165.580008 2.209770 -0.815992
 165.780008 2.083884 -1.009774
 165.980008 1.728168 -0.909260
 166.180008 1.964932 -0.956175
 166.380008 2.227049 -0.771519
 166.580008 2.394817 -1.053522
 166.780008 1.968796 -0.888617
 166.980008 1.863459 -0.954336
 167.180008 1.874718 -0.980182
 167.380008 2.210434 -0.834983
 167.580008 1.938347 -0.974061
 167.780008 1.934163 -0.996495
 167.980008 1.974948 -0.797515
 168.180008 1.870482 -1.214486
 168.380008 2.063861 -0.722258
 168.580008 2.018236 -1.200943
 168.780008 1.682067 -0.967537
 168.980008 1.916530 -0.942802
 169.180008 2.012480 -0.974873
 169.380008 1.984140 -0.945026
 169.580008 1.835058 -0.785343
 169.780008 1.973261 -1.033324
 169.980008 1.817051 -0.877871
 170.180008 2.035411 -1.016306
 170.380008 1.639120 -0.840661
 170.580008 1.807834 -1.145430
 170.780008 1.720479 -0.899243
 170.980008 2.197406 -1.066772
 171.180008 1.829181 -0.724526
 171.380008 1.997792 -1.111394
 171.580008 1.845815 -0.757655
 171.780008 2.441126 -1.101638
 171.980008 1.976814 -0.796159
 172.180008 1.985765 -1.033696
 172.380008 1.672944 -0.861336
 172.580008 2.110695 -1.109605
 172.780008 2.101777 -0.732566
 172.980008 1.871250 -1.124868
 173.180008 1.742428 -0.875048
 173.380008 2.002205 -0.947804
 173.580008 2.149103 -0.969027
 173.780008 2.313355 -0.713938
 173.980008 1.878893 -1.030626
 174.180008 1.646870 -0.901746
 174.380008 2.217787 -0.755240
 174.580008 2.157892 -1.109631
 174.780008 2.211082 -0.882983
 174.980008 1.719771 -0.810985
 175.180008 1.785061 -1.016769
 175.380008 2.061836 -0.820041
 175.580008 2.254865 -0.788229
 175.780008 2.090628 -1.072836
 175.980008 1.834536 -0.907551
 176.180008 1.756737 -0.803403
 176.380008 1.903458 -1.090028
 176.580008 2.115841 -0.680381
 176.780008 1.645700 -1.118722
 176.980008 1.704713 -0.921843
 177.180008 2.071456 -0.897730
 177.380008 1.952219 -1.070280
 177.580008 2.066728 -0.813173
 177.780008 1.935865 -0.985433
 177.980008 1.820189 -1.076116
 178.180008 2.105206 -0.791957
 178.380008 2.052705 -1.043228
 178.580008 1.930139 -0.982803
 178.780008 1.873267 -1.007485
 178.980009 1.884773 -0.935938
 179.180009 2.040984 -1.054888
 179.380009 1.927123 -0.996386
 179.580009 1.955487 -0.949825
 179.780009 2.028611 -0.899415
 179.980009 1.951503 -1.075995
 180.180009 1.796236 -0.736768
 180.380009 1.948391 -1.249244
 180.580009 1.827982 -0.789737
 180.780009 1.877055 -1.022681
 180.980009 2.021091 -1.006108
 181.180009 2.102144 -0.849202
 181.380009 1.805229 -0.998344
 181.580009 1.889804 -0.939069
 181.780009 1.920519 -0.974270
 181.980009 2.118769 -1.040487
 182.180009 2.017559 -0.689311
 182.380009 1.784431 -1.228959
 182.580009 1.825820 -0.577736
 182.780009 2.120276 -1.053461
 182.980009 2.148549 -0.834185
 183.180009 2.003241 -1.007041
 183.380009 1.556889 -0.929278
 183.580009 1.943046 -1.043246
 183.780009 1.994595 -0.799179
 183.980009 1.972034 -1.057610
 184.180009 1.847257 -0.816011
 184.380009 1.782723 -1.002519
 184.580009 2.040580 -0.885111
 184.780009 2.002908 -0.936614
 184.980009 1.759854 -0.990747
 185.180009 1.855235 -0.959825
 185.380009 1.693782 -0.937688
 185.580009 2.295213 -1.139569
 185.780009 2.126614 -0.702098
 185.980009 1.606598 -0.993095
 186.180009 1.898973 -0.867410
 186.380009 2.229595 -0.929574
 186.580009 2.075769 -1.157869
 186.780009 2.227699 -0.608112
 186.980009 1.659815 -1.165339
 187.180009 1.693460 -0.845550
 187.380009 2.400184 -0.906819
 187.580009 1.953584 -1.062406
 187.780009 2.125599 -0.868741
 187.980009 1.719051 -0.902521
 188.180009 1.945321 -1.151390
 188.380009 2.376071 -0.589643
 188.580009 2.241219 -1.191449
 188.780009 1.882672 -0.690321
 188.980009 1.868698 -1.090184
 189.180009 1.969446 -0.827523
 189.380009 2.165804 -1.084921
 189.580009 1.800760 -0.782004
 189.780009 1.981058 -1.069766
 189.980009 1.820261 -0.719502
 190.180009 2.014689 -0.964577
 190.380009 2.011183 -0.756840
 190.580009 2.088729 -1.008791
 190.780009 1.698508 -0.749412
 190.980009 2.074164 -1.100153
 191.180009 1.903793 -0.728553
 191.380009 2.241831 -1.125226
 191.580009 1.821797 -0.842790
 191.780009 1.677566 -0.958530
 191.980009 1.740801 -0.700897
 192.180009 2.192556 -1.147093
 192.380009 2.021386 -0.607555
 192.580009 2.014254 -1.186387
 192.780009 1.626232 -0.768058
 192.980009 2.055422 -1.065110
 193.180009 1.862026 -0.744655
 193.380009 2.297705 -1.091605
 193.580009 1.700266 -0.820045
 193.780009 1.905657 -1.051562
 193.980009 1.883799 -0.695059
 194.180009 2.201224 -1.125095
 194.380009 1.779732 -0.525495
 194.580009 1.789021 -1.142020
 194.780009 1.913757 -0.592931
 194.980009 2.353734 -1.135083
 195.180009 1.807021 -0.734947
 195.380009 1.964479 -0.988773
 195.580009 1.654100 -0.809785
 195.780009 2.440123 -1.125490
 195.980009 1.976035 -0.731317
 196.180009 1.764252 -1.133516
 196.380009 1.823927 -0.585538
 196.580009 2.146773 -1.172076
 196.780009 2.289521 -0.844959
 196.980009 2.233451 -0.994151
 197.180009 1.441198 -0.885190
 197.380009 2.355468 -1.218474
 197.580009 2.346126 -0.381557
 197.780009 1.928149 -1.113829
 197.980009 1.665140 -0.801861
 198.180009 2.276086 -1.004422
 198.380009 2.315154 -0.783997
 198.580009 2.290844 -1.063369
 198.780009 1.647395 -0.865327
 198.980009 2.093008 -0.983682
 199.180009 2.294435 -0.801151
 199.380009 2.553435 -0.827725
 199.580009 1.997075 -0.917708
 199.780009 1.750322 -0.981488
 199.980009 1.823578 -0.800703
