#! FIELDS time phi psi
#! SET max_psi pi
 0.180000 -1.198707 -0.634639
 0.380000 -0.960466 -1.001092
 0.580000 -0.596414 -0.627630
 0.780000 -1.212323 -1.003985
 0.980000 -0.858047 -0.397391
 1.180000 -0.822698 -1.010255
 1.380000 -0.748585 -0.818240
 1.580000 -0.642669 -0.639946
 1.780000 -1.277178 -0.771035
 1.980000 -0.658052 -0.758689
 2.180000 -1.102074 -0.808406
 2.380000 -0.870201 -0.634633
 2.580000 -0.773820 -0.825471
 2.780000 -1.091673 -0.793754
 2.980000 -0.921993 -0.631207
 3.180000 -1.100370 -0.736356
 3.380000 -0.971509 -0.833794
 3.580000 -0.846692 -0.693317
 3.780000 -1.212352 -0.826394
 3.980000 -0.698236 -0.658928
 4.180000 -1.140352 -0.761159
 4.380000 -0.876289 -0.687943
 4.580000 -0.956893 -0.678230
 4.780000 -0.941794 -0.897942
 4.980000 -0.610904 -0.574833
 5.180000 -1.266539 -0.639254
 5.380000 -0.739750 -0.852735
 5.580000 -0.895882 -0.722158
 5.780000 -1.176340 -0.780957
 5.980000 -0.582434 -0.603695
 6.180000 -0.947960 -0.903774
 6.380000 -0.937118 -0.661716
 6.580000 -0.766080 -0.773991
 6.780000 -1.010404 -0.760590
 6.980000 -0.574263 -0.820905
 7.180000 -1.051868 -0.620331
 7.380000 -0.956826 -0.846831
 7.580000 -0.923701 -0.673822
 7.780000 -1.122009 -0.824693
 7.980000 -0.816685 -0.623940
 8.180000 -0.976645 -0.955534
 8.380000 -0.918254 -0.657707
 8.580000 -0.917572 -0.732288
 8.780000 -1.085575 -0.681827
 8.980000 -0.780706 -0.740848
 9.180000 -0.993232 -0.805472
 9.380000 -0.690696 -0.670262
 9.580000 -0.905931 -0.669747
 9.780000 -0.982422 -0.873016
 9.980000 -0.825054 -0.563578
 10.180000 -0.998044 -0.743158
 10.380000 -0.838161 -0.683961
 10.580001 -0.744595 -0.786363
 10.780001 -1.062839 -0.789947
 10.980001 -0.860601 -0.454243
 11.180001 -1.112037 -0.808802
 11.380001 -0.779559 -0.886085
 11.580001 -0.951282 -0.619016
 11.780001 -1.327192 -0.687006
 11.980001 -0.779556 -0.641953
 12.180001 -1.126847 -0.823224
 12.380001 -1.068066 -0.663597
 12.580001 -1.119270 -0.840049
 12.780001 -1.154176 -0.743557
 12.980001 -0.663981 -0.840602
 13.180001 -1.133347 -0.551274
 13.380001 -1.034516 -0.826144
 13.580001 -0.949338 -0.612656
 13.780001 -1.294982 -0.938362
 13.980001 -0.887319 -0.353637
 14.180001 -1.052153 -1.060656
 14.380001 -0.918103 -0.576705
 14.580001 -0.941591 -0.745311
 14.780001 -1.065515 -0.610107
 14.980001 -0.869174 -0.899514
 15.180001 -0.801501 -0.740936
 15.380001 -1.141448 -0.734418
 15.580001 -0.779702 -0.510728
 15.780001 -0.988443 -1.048410
 15.980001 -0.825793 -0.393520
 16.180001 -0.962088 -0.997209
 16.380001 -0.716946 -0.677816
 16.580001 -0.880910 -0.651365
 16.780001 -1.080817 -0.727755
 16.980001 -0.840244 -0.646546
 17.180001 -0.884365 -0.931706
 17.380001 -0.903507 -0.664230
 17.580001 -0.878994 -0.632412
 17.780001 -1.228270 -0.745203
 17.980001 -0.759354 -0.732678
 18.180001 -1.135260 -0.845275
 18.380001 -0.926862 -0.513569
 18.580001 -0.753798 -0.890187
 18.780001 -1.044961 -0.736555
 18.980001 -0.936400 -0.623595
 19.180001 -1.154800 -0.697670
 19.380001 -0.878318 -0.819720
 19.580001 -0.909803 -0.672332
 19.780001 -1.367938 -0.783061
 19.980001 -0.735527 -0.671490
 20.180001 -1.019040 -0.886389
 20.380001 -1.019385 -0.545491
 20.580001 -0.667003 -1.006965
 20.780001 -1.023915 -0.617810
 20.980001 -0.714982 -0.738085
 21.180001 -0.974192 -0.780954
 21.380001 -0.595149 -0.903460
 21.580001 -0.988758 -0.542254
 21.780001 -1.177244 -0.828534
 21.980001 -0.905554 -0.676647
 22.180001 -1.014378 -1.003614
 22.380001 -0.862090 -0.479763
 22.580001 -1.047646 -0.799841
 22.780001 -0.909621 -0.735390
 22.980001 -0.710362 -0.752024
 23.180001 -1.066923 -0.791438
 23.380001 -0.888307 -0.513291
 23.580001 -1.032884 -0.662541
 23.780001 -0.912204 -0.938433
 23.980001 -0.648846 -0.579559
 24.180001 -1.031547 -0.802198
 24.380001 -0.854648 -0.614410
 24.580001 -1.006202 -0.722829
 24.780001 -0.856693 -0.759576
 24.980001 -1.021528 -0.684398
 25.180001 -1.020830 -0.825755
 25.380001 -0.717597 -0.723535
 25.580001 -1.111129 -0.787291
 25.780001 -0.882384 -0.709662
 25.980001 -0.993525 -0.894072
 26.180001 -1.188103 -0.698103
 26.380001 -0.847680 -0.683928
 26.580001 -1.109788 -0.778753
 26.780001 -0.990304 -0.779865
 26.980001 -1.113292 -0.773429
 27.180001 -1.087677 -0.863730
 27.380001 -0.865597 -0.605172
 27.580001 -1.118025 -0.716039
 27.780001 -0.986700 -0.675530
 27.980001 -0.821298 -0.855420
 28.180001 -1.121081 -0.696658
 28.380001 -1.008162 -0.422841
 28.580001 -1.039426 -0.819177
 28.780001 -0.817218 -0.812548
 28.980001 -1.129342 -0.600643
 29.180001 -1.179357 -0.704803
 29.380001 -0.792042 -0.784233
 29.580001 -0.985910 -0.871509
 29.780001 -0.773447 -0.441917
 29.980001 -0.942877 -0.947875
 30.180001 -0.851671 -0.765404
 30.380001 -1.064875 -0.612459
 30.580001 -0.882455 -0.826100
 30.780001 -0.779063 -0.824162
 30.980001 -1.139033 -0.583040
 31.180001 -0.973102 -0.687586
 31.380001 -0.975028 -0.745522
 31.580001 -0.828452 -0.884241
 31.780002 -0.881882 -0.579189
 31.980002 -1.251724 -0.707367
 32.180002 -0.942601 -0.728698
 32.380002 -0.872174 -0.849018
 32.580002 -1.168634 -0.579563
 32.780002 -0.944245 -0.652900
 32.980002 -1.044731 -0.917346
 33.180002 -1.230877 -0.473602
 33.380002 -1.171934 -0.728783
 33.580002 -1.017210 -0.764793
 33.780002 -1.023423 -0.883437
 33.980002 -1.149404 -0.401833
 34.180002 -1.069146 -1.101686
 34.380002 -1.014155 -0.375156
 34.580002 -1.054384 -1.091077
 34.780002 -1.072762 -0.384430
 34.980002 -1.087212 -1.035201
 35.180002 -0.862772 -0.392433
 35.380002 -0.957139 -0.877197
 35.580002 -1.172397 -0.598157
 35.780002 -0.705403 -0.860492
 35.980002 -0.874308 -0.702325
 36.180002 -1.098935 -0.606636
 36.380002 -0.855418 -0.704762
 36.580002 -0.811363 -0.962106
 36.780002 -0.870682 -0.626918
 36.980002 -0.972567 -0.733387
 37.180002 -0.679780 -0.710849
 37.380002 -0.913457 -0.773798
 37.580002 -0.915413 -0.707251
 37.780002 -0.840837 -0.766821
 37.980002 -0.859702 -0.746428
 38.180002 -0.775602 -0.652069
 38.380002 -0.972929 -0.830329
 38.580002 -0.934801 -0.668435
 38.780002 -1.005466 -0.805457
 38.980002 -0.876031 -0.621276
 39.180002 -1.052330 -0.841689
 39.380002 -1.047721 -0.534389
 39.580002 -1.098497 -0.840009
 39.780002 -1.055100 -0.647125
 39.980002 -0.914087 -0.930954
 40.180002 -1.078652 -0.367899
 40.380002 -0.925841 -1.093636
 40.580002 -0.930282 -0.652750
 40.780002 -1.299105 -0.895050
 40.980002 -1.015124 -0.524759
 41.180002 -0.927542 -0.933314
 41.380002 -1.097578 -0.505353
 41.580002 -0.857756 -0.797767
 41.780002 -1.003740 -0.675409
 41.980002 -0.975477 -0.965041
 42.180002 -0.911407 -0.574236
 42.380002 -1.096050 -0.638949
 42.580002 -0.891637 -0.576454
 42.780002 -0.810188 -0.995049
 42.980002 -1.043483 -0.525501
 43.180002 -1.068894 -0.711679
 43.380002 -0.896874 -0.702182
 43.580002 -0.732294 -0.985050
 43.780002 -1.120485 -0.524425
 43.980002 -0.986717 -0.665540
 44.180002 -1.018337 -0.701469
 44.380002 -0.677021 -0.919536
 44.580002 -0.947059 -0.540754
 44.780002 -1.163183 -0.530801
 44.980002 -0.860845 -0.949092
 45.180002 -0.937277 -0.920315
 45.380002 -0.955079 -0.419349
 45.580002 -1.025155 -0.686368
 45.780002 -0.787722 -0.845714
 45.980002 -1.062731 -0.812832
 46.180002 -1.233828 -0.467361
 46.380002 -0.746809 -0.789184
 46.580002 -0.711595 -0.795235
 46.780002 -1.121014 -0.813713
 46.980002 -0.978746 -0.489841
 47.180002 -0.962404 -0.750151
 47.380002 -0.887323 -0.834168
 47.580002 -0.899538 -0.683131
 47.780002 -1.188624 -0.510161
 47.980002 -0.906180 -0.969583
 48.180002 -0.948786 -0.696892
 48.380002 -1.151223 -0.654308
 48.580002 -0.964565 -0.803167
 48.780002 -0.872016 -0.838116
 48.980002 -1.071267 -0.702588
 49.180002 -1.124882 -0.515660
 49.380002 -1.010332 -0.916703
 49.580002 -1.083586 -0.607521
 49.780002 -1.118703 -0.827214
 49.980002 -1.051648 -0.482929
 50.180002 -0.986852 -1.030467
 50.380002 -0.925358 -0.634476
 50.580002 -1.015785 -0.960762
 50.780002 -1.052978 -0.345805
 50.980002 -0.909943 -1.171211
 51.180002 -0.910667 -0.451187
 51.380002 -1.055500 -1.037454
 51.580002 -0.832210 -0.528781
 51.780002 -0.762419 -1.053321
 51.980002 -0.948224 -0.484519
 52.180002 -0.720019 -1.005269
 52.380002 -0.756396 -0.668905
 52.580002 -0.735125 -0.972270
 52.780003 -0.797803 -0.467348
 52.980003 -0.982898 -0.938580
 53.180003 -0.636190 -0.714143
 53.380003 -0.979629 -0.913944
 53.580003 -0.890772 -0.462181
 53.780003 -0.785714 -0.817923
 53.980003 -0.862412 -0.648099
 54.180003 -0.808733 -0.805691
 54.380003 -0.985864 -0.575313
 54.580003 -0.937555 -0.777672
 54.780003 -0.755095 -0.750578
 54.980003 -0.999577 -0.948897
 55.180003 -0.958258 -0.266159
 55.380003 -0.920703 -0.992891
 55.580003 -0.717369 -0.898047
 55.780003 -0.985739 -0.689646
 55.980003 -1.106626 -0.611718
 56.180003 -0.730986 -0.995172
 56.380003 -0.902975 -0.463622
 56.580003 -0.978609 -0.814243
 56.780003 -0.915458 -0.690012
 56.980003 -0.890857 -1.028056
 57.180003 -0.952788 -0.376232
 57.380003 -1.164605 -0.777200
 57.580003 -0.893300 -0.683392
 57.780003 -1.016220 -0.845981
 57.980003 -1.164199 -0.467392
 58.180003 -0.823464 -1.059073
 58.380003 -0.966108 -0.446327
 58.580003 -0.984919 -0.858404
 58.780003 -0.960266 -0.730284
 58.980003 -1.117104 -0.868618
 59.180003 -0.945712 -0.612224
 59.380003 -1.017777 -0.780438
 59.580003 -0.962577 -0.689746
 59.780003 -0.921674 -0.854479
 59.980003 -1.236615 -0.655424
 60.180003 -0.673111 -0.735234
 60.380003 -1.070038 -0.748922
 60.580003 -0.971838 -0.601570
 60.780003 -0.821500 -0.838520
 60.980003 -1.103106 -0.867662
 61.180003 -0.780609 -0.537427
 61.380003 -1.012796 -0.822714
 61.580003 -0.815964 -0.608775
 61.780003 -0.867756 -0.850121
 61.980003 -0.839296 -0.997472
 62.180003 -0.916877 -0.415278
 62.380003 -1.073880 -0.866533
 62.580003 -0.736181 -0.730043
 62.780003 -1.025973 -0.763811
 62.980003 -0.845072 -0.787620
 63.180003 -0.562359 -0.808983
 63.380003 -0.976153 -0.777757
 63.580003 -0.680079 -0.628264
 63.780003 -0.799636 -0.842499
 63.980003 -0.989063 -0.787362
 64.180003 -0.460012 -0.594863
 64.380003 -1.156008 -0.992687
 64.580003 -0.661550 -0.552886
 64.780003 -0.945320 -0.911476
 64.980003 -1.166167 -0.702276
 65.180003 -0.807607 -0.649017
 65.380003 -1.141856 -0.797824
 65.580003 -0.387932 -0.855038
 65.780003 -1.061355 -0.629851
 65.980003 -1.146163 -0.768504
 66.180003 -0.650649 -0.648106
 66.380003 -1.292104 -0.864904
 66.580003 -0.972280 -0.613459
 66.780003 -0.989175 -0.929182
 66.980003 -0.996503 -0.674512
 67.180003 -0.889753 -0.683632
 67.380003 -1.241268 -0.532254
 67.580003 -0.747354 -0.899201
 67.780003 -1.097573 -0.574443
 67.980003 -1.122129 -0.960447
 68.180003 -0.932407 -0.411653
 68.380003 -1.046464 -0.915139
 68.580003 -1.024069 -0.651272
 68.780003 -0.989157 -0.692526
 68.980003 -0.917797 -0.747242
 69.180003 -0.936817 -0.781712
 69.380003 -1.061412 -0.496219
 69.580003 -0.921750 -0.882617
 69.780003 -0.669897 -0.818314
 69.980003 -1.088989 -0.712002
 70.180003 -0.891655 -0.632963
 70.380003 -0.811470 -0.831515
 70.580003 -1.124732 -0.683765
 70.780003 -0.780243 -0.842243
 70.980003 -0.995409 -0.610170
 71.180003 -0.975447 -0.730000
 71.380003 -0.854192 -0.684222
 71.580003 -1.271416 -0.826344
 71.780003 -0.995241 -0.561177
 71.980003 -0.927506 -0.903236
 72.180003 -0.997128 -0.560384
 72.380003 -0.975138 -0.736443
 72.580003 -1.210248 -0.649540
 72.780003 -0.872050 -0.827623
 72.980003 -1.099744 -0.624755
 73.180003 -0.843385 -0.828620
 73.380003 -1.192807 -0.424342
 73.580003 -1.162864 -0.774287
 73.780004 -0.773917 -0.827111
 73.980004 -1.100042 -0.738529
 74.180004 -0.989930 -0.611591
 74.380004 -1.086704 -0.616744
 74.580004 -1.018820 -0.863216
 74.780004 -0.866856 -0.638148
 74.980004 -1.130228 -0.763506
 75.180004 -0.783614 -0.630489
 75.380004 -0.913002 -0.914231
 75.580004 -0.909069 -0.714707
 75.780004 -0.828665 -0.665045
 75.980004 -1.070148 -0.678920
 76.180004 -0.524289 -0.939959
 76.380004 -0.840621 -0.583043
 76.580004 -1.046225 -0.793425
 76.780004 -0.566325 -0.752724
 76.980004 -1.123854 -0.856611
 77.180004 -0.612756 -0.567807
 77.380004 -0.835115 -0.854155
 77.580004 -0.786492 -0.673403
 77.780004 -0.674842 -0.883336
 77.980004 -1.069204 -0.535061
 78.180004 -0.797110 -0.780022
 78.380004 -0.869316 -0.702119
 78.580004 -1.064498 -0.830494
 78.780004 -1.000108 -0.574234
 78.980004 -1.070828 -0.901086
 79.180004 -0.906081 -0.592941
 79.380004 -0.925850 -0.924212
 79.580004 -1.002813 -0.542025
 79.780004 -0.951542 -0.727208
 79.980004 -1.036915 -0.657760
 80.180004 -0.906531 -0.658282
 80.380004 -1.165455 -0.743000
 80.580004 -0.948816 -0.859376
 80.780004 -1.071758 -0.709828
 80.980004 -1.084052 -0.644511
 81.180004 -0.873209 -0.761161
 81.380004 -1.088249 -0.852102
 81.580004 -0.852048 -0.635025
 81.780004 -1.063539 -0.844130
 81.980004 -0.969950 -0.712296
 82.180004 -0.791445 -0.698399
 82.380004 -1.041732 -0.826638
 82.580004 -0.765049 -0.714567
 82.780004 -1.092721 -0.828089
 82.980004 -0.920839 -0.671356
 83.180004 -0.738528 -0.719471
 83.380004 -1.074128 -0.889943
 83.580004 -0.628746 -0.682090
 83.780004 -0.947311 -0.931023
 83.980004 -0.777317 -0.602955
 84.180004 -0.759703 -0.743196
 84.380004 -1.008878 -0.798553
 84.580004 -0.687528 -0.734653
 84.780004 -1.053262 -0.951310
 84.980004 -0.829432 -0.422621
 85.180004 -0.848263 -0.937240
 85.380004 -0.786560 -0.755283
 85.580004 -0.873388 -0.799723
 85.780004 -1.189678 -0.598442
 85.980004 -0.557116 -0.766200
 86.180004 -0.924740 -0.845324
 86.380004 -0.918747 -0.810266
 86.580004 -0.982276 -0.426295
 86.780004 -1.214042 -1.056503
 86.980004 -0.642343 -0.578857
 87.180004 -1.126166 -0.981028
 87.380004 -1.080396 -0.590560
 87.580004 -0.580533 -0.916909
 87.780004 -1.082074 -0.524045
 87.980004 -0.724333 -0.901329
 88.180004 -0.935185 -0.564668
 88.380004 -1.205706 -1.011580
 88.580004 -1.031132 -0.452841
 88.780004 -1.047970 -0.930593
 88.980004 -0.985942 -0.599827
 89.180004 -1.099521 -0.842945
 89.380004 -1.138160 -0.587334
 89.580004 -0.904939 -0.870316
 89.780004 -1.133106 -0.511997
 89.980004 -0.985132 -0.877639
 90.180004 -0.801233 -0.819017
 90.380004 -1.210227 -0.653370
 90.580004 -0.922213 -0.625754
 90.780004 -0.938117 -0.963110
 90.980004 -0.912201 -0.470902
 91.180004 -0.947410 -0.777789
 91.380004 -1.008545 -0.734263
 91.580004 -0.834525 -0.713640
 91.780004 -1.148895 -0.561192
 91.980004 -0.656225 -0.854146
 92.180004 -0.805045 -0.739942
 92.380004 -1.308072 -0.729856
 92.580004 -0.703974 -0.619778
 92.780004 -0.885200 -0.959284
 92.980004 -0.893651 -0.528688
 93.180004 -0.860783 -0.797408
 93.380004 -1.046137 -0.706484
 93.580004 -0.507343 -0.936129
 93.780004 -1.033313 -0.630018
 93.980004 -0.964712 -0.739015
 94.180004 -1.048540 -0.720336
 94.380004 -1.351173 -0.809222
 94.580004 -0.761736 -0.680679
 94.780005 -1.065609 -0.775497
 94.980005 -0.960653 -0.688662
 95.180005 -0.976052 -0.668949
 95.380005 -0.956839 -0.853658
 95.580005 -0.972326 -0.515873
 95.780005 -1.020341 -0.722638
 95.980005 -0.940251 -0.718130
 96.180005 -0.843516 -0.826870
 96.380005 -0.946466 -0.801427
 96.580005 -0.839898 -0.762940
 96.780005 -0.920013 -0.678031
 96.980005 -0.958184 -0.691417
 97.180005 -0.705372 -0.811702
 97.380005 -0.832621 -0.834188
 97.580005 -0.754050 -0.565700
 97.780005 -1.050499 -0.838373
 97.980005 -0.833522 -0.706703
 98.180005 -0.556443 -0.837921
 98.380005 -1.006080 -0.768319
 98.580005 -0.634934 -0.688398
 98.780005 -0.922814 -0.800805
 98.980005 -0.967678 -0.653298
 99.180005 -0.795198 -0.742119
 99.380005 -0.990600 -0.883945
 99.580005 -0.684098 -0.620292
 99.780005 -1.055887 -0.783937
 99.980005 -1.049429 -0.751432
 100.180005 -0.953617 -0.609465
 100.380005 -0.972696 -0.828287
 100.580005 -0.667968 -0.637547
 100.780005 -1.070111 -0.844258
 100.980005 -0.909522 -0.609303
 101.180005 -0.883377 -0.864821
 101.380005 -1.102317 -0.668744
 101.580005 -0.790569 -0.789929
 101.780005 -1.196253 -0.593776
 101.980005 -0.870572 -0.809231
 102.180005 -0.875989 -0.687846
 102.380005 -1.064469 -0.886772
 102.580005 -0.908176 -0.477338
 102.780005 -1.141984 -0.860663
 102.980005 -0.738468 -0.738096
 103.180005 -0.886770 -0.919814
 103.380005 -1.135917 -0.405879
 103.580005 -0.912160 -0.773388
 103.780005 -0.997806 -0.843346
 103.980005 -0.811738 -0.678854
 104.180005 -0.979239 -0.688524
 104.380005 -0.956864 -0.833601
 104.580005 -0.978230 -0.517783
 104.780005 -1.079730 -0.915098
 104.980005 -0.891698 -0.683665
 105.180005 -0.899876 -0.831346
 105.380005 -1.016699 -0.777725
 105.580005 -1.004154 -0.492272
 105.780005 -0.840449 -0.904966
 105.980005 -0.874390 -0.590119
 106.180005 -1.049285 -0.693728
 106.380005 -0.990481 -0.669389
 106.580005 -0.756652 -0.725033
 106.780005 -0.950034 -0.828730
 106.980005 -0.902471 -0.663786
 107.180005 -1.085168 -0.755131
 107.380005 -0.916203 -0.562262
 107.580005 -0.861149 -0.884814
 107.780005 -1.035022 -0.660377
 107.980005 -0.854163 -0.897012
 108.180005 -1.116888 -0.541536
 108.380005 -1.052072 -0.918385
 108.580005 -1.035824 -0.496150
 108.780005 -1.154608 -0.858210
 108.980005 -0.804208 -0.711369
 109.180005 -1.262975 -0.946617
 109.380005 -0.969393 -0.532839
 109.580005 -0.972095 -0.751865
 109.780005 -0.918930 -0.731021
 109.980005 -0.806954 -0.840513
 110.180005 -1.110671 -0.553256
 110.380005 -0.802131 -0.728087
 110.580005 -0.800175 -0.732672
 110.780005 -0.971804 -0.773739
 110.980005 -0.800200 -0.674909
 111.180005 -1.117689 -0.723953
 111.380005 -0.826362 -0.672915
 111.580005 -0.891340 -0.606089
 111.780005 -0.896232 -0.860754
 111.980005 -0.815764 -0.754227
 112.180005 -0.846988 -0.808450
 112.380005 -0.879866 -0.697001
 112.580005 -0.898993 -0.632345
 112.780005 -1.010243 -0.830158
 112.980005 -0.872964 -0.665301
 113.180005 -0.991341 -0.766881
 113.380005 -0.927401 -0.714597
 113.580005 -1.004374 -0.768991
 113.780005 -0.997373 -0.549566
 113.980005 -0.897054 -0.904967
 114.180005 -1.013387 -0.616791
 114.380005 -0.880684 -1.038655
 114.580005 -1.054680 -0.441939
 114.780005 -1.038309 -0.789855
 114.980005 -1.064555 -0.677699
 115.180005 -1.035756 -0.860908
 115.380005 -1.015898 -0.577865
 115.580005 -0.957308 -0.759049
 115.780005 -0.991665 -0.615167
 115.980006 -0.915863 -0.983242
 116.180006 -1.048377 -0.505062
 116.380006 -1.089464 -0.593306
 116.580006 -0.881003 -0.700240
 116.780006 -0.836621 -0.826745
 116.980006 -1.143653 -0.621178
 117.180006 -1.117551 -0.598948
 117.380006 -0.985253 -0.831960
 117.580006 -0.834636 -0.749391
 117.780006 -1.107018 -0.511523
 117.980006 -0.789577 -0.902119
 118.180006 -0.781075 -0.958789
 118.380006 -1.141205 -0.577779
 118.580006 -1.041002 -0.666070
 118.780006 -0.759682 -0.904664
 118.980006 -0.807899 -0.696511
 119.180006 -1.263192 -0.461940
 119.380006 -0.926926 -0.812628
 119.580006 -0.687704 -0.926631
 119.780006 -1.011086 -0.534936
 119.980006 -0.951012 -0.629422
 120.180006 -0.897668 -0.873823
 120.380006 -0.907621 -0.891554
 120.580006 -0.924772 -0.641420
 120.780006 -1.150961 -0.595507
 120.980006 -0.959655 -0.733253
 121.180006 -0.928079 -0.775526
 121.380006 -0.903453 -0.685505
 121.580006 -1.085347 -0.754560
 121.780006 -1.087914 -0.720263
 121.980006 -0.921722 -0.702595
 122.180006 -0.974561 -0.780511
 122.380006 -1.063573 -0.507217
 122.580006 -0.752388 -0.923012
 122.780006 -0.845315 -0.813675
 122.980006 -1.014060 -0.652853
 123.180006 -0.992775 -0.489988
 123.380006 -0.837115 -0.903795
 123.580006 -0.649522 -0.729847
 123.780006 -1.042011 -0.682874
 123.980006 -0.875174 -0.593164
 124.180006 -0.730361 -0.989578
 124.380006 -1.087943 -0.490658
 124.580006 -0.736754 -0.776620
 124.780006 -0.771338 -0.695322
 124.980006 -0.847994 -0.742530
 125.180006 -0.917409 -0.713165
 125.380006 -0.896359 -0.892005
 125.580006 -0.958998 -0.391535
 125.780006 -1.075775 -0.885261
 125.980006 -0.707522 -0.784508
 126.180006 -0.990512 -0.895699
 126.380006 -0.995594 -0.502337
 126.580006 -0.926851 -0.815732
 126.780006 -1.050434 -0.638088
 126.980006 -0.917255 -0.834001
 127.180006 -1.097456 -0.518655
 127.380006 -0.897914 -0.867931
 127.580006 -1.059151 -0.638404
 127.780006 -1.024403 -0.835767
 127.980006 -0.829336 -0.633881
 128.180006 -0.941310 -0.907345
 128.380006 -1.001860 -0.575555
 128.580006 -1.044659 -0.685484
 128.780006 -0.957963 -0.697058
 128.980006 -0.848980 -0.810773
 129.180006 -0.960571 -0.700392
 129.380006 -0.852971 -0.707934
 129.580006 -0.893629 -0.766072
 129.780006 -0.829004 -0.800887
 129.980006 -0.785688 -0.600677
 130.180006 -0.927576 -0.769910
 130.380006 -0.884437 -0.709597
 130.580006 -0.808597 -0.862048
 130.780006 -0.799544 -0.622512
 130.980006 -0.979015 -0.875312
 131.180006 -0.814948 -0.691167
 131.380006 -0.740314 -0.904153
 131.580006 -0.767446 -0.569974
 131.780006 -0.926587 -0.743111
 131.980006 -0.830983 -0.727134
 132.180006 -0.865259 -0.876511
 132.380006 -0.797017 -0.643072
 132.580006 -0.782393 -0.798859
 132.780006 -1.077880 -0.662243
 132.980006 -0.912473 -0.780475
 133.180006 -1.004570 -0.617959
 133.380006 -0.967768 -0.870051
 133.580006 -0.933694 -0.528088
 133.780006 -1.065349 -0.864204
 133.980006 -0.924831 -0.705042
 134.180006 -0.988885 -0.929086
 134.380006 -1.095035 -0.478588
 134.580006 -0.904710 -0.875767
 134.780006 -0.995069 -0.645344
 134.980006 -0.972564 -0.685553
 135.180006 -0.925586 -0.760475
 135.380006 -0.821353 -0.865612
 135.580006 -1.023117 -0.449023
 135.780006 -1.064970 -0.843071
 135.980006 -0.692385 -0.750076
 136.180006 -1.049412 -0.582515
 136.380006 -0.911263 -0.744041
 136.580006 -0.857217 -0.586182
 136.780006 -1.043166 -0.763257
 136.980007 -0.774766 -0.705411
 137.180007 -0.885064 -0.903311
 137.380007 -0.939001 -0.648224
 137.580007 -0.832696 -0.706645
 137.780007 -0.832878 -0.873429
 137.980007 -0.763487 -0.636374
 138.180007 -0.971433 -0.780593
 138.380007 -0.714949 -0.802632
 138.580007 -0.815269 -0.684644
 138.780007 -1.026706 -0.887207
 138.980007 -0.889428 -0.649807
 139.180007 -1.149651 -0.800781
 139.380007 -0.672621 -0.735794
 139.580007 -0.851141 -0.908306
 139.780007 -1.045550 -0.562884
 139.980007 -0.883249 -0.756152
 140.180007 -1.042332 -0.720355
 140.380007 -0.986070 -0.808587
 140.580007 -0.996529 -0.460357
 140.780007 -1.172349 -0.903105
 140.980007 -0.841534 -0.620217
 141.180007 -1.065934 -0.888514
 141.380007 -1.067256 -0.374227
 141.580007 -0.878858 -1.111892
 141.780007 -0.956614 -0.600179
 141.980007 -0.960148 -0.848404
 142.180007 -0.988272 -0.530289
 142.380007 -0.944178 -1.032531
 142.580007 -0.937131 -0.484977
 142.780007 -1.056318 -0.886983
 142.980007 -0.773847 -0.567179
 143.180007 -0.735728 -1.046399
 143.380007 -1.006895 -0.454644
 143.580007 -0.828048 -0.867442
 143.780007 -0.786641 -0.610544
 143.980007 -0.834182 -0.912850
 144.180007 -0.889648 -0.546114
 144.380007 -0.892204 -0.936221
 144.580007 -0.732954 -0.590658
 144.780007 -1.019542 -0.829500
 144.980007 -0.911445 -0.550335
 145.180007 -0.866311 -0.819482
 145.380007 -0.750686 -0.764286
 145.580007 -0.858361 -0.857182
 145.780007 -0.837160 -0.427161
 145.980007 -0.931605 -0.963569
 146.180007 -0.930846 -0.609336
 146.380007 -1.327135 -0.809789
 146.580007 -0.964708 -0.607575
 146.780007 -0.742999 -1.024233
 146.980007 -1.183708 -0.385655
 147.180007 -0.879160 -0.784989
 147.380007 -1.091368 -0.821961
 147.580007 -1.068595 -0.684623
 147.780007 -0.899914 -0.634252
 147.980007 -0.870518 -0.909001
 148.180007 -0.831178 -0.695789
 148.380007 -1.172743 -0.668958
 148.580007 -0.703545 -0.773476
 148.780007 -0.861210 -0.934678
 148.980007 -0.961278 -0.481905
 149.180007 -0.968123 -0.659050
 149.380007 -0.858390 -0.964401
 149.580007 -0.610662 -0.860653
 149.780007 -1.073399 -0.736872
 149.980007 -0.940161 -0.541876
 150.180007 -0.883165 -0.829572
 150.380007 -0.899179 -0.890564
 150.580007 -0.970637 -0.672797
 150.780007 -1.038135 -0.680710
 150.980007 -0.873262 -0.773392
 151.180007 -1.041635 -0.760492
 151.380007 -1.134906 -0.651462
 151.580007 -1.042171 -0.626456
 151.780007 -1.198894 -0.787899
 151.980007 -0.849903 -0.526389
 152.180007 -1.006010 -0.960573
 152.380007 -0.972591 -0.564441
 152.580007 -0.959241 -0.853139
 152.780007 -1.080351 -0.650058
 152.980007 -0.763413 -0.752144
 153.180007 -0.999436 -0.688632
 153.380007 -0.757460 -0.955170
 153.580007 -0.999497 -0.558137
 153.780007 -1.055054 -0.935493
 153.980007 -0.928862 -0.484497
 154.180007 -1.005723 -0.978862
 154.380007 -0.788675 -0.656187
 154.580007 -1.109674 -0.755761
 154.780007 -0.838496 -0.641841
 154.980007 -0.766926 -0.971231
 155.180007 -1.082508 -0.302669
 155.380007 -0.758149 -0.939431
 155.580007 -0.961777 -0.593473
 155.780007 -0.948489 -0.911798
 155.980007 -0.822240 -0.432643
 156.180007 -0.877068 -1.071401
 156.380007 -0.726752 -0.675931
 156.580007 -0.987497 -0.809079
 156.780007 -0.835430 -0.660440
 156.980007 -0.772643 -0.833899
 157.180007 -1.030213 -0.672890
 157.380007 -0.483943 -0.945234
 157.580007 -0.812148 -0.724403
 157.780007 -1.127173 -0.878193
 157.980008 -0.761142 -0.524468
 158.180008 -1.062986 -1.058618
 158.380008 -0.750567 -0.612251
 158.580008 -0.883886 -0.814102
 158.780008 -1.076255 -0.671396
 158.980008 -0.789663 -0.895925
 159.180008 -1.072133 -0.598157
 159.380008 -1.096422 -0.665681
 159.580008 -0.777180 -0.648248
 159.780008 -0.915718 -1.010687
 159.980008 -0.899749 -0.419370
 160.180008 -1.214023 -0.885365
 160.380008 -0.780820 -0.710327
 160.580008 -0.814694 -0.876170
 160.780008 -0.899053 -0.656396
 160.980008 -0.826864 -0.731718
 161.180008 -1.010511 -0.696082
 161.380008 -0.720045 -0.834176
 161.580008 -0.745861 -0.758272
 161.780008 -0.993850 -0.821899
 161.980008 -0.797987 -0.660062
 162.180008 -1.133951 -0.637588
 162.380008 -0.857314 -0.665067
 162.580008 -0.743627 -0.794958
 162.780008 -0.728665 -0.970586
 162.980008 -0.900406 -0.476568
 163.180008 -1.276524 -0.747152
 163.380008 -0.605803 -0.824543
 163.580008 -0.940976 -0.737957
 163.780008 -0.910982 -0.612341
 163.980008 -0.921062 -0.604577
 164.180008 -0.955085 -0.899478
 164.380008 -0.898675 -0.674838
 164.580008 -1.093242 -0.733762
 164.780008 -0.972802 -0.585214
 164.980008 -0.851090 -0.845377
 165.180008 -0.991724 -0.949154
 165.380008 -1.078077 -0.534599
 165.580008 -1.102724 -0.618792
 165.780008 -0.867219 -0.836466
 165.980008 -0.928984 -0.749778
 166.180008 -1.118580 -0.686221
 166.380008 -0.872654 -0.712660
 166.580008 -1.003632 -0.919337
 166.780008 -0.935830 -0.599573
 166.980008 -1.028434 -0.598141
 167.180008 -1.133393 -0.746270
 167.380008 -0.810288 -0.834362
 167.580008 -1.117606 -0.693671
 167.780008 -1.077861 -0.591010
 167.980008 -0.861999 -0.741423
 168.180008 -0.968072 -0.952569
 168.380008 -0.951807 -0.606262
 168.580008 -1.019584 -0.823527
 168.780008 -0.837519 -0.742659
 168.980008 -0.850417 -0.693792
 169.180008 -0.987974 -0.827473
 169.380008 -0.872373 -0.619622
 169.580008 -1.050894 -0.709711
 169.780008 -0.787303 -0.671475
 169.980008 -0.881995 -0.794683
 170.180008 -0.999475 -0.767944
 170.380008 -0.695192 -0.871032
 170.580008 -0.970157 -0.573819
 170.780008 -0.940669 -0.646144
 170.980008 -0.840309 -0.774248
 171.180008 -1.046590 -0.884194
 171.380008 -1.044156 -0.517287
 171.580008 -1.191831 -0.709410
 171.780008 -0.875000 -0.630487
 171.980008 -0.818428 -0.940468
 172.180008 -1.282997 -0.584763
 172.380008 -0.826011 -0.692612
 172.580008 -1.043651 -0.900108
 172.780008 -0.863187 -0.645608
 172.980008 -1.064033 -0.615746
 173.180008 -1.133632 -0.814296
 173.380008 -0.742723 -0.751710
 173.580008 -1.168685 -0.739207
 173.780008 -0.830278 -0.574278
 173.980008 -0.868615 -0.862319
 174.180008 -1.092069 -0.720645
 174.380008 -0.801063 -0.657337
 174.580008 -1.017944 -0.869849
 174.780008 -0.820202 -0.754923
 174.980008 -1.133588 -0.662952
 175.180008 -1.001825 -0.770802
 175.380008 -0.864090 -0.726803
 175.580008 -0.973622 -0.791926
 175.780008 -0.721912 -0.720936
 175.980008 -0.998381 -0.731603
 176.180008 -0.988015 -0.695134
 176.380008 -0.757147 -0.678713
 176.580008 -1.157810 -0.791353
 176.780008 -0.751322 -0.626523
 176.980008 -0.968076 -0.916891
 177.180008 -1.045263 -0.546312
 177.380008 -0.894394 -0.713908
 177.580008 -0.999242 -0.868698
 177.780008 -0.957942 -0.505816
 177.980008 -0.998186 -0.785060
 178.180008 -0.832263 -0.811672
 178.380008 -1.050134 -0.642107
 178.580008 -1.149299 -0.595619
 178.780008 -0.822905 -0.701672
 178.980009 -0.910192 -0.790274
 179.180009 -0.978057 -0.788329
 179.380009 -0.978388 -0.628841
 179.580009 -1.130800 -0.740148
 179.780009 -0.784483 -0.781081
 179.980009 -0.973425 -0.870288
 180.180009 -0.917415 -0.660644
 180.380009 -1.131401 -0.700070
 180.580009 -0.802648 -0.830317
 180.780009 -0.785032 -0.770170
 180.980009 -1.100744 -0.621879
 181.180009 -0.923125 -0.730370
 181.380009 -0.979671 -0.800783
 181.580009 -1.074539 -0.663789
 181.780009 -1.063769 -0.459995
 181.980009 -0.906444 -0.909560
 182.180009 -0.930244 -0.847907
 182.380009 -1.178089 -0.395547
 182.580009 -1.025690 -0.886669
 182.780009 -0.771280 -0.771620
 182.980009 -1.108123 -0.589719
 183.180009 -1.058373 -0.675910
 183.380009 -0.947617 -0.740018
 183.580009 -1.071614 -0.764655
 183.780009 -0.855514 -0.608618
 183.980009 -1.183741 -0.776639
 184.180009 -0.733798 -0.848986
 184.380009 -0.941842 -0.627758
 184.580009 -0.914066 -0.861016
 184.780009 -0.847729 -0.557331
 184.980009 -0.930852 -0.855982
 185.180009 -0.682860 -0.795876
 185.380009 -1.016094 -0.554774
 185.580009 -0.889698 -0.964673
 185.780009 -0.618300 -0.700638
 185.980009 -1.093040 -0.634960
 186.180009 -0.742825 -0.854588
 186.380009 -0.836403 -0.726322
 186.580009 -0.881671 -0.794061
 186.780009 -0.609679 -0.645965
 186.980009 -0.991095 -0.905563
 187.180009 -0.714082 -0.564251
 187.380009 -0.910617 -0.705195
 187.580009 -0.706099 -0.797283
 187.780009 -0.833816 -0.759256
 187.980009 -1.001248 -0.674363
 188.180009 -0.761368 -0.600670
 188.380009 -0.991192 -0.802259
 188.580009 -0.741993 -0.738219
 188.780009 -0.937295 -0.602255
 188.980009 -1.050613 -0.754752
 189.180009 -0.821015 -0.635489
 189.380009 -1.200576 -0.878868
 189.580009 -0.843512 -0.576453
 189.780009 -1.059841 -0.821250
 189.980009 -0.901225 -0.619525
 190.180009 -0.921605 -0.845798
 190.380009 -1.043119 -0.622199
 190.580009 -0.812593 -0.738185
 190.780009 -0.969126 -0.667677
 190.980009 -1.062157 -0.945623
 191.180009 -0.936221 -0.456927
 191.380009 -1.153584 -0.958919
 191.580009 -0.811168 -0.678918
 191.780009 -1.072781 -0.699552
 191.980009 -0.954351 -0.664089
 192.180009 -0.731147 -0.893415
 192.380009 -0.856038 -0.609950
 192.580009 -1.043323 -0.712798
 192.780009 -0.771641 -0.674500
 192.980009 -0.909650 -1.030673
 193.180009 -1.047814 -0.213887
 193.380009 -0.947915 -0.951584
 193.580009 -0.822581 -0.675566
 193.780009 -1.050471 -0.669775
 193.980009 -1.047427 -0.558414
 194.180009 -0.644092 -1.078105
 194.380009 -0.841160 -0.581811
 194.580009 -1.071737 -0.728643
 194.780009 -1.023898 -0.488879
 194.980009 -1.076624 -1.034950
 195.180009 -0.965440 -0.616996
 195.380009 -1.031723 -0.868390
 195.580009 -1.092047 -0.478690
 195.780009 -0.806204 -0.909130
 195.980009 -1.113307 -0.595371
 196.180009 -0.865902 -0.917762
 196.380009 -0.865971 -0.639305
 196.580009 -0.954258 -0.922529
 196.780009 -1.191423 -0.414218
 196.980009 -0.912637 -1.001563
 197.180009 -0.654816 -0.528335
 197.380009 -1.241376 -0.882467
 197.580009 -0.787517 -0.658332
 197.780009 -0.773922 -0.896937
 197.980009 -1.084285 -0.676452
 198.180009 -0.569854 -0.601190
 198.380009 -0.930057 -0.745971
 198.580009 -0.876360 -0.923490
 198.780009 -0.885282 -0.449957
 198.980009 -1.198793 -1.010908
 199.180009 -0.488372 -0.871082
 199.380009 -1.068106 -0.696349
 199.580009 -1.008571 -0.661655
 199.780009 -0.706472 -0.704200
 199.980009 -1.116651 -0.916306
