#! FIELDS time phi psi
#! SET max_psi pi
 0.180000 -1.909632 0.511582
 0.380000 -2.077033 -0.323777
 0.580000 -1.655577 0.257148
 0.780000 -2.120636 -0.055712
 0.980000 -1.884355 -0.005466
 1.180000 -1.996677 0.173950
 1.380000 -1.836942 -0.003823
 1.580000 -1.790497 0.025784
 1.780000 -2.077860 0.225162
 1.980000 -1.725034 -0.104807
 2.180000 -1.894559 0.089936
 2.380000 -1.858129 0.099077
 2.580000 -1.805312 -0.206121
 2.780000 -2.052309 0.506216
 2.980000 -1.560560 -0.355622
 3.180000 -2.109678 0.629425
 3.380000 -1.799148 -0.345721
 3.580000 -2.179431 0.200987
 3.780000 -1.904088 -0.034753
 3.980000 -1.951081 0.041917
 4.180000 -1.991598 0.098078
 4.380000 -1.975634 0.079674
 4.580000 -1.879263 -0.121063
 4.780000 -1.908390 0.503327
 4.980000 -1.759428 -0.353418
 5.180000 -1.905713 0.344111
 5.380000 -1.613753 0.016145
 5.580000 -2.079725 0.000334
 5.780000 -1.629572 0.222433
 5.980000 -1.891304 0.050224
 6.180000 -2.008419 -0.017146
 6.380000 -1.890433 0.408156
 6.580000 -1.749369 -0.491054
 6.780000 -1.913897 0.731211
 6.980000 -1.494158 -0.258963
 7.180000 -2.107363 0.154614
 7.380000 -1.417127 0.044261
 7.580000 -2.175736 0.045451
 7.780000 -1.964695 -0.042198
 7.980000 -1.715639 0.210160
 8.180000 -2.400106 -0.236437
 8.380000 -1.736927 0.207280
 8.580000 -1.658338 0.268375
 8.780000 -2.204187 -0.355705
 8.980000 -1.723634 0.177264
 9.180000 -2.005456 -0.011504
 9.380000 -2.128630 -0.078719
 9.580000 -1.521312 0.212607
 9.780000 -2.128494 0.075743
 9.980000 -1.818729 -0.072077
 10.180000 -1.719414 0.492195
 10.380000 -1.830347 -0.239977
 10.580001 -2.015807 0.255180
 10.780001 -1.863085 0.009214
 10.980001 -1.996757 0.092892
 11.180001 -1.727934 0.122758
 11.380001 -2.028031 0.145192
 11.580001 -1.818099 -0.073394
 11.780001 -1.680139 0.486304
 11.980001 -1.945300 -0.357908
 12.180001 -1.829423 0.278985
 12.380001 -1.752573 0.094761
 12.580001 -2.036885 -0.040093
 12.780001 -1.625088 0.205055
 12.980001 -1.836838 0.030506
 13.180001 -1.795569 0.161324
 13.380001 -1.783243 0.153660
 13.580001 -1.928285 -0.033248
 13.780001 -1.879782 0.243251
 13.980001 -1.893654 -0.033943
 14.180001 -1.941521 0.047281
 14.380001 -1.874790 0.093739
 14.580001 -2.060132 -0.145239
 14.780001 -1.739258 0.170614
 14.980001 -1.952264 0.055371
 15.180001 -1.931279 0.036727
 15.380001 -1.741302 0.119352
 15.580001 -2.075176 0.080545
 15.780001 -1.652395 0.036717
 15.980001 -2.048041 0.092333
 16.180001 -1.845380 -0.244526
 16.380001 -1.731820 0.302026
 16.580001 -1.863805 -0.058529
 16.780001 -1.867653 0.133574
 16.980001 -1.734952 -0.056157
 17.180001 -2.061130 0.179120
 17.380001 -1.623260 0.099448
 17.580001 -2.037974 0.142049
 17.780001 -1.730416 -0.275254
 17.980001 -1.929189 0.390461
 18.180001 -1.839019 -0.119079
 18.380001 -1.897553 0.261183
 18.580001 -1.933821 -0.231369
 18.780001 -1.896300 0.264748
 18.980001 -1.700662 -0.147949
 19.180001 -2.077649 0.308207
 19.380001 -1.450978 -0.273060
 19.580001 -2.176788 0.648154
 19.780001 -1.560859 -0.473330
 19.980001 -2.113858 0.516586
 20.180001 -1.857575 -0.480306
 20.380001 -1.822566 0.300529
 20.580001 -1.953681 -0.025847
 20.780001 -1.962543 0.101461
 20.980001 -1.747044 -0.003812
 21.180001 -1.758580 0.190630
 21.380001 -1.860037 -0.215834
 21.580001 -1.879493 0.321639
 21.780001 -1.697599 -0.254427
 21.980001 -2.078549 0.382002
 22.180001 -1.590116 -0.221049
 22.380001 -2.098798 0.294980
 22.580001 -1.799831 0.031949
 22.780001 -1.896646 0.220936
 22.980001 -1.998252 -0.043957
 23.180001 -1.736604 0.118054
 23.380001 -1.973907 0.080560
 23.580001 -1.674620 0.148650
 23.780001 -1.794516 -0.001971
 23.980001 -2.028762 0.270042
 24.180001 -1.681904 -0.057908
 24.380001 -2.084808 0.167823
 24.580001 -1.742896 -0.064604
 24.780001 -1.848940 0.175193
 24.980001 -1.840058 -0.039483
 25.180001 -1.747355 0.072397
 25.380001 -1.845937 -0.006364
 25.580001 -1.891516 0.124383
 25.780001 -1.759923 -0.125601
 25.980001 -2.063069 0.295194
 26.180001 -1.647973 -0.195375
 26.380001 -2.164170 0.376801
 26.580001 -1.732608 -0.291859
 26.780001 -1.922642 0.233462
 26.980001 -1.779449 -0.038554
 27.180001 -1.732208 0.092384
 27.380001 -1.942336 0.082437
 27.580001 -1.649804 0.161447
 27.780001 -1.927281 0.017671
 27.980001 -1.881835 0.115253
 28.180001 -1.774860 0.169860
 28.380001 -2.025838 -0.055385
 28.580001 -1.690016 0.141382
 28.780001 -1.826519 -0.123163
 28.980001 -1.953933 0.151298
 29.180001 -1.779699 -0.130212
 29.380001 -2.263516 0.347708
 29.580001 -1.599006 -0.313958
 29.780001 -2.055335 0.502319
 29.980001 -1.593717 -0.341248
 30.180001 -2.032507 0.330611
 30.380001 -1.795019 -0.053021
 30.580001 -1.858650 0.178075
 30.780001 -1.850807 -0.003740
 30.980001 -1.859330 0.077841
 31.180001 -2.083629 -0.024180
 31.380001 -1.770859 0.072648
 31.580001 -2.070460 -0.176498
 31.780002 -1.934061 0.311092
 31.980002 -1.679121 -0.065742
 32.180002 -2.126569 0.238402
 32.380002 -1.598975 -0.046364
 32.580002 -2.024293 0.001485
 32.780002 -1.755636 0.248392
 32.980002 -1.694954 0.082095
 33.180002 -2.098332 0.078167
 33.380002 -1.504598 0.093991
 33.580002 -1.908518 0.168843
 33.780002 -1.744888 0.027482
 33.980002 -1.708457 0.254557
 34.180002 -2.209785 -0.107771
 34.380002 -1.497170 0.166744
 34.580002 -1.927738 0.091912
 34.780002 -2.038244 0.090517
 34.980002 -1.617088 0.004394
 35.180002 -2.344059 0.174618
 35.380002 -1.607243 -0.141205
 35.580002 -2.079496 0.403637
 35.780002 -1.938716 -0.334899
 35.980002 -1.753652 0.367358
 36.180002 -1.976169 -0.106044
 36.380002 -1.852737 0.212738
 36.580002 -1.601380 0.075308
 36.780002 -2.226557 0.169467
 36.980002 -1.666919 -0.064495
 37.180002 -2.062324 0.312604
 37.380002 -1.899980 -0.191935
 37.580002 -1.734951 0.463894
 37.780002 -1.780311 -0.074090
 37.980002 -1.938472 -0.080947
 38.180002 -1.729617 0.236322
 38.380002 -1.813193 -0.057716
 38.580002 -1.964170 0.091634
 38.780002 -1.952506 0.095908
 38.980002 -1.879825 0.021749
 39.180002 -1.876449 0.284837
 39.380002 -1.828426 -0.206173
 39.580002 -2.032767 0.109696
 39.780002 -1.641670 -0.016175
 39.980002 -2.002955 -0.120262
 40.180002 -1.834507 0.375665
 40.380002 -1.679663 -0.094875
 40.580002 -2.409668 -0.167143
 40.780002 -1.511030 0.285923
 40.980002 -1.933768 -0.148628
 41.180002 -2.134309 0.111755
 41.380002 -1.584445 0.120316
 41.580002 -2.236508 -0.153827
 41.780002 -1.740723 0.219352
 41.980002 -1.736510 -0.060194
 42.180002 -2.063021 0.048554
 42.380002 -1.581927 0.124522
 42.580002 -2.241557 -0.146827
 42.780002 -1.739821 0.069984
 42.980002 -1.730763 0.243186
 43.180002 -2.018661 -0.155005
 43.380002 -1.523577 0.234734
 43.580002 -1.856754 -0.012399
 43.780002 -1.976783 0.206256
 43.980002 -1.587796 0.038192
 44.180002 -2.115205 0.176277
 44.380002 -1.640581 -0.119620
 44.580002 -1.908607 0.333457
 44.780002 -1.958388 -0.159126
 44.980002 -1.847816 0.368623
 45.180002 -2.032456 -0.198269
 45.380002 -1.870565 0.127373
 45.580002 -1.873650 0.082225
 45.780002 -1.981357 0.045419
 45.980002 -1.799616 0.025566
 46.180002 -2.047462 0.228776
 46.380002 -1.645732 -0.307057
 46.580002 -1.929190 0.519057
 46.780002 -1.737332 -0.242796
 46.980002 -2.000138 0.244230
 47.180002 -1.705218 0.052260
 47.380002 -1.902509 -0.070779
 47.580002 -1.947141 0.282329
 47.780002 -1.780614 -0.025307
 47.980002 -2.070150 0.017917
 48.180002 -1.762831 0.261573
 48.380002 -1.907085 -0.235289
 48.580002 -1.905579 0.285004
 48.780002 -1.622524 0.101352
 48.980002 -1.995964 -0.067389
 49.180002 -1.628337 0.454073
 49.380002 -1.752553 -0.138308
 49.580002 -2.033981 0.136668
 49.780002 -1.611452 0.023518
 49.980002 -2.067404 0.189954
 50.180002 -1.676026 -0.094517
 50.380002 -1.871028 0.457098
 50.580002 -1.841589 -0.483797
 50.780002 -1.730512 0.535902
 50.980002 -1.652018 -0.313085
 51.180002 -2.195554 0.397140
 51.380002 -1.549775 -0.152858
 51.580002 -2.327797 0.304877
 51.780002 -1.574459 -0.164565
 51.980002 -1.921073 0.475346
 52.180002 -1.851663 -0.407718
 52.380002 -1.727984 0.578162
 52.580002 -1.815588 -0.198162
 52.780003 -2.151534 0.265187
 52.980003 -1.658972 -0.054894
 53.180003 -2.147881 0.192979
 53.380003 -1.781040 -0.149376
 53.580003 -1.878847 0.386607
 53.780003 -1.843861 -0.216637
 53.980003 -1.773560 0.307965
 54.180003 -1.873165 -0.132385
 54.380003 -1.914730 0.030707
 54.580003 -1.783729 0.145587
 54.780003 -2.086363 0.088165
 54.980003 -1.659148 -0.058397
 55.180003 -1.895200 0.302304
 55.380003 -1.900847 -0.141366
 55.580003 -1.840312 0.236582
 55.780003 -1.957405 0.016645
 55.980003 -1.973890 -0.124038
 56.180003 -1.889719 0.318351
 56.380003 -1.918918 -0.182316
 56.580003 -2.036993 0.240250
 56.780003 -1.780239 0.008814
 56.980003 -2.114024 0.107817
 57.180003 -1.713272 0.007682
 57.380003 -1.910272 0.140307
 57.580003 -1.901372 -0.080535
 57.780003 -1.824427 0.296761
 57.980003 -1.927747 -0.292402
 58.180003 -2.056528 0.344683
 58.380003 -1.744157 -0.152451
 58.580003 -2.221850 0.251339
 58.780003 -1.567601 -0.042673
 58.980003 -2.020591 0.285088
 59.180003 -1.775731 -0.163882
 59.380003 -1.837987 0.440058
 59.580003 -1.987579 -0.138649
 59.780003 -1.885189 0.348994
 59.980003 -1.792850 0.204295
 60.180003 -2.031542 -0.068982
 60.380003 -1.628480 0.290305
 60.580003 -2.129855 0.154959
 60.780003 -1.806357 -0.200847
 60.980003 -1.835399 0.331647
 61.180003 -1.904343 -0.047691
 61.380003 -1.776284 0.003157
 61.580003 -2.030891 0.254286
 61.780003 -1.817192 -0.158064
 61.980003 -2.024138 0.372285
 62.180003 -1.805364 -0.130442
 62.380003 -2.059463 0.165623
 62.580003 -1.832778 0.033739
 62.780003 -1.966065 0.111288
 62.980003 -1.923558 0.036806
 63.180003 -2.013303 0.383019
 63.380003 -1.897168 -0.341073
 63.580003 -1.970634 0.505845
 63.780003 -1.578705 -0.189180
 63.980003 -2.245299 0.106553
 64.180003 -1.470433 0.027738
 64.380003 -2.145305 0.085988
 64.580003 -1.779032 -0.002336
 64.780003 -1.872451 0.513771
 64.980003 -2.005124 -0.552928
 65.180003 -1.713310 0.585260
 65.380003 -1.824177 -0.128194
 65.580003 -2.122175 0.087657
 65.780003 -1.551051 0.172200
 65.980003 -2.274839 0.167616
 66.180003 -1.645462 -0.189423
 66.380003 -2.122811 0.564380
 66.580003 -1.932772 -0.534862
 66.780003 -1.720635 0.567701
 66.980003 -1.957091 -0.291130
 67.180003 -2.059949 0.118590
 67.380003 -1.610102 -0.011664
 67.580003 -2.186986 0.115810
 67.780003 -1.691838 -0.145164
 67.980003 -2.125808 0.419018
 68.180003 -1.656131 -0.319010
 68.380003 -1.739676 0.471418
 68.580003 -1.941391 -0.109559
 68.780003 -1.679329 0.096959
 68.980003 -2.015713 0.301320
 69.180003 -1.854540 -0.256245
 69.380003 -1.807633 0.336067
 69.580003 -2.007793 -0.139876
 69.780003 -1.935063 0.094483
 69.980003 -1.659921 0.167350
 70.180003 -1.994738 -0.022268
 70.380003 -1.853762 0.150395
 70.580003 -1.913550 0.280650
 70.780003 -1.898471 -0.262496
 70.980003 -1.860991 0.486644
 71.180003 -1.858590 -0.059149
 71.380003 -1.994222 0.141982
 71.580003 -1.667397 0.139077
 71.780003 -2.007428 0.157294
 71.980003 -1.703831 -0.094688
 72.180003 -1.949993 0.398091
 72.380003 -1.846552 -0.353303
 72.580003 -1.824076 0.389400
 72.780003 -1.720243 -0.196232
 72.980003 -2.113478 0.197911
 73.180003 -1.660060 -0.092608
 73.380003 -2.026680 0.277419
 73.580003 -1.767343 -0.111888
 73.780004 -1.903039 0.146214
 73.980004 -1.798404 0.017783
 74.180004 -1.896642 0.206851
 74.380004 -1.876894 0.001581
 74.580004 -2.042842 0.015651
 74.780004 -1.661022 0.089254
 74.980004 -2.091469 -0.007975
 75.180004 -1.887905 0.089066
 75.380004 -1.911839 0.028486
 75.580004 -1.884251 0.106790
 75.780004 -1.700682 0.069528
 75.980004 -2.089845 0.030661
 76.180004 -1.674728 0.008356
 76.380004 -1.985946 0.206004
 76.580004 -1.993812 -0.124813
 76.780004 -1.756270 0.211471
 76.980004 -1.901436 0.085012
 77.180004 -1.910680 0.190330
 77.380004 -1.796486 0.067285
 77.580004 -1.871643 0.118126
 77.780004 -1.837196 -0.079642
 77.980004 -1.924992 0.245884
 78.180004 -1.799447 -0.136291
 78.380004 -1.871211 0.479671
 78.580004 -1.897084 -0.302893
 78.780004 -1.877278 0.212647
 78.980004 -1.647532 0.158912
 79.180004 -2.125222 -0.011295
 79.380004 -1.643815 0.151798
 79.580004 -1.960689 0.076258
 79.780004 -1.964880 -0.035301
 79.980004 -1.811802 0.245525
 80.180004 -2.083376 0.005883
 80.380004 -1.780937 -0.029708
 80.580004 -1.882188 0.419774
 80.780004 -1.850301 -0.444685
 80.980004 -1.994709 0.369517
 81.180004 -1.667851 -0.144856
 81.380004 -1.991412 0.192898
 81.580004 -1.637391 -0.012023
 81.780004 -2.173670 0.102305
 81.980004 -1.799354 -0.059558
 82.180004 -1.680547 0.281261
 82.380004 -1.933501 -0.177452
 82.580004 -1.834140 0.295554
 82.780004 -1.818664 -0.055948
 82.980004 -1.918004 0.092741
 83.180004 -1.608671 0.063851
 83.380004 -2.037898 0.042403
 83.580004 -1.672886 -0.138239
 83.780004 -1.865618 0.392199
 83.980004 -1.946739 -0.239603
 84.180004 -1.974366 0.128296
 84.380004 -1.704705 -0.004122
 84.580004 -1.858739 0.151615
 84.780004 -1.762083 0.114162
 84.980004 -1.890220 -0.023241
 85.180004 -1.832673 0.156603
 85.380004 -1.669870 0.062395
 85.580004 -2.031450 -0.057384
 85.780004 -1.727378 0.140800
 85.980004 -1.929601 0.082695
 86.180004 -1.886785 -0.007478
 86.380004 -1.746804 0.271413
 86.580004 -1.875118 -0.266345
 86.780004 -1.717476 0.380170
 86.980004 -1.975028 -0.081727
 87.180004 -2.044763 0.015439
 87.380004 -1.709937 0.218609
 87.580004 -2.136619 0.060171
 87.780004 -1.709714 -0.204087
 87.980004 -1.982640 0.442011
 88.180004 -1.838098 -0.358886
 88.380004 -1.866230 0.511779
 88.580004 -1.873563 -0.104279
 88.780004 -2.015454 0.030461
 88.980004 -1.744188 0.268649
 89.180004 -1.935188 -0.112596
 89.380004 -1.811234 0.080082
 89.580004 -1.805878 0.224737
 89.780004 -1.959864 -0.268855
 89.980004 -1.706813 0.437314
 90.180004 -1.896690 -0.118939
 90.380004 -2.151947 0.101507
 90.580004 -1.576099 0.312141
 90.780004 -2.025693 -0.190747
 90.980004 -1.916510 0.303906
 91.180004 -1.624676 0.072860
 91.380004 -2.167664 -0.105819
 91.580004 -1.583582 0.355791
 91.780004 -1.931648 -0.007378
 91.980004 -2.021198 0.020958
 92.180004 -1.710875 0.253975
 92.380004 -2.000559 -0.295235
 92.580004 -1.654316 0.344835
 92.780004 -1.770308 0.023577
 92.980004 -2.113443 -0.125139
 93.180004 -1.480211 0.336829
 93.380004 -2.088640 0.052352
 93.580004 -1.717564 -0.097509
 93.780004 -1.876548 0.400711
 93.980004 -1.924666 -0.181970
 94.180004 -1.746892 0.222071
 94.380004 -1.958543 -0.017770
 94.580004 -1.965523 0.033080
 94.780005 -1.756388 0.134154
 94.980005 -2.020136 0.174772
 95.180005 -2.016801 -0.131776
 95.380005 -1.832594 0.365029
 95.580005 -1.850085 -0.186832
 95.780005 -2.035159 0.305546
 95.980005 -1.730482 -0.113725
 96.180005 -2.058185 0.155169
 96.380005 -1.610294 0.215100
 96.580005 -1.869812 -0.050198
 96.780005 -1.967932 0.227265
 96.980005 -1.607353 0.036183
 97.180005 -2.169244 0.281214
 97.380005 -1.645859 0.044974
 97.580005 -1.959091 0.256578
 97.780005 -1.889807 0.040000
 97.980005 -1.636062 0.325896
 98.180005 -2.142121 -0.138855
 98.380005 -1.590832 0.230278
 98.580005 -1.794011 0.150106
 98.780005 -2.041173 -0.000007
 98.980005 -1.663360 0.150615
 99.180005 -2.129161 0.071399
 99.380005 -1.690371 0.008917
 99.580005 -1.891865 0.114647
 99.780005 -2.134671 -0.064844
 99.980005 -1.733315 0.181468
 100.180005 -2.054700 -0.048635
 100.380005 -1.916859 0.040323
 100.580005 -1.733316 0.121503
 100.780005 -2.053511 0.002523
 100.980005 -1.804274 0.124834
 101.180005 -1.849465 0.057299
 101.380005 -1.923218 -0.158545
 101.580005 -1.851493 0.256746
 101.780005 -1.869800 0.042733
 101.980005 -1.870735 0.039421
 102.180005 -1.748917 0.259374
 102.380005 -2.016799 -0.128275
 102.580005 -1.874589 0.341257
 102.780005 -1.803989 0.041813
 102.980005 -2.026243 0.031177
 103.180005 -1.578638 0.076852
 103.380005 -1.888043 0.074479
 103.580005 -1.902411 0.040821
 103.780005 -1.711656 0.228643
 103.980005 -1.991492 -0.152581
 104.180005 -1.801687 0.264847
 104.380005 -1.844350 -0.024564
 104.580005 -2.120869 0.142678
 104.780005 -1.715980 -0.011650
 104.980005 -2.104333 0.270410
 105.180005 -1.767696 -0.099426
 105.380005 -1.879453 0.226565
 105.580005 -1.982667 -0.121433
 105.780005 -1.689572 0.210937
 105.980005 -1.995636 0.017198
 106.180005 -1.840637 -0.010073
 106.380005 -1.677225 0.169302
 106.580005 -1.993856 0.070167
 106.780005 -1.721131 -0.043237
 106.980005 -1.871862 0.107692
 107.180005 -2.028333 0.021015
 107.380005 -1.680739 0.058168
 107.580005 -1.997859 0.152831
 107.780005 -1.797549 -0.083181
 107.980005 -1.865493 0.278561
 108.180005 -1.855306 -0.104863
 108.380005 -1.864250 0.090189
 108.580005 -1.805748 0.069081
 108.780005 -1.745787 -0.009709
 108.980005 -1.797403 0.075384
 109.180005 -1.903156 0.048156
 109.380005 -1.902162 0.028270
 109.580005 -1.886188 0.160414
 109.780005 -1.858180 -0.121819
 109.980005 -1.979223 0.269959
 110.180005 -1.664429 0.033430
 110.380005 -2.210511 -0.048393
 110.580005 -1.673444 0.227425
 110.780005 -1.853461 0.010448
 110.980005 -2.105778 0.156432
 111.180005 -1.489608 0.208049
 111.380005 -2.192198 -0.158153
 111.580005 -1.686184 0.367618
 111.780005 -1.789583 -0.086583
 111.980005 -2.278364 0.162936
 112.180005 -1.525193 0.017213
 112.380005 -2.136216 0.284131
 112.580005 -1.588729 -0.124601
 112.780005 -1.915395 0.450802
 112.980005 -1.923562 -0.335992
 113.180005 -1.735299 0.384084
 113.380005 -1.895260 -0.064614
 113.580005 -2.126325 0.105426
 113.780005 -1.747513 0.006287
 113.980005 -2.056692 0.338014
 114.180005 -1.675055 -0.052679
 114.380005 -1.923676 0.349748
 114.580005 -1.789432 -0.060713
 114.780005 -1.940574 0.194844
 114.980005 -1.976354 0.000224
 115.180005 -1.785510 0.098897
 115.380005 -1.882574 0.071643
 115.580005 -1.990871 0.011882
 115.780005 -1.707025 -0.036778
 115.980006 -2.048008 0.194576
 116.180006 -1.585660 -0.250750
 116.380006 -2.091910 0.296868
 116.580006 -1.754567 -0.194689
 116.780006 -2.013735 0.156536
 116.980006 -1.861983 0.023618
 117.180006 -1.827595 0.050339
 117.380006 -1.919810 0.063201
 117.580006 -1.791469 0.029834
 117.780006 -1.857975 0.033272
 117.980006 -1.913057 0.190753
 118.180006 -1.904732 0.017907
 118.380006 -1.829278 0.078092
 118.580006 -1.853672 0.186610
 118.780006 -1.678470 -0.095955
 118.980006 -1.946855 0.210625
 119.180006 -1.642224 -0.166335
 119.380006 -1.820210 0.140004
 119.580006 -1.784076 -0.069765
 119.780006 -1.869401 0.019098
 119.980006 -1.765073 0.032467
 120.180006 -1.848728 0.210204
 120.380006 -1.778812 0.005198
 120.580006 -2.012422 0.066220
 120.780006 -1.791095 -0.029012
 120.980006 -2.008294 0.071575
 121.180006 -1.936410 -0.045714
 121.380006 -1.826478 0.077357
 121.580006 -2.079203 -0.001574
 121.780006 -1.763903 0.060377
 121.980006 -2.006559 0.088076
 122.180006 -1.979425 -0.073816
 122.380006 -1.696976 0.102718
 122.580006 -2.005381 -0.010055
 122.780006 -1.798595 0.136058
 122.980006 -1.793796 0.058766
 123.180006 -1.912093 0.225297
 123.380006 -1.579340 0.078412
 123.580006 -1.980790 0.314329
 123.780006 -1.753694 -0.149405
 123.980006 -1.995657 0.395491
 124.180006 -1.848708 -0.215967
 124.380006 -1.856846 0.207489
 124.580006 -1.824370 0.059298
 124.780006 -2.014021 -0.020602
 124.980006 -1.684898 0.150194
 125.180006 -1.817783 -0.042653
 125.380006 -2.042553 0.140208
 125.580006 -1.492355 -0.090267
 125.780006 -2.157322 0.176891
 125.980006 -1.717136 -0.084714
 126.180006 -1.805408 0.226447
 126.380006 -1.959741 -0.120348
 126.580006 -1.714619 0.161916
 126.780006 -1.879581 -0.037375
 126.980006 -1.913450 0.243370
 127.180006 -1.681173 -0.137567
 127.380006 -2.200018 0.407051
 127.580006 -1.582513 -0.224592
 127.780006 -1.846105 0.393985
 127.980006 -1.887939 -0.117844
 128.180006 -1.735527 0.154336
 128.380006 -2.038182 0.064361
 128.580006 -1.737635 -0.065595
 128.780006 -1.941217 0.277381
 128.980006 -2.007117 -0.131703
 129.180006 -1.669734 0.084020
 129.380006 -2.011267 0.155063
 129.580006 -1.822933 0.016125
 129.780006 -1.703674 0.062342
 129.980006 -2.052489 0.279450
 130.180006 -1.850833 -0.311602
 130.380006 -1.878220 0.359642
 130.580006 -1.679279 -0.298167
 130.780006 -1.976170 0.260741
 130.980006 -1.890406 0.002414
 131.180006 -1.901699 -0.028707
 131.380006 -1.891337 0.043434
 131.580006 -1.767852 0.131611
 131.780006 -2.042435 -0.085229
 131.980006 -1.667988 0.148200
 132.180006 -1.749738 0.077382
 132.380006 -1.872756 0.054062
 132.580006 -1.870139 0.095736
 132.780006 -1.964801 -0.037968
 132.980006 -1.809616 0.180945
 133.180006 -1.879445 0.009675
 133.380006 -1.930137 -0.003379
 133.580006 -1.799547 0.002967
 133.780006 -1.938573 0.124488
 133.980006 -1.775396 -0.069415
 134.180006 -1.820231 0.287777
 134.380006 -1.744183 -0.120430
 134.580006 -1.893527 0.258233
 134.780006 -1.779791 -0.154564
 134.980006 -2.046772 0.162070
 135.180006 -1.801252 -0.000805
 135.380006 -1.892840 0.124018
 135.580006 -1.880852 0.014763
 135.780006 -1.752038 0.075871
 135.980006 -1.853926 0.215101
 136.180006 -1.933740 0.068708
 136.380006 -1.725001 0.136395
 136.580006 -1.904796 0.106965
 136.780006 -1.874701 0.011579
 136.980007 -1.842927 0.155071
 137.180007 -1.760045 -0.094546
 137.380007 -1.815303 0.163942
 137.580007 -1.709224 -0.041092
 137.780007 -1.858641 0.103262
 137.980007 -1.758572 -0.008001
 138.180007 -1.971519 0.116918
 138.380007 -1.879713 -0.120994
 138.580007 -1.879938 0.278039
 138.780007 -1.753748 0.005626
 138.980007 -2.055308 0.205999
 139.180007 -1.808025 0.009077
 139.380007 -1.806366 -0.007999
 139.580007 -1.933297 0.030635
 139.780007 -1.792893 0.033442
 139.980007 -1.864480 -0.017882
 140.180007 -1.853172 0.151129
 140.380007 -1.805828 -0.071096
 140.580007 -2.087697 0.178211
 140.780007 -1.750391 -0.074375
 140.980007 -2.045374 0.151013
 141.180007 -1.790956 -0.026656
 141.380007 -1.969267 0.191711
 141.580007 -1.778863 -0.111508
 141.780007 -1.738053 0.172013
 141.980007 -1.919485 0.044599
 142.180007 -1.765017 0.085107
 142.380007 -1.860459 0.098705
 142.580007 -1.842372 0.065645
 142.780007 -1.832918 0.064563
 142.980007 -1.839650 0.092150
 143.180007 -1.742944 0.072763
 143.380007 -1.821973 0.103667
 143.580007 -1.967756 -0.008691
 143.780007 -1.847738 0.005852
 143.980007 -1.975719 0.310564
 144.180007 -1.760212 -0.155951
 144.380007 -1.893428 0.206021
 144.580007 -1.813537 -0.074789
 144.780007 -1.892952 0.316345
 144.980007 -1.717001 -0.134881
 145.180007 -1.951912 0.211023
 145.380007 -1.635743 -0.110653
 145.580007 -1.931331 0.243949
 145.780007 -1.744324 -0.067432
 145.980007 -1.860964 0.129206
 146.180007 -1.815309 0.034830
 146.380007 -1.917871 0.357750
 146.580007 -1.845480 -0.126835
 146.780007 -2.019749 0.128183
 146.980007 -1.792786 0.133378
 147.180007 -1.893668 0.009405
 147.380007 -1.964737 0.069501
 147.580007 -1.731990 -0.010615
 147.780007 -1.901180 0.131015
 147.980007 -1.791844 -0.020189
 148.180007 -1.962979 0.004483
 148.380007 -1.811137 0.139067
 148.580007 -1.781292 0.063734
 148.780007 -2.124735 -0.099183
 148.980007 -1.729799 0.174922
 149.180007 -1.790166 -0.080472
 149.380007 -2.115135 0.297806
 149.580007 -1.659837 -0.198436
 149.780007 -2.241619 0.439566
 149.980007 -1.616420 -0.059502
 150.180007 -1.975967 0.230794
 150.380007 -1.669860 -0.005000
 150.580007 -1.691660 0.178381
 150.780007 -1.972767 -0.101667
 150.980007 -1.633521 0.209025
 151.180007 -1.849363 0.054861
 151.380007 -2.053207 0.124619
 151.580007 -1.645152 -0.020982
 151.780007 -1.990210 0.174040
 151.980007 -1.757985 0.005267
 152.180007 -2.021762 0.220867
 152.380007 -1.739493 -0.201134
 152.580007 -1.893776 0.209471
 152.780007 -1.975452 -0.017158
 152.980007 -1.751494 0.118543
 153.180007 -2.013004 0.147808
 153.380007 -1.841983 -0.039996
 153.580007 -1.830121 0.030115
 153.780007 -1.973329 0.154053
 153.980007 -1.861010 -0.093914
 154.180007 -1.796306 0.285653
 154.380007 -1.767881 -0.216017
 154.580007 -1.887193 0.128192
 154.780007 -1.817869 0.073677
 154.980007 -1.833794 -0.135359
 155.180007 -1.881706 0.345402
 155.380007 -1.786452 0.008823
 155.580007 -1.965297 -0.098936
 155.780007 -1.756072 0.258321
 155.980007 -1.804777 -0.112201
 156.180007 -1.978531 0.196802
 156.380007 -1.715513 0.045594
 156.580007 -2.127532 -0.065765
 156.780007 -1.825789 0.423779
 156.980007 -1.734855 -0.160828
 157.180007 -2.109323 0.222664
 157.380007 -1.584572 0.069884
 157.580007 -2.059835 0.121201
 157.780007 -1.723770 0.098852
 157.980008 -1.723262 0.137441
 158.180008 -1.960272 -0.069535
 158.380008 -1.719362 0.183483
 158.580008 -1.984810 -0.065451
 158.780008 -1.872919 0.163091
 158.980008 -1.786157 0.074233
 159.180008 -2.046070 0.083740
 159.380008 -1.733446 0.128534
 159.580008 -1.830734 -0.012475
 159.780008 -1.915611 0.136794
 159.980008 -1.693958 0.059434
 160.180008 -2.134806 0.131171
 160.380008 -1.713666 -0.027611
 160.580008 -1.919132 0.261947
 160.780008 -1.958472 -0.078102
 160.980008 -1.724729 0.055240
 161.180008 -1.947912 -0.048666
 161.380008 -1.742199 0.005402
 161.580008 -1.877925 0.068251
 161.780008 -2.008252 0.102662
 161.980008 -1.754885 0.015657
 162.180008 -1.976157 0.117721
 162.380008 -1.849025 -0.050982
 162.580008 -1.829576 0.114461
 162.780008 -1.939998 -0.055225
 162.980008 -1.765446 0.166141
 163.180008 -1.953638 0.033622
 163.380008 -1.881007 0.092376
 163.580008 -1.650362 0.030884
 163.780008 -2.019540 0.175569
 163.980008 -1.636081 -0.094272
 164.180008 -2.017142 0.259860
 164.380008 -1.810950 -0.033327
 164.580008 -1.937865 0.141412
 164.780008 -2.026051 0.086299
 164.980008 -1.719248 -0.069513
 165.180008 -2.094556 0.257194
 165.380008 -1.766945 -0.137402
 165.580008 -1.916865 0.180525
 165.780008 -1.884206 0.082949
 165.980008 -1.890923 0.002433
 166.180008 -2.024651 0.171450
 166.380008 -1.725066 0.007705
 166.580008 -2.006718 0.087139
 166.780008 -1.863227 0.164199
 166.980008 -1.681776 -0.141631
 167.180008 -2.017119 0.328137
 167.380008 -1.638004 -0.282892
 167.580008 -2.166541 0.266433
 167.780008 -1.706579 -0.047089
 167.980008 -1.936989 0.029118
 168.180008 -1.938496 0.262585
 168.380008 -1.736065 -0.007489
 168.580008 -2.107565 0.027575
 168.780008 -1.792583 0.076609
 168.980008 -1.991991 -0.024704
 169.180008 -1.891595 0.242236
 169.380008 -1.771817 -0.016635
 169.580008 -2.108752 0.026094
 169.780008 -1.615434 0.267012
 169.980008 -1.940773 -0.269328
 170.180008 -1.976081 0.330203
 170.380008 -1.654797 -0.141876
 170.580008 -2.153612 0.273435
 170.780008 -1.513127 0.003953
 170.980008 -2.039777 0.203094
 171.180008 -1.655208 -0.098093
 171.380008 -1.818006 0.363134
 171.580008 -2.067352 -0.221099
 171.780008 -1.753250 0.234552
 171.980008 -1.902535 -0.011102
 172.180008 -1.973402 0.071950
 172.380008 -1.613072 0.102119
 172.580008 -2.152695 0.087451
 172.780008 -1.745827 -0.018359
 172.980008 -1.864948 0.216799
 173.180008 -1.888814 -0.078644
 173.380008 -1.793476 0.229020
 173.580008 -1.966727 -0.034012
 173.780008 -1.896509 0.106369
 173.980008 -1.825211 -0.018961
 174.180008 -2.030247 0.085546
 174.380008 -1.790641 -0.102941
 174.580008 -2.009124 0.279343
 174.780008 -1.603484 -0.134920
 174.980008 -1.925181 0.309774
 175.180008 -1.740295 -0.080612
 175.380008 -1.840518 0.223788
 175.580008 -1.849575 -0.014727
 175.780008 -1.947517 0.129219
 175.980008 -1.882199 0.054959
 176.180008 -1.877854 0.105718
 176.380008 -1.858665 0.005924
 176.580008 -1.938954 0.011842
 176.780008 -1.816941 0.106391
 176.980008 -1.746763 0.060951
 177.180008 -1.896643 0.154051
 177.380008 -1.905233 -0.005496
 177.580008 -1.821665 0.224084
 177.780008 -1.848659 0.098997
 177.980008 -1.951518 0.114703
 178.180008 -1.780072 0.101602
 178.380008 -1.763017 0.144747
 178.580008 -1.917193 0.063400
 178.780008 -1.910958 -0.009060
 178.980009 -1.789129 0.050623
 179.180009 -1.763141 0.124086
 179.380009 -1.852874 -0.154880
 179.580009 -2.039776 0.134119
 179.780009 -1.727930 -0.122495
 179.980009 -1.908527 0.202697
 180.180009 -1.867298 -0.036415
 180.380009 -2.023200 -0.008680
 180.580009 -1.659686 0.037143
 180.780009 -1.735568 0.137175
 180.980009 -1.919834 -0.048839
 181.180009 -1.729795 0.123743
 181.380009 -1.947456 0.063436
 181.580009 -1.769346 0.081464
 181.780009 -1.798532 -0.008775
 181.980009 -1.864072 -0.012008
 182.180009 -1.514605 0.094314
 182.380009 -1.935665 0.032142
 182.580009 -1.774551 -0.111258
 182.780009 -1.821984 0.146136
 182.980009 -1.884619 -0.055709
 183.180009 -1.861188 0.048906
 183.380009 -1.972600 -0.051124
 183.580009 -1.782387 0.088211
 183.780009 -1.765721 0.111830
 183.980009 -1.876602 -0.063114
 184.180009 -1.811252 0.112178
 184.380009 -1.770937 0.095655
 184.580009 -1.804192 0.029859
 184.780009 -2.015714 0.118546
 184.980009 -1.625053 -0.029835
 185.180009 -1.860280 0.064408
 185.380009 -1.887650 0.169527
 185.580009 -1.824411 -0.132097
 185.780009 -2.043848 0.302087
 185.980009 -1.694118 -0.084327
 186.180009 -2.129666 0.211123
 186.380009 -1.678254 -0.128422
 186.580009 -1.802093 0.089931
 186.780009 -1.895566 -0.017080
 186.980009 -1.751767 0.075299
 187.180009 -1.999088 -0.230829
 187.380009 -1.846661 0.221615
 187.580009 -1.766521 -0.185212
 187.780009 -2.068136 0.354173
 187.980009 -1.489181 -0.060473
 188.180009 -2.157747 0.124141
 188.380009 -1.738146 0.123837
 188.580009 -1.714200 -0.018795
 188.780009 -1.877468 0.191054
 188.980009 -1.676557 -0.001471
 189.180009 -2.032959 0.168465
 189.380009 -1.573982 -0.089815
 189.580009 -1.978516 0.283392
 189.780009 -1.832199 -0.191570
 189.980009 -1.954249 0.418652
 190.180009 -2.003440 -0.238896
 190.380009 -1.886503 0.155009
 190.580009 -1.772622 -0.035632
 190.780009 -2.131252 0.116493
 190.980009 -1.819178 -0.162721
 191.180009 -1.918628 0.389072
 191.380009 -1.775301 -0.198741
 191.580009 -1.827700 0.270970
 191.780009 -1.766397 0.090562
 191.980009 -2.005116 -0.071955
 192.180009 -1.658313 0.194609
 192.380009 -1.810478 0.010393
 192.580009 -1.925437 0.016649
 192.780009 -1.760103 0.199622
 192.980009 -1.926457 -0.000112
 193.180009 -1.967417 -0.044864
 193.380009 -1.614386 0.165760
 193.580009 -1.975539 0.028074
 193.780009 -1.843228 0.023059
 193.980009 -1.873785 -0.047458
 194.180009 -1.827208 0.147095
 194.380009 -1.787613 0.022804
 194.580009 -2.121303 0.082498
 194.780009 -1.743307 -0.052916
 194.980009 -1.885735 0.290450
 195.180009 -1.846891 -0.159622
 195.380009 -1.885569 0.185921
 195.580009 -1.813612 -0.086962
 195.780009 -1.904797 0.204913
 195.980009 -1.882178 -0.109101
 196.180009 -1.885759 0.137294
 196.380009 -1.633231 -0.102487
 196.580009 -2.061223 0.322275
 196.780009 -1.754845 -0.088355
 196.980009 -1.754435 0.192162
 197.180009 -1.780257 -0.018832
 197.380009 -1.888868 0.182930
 197.580009 -1.887499 -0.081101
 197.780009 -1.815329 0.070373
 197.980009 -1.688712 -0.075800
 198.180009 -1.998614 0.124278
 198.380009 -1.733096 -0.022856
 198.580009 -1.963661 0.252855
 198.780009 -1.895951 -0.039698
 198.980009 -1.903139 0.267150
 199.180009 -1.880867 0.015119
 199.380009 -1.824858 0.143385
 199.580009 -1.902523 0.023212
 199.780009 -1.982609 0.038397
 199.980009 -1.932908 -0.028984
