#! FIELDS time phi psi
#! SET max_psi pi
 0.180000 1.079803 0.845535
 0.380000 0.828271 0.380101
 0.580000 0.640634 0.168184
 0.780000 1.130547 0.781275
 0.980000 0.544060 0.384605
 1.180000 1.015869 0.316722
 1.380000 1.040564 0.646844
 1.580000 0.738284 -0.008359
 1.780000 0.903947 0.777889
 1.980000 0.897167 0.176446
 2.180000 0.914855 0.424849
 2.380000 0.918728 0.400640
 2.580000 0.758572 0.283357
 2.780000 0.775754 0.636605
 2.980000 0.832207 0.092812
 3.180000 0.945902 0.632789
 3.380000 0.881615 0.488881
 3.580000 0.852511 0.177074
 3.780000 1.067340 0.563944
 3.980000 0.807603 0.229124
 4.180000 0.927315 0.422848
 4.380000 0.792285 0.516806
 4.580000 0.803353 0.131205
 4.780000 0.802352 0.743093
 4.980000 0.987658 0.148625
 5.180000 0.758998 0.513703
 5.380000 0.967480 0.520540
 5.580000 0.501603 0.446114
 5.780000 0.958191 0.424319
 5.980000 0.981944 0.483214
 6.180000 0.915591 0.237145
 6.380000 0.953953 0.594870
 6.580000 0.820152 0.063799
 6.780000 0.813517 0.812338
 6.980000 1.023705 0.152637
 7.180000 0.738499 0.516940
 7.380000 1.043771 0.352697
 7.580000 0.763557 0.274165
 7.780000 1.021520 0.498736
 7.980000 0.793260 0.468036
 8.180000 0.948738 0.255253
 8.380000 0.892050 0.559681
 8.580000 0.882596 0.318465
 8.780000 0.958628 0.384637
 8.980000 0.825661 0.461973
 9.180000 0.900356 0.253837
 9.380000 0.880231 0.503303
 9.580000 0.872844 0.407384
 9.780000 0.906167 0.376816
 9.980000 0.957290 0.462022
 10.180000 0.851482 0.356034
 10.380000 0.762995 0.468101
 10.580001 0.671284 0.618096
 10.780001 0.815129 0.321385
 10.980001 0.598878 0.525391
 11.180001 0.780814 0.375778
 11.380001 0.781386 0.623308
 11.580001 1.104838 0.078013
 11.780001 1.109197 0.519884
 11.980001 0.987171 0.362278
 12.180001 1.026893 0.255099
 12.380001 1.016282 0.485865
 12.580001 0.768486 0.481272
 12.780001 0.728037 0.485099
 12.980001 0.872334 0.445153
 13.180001 0.941946 0.346020
 13.380001 0.750103 0.521325
 13.580001 0.768648 0.417995
 13.780001 0.916390 0.299919
 13.980001 1.035918 0.435791
 14.180001 0.900166 0.331499
 14.380001 0.863948 0.424519
 14.580001 1.093407 0.392570
 14.780001 0.878051 0.436555
 14.980001 1.023759 0.321640
 15.180001 0.503848 0.585640
 15.380001 0.903990 0.172246
 15.580001 0.931268 0.607677
 15.780001 0.812982 0.098004
 15.980001 0.727609 0.600645
 16.180001 0.807985 0.470339
 16.380001 1.121326 0.413028
 16.580001 1.078011 0.420726
 16.780001 0.769084 0.429069
 16.980001 1.067811 0.371335
 17.180001 0.759093 0.546362
 17.380001 1.059318 0.312712
 17.580001 0.751174 0.486728
 17.780001 0.968922 0.237335
 17.980001 0.895562 0.511853
 18.180001 0.963176 0.279275
 18.380001 0.914830 0.478572
 18.580001 0.793929 0.239788
 18.780001 0.872615 0.567114
 18.980001 0.775155 0.428292
 19.180001 0.791788 0.444232
 19.380001 0.760479 0.496577
 19.580001 0.885994 0.313258
 19.780001 0.925777 0.302962
 19.980001 0.824721 0.589907
 20.180001 0.989656 0.076937
 20.380001 0.598477 0.916148
 20.580001 1.014283 0.086239
 20.780001 0.639938 0.639689
 20.980001 1.124683 0.260657
 21.180001 0.470027 0.561235
 21.380001 0.988043 0.269528
 21.580001 0.749853 0.719626
 21.780001 0.976141 0.146414
 21.980001 1.080540 0.565082
 22.180001 0.717297 0.234966
 22.380001 1.008571 0.606187
 22.580001 0.818973 0.372899
 22.780001 0.803287 0.326117
 22.980001 1.021883 0.481505
 23.180001 0.568694 0.383051
 23.380001 1.002086 0.521346
 23.580001 0.863026 0.450028
 23.780001 0.848317 0.051116
 23.980001 0.943945 0.627941
 24.180001 0.868409 0.144875
 24.380001 1.066873 0.304821
 24.580001 1.047788 0.509747
 24.780001 0.842476 0.085988
 24.980001 0.937782 0.659875
 25.180001 0.834469 0.286276
 25.380001 0.635437 0.522450
 25.580001 0.954498 0.330315
 25.780001 0.359498 0.569874
 25.980001 0.891065 0.342238
 26.180001 0.650241 0.673265
 26.380001 1.073907 -0.168948
 26.580001 0.856348 0.883334
 26.780001 0.799221 0.176432
 26.980001 0.889660 0.574646
 27.180001 0.903041 0.257168
 27.380001 0.967041 0.423779
 27.580001 0.907461 0.518823
 27.780001 0.714767 0.219891
 27.980001 0.949942 0.448036
 28.180001 0.672667 0.542727
 28.380001 0.767752 0.343078
 28.580001 0.800989 0.478297
 28.780001 0.904283 0.345055
 28.980001 0.788138 0.442263
 29.180001 0.736334 0.540875
 29.380001 0.875739 0.309110
 29.580001 0.944022 0.570214
 29.780001 1.182943 0.162031
 29.980001 0.643874 0.578577
 30.180001 1.065868 0.404306
 30.380001 0.980850 0.427084
 30.580001 0.986500 0.370723
 30.780001 0.846880 0.540878
 30.980001 0.866915 0.123495
 31.180001 1.043179 0.671743
 31.380001 0.785444 0.391005
 31.580001 0.649204 0.454654
 31.780002 1.023382 0.510754
 31.980002 0.829344 0.367596
 32.180002 0.915320 0.357942
 32.380002 0.795852 0.699124
 32.580002 1.106561 -0.032277
 32.780002 0.892547 0.566060
 32.980002 0.803702 0.404850
 33.180002 0.841391 0.325270
 33.380002 1.082947 0.470948
 33.580002 0.878737 0.441794
 33.780002 0.905254 0.222638
 33.980002 0.971386 0.678080
 34.180002 0.886369 0.084198
 34.380002 0.762722 0.467129
 34.580002 0.827356 0.521405
 34.780002 0.900686 0.225969
 34.980002 0.904330 0.439063
 35.180002 0.934631 0.568656
 35.380002 0.771014 0.291200
 35.580002 0.817660 0.671216
 35.780002 0.992637 0.143488
 35.980002 0.902099 0.350054
 36.180002 1.050275 0.408571
 36.380002 0.737928 0.373309
 36.580002 0.607771 0.581915
 36.780002 0.950851 0.302529
 36.980002 0.904671 0.332381
 37.180002 1.024970 0.346556
 37.380002 0.773720 0.495387
 37.580002 0.962532 0.489116
 37.780002 0.926292 0.204908
 37.980002 0.917490 0.257910
 38.180002 0.809843 0.550714
 38.380002 0.852771 0.194593
 38.580002 0.743848 0.752625
 38.780002 0.950012 0.119611
 38.980002 0.654438 0.355755
 39.180002 0.904311 0.450807
 39.380002 0.773063 0.479763
 39.580002 1.079759 0.356710
 39.780002 0.946563 0.428889
 39.980002 0.818290 0.217690
 40.180002 0.988926 0.606750
 40.380002 0.943541 0.324727
 40.580002 0.899338 0.571248
 40.780002 0.938328 0.179598
 40.980002 0.689758 0.408433
 41.180002 1.084484 0.479467
 41.380002 0.754283 0.321958
 41.580002 0.852136 0.565335
 41.780002 1.028446 0.372665
 41.980002 1.041949 0.199679
 42.180002 0.981500 0.399074
 42.380002 0.597282 0.491711
 42.580002 0.861613 0.226239
 42.780002 0.927676 0.581589
 42.980002 1.059728 -0.011118
 43.180002 0.730809 0.710774
 43.380002 0.919247 0.298505
 43.580002 1.024386 0.515628
 43.780002 1.122269 0.223646
 43.980002 0.495683 0.800703
 44.180002 0.994487 0.276498
 44.380002 0.929491 0.488845
 44.580002 0.988144 0.366829
 44.780002 0.464723 0.691385
 44.980002 1.008789 0.215108
 45.180002 1.015394 0.626706
 45.380002 1.053528 0.254574
 45.580002 0.793491 0.574178
 45.780002 1.066264 0.181114
 45.980002 0.999384 0.635680
 46.180002 1.214338 0.147645
 46.380002 0.701291 0.411337
 46.580002 0.877341 0.524181
 46.780002 0.805061 0.340424
 46.980002 1.001730 0.369264
 47.180002 0.826178 0.544470
 47.380002 0.686496 0.260836
 47.580002 0.971301 0.735501
 47.780002 0.886114 0.152657
 47.980002 0.761732 0.239864
 48.180002 1.021929 0.583065
 48.380002 0.815429 0.205424
 48.580002 0.927683 0.529515
 48.780002 0.712795 0.448610
 48.980002 0.630865 0.531721
 49.180002 0.928391 0.398002
 49.380002 0.597524 0.479591
 49.580002 0.708846 0.135418
 49.780002 0.598828 0.906544
 49.980002 1.046173 -0.072114
 50.180002 0.953259 0.625473
 50.380002 0.954222 0.282721
 50.580002 0.867188 0.525352
 50.780002 1.222713 0.283778
 50.980002 0.809224 0.613681
 51.180002 0.690275 0.441146
 51.380002 0.898792 0.578714
 51.580002 0.801487 0.238872
 51.780002 0.865169 0.671309
 51.980002 0.604011 0.350022
 52.180002 0.795161 0.708622
 52.380002 0.926381 -0.049377
 52.580002 0.845959 0.681844
 52.780003 0.767904 0.371607
 52.980003 0.699167 0.223905
 53.180003 1.082907 0.627425
 53.380003 0.931789 0.365602
 53.580003 0.739429 0.280654
 53.780003 0.964756 0.642475
 53.980003 0.759035 -0.002768
 54.180003 0.846093 0.574792
 54.380003 0.783628 0.430477
 54.580003 0.739900 0.264743
 54.780003 1.006566 0.599471
 54.980003 0.851709 0.173784
 55.180003 0.778952 0.696495
 55.380003 1.011305 0.261502
 55.580003 0.824209 0.553330
 55.780003 1.007171 0.442583
 55.980003 0.762471 0.359471
 56.180003 1.095161 0.458615
 56.380003 0.866238 0.393415
 56.580003 0.838310 0.356889
 56.780003 0.930099 0.555724
 56.980003 0.803812 0.162694
 57.180003 0.925246 0.572263
 57.380003 0.889581 0.342920
 57.580003 0.825554 0.362594
 57.780003 0.981223 0.441206
 57.980003 0.941092 0.361629
 58.180003 0.966601 0.193741
 58.380003 0.880291 0.485537
 58.580003 0.907313 0.357939
 58.780003 0.804731 0.443741
 58.980003 0.753143 0.452280
 59.180003 0.919436 0.370954
 59.380003 0.808125 0.442023
 59.580003 0.899175 0.414341
 59.780003 1.083619 0.403177
 59.980003 0.805860 0.322700
 60.180003 0.937262 0.515576
 60.380003 0.757564 0.455538
 60.580003 0.993616 0.338212
 60.780003 0.855342 0.489438
 60.980003 0.780419 0.327026
 61.180003 0.784129 0.582072
 61.380003 0.864749 0.279132
 61.580003 0.970627 0.445476
 61.780003 0.768079 0.451875
 61.980003 0.809566 0.336818
 62.180003 0.971770 0.508935
 62.380003 1.069107 0.209490
 62.580003 0.833435 0.470334
 62.780003 1.006829 0.306183
 62.980003 0.840557 0.376758
 63.180003 0.942541 0.411420
 63.380003 0.862416 0.422065
 63.580003 0.855886 0.277872
 63.780003 0.922341 0.508770
 63.980003 0.951178 0.365458
 64.180003 1.027463 0.576072
 64.380003 0.896338 0.362362
 64.580003 0.744378 0.495478
 64.780003 0.926130 0.335891
 64.980003 0.755905 0.632211
 65.180003 1.059729 0.265235
 65.380003 0.724690 0.544369
 65.580003 0.983098 0.381144
 65.780003 0.854686 0.352916
 65.980003 0.991478 0.247647
 66.180003 0.642044 0.631020
 66.380003 0.973737 0.072626
 66.580003 0.814328 0.561852
 66.780003 1.125540 0.128073
 66.980003 0.815126 0.457538
 67.180003 1.090063 0.357854
 67.380003 0.996811 0.249655
 67.580003 0.957186 0.413952
 67.780003 0.924347 0.323191
 67.980003 0.604611 0.293955
 68.180003 0.897096 0.496438
 68.380003 0.700955 0.323391
 68.580003 1.004330 0.400250
 68.780003 0.796629 0.484596
 68.980003 0.849043 0.149846
 69.180003 0.930489 0.741040
 69.380003 0.907720 0.286963
 69.580003 1.002466 0.392488
 69.780003 0.974646 0.381656
 69.980003 0.743279 0.438106
 70.180003 0.872385 0.479311
 70.380003 0.726204 0.558229
 70.580003 0.994945 0.229406
 70.780003 0.882372 0.626770
 70.980003 0.878732 0.329031
 71.180003 0.802532 0.520814
 71.380003 0.856063 0.376573
 71.580003 0.937755 0.449279
 71.780003 0.697864 0.442207
 71.980003 0.823030 0.414837
 72.180003 0.830215 0.402148
 72.380003 0.918978 0.303815
 72.580003 0.779846 0.521319
 72.780003 0.748071 0.341938
 72.980003 1.094835 0.336193
 73.180003 0.883945 0.383576
 73.380003 0.892325 0.427059
 73.580003 0.995652 0.387502
 73.780004 0.812239 0.284831
 73.980004 0.783679 0.584888
 74.180004 0.768010 0.266369
 74.380004 0.774765 0.332987
 74.580004 0.910361 0.684476
 74.780004 0.792471 0.153350
 74.980004 0.918675 0.484494
 75.180004 1.085496 0.454690
 75.380004 1.132099 0.187222
 75.580004 0.978706 0.434992
 75.780004 0.737872 0.424053
 75.980004 1.005888 0.258547
 76.180004 0.999778 0.543326
 76.380004 0.802604 0.325205
 76.580004 0.748305 0.551784
 76.780004 0.892853 0.278600
 76.980004 0.973382 0.443610
 77.180004 1.069285 0.529307
 77.380004 0.786146 0.263190
 77.580004 1.009643 0.422937
 77.780004 0.853331 0.639214
 77.980004 0.912898 0.168459
 78.180004 0.708913 0.808536
 78.380004 0.847626 0.006658
 78.580004 0.851474 0.713828
 78.780004 0.861067 0.135888
 78.980004 0.557554 0.634739
 79.180004 1.056138 0.268736
 79.380004 0.753746 0.394817
 79.580004 1.086710 0.390287
 79.780004 0.842428 0.534138
 79.980004 1.063453 0.201375
 80.180004 0.822738 0.597626
 80.380004 1.050268 0.227139
 80.580004 0.824817 0.450947
 80.780004 1.000302 0.225320
 80.980004 0.661620 0.582313
 81.180004 0.884397 0.326153
 81.380004 0.827029 0.533643
 81.580004 0.707984 0.236944
 81.780004 0.900730 0.603111
 81.980004 0.774423 0.475271
 82.180004 0.928920 0.242281
 82.380004 0.834762 0.669650
 82.580004 0.868001 0.306995
 82.780004 0.850089 0.489208
 82.980004 0.971090 0.481231
 83.180004 0.886790 0.229638
 83.380004 0.941984 0.313677
 83.580004 0.619288 0.739868
 83.780004 0.972938 0.139495
 83.980004 0.729206 0.566217
 84.180004 0.861706 0.452153
 84.380004 0.608182 0.414164
 84.580004 0.943672 0.581043
 84.780004 0.877134 0.254968
 84.980004 0.717531 0.351498
 85.180004 0.861065 0.657047
 85.380004 0.774363 0.168418
 85.580004 0.863598 0.598581
 85.780004 0.872038 0.354874
 85.980004 0.776310 0.308804
 86.180004 1.110673 0.281437
 86.380004 0.918316 0.416105
 86.580004 1.011429 0.239187
 86.780004 0.925541 0.515889
 86.980004 0.936905 0.279584
 87.180004 0.860555 0.527998
 87.380004 0.966128 0.211362
 87.580004 0.816618 0.499231
 87.780004 0.941958 0.383111
 87.980004 0.907673 0.412252
 88.180004 0.993010 0.448076
 88.380004 1.070618 0.387123
 88.580004 0.887829 0.384737
 88.780004 0.780636 0.673854
 88.980004 0.850456 0.168876
 89.180004 0.843305 0.761163
 89.380004 0.939467 0.178398
 89.580004 0.628578 0.553279
 89.780004 0.795455 0.420549
 89.980004 0.809906 0.422235
 90.180004 0.894530 0.456393
 90.380004 0.876929 0.388916
 90.580004 1.014678 0.348124
 90.780004 1.016445 0.560747
 90.980004 0.750235 0.187470
 91.180004 1.037399 0.551962
 91.380004 0.873448 0.370153
 91.580004 0.819485 0.262987
 91.780004 0.744656 0.584082
 91.980004 0.542037 0.252897
 92.180004 0.943245 0.502560
 92.380004 0.799036 0.300297
 92.580004 0.916882 0.258430
 92.780004 0.954309 0.657710
 92.980004 0.803055 0.105182
 93.180004 1.151886 0.417393
 93.380004 0.833459 0.487370
 93.580004 0.922275 0.077774
 93.780004 0.717027 0.812168
 93.980004 0.714335 0.326414
 94.180004 0.789709 0.458689
 94.380004 0.846225 0.493554
 94.580004 0.872461 0.172610
 94.780005 0.848019 0.761117
 94.980005 1.039426 0.139640
 95.180005 0.928704 0.247314
 95.380005 0.959759 0.588284
 95.580005 0.811334 0.218499
 95.780005 0.903990 0.682902
 95.980005 1.104029 0.048276
 96.180005 0.830063 0.347369
 96.380005 1.102725 0.381898
 96.580005 0.603809 0.299221
 96.780005 1.038067 0.326563
 96.980005 0.774784 0.521171
 97.180005 0.711376 0.228349
 97.380005 0.822941 0.686208
 97.580005 0.896624 -0.016037
 97.780005 0.805867 0.368570
 97.980005 0.812352 0.483980
 98.180005 0.759636 0.296148
 98.380005 1.116439 0.393867
 98.580005 0.839501 0.260031
 98.780005 0.856719 0.502416
 98.980005 0.954924 0.423027
 99.180005 0.901238 0.351117
 99.380005 0.892525 0.555235
 99.580005 0.738287 0.300605
 99.780005 0.772348 0.557515
 99.980005 0.779334 0.305150
 100.180005 0.788146 0.542334
 100.380005 0.917899 0.281810
 100.580005 0.863875 0.444610
 100.780005 0.920838 0.463084
 100.980005 1.080061 0.339121
 101.180005 0.820491 0.490222
 101.380005 0.953468 0.286632
 101.580005 0.616602 0.710965
 101.780005 0.783315 0.299800
 101.980005 0.735549 0.613846
 102.180005 0.774737 0.271802
 102.380005 0.830225 0.562464
 102.580005 0.876719 0.352545
 102.780005 0.830068 0.573377
 102.980005 1.107137 0.376914
 103.180005 0.936123 0.398798
 103.380005 1.066820 0.368264
 103.580005 0.803832 0.552090
 103.780005 0.854268 -0.005368
 103.980005 0.750636 0.693324
 104.180005 0.713475 0.221371
 104.380005 0.731036 0.747099
 104.580005 0.877512 0.211515
 104.780005 0.830704 0.321756
 104.980005 0.876481 0.672787
 105.180005 0.972489 0.148350
 105.380005 0.938498 0.484113
 105.580005 0.997039 0.432617
 105.780005 0.813212 0.136908
 105.980005 0.638915 0.708964
 106.180005 0.818447 0.336908
 106.380005 0.669531 0.500973
 106.580005 0.944315 0.292302
 106.780005 0.840798 0.323150
 106.980005 0.915397 0.495078
 107.180005 0.846022 0.311663
 107.380005 1.003883 0.454824
 107.580005 1.014812 0.390017
 107.780005 0.700745 0.382396
 107.980005 1.130723 0.389427
 108.180005 0.788823 0.416538
 108.380005 1.109146 0.122716
 108.580005 0.900867 0.604026
 108.780005 0.680667 0.187695
 108.980005 0.921317 0.463818
 109.180005 0.833165 0.267504
 109.380005 0.896737 0.369015
 109.580005 0.707547 0.497023
 109.780005 0.796802 0.388296
 109.980005 0.944083 0.380300
 110.180005 0.844572 0.563188
 110.380005 0.991726 0.154827
 110.580005 0.742844 0.697059
 110.780005 0.959337 0.169823
 110.980005 0.943340 0.610545
 111.180005 1.054267 0.258092
 111.380005 0.828719 0.430040
 111.580005 0.797742 0.588251
 111.780005 0.704257 0.291002
 111.980005 0.923546 0.333866
 112.180005 0.828680 0.529618
 112.380005 0.880263 0.312595
 112.580005 0.955761 0.404758
 112.780005 0.799201 0.410426
 112.980005 0.970057 0.344171
 113.180005 0.921385 0.471991
 113.380005 0.772673 0.395730
 113.580005 0.945876 0.444132
 113.780005 0.842554 0.327722
 113.980005 0.906472 0.472825
 114.180005 0.990093 0.416540
 114.380005 0.818204 0.221994
 114.580005 0.944654 0.513145
 114.780005 0.923414 0.264794
 114.980005 0.825610 0.393294
 115.180005 0.939146 0.602130
 115.380005 0.929395 0.150076
 115.580005 1.005338 0.579238
 115.780005 0.863917 0.500601
 115.980006 0.734833 0.252373
 116.180006 1.139977 0.630946
 116.380006 0.652454 0.404736
 116.580006 0.691568 0.261440
 116.780006 0.874354 0.744711
 116.980006 0.907131 -0.029192
 117.180006 0.847512 0.622619
 117.380006 0.869485 0.510421
 117.580006 0.972699 0.078684
 117.780006 1.107219 0.683830
 117.980006 0.866321 0.302697
 118.180006 0.552078 0.573230
 118.380006 1.121649 0.528973
 118.580006 0.889172 -0.002960
 118.780006 0.874916 0.634970
 118.980006 0.769637 0.395602
 119.180006 0.723976 0.405622
 119.380006 1.120241 0.561203
 119.580006 0.679521 0.287767
 119.780006 0.803571 0.599937
 119.980006 0.957730 0.350046
 120.180006 0.741218 0.530765
 120.380006 0.933017 0.435900
 120.580006 0.830379 0.365146
 120.780006 1.076768 0.487882
 120.980006 0.867956 0.413548
 121.180006 0.954720 0.322399
 121.380006 1.000509 0.601131
 121.580006 0.730200 0.230268
 121.780006 0.833728 0.507208
 121.980006 0.804415 0.376110
 122.180006 0.629568 0.204974
 122.380006 0.907385 0.645648
 122.580006 0.783673 0.238675
 122.780006 0.841927 0.244597
 122.980006 1.043176 0.664316
 123.180006 0.707702 0.126760
 123.380006 1.031102 0.403105
 123.580006 0.944713 0.374970
 123.780006 0.835393 -0.002291
 123.980006 0.993888 0.729300
 124.180006 0.594652 0.178308
 124.380006 0.844966 0.421221
 124.580006 0.986205 0.492709
 124.780006 0.465818 0.390958
 124.980006 0.871137 0.449549
 125.180006 0.855386 0.453421
 125.380006 0.953850 0.144460
 125.580006 1.033769 0.587377
 125.780006 0.929394 0.358524
 125.980006 1.068365 0.360174
 126.180006 0.894552 0.455469
 126.380006 1.048570 0.371237
 126.580006 0.860359 0.326932
 126.780006 0.697137 0.733152
 126.980006 0.961875 0.161802
 127.180006 0.787863 0.633514
 127.380006 0.959344 0.271521
 127.580006 0.746527 0.460029
 127.780006 0.848742 0.549491
 127.980006 0.885218 0.363697
 128.180006 0.951153 0.240327
 128.380006 0.840352 0.557659
 128.580006 0.593788 0.346834
 128.780006 0.950851 0.384853
 128.980006 0.894892 0.412116
 129.180006 0.763601 0.340023
 129.380006 0.834728 0.619921
 129.580006 0.799194 0.168636
 129.780006 0.842653 0.589156
 129.980006 0.841904 0.393189
 130.180006 0.746558 0.409384
 130.380006 0.906573 0.536102
 130.580006 0.866543 0.031080
 130.780006 0.977548 0.407624
 130.980006 0.897476 0.536758
 131.180006 0.965144 0.256032
 131.380006 1.078631 0.367200
 131.580006 0.918755 0.418499
 131.780006 0.998511 0.297083
 131.980006 0.655072 0.494725
 132.180006 0.899722 0.414565
 132.380006 0.677065 0.402783
 132.580006 0.874025 0.411729
 132.780006 0.815511 0.450967
 132.980006 0.907595 0.418136
 133.180006 0.937098 0.511502
 133.380006 0.903788 0.319883
 133.580006 0.977838 0.400131
 133.780006 0.750112 0.504131
 133.980006 0.952019 0.383047
 134.180006 0.697693 0.390619
 134.380006 0.841681 0.145260
 134.580006 0.832870 0.710571
 134.780006 0.918710 0.198119
 134.980006 0.973236 0.421537
 135.180006 1.039793 0.497383
 135.380006 1.066892 0.241823
 135.580006 1.048447 0.417905
 135.780006 0.752344 0.493165
 135.980006 0.961365 0.237991
 136.180006 0.952883 0.440098
 136.380006 0.879535 0.342397
 136.580006 0.723782 0.569974
 136.780006 0.750049 0.306885
 136.980007 1.049987 0.471271
 137.180007 0.837932 0.322960
 137.380007 0.923325 0.483139
 137.580007 0.874967 0.353627
 137.780007 0.845558 0.196785
 137.980007 0.735416 0.676967
 138.180007 0.717225 0.375889
 138.380007 0.971873 0.427606
 138.580007 0.902210 0.278964
 138.780007 0.896601 0.284039
 138.980007 0.853872 0.763778
 139.180007 0.931875 -0.087332
 139.380007 0.817816 0.653349
 139.580007 1.016391 0.311995
 139.780007 0.756327 0.367037
 139.980007 1.015384 0.393048
 140.180007 0.709057 0.486538
 140.380007 0.799027 0.331169
 140.580007 0.901126 0.523783
 140.780007 0.823342 0.280445
 140.980007 0.987647 0.533450
 141.180007 0.762456 0.314195
 141.380007 0.777508 0.385392
 141.580007 0.861790 0.518659
 141.780007 0.813005 0.387322
 141.980007 0.863614 0.408831
 142.180007 0.998135 0.370120
 142.380007 0.767230 0.487467
 142.580007 0.978228 0.504703
 142.780007 0.831779 0.342543
 142.980007 0.922172 0.475098
 143.180007 0.803328 0.485175
 143.380007 0.907627 0.211143
 143.580007 1.134584 0.508976
 143.780007 0.865737 0.316916
 143.980007 0.956420 0.414119
 144.180007 0.677310 0.508226
 144.380007 0.958344 0.291182
 144.580007 1.027075 0.295406
 144.780007 0.859999 0.448573
 144.980007 0.801860 0.420087
 145.180007 0.734904 0.588971
 145.380007 1.063799 0.282401
 145.580007 0.830304 0.553188
 145.780007 0.920777 0.347936
 145.980007 0.931471 0.343928
 146.180007 0.799550 0.496986
 146.380007 0.620846 0.458694
 146.580007 0.965991 0.390617
 146.780007 0.926315 0.474536
 146.980007 0.917797 0.172231
 147.180007 0.798477 0.658561
 147.380007 0.891956 0.217487
 147.580007 0.917911 0.490406
 147.780007 1.095881 0.241645
 147.980007 0.802680 0.338197
 148.180007 0.840558 0.470165
 148.380007 0.831985 0.293638
 148.580007 0.986474 0.417662
 148.780007 0.956805 0.404308
 148.980007 0.600830 0.503838
 149.180007 0.994433 0.418789
 149.380007 0.771957 0.290417
 149.580007 0.950086 0.262497
 149.780007 1.044876 0.528120
 149.980007 0.868987 0.199082
 150.180007 0.757342 0.554288
 150.380007 0.944320 0.191199
 150.580007 0.851987 0.507866
 150.780007 0.921925 0.304062
 150.980007 0.795790 0.559885
 151.180007 0.941254 0.331074
 151.380007 0.961102 0.606071
 151.580007 0.932073 0.271737
 151.780007 0.860156 0.502880
 151.980007 1.006305 0.344850
 152.180007 0.759825 0.562329
 152.380007 0.994885 0.269706
 152.580007 0.612326 0.512602
 152.780007 0.948647 0.320704
 152.980007 0.743340 0.517176
 153.180007 0.926452 0.340068
 153.380007 0.633120 0.585067
 153.580007 0.986257 0.320578
 153.780007 0.910083 0.428338
 153.980007 0.941711 0.365466
 154.180007 0.879381 0.514631
 154.380007 0.788144 0.328876
 154.580007 0.797952 0.427984
 154.780007 0.850108 0.397724
 154.980007 0.818325 0.258460
 155.180007 0.932012 0.370239
 155.380007 0.745973 0.463588
 155.580007 0.971864 0.346619
 155.780007 0.937329 0.441679
 155.980007 0.856045 0.338034
 156.180007 0.986693 0.473982
 156.380007 0.900584 0.314030
 156.580007 0.701157 0.479049
 156.780007 1.026142 0.374466
 156.980007 0.960057 0.094854
 157.180007 0.852221 0.555487
 157.380007 0.694232 0.322063
 157.580007 0.580038 0.613760
 157.780007 1.034210 0.311577
 157.980008 0.717697 0.411143
 158.180008 0.927493 0.208404
 158.380008 0.774070 0.714714
 158.580008 0.934115 0.083020
 158.780008 1.073681 0.635935
 158.980008 0.891221 0.286291
 159.180008 0.527274 0.643675
 159.380008 0.961993 0.495364
 159.580008 0.695798 0.363012
 159.780008 1.027648 0.250656
 159.980008 0.928775 0.565136
 160.180008 0.951483 0.055633
 160.380008 0.748100 0.814300
 160.580008 0.855805 0.011508
 160.780008 0.649046 0.563466
 160.980008 1.032306 0.407870
 161.180008 0.659857 0.520301
 161.380008 0.963980 0.379960
 161.580008 0.662247 0.546296
 161.780008 1.079304 0.338475
 161.980008 0.956091 0.526558
 162.180008 0.719546 0.281694
 162.380008 0.940578 0.454326
 162.580008 0.991339 0.335532
 162.780008 0.898395 0.404108
 162.980008 0.884524 0.476409
 163.180008 0.638881 0.411606
 163.380008 1.179529 0.375925
 163.580008 0.908197 0.319380
 163.780008 0.930289 0.415598
 163.980008 0.570707 0.671321
 164.180008 0.832102 0.377797
 164.380008 0.957519 0.537850
 164.580008 0.777409 0.437170
 164.780008 0.875481 0.443219
 164.980008 0.594186 0.589319
 165.180008 1.077462 0.267608
 165.380008 0.772059 0.605493
 165.580008 0.827901 0.367026
 165.780008 0.789454 0.447733
 165.980008 0.754390 0.549813
 166.180008 1.192616 0.318105
 166.380008 0.849113 0.467288
 166.580008 0.828392 0.368964
 166.780008 1.064045 0.485528
 166.980008 0.969197 0.388387
 167.180008 0.969693 0.239235
 167.380008 0.661825 0.650256
 167.580008 0.901200 0.251815
 167.780008 0.907857 0.507242
 167.980008 0.994706 0.352645
 168.180008 0.818622 0.517153
 168.380008 0.933765 0.424103
 168.580008 1.065956 0.251119
 168.780008 0.923451 0.510549
 168.980008 0.857190 0.355783
 169.180008 0.796912 0.510649
 169.380008 0.834030 0.350270
 169.580008 0.873802 0.379004
 169.780008 0.937011 0.453706
 169.980008 1.073878 0.212576
 170.180008 0.840273 0.472859
 170.380008 0.776150 0.322358
 170.580008 0.999345 0.314070
 170.780008 1.001588 0.501866
 170.980008 1.052377 0.171930
 171.180008 0.849382 0.595471
 171.380008 0.792087 0.098518
 171.580008 0.897265 0.624585
 171.780008 1.012959 0.339555
 171.980008 0.738980 0.287231
 172.180008 1.009529 0.590273
 172.380008 0.702704 0.184432
 172.580008 0.883899 0.589864
 172.780008 0.841099 0.373600
 172.980008 0.772581 0.369006
 173.180008 1.044771 0.470112
 173.380008 1.011348 0.114035
 173.580008 0.841738 0.616804
 173.780008 0.751403 0.396627
 173.980008 0.944387 0.566867
 174.180008 0.902036 0.375230
 174.380008 0.594628 0.585444
 174.580008 0.790358 0.444037
 174.780008 0.968722 0.283439
 174.980008 0.963804 0.418702
 175.180008 0.980186 0.375529
 175.380008 0.792159 0.526858
 175.580008 1.008078 0.313818
 175.780008 1.040089 0.443391
 175.980008 0.898221 0.453023
 176.180008 0.924381 0.389790
 176.380008 0.959474 0.507392
 176.580008 0.921951 0.246177
 176.780008 0.937086 0.566200
 176.980008 0.939321 0.338909
 177.180008 0.715400 0.472415
 177.380008 1.029358 0.404774
 177.580008 0.736362 0.540540
 177.780008 0.832386 0.289569
 177.980008 0.672380 0.838493
 178.180008 0.813483 0.066580
 178.380008 0.740049 0.523054
 178.580008 0.664870 0.442792
 178.780008 0.785827 0.485664
 178.980009 0.870724 0.454111
 179.180009 0.847498 0.274189
 179.380009 1.171344 0.219084
 179.580009 1.069353 0.500033
 179.780009 0.936170 0.302310
 179.980009 0.996416 0.309690
 180.180009 0.779861 0.537742
 180.380009 1.023197 0.188292
 180.580009 0.761250 0.651117
 180.780009 0.692083 0.442690
 180.980009 0.730797 0.350507
 181.180009 0.756220 0.509474
 181.380009 0.862229 0.342980
 181.580009 0.764061 0.456335
 181.780009 1.187943 0.300414
 181.980009 0.958546 0.223461
 182.180009 1.114728 0.263970
 182.380009 0.899167 0.394265
 182.580009 0.935670 0.241773
 182.780009 0.988385 0.424411
 182.980009 1.024601 0.295098
 183.180009 0.845479 0.364728
 183.380009 0.917750 0.336612
 183.580009 0.938147 0.346312
 183.780009 0.860224 0.643669
 183.980009 0.762863 0.336207
 184.180009 0.828611 0.433651
 184.380009 1.044333 0.506009
 184.580009 0.748641 0.118507
 184.780009 0.765947 0.707164
 184.980009 0.648783 0.233660
 185.180009 0.795936 0.305356
 185.380009 0.889286 0.605597
 185.580009 0.827223 0.148855
 185.780009 0.877654 0.572730
 185.980009 0.722410 0.217260
 186.180009 0.893517 0.456289
 186.380009 0.767511 0.502864
 186.580009 0.768366 0.322737
 186.780009 1.099776 0.638680
 186.980009 0.870605 0.208642
 187.180009 1.063117 0.556441
 187.380009 1.138859 0.322658
 187.580009 0.834837 0.549645
 187.780009 0.914847 0.446393
 187.980009 0.842526 0.296621
 188.180009 1.023295 0.554555
 188.380009 0.797657 0.333293
 188.580009 1.072967 0.231434
 188.780009 0.775281 0.642857
 188.980009 1.028206 0.102620
 189.180009 0.806457 0.421341
 189.380009 0.928471 0.408429
 189.580009 0.661076 0.490461
 189.780009 0.908097 0.456014
 189.980009 0.969191 0.285485
 190.180009 0.759130 0.424274
 190.380009 0.914477 0.502788
 190.580009 0.911036 0.133622
 190.780009 1.124095 0.393714
 190.980009 0.971403 0.339899
 191.180009 0.760556 0.407684
 191.380009 0.786509 0.494394
 191.580009 0.888381 0.441342
 191.780009 0.760511 0.319526
 191.980009 0.524860 0.565831
 192.180009 0.594460 0.389046
 192.380009 1.001264 0.225124
 192.580009 1.096677 0.459039
 192.780009 0.824018 0.385540
 192.980009 0.945735 0.693695
 193.180009 1.090236 0.060443
 193.380009 0.993528 0.735321
 193.580009 0.811446 0.173113
 193.780009 0.733961 0.483416
 193.980009 1.131568 0.313825
 194.180009 0.697693 0.553385
 194.380009 0.944758 0.221147
 194.580009 0.750841 0.704065
 194.780009 0.979105 0.166791
 194.980009 0.846760 0.543269
 195.180009 0.783653 0.359459
 195.380009 0.856560 0.323031
 195.580009 0.705348 0.559726
 195.780009 0.783815 0.523082
 195.980009 0.791262 0.286210
 196.180009 0.818920 0.552324
 196.380009 1.086909 0.099251
 196.580009 0.889583 0.709220
 196.780009 0.775090 0.348641
 196.980009 0.806550 0.450666
 197.180009 0.868792 0.613834
 197.380009 1.053886 -0.022284
 197.580009 0.688017 0.556123
 197.780009 0.786501 0.537997
 197.980009 0.955663 0.075734
 198.180009 1.013691 0.554331
 198.380009 0.986067 0.204247
 198.580009 0.804424 0.316821
 198.780009 0.932787 0.535218
 198.980009 0.810718 0.220133
 199.180009 0.938665 0.412371
 199.380009 0.710558 0.440721
 199.580009 0.730945 0.241042
 199.780009 0.943776 0.428083
 199.980009 0.718143 0.378219
