#! FIELDS time phi psi
#! SET max_psi pi
 0.180000 -1.190571 0.064489
 0.380000 -0.935394 -0.659034
 0.580000 -0.822637 0.121629
 0.780000 -1.035235 -0.492667
 0.980000 -1.161822 -0.125208
 1.180000 -0.819091 -0.491536
 1.380000 -1.071899 -0.130727
 1.580000 -0.793904 -0.427945
 1.780000 -1.239938 -0.129184
 1.980000 -0.941362 -0.574075
 2.180000 -0.965681 -0.017298
 2.380000 -0.870678 -0.683898
 2.580000 -0.853199 0.016314
 2.780000 -0.746057 -0.669697
 2.980000 -0.992154 0.089079
 3.180000 -0.664248 -0.698414
 3.380000 -0.975224 -0.261720
 3.580000 -1.054910 -0.361965
 3.780000 -1.044504 -0.299389
 3.980000 -1.118784 -0.469422
 4.180000 -0.780285 -0.129079
 4.380000 -1.238927 -0.488727
 4.580000 -1.060401 -0.057889
 4.780000 -0.960427 -0.543966
 4.980000 -1.210439 -0.138525
 5.180000 -1.035250 -0.285364
 5.380000 -1.158686 -0.312099
 5.580000 -0.924980 -0.458452
 5.780000 -1.259020 -0.165846
 5.980000 -0.745759 -0.511646
 6.180000 -1.082890 -0.200880
 6.380000 -1.127638 -0.534721
 6.580000 -1.070172 0.031879
 6.780000 -1.176335 -0.545645
 6.980000 -0.786508 -0.283233
 7.180000 -0.970571 -0.431024
 7.380000 -1.139804 -0.138334
 7.580000 -1.001329 -0.307182
 7.780000 -0.827950 -0.360884
 7.980000 -0.996876 -0.337696
 8.180000 -1.105839 -0.267401
 8.380000 -0.964480 -0.367404
 8.580000 -1.030164 -0.236793
 8.780000 -1.107730 -0.472853
 8.980000 -1.050079 -0.258007
 9.180000 -1.129479 -0.209377
 9.380000 -1.065262 -0.446806
 9.580000 -1.137950 -0.248202
 9.780000 -1.130817 -0.316331
 9.980000 -0.983515 -0.251768
 10.180000 -0.906624 -0.430084
 10.380000 -1.266279 -0.226983
 10.580001 -0.964447 -0.367662
 10.780001 -1.078795 -0.259838
 10.980001 -0.799082 -0.453100
 11.180001 -1.001502 -0.224530
 11.380001 -1.006116 -0.372679
 11.580001 -1.032480 -0.279827
 11.780001 -0.935000 -0.404405
 11.980001 -1.214012 -0.343542
 12.180001 -1.210299 -0.183174
 12.380001 -0.969766 -0.407186
 12.580001 -1.179531 -0.305776
 12.780001 -1.120529 -0.228874
 12.980001 -1.181771 -0.419414
 13.180001 -0.865689 -0.385313
 13.380001 -0.787239 -0.333544
 13.580001 -1.113336 -0.365311
 13.780001 -0.987729 -0.361947
 13.980001 -1.164182 -0.256379
 14.180001 -0.867646 -0.463723
 14.380001 -1.117365 -0.081683
 14.580001 -0.894926 -0.508993
 14.780001 -1.015500 -0.193833
 14.980001 -1.002162 -0.436838
 15.180001 -1.057318 -0.129010
 15.380001 -1.006673 -0.422071
 15.580001 -0.963392 -0.251682
 15.780001 -0.934994 -0.306234
 15.980001 -1.172079 -0.226452
 16.180001 -0.928782 -0.499777
 16.380001 -0.932677 -0.123522
 16.580001 -0.945000 -0.598854
 16.780001 -1.022465 0.019668
 16.980001 -1.094853 -0.482942
 17.180001 -0.957010 -0.168225
 17.380001 -0.786929 -0.437647
 17.580001 -1.160479 -0.146992
 17.780001 -0.882644 -0.387772
 17.980001 -1.065395 -0.242973
 18.180001 -1.179315 -0.494708
 18.380001 -1.058964 -0.114023
 18.580001 -1.050354 -0.500639
 18.780001 -0.993670 -0.095832
 18.980001 -1.176760 -0.360457
 19.180001 -1.048395 -0.338016
 19.380001 -1.207259 -0.214034
 19.580001 -0.837092 -0.391886
 19.780001 -0.920386 -0.232743
 19.980001 -0.931321 -0.182626
 20.180001 -0.798251 -0.509096
 20.380001 -0.941491 -0.084895
 20.580001 -1.050085 -0.529682
 20.780001 -0.858473 -0.059165
 20.980001 -0.945518 -0.480919
 21.180001 -1.054189 -0.356856
 21.380001 -1.196168 -0.350286
 21.580001 -1.222467 -0.178363
 21.780001 -0.915108 -0.453912
 21.980001 -1.132449 -0.162219
 22.180001 -1.046110 -0.386285
 22.380001 -1.225313 -0.220125
 22.580001 -1.018758 -0.170986
 22.780001 -0.989119 -0.319052
 22.980001 -0.986210 -0.257234
 23.180001 -0.877707 -0.406634
 23.380001 -0.853375 -0.260129
 23.580001 -0.987060 -0.252921
 23.780001 -0.889432 -0.417131
 23.980001 -1.013066 -0.264950
 24.180001 -1.169868 -0.273489
 24.380001 -0.974084 -0.482531
 24.580001 -0.960822 -0.196216
 24.780001 -1.023199 -0.519997
 24.980001 -0.986916 -0.126398
 25.180001 -0.942689 -0.525829
 25.380001 -1.287002 -0.045782
 25.580001 -0.734190 -0.387758
 25.780001 -1.162218 -0.257710
 25.980001 -0.852354 -0.492679
 26.180001 -1.093401 -0.194299
 26.380001 -1.264431 -0.423912
 26.580001 -1.063900 -0.022797
 26.780001 -0.926895 -0.630325
 26.980001 -0.971952 -0.270835
 27.180001 -1.020256 -0.400011
 27.380001 -1.142084 -0.036143
 27.580001 -0.840883 -0.696008
 27.780001 -1.087402 -0.307456
 27.980001 -0.892468 -0.327884
 28.180001 -0.991090 -0.272952
 28.380001 -0.934127 -0.364938
 28.580001 -0.854155 -0.299887
 28.780001 -1.207444 -0.380729
 28.980001 -1.047633 -0.234108
 29.180001 -0.966104 -0.349845
 29.380001 -1.076213 -0.338469
 29.580001 -1.097880 -0.245247
 29.780001 -1.458208 -0.369987
 29.980001 -0.963485 -0.413747
 30.180001 -0.980139 -0.180767
 30.380001 -1.185394 -0.341399
 30.580001 -1.138344 -0.177710
 30.780001 -1.141732 -0.383861
 30.980001 -0.699240 -0.379651
 31.180001 -1.064164 -0.219807
 31.380001 -0.841846 -0.311768
 31.580001 -1.059930 -0.400563
 31.780002 -0.859550 -0.409005
 31.980002 -0.804635 -0.315365
 32.180002 -1.019550 -0.299553
 32.380002 -0.888942 -0.232217
 32.580002 -0.841871 -0.463027
 32.780002 -1.368850 -0.250828
 32.980002 -1.042498 -0.302896
 33.180002 -1.171985 -0.166404
 33.380002 -1.156789 -0.421679
 33.580002 -1.274038 -0.231003
 33.780002 -1.198341 -0.325482
 33.980002 -1.053252 -0.086743
 34.180002 -0.961008 -0.388746
 34.380002 -1.254329 -0.229434
 34.580002 -0.967161 -0.371733
 34.780002 -1.148203 -0.089779
 34.980002 -0.802690 -0.586012
 35.180002 -0.641414 0.012164
 35.380002 -0.758768 -0.669393
 35.580002 -0.800089 0.009437
 35.780002 -0.804498 -0.637366
 35.980002 -0.994402 -0.064714
 36.180002 -1.163510 -0.454415
 36.380002 -1.098433 -0.162936
 36.580002 -1.093501 -0.436915
 36.780002 -1.065304 -0.097379
 36.980002 -1.032641 -0.487663
 37.180002 -1.082816 -0.130520
 37.380002 -0.877230 -0.521302
 37.580002 -1.139082 -0.147362
 37.780002 -0.767387 -0.361069
 37.980002 -1.073760 -0.276189
 38.180002 -0.881255 -0.352499
 38.380002 -1.106681 -0.344557
 38.580002 -0.985800 -0.244268
 38.780002 -0.963602 -0.173671
 38.980002 -0.911995 -0.515672
 39.180002 -0.985597 -0.194907
 39.380002 -1.053278 -0.384691
 39.580002 -1.076350 -0.178778
 39.780002 -1.077609 -0.202563
 39.980002 -1.171071 -0.415573
 40.180002 -0.971290 -0.349690
 40.380002 -1.017709 -0.349305
 40.580002 -0.881231 -0.229951
 40.780002 -1.007984 -0.260341
 40.980002 -0.828700 -0.349624
 41.180002 -0.936049 -0.116578
 41.380002 -0.925245 -0.515468
 41.580002 -0.992949 -0.074450
 41.780002 -0.945856 -0.516671
 41.980002 -0.868439 -0.197527
 42.180002 -1.198936 -0.280125
 42.380002 -0.872051 -0.409288
 42.580002 -0.903956 -0.408735
 42.780002 -1.267200 -0.271500
 42.980002 -0.839246 -0.391410
 43.180002 -0.925350 -0.304250
 43.380002 -1.137386 -0.462332
 43.580002 -1.054585 -0.065379
 43.780002 -1.121016 -0.543406
 43.980002 -1.051728 -0.333325
 44.180002 -0.914250 -0.450702
 44.380002 -1.271612 -0.171261
 44.580002 -0.979209 -0.429847
 44.780002 -0.934434 -0.442417
 44.980002 -1.277776 -0.257292
 45.180002 -1.227277 -0.215109
 45.380002 -0.798821 -0.523169
 45.580002 -1.005991 -0.143537
 45.780002 -1.138736 -0.541479
 45.980002 -1.042505 -0.185573
 46.180002 -1.116432 -0.309696
 46.380002 -1.089980 -0.283151
 46.580002 -0.923128 -0.271724
 46.780002 -1.241888 -0.435175
 46.980002 -1.059695 -0.234902
 47.180002 -0.852023 -0.218927
 47.380002 -1.085503 -0.432617
 47.580002 -0.934916 -0.126855
 47.780002 -0.981636 -0.406776
 47.980002 -0.817818 -0.386655
 48.180002 -1.074431 -0.251910
 48.380002 -1.063980 -0.360567
 48.580002 -0.783452 -0.450605
 48.780002 -0.997313 -0.361621
 48.980002 -1.171229 -0.153392
 49.180002 -0.849710 -0.452530
 49.380002 -1.072159 -0.366217
 49.580002 -1.176352 -0.263747
 49.780002 -1.185467 -0.361637
 49.980002 -1.039011 -0.372070
 50.180002 -0.814804 -0.405132
 50.380002 -1.146563 -0.365780
 50.580002 -1.117602 -0.237081
 50.780002 -0.985407 -0.370720
 50.980002 -1.009803 -0.452364
 51.180002 -0.908367 -0.150520
 51.380002 -1.036520 -0.424190
 51.580002 -0.907751 -0.303884
 51.780002 -0.930544 -0.433989
 51.980002 -1.129317 -0.308139
 52.180002 -0.884229 -0.235789
 52.380002 -0.765643 -0.462483
 52.580002 -0.877154 -0.309406
 52.780003 -1.002029 -0.236516
 52.980003 -1.036034 -0.443364
 53.180003 -1.024378 -0.177818
 53.380003 -0.737709 -0.611334
 53.580003 -1.072004 -0.057545
 53.780003 -1.125763 -0.309379
 53.980003 -0.999119 -0.312552
 54.180003 -0.848382 -0.459781
 54.380003 -1.161523 -0.235811
 54.580003 -0.886336 -0.286116
 54.780003 -1.170618 -0.175961
 54.980003 -0.928669 -0.465499
 55.180003 -1.051000 -0.229964
 55.380003 -1.135703 -0.390568
 55.580003 -1.066262 -0.149725
 55.780003 -0.900408 -0.326817
 55.980003 -1.058193 -0.360808
 56.180003 -0.875304 -0.144350
 56.380003 -1.178348 -0.329508
 56.580003 -0.834233 -0.354672
 56.780003 -0.993261 -0.098623
 56.980003 -1.035475 -0.587551
 57.180003 -0.891511 0.109946
 57.380003 -0.900482 -0.606779
 57.580003 -1.021343 -0.290743
 57.780003 -0.900710 -0.303209
 57.980003 -1.115046 -0.382942
 58.180003 -0.716610 -0.366759
 58.380003 -1.008744 -0.381670
 58.580003 -1.065055 -0.213836
 58.780003 -0.999959 -0.310145
 58.980003 -0.984940 -0.308532
 59.180003 -1.032594 -0.179798
 59.380003 -1.131772 -0.450649
 59.580003 -1.015453 -0.190029
 59.780003 -0.922606 -0.196388
 59.980003 -1.166448 -0.491804
 60.180003 -1.055618 0.127941
 60.380003 -1.011401 -0.538724
 60.580003 -0.998814 -0.289615
 60.780003 -0.674991 -0.317444
 60.980003 -1.406343 -0.514857
 61.180003 -0.892563 -0.151663
 61.380003 -0.769743 -0.402247
 61.580003 -1.004812 -0.464705
 61.780003 -0.824115 -0.138363
 61.980003 -1.086611 -0.483535
 62.180003 -0.853191 -0.282847
 62.380003 -1.010267 -0.240534
 62.580003 -0.801939 -0.556509
 62.780003 -1.105485 0.023374
 62.980003 -0.931376 -0.503561
 63.180003 -1.022368 -0.427303
 63.380003 -1.229318 -0.158252
 63.580003 -1.056668 -0.399365
 63.780003 -0.636009 -0.605586
 63.980003 -1.237387 -0.152518
 64.180003 -0.991077 -0.361211
 64.380003 -1.198971 -0.201076
 64.580003 -0.969644 -0.527893
 64.780003 -0.890668 -0.235715
 64.980003 -1.190167 -0.383970
 65.180003 -1.156496 -0.206685
 65.380003 -1.071795 -0.239099
 65.580003 -1.059148 -0.545696
 65.780003 -0.866749 -0.032889
 65.980003 -1.061257 -0.448463
 66.180003 -0.910616 -0.275026
 66.380003 -0.964617 0.049272
 66.580003 -1.034801 -0.662009
 66.780003 -0.845151 0.116806
 66.980003 -0.903123 -0.656434
 67.180003 -0.945821 -0.219466
 67.380003 -0.901590 -0.463910
 67.580003 -1.145207 -0.126380
 67.780003 -0.566789 -0.556521
 67.980003 -0.912592 -0.230787
 68.180003 -1.134403 -0.519689
 68.380003 -1.003516 -0.200698
 68.580003 -1.008740 -0.311210
 68.780003 -0.764704 -0.451608
 68.980003 -0.985245 -0.355535
 69.180003 -1.326567 -0.214303
 69.380003 -1.085773 -0.312258
 69.580003 -1.125581 -0.361346
 69.780003 -1.077201 -0.337113
 69.980003 -1.097114 -0.186057
 70.180003 -1.172486 -0.293843
 70.380003 -0.834068 -0.527874
 70.580003 -0.982713 -0.218596
 70.780003 -1.048064 -0.446709
 70.980003 -0.982369 -0.054753
 71.180003 -0.811499 -0.360267
 71.380003 -1.047709 -0.342309
 71.580003 -0.758947 0.012979
 71.780003 -1.081517 -0.397121
 71.980003 -1.053832 -0.290317
 72.180003 -0.896194 -0.191719
 72.380003 -1.128474 -0.482915
 72.580003 -0.859042 -0.052207
 72.780003 -0.949538 -0.558178
 72.980003 -1.120505 -0.298899
 73.180003 -1.120268 -0.333120
 73.380003 -1.447358 -0.228869
 73.580003 -1.099476 -0.532526
 73.780004 -1.100080 -0.299569
 73.980004 -0.999590 -0.335738
 74.180004 -1.255685 -0.196096
 74.380004 -1.153489 -0.307974
 74.580004 -1.012879 -0.319074
 74.780004 -1.041528 -0.431106
 74.980004 -1.061118 0.002711
 75.180004 -0.758604 -0.321229
 75.380004 -0.990329 -0.264710
 75.580004 -0.891269 -0.350519
 75.780004 -1.106524 -0.421080
 75.980004 -1.106880 -0.116854
 76.180004 -0.873665 -0.354558
 76.380004 -0.962877 -0.439913
 76.580004 -0.988002 -0.207666
 76.780004 -1.102818 -0.356065
 76.980004 -1.015151 -0.278693
 77.180004 -1.073364 -0.177030
 77.380004 -1.022978 -0.445128
 77.580004 -0.942386 -0.177025
 77.780004 -1.085263 -0.468245
 77.980004 -0.899957 -0.200199
 78.180004 -1.070095 -0.299492
 78.380004 -0.934705 -0.352243
 78.580004 -0.551662 -0.413168
 78.780004 -1.064446 -0.230409
 78.980004 -0.842940 -0.333604
 79.180004 -1.197922 -0.154683
 79.380004 -0.925869 -0.503495
 79.580004 -1.061303 0.066916
 79.780004 -0.911028 -0.555568
 79.980004 -1.073318 -0.143227
 80.180004 -0.931284 -0.228560
 80.380004 -1.049944 -0.420968
 80.580004 -0.982432 -0.182535
 80.780004 -0.827514 -0.454780
 80.980004 -1.101166 -0.339711
 81.180004 -0.781246 -0.081328
 81.380004 -1.033211 -0.435449
 81.580004 -0.925540 -0.186727
 81.780004 -0.824955 -0.456362
 81.980004 -1.058549 -0.278102
 82.180004 -0.874735 -0.181816
 82.380004 -1.113229 -0.468297
 82.580004 -0.871490 -0.215116
 82.780004 -1.051125 -0.325382
 82.980004 -1.063544 -0.373613
 83.180004 -1.141610 -0.137151
 83.380004 -1.185588 -0.364555
 83.580004 -1.048563 -0.140294
 83.780004 -1.038254 -0.522436
 83.980004 -1.269288 -0.046059
 84.180004 -0.922240 -0.355621
 84.380004 -1.139675 -0.198366
 84.580004 -0.827607 -0.420000
 84.780004 -1.071525 -0.254234
 84.980004 -0.948861 -0.430113
 85.180004 -1.193093 -0.153273
 85.380004 -1.023658 -0.478606
 85.580004 -0.947226 -0.271316
 85.780004 -1.154514 -0.329276
 85.980004 -0.955182 -0.156547
 86.180004 -0.894216 -0.471497
 86.380004 -1.081328 -0.161541
 86.580004 -1.095006 -0.501596
 86.780004 -0.929924 -0.341901
 86.980004 -0.673857 -0.525755
 87.180004 -1.116612 -0.294921
 87.380004 -1.002313 -0.257246
 87.580004 -1.040612 -0.203100
 87.780004 -1.049325 -0.622203
 87.980004 -1.032600 -0.006028
 88.180004 -0.984307 -0.639935
 88.380004 -1.008885 0.037803
 88.580004 -0.978546 -0.205390
 88.780004 -1.035874 -0.451927
 88.980004 -0.907871 -0.128920
 89.180004 -1.008134 -0.395922
 89.380004 -0.860150 -0.464340
 89.580004 -1.273085 0.073432
 89.780004 -1.069205 -0.498927
 89.980004 -0.845901 -0.203028
 90.180004 -1.071308 -0.398235
 90.380004 -0.773633 -0.194930
 90.580004 -1.101110 -0.327205
 90.780004 -0.981147 -0.305605
 90.980004 -0.562193 -0.334736
 91.180004 -1.036504 -0.444710
 91.380004 -0.930378 -0.210049
 91.580004 -1.195848 -0.272589
 91.780004 -1.089107 -0.452874
 91.980004 -0.862338 0.072175
 92.180004 -1.232262 -0.482060
 92.380004 -1.213246 -0.000961
 92.580004 -0.985865 -0.315746
 92.780004 -1.334199 -0.312228
 92.980004 -0.678557 -0.216439
 93.180004 -1.062719 -0.452969
 93.380004 -1.105098 -0.218691
 93.580004 -1.072356 -0.203845
 93.780004 -1.070830 -0.587066
 93.980004 -0.783087 -0.258431
 94.180004 -0.997449 -0.529217
 94.380004 -0.828538 -0.196112
 94.580004 -0.970909 -0.308759
 94.780005 -0.918215 -0.583107
 94.980005 -0.956626 0.183124
 95.180005 -1.254905 -0.568292
 95.380005 -0.947164 -0.117913
 95.580005 -1.051398 -0.314759
 95.780005 -1.173835 -0.364603
 95.980005 -1.088954 -0.072406
 96.180005 -1.158503 -0.430860
 96.380005 -0.908925 -0.386535
 96.580005 -1.199767 -0.082357
 96.780005 -0.845818 -0.537746
 96.980005 -1.150025 -0.159224
 97.180005 -0.953072 -0.394911
 97.380005 -0.833667 -0.320484
 97.580005 -1.018531 -0.276096
 97.780005 -0.749263 -0.324752
 97.980005 -0.708262 -0.321456
 98.180005 -0.972523 -0.426687
 98.380005 -1.004427 -0.117712
 98.580005 -0.943993 -0.451650
 98.780005 -1.069040 -0.347358
 98.980005 -0.981363 -0.152748
 99.180005 -1.111822 -0.340901
 99.380005 -1.006501 -0.154378
 99.580005 -1.031646 -0.380341
 99.780005 -1.128209 -0.257634
 99.980005 -0.952237 -0.078014
 100.180005 -1.171705 -0.369433
 100.380005 -0.888459 -0.399537
 100.580005 -0.972083 -0.228530
 100.780005 -1.079191 -0.380606
 100.980005 -0.863774 -0.214209
 101.180005 -0.907393 -0.456072
 101.380005 -0.893319 -0.319019
 101.580005 -0.905396 -0.368001
 101.780005 -1.132100 -0.220808
 101.980005 -0.926908 -0.208733
 102.180005 -1.075529 -0.426651
 102.380005 -1.037059 -0.171224
 102.580005 -1.149716 -0.254447
 102.780005 -1.135707 -0.307546
 102.980005 -1.061430 -0.093541
 103.180005 -1.140553 -0.499095
 103.380005 -1.027876 -0.225266
 103.580005 -1.046548 -0.326662
 103.780005 -1.169281 -0.297100
 103.980005 -1.044645 -0.063774
 104.180005 -1.029437 -0.605987
 104.380005 -0.947591 -0.082016
 104.580005 -1.064691 -0.225788
 104.780005 -0.821079 -0.482463
 104.980005 -0.812233 -0.076266
 105.180005 -0.900692 -0.518647
 105.380005 -0.823356 -0.280392
 105.580005 -0.973593 -0.177886
 105.780005 -0.932728 -0.513877
 105.980005 -0.836516 -0.016987
 106.180005 -1.044248 -0.550659
 106.380005 -1.096234 -0.179729
 106.580005 -0.961173 -0.238726
 106.780005 -1.306933 -0.473666
 106.980005 -0.874372 -0.117926
 107.180005 -1.185040 -0.504585
 107.380005 -1.242964 -0.118383
 107.580005 -1.034276 -0.234443
 107.780005 -1.285724 -0.329913
 107.980005 -0.788372 -0.395293
 108.180005 -1.033236 -0.341459
 108.380005 -1.117236 -0.230467
 108.580005 -1.024717 -0.184262
 108.780005 -0.888370 -0.566745
 108.980005 -0.924790 -0.106375
 109.180005 -0.960068 -0.729664
 109.380005 -0.969297 -0.000624
 109.580005 -0.984594 -0.312853
 109.780005 -1.044355 -0.378839
 109.980005 -0.881671 -0.127329
 110.180005 -1.092023 -0.326989
 110.380005 -1.028445 -0.299720
 110.580005 -1.012101 -0.178614
 110.780005 -1.089619 -0.623618
 110.980005 -1.104989 0.052074
 111.180005 -0.983626 -0.555394
 111.380005 -1.028832 -0.191248
 111.580005 -0.949222 -0.232380
 111.780005 -1.049032 -0.680757
 111.980005 -0.888527 -0.203439
 112.180005 -0.996496 -0.383621
 112.380005 -1.007764 -0.161328
 112.580005 -1.053475 -0.240609
 112.780005 -0.874583 -0.411254
 112.980005 -0.816662 -0.340326
 113.180005 -1.031888 -0.327696
 113.380005 -1.023892 -0.227915
 113.580005 -1.084789 -0.085323
 113.780005 -1.180843 -0.458640
 113.980005 -0.875872 -0.156490
 114.180005 -1.068485 -0.448680
 114.380005 -1.057417 -0.213343
 114.580005 -1.066636 -0.212887
 114.780005 -1.133256 -0.446479
 114.980005 -0.641789 -0.351328
 115.180005 -1.096656 -0.360271
 115.380005 -0.891286 -0.195742
 115.580005 -1.080105 -0.235767
 115.780005 -1.053574 -0.508857
 115.980006 -0.800014 0.086163
 116.180006 -1.084168 -0.591493
 116.380006 -0.686494 -0.376702
 116.580006 -0.999040 -0.222121
 116.780006 -1.229357 -0.529290
 116.980006 -0.633070 -0.348385
 117.180006 -1.124082 -0.385496
 117.380006 -1.050159 -0.229232
 117.580006 -0.907682 -0.288552
 117.780006 -1.151396 -0.227291
 117.980006 -0.682385 -0.382816
 118.180006 -1.230141 -0.379943
 118.380006 -1.081265 -0.355890
 118.580006 -0.860176 -0.191076
 118.780006 -1.082803 -0.487637
 118.980006 -0.980293 -0.122059
 119.180006 -0.966563 -0.491894
 119.380006 -1.123006 -0.145271
 119.580006 -0.757358 -0.260154
 119.780006 -0.952821 -0.545037
 119.980006 -0.863073 -0.188878
 120.180006 -0.962340 -0.422745
 120.380006 -1.041484 -0.300855
 120.580006 -0.947632 -0.196222
 120.780006 -0.905941 -0.685707
 120.980006 -0.982235 -0.021758
 121.180006 -1.090016 -0.382669
 121.380006 -1.012843 -0.272878
 121.580006 -1.132258 -0.293481
 121.780006 -1.123929 -0.276476
 121.980006 -0.850851 -0.337118
 122.180006 -1.289678 -0.236755
 122.380006 -0.823125 -0.473473
 122.580006 -0.986516 -0.167811
 122.780006 -1.040477 -0.564317
 122.980006 -0.859395 0.000819
 123.180006 -0.912387 -0.571718
 123.380006 -0.848691 -0.163942
 123.580006 -0.838128 -0.232915
 123.780006 -1.135887 -0.372921
 123.980006 -0.914949 -0.247316
 124.180006 -0.912337 -0.341926
 124.380006 -1.062669 -0.391948
 124.580006 -0.855388 -0.100780
 124.780006 -1.173771 -0.587725
 124.980006 -1.077086 -0.114123
 125.180006 -0.849285 -0.301200
 125.380006 -1.275461 -0.473843
 125.580006 -0.869953 -0.072953
 125.780006 -0.926217 -0.457277
 125.980006 -0.863690 -0.509851
 126.180006 -1.218286 0.013673
 126.380006 -1.186440 -0.574875
 126.580006 -0.998375 -0.135813
 126.780006 -0.776005 -0.442060
 126.980006 -1.173120 -0.263866
 127.180006 -1.085220 -0.330945
 127.380006 -1.044333 -0.315249
 127.580006 -0.957685 -0.383286
 127.780006 -1.062240 -0.146641
 127.980006 -1.283007 -0.337586
 128.180006 -1.000368 -0.123172
 128.380006 -1.013547 -0.670843
 128.580006 -1.207593 0.065060
 128.780006 -0.886347 -0.526866
 128.980006 -0.965312 -0.237653
 129.180006 -0.733283 -0.362679
 129.380006 -1.020266 -0.607269
 129.580006 -0.909970 -0.055678
 129.780006 -0.958652 -0.324872
 129.980006 -0.870855 -0.511806
 130.180006 -1.033712 0.013279
 130.380006 -1.201432 -0.313898
 130.580006 -0.800195 -0.303357
 130.780006 -1.053475 -0.285096
 130.980006 -1.272351 -0.380185
 131.180006 -0.982460 -0.271028
 131.380006 -1.152500 -0.177060
 131.580006 -1.011890 -0.427509
 131.780006 -0.737081 -0.089311
 131.980006 -1.098980 -0.543785
 132.180006 -0.764890 -0.322745
 132.380006 -0.819370 -0.437915
 132.580006 -1.211537 -0.231360
 132.780006 -0.724249 -0.304122
 132.980006 -0.990329 -0.434036
 133.180006 -0.896262 -0.289042
 133.380006 -1.063946 -0.235611
 133.580006 -1.158499 -0.294632
 133.780006 -0.990867 -0.203782
 133.980006 -1.117315 -0.444858
 134.180006 -1.023699 -0.136177
 134.380006 -1.126923 -0.392171
 134.580006 -1.005949 -0.331457
 134.780006 -0.912028 -0.396015
 134.980006 -1.267477 -0.276793
 135.180006 -0.814593 -0.374504
 135.380006 -0.853849 -0.255841
 135.580006 -0.907423 -0.565987
 135.780006 -0.915405 -0.081095
 135.980006 -1.023292 -0.349732
 136.180006 -0.913267 -0.242539
 136.380006 -0.875647 -0.157250
 136.580006 -1.070996 -0.404587
 136.780006 -0.978657 -0.165818
 136.980007 -1.000518 -0.403824
 137.180007 -1.076106 -0.303941
 137.380007 -1.001671 -0.303297
 137.580007 -1.152073 -0.313312
 137.780007 -0.846146 -0.213065
 137.980007 -1.162998 -0.348217
 138.180007 -1.015286 -0.317268
 138.380007 -0.825626 -0.153424
 138.580007 -1.186645 -0.506839
 138.780007 -0.796576 -0.026792
 138.980007 -1.111929 -0.591320
 139.180007 -1.105857 -0.057163
 139.380007 -0.578726 -0.289228
 139.580007 -1.175159 -0.413548
 139.780007 -0.468886 -0.346207
 139.980007 -1.124341 -0.088836
 140.180007 -1.061746 -0.535718
 140.380007 -0.914188 0.069218
 140.580007 -1.042234 -0.684138
 140.780007 -0.802310 -0.230367
 140.980007 -1.055055 -0.486075
 141.180007 -1.228026 0.084036
 141.380007 -0.798656 -0.469844
 141.580007 -1.079322 -0.215969
 141.780007 -0.668446 -0.422589
 141.980007 -1.368119 -0.202748
 142.180007 -0.914438 -0.572774
 142.380007 -0.767962 -0.102468
 142.580007 -1.065072 -0.600191
 142.780007 -0.971305 0.106229
 142.980007 -1.031952 -0.467069
 143.180007 -1.016743 -0.153278
 143.380007 -0.680920 -0.517288
 143.580007 -1.063838 -0.167986
 143.780007 -0.879222 -0.603637
 143.980007 -0.926776 -0.007857
 144.180007 -1.131156 -0.576180
 144.380007 -0.789623 -0.171900
 144.580007 -1.097791 -0.493005
 144.780007 -1.351743 -0.119291
 144.980007 -0.830722 -0.392393
 145.180007 -1.115736 -0.333994
 145.380007 -0.806320 -0.377330
 145.580007 -1.122074 -0.337210
 145.780007 -1.108210 -0.309645
 145.980007 -0.884870 -0.313250
 146.180007 -0.952238 -0.383248
 146.380007 -1.094292 -0.037326
 146.580007 -0.897817 -0.463079
 146.780007 -0.985048 -0.236690
 146.980007 -1.232517 -0.337270
 147.180007 -0.965364 -0.338858
 147.380007 -0.968937 -0.210303
 147.580007 -1.298781 -0.391835
 147.780007 -0.878386 -0.276905
 147.980007 -1.198781 -0.251632
 148.180007 -0.931814 -0.447099
 148.380007 -0.741229 -0.252239
 148.580007 -1.265476 -0.275035
 148.780007 -0.720401 -0.278386
 148.980007 -0.935949 -0.178365
 149.180007 -0.856704 -0.436388
 149.380007 -0.963295 -0.234755
 149.580007 -1.142663 -0.292292
 149.780007 -1.055397 -0.217994
 149.980007 -1.311154 -0.258759
 150.180007 -1.003882 -0.418820
 150.380007 -1.098703 -0.165350
 150.580007 -1.048807 -0.298689
 150.780007 -1.024541 -0.298439
 150.980007 -1.043835 -0.318145
 151.180007 -0.993875 -0.198102
 151.380007 -1.028227 -0.334327
 151.580007 -1.056083 -0.195952
 151.780007 -1.080805 -0.367650
 151.980007 -1.014838 -0.243687
 152.180007 -0.908795 -0.502893
 152.380007 -1.032048 -0.094222
 152.580007 -0.961512 -0.410792
 152.780007 -0.955205 -0.218069
 152.980007 -0.886853 -0.520030
 153.180007 -1.032355 -0.078385
 153.380007 -0.782736 -0.546037
 153.580007 -1.081286 -0.009147
 153.780007 -1.039395 -0.502572
 153.980007 -1.149789 -0.170270
 154.180007 -1.039774 -0.444554
 154.380007 -0.918009 -0.198268
 154.580007 -0.913017 -0.591388
 154.780007 -1.185546 -0.009115
 154.980007 -0.903073 -0.554327
 155.180007 -0.889142 -0.234127
 155.380007 -0.775357 -0.415518
 155.580007 -0.747910 -0.340824
 155.780007 -0.906437 -0.242437
 155.980007 -0.960207 -0.256566
 156.180007 -0.930668 -0.508242
 156.380007 -1.121057 -0.223081
 156.580007 -0.994777 -0.332683
 156.780007 -1.088871 -0.247771
 156.980007 -1.058852 -0.305142
 157.180007 -1.274826 -0.223286
 157.380007 -1.063199 -0.457248
 157.580007 -0.899247 -0.229720
 157.780007 -1.157119 -0.348613
 157.980008 -0.927669 -0.158758
 158.180008 -0.988661 -0.432422
 158.380008 -0.943079 -0.406837
 158.580008 -0.882833 -0.132331
 158.780008 -1.080058 -0.533654
 158.980008 -0.931221 -0.295240
 159.180008 -0.829716 -0.219419
 159.380008 -0.940884 -0.677815
 159.580008 -1.240994 0.185817
 159.780008 -0.971622 -0.726110
 159.980008 -1.001092 -0.207927
 160.180008 -1.173269 -0.191449
 160.380008 -0.888167 -0.484232
 160.580008 -1.006909 -0.147290
 160.780008 -0.816869 -0.535135
 160.980008 -0.949757 -0.329379
 161.180008 -1.117573 -0.228212
 161.380008 -1.145493 -0.338585
 161.580008 -0.676703 -0.465260
 161.780008 -0.921673 -0.452490
 161.980008 -1.163859 -0.120415
 162.180008 -0.840408 -0.343697
 162.380008 -1.231834 -0.409296
 162.580008 -1.084606 -0.085173
 162.780008 -0.882633 -0.621984
 162.980008 -1.238712 0.022389
 163.180008 -0.748368 -0.319552
 163.380008 -1.215563 -0.361031
 163.580008 -0.773502 -0.233895
 163.780008 -0.975723 -0.433493
 163.980008 -0.886375 -0.399873
 164.180008 -0.915882 -0.092130
 164.380008 -0.920983 -0.669705
 164.580008 -0.891624 -0.073846
 164.780008 -0.909365 -0.575102
 164.980008 -0.797386 -0.198980
 165.180008 -1.033688 -0.359490
 165.380008 -1.003620 -0.290676
 165.580008 -0.929785 -0.291414
 165.780008 -1.055968 -0.231701
 165.980008 -0.821031 -0.476437
 166.180008 -1.118318 -0.096216
 166.380008 -1.117247 -0.537412
 166.580008 -0.979589 -0.025351
 166.780008 -0.947956 -0.400015
 166.980008 -1.215826 -0.262548
 167.180008 -0.912807 -0.346298
 167.380008 -1.034883 -0.304549
 167.580008 -0.809620 -0.362405
 167.780008 -0.893982 -0.312775
 167.980008 -0.917289 -0.418170
 168.180008 -0.904206 -0.195939
 168.380008 -0.889950 -0.438787
 168.580008 -0.910706 -0.190083
 168.780008 -0.950878 -0.277507
 168.980008 -0.893186 -0.396964
 169.180008 -0.946265 -0.218151
 169.380008 -1.096453 -0.323841
 169.580008 -0.907628 -0.361798
 169.780008 -1.013181 -0.250307
 169.980008 -0.883751 -0.458976
 170.180008 -1.151417 -0.194479
 170.380008 -0.995273 -0.449871
 170.580008 -0.959921 -0.249776
 170.780008 -1.106033 -0.412340
 170.980008 -0.906893 -0.220429
 171.180008 -0.974051 -0.469710
 171.380008 -1.059791 -0.284495
 171.580008 -0.842132 -0.456192
 171.780008 -1.070534 -0.362842
 171.980008 -0.747786 -0.516404
 172.180008 -0.805326 -0.262202
 172.380008 -1.043521 -0.488925
 172.580008 -1.012643 -0.091941
 172.780008 -0.923450 -0.543209
 172.980008 -1.146167 -0.197627
 173.180008 -1.161464 -0.433248
 173.380008 -1.091478 -0.248545
 173.580008 -1.109377 -0.220080
 173.780008 -1.080646 -0.388502
 173.980008 -1.065250 -0.176127
 174.180008 -1.103797 -0.264255
 174.380008 -0.934988 -0.406030
 174.580008 -1.082798 -0.017453
 174.780008 -0.824171 -0.532871
 174.980008 -1.008890 -0.365367
 175.180008 -0.937758 -0.195479
 175.380008 -1.100468 -0.442232
 175.580008 -0.906170 -0.083694
 175.780008 -0.865486 -0.490879
 175.980008 -0.970609 -0.234754
 176.180008 -1.097967 -0.318944
 176.380008 -0.984966 -0.230943
 176.580008 -0.899751 -0.265303
 176.780008 -1.053335 -0.239754
 176.980008 -0.891275 -0.537779
 177.180008 -1.035964 -0.106373
 177.380008 -0.955648 -0.642377
 177.580008 -0.883809 0.200259
 177.780008 -0.961681 -0.469731
 177.980008 -1.119615 -0.234841
 178.180008 -0.725722 -0.416260
 178.380008 -1.134572 -0.269190
 178.580008 -0.691908 -0.394642
 178.780008 -0.982581 -0.051482
 178.980009 -0.962997 -0.608386
 179.180009 -0.718718 0.017531
 179.380009 -1.237169 -0.522384
 179.580009 -0.565031 -0.274636
 179.780009 -1.084530 -0.314231
 179.980009 -0.944793 -0.384840
 180.180009 -0.781853 -0.236225
 180.380009 -1.174689 -0.213448
 180.580009 -0.743286 -0.475823
 180.780009 -1.272482 -0.022057
 180.980009 -0.828192 -0.561810
 181.180009 -0.971495 -0.086951
 181.380009 -1.158274 -0.598607
 181.580009 -1.050399 -0.050060
 181.780009 -1.129254 -0.434855
 181.980009 -1.172417 -0.308249
 182.180009 -0.720175 -0.176989
 182.380009 -1.149580 -0.289190
 182.580009 -1.003924 -0.333281
 182.780009 -0.902755 -0.136172
 182.980009 -1.106770 -0.510641
 183.180009 -0.913907 -0.148497
 183.380009 -0.991383 -0.523378
 183.580009 -1.315642 -0.116582
 183.780009 -0.848591 -0.442128
 183.980009 -1.315368 -0.377762
 184.180009 -0.808125 -0.394787
 184.380009 -1.019273 -0.358353
 184.580009 -1.380067 -0.281382
 184.780009 -1.133798 -0.292241
 184.980009 -0.888996 -0.510051
 185.180009 -1.068876 -0.023761
 185.380009 -1.037947 -0.462982
 185.580009 -1.090510 -0.236144
 185.780009 -0.950878 -0.320557
 185.980009 -0.862378 -0.455006
 186.180009 -1.040262 -0.012909
 186.380009 -0.956085 -0.508127
 186.580009 -0.929082 -0.182980
 186.780009 -0.787389 -0.464943
 186.980009 -1.084033 -0.376354
 187.180009 -0.896120 -0.332418
 187.380009 -0.990064 -0.325067
 187.580009 -1.090399 -0.482873
 187.780009 -1.098351 -0.199586
 187.980009 -1.144217 -0.475980
 188.180009 -1.026443 -0.198923
 188.380009 -1.035657 -0.550635
 188.580009 -1.319383 0.064467
 188.780009 -0.840540 -0.514606
 188.980009 -1.121233 -0.142372
 189.180009 -0.817190 -0.311858
 189.380009 -1.159286 -0.276258
 189.580009 -0.944717 -0.392543
 189.780009 -1.059148 -0.085799
 189.980009 -1.096183 -0.586981
 190.180009 -0.829461 -0.017053
 190.380009 -1.048059 -0.533707
 190.580009 -1.011267 -0.023768
 190.780009 -0.818020 -0.372984
 190.980009 -1.236327 -0.274938
 191.180009 -0.822322 -0.327344
 191.380009 -1.102104 -0.282625
 191.580009 -0.898807 -0.518201
 191.780009 -0.926194 0.027262
 191.980009 -0.945788 -0.622691
 192.180009 -1.005537 -0.078724
 192.380009 -0.839410 -0.553596
 192.580009 -1.144446 -0.063655
 192.780009 -0.830322 -0.453143
 192.980009 -1.003173 -0.231122
 193.180009 -0.834021 -0.384274
 193.380009 -1.199000 -0.169885
 193.580009 -1.055796 -0.398133
 193.780009 -0.935489 -0.099169
 193.980009 -0.963647 -0.623582
 194.180009 -1.041195 0.127866
 194.380009 -0.971984 -0.632499
 194.580009 -1.163261 -0.114151
 194.780009 -0.643082 -0.468200
 194.980009 -0.958289 -0.368434
 195.180009 -0.875067 -0.345301
 195.380009 -1.088359 -0.047926
 195.580009 -0.933364 -0.572485
 195.780009 -0.971486 -0.024685
 195.980009 -0.960315 -0.515242
 196.180009 -0.911582 -0.083095
 196.380009 -0.878278 -0.510224
 196.580009 -1.197691 -0.066172
 196.780009 -0.702541 -0.446284
 196.980009 -1.095229 -0.244250
 197.180009 -0.864640 -0.451479
 197.380009 -1.093094 -0.112562
 197.580009 -1.199570 -0.444818
 197.780009 -1.005134 -0.189103
 197.980009 -1.068408 -0.445905
 198.180009 -1.079885 -0.082416
 198.380009 -1.041487 -0.479571
 198.580009 -1.263396 -0.043632
 198.780009 -0.821565 -0.590780
 198.980009 -1.123871 -0.100763
 199.180009 -0.864691 -0.561078
 199.380009 -0.982912 -0.073923
 199.580009 -1.169591 -0.283424
 199.780009 -0.913702 -0.296205
 199.980009 -1.029212 -0.433850
