#! FIELDS time phi psi
#! SET max_psi pi
 0.180000 1.756410 -0.435277
 0.380000 1.607397 -1.291777
 0.580000 1.418762 -0.689383
 0.780000 1.906984 -0.936824
 0.980000 1.465004 -0.951295
 1.180000 1.694135 -0.773734
 1.380000 1.623964 -1.172675
 1.580000 1.528537 -0.655565
 1.780000 1.514213 -1.198479
 1.980000 1.495969 -0.500303
 2.180000 1.686557 -1.244212
 2.380000 1.348407 -0.676817
 2.580000 1.669429 -1.104828
 2.780000 1.419809 -0.758281
 2.980000 1.679539 -0.937280
 3.180000 1.571102 -1.134184
 3.380000 1.495483 -0.692225
 3.580000 1.453980 -1.162906
 3.780000 1.541112 -0.696693
 3.980000 1.557977 -1.219478
 4.180000 1.618296 -0.595152
 4.380000 1.390190 -1.088228
 4.580000 1.463708 -0.862382
 4.780000 1.635695 -1.022583
 4.980000 1.525660 -1.000692
 5.180000 1.460973 -0.805771
 5.380000 1.411699 -1.115597
 5.580000 1.589877 -0.735288
 5.780000 1.363534 -1.135472
 5.980000 1.680862 -0.622803
 6.180000 1.515179 -1.138555
 6.380000 1.376688 -1.027732
 6.580000 1.649959 -0.747872
 6.780000 1.750776 -1.086864
 6.980000 1.442528 -0.735811
 7.180000 1.590402 -1.006226
 7.380000 1.579559 -0.893231
 7.580000 1.344108 -0.924784
 7.780000 1.364564 -0.944698
 7.980000 1.695549 -0.847298
 8.180000 1.358937 -1.009132
 8.380000 1.412977 -0.834876
 8.580000 1.633458 -1.001481
 8.780000 1.549779 -0.742186
 8.980000 1.431694 -0.950344
 9.180000 1.475751 -1.088496
 9.380000 1.475177 -0.467029
 9.580000 1.350520 -1.217539
 9.780000 1.680653 -0.584648
 9.980000 1.399057 -1.173881
 10.180000 1.314078 -0.525979
 10.380000 1.560680 -1.141221
 10.580001 1.726995 -0.743495
 10.780001 1.256315 -1.063113
 10.980001 1.439695 -0.876826
 11.180001 1.721271 -0.752896
 11.380001 1.356933 -1.163834
 11.580001 1.811033 -0.673937
 11.780001 1.588718 -1.183492
 11.980001 1.315887 -0.788359
 12.180001 1.563744 -1.159021
 12.380001 1.794195 -0.718672
 12.580001 1.228587 -0.911433
 12.780001 1.768351 -1.030544
 12.980001 1.605946 -0.641291
 13.180001 1.506693 -1.276944
 13.380001 1.280292 -0.730816
 13.580001 1.990418 -1.006303
 13.780001 1.524782 -0.995792
 13.980001 1.169598 -1.126481
 14.180001 1.910626 -0.689114
 14.380001 1.537606 -1.040435
 14.580001 1.462885 -1.047357
 14.780001 1.492871 -0.762923
 14.980001 1.569002 -0.968329
 15.180001 1.458647 -1.016127
 15.380001 1.506455 -0.857322
 15.580001 1.696726 -1.009486
 15.780001 1.313704 -0.760464
 15.980001 1.354346 -1.162887
 16.180001 1.391117 -0.681800
 16.380001 1.538359 -1.057897
 16.580001 1.531229 -0.959968
 16.780001 1.478226 -0.905812
 16.980001 1.585794 -1.050823
 17.180001 1.351653 -0.969722
 17.380001 1.622632 -1.037283
 17.580001 1.498522 -0.883339
 17.780001 1.557077 -0.820603
 17.980001 1.361524 -1.048599
 18.180001 1.487598 -0.735434
 18.380001 1.344119 -0.978527
 18.580001 1.400638 -0.945165
 18.780001 1.579956 -0.862515
 18.980001 1.407334 -1.033831
 19.180001 1.438833 -0.926884
 19.380001 1.672770 -0.851776
 19.580001 1.467745 -1.092631
 19.780001 1.286869 -0.659970
 19.980001 1.464294 -1.169949
 20.180001 1.443937 -0.702099
 20.380001 1.352458 -0.986386
 20.580001 1.512191 -0.869075
 20.780001 1.592678 -0.931171
 20.980001 1.405134 -0.915677
 21.180001 1.261532 -0.689831
 21.380001 1.608867 -1.058672
 21.580001 1.578120 -1.000493
 21.780001 1.569500 -0.703003
 21.980001 1.340421 -1.203820
 22.180001 1.378553 -0.701168
 22.380001 1.489485 -1.117448
 22.580001 1.560213 -0.888121
 22.780001 1.533720 -1.016803
 22.980001 1.526109 -0.954080
 23.180001 1.365388 -0.837798
 23.380001 1.515372 -1.058411
 23.580001 1.410634 -0.727755
 23.780001 1.567534 -0.884871
 23.980001 1.427181 -0.971501
 24.180001 1.357393 -0.805999
 24.380001 1.446238 -1.036908
 24.580001 1.486800 -0.773200
 24.780001 1.401754 -1.024329
 24.980001 1.525542 -0.989424
 25.180001 1.581286 -0.839933
 25.380001 1.678980 -1.168834
 25.580001 1.321570 -0.883547
 25.780001 1.537810 -0.976795
 25.980001 1.434556 -1.007275
 26.180001 1.391595 -0.771041
 26.380001 1.488655 -0.931338
 26.580001 1.700870 -0.743992
 26.780001 1.129560 -1.037386
 26.980001 1.440805 -0.769402
 27.180001 1.575255 -1.096629
 27.380001 1.625859 -0.863765
 27.580001 1.291709 -0.906079
 27.780001 1.581873 -1.109431
 27.980001 1.676167 -0.856901
 28.180001 1.420911 -1.091746
 28.380001 1.537763 -1.041841
 28.580001 1.494316 -0.671900
 28.780001 1.385222 -1.110092
 28.980001 1.533733 -0.709332
 29.180001 1.454476 -1.035892
 29.380001 1.399186 -0.711356
 29.580001 1.377029 -0.911505
 29.780001 1.529198 -1.027414
 29.980001 1.371054 -0.705400
 30.180001 1.640417 -1.008460
 30.380001 1.537488 -1.006634
 30.580001 1.310194 -0.933634
 30.780001 1.697955 -0.959415
 30.980001 1.530866 -0.823751
 31.180001 1.256853 -1.086422
 31.380001 1.334289 -0.731903
 31.580001 1.643856 -0.978016
 31.780002 1.510198 -0.982601
 31.980002 1.427761 -0.795148
 32.180002 1.788954 -1.179494
 32.380002 1.463613 -0.700974
 32.580002 1.369222 -1.079276
 32.780002 1.545019 -0.944665
 32.980002 1.513450 -0.736248
 33.180002 1.363412 -1.150411
 33.380002 1.511130 -0.644391
 33.580002 1.532920 -1.224838
 33.780002 1.616647 -0.760902
 33.980002 1.328958 -1.080578
 34.180002 1.741786 -0.918556
 34.380002 1.490530 -0.895227
 34.580002 1.358478 -1.022458
 34.780002 1.562483 -0.810642
 34.980002 1.646069 -0.935676
 35.180002 1.295803 -0.971246
 35.380002 1.381617 -0.870461
 35.580002 1.625098 -0.935772
 35.780002 1.585434 -0.888195
 35.980002 1.400827 -0.966058
 36.180002 1.665802 -1.012676
 36.380002 1.688953 -0.867566
 36.580002 1.361104 -0.973548
 36.780002 1.603766 -0.955886
 36.980002 1.571700 -0.952034
 37.180002 1.375754 -0.837520
 37.380002 1.486580 -0.906369
 37.580002 1.472700 -1.034838
 37.780002 1.398416 -0.682951
 37.980002 1.395924 -1.061885
 38.180002 1.472384 -0.985630
 38.380002 1.470963 -0.932357
 38.580002 1.393796 -0.957041
 38.780002 1.546104 -0.926373
 38.980002 1.468281 -0.993553
 39.180002 1.420158 -0.748806
 39.380002 1.414658 -0.930006
 39.580002 1.496742 -0.961607
 39.780002 1.422842 -0.798110
 39.980002 1.577162 -0.978578
 40.180002 1.494349 -0.886404
 40.380002 1.555084 -0.865856
 40.580002 1.488232 -1.201741
 40.780002 1.308488 -0.749968
 40.980002 1.433584 -1.079650
 41.180002 1.544374 -0.928471
 41.380002 1.603349 -0.891525
 41.580002 1.397704 -1.037899
 41.780002 1.592789 -0.888943
 41.980002 1.541606 -1.160649
 42.180002 1.323787 -0.816232
 42.380002 1.541946 -0.962704
 42.580002 1.451720 -0.927542
 42.780002 1.541230 -0.731879
 42.980002 1.411674 -1.068616
 43.180002 1.518132 -0.718584
 43.380002 1.536755 -0.995262
 43.580002 1.383677 -0.903542
 43.780002 1.442708 -0.915854
 43.980002 1.629956 -1.000724
 44.180002 1.534989 -0.857507
 44.380002 1.407863 -0.958436
 44.580002 1.505364 -0.872053
 44.780002 1.445969 -0.981292
 44.980002 1.406443 -0.934118
 45.180002 1.351749 -0.884196
 45.380002 1.505701 -0.966748
 45.580002 1.482137 -0.793430
 45.780002 1.473181 -0.824344
 45.980002 1.412014 -1.025592
 46.180002 1.451855 -0.869362
 46.380002 1.634306 -0.801966
 46.580002 1.361378 -1.131962
 46.780002 1.620773 -0.808058
 46.980002 1.484239 -0.962238
 47.180002 1.470000 -1.044610
 47.380002 1.419166 -0.965483
 47.580002 1.627892 -1.046004
 47.780002 1.507869 -0.790989
 47.980002 1.391180 -1.016908
 48.180002 1.514430 -0.784748
 48.380002 1.541472 -0.899446
 48.580002 1.333994 -0.823212
 48.780002 1.491814 -0.979871
 48.980002 1.422971 -0.924141
 49.180002 1.489005 -0.919129
 49.380002 1.347351 -0.960246
 49.580002 1.441333 -0.936643
 49.780002 1.717068 -0.919649
 49.980002 1.438595 -0.908452
 50.180002 1.451295 -0.903745
 50.380002 1.494508 -0.943970
 50.580002 1.577105 -0.861913
 50.780002 1.310668 -0.964316
 50.980002 1.467983 -1.035231
 51.180002 1.473437 -0.878488
 51.380002 1.382727 -1.012783
 51.580002 1.554302 -0.873875
 51.780002 1.534164 -0.937662
 51.980002 1.305985 -0.974068
 52.180002 1.622980 -0.765129
 52.380002 1.525758 -0.960111
 52.580002 1.469210 -0.893839
 52.780003 1.275720 -0.934859
 52.980003 1.608691 -0.896560
 53.180003 1.466269 -0.957203
 53.380003 1.385763 -0.859231
 53.580003 1.425823 -0.901327
 53.780003 1.520823 -1.036255
 53.980003 1.450635 -0.822111
 54.180003 1.628602 -1.025110
 54.380003 1.481560 -0.973591
 54.580003 1.460474 -0.795886
 54.780003 1.371735 -1.057140
 54.980003 1.538314 -0.798920
 55.180003 1.451528 -1.094494
 55.380003 1.507749 -0.798189
 55.580003 1.259856 -1.004117
 55.780003 1.484425 -0.913017
 55.980003 1.474882 -0.961469
 56.180003 1.421141 -0.859353
 56.380003 1.359628 -0.978549
 56.580003 1.497774 -0.902932
 56.780003 1.631086 -0.860918
 56.980003 1.593768 -1.009946
 57.180003 1.436578 -1.066903
 57.380003 1.392057 -0.800475
 57.580003 1.467678 -1.125952
 57.780003 1.611288 -0.744747
 57.980003 1.275236 -0.947112
 58.180003 1.395113 -0.764911
 58.380003 1.367509 -0.961481
 58.580003 1.543847 -0.803354
 58.780003 1.427738 -0.959327
 58.980003 1.465067 -0.850762
 59.180003 1.458148 -0.880487
 59.380003 1.472642 -1.016817
 59.580003 1.485342 -1.047555
 59.780003 1.610709 -0.844795
 59.980003 1.618213 -1.048486
 60.180003 1.656197 -0.700487
 60.380003 1.397554 -1.119524
 60.580003 1.345613 -0.876645
 60.780003 1.545791 -1.066421
 60.980003 1.603999 -0.828963
 61.180003 1.252066 -0.900635
 61.380003 1.483722 -0.790866
 61.580003 1.637337 -1.088761
 61.780003 1.343233 -0.811345
 61.980003 1.328982 -0.880192
 62.180003 1.679647 -1.051864
 62.380003 1.520724 -0.680032
 62.580003 1.513343 -1.018385
 62.780003 1.491759 -0.946310
 62.980003 1.436898 -1.117817
 63.180003 1.383247 -0.842407
 63.380003 1.534898 -1.007087
 63.580003 1.464451 -0.910436
 63.780003 1.498135 -0.751273
 63.980003 1.530739 -0.998549
 64.180003 1.391065 -0.740212
 64.380003 1.450605 -1.077380
 64.580003 1.537484 -0.824784
 64.780003 1.654038 -1.003790
 64.980003 1.320183 -1.024946
 65.180003 1.528438 -1.008385
 65.380003 1.624220 -0.930553
 65.580003 1.443977 -0.905276
 65.780003 1.468223 -1.058675
 65.980003 1.592841 -0.936398
 66.180003 1.529775 -0.961799
 66.380003 1.359261 -0.865419
 66.580003 1.356717 -1.039678
 66.780003 1.433406 -0.935500
 66.980003 1.563525 -0.702028
 67.180003 1.556130 -0.960594
 67.380003 1.380124 -0.782148
 67.580003 1.261650 -0.972861
 67.780003 1.667029 -0.828235
 67.980003 1.630584 -1.107963
 68.180003 1.449440 -0.901415
 68.380003 1.462417 -0.950213
 68.580003 1.603911 -1.060547
 68.780003 1.438563 -0.949815
 68.980003 1.579762 -0.928976
 69.180003 1.502818 -0.904296
 69.380003 1.362982 -0.842599
 69.580003 1.398287 -0.940702
 69.780003 1.398712 -0.846554
 69.980003 1.579816 -0.967601
 70.180003 1.278849 -0.879910
 70.380003 1.537009 -0.998565
 70.580003 1.660986 -1.006081
 70.780003 1.397805 -0.834226
 70.980003 1.535059 -1.037453
 71.180003 1.504408 -0.941020
 71.380003 1.256938 -0.808148
 71.580003 1.527477 -1.033932
 71.780003 1.672499 -0.846797
 71.980003 1.291937 -0.933844
 72.180003 1.309344 -0.825054
 72.380003 1.442815 -0.937330
 72.580003 1.683147 -0.905117
 72.780003 1.337534 -0.703282
 72.980003 1.458075 -0.920790
 73.180003 1.498192 -0.782975
 73.380003 1.408779 -0.985793
 73.580003 1.636711 -0.798770
 73.780004 1.431053 -0.975475
 73.980004 1.538489 -0.977819
 74.180004 1.575913 -0.972172
 74.380004 1.592159 -0.864501
 74.580004 1.501635 -1.036136
 74.780004 1.463092 -1.029296
 74.980004 1.498116 -0.943174
 75.180004 1.389048 -0.909319
 75.380004 1.406001 -0.877518
 75.580004 1.389231 -0.936288
 75.780004 1.605238 -0.865478
 75.980004 1.511397 -1.081587
 76.180004 1.531679 -0.789036
 76.380004 1.447619 -1.071091
 76.580004 1.463382 -0.850902
 76.780004 1.413230 -0.980604
 76.980004 1.563627 -1.053549
 77.180004 1.441609 -0.765037
 77.380004 1.496444 -1.038123
 77.580004 1.356822 -0.775346
 77.780004 1.360211 -1.005674
 77.980004 1.518232 -0.907698
 78.180004 1.711967 -0.840418
 78.380004 1.471805 -1.024668
 78.580004 1.323521 -0.935005
 78.780004 1.414634 -1.101517
 78.980004 1.568215 -0.660132
 79.180004 1.548410 -1.224179
 79.380004 1.304755 -0.785114
 79.580004 1.404367 -1.058942
 79.780004 1.538518 -0.910868
 79.980004 1.533484 -0.856769
 80.180004 1.517586 -0.986668
 80.380004 1.388249 -0.880083
 80.580004 1.630936 -0.976882
 80.780004 1.466110 -0.872873
 80.980004 1.432514 -0.927987
 81.180004 1.428019 -1.063103
 81.380004 1.585093 -0.757614
 81.580004 1.358293 -1.073844
 81.780004 1.473324 -0.828056
 81.980004 1.426476 -0.869512
 82.180004 1.419055 -0.961564
 82.380004 1.253239 -0.884967
 82.580004 1.647518 -1.001684
 82.780004 1.694063 -0.736794
 82.980004 1.396592 -1.058781
 83.180004 1.335755 -0.938748
 83.380004 1.679789 -0.923459
 83.580004 1.632015 -1.019269
 83.780004 1.446251 -0.784398
 83.980004 1.534893 -1.144070
 84.180004 1.646280 -0.641992
 84.380004 1.299467 -1.138657
 84.580004 1.395283 -0.667291
 84.780004 1.593833 -1.067586
 84.980004 1.675538 -0.901330
 85.180004 1.377314 -0.838548
 85.380004 1.465722 -1.174164
 85.580004 1.643179 -0.689559
 85.780004 1.384595 -1.017474
 85.980004 1.522277 -0.885805
 86.180004 1.647607 -1.002998
 86.380004 1.345509 -0.891645
 86.580004 1.347315 -0.919141
 86.780004 1.479983 -0.964243
 86.980004 1.525651 -0.870443
 87.180004 1.556653 -0.898530
 87.380004 1.365095 -0.954300
 87.580004 1.415213 -0.747732
 87.780004 1.352340 -1.131903
 87.980004 1.573531 -0.781231
 88.180004 1.569092 -1.028590
 88.380004 1.401186 -0.936988
 88.580004 1.413417 -0.858480
 88.780004 1.477379 -1.040298
 88.980004 1.424337 -0.816226
 89.180004 1.510972 -1.027301
 89.380004 1.553153 -0.847140
 89.580004 1.251155 -1.113642
 89.780004 1.413069 -0.855484
 89.980004 1.503378 -1.012474
 90.180004 1.603092 -0.895168
 90.380004 1.324037 -0.943660
 90.580004 1.521494 -0.913620
 90.780004 1.636173 -0.987790
 90.980004 1.276785 -0.754044
 91.180004 1.441092 -1.059268
 91.380004 1.494644 -0.794368
 91.580004 1.492350 -0.960075
 91.780004 1.478712 -0.972076
 91.980004 1.507307 -0.797976
 92.180004 1.458848 -1.063233
 92.380004 1.346427 -0.893520
 92.580004 1.509611 -0.722464
 92.780004 1.450904 -1.065795
 92.980004 1.598744 -0.807902
 93.180004 1.346208 -0.954939
 93.380004 1.400977 -1.117466
 93.580004 1.627749 -0.675671
 93.780004 1.440940 -1.126235
 93.980004 1.503083 -0.820400
 94.180004 1.499401 -1.028330
 94.380004 1.617943 -0.844983
 94.580004 1.290533 -0.869466
 94.780005 1.447673 -0.934698
 94.980005 1.637998 -0.974374
 95.180005 1.656356 -0.892878
 95.380005 1.339599 -1.036725
 95.580005 1.619401 -0.924696
 95.780005 1.652527 -0.989615
 95.980005 1.486166 -0.930585
 96.180005 1.375264 -0.811942
 96.380005 1.571177 -0.963305
 96.580005 1.660856 -0.807565
 96.780005 1.322851 -0.972156
 96.980005 1.426681 -0.971446
 97.180005 1.752453 -1.101638
 97.380005 1.424630 -1.036301
 97.580005 1.320695 -0.734853
 97.780005 1.540702 -1.130144
 97.980005 1.594977 -0.767799
 98.180005 1.296496 -0.941263
 98.380005 1.461976 -0.849263
 98.580005 1.505283 -1.100288
 98.780005 1.511926 -0.940004
 98.980005 1.338867 -0.882466
 99.180005 1.522636 -0.998191
 99.380005 1.496366 -0.954666
 99.580005 1.487944 -0.911775
 99.780005 1.409211 -1.028411
 99.980005 1.453437 -0.843632
 100.180005 1.458513 -0.983024
 100.380005 1.558274 -0.883720
 100.580005 1.532529 -0.948888
 100.780005 1.459862 -1.001473
 100.980005 1.343552 -0.911681
 101.180005 1.625355 -0.925069
 101.380005 1.362499 -0.970369
 101.580005 1.344083 -0.764498
 101.780005 1.348919 -0.976160
 101.980005 1.586493 -0.949349
 102.180005 1.459440 -0.892142
 102.380005 1.519845 -0.890608
 102.580005 1.417300 -1.001006
 102.780005 1.596625 -0.864203
 102.980005 1.478056 -0.943472
 103.180005 1.518772 -0.910681
 103.380005 1.495068 -1.019732
 103.580005 1.523593 -0.844046
 103.780005 1.376623 -0.895428
 103.980005 1.541290 -0.981907
 104.180005 1.433774 -0.888976
 104.380005 1.497982 -0.862393
 104.580005 1.374248 -1.046805
 104.780005 1.481767 -0.806175
 104.980005 1.616561 -0.965682
 105.180005 1.555745 -0.919583
 105.380005 1.300978 -1.139934
 105.580005 1.672842 -0.782919
 105.780005 1.612325 -0.912369
 105.980005 1.426195 -1.016427
 106.180005 1.301156 -0.953410
 106.380005 1.779048 -0.818947
 106.580005 1.432387 -0.887897
 106.780005 1.339152 -0.957944
 106.980005 1.668697 -0.953269
 107.180005 1.511340 -1.083134
 107.380005 1.230322 -0.827640
 107.580005 1.517390 -1.078257
 107.780005 1.823249 -0.716877
 107.980005 1.311449 -0.995724
 108.180005 1.454825 -0.987267
 108.380005 1.762256 -0.815981
 108.580005 1.420727 -0.977400
 108.780005 1.373429 -1.014955
 108.980005 1.705672 -0.788954
 109.180005 1.642428 -1.062460
 109.380005 1.322369 -0.908406
 109.580005 1.424637 -0.947332
 109.780005 1.598080 -0.849678
 109.980005 1.405209 -1.021113
 110.180005 1.450265 -0.763607
 110.380005 1.634078 -1.091684
 110.580005 1.612991 -0.888564
 110.780005 1.253933 -0.961912
 110.980005 1.937675 -0.969719
 111.180005 1.546619 -0.861086
 111.380005 1.354459 -1.043052
 111.580005 1.421321 -0.815368
 111.780005 1.758349 -0.850163
 111.980005 1.330057 -0.997849
 112.180005 1.576714 -1.034556
 112.380005 1.711846 -0.904806
 112.580005 1.392997 -0.960138
 112.780005 1.498589 -0.953949
 112.980005 1.498501 -0.818728
 113.180005 1.515626 -0.897072
 113.380005 1.475056 -0.957599
 113.580005 1.692872 -0.863442
 113.780005 1.439597 -0.963497
 113.980005 1.287103 -0.977867
 114.180005 1.523141 -0.911919
 114.380005 1.602054 -0.856571
 114.580005 1.406083 -0.984788
 114.780005 1.539242 -0.878498
 114.980005 1.667544 -0.881174
 115.180005 1.535310 -1.078321
 115.380005 1.355721 -0.847634
 115.580005 1.659544 -0.941957
 115.780005 1.565832 -0.950473
 115.980006 1.401945 -0.874619
 116.180006 1.336671 -0.909875
 116.380006 1.613612 -0.895322
 116.580006 1.316068 -0.991220
 116.780006 1.384712 -0.863005
 116.980006 1.739162 -1.014253
 117.180006 1.564117 -0.923749
 117.380006 1.453844 -1.060779
 117.580006 1.469427 -0.858496
 117.780006 1.572856 -1.013811
 117.980006 1.556780 -0.937339
 118.180006 1.392137 -0.881080
 118.380006 1.623081 -0.874793
 118.580006 1.364340 -0.948732
 118.780006 1.509461 -0.874407
 118.980006 1.518898 -0.988418
 119.180006 1.556164 -0.788424
 119.380006 1.306407 -1.098618
 119.580006 1.423668 -0.844432
 119.780006 1.557466 -1.069826
 119.980006 1.484462 -0.768636
 120.180006 1.442141 -0.983850
 120.380006 1.400236 -1.023608
 120.580006 1.452866 -0.768416
 120.780006 1.637107 -0.968502
 120.980006 1.388699 -0.682546
 121.180006 1.449486 -0.993341
 121.380006 1.596753 -0.925516
 121.580006 1.390096 -0.827012
 121.780006 1.580305 -1.273468
 121.980006 1.402233 -0.598588
 122.180006 1.418094 -1.151520
 122.380006 1.469113 -0.900050
 122.580006 1.501224 -0.869142
 122.780006 1.600839 -0.998398
 122.980006 1.535291 -0.806654
 123.180006 1.383213 -1.082641
 123.380006 1.383367 -0.735600
 123.580006 1.549529 -0.956383
 123.780006 1.525892 -0.970219
 123.980006 1.341250 -0.815221
 124.180006 1.463339 -1.118492
 124.380006 1.453300 -0.574113
 124.580006 1.385341 -1.086400
 124.780006 1.357141 -0.890618
 124.980006 1.598845 -0.896977
 125.180006 1.687848 -1.037310
 125.380006 1.321960 -0.874830
 125.580006 1.451863 -1.098406
 125.780006 1.483360 -0.744031
 125.980006 1.416492 -0.973784
 126.180006 1.486252 -0.919042
 126.380006 1.579049 -0.764508
 126.580006 1.365933 -1.088507
 126.780006 1.389849 -0.651925
 126.980006 1.445319 -1.151715
 127.180006 1.359377 -0.735495
 127.380006 1.581214 -1.122949
 127.580006 1.484291 -1.027180
 127.780006 1.408734 -0.836191
 127.980006 1.564903 -1.116493
 128.180006 1.552594 -0.604734
 128.380006 1.577087 -1.081527
 128.580006 1.186968 -0.819088
 128.780006 1.622025 -0.960838
 128.980006 1.644290 -0.989692
 129.180006 1.295707 -0.700168
 129.380006 1.631971 -1.214609
 129.580006 1.357613 -0.576999
 129.780006 1.321503 -1.083851
 129.980006 1.492423 -0.962996
 130.180006 1.666429 -0.799884
 130.380006 1.432605 -1.142022
 130.580006 1.328457 -0.662582
 130.780006 1.558525 -1.264211
 130.980006 1.527153 -0.674671
 131.180006 1.477557 -1.142039
 131.380006 1.439910 -0.816080
 131.580006 1.557080 -1.012340
 131.780006 1.527509 -1.082246
 131.980006 1.382570 -0.679841
 132.180006 1.708046 -1.179304
 132.380006 1.426573 -0.684835
 132.580006 1.236599 -0.986979
 132.780006 1.633170 -0.993520
 132.980006 1.543209 -0.677439
 133.180006 1.371385 -1.068490
 133.380006 1.278693 -0.562837
 133.580006 1.526277 -1.122707
 133.780006 1.568785 -0.863947
 133.980006 1.491992 -0.963924
 134.180006 1.650006 -1.046256
 134.380006 1.393810 -0.802909
 134.580006 1.431121 -1.158668
 134.780006 1.396619 -0.701895
 134.980006 1.528539 -1.061221
 135.180006 1.404764 -1.133139
 135.380006 1.413040 -0.775245
 135.580006 1.458671 -1.027785
 135.780006 1.472599 -0.847410
 135.980006 1.459279 -0.767013
 136.180006 1.331928 -1.099495
 136.380006 1.488797 -0.770942
 136.580006 1.557584 -1.087253
 136.780006 1.603092 -0.846779
 136.980007 1.398084 -0.885375
 137.180007 1.423510 -1.075973
 137.380007 1.456712 -0.685965
 137.580007 1.580724 -1.034792
 137.780007 1.555907 -0.890882
 137.980007 1.291479 -1.016017
 138.180007 1.506995 -0.857583
 138.380007 1.614932 -0.827802
 138.580007 1.559455 -1.051413
 138.780007 1.356310 -0.858640
 138.980007 1.518053 -0.998488
 139.180007 1.736462 -0.884059
 139.380007 1.376662 -0.977263
 139.580007 1.413340 -1.070077
 139.780007 1.501386 -0.692192
 139.980007 1.646867 -1.209308
 140.180007 1.417094 -0.832635
 140.380007 1.462561 -1.124410
 140.580007 1.617580 -0.777391
 140.780007 1.319757 -0.968110
 140.980007 1.358498 -0.933152
 141.180007 1.456595 -0.710076
 141.380007 1.554832 -1.110522
 141.580007 1.273040 -0.744376
 141.780007 1.572478 -0.823721
 141.980007 1.579768 -1.080932
 142.180007 1.508461 -0.722715
 142.380007 1.207935 -1.135207
 142.580007 1.625847 -0.726417
 142.780007 1.617867 -1.162197
 142.980007 1.369171 -0.761964
 143.180007 1.519626 -1.150923
 143.380007 1.428153 -0.908668
 143.580007 1.476292 -0.949443
 143.780007 1.571542 -0.930809
 143.980007 1.419188 -0.823882
 144.180007 1.425955 -0.927181
 144.380007 1.438302 -0.979979
 144.580007 1.349895 -0.825575
 144.780007 1.528014 -0.919891
 144.980007 1.741804 -0.995444
 145.180007 1.423767 -0.879979
 145.380007 1.391155 -0.902189
 145.580007 1.529490 -1.127222
 145.780007 1.445451 -0.819028
 145.980007 1.375341 -1.034545
 146.180007 1.621512 -0.875428
 146.380007 1.453660 -1.008840
 146.580007 1.418395 -0.960758
 146.780007 1.441808 -0.832112
 146.980007 1.576684 -0.988083
 147.180007 1.302254 -0.904688
 147.380007 1.541650 -0.834469
 147.580007 1.450445 -0.980258
 147.780007 1.535695 -0.806032
 147.980007 1.312788 -1.016755
 148.180007 1.444744 -0.934127
 148.380007 1.451870 -0.914869
 148.580007 1.549492 -1.052377
 148.780007 1.516934 -0.950388
 148.980007 1.395363 -0.855755
 149.180007 1.524251 -1.134020
 149.380007 1.470208 -0.774045
 149.580007 1.445146 -0.932419
 149.780007 1.523655 -0.989989
 149.980007 1.350947 -0.806264
 150.180007 1.487073 -0.988287
 150.380007 1.485707 -0.964662
 150.580007 1.597215 -0.758598
 150.780007 1.396886 -1.027339
 150.980007 1.370395 -1.016554
 151.180007 1.528711 -0.939897
 151.380007 1.665360 -0.941252
 151.580007 1.449415 -1.016011
 151.780007 1.301079 -0.878783
 151.980007 1.417441 -0.924816
 152.180007 1.464482 -0.793465
 152.380007 1.444065 -0.930436
 152.580007 1.466322 -0.876590
 152.780007 1.518063 -0.886133
 152.980007 1.528268 -0.949083
 153.180007 1.419591 -1.007954
 153.380007 1.380407 -0.956014
 153.580007 1.588398 -1.067544
 153.780007 1.476908 -0.947424
 153.980007 1.568999 -1.016982
 154.180007 1.496003 -0.995176
 154.380007 1.347623 -0.944134
 154.580007 1.537086 -0.863045
 154.780007 1.461002 -0.952536
 154.980007 1.487134 -0.818367
 155.180007 1.383080 -0.927679
 155.380007 1.580364 -0.740154
 155.580007 1.441675 -1.011061
 155.780007 1.326525 -0.863810
 155.980007 1.552529 -0.908639
 156.180007 1.494746 -0.974163
 156.380007 1.339268 -1.000690
 156.580007 1.614649 -0.911757
 156.780007 1.655459 -1.115579
 156.980007 1.431124 -0.889604
 157.180007 1.430318 -0.986514
 157.380007 1.474742 -0.978481
 157.580007 1.508696 -0.715352
 157.780007 1.471833 -1.101351
 157.980008 1.469747 -0.768106
 158.180008 1.485711 -0.972944
 158.380008 1.413844 -1.005424
 158.580008 1.523959 -0.884646
 158.780008 1.653261 -0.958041
 158.980008 1.486347 -1.008332
 159.180008 1.302251 -1.101810
 159.380008 1.590623 -0.784216
 159.580008 1.635964 -1.014072
 159.780008 1.446070 -0.880261
 159.980008 1.416723 -0.915549
 160.180008 1.390121 -0.872964
 160.380008 1.454154 -0.859651
 160.580008 1.505550 -0.847428
 160.780008 1.388222 -0.877594
 160.980008 1.426639 -0.821547
 161.180008 1.542002 -0.955038
 161.380008 1.441703 -0.932730
 161.580008 1.504451 -0.976781
 161.780008 1.516209 -0.984731
 161.980008 1.554797 -1.079494
 162.180008 1.473220 -0.898191
 162.380008 1.417150 -0.829674
 162.580008 1.481713 -1.008441
 162.780008 1.323251 -0.891195
 162.980008 1.451252 -0.941432
 163.180008 1.457198 -0.988953
 163.380008 1.577552 -0.635727
 163.580008 1.350108 -1.002914
 163.780008 1.356161 -0.836402
 163.980008 1.491384 -0.864533
 164.180008 1.646860 -1.071937
 164.380008 1.458252 -0.925367
 164.580008 1.375836 -1.108225
 164.780008 1.518073 -0.944301
 164.980008 1.521677 -0.926018
 165.180008 1.185134 -0.742782
 165.380008 1.614794 -1.099525
 165.580008 1.552213 -0.842766
 165.780008 1.324525 -0.824429
 165.980008 1.436173 -0.980442
 166.180008 1.439586 -0.773377
 166.380008 1.531336 -1.032833
 166.580008 1.428267 -0.835540
 166.780008 1.432286 -1.031960
 166.980008 1.530121 -0.977622
 167.180008 1.543925 -0.900470
 167.380008 1.470802 -1.110904
 167.580008 1.387715 -0.856869
 167.780008 1.536401 -1.014898
 167.980008 1.520928 -0.804429
 168.180008 1.409408 -0.912040
 168.380008 1.375627 -1.058193
 168.580008 1.570660 -0.701625
 168.780008 1.558768 -1.076050
 168.980008 1.223886 -1.020778
 169.180008 1.601905 -0.802088
 169.380008 1.761902 -1.061992
 169.580008 1.396587 -0.820590
 169.780008 1.437072 -1.078024
 169.980008 1.628816 -0.705309
 170.180008 1.297386 -1.125566
 170.380008 1.342019 -0.948756
 170.580008 1.993999 -0.757509
 170.780008 1.575008 -1.081378
 170.980008 1.359952 -0.782300
 171.180008 1.696565 -1.072886
 171.380008 1.489878 -0.875743
 171.580008 1.376840 -1.042382
 171.780008 1.406169 -0.878262
 171.980008 1.685720 -1.041736
 172.180008 1.577810 -0.881469
 172.380008 1.256322 -0.812500
 172.580008 1.536858 -1.008594
 172.780008 1.616191 -0.762633
 172.980008 1.463883 -1.012091
 173.180008 1.334311 -0.915080
 173.380008 1.450351 -0.817659
 173.580008 1.439025 -0.924949
 173.780008 1.632938 -1.028701
 173.980008 1.562608 -1.015918
 174.180008 1.327585 -0.944718
 174.380008 1.425271 -0.876519
 174.580008 1.520038 -1.090836
 174.780008 1.672652 -0.803066
 174.980008 1.334360 -0.908075
 175.180008 1.475589 -0.946331
 175.380008 1.495104 -0.860399
 175.580008 1.369725 -0.993139
 175.780008 1.366005 -0.895008
 175.980008 1.681160 -0.917715
 176.180008 1.589206 -0.921252
 176.380008 1.219593 -0.906584
 176.580008 1.499964 -0.998351
 176.780008 1.564554 -0.873136
 176.980008 1.352659 -0.856859
 177.180008 1.560571 -1.064484
 177.380008 1.679112 -0.793404
 177.580008 1.493639 -1.090203
 177.780008 1.438329 -0.924788
 177.980008 1.303737 -1.130565
 178.180008 1.478662 -0.768509
 178.380008 1.614548 -0.951661
 178.580008 1.447532 -1.006462
 178.780008 1.356993 -0.799596
 178.980009 1.465315 -1.039773
 179.180009 1.536165 -0.877559
 179.380009 1.652642 -0.852200
 179.580009 1.393849 -1.099797
 179.780009 1.482864 -0.782419
 179.980009 1.505834 -1.034069
 180.180009 1.445691 -0.961113
 180.380009 1.438464 -1.038567
 180.580009 1.619619 -0.841631
 180.780009 1.476113 -1.054661
 180.980009 1.285546 -0.839945
 181.180009 1.417281 -0.842983
 181.380009 1.670209 -0.885956
 181.580009 1.291740 -0.904607
 181.780009 1.640679 -0.880842
 181.980009 1.549293 -1.150851
 182.180009 1.457681 -0.646977
 182.380009 1.392146 -1.213488
 182.580009 1.537759 -0.724002
 182.780009 1.507185 -1.158592
 182.980009 1.545149 -0.864986
 183.180009 1.531610 -0.938301
 183.380009 1.492492 -0.970346
 183.580009 1.411038 -0.815924
 183.780009 1.283794 -0.975019
 183.980009 1.491900 -0.716253
 184.180009 1.693405 -0.901431
 184.380009 1.483608 -0.912712
 184.580009 1.309943 -0.805341
 184.780009 1.448326 -1.099403
 184.980009 1.486299 -0.653197
 185.180009 1.467037 -1.168611
 185.380009 1.541356 -1.015909
 185.580009 1.465300 -0.884036
 185.780009 1.522058 -1.012737
 185.980009 1.387076 -0.839186
 186.180009 1.659895 -1.188966
 186.380009 1.495820 -0.821792
 186.580009 1.466397 -0.951720
 186.780009 1.494173 -0.978005
 186.980009 1.474227 -0.783627
 187.180009 1.517522 -1.090726
 187.380009 1.413144 -0.675338
 187.580009 1.226366 -0.987298
 187.780009 1.637555 -1.004447
 187.980009 1.232267 -0.630467
 188.180009 1.590830 -1.210034
 188.380009 1.360964 -0.702922
 188.580009 1.610441 -0.902002
 188.780009 1.486375 -1.196755
 188.980009 1.439548 -0.647764
 189.180009 1.382695 -1.135445
 189.380009 1.555041 -0.850721
 189.580009 1.588478 -0.874049
 189.780009 1.327248 -0.973140
 189.980009 1.549767 -0.954680
 190.180009 1.449662 -0.931381
 190.380009 1.533186 -0.917576
 190.580009 1.553907 -0.966683
 190.780009 1.180077 -0.999851
 190.980009 1.543379 -0.923472
 191.180009 1.539507 -1.039031
 191.380009 1.645038 -0.657845
 191.580009 1.334769 -1.107834
 191.780009 1.433508 -0.830986
 191.980009 1.449709 -1.068179
 192.180009 1.534298 -0.903448
 192.380009 1.465956 -1.045412
 192.580009 1.376380 -0.927814
 192.780009 1.536723 -1.047505
 192.980009 1.512800 -0.827063
 193.180009 1.381307 -0.910033
 193.380009 1.750457 -0.927928
 193.580009 1.297116 -0.919377
 193.780009 1.485678 -0.855924
 193.980009 1.500638 -1.093001
 194.180009 1.412562 -0.906334
 194.380009 1.367963 -1.069368
 194.580009 1.505288 -0.776028
 194.780009 1.428197 -1.081769
 194.980009 1.494398 -0.786367
 195.180009 1.440906 -1.128212
 195.380009 1.738008 -0.747000
 195.580009 1.285988 -0.971692
 195.780009 1.669606 -0.904586
 195.980009 1.442317 -0.885523
 196.180009 1.412659 -0.847149
 196.380009 1.347396 -1.077343
 196.580009 1.555094 -0.952078
 196.780009 1.648716 -1.049060
 196.980009 1.620793 -0.883324
 197.180009 1.332324 -0.967091
 197.380009 1.460929 -0.845999
 197.580009 1.503816 -0.895147
 197.780009 1.507959 -0.800660
 197.980009 1.350278 -0.957253
 198.180009 1.524000 -0.829955
 198.380009 1.380427 -0.971492
 198.580009 1.650157 -0.866588
 198.780009 1.419465 -1.007496
 198.980009 1.481641 -0.935966
 199.180009 1.543890 -0.921919
 199.380009 1.624184 -0.983704
 199.580009 1.374857 -0.906497
 199.780009 1.466311 -0.925306
 199.980009 1.416976 -0.933146
