#! FIELDS time phi psi
#! SET max_psi pi
 0.180000 -0.081317 1.257644
 0.380000 -0.184930 0.412381
 0.580000 -0.559011 0.790290
 0.780000 -0.449820 1.044074
 0.980000 -0.037651 0.294016
 1.180000 -0.295125 1.457893
 1.380000 -0.143291 0.456522
 1.580000 -0.461020 1.033487
 1.780000 -0.492874 0.641163
 1.980000 -0.618965 0.931490
 2.180000 -0.655061 0.751634
 2.380000 -0.467967 1.043063
 2.580000 -0.202475 0.627990
 2.780000 -0.151263 0.862792
 2.980000 -0.367869 0.800344
 3.180000 -0.264326 0.640563
 3.380000 -0.440591 1.099823
 3.580000 -0.601623 0.363496
 3.780000 -0.545215 1.176723
 3.980000 -0.136246 0.428602
 4.180000 -0.517128 1.175522
 4.380000 -0.594292 0.448688
 4.580000 -0.504968 0.978273
 4.780000 -0.119517 0.688810
 4.980000 -0.144726 1.023685
 5.180000 -0.416178 0.765058
 5.380000 -0.353927 0.631206
 5.580000 -0.038939 0.999604
 5.780000 -0.284183 0.521893
 5.980000 -0.576627 1.132476
 6.180000 -0.581007 0.407113
 6.380000 -0.002093 1.248683
 6.580000 -0.148890 0.512797
 6.780000 -0.551079 1.056150
 6.980000 -0.266886 0.511888
 7.180000 -0.223140 0.883354
 7.380000 -0.263973 0.805231
 7.580000 -0.526966 0.783189
 7.780000 -0.236482 0.809856
 7.980000 -0.332019 0.727434
 8.180000 -0.641085 1.018196
 8.380000 -0.588946 0.647240
 8.580000 -0.241538 1.080929
 8.780000 -0.351036 0.555550
 8.980000 -0.634563 0.949724
 9.180000 -0.276700 0.738012
 9.380000 -0.382863 0.936251
 9.580000 -0.282089 0.876987
 9.780000 -0.486639 0.709446
 9.980000 -0.190154 0.807765
 10.180000 -0.237196 0.794398
 10.380000 -0.670237 0.904545
 10.580001 -0.549368 0.746942
 10.780001 -0.646068 0.981495
 10.980001 -0.321659 0.784319
 11.180001 -0.578364 0.943470
 11.380001 -0.413919 0.748719
 11.580001 -0.186616 0.824600
 11.780001 -0.168457 0.713125
 11.980001 -0.592386 0.840955
 12.180001 -0.377218 0.746688
 12.380001 0.047279 0.491703
 12.580001 -0.524018 1.007752
 12.780001 -0.500310 0.650345
 12.980001 -0.137590 0.756835
 13.180001 -0.298920 0.771710
 13.380001 -0.833075 0.837916
 13.580001 -0.608923 0.928553
 13.780001 -0.379806 0.715594
 13.980001 -0.395305 0.830161
 14.180001 -0.736441 0.796153
 14.380001 -0.293372 0.979678
 14.580001 -0.013811 0.700409
 14.780001 -0.389709 0.799593
 14.980001 -0.489086 0.876382
 15.180001 -0.413717 0.798276
 15.380001 -0.354654 0.862499
 15.580001 -0.451104 0.654186
 15.780001 -0.504817 0.736542
 15.980001 -0.467627 0.985608
 16.180001 -0.219384 0.520832
 16.380001 -0.499452 0.888526
 16.580001 -0.391845 0.724265
 16.780001 -0.506531 0.982956
 16.980001 -0.424634 0.687933
 17.180001 -0.425399 0.773391
 17.380001 -0.361654 0.801932
 17.580001 -0.533681 0.855097
 17.780001 -0.658871 0.829122
 17.980001 -0.300688 0.825544
 18.180001 -0.319265 0.853698
 18.380001 -0.362116 0.674090
 18.580001 -0.433351 0.810847
 18.780001 -0.457660 0.886900
 18.980001 -0.705828 0.935146
 19.180001 -0.470541 0.594867
 19.380001 -0.442779 0.932795
 19.580001 -0.349289 0.750624
 19.780001 -0.662882 1.029795
 19.980001 -0.341821 0.710659
 20.180001 -0.156056 0.745759
 20.380001 -0.475225 0.767414
 20.580001 -0.535138 0.884726
 20.780001 -0.589467 0.787541
 20.980001 -0.141575 0.734438
 21.180001 -0.436561 0.869387
 21.380001 -0.336787 0.594930
 21.580001 -0.243393 0.869638
 21.780001 -0.187576 0.805275
 21.980001 -0.538897 0.741364
 22.180001 -0.403491 0.840251
 22.380001 -0.076311 0.704012
 22.580001 -0.445155 0.863738
 22.780001 -0.484771 0.726024
 22.980001 -0.242230 0.754440
 23.180001 -0.255800 0.789051
 23.380001 -0.653152 0.805649
 23.580001 -0.646685 0.814761
 23.780001 -0.290267 0.702957
 23.980001 -0.448136 0.956635
 24.180001 -0.548326 0.697265
 24.380001 -0.235736 0.879329
 24.580001 0.052554 0.826672
 24.780001 -0.377974 0.815950
 24.980001 -0.606204 0.855888
 25.180001 -0.108490 0.552342
 25.380001 -0.053642 1.154202
 25.580001 -0.440382 0.706527
 25.780001 -0.568744 0.849916
 25.980001 -0.299719 0.672083
 26.180001 -0.261610 1.008887
 26.380001 -0.543550 0.757658
 26.580001 -0.675786 0.890541
 26.780001 -0.206783 0.683242
 26.980001 -0.267006 1.053182
 27.180001 -0.619538 0.711669
 27.380001 -0.540773 0.841786
 27.580001 -0.197035 0.865441
 27.780001 0.166058 0.939497
 27.980001 -0.408006 0.638414
 28.180001 -0.546590 0.857286
 28.380001 -0.094742 0.848385
 28.580001 -0.054967 0.976089
 28.780001 -0.538653 0.729020
 28.980001 -0.723169 0.682106
 29.180001 0.003616 1.007978
 29.380001 -0.101017 0.685017
 29.580001 -0.601135 1.008853
 29.780001 -0.465217 0.506957
 29.980001 -0.108213 0.883283
 30.180001 -0.313363 0.959056
 30.380001 -0.470449 0.766755
 30.580001 -0.447118 0.712366
 30.780001 0.256253 0.714908
 30.980001 -0.209607 0.824835
 31.180001 -0.447615 0.872536
 31.380001 -0.608032 0.752399
 31.580001 -0.118798 0.835205
 31.780002 -0.234094 0.947933
 31.980002 -0.475282 0.596238
 32.180002 -0.618539 1.002271
 32.380002 -0.159385 0.828579
 32.580002 -0.219977 0.760648
 32.780002 -0.741759 0.963597
 32.980002 -0.352123 0.788875
 33.180002 -0.131339 0.924794
 33.380002 -0.199145 0.880594
 33.580002 -0.578215 0.793774
 33.780002 -0.266409 0.828927
 33.980002 -0.007757 0.581984
 34.180002 -0.303552 1.125325
 34.380002 -0.106081 0.426019
 34.580002 -0.156546 0.925162
 34.780002 -0.213376 0.587196
 34.980002 -0.201610 0.954992
 35.180002 -0.537486 0.649791
 35.380002 -0.567226 0.858028
 35.580002 -0.246899 0.914274
 35.780002 -0.374384 0.772305
 35.980002 -0.492600 1.055250
 36.180002 -0.626843 0.524845
 36.380002 -0.621989 1.187612
 36.580002 -0.451671 0.800381
 36.780002 -0.518203 0.979870
 36.980002 -0.431364 0.745380
 37.180002 -0.322042 0.952221
 37.380002 -0.309018 0.978799
 37.580002 -0.772131 0.916140
 37.780002 -0.749648 0.846063
 37.980002 -0.162586 0.795974
 38.180002 -0.281052 0.975612
 38.380002 -0.325795 0.896267
 38.580002 -0.691686 0.625093
 38.780002 -0.322015 0.981375
 38.980002 -0.267124 0.559749
 39.180002 -0.467604 1.061132
 39.380002 -0.547289 0.631968
 39.580002 -0.241292 0.862835
 39.780002 -0.016625 0.631661
 39.980002 -0.517629 1.041852
 40.180002 -0.276065 0.487159
 40.380002 -0.113256 0.981482
 40.580002 -0.338174 0.637784
 40.780002 -0.420761 0.799702
 40.980002 -0.589963 0.854920
 41.180002 -0.415488 0.726315
 41.380002 -0.196059 1.093959
 41.580002 -0.375369 0.560309
 41.780002 -0.357534 1.095352
 41.980002 -0.608567 0.427069
 42.180002 -0.475304 1.154140
 42.380002 -0.480284 0.711027
 42.580002 -0.579617 1.017376
 42.780002 -0.447204 0.753889
 42.980002 -0.480509 0.983104
 43.180002 -0.118146 0.906469
 43.380002 -0.341581 0.636774
 43.580002 -0.566444 0.861801
 43.780002 -0.258954 0.791597
 43.980002 -0.078915 0.956657
 44.180002 -0.468375 0.805480
 44.380002 -0.324583 0.750128
 44.580002 -0.373203 0.714618
 44.780002 -0.569318 0.940062
 44.980002 -0.566974 0.737903
 45.180002 -0.551511 0.709173
 45.380002 -0.235353 0.761502
 45.580002 -0.298836 0.825801
 45.780002 -0.379350 0.654235
 45.980002 -0.281144 0.935700
 46.180002 -0.339032 0.669043
 46.380002 -0.627260 1.093262
 46.580002 -0.562883 0.489275
 46.780002 -0.335304 0.939573
 46.980002 -0.548439 0.836441
 47.180002 -0.441073 0.853972
 47.380002 -0.345714 0.809922
 47.580002 -0.173212 0.790907
 47.780002 -0.549940 0.856291
 47.980002 -0.719997 0.793032
 48.180002 -0.606795 0.853523
 48.380002 -0.110536 0.919362
 48.580002 -0.121053 0.632645
 48.780002 -0.417684 0.961288
 48.980002 -0.231920 0.669866
 49.180002 -0.279569 0.788822
 49.380002 -0.417558 0.958729
 49.580002 -0.499537 0.574180
 49.780002 -0.302608 0.874116
 49.980002 -0.293567 0.736400
 50.180002 -0.252764 0.918670
 50.380002 -0.442559 0.645751
 50.580002 -0.129890 0.874010
 50.780002 -0.174779 0.713929
 50.980002 -0.681651 0.869194
 51.180002 -0.458859 0.671167
 51.380002 -0.184115 0.758094
 51.580002 -0.364941 0.850861
 51.780002 -0.602943 0.662083
 51.980002 -0.283446 1.034633
 52.180002 -0.284502 0.822712
 52.380002 -0.127215 0.874574
 52.580002 -0.704210 0.757753
 52.780003 -0.537924 0.938600
 52.980003 -0.209566 0.814775
 53.180003 -0.550148 0.722428
 53.380003 -0.439071 0.792376
 53.580003 -0.549565 0.982767
 53.780003 -0.071047 0.759214
 53.980003 -0.615615 0.798922
 54.180003 -0.394064 0.844471
 54.380003 -0.310733 0.879469
 54.580003 -0.507008 0.864965
 54.780003 -0.556124 0.773818
 54.980003 -0.222924 0.822921
 55.180003 -0.103262 0.821494
 55.380003 -0.499862 0.789397
 55.580003 -0.294688 0.804300
 55.780003 -0.179592 0.910818
 55.980003 0.054859 0.616128
 56.180003 -0.547859 0.908146
 56.380003 -0.603102 0.763131
 56.580003 -0.190372 0.740163
 56.780003 -0.544892 0.842898
 56.980003 -0.523038 0.847692
 57.180003 -0.499327 0.872833
 57.380003 -0.273029 0.832408
 57.580003 -0.358018 0.920382
 57.780003 -0.529976 0.780480
 57.980003 -0.231066 0.716245
 58.180003 -0.477090 0.848237
 58.380003 -0.714775 0.891270
 58.580003 -0.423823 0.786168
 58.780003 -0.260967 0.717966
 58.980003 -0.441651 0.846277
 59.180003 -0.398586 0.719062
 59.380003 -0.211040 0.812503
 59.580003 -0.341905 0.718212
 59.780003 -0.315155 0.635248
 59.980003 -0.574763 0.941595
 60.180003 -0.319697 0.520602
 60.380003 -0.542383 1.194737
 60.580003 -0.466972 0.569172
 60.780003 -0.292782 0.996058
 60.980003 -0.392574 0.668083
 61.180003 -0.419082 0.907773
 61.380003 -0.366258 0.657545
 61.580003 -0.157034 0.746052
 61.780003 -0.336863 0.935257
 61.980003 -0.275804 0.610817
 62.180003 -0.447820 0.915466
 62.380003 -0.263884 0.587067
 62.580003 -0.350288 0.957234
 62.780003 -0.636695 0.724195
 62.980003 -0.269368 0.917313
 63.180003 -0.181909 0.748785
 63.380003 -0.450233 0.810421
 63.580003 -0.484766 0.709337
 63.780003 -0.235003 0.866527
 63.980003 -0.164653 0.747376
 64.180003 -0.492461 0.792452
 64.380003 -0.376147 0.918842
 64.580003 -0.067566 0.690675
 64.780003 -0.157044 0.761681
 64.980003 -0.574026 0.842668
 65.180003 -0.263669 0.620503
 65.380003 -0.121083 0.743388
 65.580003 -0.508909 0.930501
 65.780003 -0.448736 0.648262
 65.980003 -0.174919 0.848557
 66.180003 -0.258810 0.821103
 66.380003 -0.613502 0.797922
 66.580003 -0.329837 0.776225
 66.780003 0.019193 0.676425
 66.980003 -0.359341 0.751397
 67.180003 -0.508960 0.821329
 67.380003 -0.428854 0.906581
 67.580003 -0.173749 0.557300
 67.780003 -0.574157 1.083780
 67.980003 -0.472612 0.674703
 68.180003 -0.048050 0.905880
 68.380003 -0.235469 0.971686
 68.580003 -0.384269 0.592235
 68.780003 -0.354939 0.889777
 68.980003 -0.231572 0.446294
 69.180003 -0.595190 1.241356
 69.380003 -0.542037 0.639641
 69.580003 -0.104681 0.738765
 69.780003 -0.248577 0.816403
 69.980003 -0.434278 0.639428
 70.180003 -0.353484 0.976639
 70.380003 -0.149561 0.563055
 70.580003 -0.497229 0.994623
 70.780003 -0.692933 0.828270
 70.980003 -0.449116 0.846216
 71.180003 -0.301491 0.824836
 71.380003 -0.719488 0.719597
 71.580003 -0.340031 1.115406
 71.780003 -0.101015 0.639225
 71.980003 -0.364855 0.817468
 72.180003 -0.711387 0.922744
 72.380003 -0.310604 0.796262
 72.580003 -0.096611 0.927028
 72.780003 -0.322280 0.366395
 72.980003 -0.550069 1.047718
 73.180003 -0.102167 0.704102
 73.380003 0.078262 0.974799
 73.580003 -0.267975 0.735208
 73.780004 -0.444847 0.865240
 73.980004 -0.458288 0.792550
 74.180004 -0.299242 0.943600
 74.380004 -0.634957 0.889214
 74.580004 -0.582983 0.625436
 74.780004 -0.331653 0.882890
 74.980004 -0.427964 0.802456
 75.180004 -0.236385 0.840429
 75.380004 -0.471494 0.839900
 75.580004 -0.578580 0.919748
 75.780004 -0.586169 1.029764
 75.980004 -0.603664 0.513889
 76.180004 -0.390314 1.200907
 76.380004 -0.145120 0.594832
 76.580004 -0.372986 1.015667
 76.780004 -0.529817 0.789805
 76.980004 -0.695499 0.623905
 77.180004 -0.139983 1.195439
 77.380004 -0.234742 0.680067
 77.580004 -0.405279 1.089327
 77.780004 -0.592145 0.433144
 77.980004 -0.328840 0.933522
 78.180004 -0.195316 0.897176
 78.380004 -0.426807 0.601212
 78.580004 -0.609370 1.031533
 78.780004 -0.118878 0.513863
 78.980004 -0.190470 1.090470
 79.180004 -0.376563 0.629580
 79.380004 -0.883612 1.021350
 79.580004 -0.326281 0.795034
 79.780004 0.118288 0.919319
 79.980004 -0.350370 0.914653
 80.180004 -0.490361 0.846900
 80.380004 -0.357583 0.744041
 80.580004 -0.056574 0.815247
 80.780004 -0.569285 0.771233
 80.980004 -0.668041 0.804205
 81.180004 -0.286499 0.764328
 81.380004 -0.086553 0.775500
 81.580004 -0.519330 0.689298
 81.780004 -0.510048 0.883390
 81.980004 -0.215175 0.760086
 82.180004 -0.597181 0.898780
 82.380004 -0.593592 0.651524
 82.580004 -0.283047 0.926635
 82.780004 -0.333149 0.895932
 82.980004 -0.584062 0.833550
 83.180004 -0.364263 0.806593
 83.380004 -0.023863 0.899540
 83.580004 -0.633201 0.896191
 83.780004 -0.478381 0.761687
 83.980004 -0.302838 0.814934
 84.180004 0.079925 0.921255
 84.380004 -0.432994 0.847428
 84.580004 -0.671942 0.838200
 84.780004 -0.397669 0.739616
 84.980004 -0.414339 1.018163
 85.180004 -0.438661 0.743710
 85.380004 -0.706127 0.869378
 85.580004 -0.297911 0.748333
 85.780004 -0.246215 0.808444
 85.980004 -0.599068 0.895113
 86.180004 -0.399209 0.688757
 86.380004 -0.318542 0.924018
 86.580004 -0.222948 0.818337
 86.780004 -0.432738 0.769634
 86.980004 -0.545587 0.937165
 87.180004 0.095645 0.738337
 87.380004 -0.174979 0.864974
 87.580004 -0.393636 0.731866
 87.780004 -0.293930 0.843463
 87.980004 -0.120213 0.954374
 88.180004 -0.094045 0.571845
 88.380004 -0.676464 1.014827
 88.580004 -0.504445 0.721220
 88.780004 -0.206113 0.857475
 88.980004 -0.711889 0.884875
 89.180004 -0.502203 0.728731
 89.380004 -0.279951 0.877385
 89.580004 -0.204385 0.775520
 89.780004 -0.444713 0.798305
 89.980004 -0.421807 0.782845
 90.180004 -0.340655 0.851867
 90.380004 -0.293727 0.736172
 90.580004 -0.518322 0.821372
 90.780004 -0.414376 0.790426
 90.980004 0.014532 0.889389
 91.180004 -0.164266 0.801799
 91.380004 -0.341978 0.706051
 91.580004 -0.336579 0.879743
 91.780004 -0.001325 0.749443
 91.980004 0.189627 0.947962
 92.180004 -0.348979 0.596396
 92.380004 -0.386885 0.863005
 92.580004 -0.126731 0.573403
 92.780004 0.028452 0.898153
 92.980004 -0.128082 0.860759
 93.180004 -0.596832 0.634129
 93.380004 -0.121556 1.024755
 93.580004 -0.043865 0.494929
 93.780004 -0.142938 1.086077
 93.980004 -0.567841 0.510323
 94.180004 -0.397950 0.978924
 94.380004 -0.178040 0.710642
 94.580004 -0.250063 0.766570
 94.780005 -0.420678 0.665713
 94.980005 0.195016 0.686120
 95.180005 -0.022382 1.102584
 95.380005 -0.109682 0.716553
 95.580005 -0.638496 0.721855
 95.780005 -0.347964 0.953534
 95.980005 -0.199635 0.603394
 96.180005 0.010226 1.005659
 96.380005 -0.505132 0.692684
 96.580005 -0.400401 0.880678
 96.780005 -0.175654 0.767983
 96.980005 -0.296401 0.785149
 97.180005 -0.755078 0.931584
 97.380005 -0.440129 0.617602
 97.580005 -0.070022 1.127966
 97.780005 0.081743 0.599373
 97.980005 -0.388639 0.771922
 98.180005 -0.748334 0.951304
 98.380005 -0.115458 0.759755
 98.580005 -0.286681 0.944877
 98.780005 -0.594923 0.717399
 98.980005 -0.477109 0.939645
 99.180005 -0.330882 0.771787
 99.380005 -0.255116 0.793082
 99.580005 -0.537732 0.645028
 99.780005 -0.294641 0.818634
 99.980005 -0.343909 0.781865
 100.180005 -0.448586 0.827474
 100.380005 -0.436527 0.840890
 100.580005 -0.299259 0.752929
 100.780005 -0.602715 0.885539
 100.980005 -0.455515 0.831883
 101.180005 -0.326277 0.949399
 101.380005 -0.248168 0.918216
 101.580005 -0.415376 0.659024
 101.780005 -0.831947 1.054416
 101.980005 -0.464608 0.692762
 102.180005 -0.242908 1.056791
 102.380005 -0.173470 0.492713
 102.580005 -0.738464 1.070182
 102.780005 -0.376042 0.895098
 102.980005 -0.028274 0.834619
 103.180005 -0.264467 0.827083
 103.380005 -0.536716 0.716919
 103.580005 -0.490647 0.858088
 103.780005 -0.335029 0.862316
 103.980005 -0.305655 0.724342
 104.180005 -0.532129 0.700436
 104.380005 0.085557 0.803515
 104.580005 0.065595 0.893891
 104.780005 -0.341535 0.912218
 104.980005 -0.467610 0.590308
 105.180005 -0.458119 0.880514
 105.380005 -0.165594 0.881857
 105.580005 -0.578741 0.694417
 105.780005 -0.597614 0.882267
 105.980005 -0.032601 0.706219
 106.180005 -0.063053 0.960706
 106.380005 -0.468922 0.614565
 106.580005 -0.462347 0.848903
 106.780005 0.066824 0.745406
 106.980005 -0.063029 0.943795
 107.180005 -0.539803 0.681343
 107.380005 -0.534645 0.685147
 107.580005 -0.159639 0.967276
 107.780005 0.213299 0.699787
 107.980005 -0.323810 0.706044
 108.180005 -0.590569 0.762115
 108.380005 -0.172312 0.937722
 108.580005 0.015173 0.745213
 108.780005 -0.501268 0.826559
 108.980005 -0.389576 0.757417
 109.180005 -0.007536 0.850134
 109.380005 0.094341 0.870077
 109.580005 -0.473578 0.791701
 109.780005 -0.534451 0.751782
 109.980005 0.036595 0.803663
 110.180005 0.317285 0.799474
 110.380005 -0.345270 1.044866
 110.580005 -0.563098 0.555021
 110.780005 -0.392578 1.185871
 110.980005 -0.012947 0.533142
 111.180005 -0.552089 0.833249
 111.380005 -0.808802 0.897105
 111.580005 -0.028282 0.768426
 111.780005 0.390256 0.883874
 111.980005 -0.302179 0.546769
 112.180005 -0.671566 1.002234
 112.380005 -0.187779 0.670783
 112.580005 -0.045156 0.909478
 112.780005 -0.390380 0.608702
 112.980005 -0.558449 0.971144
 113.180005 -0.141716 0.708413
 113.380005 -0.179895 0.846041
 113.580005 -0.686806 0.775040
 113.780005 -0.399015 0.914093
 113.980005 -0.180578 0.959256
 114.180005 -0.269767 0.566691
 114.380005 -0.844529 0.934124
 114.580005 -0.144498 0.773401
 114.780005 0.026638 0.967228
 114.980005 -0.086795 0.802512
 115.180005 -0.613426 0.746916
 115.380005 -0.431862 1.000229
 115.580005 0.065196 0.795439
 115.780005 -0.298983 0.825172
 115.980006 -0.678093 0.679567
 116.180006 0.058880 0.845582
 116.380006 0.066166 0.885432
 116.580006 -0.481099 0.858357
 116.780006 -0.428145 0.594478
 116.980006 -0.256987 0.957939
 117.180006 0.103807 0.688466
 117.380006 -0.319515 0.844151
 117.580006 -0.544521 0.906677
 117.780006 0.034378 0.670483
 117.980006 0.248683 0.868611
 118.180006 -0.402586 0.842385
 118.380006 -0.684114 0.771185
 118.580006 0.260474 0.574718
 118.780006 0.412468 0.931222
 118.980006 -0.278229 0.901104
 119.180006 -0.500301 0.830288
 119.380006 0.183884 0.617336
 119.580006 0.097477 0.622085
 119.780006 -0.707642 1.017795
 119.980006 -0.535302 0.674533
 120.180006 -0.061789 0.887981
 120.380006 0.004093 0.955503
 120.580006 -0.474926 0.712653
 120.780006 -0.258636 0.828187
 120.980006 -0.325227 0.694852
 121.180006 -0.431607 0.918402
 121.380006 -0.607559 0.747881
 121.580006 -0.543589 0.700221
 121.780006 -0.031136 0.903009
 121.980006 -0.268689 0.698963
 122.180006 -0.590576 1.001714
 122.380006 -0.121102 0.625556
 122.580006 -0.037932 0.890228
 122.780006 -0.696855 0.745544
 122.980006 -0.699554 0.898619
 123.180006 -0.205378 0.851802
 123.380006 -0.204337 0.893507
 123.580006 -0.344850 0.904560
 123.780006 -0.723051 0.669437
 123.980006 -0.456943 0.912467
 124.180006 -0.164703 0.957287
 124.380006 -0.207297 0.874128
 124.580006 -0.509778 0.694536
 124.780006 -0.536871 0.944983
 124.980006 -0.171801 0.816479
 125.180006 -0.591633 0.851891
 125.380006 -0.491803 0.778139
 125.580006 -0.387352 0.845572
 125.780006 -0.561710 0.884005
 125.980006 -0.396753 0.858382
 126.180006 -0.517137 0.894610
 126.380006 -0.058913 0.711076
 126.580006 -0.428237 0.954446
 126.780006 -0.627886 0.688613
 126.980006 -0.444958 0.964065
 127.180006 -0.310552 0.606419
 127.380006 -0.649097 1.078215
 127.580006 -0.549247 0.668075
 127.780006 -0.312723 0.945009
 127.980006 -0.422997 0.657440
 128.180006 -0.791923 1.019623
 128.380006 -0.501239 0.713084
 128.580006 -0.235493 0.861958
 128.780006 -0.377570 0.914946
 128.980006 -0.499287 0.831429
 129.180006 -0.239215 0.660451
 129.380006 -0.218729 0.986341
 129.580006 -0.290010 0.630973
 129.780006 -0.606119 0.986642
 129.980006 -0.372810 0.735995
 130.180006 -0.322240 0.858670
 130.380006 -0.460531 0.808845
 130.580006 -0.604308 0.759348
 130.780006 -0.468339 0.938441
 130.980006 -0.196750 0.498189
 131.180006 -0.537622 1.125319
 131.380006 -0.449290 0.672374
 131.580006 -0.490863 0.932209
 131.780006 -0.286777 0.736477
 131.980006 -0.448642 0.803474
 132.180006 -0.356718 0.940816
 132.380006 -0.295030 0.640878
 132.580006 -0.393399 1.077395
 132.780006 -0.172078 0.496020
 132.980006 -0.334743 0.967502
 133.180006 -0.454796 0.556417
 133.380006 -0.565073 0.962078
 133.580006 -0.510139 0.744539
 133.780006 -0.452932 0.866741
 133.980006 -0.381608 0.783926
 134.180006 -0.296359 0.781547
 134.380006 -0.407957 0.985718
 134.580006 -0.529473 0.738580
 134.780006 -0.712503 0.953158
 134.980006 -0.688751 0.753664
 135.180006 -0.745249 0.911762
 135.380006 -0.546111 0.666826
 135.580006 -0.382130 0.998056
 135.780006 -0.257959 0.847465
 135.980006 -0.271546 0.958308
 136.180006 -0.280806 0.682603
 136.380006 -0.352661 0.777448
 136.580006 -0.622251 0.939691
 136.780006 -0.572302 0.679683
 136.980007 -0.592120 0.890502
 137.180007 -0.385532 0.647945
 137.380007 -0.438701 0.934494
 137.580007 -0.297600 0.685512
 137.780007 -0.107794 0.848279
 137.980007 -0.364619 0.888549
 138.180007 -0.506135 0.723692
 138.380007 -0.451982 0.956764
 138.580007 -0.386960 0.637647
 138.780007 -0.519239 1.066981
 138.980007 -0.430143 0.482552
 139.180007 -0.561274 1.203870
 139.380007 -0.555882 0.680985
 139.580007 -0.406088 1.031335
 139.780007 -0.293899 0.668755
 139.980007 -0.514739 0.754370
 140.180007 -0.459791 0.812233
 140.380007 -0.247446 0.624290
 140.580007 -0.319351 0.927968
 140.780007 -0.199176 0.518519
 140.980007 -0.495354 1.038486
 141.180007 -0.423983 0.641517
 141.380007 -0.278031 0.936251
 141.580007 -0.432228 0.806627
 141.780007 -0.294154 0.749371
 141.980007 -0.280007 0.639717
 142.180007 -0.281998 0.891061
 142.380007 -0.317683 0.748687
 142.580007 -0.579012 0.807157
 142.780007 -0.407484 0.729011
 142.980007 -0.566482 0.864812
 143.180007 -0.602299 0.854860
 143.380007 -0.473253 0.725238
 143.580007 -0.069290 0.830134
 143.780007 -0.349149 0.895349
 143.980007 -0.356260 0.777222
 144.180007 -0.525130 0.783055
 144.380007 -0.336731 0.734497
 144.580007 -0.318963 0.869056
 144.780007 -0.541059 0.689310
 144.980007 -0.421045 0.989573
 145.180007 -0.474987 0.703102
 145.380007 -0.446970 0.866783
 145.580007 -0.350494 0.601294
 145.780007 -0.526301 0.958844
 145.980007 -0.464543 0.797290
 146.180007 -0.463558 0.958262
 146.380007 -0.241008 0.796506
 146.580007 -0.274517 0.915011
 146.780007 -0.564096 0.803641
 146.980007 -0.828651 0.932238
 147.180007 -0.254806 0.773722
 147.380007 -0.468918 0.894647
 147.580007 -0.380854 0.905062
 147.780007 -0.384441 0.678140
 147.980007 -0.248305 1.014443
 148.180007 -0.321392 0.620797
 148.380007 -0.686680 0.934108
 148.580007 -0.509140 0.682368
 148.780007 -0.103351 0.945372
 148.980007 -0.118454 0.668901
 149.180007 -0.476359 1.018516
 149.380007 -0.208325 0.468365
 149.580007 -0.149603 0.827281
 149.780007 -0.359119 0.943522
 149.980007 -0.356123 0.721431
 150.180007 -0.515007 0.968146
 150.380007 -0.066035 0.327742
 150.580007 -0.349020 1.220693
 150.780007 -0.504759 0.656515
 150.980007 -0.373865 0.880822
 151.180007 -0.473601 0.618832
 151.380007 -0.493379 1.083462
 151.580007 -0.536106 0.787820
 151.780007 -0.198292 0.777238
 151.980007 -0.397904 0.999003
 152.180007 -0.313667 0.554931
 152.380007 -0.573208 1.028622
 152.580007 -0.228678 0.537818
 152.780007 -0.430480 0.866390
 152.980007 -0.640614 0.721989
 153.180007 -0.175014 0.912162
 153.380007 -0.177361 0.984998
 153.580007 -0.135238 0.709585
 153.780007 -0.555808 0.820192
 153.980007 -0.624677 0.807220
 154.180007 -0.592201 0.864190
 154.380007 -0.514151 0.884165
 154.580007 -0.487509 0.637379
 154.780007 -0.198391 0.913864
 154.980007 0.067556 0.618501
 155.180007 -0.476373 1.145030
 155.380007 -0.408178 0.668207
 155.580007 -0.551476 0.830042
 155.780007 -0.495843 0.979583
 155.980007 -0.307941 0.548831
 156.180007 -0.169950 0.999691
 156.380007 -0.223593 0.573711
 156.580007 -0.431626 1.034250
 156.780007 -0.600996 0.769841
 156.980007 -0.405238 0.716278
 157.180007 -0.174958 0.851846
 157.380007 -0.592195 0.694884
 157.580007 -0.337101 0.920637
 157.780007 -0.051830 0.548175
 157.980008 -0.433863 0.976077
 158.180008 -0.413711 0.615841
 158.380008 -0.226048 0.955419
 158.580008 -0.755646 0.659036
 158.780008 -0.652892 0.914156
 158.980008 -0.348381 0.734950
 159.180008 -0.126654 0.837374
 159.380008 -0.184410 0.988293
 159.580008 -0.410769 0.732052
 159.780008 -0.304313 0.955025
 159.980008 -0.345308 0.645157
 160.180008 -0.526366 0.953639
 160.380008 -0.648298 0.766562
 160.580008 -0.500824 0.771432
 160.780008 -0.189636 0.816070
 160.980008 -0.418914 0.803239
 161.180008 -0.340841 0.812196
 161.380008 -0.277988 0.659445
 161.580008 -0.386012 0.871128
 161.780008 -0.328743 0.758174
 161.980008 -0.672083 0.734235
 162.180008 -0.392544 0.776279
 162.380008 -0.619779 0.779964
 162.580008 -0.541906 0.911294
 162.780008 -0.237494 0.818699
 162.980008 -0.155115 0.663469
 163.180008 -0.322701 0.849375
 163.380008 -0.524965 0.777885
 163.580008 -0.489150 0.983708
 163.780008 -0.497801 0.779491
 163.980008 -0.593398 0.809448
 164.180008 -0.587500 0.805606
 164.380008 -0.481772 0.980856
 164.580008 -0.407678 0.663488
 164.780008 -0.511490 0.814904
 164.980008 -0.310707 0.936752
 165.180008 -0.211110 0.717587
 165.380008 -0.350531 0.872243
 165.580008 -0.552206 0.736531
 165.780008 -0.389792 0.774178
 165.980008 -0.314288 0.845078
 166.180008 -0.471978 0.748342
 166.380008 -0.290929 0.810977
 166.580008 -0.319468 0.797564
 166.780008 -0.190810 0.781534
 166.980008 -0.410650 0.814843
 167.180008 -0.620612 0.778334
 167.380008 -0.539465 1.017423
 167.580008 -0.542047 0.724623
 167.780008 -0.441662 0.882709
 167.980008 -0.465719 0.844690
 168.180008 -0.434711 0.740221
 168.380008 -0.461532 0.919736
 168.580008 -0.264789 0.770719
 168.780008 -0.416245 0.897876
 168.980008 -0.401634 0.723455
 169.180008 -0.521765 0.858500
 169.380008 -0.322347 0.816289
 169.580008 -0.453466 0.715426
 169.780008 -0.539595 0.844897
 169.980008 -0.344104 0.670740
 170.180008 -0.433586 0.905317
 170.380008 -0.378352 0.844911
 170.580008 -0.318793 0.533601
 170.780008 -0.359270 0.884971
 170.980008 -0.363327 0.705726
 171.180008 -0.537084 0.943480
 171.380008 -0.843329 0.756709
 171.580008 -0.313939 0.886296
 171.780008 -0.194154 0.812630
 171.980008 -0.491949 0.798178
 172.180008 -0.554723 0.771040
 172.380008 -0.074369 0.928130
 172.580008 -0.244313 0.920642
 172.780008 -0.263370 0.654295
 172.980008 -0.812298 0.769625
 173.180008 -0.265909 0.850253
 173.380008 -0.039230 0.822846
 173.580008 -0.435165 0.806227
 173.780008 -0.403538 0.740957
 173.980008 -0.281706 0.792938
 174.180008 0.024669 0.764251
 174.380008 -0.438588 0.797670
 174.580008 -0.805826 0.724393
 174.780008 -0.064761 0.743926
 174.980008 -0.253661 0.948168
 175.180008 -0.175666 0.887532
 175.380008 -0.455252 0.592876
 175.580008 -0.271843 0.790419
 175.780008 0.000878 0.880101
 175.980008 -0.127528 0.670016
 176.180008 -0.500106 0.764951
 176.380008 -0.289347 0.626241
 176.580008 0.019551 1.081838
 176.780008 -0.440824 0.689689
 176.980008 -0.594001 0.869337
 177.180008 -0.378869 0.767183
 177.380008 -0.228519 0.769918
 177.580008 -0.351906 0.882904
 177.780008 -0.427942 0.553630
 177.980008 -0.260262 1.007387
 178.180008 0.040887 0.512047
 178.380008 -0.519119 0.896493
 178.580008 -0.488168 0.674608
 178.780008 -0.250754 0.714412
 178.980009 -0.419831 0.980699
 179.180009 -0.590514 0.557502
 179.380009 -0.714392 1.051672
 179.580009 -0.112248 0.660959
 179.780009 -0.416612 0.847677
 179.980009 -0.524530 0.829984
 180.180009 -0.334470 0.531425
 180.380009 -0.102181 0.991618
 180.580009 -0.480627 0.795341
 180.780009 -0.777658 0.954907
 180.980009 -0.328062 0.606646
 181.180009 -0.189831 0.774595
 181.380009 -0.366706 0.900812
 181.580009 -0.571801 0.735764
 181.780009 -0.072975 0.769511
 181.980009 -0.002807 0.693801
 182.180009 -0.607970 0.935879
 182.380009 -0.617661 0.600926
 182.580009 -0.324401 1.030184
 182.780009 -0.151703 0.728742
 182.980009 -0.568265 0.922846
 183.180009 -0.315778 0.458807
 183.380009 -0.215275 1.103393
 183.580009 -0.238610 0.835299
 183.780009 -0.424041 0.669835
 183.980009 -0.608228 0.794028
 184.180009 0.095527 0.815984
 184.380009 -0.065929 0.867641
 184.580009 -0.502178 0.978401
 184.780009 -0.599757 0.697865
 184.980009 -0.125209 0.948667
 185.180009 -0.257342 0.849826
 185.380009 -0.805168 0.972162
 185.580009 -0.569943 0.707432
 185.780009 -0.294555 0.975447
 185.980009 0.192196 0.864332
 186.180009 -0.402268 0.719060
 186.380009 -0.675811 0.883946
 186.580009 -0.324602 0.825484
 186.780009 -0.390313 0.898070
 186.980009 -0.675975 0.900348
 187.180009 -0.705739 0.814350
 187.380009 -0.298357 0.790215
 187.580009 -0.240323 0.979654
 187.780009 -0.477152 0.867990
 187.980009 -0.720243 0.674729
 188.180009 -0.622675 1.113406
 188.380009 -0.319670 0.590440
 188.580009 -0.299747 1.157005
 188.780009 -0.506055 0.795597
 188.980009 -0.277067 0.878283
 189.180009 -0.629700 0.697144
 189.380009 -0.454898 0.713953
 189.580009 -0.136148 0.999992
 189.780009 -0.147388 0.733209
 189.980009 -0.431655 0.826578
 190.180009 -0.331031 0.613277
 190.380009 -0.343687 0.793229
 190.580009 -0.507813 0.938740
 190.780009 -0.416416 0.644411
 190.980009 -0.310077 0.964960
 191.180009 -0.171320 0.702588
 191.380009 -0.624278 0.897174
 191.580009 -0.336040 0.702680
 191.780009 -0.229212 0.840510
 191.980009 -0.528031 0.968032
 192.180009 -0.578064 0.745213
 192.380009 -0.525790 0.928178
 192.580009 -0.252257 0.687333
 192.780009 -0.405021 0.846994
 192.980009 -0.428947 0.808303
 193.180009 -0.174603 0.890572
 193.380009 -0.193691 0.762446
 193.580009 -0.314100 0.779047
 193.780009 -0.594462 0.886553
 193.980009 -0.350374 0.808361
 194.180009 -0.389316 0.692163
 194.380009 -0.467893 0.994585
 194.580009 -0.386416 0.599125
 194.780009 -0.206131 0.991257
 194.980009 -0.276897 0.785615
 195.180009 -0.629096 0.911072
 195.380009 -0.262822 0.688153
 195.580009 -0.479471 0.829858
 195.780009 -0.310526 0.945604
 195.980009 -0.467061 0.662711
 196.180009 -0.399943 0.942671
 196.380009 -0.061950 0.500432
 196.580009 -0.381939 1.129003
 196.780009 -0.301859 0.576485
 196.980009 -0.133352 0.807906
 197.180009 -0.435716 0.921607
 197.380009 -0.347914 0.745251
 197.580009 -0.412965 0.834182
 197.780009 -0.454535 0.773573
 197.980009 -0.251993 0.771367
 198.180009 -0.687938 0.866728
 198.380009 -0.432329 0.673434
 198.580009 -0.434083 0.910311
 198.780009 -0.671227 0.790879
 198.980009 -0.557503 0.858046
 199.180009 -0.356496 0.701959
 199.380009 -0.324055 0.881175
 199.580009 -0.423321 0.741142
 199.780009 -0.374868 0.984248
 199.980009 -0.469750 0.743927
