#! FIELDS time phi psi
#! SET max_psi pi
 0.180000 1.060585 -2.969002
 0.380000 1.419702 -2.543653
 0.580000 1.122549 -2.461037
 0.780000 1.348845 -2.878553
 0.980000 1.184850 -2.245821
 1.180000 1.252240 -2.939961
 1.380000 1.174328 -2.203993
 1.580000 1.388937 -2.666818
 1.780000 1.239021 -2.675184
 1.980000 1.295524 -2.218841
 2.180000 1.429214 -3.013731
 2.380000 1.201458 -2.022006
 2.580000 1.146756 -2.900003
 2.780000 1.334899 -2.363030
 2.980000 1.413629 -2.455534
 3.180000 1.352359 -2.896623
 3.380000 1.070123 -2.126053
 3.580000 1.416740 -2.912653
 3.780000 1.137856 -2.141476
 3.980000 1.385105 -2.815707
 4.180000 1.369116 -2.332510
 4.380000 1.257916 -2.652128
 4.580000 1.329516 -2.625282
 4.780000 1.118082 -2.208728
 4.980000 1.329888 -2.750370
 5.180000 1.134629 -2.414080
 5.380000 1.149301 -2.570744
 5.580000 1.373238 -2.505524
 5.780000 1.277019 -2.659672
 5.980000 1.421691 -2.793873
 6.180000 1.351327 -2.407027
 6.380000 1.431277 -2.760243
 6.580000 1.230893 -2.499857
 6.780000 1.426010 -2.771279
 6.980000 1.174446 -2.552353
 7.180000 1.115560 -2.492586
 7.380000 1.371465 -2.763816
 7.580000 1.295118 -2.375496
 7.780000 1.267346 -2.683003
 7.980000 1.286682 -2.417808
 8.180000 1.239000 -2.447983
 8.380000 1.036926 -2.686083
 8.580000 1.236740 -2.322450
 8.780000 1.221643 -2.539557
 8.980000 1.126272 -2.579001
 9.180000 1.487504 -2.397761
 9.380000 1.417759 -2.520986
 9.580000 1.180714 -2.658298
 9.780000 1.356517 -2.436614
 9.980000 1.522274 -2.573401
 10.180000 0.933538 -2.550367
 10.380000 1.456949 -2.628123
 10.580001 1.291153 -2.463475
 10.780001 1.188029 -2.655148
 10.980001 1.249098 -2.587309
 11.180001 1.515516 -2.381424
 11.380001 1.102348 -2.678629
 11.580001 1.443149 -2.460654
 11.780001 1.360446 -2.582510
 11.980001 1.175783 -2.469240
 12.180001 1.322309 -2.645134
 12.380001 1.419167 -2.361724
 12.580001 1.097970 -2.665314
 12.780001 1.222191 -2.698320
 12.980001 1.322707 -2.304131
 13.180001 1.243021 -2.703554
 13.380001 1.155163 -2.488010
 13.580001 1.411962 -2.534817
 13.780001 1.343614 -2.544186
 13.980001 1.341370 -2.584471
 14.180001 1.409567 -2.660674
 14.380001 1.506340 -2.339804
 14.580001 1.381686 -2.882899
 14.780001 1.223243 -2.462881
 14.980001 1.442127 -2.636682
 15.180001 1.271360 -2.450078
 15.380001 1.144418 -2.575189
 15.580001 1.468213 -2.784472
 15.780001 1.445929 -2.253088
 15.980001 1.077333 -2.889511
 16.180001 1.138958 -2.466456
 16.380001 1.306674 -2.598633
 16.580001 1.045704 -2.535645
 16.780001 1.083912 -2.554936
 16.980001 1.311630 -2.630829
 17.180001 1.171421 -2.433839
 17.380001 1.184893 -2.922412
 17.580001 1.362621 -2.361883
 17.780001 1.468875 -2.754638
 17.980001 1.191543 -2.581635
 18.180001 1.459217 -2.421205
 18.380001 1.371582 -2.719017
 18.580001 1.092619 -2.287452
 18.780001 1.516789 -2.849330
 18.980001 1.196226 -2.405578
 19.180001 1.236419 -2.606175
 19.380001 1.315601 -2.669185
 19.580001 1.363116 -2.254001
 19.780001 1.044566 -2.891735
 19.980001 1.410282 -2.480844
 20.180001 1.279106 -2.629597
 20.380001 1.296907 -2.564555
 20.580001 1.040970 -2.585092
 20.780001 1.330761 -2.610108
 20.980001 1.168995 -2.393221
 21.180001 1.384531 -2.778291
 21.380001 1.117139 -2.434888
 21.580001 1.510909 -2.544321
 21.780001 1.220635 -2.772069
 21.980001 1.279791 -2.280535
 22.180001 1.299479 -2.745161
 22.380001 1.088142 -2.251819
 22.580001 1.206197 -2.685202
 22.780001 1.351058 -2.432304
 22.980001 1.246296 -2.548183
 23.180001 1.291404 -2.777560
 23.380001 1.509420 -2.217658
 23.580001 1.196767 -2.777529
 23.780001 1.332953 -2.563507
 23.980001 1.271203 -2.493831
 24.180001 1.127060 -2.716369
 24.380001 1.224281 -2.450071
 24.580001 1.398777 -2.640272
 24.780001 1.138974 -2.538889
 24.980001 1.342184 -2.684084
 25.180001 1.222499 -2.650037
 25.380001 1.286277 -2.443370
 25.580001 1.300837 -2.718127
 25.780001 1.095791 -2.305488
 25.980001 1.277922 -2.677143
 26.180001 1.349691 -2.458289
 26.380001 1.123787 -2.529513
 26.580001 1.487830 -2.668265
 26.780001 1.257231 -2.358099
 26.980001 1.278878 -2.729178
 27.180001 1.269711 -2.512880
 27.380001 1.462788 -2.381544
 27.580001 1.009506 -2.715362
 27.780001 1.163436 -2.357889
 27.980001 1.330556 -2.664279
 28.180001 1.178580 -2.532835
 28.380001 1.330589 -2.584296
 28.580001 1.413534 -2.667283
 28.780001 1.164470 -2.569356
 28.980001 1.336601 -2.602255
 29.180001 1.198974 -2.566368
 29.380001 1.268864 -2.598286
 29.580001 1.260465 -2.558548
 29.780001 1.321069 -2.645943
 29.980001 1.346062 -2.668269
 30.180001 1.178100 -2.422336
 30.380001 1.303419 -2.740447
 30.580001 1.301482 -2.574321
 30.780001 1.243058 -2.489638
 30.980001 1.280812 -2.642240
 31.180001 1.246049 -2.521651
 31.380001 1.278605 -2.502603
 31.580001 1.117015 -2.592491
 31.780002 1.196047 -2.455622
 31.980002 1.241819 -2.572878
 32.180002 1.174966 -2.538624
 32.380002 1.273573 -2.621869
 32.580002 1.293294 -2.382790
 32.780002 1.162325 -2.682771
 32.980002 1.295130 -2.648031
 33.180002 1.226121 -2.508076
 33.380002 1.278548 -2.579002
 33.580002 1.088222 -2.504876
 33.780002 1.321616 -2.689865
 33.980002 1.181109 -2.429390
 34.180002 1.366669 -2.695056
 34.380002 1.307087 -2.451031
 34.580002 1.408994 -2.356212
 34.780002 1.023775 -2.786982
 34.980002 1.279687 -2.138692
 35.180002 1.216520 -2.638053
 35.380002 1.094971 -2.460448
 35.580002 1.219818 -2.499027
 35.780002 1.387835 -2.518120
 35.980002 1.182689 -2.639530
 36.180002 1.338656 -2.618944
 36.380002 1.293818 -2.581033
 36.580002 1.123251 -2.605057
 36.780002 1.146487 -2.428345
 36.980002 1.328462 -2.545257
 37.180002 1.014360 -2.575235
 37.380002 1.338552 -2.532610
 37.580002 1.331047 -2.590048
 37.780002 1.142767 -2.500267
 37.980002 1.159891 -2.665527
 38.180002 1.232776 -2.486143
 38.380002 1.158428 -2.652016
 38.580002 1.260583 -2.580756
 38.780002 1.058493 -2.515279
 38.980002 1.246961 -2.593038
 39.180002 1.230045 -2.584606
 39.380002 1.200458 -2.438337
 39.580002 1.344455 -2.700402
 39.780002 1.227417 -2.521161
 39.980002 1.323542 -2.640292
 40.180002 1.349831 -2.433128
 40.380002 1.306467 -2.692590
 40.580002 1.323174 -2.616608
 40.780002 1.153199 -2.449989
 40.980002 1.288279 -2.623526
 41.180002 1.260567 -2.358795
 41.380002 1.097066 -2.823582
 41.580002 1.494219 -2.460506
 41.780002 1.193079 -2.540882
 41.980002 1.245208 -2.663590
 42.180002 1.216121 -2.354142
 42.380002 1.146285 -2.709262
 42.580002 1.156319 -2.406495
 42.780002 1.333126 -2.666614
 42.980002 1.135670 -2.596589
 43.180002 1.443871 -2.486470
 43.380002 1.309454 -2.761495
 43.580002 1.369645 -2.415490
 43.780002 1.391413 -2.718320
 43.980002 1.217200 -2.390544
 44.180002 1.341587 -2.540924
 44.380002 1.294480 -2.633694
 44.580002 1.084071 -2.369633
 44.780002 1.478536 -2.746303
 44.980002 1.293896 -2.296050
 45.180002 1.274458 -2.774585
 45.380002 1.364849 -2.328900
 45.580002 1.313614 -2.606305
 45.780002 1.168782 -2.599552
 45.980002 1.364317 -2.401224
 46.180002 1.140718 -2.660459
 46.380002 1.180876 -2.415371
 46.580002 1.226238 -2.797898
 46.780002 1.409600 -2.398176
 46.980002 1.321191 -2.700052
 47.180002 1.203439 -2.705381
 47.380002 1.495931 -2.385773
 47.580002 1.335113 -2.628022
 47.780002 1.095861 -2.590583
 47.980002 1.240867 -2.597331
 48.180002 1.358458 -2.405458
 48.380002 1.063092 -2.500690
 48.580002 1.191514 -2.734042
 48.780002 1.537985 -2.264484
 48.980002 1.218826 -2.620389
 49.180002 1.210654 -2.628064
 49.380002 1.314082 -2.432394
 49.580002 1.325324 -2.565041
 49.780002 1.008626 -2.554050
 49.980002 1.267442 -2.633652
 50.180002 1.375613 -2.476025
 50.380002 1.119468 -2.696158
 50.580002 1.124056 -2.564231
 50.780002 1.338328 -2.636484
 50.980002 1.202864 -2.734230
 51.180002 1.206249 -2.511643
 51.380002 1.507350 -2.685367
 51.580002 1.292282 -2.558952
 51.780002 1.349649 -2.683225
 51.980002 1.352460 -2.710229
 52.180002 1.383146 -2.348555
 52.380002 1.186540 -2.728741
 52.580002 1.301098 -2.621770
 52.780003 1.477143 -2.454502
 52.980003 1.092281 -2.706882
 53.180003 1.454166 -2.607333
 53.380003 1.415458 -2.467192
 53.580003 1.196644 -2.606596
 53.780003 1.285342 -2.667849
 53.980003 1.509477 -2.283650
 54.180003 1.178829 -2.699849
 54.380003 1.195991 -2.506120
 54.580003 1.258436 -2.516389
 54.780003 1.340629 -2.454129
 54.980003 1.089150 -2.508794
 55.180003 1.361080 -2.547460
 55.380003 1.302576 -2.438483
 55.580003 1.233624 -2.677043
 55.780003 1.254898 -2.570022
 55.980003 1.398589 -2.468516
 56.180003 1.244038 -2.706209
 56.380003 1.406895 -2.448107
 56.580003 1.315727 -2.527304
 56.780003 1.131327 -2.488431
 56.980003 1.290747 -2.524692
 57.180003 1.241677 -2.396034
 57.380003 1.052699 -2.589045
 57.580003 1.297468 -2.693508
 57.780003 1.223614 -2.342779
 57.980003 1.309807 -2.909636
 58.180003 1.189027 -2.546471
 58.380003 1.539468 -2.576334
 58.580003 1.130726 -2.622863
 58.780003 1.334258 -2.589271
 58.980003 1.474790 -2.728372
 59.180003 1.062065 -2.371218
 59.380003 1.127193 -2.750501
 59.580003 1.234769 -2.422236
 59.780003 1.247671 -2.545268
 59.980003 1.205525 -2.664378
 60.180003 1.186442 -2.284282
 60.380003 1.451862 -2.702589
 60.580003 1.070978 -2.489737
 60.780003 1.175196 -2.394128
 60.980003 1.314522 -2.649588
 61.180003 1.172848 -2.549404
 61.380003 1.422752 -2.652913
 61.580003 1.417680 -2.535009
 61.780003 1.321644 -2.721725
 61.980003 1.340166 -2.617861
 62.180003 1.375695 -2.598688
 62.380003 1.187248 -2.601406
 62.580003 1.525137 -2.588766
 62.780003 1.136925 -2.603222
 62.980003 1.208838 -2.593519
 63.180003 1.377589 -2.678245
 63.380003 1.222447 -2.303474
 63.580003 1.162037 -2.789173
 63.780003 1.338540 -2.297161
 63.980003 1.190530 -2.551259
 64.180003 1.406001 -2.799710
 64.380003 1.267491 -2.294731
 64.580003 1.187792 -2.816140
 64.780003 1.218510 -2.560705
 64.980003 1.464628 -2.628346
 65.180003 1.082902 -2.633734
 65.380003 1.257814 -2.539521
 65.580003 1.409182 -2.877823
 65.780003 1.272479 -2.454020
 65.980003 1.229794 -2.717338
 66.180003 1.401784 -2.512719
 66.380003 1.155212 -2.737956
 66.580003 1.193423 -2.489721
 66.780003 1.372234 -2.699086
 66.980003 1.332303 -2.662327
 67.180003 1.081305 -2.492236
 67.380003 1.344469 -2.636203
 67.580003 1.187376 -2.471062
 67.780003 1.389909 -2.743032
 67.980003 1.121173 -2.581054
 68.180003 1.431883 -2.486949
 68.380003 1.302213 -2.802838
 68.580003 1.241591 -2.459428
 68.780003 1.282276 -2.698499
 68.980003 1.315910 -2.310853
 69.180003 1.216591 -2.800357
 69.380003 1.346626 -2.446532
 69.580003 1.418419 -2.664735
 69.780003 1.274947 -2.496125
 69.980003 1.220426 -2.466484
 70.180003 1.252519 -2.557148
 70.380003 1.131089 -2.433860
 70.580003 1.243274 -2.569265
 70.780003 1.108287 -2.349152
 70.980003 1.276489 -2.747806
 71.180003 1.267815 -2.371465
 71.380003 1.249714 -2.566302
 71.580003 1.233920 -2.712364
 71.780003 1.235179 -2.367936
 71.980003 1.129428 -2.743431
 72.180003 1.193620 -2.413273
 72.380003 1.226608 -2.577686
 72.580003 1.273275 -2.395415
 72.780003 1.003867 -2.747903
 72.980003 1.267775 -2.394904
 73.180003 1.383394 -2.490817
 73.380003 1.223643 -2.816939
 73.580003 1.254657 -2.208531
 73.780004 1.458028 -2.744085
 73.980004 1.114163 -2.469703
 74.180004 1.498354 -2.573185
 74.380004 1.349700 -2.454273
 74.580004 1.161145 -2.498651
 74.780004 1.505495 -2.675146
 74.980004 1.374997 -2.217214
 75.180004 1.104892 -2.820616
 75.380004 1.286552 -2.338615
 75.580004 1.346611 -2.522955
 75.780004 1.237320 -2.597409
 75.980004 1.203232 -2.370056
 76.180004 1.436999 -2.709981
 76.380004 1.169980 -2.420978
 76.580004 1.308228 -2.520337
 76.780004 1.283348 -2.661934
 76.980004 1.275987 -2.403369
 77.180004 1.245939 -2.705843
 77.380004 1.259833 -2.440064
 77.580004 1.441711 -2.663061
 77.780004 1.180251 -2.507833
 77.980004 1.174455 -2.671537
 78.180004 1.359035 -2.568854
 78.380004 1.224658 -2.412947
 78.580004 1.239358 -2.742639
 78.780004 1.204054 -2.362104
 78.980004 1.194019 -2.532258
 79.180004 1.253980 -2.623233
 79.380004 1.344348 -2.411446
 79.580004 1.216361 -2.592709
 79.780004 1.285018 -2.592992
 79.980004 1.135394 -2.548355
 80.180004 1.225163 -2.588651
 80.380004 1.194305 -2.442698
 80.580004 1.290281 -2.626586
 80.780004 1.301115 -2.455630
 80.980004 1.389196 -2.636509
 81.180004 1.301614 -2.576259
 81.380004 1.217131 -2.399185
 81.580004 1.320750 -2.623972
 81.780004 1.108256 -2.382998
 81.980004 1.181619 -2.687724
 82.180004 1.368569 -2.377953
 82.380004 1.104235 -2.567113
 82.580004 1.192429 -2.733001
 82.780004 1.330676 -2.137408
 82.980004 1.216072 -2.743887
 83.180004 1.190318 -2.559880
 83.380004 1.380056 -2.352141
 83.580004 1.277232 -2.756504
 83.780004 0.976653 -2.465479
 83.980004 1.298267 -2.600748
 84.180004 1.078169 -2.488542
 84.380004 1.235121 -2.679835
 84.580004 1.381600 -2.606173
 84.780004 1.317101 -2.480787
 84.980004 1.276555 -2.771783
 85.180004 1.428869 -2.431876
 85.380004 1.277862 -2.671818
 85.580004 1.364957 -2.513773
 85.780004 1.296498 -2.609432
 85.980004 1.340601 -2.534717
 86.180004 1.306666 -2.574108
 86.380004 1.407146 -2.551356
 86.580004 1.243269 -2.580782
 86.780004 1.297404 -2.586854
 86.980004 1.265738 -2.552950
 87.180004 1.167776 -2.554434
 87.380004 1.133084 -2.560828
 87.580004 1.417701 -2.489444
 87.780004 1.160798 -2.715446
 87.980004 1.295505 -2.454056
 88.180004 1.351106 -2.706524
 88.380004 1.225524 -2.364132
 88.580004 1.273215 -2.772357
 88.780004 1.392492 -2.536593
 88.980004 1.258457 -2.436578
 89.180004 1.270996 -2.669822
 89.380004 1.134042 -2.417866
 89.580004 1.218838 -2.558136
 89.780004 1.049811 -2.395049
 89.980004 1.120309 -2.470080
 90.180004 1.174329 -2.683448
 90.380004 1.379854 -2.444768
 90.580004 1.277212 -2.635719
 90.780004 1.326435 -2.511300
 90.980004 1.369196 -2.681776
 91.180004 1.387604 -2.495417
 91.380004 1.165384 -2.653891
 91.580004 1.338003 -2.737101
 91.780004 1.252687 -2.312910
 91.980004 1.424060 -2.775057
 92.180004 1.245018 -2.370393
 92.380004 1.331531 -2.770319
 92.580004 1.205937 -2.390156
 92.780004 1.234982 -2.533079
 92.980004 1.217220 -2.640800
 93.180004 1.223706 -2.176876
 93.380004 1.225587 -2.895506
 93.580004 1.012070 -2.234511
 93.780004 1.391849 -2.557683
 93.980004 1.305283 -2.614027
 94.180004 1.146539 -2.452041
 94.380004 1.131811 -2.609118
 94.580004 1.215649 -2.312173
 94.780005 1.139403 -2.815898
 94.980005 1.276580 -2.460638
 95.180005 1.299633 -2.642997
 95.380005 1.210767 -2.556636
 95.580005 1.128376 -2.587818
 95.780005 1.516218 -2.655150
 95.980005 1.296240 -2.441831
 96.180005 1.322119 -2.689621
 96.380005 1.378468 -2.556538
 96.580005 1.165645 -2.576151
 96.780005 1.173886 -2.658304
 96.980005 1.253674 -2.475593
 97.180005 1.085693 -2.703144
 97.380005 1.079482 -2.557971
 97.580005 1.314555 -2.488797
 97.780005 1.360008 -2.644224
 97.980005 1.037914 -2.615319
 98.180005 1.403395 -2.505415
 98.380005 1.223726 -2.581676
 98.580005 1.132842 -2.627974
 98.780005 1.189220 -2.572454
 98.980005 1.381116 -2.541475
 99.180005 1.231035 -2.727263
 99.380005 1.436590 -2.741967
 99.580005 1.540084 -2.501142
 99.780005 1.280903 -2.658953
 99.980005 1.317494 -2.679142
 100.180005 1.278129 -2.521941
 100.380005 1.109832 -2.571877
 100.580005 1.106171 -2.602910
 100.780005 1.171576 -2.414248
 100.980005 1.371578 -2.572398
 101.180005 1.068974 -2.574232
 101.380005 1.149765 -2.513758
 101.580005 1.251346 -2.456335
 101.780005 1.149033 -2.479699
 101.980005 1.130285 -2.682552
 102.180005 1.361464 -2.289189
 102.380005 1.324586 -2.644086
 102.580005 1.379753 -2.576269
 102.780005 1.257559 -2.406202
 102.980005 1.522386 -2.598981
 103.180005 1.130708 -2.461986
 103.380005 1.528059 -2.529047
 103.580005 1.143321 -2.637448
 103.780005 1.390312 -2.386256
 103.980005 1.513924 -2.658352
 104.180005 1.346271 -2.483784
 104.380005 1.431444 -2.912007
 104.580005 1.587766 -2.155103
 104.780005 1.169183 -2.716960
 104.980005 1.155833 -2.618747
 105.180005 1.201254 -2.295105
 105.380005 1.241044 -2.657393
 105.580005 1.140344 -2.345297
 105.780005 1.384357 -2.756599
 105.980005 1.297042 -2.242989
 106.180005 1.283890 -2.694831
 106.380005 1.293307 -2.556436
 106.580005 1.436356 -2.443271
 106.780005 1.135416 -2.836574
 106.980005 1.208672 -2.196986
 107.180005 1.233049 -2.843665
 107.380005 1.053613 -2.397463
 107.580005 1.490141 -2.601968
 107.780005 1.207667 -2.586536
 107.980005 1.270072 -2.551898
 108.180005 1.550337 -2.807710
 108.380005 1.280035 -2.035659
 108.580005 1.123863 -2.828563
 108.780005 1.416550 -2.382755
 108.980005 1.219192 -2.501254
 109.180005 1.359746 -2.922249
 109.380005 1.059515 -2.199262
 109.580005 1.424053 -2.787939
 109.780005 1.173712 -2.449873
 109.980005 1.351389 -2.564897
 110.180005 1.354277 -2.665574
 110.380005 1.239641 -2.059564
 110.580005 1.231840 -2.927415
 110.780005 1.158180 -2.084930
 110.980005 1.375812 -2.919004
 111.180005 1.198156 -2.396834
 111.380005 1.358609 -2.634384
 111.580005 1.163679 -2.699945
 111.780005 1.152519 -2.312686
 111.980005 1.350134 -2.790599
 112.180005 1.187259 -2.384031
 112.380005 1.174762 -2.854905
 112.580005 1.337708 -2.369124
 112.780005 1.460490 -2.650630
 112.980005 1.026173 -2.684733
 113.180005 1.422197 -2.378750
 113.380005 1.298835 -2.729384
 113.580005 1.073967 -2.296961
 113.780005 1.400354 -2.674675
 113.980005 1.201842 -2.408905
 114.180005 1.221576 -2.661164
 114.380005 1.239752 -2.527735
 114.580005 1.213068 -2.348807
 114.780005 1.166465 -2.818188
 114.980005 1.286853 -2.261991
 115.180005 1.279004 -2.655399
 115.380005 1.215951 -2.582536
 115.580005 1.273112 -2.346217
 115.780005 1.305395 -2.812202
 115.980006 1.033284 -2.305461
 116.180006 1.273796 -2.701249
 116.380006 1.305901 -2.411276
 116.580006 1.282783 -2.611086
 116.780006 1.376869 -2.646021
 116.980006 1.411299 -2.320814
 117.180006 1.415949 -2.721699
 117.380006 1.287541 -2.412409
 117.580006 1.399933 -2.616969
 117.780006 1.199665 -2.349060
 117.980006 1.178910 -2.682246
 118.180006 1.254562 -2.485524
 118.380006 1.276516 -2.435374
 118.580006 1.184277 -2.697992
 118.780006 1.207365 -2.353911
 118.980006 1.297368 -2.704641
 119.180006 1.102868 -2.297734
 119.380006 1.250347 -2.684707
 119.580006 1.043875 -2.278533
 119.780006 0.985089 -2.576071
 119.980006 1.194435 -2.586611
 120.180006 1.156148 -2.446246
 120.380006 1.354353 -2.893859
 120.580006 1.262440 -2.375170
 120.780006 1.431072 -2.863786
 120.980006 1.132442 -2.483403
 121.180006 1.183195 -2.717926
 121.380006 1.282421 -2.563109
 121.580006 1.199737 -2.467123
 121.780006 1.043543 -2.899649
 121.980006 1.387193 -2.353516
 122.180006 1.285109 -2.775755
 122.380006 1.149430 -2.394451
 122.580006 1.288502 -2.697359
 122.780006 1.154301 -2.505483
 122.980006 1.109601 -2.346622
 123.180006 1.329384 -2.727853
 123.380006 1.039270 -2.211187
 123.580006 1.297052 -2.723435
 123.780006 1.210489 -2.484403
 123.980006 1.321306 -2.483671
 124.180006 1.435061 -2.834011
 124.380006 1.055227 -2.345747
 124.580006 1.387354 -2.704499
 124.780006 1.250935 -2.414476
 124.980006 1.107963 -2.720727
 125.180006 1.414250 -2.416407
 125.380006 1.200164 -2.626386
 125.580006 1.035349 -2.597187
 125.780006 1.340248 -2.467188
 125.980006 1.228935 -2.635908
 126.180006 1.197641 -2.517185
 126.380006 1.366106 -2.711314
 126.580006 1.394575 -2.468077
 126.780006 1.251138 -2.563347
 126.980006 1.407070 -2.720862
 127.180006 1.227049 -2.249131
 127.380006 1.281728 -2.791777
 127.580006 1.279473 -2.461642
 127.780006 1.201632 -2.453367
 127.980006 1.183476 -2.502631
 128.180006 1.088613 -2.489017
 128.380006 1.346118 -2.711194
 128.580006 1.374221 -2.281936
 128.780006 1.376537 -2.751162
 128.980006 1.242255 -2.619250
 129.180006 1.480042 -2.356984
 129.380006 1.147216 -2.850497
 129.580006 1.326494 -2.294773
 129.780006 1.436593 -2.769604
 129.980006 1.072414 -2.427878
 130.180006 1.238098 -2.589454
 130.380006 1.383150 -2.609494
 130.580006 1.083136 -2.309276
 130.780006 1.378596 -2.626539
 130.980006 1.360657 -2.282205
 131.180006 1.286517 -2.648309
 131.380006 1.281992 -2.606933
 131.580006 1.487171 -2.260912
 131.780006 1.238746 -2.916877
 131.980006 1.341454 -2.292089
 132.180006 1.391061 -2.803103
 132.380006 1.330496 -2.483783
 132.580006 1.071558 -2.555749
 132.780006 1.615189 -2.727996
 132.980006 1.164496 -2.470108
 133.180006 1.514087 -2.852907
 133.380006 1.324356 -2.328800
 133.580006 1.504040 -2.820177
 133.780006 1.202823 -2.532657
 133.980006 1.440342 -2.469628
 134.180006 1.242325 -2.577369
 134.380006 1.112816 -2.489245
 134.580006 1.602911 -2.717031
 134.780006 1.245950 -2.228727
 134.980006 1.136435 -2.816075
 135.180006 1.433446 -2.444838
 135.380006 1.299976 -2.430764
 135.580006 0.996013 -2.847071
 135.780006 1.409961 -2.216754
 135.980006 1.363042 -2.656903
 136.180006 1.049799 -2.441095
 136.380006 1.400278 -2.624670
 136.580006 1.473242 -2.545099
 136.780006 1.006904 -2.588838
 136.980007 1.379302 -2.688605
 137.180007 1.334696 -2.534711
 137.380007 1.302505 -2.670574
 137.580007 1.347442 -2.606229
 137.780007 1.626124 -2.517653
 137.980007 1.162528 -2.810110
 138.180007 1.392341 -2.447484
 138.380007 1.378903 -2.668267
 138.580007 1.223574 -2.467775
 138.780007 1.228630 -2.629502
 138.980007 1.502739 -2.454098
 139.180007 1.196030 -2.645441
 139.380007 1.354855 -2.674842
 139.580007 1.232903 -2.334202
 139.780007 1.349088 -2.553867
 139.980007 1.128218 -2.607286
 140.180007 1.485462 -2.403874
 140.380007 1.226363 -2.595465
 140.580007 1.431598 -2.384170
 140.780007 1.228302 -2.602221
 140.980007 1.357687 -2.460450
 141.180007 1.237088 -2.470146
 141.380007 1.364232 -2.568122
 141.580007 1.136478 -2.289342
 141.780007 1.381681 -2.722258
 141.980007 1.314346 -2.401948
 142.180007 1.345676 -2.559213
 142.380007 1.360097 -2.528568
 142.580007 1.278492 -2.457910
 142.780007 1.342891 -2.622503
 142.980007 1.236533 -2.544287
 143.180007 1.415024 -2.439421
 143.380007 1.143223 -2.750195
 143.580007 1.286328 -2.457999
 143.780007 1.369447 -2.604592
 143.980007 1.517787 -2.509472
 144.180007 0.954631 -2.667152
 144.380007 1.476340 -2.432730
 144.580007 1.304630 -2.562130
 144.780007 1.166503 -2.482744
 144.980007 1.438088 -2.557350
 145.180007 1.444239 -2.451410
 145.380007 0.961134 -2.613347
 145.580007 1.302068 -2.409741
 145.780007 1.250110 -2.669730
 145.980007 0.994941 -2.515638
 146.180007 1.276893 -2.603970
 146.380007 1.220058 -2.513265
 146.580007 1.342827 -2.746544
 146.780007 1.381466 -2.549566
 146.980007 1.234933 -2.572114
 147.180007 1.267149 -2.609180
 147.380007 0.975929 -2.457370
 147.580007 1.353978 -2.535788
 147.780007 1.182419 -2.575903
 147.980007 1.151889 -2.432249
 148.180007 1.390696 -2.487347
 148.380007 1.231399 -2.523402
 148.580007 1.184264 -2.541607
 148.780007 1.441436 -2.383510
 148.980007 1.166456 -2.617886
 149.180007 1.140315 -2.531365
 149.380007 1.132703 -2.738025
 149.580007 1.344975 -2.384583
 149.780007 1.369347 -2.724575
 149.980007 1.248741 -2.766769
 150.180007 1.578384 -2.415408
 150.380007 1.341109 -2.676501
 150.580007 1.012207 -2.587077
 150.780007 1.359098 -2.596971
 150.980007 1.190459 -2.347445
 151.180007 0.981090 -2.631253
 151.380007 1.135349 -2.620161
 151.580007 1.526335 -2.291538
 151.780007 1.092001 -2.666448
 151.980007 1.311269 -2.726145
 152.180007 1.478506 -2.317584
 152.380007 1.492012 -2.595017
 152.580007 1.077536 -2.690452
 152.780007 1.243569 -2.297059
 152.980007 1.284447 -2.665967
 153.180007 0.848870 -2.454887
 153.380007 1.258051 -2.534805
 153.580007 1.483151 -2.520570
 153.780007 1.192562 -2.619632
 153.980007 1.335434 -2.644513
 154.180007 1.441708 -2.423249
 154.380007 1.257202 -2.735874
 154.580007 1.153438 -2.462732
 154.780007 1.287320 -2.648941
 154.980007 1.112444 -2.412641
 155.180007 1.269023 -2.694933
 155.380007 1.194428 -2.578911
 155.580007 1.233515 -2.348357
 155.780007 1.355023 -2.938844
 155.980007 1.189660 -2.176655
 156.180007 1.481507 -2.778221
 156.380007 1.179589 -2.473525
 156.580007 1.203059 -2.454931
 156.780007 1.329094 -2.768828
 156.980007 1.101257 -2.222004
 157.180007 1.262959 -2.910207
 157.380007 1.109141 -2.272634
 157.580007 1.395766 -2.778336
 157.780007 1.370580 -2.591270
 157.980008 1.225854 -2.566828
 158.180008 1.430499 -2.544083
 158.380008 1.261766 -2.453100
 158.580008 1.133506 -2.758034
 158.780008 1.340462 -2.223915
 158.980008 1.157113 -2.825935
 159.180008 1.182745 -2.547898
 159.380008 1.343464 -2.453131
 159.580008 1.154049 -2.638798
 159.780008 1.202435 -2.420011
 159.980008 1.344608 -2.673875
 160.180008 1.241234 -2.288239
 160.380008 1.304132 -2.777607
 160.580008 1.246982 -2.371231
 160.780008 1.420402 -2.599529
 160.980008 1.157712 -2.668468
 161.180008 1.233732 -2.269960
 161.380008 1.439004 -2.745290
 161.580008 0.984282 -2.312636
 161.780008 1.360313 -2.839950
 161.980008 1.379867 -2.405771
 162.180008 1.227513 -2.449757
 162.380008 1.326157 -2.755727
 162.580008 1.227862 -2.264179
 162.780008 1.372208 -2.780713
 162.980008 1.212762 -2.387249
 163.180008 1.366090 -2.657856
 163.380008 1.286577 -2.698469
 163.580008 1.132633 -2.427589
 163.780008 1.285116 -2.825937
 163.980008 1.120751 -2.329257
 164.180008 1.117910 -2.815748
 164.380008 1.346899 -2.453993
 164.580008 1.325103 -2.516239
 164.780008 1.215923 -2.770198
 164.980008 1.277660 -2.452454
 165.180008 1.219185 -2.832064
 165.380008 1.006631 -2.251952
 165.580008 1.224483 -2.591103
 165.780008 1.187295 -2.631670
 165.980008 1.339218 -2.242530
 166.180008 1.216093 -2.685117
 166.380008 1.368980 -2.300144
 166.580008 1.252113 -2.769571
 166.780008 1.467727 -2.660584
 166.980008 1.068254 -2.494106
 167.180008 1.592098 -2.632776
 167.380008 1.380314 -2.526934
 167.580008 1.157698 -2.714548
 167.780008 1.316634 -2.422693
 167.980008 1.357026 -2.581012
 168.180008 1.243024 -2.615634
 168.380008 1.305201 -2.574195
 168.580008 1.214776 -2.493465
 168.780008 1.285463 -2.429891
 168.980008 1.213190 -2.762074
 169.180008 1.249477 -2.325645
 169.380008 1.278701 -2.706662
 169.580008 1.237812 -2.559134
 169.780008 1.304806 -2.488552
 169.980008 1.398812 -2.698529
 170.180008 1.134695 -2.517702
 170.380008 1.332731 -2.732412
 170.580008 1.125782 -2.407352
 170.780008 1.178511 -2.650024
 170.980008 1.195579 -2.639372
 171.180008 1.238110 -2.433572
 171.380008 1.298403 -2.813249
 171.580008 1.141007 -2.336136
 171.780008 1.069977 -2.673864
 171.980008 1.233219 -2.459869
 172.180008 1.165786 -2.498982
 172.380008 1.260838 -2.761387
 172.580008 1.241525 -2.362800
 172.780008 1.354190 -2.797320
 172.980008 1.035872 -2.521881
 173.180008 1.341741 -2.664052
 173.380008 1.345993 -2.571509
 173.580008 1.223857 -2.596962
 173.780008 1.331231 -2.782722
 173.980008 1.369122 -2.283562
 174.180008 1.109770 -2.825121
 174.380008 1.377112 -2.420278
 174.580008 1.407413 -2.613156
 174.780008 1.263068 -2.653592
 174.980008 1.257580 -2.445120
 175.180008 1.456704 -2.603045
 175.380008 1.088672 -2.383584
 175.580008 1.112934 -2.613341
 175.780008 1.200929 -2.343795
 175.980008 1.166299 -2.514395
 176.180008 1.191284 -2.588281
 176.380008 1.327911 -2.245010
 176.580008 1.264533 -2.772320
 176.780008 1.254964 -2.345177
 176.980008 1.342153 -2.558436
 177.180008 1.253807 -2.398739
 177.380008 1.131566 -2.760377
 177.580008 1.543994 -2.528021
 177.780008 1.282232 -2.603497
 177.980008 1.357668 -2.711300
 178.180008 1.335517 -2.587976
 178.380008 1.356608 -2.580217
 178.580008 1.005625 -2.555516
 178.780008 1.445010 -2.515357
 178.980009 1.165441 -2.488200
 179.180009 1.286460 -2.432530
 179.380009 1.357623 -2.638652
 179.580009 1.178332 -2.414795
 179.780009 1.073272 -2.578641
 179.980009 1.263523 -2.641772
 180.180009 1.166816 -2.382648
 180.380009 1.128760 -2.845955
 180.580009 1.229413 -2.488297
 180.780009 1.120844 -2.536929
 180.980009 1.184310 -2.710125
 181.180009 1.200819 -2.427203
 181.380009 1.123524 -2.690300
 181.580009 1.360517 -2.337361
 181.780009 1.350819 -2.887118
 181.980009 1.219565 -2.378842
 182.180009 1.372888 -2.599303
 182.380009 1.304385 -2.746731
 182.580009 1.274709 -2.198370
 182.780009 1.218462 -2.695122
 182.980009 1.176670 -2.393356
 183.180009 1.203538 -2.564412
 183.380009 1.379259 -2.655537
 183.580009 1.182118 -2.506188
 183.780009 1.122958 -2.739155
 183.980009 1.348101 -2.345595
 184.180009 1.046689 -2.830709
 184.380009 1.167809 -2.481262
 184.580009 1.263372 -2.529337
 184.780009 1.100541 -2.638801
 184.980009 1.235367 -2.426550
 185.180009 1.427077 -2.664481
 185.380009 1.126787 -2.385922
 185.580009 1.094089 -2.628821
 185.780009 1.342456 -2.399574
 185.980009 1.264367 -2.580904
 186.180009 1.147914 -2.645157
 186.380009 1.526056 -2.379728
 186.580009 1.342384 -2.621372
 186.780009 1.162049 -2.613630
 186.980009 1.456277 -2.600857
 187.180009 1.329231 -2.484805
 187.380009 1.208688 -2.814313
 187.580009 1.282610 -2.424598
 187.780009 1.293090 -2.494807
 187.980009 1.197520 -2.560927
 188.180009 1.162740 -2.433432
 188.380009 1.337165 -2.573877
 188.580009 1.136789 -2.238094
 188.780009 1.156284 -2.737020
 188.980009 1.228507 -2.417087
 189.180009 1.151227 -2.565979
 189.380009 1.310314 -2.886370
 189.580009 1.177813 -2.272029
 189.780009 1.411005 -2.750482
 189.980009 1.161367 -2.351346
 190.180009 1.257222 -2.751311
 190.380009 1.320348 -2.511477
 190.580009 1.233255 -2.501385
 190.780009 1.339976 -2.751375
 190.980009 1.133100 -2.421761
 191.180009 1.210012 -2.635622
 191.380009 1.104331 -2.491615
 191.580009 1.257052 -2.622057
 191.780009 1.212162 -2.467776
 191.980009 1.245285 -2.739371
 192.180009 1.423531 -2.599920
 192.380009 1.374873 -2.492892
 192.580009 1.112950 -2.752479
 192.780009 1.309767 -2.434820
 192.980009 1.352807 -2.497395
 193.180009 1.094365 -2.634721
 193.380009 1.212005 -2.480555
 193.580009 1.478357 -2.494228
 193.780009 1.098297 -2.545270
 193.980009 1.316415 -2.593948
 194.180009 1.436037 -2.384765
 194.380009 1.188441 -2.630262
 194.580009 1.322992 -2.595893
 194.780009 1.343199 -2.432723
 194.980009 1.120155 -2.526548
 195.180009 1.181041 -2.671032
 195.380009 1.366212 -2.482891
 195.580009 1.189323 -2.546833
 195.780009 1.223144 -2.710114
 195.980009 1.181500 -2.484723
 196.180009 1.360645 -2.469945
 196.380009 1.156548 -2.672682
 196.580009 1.236655 -2.460138
 196.780009 1.315997 -2.602626
 196.980009 1.137912 -2.533562
 197.180009 1.355442 -2.518660
 197.380009 1.288389 -2.661406
 197.580009 1.234304 -2.413462
 197.780009 1.373456 -2.621731
 197.980009 1.310500 -2.634219
 198.180009 1.302031 -2.602994
 198.380009 1.423133 -2.459609
 198.580009 1.074177 -2.637553
 198.780009 1.289933 -2.581487
 198.980009 1.209333 -2.388372
 199.180009 1.055003 -2.623048
 199.380009 1.258996 -2.462900
 199.580009 1.126047 -2.453077
 199.780009 1.051842 -2.609102
 199.980009 1.180385 -2.557806
