#! FIELDS time phi psi
#! SET max_psi pi
 0.180000 0.934007 3.017717
 0.380000 1.234153 -2.692606
 0.580000 1.029376 -2.753952
 0.780000 1.129805 -3.049160
 0.980000 1.071502 -2.145550
 1.180000 1.090198 2.829607
 1.380000 1.127735 -2.352889
 1.580000 1.047924 -2.971352
 1.780000 1.169195 -2.827042
 1.980000 1.117144 -2.542658
 2.180000 1.219268 3.071616
 2.380000 1.042287 -2.213017
 2.580000 1.315927 3.073776
 2.780000 1.047525 -2.483605
 2.980000 1.025481 -2.923840
 3.180000 1.262831 -2.895586
 3.380000 1.195308 -2.691328
 3.580000 1.074167 3.095981
 3.780000 1.195588 -2.395726
 3.980000 1.293941 -3.079918
 4.180000 1.026279 -2.543025
 4.380000 1.045849 -3.020257
 4.580000 1.220806 -2.714603
 4.780000 1.126399 -2.675550
 4.980000 1.056207 -2.988336
 5.180000 1.226203 -2.546097
 5.380000 1.265090 -3.025618
 5.580000 1.136300 -2.499336
 5.780000 1.041712 -2.944997
 5.980000 1.137815 -2.680101
 6.180000 1.217381 -2.534820
 6.380000 1.048381 -3.009704
 6.580000 1.024111 -2.532254
 6.780000 1.176716 -2.886838
 6.980000 1.302864 -2.552160
 7.180000 1.072248 -2.762175
 7.380000 0.967393 -2.710167
 7.580000 1.279063 -2.564973
 7.780000 1.226258 -3.007567
 7.980000 1.027965 -2.540760
 8.180000 1.231777 -2.910650
 8.380000 1.329737 -2.787545
 8.580000 1.160734 -2.732607
 8.780000 1.090671 -2.960997
 8.980000 1.206257 -2.549005
 9.180000 1.203711 -3.026463
 9.380000 1.115033 -2.792045
 9.580000 1.174591 -2.755950
 9.780000 1.459593 -3.015506
 9.980000 1.120214 -2.698881
 10.180000 1.420533 3.114265
 10.380000 1.332294 -2.664575
 10.580001 1.343089 -3.117373
 10.780001 1.078465 -2.659501
 10.980001 1.289017 -3.046222
 11.180001 1.131136 -2.724173
 11.380001 1.144473 -2.712955
 11.580001 1.345204 3.101041
 11.780001 1.231610 -2.411349
 11.980001 1.102807 -3.061086
 12.180001 1.109773 -2.492623
 12.380001 1.221499 -2.853211
 12.580001 1.226025 -2.868600
 12.780001 0.816899 -2.496812
 12.980001 1.177017 -3.016219
 13.180001 1.198658 -2.405112
 13.380001 1.199461 -3.035449
 13.580001 0.868343 -2.547549
 13.780001 1.216994 -2.840110
 13.980001 1.277612 -2.937204
 14.180001 1.088437 -2.397825
 14.380001 0.890845 -3.126896
 14.580001 1.269669 -2.383143
 14.780001 1.289956 -3.024904
 14.980001 1.017008 -2.517609
 15.180001 1.047979 -2.794011
 15.380001 1.240562 -2.866758
 15.580001 1.185167 -2.476876
 15.780001 1.179182 2.996144
 15.980001 0.991979 -2.282730
 16.180001 1.436995 -3.096483
 16.380001 0.858794 -2.423102
 16.580001 0.927426 -2.772588
 16.780001 1.273210 -2.916645
 16.980001 1.207793 -2.502888
 17.180001 1.219215 -3.026420
 17.380001 1.117308 -2.427008
 17.580001 1.242973 -3.129747
 17.780001 1.066327 -2.415893
 17.980001 0.969933 -2.908941
 18.180001 1.195734 -2.775785
 18.380001 1.105653 -2.617791
 18.580001 1.051920 -3.102972
 18.780001 1.250171 -2.417637
 18.980001 1.204076 -3.051260
 19.180001 1.068062 -2.625846
 19.380001 0.976165 -2.793421
 19.580001 1.053999 -2.638390
 19.780001 1.189852 -2.649473
 19.980001 1.009773 -2.964776
 20.180001 1.274754 -2.473307
 20.380001 1.314478 -2.938430
 20.580001 0.917417 -2.738149
 20.780001 1.134171 -2.744628
 20.980001 1.100938 -2.844357
 21.180001 1.137426 -2.502176
 21.380001 1.089569 3.134393
 21.580001 1.136396 -2.385081
 21.780001 1.286006 -2.741201
 21.980001 1.020708 -2.767337
 22.180001 0.894891 -2.514057
 22.380001 1.368838 -3.070999
 22.580001 1.168864 -2.466460
 22.780001 0.947311 -2.859506
 22.980001 1.058544 -2.777890
 23.180001 1.087248 -2.717588
 23.380001 1.118858 -2.770356
 23.580001 1.145463 -2.796629
 23.780001 1.054964 -3.070338
 23.980001 1.133380 -2.544046
 24.180001 1.215224 -2.957894
 24.380001 1.012858 -2.780712
 24.580001 1.206691 -2.839521
 24.780001 1.035420 -2.864165
 24.980001 1.290410 -2.540105
 25.180001 1.116564 -3.023860
 25.380001 1.005519 -2.494550
 25.580001 1.057631 -2.853118
 25.780001 1.103223 -2.659468
 25.980001 1.257320 -2.658468
 26.180001 0.993960 -2.969080
 26.380001 1.117887 -2.608117
 26.580001 1.143710 -2.907817
 26.780001 0.924231 -2.539837
 26.980001 0.962831 -2.867331
 27.180001 0.909863 -2.698658
 27.380001 1.296265 -2.524738
 27.580001 1.097460 -3.095604
 27.780001 1.030724 -2.545203
 27.980001 1.270734 -2.952907
 28.180001 1.236645 -2.781983
 28.380001 1.128477 -2.708205
 28.580001 1.220175 3.101424
 28.780001 1.101002 -2.637606
 28.980001 1.494886 -3.026952
 29.180001 1.112665 -2.689143
 29.380001 1.089429 -3.120908
 29.580001 1.103731 -2.741429
 29.780001 1.100170 -2.692280
 29.980001 1.168285 -2.951261
 30.180001 1.041339 -2.574822
 30.380001 1.018465 -2.852069
 30.580001 1.269278 -2.667626
 30.780001 1.021965 -2.788902
 30.980001 1.050460 -2.960908
 31.180001 1.155945 -2.474500
 31.380001 1.099937 -2.881068
 31.580001 1.009611 -2.770182
 31.780002 0.906642 -2.771379
 31.980002 1.265585 -2.926934
 32.180002 1.275485 -2.471737
 32.380002 1.072300 -3.133032
 32.580002 1.154604 -2.565068
 32.780002 1.348245 -2.819038
 32.980002 1.084113 -2.802116
 33.180002 1.000501 -2.630870
 33.380002 1.114398 -3.102721
 33.580002 1.309757 -2.354086
 33.780002 1.090105 -2.811296
 33.980002 1.012724 -2.598688
 34.180002 1.057622 -2.843620
 34.380002 1.150977 -2.702525
 34.580002 1.148217 -2.559668
 34.780002 1.140859 -3.041521
 34.980002 0.848709 -2.375656
 35.180002 1.246860 -3.067371
 35.380002 1.015646 -2.518300
 35.580002 0.957913 -2.811083
 35.780002 1.051361 -2.831273
 35.980002 1.146344 -2.519289
 36.180002 1.317935 -2.949977
 36.380002 0.984729 -2.585891
 36.580002 1.214282 -2.928981
 36.780002 1.264860 -2.649175
 36.980002 0.921847 -2.723395
 37.180002 1.128212 -2.955729
 37.380002 1.137061 -2.613693
 37.580002 1.483148 -2.867338
 37.780002 1.049649 -2.687782
 37.980002 1.014987 -2.918391
 38.180002 1.309895 -2.796466
 38.380002 1.077118 -2.605612
 38.580002 1.048387 -3.123802
 38.780002 1.192219 -2.617801
 38.980002 1.018598 -2.951064
 39.180002 1.182476 -2.724427
 39.380002 0.908748 -2.914556
 39.580002 1.275239 -2.788002
 39.780002 1.249150 -2.599909
 39.980002 0.987190 -3.100370
 40.180002 1.097890 -2.523259
 40.380002 1.251815 -2.760175
 40.580002 0.991198 -2.705084
 40.780002 1.075970 -2.902458
 40.980002 0.952680 -2.629179
 41.180002 1.373314 -2.570337
 41.380002 0.955131 -2.975247
 41.580002 1.018460 -2.637879
 41.780002 1.206560 -2.859195
 41.980002 1.269641 -2.575276
 42.180002 1.186564 -2.797596
 42.380002 0.960791 -2.973658
 42.580002 1.212909 -2.491997
 42.780002 1.328074 -2.755576
 42.980002 0.839057 -2.582534
 43.180002 1.026838 -3.055036
 43.380002 1.170933 -2.758089
 43.580002 1.406061 -2.581028
 43.780002 1.226565 -2.967663
 43.980002 1.032629 -2.740460
 44.180002 1.136600 -2.910936
 44.380002 1.083074 -2.612713
 44.580002 1.212226 -2.829454
 44.780002 1.036234 -2.946791
 44.980002 0.989438 -2.746635
 45.180002 1.271479 -2.859413
 45.380002 1.067504 -2.731047
 45.580002 0.984593 -2.930412
 45.780002 0.966674 -2.595526
 45.980002 1.460413 -2.851438
 46.180002 1.242086 -2.767368
 46.380002 1.003846 -2.688388
 46.580002 1.371683 -2.739264
 46.780002 1.058658 -2.636086
 46.980002 1.122501 -2.814017
 47.180002 0.991009 -2.675662
 47.380002 1.331697 -2.687158
 47.580002 1.223946 -2.695875
 47.780002 0.949237 -2.716336
 47.980002 1.399330 -2.794519
 48.180002 1.289820 -2.724915
 48.380002 1.247674 -2.870312
 48.580002 1.031834 -2.682892
 48.780002 1.115908 -2.661618
 48.980002 1.266819 -2.813760
 49.180002 0.944148 -2.471852
 49.380002 1.086218 -3.029262
 49.580002 1.376263 -2.527008
 49.780002 1.193810 -2.720850
 49.980002 1.137037 -2.954017
 50.180002 1.082378 -2.565913
 50.380002 1.315671 -2.924409
 50.580002 1.205383 -2.444032
 50.780002 0.927124 -3.046262
 50.980002 1.195498 -2.617781
 51.180002 1.256447 -2.669397
 51.380002 1.114232 -3.003608
 51.580002 0.914077 -2.600498
 51.780002 1.121907 -2.865872
 51.980002 1.189789 -2.579213
 52.180002 0.972880 -2.847985
 52.380002 1.148419 -2.912267
 52.580002 1.327273 -2.562721
 52.780003 1.029896 -2.940680
 52.980003 1.028132 -2.562685
 53.180003 1.094304 -2.988920
 53.380003 1.240989 -2.617931
 53.580003 1.033128 -2.774693
 53.780003 1.077435 -3.006316
 53.980003 1.047338 -2.543194
 54.180003 1.258287 -2.782531
 54.380003 0.953626 -2.737852
 54.580003 0.956707 -2.969724
 54.780003 1.155201 -2.508112
 54.980003 1.101011 -2.707340
 55.180003 1.063077 -2.896719
 55.380003 1.098489 -2.576747
 55.580003 1.227150 -2.868114
 55.780003 1.093009 -2.518549
 55.980003 1.018614 -2.945372
 56.180003 1.185125 -2.653991
 56.380003 0.885791 -2.626025
 56.580003 1.313967 -3.021381
 56.780003 1.093132 -2.668543
 56.980003 1.188468 -2.904010
 57.180003 1.170839 -2.704154
 57.380003 1.066157 -2.948314
 57.580003 1.320164 -2.757885
 57.780003 1.377486 -2.771260
 57.980003 1.127347 -3.024610
 58.180003 1.042368 -2.746822
 58.380003 1.346930 -2.856283
 58.580003 1.204827 -2.676957
 58.780003 0.898296 -2.813643
 58.980003 1.152964 -2.809305
 59.180003 1.111354 -2.632981
 59.380003 1.145516 -2.721450
 59.580003 1.109966 -2.756038
 59.780003 1.241060 -2.895745
 59.980003 1.164873 -2.775459
 60.180003 1.078581 -2.582830
 60.380003 1.055463 -2.921382
 60.580003 1.096224 -2.546950
 60.780003 1.043991 -2.892181
 60.980003 1.171366 -2.652614
 61.180003 1.225420 -2.913244
 61.380003 1.145019 -2.818650
 61.580003 1.290462 -2.684016
 61.780003 1.170154 -2.990066
 61.980003 1.173046 -2.485083
 62.180003 1.290604 -2.989015
 62.380003 0.971826 -2.606523
 62.580003 1.176991 -2.877424
 62.780003 1.194426 -2.711156
 62.980003 1.457648 -2.670037
 63.180003 1.193381 -3.050534
 63.380003 1.131221 -2.549108
 63.580003 1.399983 -2.883111
 63.780003 1.099364 -2.577250
 63.980003 1.024049 -2.677623
 64.180003 1.259479 3.069240
 64.380003 1.215498 -2.357951
 64.580003 1.305983 -3.102340
 64.780003 0.912750 -2.466241
 64.980003 0.854986 -2.874221
 65.180003 1.223153 -2.668735
 65.380003 1.147046 -2.517439
 65.580003 1.108679 3.064690
 65.780003 1.173321 -2.498861
 65.980003 1.289735 -2.875216
 66.180003 1.213976 -2.477955
 66.380003 1.000278 -3.131865
 66.580003 1.035325 -2.633281
 66.780003 1.139890 -2.512773
 66.980003 1.132228 3.109471
 67.180003 0.866351 -2.518869
 67.380003 1.292180 -2.913200
 67.580003 1.125491 -2.464695
 67.780003 1.038358 -2.945919
 67.980003 0.996650 -2.837354
 68.180003 1.479003 -2.524703
 68.380003 1.307038 -3.118240
 68.580003 1.046005 -2.516360
 68.780003 1.206134 -3.004428
 68.980003 0.994773 -2.691637
 69.180003 1.169356 -2.712254
 69.380003 1.094069 -2.854937
 69.580003 1.066045 -2.401089
 69.780003 1.241302 -3.013024
 69.980003 0.970427 -2.575621
 70.180003 1.203203 -2.776158
 70.380003 1.018373 -2.695813
 70.580003 1.123312 -2.556104
 70.780003 1.068405 -2.940848
 70.980003 0.939344 -2.474967
 71.180003 1.223970 -2.836245
 71.380003 0.969674 -2.552503
 71.580003 0.864437 -2.782223
 71.780003 1.045412 -2.645199
 71.980003 0.995511 -2.648016
 72.180003 0.968561 -2.747340
 72.380003 0.954220 -2.609709
 72.580003 0.967298 -2.760455
 72.780003 1.287459 -2.707021
 72.980003 0.902843 -2.747562
 73.180003 0.890007 -2.714766
 73.380003 1.266487 -2.844918
 73.580003 1.006321 -2.876345
 73.780004 1.025796 -2.658884
 73.980004 1.195406 -2.822111
 74.180004 1.224069 -2.704526
 74.380004 1.146426 -2.821357
 74.580004 0.883762 -2.724818
 74.780004 1.198823 -2.594254
 74.980004 1.239491 -2.917725
 75.180004 1.314066 -2.580872
 75.380004 1.237613 -2.994023
 75.580004 1.089814 -2.815610
 75.780004 1.255798 -2.671347
 75.980004 1.102998 -2.840911
 76.180004 1.046312 -2.712147
 76.380004 1.116442 -2.975607
 76.580004 1.087344 -2.652266
 76.780004 1.174558 -2.726115
 76.980004 0.932231 -2.815541
 77.180004 1.195663 -2.571832
 77.380004 0.950921 -3.018921
 77.580004 1.071106 -2.527343
 77.780004 1.139574 -2.946099
 77.980004 1.098580 -2.814184
 78.180004 1.021852 -2.675239
 78.380004 1.141660 -2.953723
 78.580004 1.120283 -2.536354
 78.780004 1.138948 -3.039084
 78.980004 0.918258 -2.636767
 79.180004 1.135294 -2.773578
 79.380004 1.151248 -2.921043
 79.580004 0.997216 -2.477011
 79.780004 1.075532 -3.075360
 79.980004 1.170615 -2.559644
 80.180004 1.160299 -2.895112
 80.380004 1.155596 -2.801083
 80.580004 1.019499 -2.728375
 80.780004 1.180136 -2.953209
 80.980004 1.221022 -2.611620
 81.180004 1.224995 -2.973195
 81.380004 1.193857 -2.850032
 81.580004 1.135532 -2.776102
 81.780004 1.229473 -2.877228
 81.980004 1.072120 -2.718051
 82.180004 0.914540 -2.887852
 82.380004 1.134978 -2.630983
 82.580004 1.168483 -2.962664
 82.780004 1.080732 -2.751418
 82.980004 1.139922 -2.880378
 83.180004 0.948941 -2.766282
 83.380004 1.099742 -2.710608
 83.580004 0.953758 -2.774491
 83.780004 0.931752 -2.614144
 83.980004 1.238860 -2.860881
 84.180004 0.995467 -2.670968
 84.380004 1.231433 -2.704384
 84.580004 1.002792 -2.885100
 84.780004 1.130613 -2.640295
 84.980004 1.267969 -2.919914
 85.180004 1.102232 -2.621700
 85.380004 1.161153 -2.851960
 85.580004 1.122046 -2.779519
 85.780004 1.073677 -2.607926
 85.980004 1.399103 -3.069969
 86.180004 1.160085 -2.566836
 86.380004 1.241056 -2.955857
 86.580004 1.101902 -2.754776
 86.780004 1.217068 -2.840541
 86.980004 1.342073 -2.822175
 87.180004 0.994868 -2.768206
 87.380004 1.313243 -2.987991
 87.580004 1.331142 -2.703417
 87.780004 1.215534 -2.851683
 87.980004 1.125345 -2.882019
 88.180004 1.227541 -2.846620
 88.380004 1.215763 -2.836852
 88.580004 1.193903 -2.644824
 88.780004 0.994921 -2.895796
 88.980004 1.035199 -2.725821
 89.180004 1.137312 -2.740710
 89.380004 1.162679 -2.634146
 89.580004 0.895191 -2.804434
 89.780004 0.983911 -2.763449
 89.980004 1.111250 -2.550669
 90.180004 1.191798 -2.773538
 90.380004 0.838956 -2.686091
 90.580004 1.034390 -2.796231
 90.780004 1.093604 -2.646075
 90.980004 1.316806 -2.677089
 91.180004 0.969651 -2.811242
 91.380004 1.072858 -2.623102
 91.580004 1.416404 -2.754240
 91.780004 1.055422 -2.576758
 91.980004 1.064498 -3.031332
 92.180004 1.170888 -2.630704
 92.380004 1.270685 -2.681964
 92.580004 1.157282 -2.787043
 92.780004 1.030227 -2.758019
 92.980004 1.286725 -2.930025
 93.180004 1.451174 -2.566222
 93.380004 1.354098 -3.122117
 93.580004 1.004919 -2.665426
 93.780004 1.264729 -2.940269
 93.980004 1.138860 -2.600675
 94.180004 1.101752 -2.790084
 94.380004 1.055842 -3.073457
 94.580004 1.242605 -2.547210
 94.780005 1.499958 -2.918230
 94.980005 0.956322 -2.610724
 95.180005 1.089660 -2.787383
 95.380005 1.210702 -2.822341
 95.580005 1.324669 -2.495268
 95.780005 1.050943 -2.956616
 95.980005 1.121619 -2.557539
 96.180005 1.095948 -2.784530
 96.380005 0.990696 -2.722935
 96.580005 1.038372 -2.644750
 96.780005 0.974415 -2.940468
 96.980005 1.204475 -2.397445
 97.180005 1.138586 -2.945457
 97.380005 1.107948 -2.715531
 97.580005 1.049493 -2.814563
 97.780005 1.058298 -2.717253
 97.980005 0.886271 -2.485416
 98.180005 1.100846 -3.013003
 98.380005 1.085385 -2.558148
 98.580005 1.294934 -3.007946
 98.780005 1.223928 -2.726068
 98.980005 1.012286 -2.817850
 99.180005 1.291539 -2.881354
 99.380005 1.053182 -2.558773
 99.580005 1.123798 -2.909136
 99.780005 1.207500 -2.772467
 99.980005 1.161148 -2.749133
 100.180005 1.178056 -2.870413
 100.380005 1.061672 -2.585729
 100.580005 1.072350 -3.052370
 100.780005 1.185846 -2.581059
 100.980005 1.115756 -2.904786
 101.180005 1.210170 -2.855804
 101.380005 1.163426 -2.688723
 101.580005 1.023837 -2.880010
 101.780005 1.250509 -2.488892
 101.980005 1.164934 -2.943024
 102.180005 0.964966 -2.654819
 102.380005 1.338475 -2.731422
 102.580005 1.207720 -2.900632
 102.780005 1.174171 -2.774440
 102.980005 1.227935 -2.965823
 103.180005 1.139516 -2.639841
 103.380005 1.359664 -2.961671
 103.580005 0.949516 -2.673951
 103.780005 1.127155 -2.753174
 103.980005 1.223488 -2.765333
 104.180005 1.240907 -2.748995
 104.380005 1.101051 -2.842393
 104.580005 1.017758 -2.531445
 104.780005 1.375329 -2.872969
 104.980005 1.172801 -2.637837
 105.180005 0.993079 -2.747201
 105.380005 1.208604 -2.771201
 105.580005 1.166808 -2.649280
 105.780005 1.187727 -2.804524
 105.980005 0.921328 -2.585014
 106.180005 1.052325 -2.878831
 106.380005 1.081383 -2.652740
 106.580005 1.050936 -2.732161
 106.780005 0.991314 -2.829043
 106.980005 1.127312 -2.563809
 107.180005 1.176067 -3.054032
 107.380005 1.151919 -2.629152
 107.580005 1.046695 -2.959059
 107.780005 1.222248 -2.761444
 107.980005 1.109552 -2.794566
 108.180005 1.206869 -2.946178
 108.380005 0.977990 -2.520777
 108.580005 1.143112 -2.906871
 108.780005 1.070192 -2.737735
 108.980005 1.152078 -2.792492
 109.180005 0.999029 -2.989263
 109.380005 1.311600 -2.679986
 109.580005 1.210567 -3.007808
 109.780005 1.204458 -2.624774
 109.980005 1.176789 -2.974306
 110.180005 1.054104 -2.691008
 110.380005 1.143313 -2.731684
 110.580005 1.242264 -2.806360
 110.780005 1.035369 -2.721361
 110.980005 1.154106 -2.933207
 111.180005 1.107310 -2.650534
 111.380005 1.329308 -2.902812
 111.580005 1.106112 -2.816910
 111.780005 1.124799 -2.844964
 111.980005 1.241648 -2.872599
 112.180005 1.147395 -2.615660
 112.380005 0.987572 -2.932860
 112.580005 1.087560 -2.706955
 112.780005 1.062184 -2.796613
 112.980005 1.159928 -2.781797
 113.180005 1.083283 -2.677435
 113.380005 1.203319 -2.970229
 113.580005 1.195561 -2.748132
 113.780005 1.087943 -2.802879
 113.980005 0.997965 -2.769765
 114.180005 1.117688 -2.686607
 114.380005 1.018533 -2.879636
 114.580005 1.109591 -2.647377
 114.780005 1.078053 -2.927956
 114.980005 1.214550 -2.727320
 115.180005 1.171859 -2.776001
 115.380005 1.080077 -2.843535
 115.580005 1.151351 -2.772789
 115.780005 1.286520 -2.787212
 115.980006 1.073241 -2.739152
 116.180006 1.263292 -2.832380
 116.380006 1.168076 -2.955647
 116.580006 1.144789 -2.648773
 116.780006 1.095303 -2.869900
 116.980006 1.245465 -2.822939
 117.180006 1.130123 -2.733283
 117.380006 1.260942 -2.818867
 117.580006 1.167150 -2.880651
 117.780006 1.291751 -2.790844
 117.980006 1.204655 -2.744154
 118.180006 1.245349 -2.719760
 118.380006 1.124071 -2.889715
 118.580006 1.098495 -2.687547
 118.780006 1.197062 -2.807916
 118.980006 1.150458 -2.696822
 119.180006 1.023670 -2.970719
 119.380006 1.144610 -2.750288
 119.580006 1.257008 -2.866011
 119.780006 1.170813 -2.767987
 119.980006 0.963937 -2.796546
 120.180006 1.229743 -2.971701
 120.380006 1.177282 -2.626150
 120.580006 0.994229 -2.824197
 120.780006 1.011283 -2.715137
 120.980006 1.057508 -2.752600
 121.180006 1.023765 -2.819405
 121.380006 1.123980 -2.582532
 121.580006 0.871822 -2.834215
 121.780006 1.008654 -2.720352
 121.980006 1.084108 -2.770255
 122.180006 0.977683 -2.722293
 122.380006 1.167038 -2.848995
 122.580006 0.960945 -2.748660
 122.780006 1.127085 -2.575703
 122.980006 1.250371 -2.783824
 123.180006 1.012838 -2.763516
 123.380006 1.213863 -2.879177
 123.580006 1.332892 -2.735728
 123.780006 1.179140 -2.764348
 123.980006 1.090803 -2.945287
 124.180006 0.992972 -2.725452
 124.380006 1.504360 -2.803456
 124.580006 1.103207 -2.794230
 124.780006 1.101817 -2.750515
 124.980006 1.463802 -2.967091
 125.180006 1.338659 -2.783912
 125.380006 1.256663 -2.781536
 125.580006 0.872905 -2.964673
 125.780006 1.204377 -2.702489
 125.980006 1.383641 -2.719916
 126.180006 0.970199 -2.771658
 126.380006 1.126667 -2.885938
 126.580006 1.371957 -2.679212
 126.780006 1.295180 -2.620697
 126.980006 1.063051 -2.901395
 127.180006 0.943586 -2.704309
 127.380006 1.321953 -2.713640
 127.580006 1.389516 -2.678402
 127.780006 1.097385 -2.835399
 127.980006 1.220800 -2.786425
 128.180006 1.361968 -2.755031
 128.380006 1.314173 -2.806111
 128.580006 0.963900 -2.816889
 128.780006 1.097150 -2.863568
 128.980006 1.414628 -2.744957
 129.180006 1.284992 -2.741012
 129.380006 1.002651 -2.943860
 129.580006 1.360699 -2.667481
 129.780006 1.345225 -2.860311
 129.980006 1.116897 -2.659900
 130.180006 1.108870 -2.986418
 130.380006 1.199604 -2.697724
 130.580006 1.245734 -2.798394
 130.780006 0.981733 -2.810888
 130.980006 1.199464 -2.769385
 131.180006 1.299456 -2.781380
 131.380006 1.176241 -2.615189
 131.580006 1.197423 -2.784030
 131.780006 1.088953 -2.875760
 131.980006 1.185827 -2.540406
 132.180006 1.125550 -2.764630
 132.380006 1.097688 -2.616507
 132.580006 1.019793 -2.847937
 132.780006 1.023229 -2.546818
 132.980006 1.156074 -2.662834
 133.180006 1.166668 -2.763217
 133.380006 1.049071 -2.830940
 133.580006 1.128999 -2.834798
 133.780006 1.322075 -2.686663
 133.980006 1.282402 -2.886640
 134.180006 0.806953 -2.667663
 134.380006 1.263999 -2.960445
 134.580006 1.133598 -2.762275
 134.780006 1.052577 -2.621338
 134.980006 0.970145 -2.834062
 135.180006 1.087717 -2.729528
 135.380006 1.204628 -2.701716
 135.580006 1.009398 -2.726298
 135.780006 1.108869 -2.808576
 135.980006 1.218245 -2.900405
 136.180006 1.108862 -2.616280
 136.380006 1.140356 -2.920375
 136.580006 1.222071 -2.870749
 136.780006 1.042475 -2.538915
 136.980007 1.081849 -2.760298
 137.180007 0.964837 -2.631854
 137.380007 1.040845 -2.839918
 137.580007 1.155060 -2.713049
 137.780007 1.176791 -2.615984
 137.980007 1.164832 -2.944697
 138.180007 1.069053 -2.718852
 138.380007 1.112313 -2.858191
 138.580007 1.260788 -2.889685
 138.780007 1.099649 -2.788599
 138.980007 1.183967 -2.833698
 139.180007 1.194641 -2.869522
 139.380007 1.253481 -2.815969
 139.580007 1.123151 -2.602704
 139.780007 1.212473 -2.871074
 139.980007 1.047423 -2.594173
 140.180007 1.108806 -2.831775
 140.380007 0.929526 -2.638582
 140.580007 1.266748 -2.702877
 140.780007 1.162366 -2.847890
 140.980007 1.056069 -2.586514
 141.180007 1.016737 -2.862751
 141.380007 1.258990 -2.615050
 141.580007 1.031863 -2.763349
 141.780007 1.233363 -2.878399
 141.980007 1.067719 -2.755496
 142.180007 1.286259 -2.882474
 142.380007 1.222811 -2.709058
 142.580007 1.193060 -2.932936
 142.780007 1.302546 -2.775248
 142.980007 1.180138 -2.838463
 143.180007 1.125855 -2.873987
 143.380007 1.287394 -2.843986
 143.580007 0.932723 -2.871023
 143.780007 1.141025 -2.644614
 143.980007 1.066831 -2.849481
 144.180007 1.199148 -2.602483
 144.380007 1.163372 -2.913879
 144.580007 1.150999 -2.645457
 144.780007 0.996850 -2.782632
 144.980007 1.158396 -2.853554
 145.180007 1.003703 -2.556534
 145.380007 1.273425 -2.929341
 145.580007 1.077004 -2.503683
 145.780007 1.149346 -2.774537
 145.980007 0.958374 -2.886210
 146.180007 1.118376 -2.553423
 146.380007 1.069093 -3.055238
 146.580007 1.031718 -2.409588
 146.780007 1.084190 -3.029724
 146.980007 1.052506 -2.684250
 147.180007 1.210262 -2.653050
 147.380007 1.050003 -2.962864
 147.580007 1.133497 -2.588201
 147.780007 1.318910 -2.899293
 147.980007 0.960313 -2.624659
 148.180007 1.171459 -2.933831
 148.380007 1.233513 -2.926332
 148.580007 1.319194 -2.621883
 148.780007 1.268534 2.914608
 148.980007 1.113115 -2.583442
 149.180007 1.217285 -3.085690
 149.380007 1.288837 -2.881496
 149.580007 1.138598 -2.757141
 149.780007 1.206495 3.122156
 149.980007 1.248856 -2.610478
 150.180007 1.430507 -2.934749
 150.380007 1.064266 -2.823322
 150.580007 1.257935 -2.965631
 150.780007 1.241719 -2.831901
 150.980007 1.175024 -2.650495
 151.180007 1.158444 -3.002374
 151.380007 1.026504 -2.657447
 151.580007 1.053146 -2.932695
 151.780007 1.114454 -2.613154
 151.980007 0.976617 -2.863635
 152.180007 1.236715 -2.907303
 152.380007 1.111649 -2.584125
 152.580007 1.118260 -2.726849
 152.780007 0.957626 -2.714949
 152.980007 1.075723 -2.829945
 153.180007 0.947804 -2.503433
 153.380007 1.173167 -2.769883
 153.580007 0.919653 -2.690740
 153.780007 1.062790 -2.740650
 153.980007 1.071829 -2.602328
 154.180007 1.215032 -2.768531
 154.380007 1.116167 -3.036278
 154.580007 1.126162 -2.652987
 154.780007 1.104628 -2.786092
 154.980007 1.192278 -2.819170
 155.180007 1.136160 -2.800661
 155.380007 1.306197 -2.836109
 155.580007 1.186762 -2.781376
 155.780007 1.091920 -2.856176
 155.980007 1.140420 -2.800111
 156.180007 1.065796 -2.747847
 156.380007 1.103956 -2.968210
 156.580007 1.126032 -2.734527
 156.780007 1.285628 -2.914347
 156.980007 1.451550 -2.707210
 157.180007 1.219562 -2.828566
 157.380007 1.233283 -2.859270
 157.580007 1.178681 -2.708262
 157.780007 1.328913 -2.839410
 157.980008 1.037752 -2.660450
 158.180008 1.217318 -2.957167
 158.380008 1.206593 -2.702425
 158.580008 1.371012 -2.790308
 158.780008 1.012379 -2.792808
 158.980008 1.192901 -2.564336
 159.180008 1.247262 -2.808017
 159.380008 1.046499 -2.537967
 159.580008 1.054521 -2.834050
 159.780008 1.271848 -2.663620
 159.980008 1.110652 -2.733038
 160.180008 1.097945 -2.704615
 160.380008 1.053793 -2.672724
 160.580008 1.368095 -2.892123
 160.780008 0.996669 -2.697292
 160.980008 1.188417 -2.955192
 161.180008 1.215409 -2.759731
 161.380008 1.239946 -2.917688
 161.580008 1.089962 -2.831515
 161.780008 1.160089 -2.845732
 161.980008 1.073394 -2.744875
 162.180008 1.321354 -2.722665
 162.380008 0.928431 -2.856905
 162.580008 1.049711 -2.630523
 162.780008 1.160401 -2.770272
 162.980008 0.941889 -2.596375
 163.180008 0.990708 -2.854017
 163.380008 1.149690 -2.615421
 163.580008 1.226539 -2.840547
 163.780008 1.131715 -2.791907
 163.980008 1.096151 -2.806030
 164.180008 1.329037 -2.806458
 164.380008 1.206224 -2.681575
 164.580008 1.048620 -3.011071
 164.780008 1.170347 -2.765520
 164.980008 1.190907 -2.921500
 165.180008 1.251906 -2.873681
 165.380008 1.159940 -2.899277
 165.580008 1.039884 -2.912779
 165.780008 1.177891 -2.610822
 165.980008 1.045271 -2.928274
 166.180008 1.131387 -2.751686
 166.380008 1.077408 -2.729662
 166.580008 1.081182 -2.661655
 166.780008 1.077724 -2.891294
 166.980008 0.949391 -2.819885
 167.180008 1.026935 -2.603929
 167.380008 1.129053 -2.761197
 167.580008 0.992127 -2.741859
 167.780008 1.119478 -2.870293
 167.980008 1.018111 -2.655942
 168.180008 1.167383 -2.762808
 168.380008 1.106325 -2.790989
 168.580008 1.081930 -2.814887
 168.780008 1.159469 -2.667175
 168.980008 1.149252 -2.782098
 169.180008 1.223536 -2.752703
 169.380008 1.136031 -2.791521
 169.580008 1.162543 -2.759774
 169.780008 1.270812 -2.784741
 169.980008 1.013599 -2.961609
 170.180008 1.183580 -2.659394
 170.380008 1.191535 -2.923953
 170.580008 1.116752 -2.867676
 170.780008 1.113900 -2.751525
 170.980008 1.297928 -2.903064
 171.180008 1.030349 -2.736761
 171.380008 1.161324 -2.824681
 171.580008 0.831366 -2.648470
 171.780008 1.053163 -2.780227
 171.980008 1.063195 -2.776037
 172.180008 1.144995 -2.493721
 172.380008 1.011288 -2.934998
 172.580008 1.303100 -2.746219
 172.780008 1.076763 -2.758080
 172.980008 1.233386 -2.785856
 173.180008 0.827738 -2.701997
 173.380008 1.099828 -2.792326
 173.580008 1.102366 -2.683449
 173.780008 1.106110 -2.836735
 173.980008 1.044893 -2.687611
 174.180008 1.028785 -2.793777
 174.380008 1.164677 -2.703796
 174.580008 1.237278 -2.688602
 174.780008 0.829549 -2.775730
 174.980008 1.319740 -2.649492
 175.180008 1.060961 -2.756481
 175.380008 1.121625 -2.751984
 175.580008 1.122024 -2.806738
 175.780008 1.141056 -2.680703
 175.980008 1.181242 -2.772870
 176.180008 0.990834 -2.902104
 176.380008 1.192685 -2.554318
 176.580008 1.203425 -2.839360
 176.780008 0.984011 -2.511826
 176.980008 1.250855 -3.040741
 177.180008 1.248012 -2.579370
 177.380008 1.162900 -2.889977
 177.580008 1.142524 -2.751275
 177.780008 1.074336 -2.769573
 177.980008 1.434670 -2.852589
 178.180008 1.072712 -2.577772
 178.380008 1.266411 -2.963945
 178.580008 1.120401 -2.575838
 178.780008 1.199392 -2.774290
 178.980009 1.192622 -2.831239
 179.180009 1.046852 -2.570949
 179.380009 1.359649 -3.073892
 179.580009 1.222719 -2.600097
 179.780009 1.113672 -2.984249
 179.980009 1.196903 -2.806212
 180.180009 1.114252 -2.809013
 180.380009 1.263247 -2.907820
 180.580009 0.948538 -2.831194
 180.780009 1.247287 -2.956462
 180.980009 1.377344 -2.692282
 181.180009 1.083336 -2.900880
 181.380009 1.129338 -2.799587
 181.580009 1.302547 -2.747481
 181.780009 1.239153 -2.774637
 181.980009 0.983054 -2.792077
 182.180009 1.080639 -2.964877
 182.380009 1.402790 -2.613951
 182.580009 1.187897 -2.905926
 182.780009 1.163487 -2.890057
 182.980009 0.924637 -2.771559
 183.180009 1.335264 -2.869966
 183.380009 1.154262 -2.708115
 183.580009 1.022691 -2.810066
 183.780009 1.106114 -2.838531
 183.980009 1.174854 -2.486615
 184.180009 1.173114 -2.890684
 184.380009 1.028795 -2.777029
 184.580009 1.065650 -2.737179
 184.780009 1.389190 -2.834068
 184.980009 1.092324 -2.794630
 185.180009 1.340464 -2.849400
 185.380009 1.183754 -2.789042
 185.580009 1.382390 -2.868671
 185.780009 1.149535 -2.786350
 185.980009 1.164285 -2.830716
 186.180009 1.160916 -2.890633
 186.380009 1.252042 -2.651411
 186.580009 1.221163 -2.802162
 186.780009 1.174104 -2.767743
 186.980009 1.157638 -2.888116
 187.180009 1.370884 -2.702315
 187.380009 1.191886 -2.916547
 187.580009 1.185127 -2.844097
 187.780009 1.068387 -2.839434
 187.980009 1.405893 -2.988614
 188.180009 1.146793 -2.647205
 188.380009 1.219409 -3.079831
 188.580009 1.206241 -2.678334
 188.780009 1.322645 -2.945872
 188.980009 1.100985 -2.813391
 189.180009 1.151694 -2.722695
 189.380009 1.193674 -2.904352
 189.580009 1.306466 -2.857801
 189.780009 1.118164 -2.932454
 189.980009 1.286979 -2.741644
 190.180009 1.268045 -2.793088
 190.380009 1.094774 -2.847529
 190.580009 1.125712 -2.801890
 190.780009 1.272115 -2.763229
 190.980009 1.065956 -2.652711
 191.180009 1.085301 -2.746493
 191.380009 1.021756 -2.662021
 191.580009 1.213659 -2.726223
 191.780009 0.889526 -2.588627
 191.980009 0.875874 -2.438674
 192.180009 1.030878 -2.853521
 192.380009 1.184721 -2.581402
 192.580009 1.054931 -2.852316
 192.780009 1.245011 -2.824369
 192.980009 1.021111 -2.706818
 193.180009 1.287040 -2.884795
 193.380009 1.091683 -2.751403
 193.580009 1.137325 -2.923620
 193.780009 1.317355 -2.784304
 193.980009 1.275408 -2.847709
 194.180009 1.224240 -2.947103
 194.380009 1.231059 -2.738279
 194.580009 1.257595 -3.006748
 194.780009 1.299281 -2.655671
 194.980009 1.196792 -2.956968
 195.180009 1.201752 -2.705974
 195.380009 1.142197 -2.854521
 195.580009 1.235754 -2.703297
 195.780009 1.199683 -2.905922
 195.980009 1.312472 -2.737815
 196.180009 1.118689 -2.810515
 196.380009 1.271475 -2.706289
 196.580009 1.086414 -3.019848
 196.780009 1.215062 -2.677002
 196.980009 1.175901 -2.815975
 197.180009 1.354462 -2.887160
 197.380009 1.096083 -2.706477
 197.580009 1.157294 -2.862006
 197.780009 1.049723 -2.678567
 197.980009 1.203031 -2.643044
 198.180009 1.113957 -2.821160
 198.380009 1.080760 -2.556350
 198.580009 1.061046 -2.938335
 198.780009 1.044785 -2.620632
 198.980009 1.150660 -2.899037
 199.180009 1.143025 -2.816470
 199.380009 1.139738 -2.711872
 199.580009 0.980797 -2.912815
 199.780009 1.100531 -2.549406
 199.980009 1.148221 -3.013852
