#! FIELDS time phi psi
#! SET max_psi pi
 0.180000 -2.637237 1.780964
 0.380000 -2.462464 0.352917
 0.580000 -2.791886 1.344572
 0.780000 -2.611832 0.469351
 0.980000 -2.930995 1.266291
 1.180000 -2.465598 0.450078
 1.380000 -3.045272 1.200787
 1.580000 -2.459736 0.555700
 1.780000 -2.958287 1.176616
 1.980000 -2.423181 0.732819
 2.180000 3.034438 0.915877
 2.380000 -2.565076 0.776401
 2.580000 -2.997575 1.046176
 2.780000 -2.734175 0.586223
 2.980000 -2.959807 1.136597
 3.180000 -2.514833 0.499547
 3.380000 -3.071222 1.165453
 3.580000 -2.497797 0.572913
 3.780000 -2.952332 1.108550
 3.980000 -2.532221 0.790701
 4.180000 -2.938823 0.907612
 4.380000 -2.808729 0.667058
 4.580000 -2.722627 1.052391
 4.780000 -2.966078 0.690025
 4.980000 -2.763139 0.896082
 5.180000 -2.699993 0.774672
 5.380000 -2.639483 0.774574
 5.580000 -2.610441 0.961741
 5.780000 -2.697514 0.664077
 5.980000 -2.644642 1.120956
 6.180000 -2.772170 0.591084
 6.380000 -2.999579 0.978798
 6.580000 -2.562449 0.802483
 6.780000 -2.964939 0.901918
 6.980000 -2.710498 0.748824
 7.180000 -2.796631 0.850760
 7.380000 -2.579992 0.816426
 7.580000 -2.910681 0.809492
 7.780000 -2.556709 0.799829
 7.980000 -2.841676 0.981445
 8.180000 -2.589988 0.572614
 8.380000 -2.931323 1.097412
 8.580000 -2.728860 0.674735
 8.780000 -2.837140 1.055480
 8.980000 -2.748073 0.650252
 9.180000 -2.767323 1.100344
 9.380000 -2.763021 0.679350
 9.580000 -2.789867 1.048607
 9.780000 -2.721201 0.665548
 9.980000 -2.912980 0.890693
 10.180000 -2.546131 0.872672
 10.380000 -2.921907 0.731811
 10.580001 -2.665832 1.026278
 10.780001 -2.836761 0.717694
 10.980001 -2.869083 0.869765
 11.180001 -2.746872 0.844967
 11.380001 -2.845386 0.917740
 11.580001 -2.781140 0.889112
 11.780001 -2.914420 0.797195
 11.980001 -2.680581 0.971038
 12.180001 -2.896794 0.777388
 12.380001 -2.611729 0.866010
 12.580001 -2.829280 0.833636
 12.780001 -2.721428 0.717769
 12.980001 -2.879023 0.997859
 13.180001 -2.620206 0.563320
 13.380001 -2.848714 1.217721
 13.580001 -2.611165 0.417772
 13.780001 -2.708429 1.216135
 13.980001 -2.619289 0.601993
 14.180001 -2.968918 0.952379
 14.380001 -2.576982 0.870573
 14.580001 -3.018024 0.705750
 14.780001 -2.483893 0.969687
 14.980001 -2.989827 0.753514
 15.180001 -2.726611 0.821163
 15.380001 -2.764483 0.914671
 15.580001 -2.782091 0.737991
 15.780001 -2.755206 0.919049
 15.980001 -2.745392 0.746379
 16.180001 -2.617024 1.051698
 16.380001 -2.958241 0.654365
 16.580001 -2.643007 0.896222
 16.780001 -2.856023 0.814280
 16.980001 -2.828328 0.696829
 17.180001 -2.807490 1.032193
 17.380001 -2.709262 0.737443
 17.580001 -2.704734 1.058578
 17.780001 -2.730244 0.449919
 17.980001 -2.485215 1.191964
 18.180001 -3.032501 0.661778
 18.380001 -2.774409 0.846966
 18.580001 -2.732139 0.924176
 18.780001 -2.878923 0.664230
 18.980001 -2.527616 1.139682
 19.180001 -2.829691 0.524596
 19.380001 -2.535798 1.131015
 19.580001 -2.840459 0.666230
 19.780001 -2.791231 0.930305
 19.980001 -2.810636 0.731265
 20.180001 -2.967834 0.737554
 20.380001 -2.684838 0.905886
 20.580001 -2.858504 0.595382
 20.780001 -2.632043 1.079522
 20.980001 -2.734841 0.678932
 21.180001 -2.591475 1.036124
 21.380001 -2.718094 0.618217
 21.580001 -2.684837 0.961384
 21.780001 -2.827411 0.886852
 21.980001 -2.766152 0.671466
 22.180001 -2.669010 1.152467
 22.380001 -2.768830 0.595320
 22.580001 -2.723566 1.039256
 22.780001 -2.667422 0.718339
 22.980001 -2.782550 1.062367
 23.180001 -2.609350 0.806430
 23.380001 -2.871692 0.797878
 23.580001 -2.606475 0.855245
 23.780001 -3.082587 0.803393
 23.980001 -2.636322 0.860089
 24.180001 -3.082055 0.800704
 24.380001 -2.673514 0.829032
 24.580001 -3.015741 0.874882
 24.780001 -2.801829 0.765617
 24.980001 -2.696133 1.015171
 25.180001 -2.764247 0.622121
 25.380001 -2.490791 1.139135
 25.580001 -2.855520 0.667594
 25.780001 -2.637616 1.009037
 25.980001 -2.817297 0.705423
 26.180001 -2.736819 0.810699
 26.380001 -2.855250 0.973199
 26.580001 -2.574569 0.638737
 26.780001 -2.908932 1.111968
 26.980001 -2.607823 0.589548
 27.180001 -2.733833 1.232605
 27.380001 -2.743142 0.532278
 27.580001 -3.016410 1.125456
 27.780001 -2.583482 0.745861
 27.980001 -2.970106 0.868373
 28.180001 -2.667680 0.800407
 28.380001 -2.886654 0.755069
 28.580001 -2.576309 0.856424
 28.780001 -2.962136 0.778318
 28.980001 -2.623080 0.809650
 29.180001 -2.830230 0.946496
 29.380001 -2.706124 0.755615
 29.580001 -2.981722 1.012766
 29.780001 -2.686476 0.628361
 29.980001 -2.671346 1.127211
 30.180001 -2.835099 0.578063
 30.380001 -2.785985 1.042939
 30.580001 -2.569158 0.826577
 30.780001 -2.770015 0.795097
 30.980001 -2.599189 0.852783
 31.180001 -2.777061 0.791618
 31.380001 -2.705311 0.906540
 31.580001 -2.720398 0.749049
 31.780002 -2.933018 0.871913
 31.980002 -2.805282 0.789082
 32.180002 -2.790931 1.009218
 32.380002 -2.770646 0.699412
 32.580002 -2.883163 0.900557
 32.780002 -2.217945 0.853022
 32.980002 -2.997894 1.028431
 33.180002 -2.534796 0.696478
 33.380002 -2.921975 1.283049
 33.580002 -2.615560 0.446014
 33.780002 -2.758835 1.250312
 33.980002 -2.462429 0.278084
 34.180002 -2.950834 1.365062
 34.380002 -2.380166 0.443361
 34.580002 -3.001574 1.020756
 34.780002 -2.074689 0.809057
 34.980002 -2.978259 0.915142
 35.180002 -2.382530 0.789926
 35.380002 -2.961754 1.089798
 35.580002 -2.683335 0.512863
 35.780002 -2.727885 1.150884
 35.980002 -2.956147 0.482269
 36.180002 -2.782437 1.047645
 36.380002 -2.601879 0.909714
 36.580002 -2.731958 0.658975
 36.780002 -2.409915 1.075429
 36.980002 -2.726591 0.645077
 37.180002 -2.722229 1.043026
 37.380002 -2.618094 0.790994
 37.580002 -2.845405 0.972026
 37.780002 -2.672900 0.661497
 37.980002 -2.913006 0.982839
 38.180002 -2.737547 0.612038
 38.380002 -2.784320 0.871973
 38.580002 -2.491972 0.941046
 38.780002 -2.897422 0.693462
 38.980002 -2.320379 0.961257
 39.180002 -2.687812 0.852155
 39.380002 -2.585463 0.701301
 39.580002 -2.880269 1.036693
 39.780002 -2.820774 0.535050
 39.980002 -2.793448 1.139873
 40.180002 -2.868875 0.594203
 40.380002 -2.801043 1.062757
 40.580002 -2.737635 0.766092
 40.780002 -2.666751 0.741482
 40.980002 -2.767321 1.048598
 41.180002 -2.581191 0.628337
 41.380002 -3.085978 1.204427
 41.580002 -2.713748 0.536326
 41.780002 -2.886373 1.169702
 41.980002 -2.905521 0.406860
 42.180002 -2.631912 1.091338
 42.380002 -2.661127 0.750844
 42.580002 -2.659583 0.733988
 42.780002 -2.467940 1.080955
 42.980002 -2.857246 0.581604
 43.180002 -2.481817 1.225729
 43.380002 -2.958155 0.468798
 43.580002 -2.761926 0.954488
 43.780002 -2.738790 0.970172
 43.980002 -3.055122 0.527801
 44.180002 -2.671687 0.956492
 44.380002 -2.683866 0.860185
 44.580002 -2.643531 0.963190
 44.780002 -2.770001 0.828206
 44.980002 -2.726105 0.884865
 45.180002 -2.992360 0.893754
 45.380002 -2.692610 0.749594
 45.580002 -3.045732 0.729420
 45.780002 -2.648257 0.704584
 45.980002 -2.797505 1.203044
 46.180002 -2.671715 0.404675
 46.380002 -2.547846 1.232435
 46.580002 -2.658228 0.576748
 46.780002 -2.811994 0.887563
 46.980002 -2.661223 0.912608
 47.180002 -3.026588 0.596762
 47.380002 -2.693352 1.145293
 47.580002 -2.842213 0.420073
 47.780002 -2.711998 1.024430
 47.980002 -2.644741 0.845030
 48.180002 -2.729168 0.766063
 48.380002 -2.574320 0.971942
 48.580002 -2.790939 0.664635
 48.780002 -2.895286 0.974031
 48.980002 -2.802235 0.741953
 49.180002 -2.945647 0.971766
 49.380002 -3.009504 0.629503
 49.580002 -2.710138 0.942463
 49.780002 -2.919375 0.837648
 49.980002 -2.576943 0.816365
 50.180002 -2.765350 0.989375
 50.380002 -2.679579 0.802144
 50.580002 -2.903211 0.831956
 50.780002 -2.888692 0.698135
 50.980002 -2.852608 1.013539
 51.180002 -2.880144 0.681559
 51.380002 -2.986144 1.007498
 51.580002 -2.594750 0.692384
 51.780002 -2.689765 0.975237
 51.980002 -2.706427 0.615873
 52.180002 -2.682512 1.072059
 52.380002 -2.644613 0.710776
 52.580002 -2.939594 0.865372
 52.780003 -2.764652 0.861289
 52.980003 -2.782109 0.760762
 53.180003 -2.886835 0.904874
 53.380003 -2.625850 0.801809
 53.580003 -2.805177 1.018667
 53.780003 -2.584487 0.838990
 53.980003 -2.698348 0.843342
 54.180003 -2.619413 0.735479
 54.380003 -2.787524 0.826984
 54.580003 -2.921201 0.762663
 54.780003 -2.871074 0.867073
 54.980003 -2.901079 0.827882
 55.180003 -2.886704 0.840183
 55.380003 -2.821727 0.835111
 55.580003 -2.757232 0.931417
 55.780003 -2.660475 0.708197
 55.980003 -2.653248 0.859626
 56.180003 -2.825632 0.875514
 56.380003 -2.608681 0.857150
 56.580003 -2.992917 0.762851
 56.780003 -2.704465 0.826815
 56.980003 -2.842545 0.972030
 57.180003 -2.755672 0.710990
 57.380003 -2.812844 0.972252
 57.580003 -2.554928 0.681138
 57.780003 -2.807682 0.914490
 57.980003 -2.728487 0.711734
 58.180003 -2.878941 1.001095
 58.380003 -2.658794 0.701619
 58.580003 -3.008910 0.881199
 58.780003 -2.767218 0.784614
 58.980003 -2.912395 0.939883
 59.180003 -2.634978 0.826242
 59.380003 -2.762783 0.861027
 59.580003 -2.549715 0.821081
 59.780003 -2.805003 0.825634
 59.980003 -2.632240 0.750955
 60.180003 -2.938583 0.877553
 60.380003 -2.678980 0.666204
 60.580003 -2.865482 0.948474
 60.780003 -2.720758 0.724933
 60.980003 -2.941235 1.023524
 61.180003 -2.515415 0.761334
 61.380003 -2.758565 0.966356
 61.580003 -2.708560 0.578681
 61.780003 -2.736967 0.987276
 61.980003 -2.666991 0.763620
 62.180003 -2.880497 0.749710
 62.380003 -2.664003 0.909866
 62.580003 -2.905913 0.815647
 62.780003 -2.882105 0.828451
 62.980003 -2.837534 0.864344
 63.180003 -2.743782 0.749780
 63.380003 -2.727847 0.934774
 63.580003 -2.628704 0.776897
 63.780003 -2.768571 0.809454
 63.980003 -2.766878 0.898816
 64.180003 -2.700103 0.878885
 64.380003 -2.879504 0.727881
 64.580003 -2.901455 0.686531
 64.780003 -2.791313 1.004825
 64.980003 -2.770150 0.633035
 65.180003 -2.795714 0.896945
 65.380003 -2.560559 0.858812
 65.580003 -2.830819 0.845532
 65.780003 -2.699857 0.801053
 65.980003 -2.721680 0.887492
 66.180003 -2.783248 0.880273
 66.380003 -2.906190 0.522709
 66.580003 -2.812247 1.077445
 66.780003 -2.925663 0.710787
 66.980003 -2.860695 0.962533
 67.180003 -2.566154 0.742952
 67.380003 -2.819612 0.900092
 67.580003 -2.653256 0.863178
 67.780003 -2.815585 0.655574
 67.980003 -2.729383 0.905136
 68.180003 -2.789715 0.862879
 68.380003 -2.684877 0.910736
 68.580003 -2.973873 0.733271
 68.780003 -2.644683 0.963838
 68.980003 -2.854591 0.943188
 69.180003 -2.822789 0.622925
 69.380003 -2.694231 1.156292
 69.580003 -2.669095 0.590372
 69.780003 -2.685560 0.913533
 69.980003 -2.669323 0.757267
 70.180003 -2.728086 0.772795
 70.380003 -2.736377 0.944571
 70.580003 -2.783649 0.604633
 70.780003 -2.744428 1.045893
 70.980003 -2.740373 0.666825
 71.180003 -2.824999 0.872185
 71.380003 -2.653792 0.848310
 71.580003 -2.698479 0.697321
 71.780003 -2.700133 0.899319
 71.980003 -2.652329 0.852588
 72.180003 -2.863934 0.936425
 72.380003 -2.930927 0.520859
 72.580003 -2.719100 1.162766
 72.780003 -2.937083 0.665309
 72.980003 -2.910362 0.812241
 73.180003 -2.491990 0.915846
 73.380003 -2.819299 0.827191
 73.580003 -2.621278 0.813420
 73.780004 -2.864936 0.907000
 73.980004 -2.664945 0.748954
 74.180004 -2.960154 0.944507
 74.380004 -2.858123 0.748557
 74.580004 -2.917487 0.874260
 74.780004 -2.830865 0.909823
 74.980004 -2.933611 0.780178
 75.180004 -2.681465 0.956703
 75.380004 -2.791004 0.848610
 75.580004 -2.738307 0.768874
 75.780004 -2.735499 0.870682
 75.980004 -2.654789 0.820552
 76.180004 -2.919855 0.815729
 76.380004 -2.693124 0.813656
 76.580004 -2.790069 0.920608
 76.780004 -2.814772 0.686357
 76.980004 -2.815725 1.035387
 77.180004 -2.731218 0.707039
 77.380004 -2.732206 0.952329
 77.580004 -2.728865 0.704959
 77.780004 -2.753629 0.921916
 77.980004 -2.759658 0.852672
 78.180004 -2.905273 0.748483
 78.380004 -2.865305 0.890848
 78.580004 -2.707618 0.854361
 78.780004 -2.969962 0.926154
 78.980004 -2.726411 0.622606
 79.180004 -2.676524 1.096937
 79.380004 -2.715948 0.564576
 79.580004 -2.708857 1.102579
 79.780004 -2.755747 0.649056
 79.980004 -2.819520 0.972591
 80.180004 -2.683176 0.738182
 80.380004 -2.938342 0.860764
 80.580004 -2.574230 0.776773
 80.780004 -2.697337 0.875182
 80.980004 -2.744213 0.783627
 81.180004 -2.680925 0.780573
 81.380004 -2.714344 0.944368
 81.580004 -2.768076 0.640263
 81.780004 -2.798418 1.041627
 81.980004 -2.760713 0.712765
 82.180004 -2.917285 1.029137
 82.380004 -2.629555 0.799303
 82.580004 -2.956953 0.791129
 82.780004 -2.601904 0.868352
 82.980004 -2.963235 0.854159
 83.180004 -2.637114 0.815768
 83.380004 -2.765675 0.808165
 83.580004 -2.701708 0.902977
 83.780004 -2.890705 0.805891
 83.980004 -2.718417 0.862935
 84.180004 -2.867663 0.872918
 84.380004 -2.757345 0.898980
 84.580004 -2.837404 0.891062
 84.780004 -2.809138 0.698287
 84.980004 -2.681815 1.082697
 85.180004 -2.861172 0.567524
 85.380004 -2.683313 1.034619
 85.580004 -2.762378 0.777133
 85.780004 -2.739535 0.788083
 85.980004 -2.873780 0.960527
 86.180004 -2.686661 0.675483
 86.380004 -2.783379 1.075454
 86.580004 -2.774312 0.539706
 86.780004 -2.684997 1.181075
 86.980004 -2.753816 0.507615
 87.180004 -2.909958 1.182165
 87.380004 -2.586978 0.640490
 87.580004 -2.775277 0.962864
 87.780004 -2.709323 0.715106
 87.980004 -2.781599 0.819012
 88.180004 -2.606310 1.067281
 88.380004 -2.979572 0.611436
 88.580004 -2.694488 0.948522
 88.780004 -2.902847 0.815330
 88.980004 -2.786146 0.788397
 89.180004 -2.665848 0.935156
 89.380004 -2.767592 0.676478
 89.580004 -2.705840 1.014372
 89.780004 -2.544548 0.733714
 89.980004 -2.613260 0.881842
 90.180004 -2.662348 0.747970
 90.380004 -2.619734 0.981363
 90.580004 -2.946875 0.648536
 90.780004 -2.777176 1.001969
 90.980004 -2.750750 0.916440
 91.180004 -2.972250 0.667464
 91.380004 -2.669120 0.967450
 91.580004 -2.711044 0.806215
 91.780004 -2.790266 0.951977
 91.980004 -2.821760 0.760128
 92.180004 -2.753109 0.916497
 92.380004 -2.833952 0.641594
 92.580004 -2.860148 0.835476
 92.780004 -2.861615 0.781691
 92.980004 -2.901889 0.908298
 93.180004 -2.647942 0.786765
 93.380004 -2.873678 0.789345
 93.580004 -2.535120 0.968697
 93.780004 -2.830270 0.807090
 93.980004 -2.775172 0.858901
 94.180004 -2.858454 0.844771
 94.380004 -2.724818 0.803602
 94.580004 -2.723988 0.970800
 94.780005 -2.889539 0.657823
 94.980005 -2.604465 1.073134
 95.180005 -2.648061 0.645395
 95.380005 -2.798675 0.895263
 95.580005 -2.669093 0.796445
 95.780005 -2.746624 0.841586
 95.980005 -2.849452 0.896791
 96.180005 -2.820063 0.637683
 96.380005 -2.776221 1.111739
 96.580005 -2.842927 0.556415
 96.780005 -2.645640 1.054151
 96.980005 -2.763104 0.671906
 97.180005 -2.711964 1.017638
 97.380005 -2.665796 0.830828
 97.580005 -3.099766 0.758959
 97.780005 -2.490486 0.927512
 97.980005 -2.911926 0.829880
 98.180005 -2.720323 0.773452
 98.380005 -2.786946 0.984013
 98.580005 -2.754959 0.802746
 98.780005 -2.911390 0.658499
 98.980005 -2.644200 0.996860
 99.180005 -2.805077 0.874641
 99.380005 -2.748001 0.758097
 99.580005 -2.748581 0.758143
 99.780005 -2.878375 0.831858
 99.980005 -2.744674 0.926252
 100.180005 -2.998006 0.770512
 100.380005 -2.803796 0.771920
 100.580005 -2.783310 1.000861
 100.780005 -2.806618 0.736867
 100.980005 -2.665151 0.934352
 101.180005 -2.791875 0.844049
 101.380005 -2.599157 0.972465
 101.580005 -2.992534 0.783423
 101.780005 -2.763195 0.668738
 101.980005 -2.809209 0.990690
 102.180005 -2.834478 0.677603
 102.380005 -3.074134 0.851458
 102.580005 -2.607721 0.805859
 102.780005 -2.697499 0.958915
 102.980005 -2.649390 0.600652
 103.180005 -2.707664 0.925456
 103.380005 -2.685455 0.888470
 103.580005 -3.067603 0.898410
 103.780005 -2.703611 0.797870
 103.980005 -2.782551 0.767618
 104.180005 -2.627160 0.910375
 104.380005 -2.931284 0.629740
 104.580005 -2.553954 0.949095
 104.780005 -2.754127 0.918450
 104.980005 -2.748955 0.663074
 105.180005 -2.782315 1.004352
 105.380005 -2.767154 0.754114
 105.580005 -2.926276 0.990586
 105.780005 -2.822365 0.710769
 105.980005 -2.836896 0.975615
 106.180005 -2.727239 0.642653
 106.380005 -2.602597 0.852745
 106.580005 -2.715704 0.824094
 106.780005 -2.562876 0.802810
 106.980005 -2.810691 0.931729
 107.180005 -2.753257 0.636471
 107.380005 -2.764534 1.124356
 107.580005 -2.697771 0.514432
 107.780005 -2.927952 1.083900
 107.980005 -2.405109 0.718098
 108.180005 -2.868999 1.064948
 108.380005 -2.389509 0.568264
 108.580005 -2.968607 1.007431
 108.780005 -2.476034 0.731584
 108.980005 -2.928766 0.920872
 109.180005 -2.837050 0.694635
 109.380005 -2.874997 1.009282
 109.580005 -2.766613 0.775468
 109.780005 -2.943154 0.901914
 109.980005 -2.823837 0.806829
 110.180005 -2.598970 0.966530
 110.380005 -2.956345 0.655633
 110.580005 -2.558702 0.749432
 110.780005 -2.768010 1.105986
 110.980005 -2.614599 0.617446
 111.180005 -2.698226 1.043362
 111.380005 -2.771247 0.643164
 111.580005 -2.569876 0.946166
 111.780005 -2.803084 0.846642
 111.980005 -2.841034 0.697266
 112.180005 -2.405059 1.067105
 112.380005 -2.598554 0.691384
 112.580005 -2.936509 0.899154
 112.780005 -2.789931 0.780307
 112.980005 -2.910526 0.894848
 113.180005 -2.868561 0.745836
 113.380005 -2.864573 0.955067
 113.580005 -2.733021 0.873815
 113.780005 -2.710912 0.835924
 113.980005 -2.490332 0.860685
 114.180005 -2.916452 0.705222
 114.380005 -2.823548 0.881192
 114.580005 -2.842049 0.812514
 114.780005 -2.972113 0.860485
 114.980005 -2.866815 0.809316
 115.180005 -2.870978 0.826765
 115.380005 -2.814261 0.846365
 115.580005 -2.745497 0.873324
 115.780005 -2.763728 0.935961
 115.980006 -2.662325 0.774792
 116.180006 -2.920568 0.945163
 116.380006 -2.908228 0.711974
 116.580006 -2.969206 0.948522
 116.780006 -2.862860 0.750827
 116.980006 -2.955614 0.786971
 117.180006 -2.623605 0.851944
 117.380006 -2.828396 0.820802
 117.580006 -2.366718 0.924886
 117.780006 -2.892484 0.840717
 117.980006 -2.597347 0.771243
 118.180006 -2.799306 1.032103
 118.380006 -2.898153 0.534444
 118.580006 -2.752835 1.106836
 118.780006 -2.865561 0.694312
 118.980006 -2.759557 0.863580
 119.180006 -2.589080 0.891043
 119.380006 -2.610423 0.800186
 119.580006 -2.697884 0.857498
 119.780006 -2.541616 0.776498
 119.980006 -2.887798 1.059196
 120.180006 -2.780625 0.616527
 120.380006 -2.899753 1.167328
 120.580006 -2.693965 0.685631
 120.780006 -2.900544 0.920287
 120.980006 -2.530857 0.802702
 121.180006 -2.847875 0.906962
 121.380006 -2.519669 0.735806
 121.580006 -2.855870 0.992783
 121.780006 -2.773205 0.637693
 121.980006 -2.778868 0.987890
 122.180006 -2.599207 0.761334
 122.380006 3.092610 0.842148
 122.580006 -2.655181 0.790313
 122.780006 -2.870682 0.967203
 122.980006 -2.752768 0.669441
 123.180006 -2.757546 0.821892
 123.380006 -2.580696 0.979461
 123.580006 -2.743927 0.780435
 123.780006 -2.639903 0.912237
 123.980006 -2.791823 0.795421
 124.180006 -2.830616 0.897253
 124.380006 -2.931923 0.847650
 124.580006 -2.862397 0.819364
 124.780006 -2.789742 0.828016
 124.980006 -2.831764 0.892871
 125.180006 -2.689523 0.816150
 125.380006 -2.713849 0.775923
 125.580006 -2.429138 1.026662
 125.780006 -2.868828 0.665295
 125.980006 -2.638558 0.851101
 126.180006 -2.739829 0.885827
 126.380006 -2.795502 0.668982
 126.580006 -2.804113 0.994067
 126.780006 -2.829321 0.669449
 126.980006 -2.844141 1.029599
 127.180006 -2.569288 0.679403
 127.380006 -2.809355 0.996500
 127.580006 -2.566056 0.754570
 127.780006 -2.849142 0.882512
 127.980006 -2.732107 0.710898
 128.180006 -2.823064 1.106626
 128.380006 -2.991127 0.712811
 128.580006 -3.005669 0.864833
 128.780006 -2.590391 0.872652
 128.980006 -2.806967 0.747872
 129.180006 -2.551510 0.845679
 129.380006 -2.704865 0.813594
 129.580006 -2.556761 0.900658
 129.780006 -2.885841 0.782346
 129.980006 -2.791689 0.781595
 130.180006 -2.804821 0.956705
 130.380006 -2.918845 0.720947
 130.580006 -2.813944 0.936976
 130.780006 -2.592252 0.847106
 130.980006 -2.681897 0.880373
 131.180006 -2.564185 0.791185
 131.380006 -2.721605 0.882101
 131.580006 -2.685574 0.800087
 131.780006 -2.861371 0.879071
 131.980006 -2.803219 0.684810
 132.180006 -2.876287 0.909620
 132.380006 -2.906168 0.840549
 132.580006 -2.746334 0.798181
 132.780006 -2.792944 0.893236
 132.980006 -2.664616 0.903649
 133.180006 -2.695429 0.928821
 133.380006 -2.740667 0.620958
 133.580006 -2.726193 0.974182
 133.780006 -2.740682 0.712222
 133.980006 -2.971536 0.934809
 134.180006 -2.821405 0.740666
 134.380006 -2.957408 1.045351
 134.580006 -2.701108 0.711291
 134.780006 -2.929535 0.909660
 134.980006 -2.583164 0.757071
 135.180006 -2.816235 0.988979
 135.380006 -2.566885 0.793936
 135.580006 -2.822100 0.859178
 135.780006 -2.546512 0.821150
 135.980006 -2.917180 0.808018
 136.180006 -2.740199 0.852021
 136.380006 -2.957234 0.941367
 136.580006 -2.752405 0.758773
 136.780006 -2.904715 0.937615
 136.980007 -2.700937 0.749821
 137.180007 -2.711074 1.075963
 137.380007 -2.778474 0.629430
 137.580007 -2.672618 0.875172
 137.780007 -2.646483 0.951638
 137.980007 -2.852408 0.652324
 138.180007 -2.600111 1.067866
 138.380007 -2.852447 0.646936
 138.580007 -2.835101 0.942565
 138.780007 -2.868699 0.835957
 138.980007 -2.816023 0.812467
 139.180007 -2.915811 0.924912
 139.380007 -2.691657 0.735246
 139.580007 -2.879247 0.958783
 139.780007 -2.716481 0.785458
 139.980007 -2.880114 0.869870
 140.180007 -2.743361 0.805495
 140.380007 -2.881378 0.926102
 140.580007 -2.736596 0.728965
 140.780007 -2.926487 0.867005
 140.980007 -2.650706 0.750924
 141.180007 -2.772506 0.794875
 141.380007 -2.570042 0.860659
 141.580007 -2.618883 0.907297
 141.780007 -2.827403 0.676344
 141.980007 -2.621955 1.002622
 142.180007 -2.817989 0.823974
 142.380007 -2.753485 0.817464
 142.580007 -2.925178 0.863378
 142.780007 -2.726901 0.671125
 142.980007 -2.857502 0.988130
 143.180007 -2.730529 0.752749
 143.380007 -2.756313 0.839437
 143.580007 -2.584633 0.952562
 143.780007 -2.882822 0.762693
 143.980007 -2.856148 0.898344
 144.180007 -2.733907 0.927617
 144.380007 -2.998266 0.680799
 144.580007 -2.636675 0.971167
 144.780007 -2.845587 0.788605
 144.980007 -2.814074 0.730542
 145.180007 -2.751391 0.860329
 145.380007 -2.800223 0.881238
 145.580007 -2.779879 0.843650
 145.780007 -2.718849 0.844187
 145.980007 -2.750755 0.673781
 146.180007 -2.860562 1.089053
 146.380007 -2.815120 0.718328
 146.580007 -2.961203 0.928432
 146.780007 -2.602830 0.770294
 146.980007 -2.954635 0.933720
 147.180007 -2.575925 0.758051
 147.380007 -2.713586 0.941344
 147.580007 -2.678088 0.828685
 147.780007 -2.732447 0.858513
 147.980007 -2.733805 0.887049
 148.180007 -2.745870 0.685097
 148.380007 -2.853834 1.002933
 148.580007 -2.810052 0.604627
 148.780007 -2.788433 1.018819
 148.980007 -2.753252 0.795256
 149.180007 -2.843745 0.856938
 149.380007 -2.728900 0.931785
 149.580007 -2.903411 0.799402
 149.780007 -2.650860 1.001576
 149.980007 -2.909643 0.754420
 150.180007 -2.695205 0.921799
 150.380007 -3.057771 0.790887
 150.580007 -2.718572 0.848146
 150.780007 -3.012957 0.833011
 150.980007 -2.723026 0.841293
 151.180007 -2.843881 0.867963
 151.380007 -2.527840 0.695620
 151.580007 -2.584363 1.046728
 151.780007 -2.682910 0.618309
 151.980007 -2.837511 1.004113
 152.180007 -2.629030 0.635307
 152.380007 -2.813840 0.906588
 152.580007 -2.762582 0.871198
 152.780007 -2.808508 0.733375
 152.980007 -2.816089 0.924113
 153.180007 -2.602279 0.771965
 153.380007 -2.926202 0.867731
 153.580007 -2.446223 0.808906
 153.780007 -2.744457 0.964545
 153.980007 -2.647543 0.717312
 154.180007 -2.799215 0.958116
 154.380007 -2.800808 0.813040
 154.580007 -3.062524 0.801240
 154.780007 -2.952939 0.845241
 154.980007 -2.760086 0.848953
 155.180007 -3.014355 0.845688
 155.380007 -2.610717 0.788996
 155.580007 -2.768039 0.833448
 155.780007 -2.425481 0.848468
 155.980007 -2.802371 0.908769
 156.180007 -2.592456 0.726007
 156.380007 -2.912718 0.990148
 156.580007 -2.824342 0.626946
 156.780007 -2.919271 1.003208
 156.980007 -2.709268 0.781405
 157.180007 -2.880136 0.828472
 157.380007 -2.498595 0.827896
 157.580007 -2.803700 0.862060
 157.780007 -2.651909 0.820700
 157.980008 -2.690946 0.912280
 158.180008 -2.969740 0.765592
 158.380008 -2.818921 0.775801
 158.580008 -2.803022 0.817831
 158.780008 -2.932060 0.731708
 158.980008 -2.788099 0.847492
 159.180008 -2.608835 1.014699
 159.380008 -2.931767 0.712567
 159.580008 -2.675813 0.810025
 159.780008 -2.817583 1.007581
 159.980008 -2.850273 0.621399
 160.180008 -2.907473 0.942877
 160.380008 -2.861825 0.731042
 160.580008 -2.817764 0.905912
 160.780008 -2.929915 0.782640
 160.980008 -2.790672 0.772041
 161.180008 -2.687867 0.994358
 161.380008 -2.567209 0.864431
 161.580008 -2.979076 0.738465
 161.780008 -2.518138 1.040738
 161.980008 -2.786263 0.775921
 162.180008 -2.771470 0.534411
 162.380008 -2.729650 1.177606
 162.580008 -2.651463 0.644309
 162.780008 -2.829509 0.922516
 162.980008 -2.571912 0.656132
 163.180008 -2.619206 1.084964
 163.380008 -2.607725 0.805954
 163.580008 -2.707468 0.860578
 163.780008 -2.465795 1.007011
 163.980008 -2.781817 0.831363
 164.180008 -2.820820 0.802219
 164.380008 -2.817000 0.774753
 164.580008 -2.719688 1.031999
 164.780008 -2.918535 0.670927
 164.980008 -2.537702 0.820098
 165.180008 -2.647515 1.070507
 165.380008 -2.601424 0.734119
 165.580008 -2.639371 0.810149
 165.780008 -2.828305 0.834632
 165.980008 -2.706801 0.806329
 166.180008 -2.833786 0.963069
 166.380008 -2.846776 0.556829
 166.580008 -2.600535 1.240390
 166.780008 -2.599984 0.696732
 166.980008 -2.904061 0.904624
 167.180008 -2.534083 0.883977
 167.380008 -2.766722 0.773184
 167.580008 -2.761910 0.872950
 167.780008 -2.902639 0.629338
 167.980008 -2.683891 1.012810
 168.180008 -2.936058 0.663494
 168.380008 -2.800455 1.015275
 168.580008 -2.869631 0.535508
 168.780008 -2.630481 0.864866
 168.980008 -2.855490 0.990772
 169.180008 -2.654901 0.682243
 169.380008 -2.789768 1.171747
 169.580008 -2.852942 0.616726
 169.780008 -2.608938 1.162056
 169.980008 -3.068115 0.538706
 170.180008 -2.527494 0.976144
 170.380008 -2.772039 0.969265
 170.580008 -2.748587 0.680061
 170.780008 -2.680712 1.065993
 170.980008 -2.685890 0.532522
 171.180008 -2.921223 1.207800
 171.380008 -2.798002 0.572971
 171.580008 -2.824362 1.119530
 171.780008 -2.414849 0.698927
 171.980008 -2.881734 0.936658
 172.180008 -2.475060 0.807564
 172.380008 -2.555492 0.892730
 172.580008 -2.716077 0.826808
 172.780008 -2.895819 0.746412
 172.980008 -2.731492 0.947077
 173.180008 -2.941769 0.660394
 173.380008 -2.843362 0.925137
 173.580008 -2.746786 0.974694
 173.780008 -2.844259 0.721395
 173.980008 -2.566522 0.940277
 174.180008 -2.807774 0.799384
 174.380008 -2.547889 0.900975
 174.580008 -2.909584 0.945207
 174.780008 -2.708743 0.666736
 174.980008 -2.775472 1.096194
 175.180008 -2.627634 0.672994
 175.380008 -3.032229 0.918385
 175.580008 -2.490483 0.790778
 175.780008 -2.909255 1.062639
 175.980008 -2.759619 0.659964
 176.180008 -2.756833 1.047065
 176.380008 -2.674704 0.697620
 176.580008 -3.039838 0.970522
 176.780008 -2.556307 0.605948
 176.980008 -2.910799 1.059928
 177.180008 -2.509710 0.685422
 177.380008 -3.126901 1.065744
 177.580008 -2.436135 0.648888
 177.780008 -2.966243 1.183409
 177.980008 -2.395982 0.426367
 178.180008 -3.017304 1.099533
 178.380008 -2.504241 0.632994
 178.580008 -2.987563 1.280635
 178.780008 -2.528248 0.536038
 178.980009 -2.916910 1.097907
 179.180009 -2.583780 0.589947
 179.380009 -3.133696 1.254401
 179.580009 -2.409157 0.471226
 179.780009 -2.910152 1.156047
 179.980009 -2.415878 0.657403
 180.180009 -2.800049 0.938598
 180.380009 -2.523298 0.678381
 180.580009 -2.842639 0.901285
 180.780009 -2.531659 0.824366
 180.980009 -2.881154 0.899101
 181.180009 -2.573758 0.728862
 181.380009 -2.911906 1.067408
 181.580009 -2.673997 0.631495
 181.780009 -2.774209 1.056069
 181.980009 -2.602600 0.648818
 182.180009 -2.680972 0.809300
 182.380009 -2.651293 0.866879
 182.580009 -2.665887 0.765429
 182.780009 -2.662442 0.960726
 182.980009 -2.954281 0.581094
 183.180009 -2.746242 0.997848
 183.380009 -2.830474 0.811746
 183.580009 -2.984086 0.811661
 183.780009 -2.659872 0.991340
 183.980009 -2.917954 0.701684
 184.180009 -2.569967 0.970822
 184.380009 -2.927161 0.760609
 184.580009 -2.454560 0.951977
 184.780009 -2.779345 0.879019
 184.980009 -2.653389 0.743619
 185.180009 -2.896078 0.893586
 185.380009 -2.829650 0.733020
 185.580009 -2.685123 1.000378
 185.780009 -2.901483 0.575385
 185.980009 -2.617218 1.013653
 186.180009 -2.679990 0.831024
 186.380009 -2.700260 0.840059
 186.580009 -2.760104 0.862123
 186.780009 -2.858112 0.779455
 186.980009 -2.788851 1.094124
 187.180009 -2.968701 0.719708
 187.380009 -2.578993 1.035887
 187.580009 -2.987452 0.713835
 187.780009 -2.715216 0.769546
 187.980009 -2.822715 0.967973
 188.180009 -2.741382 0.659627
 188.380009 -2.621955 1.189474
 188.580009 -2.778005 0.526317
 188.780009 -2.810874 1.083357
 188.980009 -2.698802 0.798125
 189.180009 -2.792011 0.904811
 189.380009 -2.706751 0.833174
 189.580009 -2.746482 0.806240
 189.780009 -2.825222 1.050178
 189.980009 -2.650828 0.581325
 190.180009 -2.750364 1.138497
 190.380009 -2.740364 0.678243
 190.580009 -2.619000 1.034439
 190.780009 -2.819581 0.695424
 190.980009 -2.806217 0.814904
 191.180009 -2.770535 0.906028
 191.380009 -2.881210 0.569982
 191.580009 -2.762350 1.061661
 191.780009 -2.650624 0.747160
 191.980009 -2.671359 1.145880
 192.180009 -2.710881 0.574677
 192.380009 -2.689267 1.102149
 192.580009 -2.848199 0.618592
 192.780009 -2.829486 0.981976
 192.980009 -2.612627 0.843946
 193.180009 -2.889546 0.729944
 193.380009 -2.536140 1.023331
 193.580009 -2.870524 0.754416
 193.780009 -2.588015 0.925431
 193.980009 -2.955373 0.803157
 194.180009 -2.695009 0.761919
 194.380009 -2.986848 0.954107
 194.580009 -2.774280 0.751031
 194.780009 -2.912723 0.939354
 194.980009 -2.728296 0.658790
 195.180009 -2.826712 1.103579
 195.380009 -2.962508 0.613945
 195.580009 -2.806999 0.961619
 195.780009 -2.671984 0.774589
 195.980009 -2.737080 0.881929
 196.180009 -2.818733 0.787817
 196.380009 -2.580814 0.801432
 196.580009 -2.866020 0.864088
 196.780009 -2.798495 0.753911
 196.980009 -2.694489 1.060923
 197.180009 -2.778476 0.525584
 197.380009 -2.674976 1.082586
 197.580009 -2.752725 0.650166
 197.780009 -2.814309 0.925072
 197.980009 -2.645738 0.861218
 198.180009 -2.815937 0.766337
 198.380009 -2.636749 0.891823
 198.580009 -2.652564 0.854161
 198.780009 -2.831506 0.820235
 198.980009 -2.788282 0.806274
 199.180009 -2.800773 1.046116
 199.380009 -2.886249 0.595023
 199.580009 -2.869194 1.034481
 199.780009 -2.829656 0.619283
 199.980009 -2.709265 0.979925
