#! FIELDS time phi psi
#! SET max_psi pi
 0.180000 -0.774468 2.940660
 0.380000 -1.229862 2.550407
 0.580000 -0.937334 -3.076650
 0.780000 -1.455534 2.542569
 0.980000 -1.343667 2.919578
 1.180000 -1.133605 2.538862
 1.380000 -1.149285 -3.023463
 1.580000 -1.035283 2.631467
 1.780000 -1.353989 2.865624
 1.980000 -1.023128 2.988395
 2.180000 -1.015042 2.720930
 2.380000 -1.072483 2.927409
 2.580000 -1.336154 2.471133
 2.780000 -0.987594 2.966595
 2.980000 -1.118439 2.502514
 3.180000 -0.922052 3.023485
 3.380000 -1.413560 2.529053
 3.580000 -0.815284 2.842047
 3.780000 -1.036398 3.068271
 3.980000 -1.158560 2.481112
 4.180000 -1.225950 -3.098355
 4.380000 -1.005873 2.325325
 4.580000 -1.062879 -2.872420
 4.780000 -1.457815 2.457896
 4.980000 -1.102792 3.090348
 5.180000 -1.354404 2.850845
 5.380000 -0.917151 2.800307
 5.580000 -1.510869 3.119954
 5.780000 -1.057706 2.589452
 5.980000 -1.448457 -2.826913
 6.180000 -0.923367 2.469685
 6.380000 -1.502275 -3.064299
 6.580000 -1.042778 2.568895
 6.780000 -1.304806 2.933034
 6.980000 -0.955151 3.003049
 7.180000 -1.169738 2.678968
 7.380000 -1.034903 3.033206
 7.580000 -1.190604 2.538733
 7.780000 -1.122405 -3.130943
 7.980000 -1.169326 2.587253
 8.180000 -1.307957 3.120436
 8.380000 -0.862084 2.575801
 8.580000 -1.103629 2.996554
 8.780000 -1.048318 2.744155
 8.980000 -1.112800 2.765472
 9.180000 -1.013338 2.878151
 9.380000 -1.272165 2.704450
 9.580000 -1.016551 3.020652
 9.780000 -1.100627 2.558581
 9.980000 -1.104766 3.019647
 10.180000 -1.259747 2.659932
 10.380000 -0.957878 2.855168
 10.580001 -1.080066 2.849408
 10.780001 -0.859179 2.688364
 10.980001 -1.141690 2.957550
 11.180001 -1.088049 2.693895
 11.380001 -1.072245 2.911295
 11.580001 -1.054734 2.714250
 11.780001 -1.096114 2.887897
 11.980001 -1.093638 2.611873
 12.180001 -1.071584 2.901712
 12.380001 -0.992568 2.674347
 12.580001 -0.903594 2.798439
 12.780001 -1.149079 2.811493
 12.980001 -1.057870 2.869344
 13.180001 -1.187301 2.745393
 13.380001 -1.166788 2.761527
 13.580001 -1.224498 2.904182
 13.780001 -0.929596 2.772813
 13.980001 -1.165806 2.929187
 14.180001 -1.189422 2.847798
 14.380001 -1.149960 2.798611
 14.580001 -0.988018 2.939465
 14.780001 -1.206880 2.683051
 14.980001 -1.056206 2.997217
 15.180001 -1.263365 2.653802
 15.380001 -1.075135 3.038075
 15.580001 -1.210500 2.792236
 15.780001 -1.020631 2.772459
 15.980001 -1.294290 3.025674
 16.180001 -0.937323 2.658574
 16.380001 -1.333247 3.018573
 16.580001 -1.124939 2.787299
 16.780001 -1.270470 2.901907
 16.980001 -1.062654 2.854456
 17.180001 -1.053832 2.707850
 17.380001 -1.187353 2.938402
 17.580001 -1.204543 2.662967
 17.780001 -1.155290 3.046531
 17.980001 -1.074486 2.674747
 18.180001 -1.064991 2.959124
 18.380001 -1.050675 2.655382
 18.580001 -0.982575 2.877442
 18.780001 -1.039629 2.731660
 18.980001 -1.097306 2.828346
 19.180001 -1.356579 2.867697
 19.380001 -1.101149 2.759602
 19.580001 -1.094466 2.931683
 19.780001 -0.983937 2.820031
 19.980001 -1.175724 2.863347
 20.180001 -1.025450 2.813992
 20.380001 -1.154667 2.822636
 20.580001 -1.111051 2.796933
 20.780001 -1.329781 2.891781
 20.980001 -1.049438 2.725724
 21.180001 -1.091564 2.928236
 21.380001 -1.108522 2.856104
 21.580001 -1.036081 2.711563
 21.780001 -1.013606 3.000355
 21.980001 -1.050711 2.709451
 22.180001 -1.217968 3.028405
 22.380001 -1.202694 2.591543
 22.580001 -1.175495 2.978241
 22.780001 -1.058636 2.809787
 22.980001 -1.229757 2.868962
 23.180001 -1.260427 2.925763
 23.380001 -1.030566 2.818314
 23.580001 -1.055959 2.984263
 23.780001 -1.073375 2.754786
 23.980001 -1.131600 2.923327
 24.180001 -1.144148 2.651111
 24.380001 -1.155109 3.054624
 24.580001 -1.080197 2.762147
 24.780001 -1.152030 2.887754
 24.980001 -1.301611 2.889179
 25.180001 -1.144761 2.781052
 25.380001 -1.153239 3.098369
 25.580001 -1.213637 2.678365
 25.780001 -1.302193 -3.099944
 25.980001 -1.224097 2.730680
 26.180001 -1.157889 3.094469
 26.380001 -1.231726 2.796661
 26.580001 -1.300191 3.050822
 26.780001 -1.254593 2.761646
 26.980001 -1.226926 2.864374
 27.180001 -1.056117 2.970245
 27.380001 -1.208687 2.732485
 27.580001 -1.168073 3.086942
 27.780001 -1.049927 2.545888
 27.980001 -1.306901 -3.084932
 28.180001 -1.086944 2.690523
 28.380001 -1.247230 3.080692
 28.580001 -1.296430 2.783624
 28.780001 -1.229213 2.781656
 28.980001 -1.132151 2.920535
 29.180001 -1.039592 2.594143
 29.380001 -1.294463 3.136091
 29.580001 -0.971972 2.545243
 29.780001 -1.304774 -3.139033
 29.980001 -0.869757 2.641628
 30.180001 -1.304842 3.058034
 30.380001 -0.899604 2.667057
 30.580001 -1.218916 2.700949
 30.780001 -0.915308 2.998351
 30.980001 -1.044475 2.618663
 31.180001 -0.923384 2.988460
 31.380001 -1.239384 2.563394
 31.580001 -0.985360 2.968488
 31.780002 -1.169278 2.686203
 31.980002 -1.130573 2.900819
 32.180002 -1.189513 2.670277
 32.380002 -1.282575 3.012980
 32.580002 -0.996604 2.710199
 32.780002 -1.139955 3.108344
 32.980002 -1.023846 2.652167
 33.180002 -1.276140 2.892181
 33.380002 -1.163003 2.836831
 33.580002 -1.175334 2.846640
 33.780002 -1.059839 2.886046
 33.980002 -1.227192 2.731341
 34.180002 -1.123090 2.832747
 34.380002 -1.082186 2.721562
 34.580002 -1.062049 3.114974
 34.780002 -1.140640 2.647390
 34.980002 -1.272787 3.005480
 35.180002 -1.322126 2.656938
 35.380002 -1.058815 2.977698
 35.580002 -1.189283 2.847543
 35.780002 -1.177857 2.740727
 35.980002 -1.280055 2.868740
 36.180002 -0.939455 2.710588
 36.380002 -1.217441 3.073039
 36.580002 -0.995599 2.724407
 36.780002 -1.455335 2.895881
 36.980002 -1.115093 2.827584
 37.180002 -1.201815 2.853404
 37.380002 -1.002105 2.902945
 37.580002 -1.388441 2.797633
 37.780002 -1.125695 2.831105
 37.980002 -1.194565 2.846204
 38.180002 -1.004449 3.034975
 38.380002 -1.118468 2.843717
 38.580002 -1.255294 2.791768
 38.780002 -1.364616 2.882299
 38.980002 -0.931695 2.778888
 39.180002 -1.142528 3.042239
 39.380002 -1.317075 2.759783
 39.580002 -1.323715 2.888843
 39.780002 -1.151015 2.923939
 39.980002 -1.116513 2.751616
 40.180002 -1.226833 2.925905
 40.380002 -0.902714 2.691218
 40.580002 -1.076180 2.979762
 40.780002 -1.042254 2.660734
 40.980002 -1.248047 2.861526
 41.180002 -1.058913 2.772039
 41.380002 -1.222424 2.886633
 41.580002 -1.122479 2.722357
 41.780002 -1.237794 2.896850
 41.980002 -0.923933 2.731674
 42.180002 -1.225760 2.925706
 42.380002 -0.967498 2.700918
 42.580002 -1.172025 2.783719
 42.780002 -1.043298 2.932835
 42.980002 -1.022049 2.703215
 43.180002 -1.038705 2.947682
 43.380002 -1.291184 2.782698
 43.580002 -0.923764 2.768875
 43.780002 -1.199427 2.841878
 43.980002 -0.944286 2.877128
 44.180002 -1.199473 2.883050
 44.380002 -1.139745 2.740213
 44.580002 -1.114141 2.990304
 44.780002 -1.003902 2.647464
 44.980002 -1.135098 3.051595
 45.180002 -1.002273 2.564251
 45.380002 -1.145402 3.080706
 45.580002 -1.052525 2.743590
 45.780002 -1.122039 2.873111
 45.980002 -1.291826 2.983836
 46.180002 -1.119194 2.613499
 46.380002 -1.160678 3.086112
 46.580002 -1.070925 2.605312
 46.780002 -1.186875 -3.128319
 46.980002 -1.063396 2.592665
 47.180002 -1.188679 2.957133
 47.380002 -1.070140 2.749413
 47.580002 -1.142599 2.959098
 47.780002 -1.210374 2.707423
 47.980002 -1.199026 2.797869
 48.180002 -1.007440 2.844770
 48.380002 -1.063613 2.825350
 48.580002 -1.065471 2.843425
 48.780002 -0.962725 2.655793
 48.980002 -1.137162 2.978884
 49.180002 -1.053414 2.757923
 49.380002 -1.141069 2.924964
 49.580002 -1.174926 2.713620
 49.780002 -1.216454 2.824312
 49.980002 -0.958675 2.735635
 50.180002 -1.069357 2.949677
 50.380002 -1.137171 2.815171
 50.580002 -1.022913 2.810250
 50.780002 -1.034772 2.825275
 50.980002 -0.980044 2.826718
 51.180002 -1.134623 2.852327
 51.380002 -1.091296 2.709597
 51.580002 -1.278605 3.000243
 51.780002 -1.068028 2.730070
 51.980002 -1.175509 2.974852
 52.180002 -0.984826 2.781019
 52.380002 -1.203256 2.754798
 52.580002 -0.961383 2.786712
 52.780003 -0.981906 2.803707
 52.980003 -0.988442 2.872810
 53.180003 -1.125920 2.863351
 53.380003 -1.152937 2.744074
 53.580003 -1.211463 2.852122
 53.780003 -1.060625 2.841660
 53.980003 -1.069587 2.807925
 54.180003 -1.156199 2.870006
 54.380003 -1.114642 2.791902
 54.580003 -1.072611 2.901857
 54.780003 -1.234964 2.782145
 54.980003 -1.140420 2.845449
 55.180003 -1.243019 3.009064
 55.380003 -1.025782 2.773784
 55.580003 -1.247389 2.912353
 55.780003 -1.168024 2.919802
 55.980003 -1.159163 2.727519
 56.180003 -1.180096 2.927695
 56.380003 -1.294083 2.848527
 56.580003 -1.119418 2.883151
 56.780003 -1.135955 2.924185
 56.980003 -1.315539 2.923063
 57.180003 -1.133372 2.806535
 57.380003 -1.247986 2.847195
 57.580003 -1.044863 2.940331
 57.780003 -1.212060 2.802439
 57.980003 -1.074304 2.898924
 58.180003 -1.167571 2.839277
 58.380003 -1.015569 2.764709
 58.580003 -1.237505 2.903160
 58.780003 -1.131774 2.820146
 58.980003 -1.220504 2.886557
 59.180003 -1.093535 2.934322
 59.380003 -1.285616 2.765498
 59.580003 -1.042340 2.859652
 59.780003 -1.236939 2.782929
 59.980003 -1.033394 2.972406
 60.180003 -1.268630 2.743471
 60.380003 -1.207016 2.987835
 60.580003 -1.210449 2.880719
 60.780003 -1.031432 2.825473
 60.980003 -1.299694 2.942643
 61.180003 -1.102173 2.742398
 61.380003 -1.071312 2.943150
 61.580003 -1.167039 2.740426
 61.780003 -1.172890 3.024598
 61.980003 -1.228330 2.797105
 62.180003 -1.203107 2.944061
 62.380003 -1.208528 2.897457
 62.580003 -1.034921 2.846727
 62.780003 -1.197773 2.952862
 62.980003 -1.183043 2.804627
 63.180003 -1.279643 2.930140
 63.380003 -1.072399 2.768769
 63.580003 -1.284048 3.011318
 63.780003 -0.931775 2.655874
 63.980003 -1.252340 2.910687
 64.180003 -1.015897 2.863762
 64.380003 -1.183454 2.745326
 64.580003 -0.959411 2.874937
 64.780003 -1.215189 2.681326
 64.980003 -0.949666 2.881073
 65.180003 -1.163683 2.737883
 65.380003 -1.026102 2.978786
 65.580003 -1.203664 2.828158
 65.780003 -1.098400 2.799064
 65.980003 -1.165934 2.905446
 66.180003 -1.086306 2.887635
 66.380003 -1.239139 2.772101
 66.580003 -1.251277 2.980734
 66.780003 -1.135710 2.770396
 66.980003 -1.091558 2.969336
 67.180003 -1.207547 2.824750
 67.380003 -1.100934 2.858337
 67.580003 -1.083633 2.731629
 67.780003 -1.158227 3.073688
 67.980003 -0.916207 2.613902
 68.180003 -1.361420 2.994911
 68.380003 -0.928884 2.748770
 68.580003 -1.313663 2.985323
 68.780003 -0.999515 2.842891
 68.980003 -1.326359 2.718200
 69.180003 -0.993064 3.094571
 69.380003 -1.182091 2.520505
 69.580003 -0.976763 3.059018
 69.780003 -1.077600 2.684235
 69.980003 -1.001034 2.900709
 70.180003 -1.093627 2.724755
 70.380003 -0.959980 2.814980
 70.580003 -1.066858 2.848402
 70.780003 -1.059750 2.773147
 70.980003 -1.191873 3.006764
 71.180003 -1.201793 2.663812
 71.380003 -1.204229 2.911106
 71.580003 -0.959965 2.688140
 71.780003 -1.044490 2.948428
 71.980003 -1.013598 2.707778
 72.180003 -1.152986 2.796737
 72.380003 -0.856909 2.860199
 72.580003 -1.039738 2.740214
 72.780003 -1.122686 3.013121
 72.980003 -1.256624 2.465073
 73.180003 -1.187901 -3.041936
 73.380003 -0.984067 2.539622
 73.580003 -1.200942 3.011510
 73.780004 -1.167486 2.668392
 73.980004 -1.109944 2.806911
 74.180004 -0.949054 2.906359
 74.380004 -0.981183 2.819558
 74.580004 -1.231706 2.911058
 74.780004 -1.056161 2.622679
 74.980004 -1.139326 3.066176
 75.180004 -1.077363 2.662254
 75.380004 -1.251487 2.984766
 75.580004 -1.170006 2.683655
 75.780004 -1.271254 2.936387
 75.980004 -1.077659 2.831315
 76.180004 -1.200698 2.880773
 76.380004 -1.244416 2.871907
 76.580004 -1.142270 2.843478
 76.780004 -1.086096 2.950233
 76.980004 -1.153943 2.845340
 77.180004 -1.247020 2.887646
 77.380004 -1.103475 2.634249
 77.580004 -1.264165 3.037992
 77.780004 -0.949560 2.560908
 77.980004 -1.211445 3.004933
 78.180004 -1.008424 2.733597
 78.380004 -1.014384 2.801687
 78.580004 -1.067741 2.856172
 78.780004 -1.185703 2.853367
 78.980004 -0.960348 2.891571
 79.180004 -1.140737 2.866440
 79.380004 -1.212860 2.926106
 79.580004 -1.159625 2.689806
 79.780004 -1.149487 2.906306
 79.980004 -0.952032 2.857947
 80.180004 -1.119522 2.789210
 80.380004 -1.177428 2.719365
 80.580004 -1.083449 2.960717
 80.780004 -1.017083 2.781254
 80.980004 -1.149188 2.851072
 81.180004 -1.320238 2.809153
 81.380004 -0.952833 2.744014
 81.580004 -1.084673 2.950146
 81.780004 -1.034375 2.721453
 81.980004 -1.198702 2.844363
 82.180004 -1.074241 2.776700
 82.380004 -1.074283 3.065770
 82.580004 -1.111904 2.723728
 82.780004 -1.344737 2.810852
 82.980004 -1.123925 2.987436
 83.180004 -1.109456 2.636915
 83.380004 -1.179140 3.072063
 83.580004 -1.341058 2.579305
 83.780004 -0.981584 2.938579
 83.980004 -1.128524 2.739490
 84.180004 -1.066241 2.979750
 84.380004 -1.143544 2.650718
 84.580004 -1.023391 2.950699
 84.780004 -1.067943 2.903852
 84.980004 -1.150906 2.677553
 85.180004 -1.214746 3.094906
 85.380004 -1.039586 2.598559
 85.580004 -1.125629 3.031814
 85.780004 -1.112227 2.656976
 85.980004 -1.177509 3.086081
 86.180004 -1.035255 2.663004
 86.380004 -1.227253 2.984528
 86.580004 -1.097076 2.773579
 86.780004 -1.164835 2.725231
 86.980004 -1.008660 3.090354
 87.180004 -1.231904 2.594271
 87.380004 -1.214208 3.064536
 87.580004 -1.248743 2.587849
 87.780004 -1.116003 3.027152
 87.980004 -1.173025 2.669260
 88.180004 -1.135451 3.014117
 88.380004 -1.136883 2.810384
 88.580004 -1.121958 2.905593
 88.780004 -1.117191 2.987024
 88.980004 -1.111307 2.680414
 89.180004 -1.301302 -3.099035
 89.380004 -1.274417 2.572758
 89.580004 -1.185337 3.137024
 89.780004 -1.171249 2.750136
 89.980004 -1.229508 2.981386
 90.180004 -1.120462 2.750287
 90.380004 -1.114178 2.858479
 90.580004 -1.102010 2.995537
 90.780004 -1.133725 2.588615
 90.980004 -1.317711 -3.080177
 91.180004 -1.076602 2.615222
 91.380004 -1.161617 3.111148
 91.580004 -1.381865 2.684007
 91.780004 -1.384388 2.974647
 91.980004 -1.103339 2.771978
 92.180004 -1.141162 3.022219
 92.380004 -1.310178 2.941553
 92.580004 -1.326762 2.666479
 92.780004 -1.144811 3.076061
 92.980004 -1.020898 2.699502
 93.180004 -1.051542 2.945022
 93.380004 -1.464756 2.700527
 93.580004 -1.128584 2.988160
 93.780004 -1.036794 2.807765
 93.980004 -1.222590 2.994815
 94.180004 -1.186433 2.715949
 94.380004 -1.298318 2.725431
 94.580004 -0.919633 -3.137503
 94.780005 -0.889892 2.560011
 94.980005 -1.355963 3.009854
 95.180005 -1.272125 2.553437
 95.380005 -1.031777 3.051656
 95.580005 -0.993599 2.716706
 95.780005 -1.255462 2.868905
 95.980005 -1.131896 2.684811
 96.180005 -1.241519 2.818390
 96.380005 -0.909594 3.088855
 96.580005 -1.142640 2.653047
 96.780005 -1.298170 2.898431
 96.980005 -1.234396 2.715526
 97.180005 -1.140460 2.960623
 97.380005 -1.115583 2.809699
 97.580005 -1.325148 2.936370
 97.780005 -1.213098 2.792434
 97.980005 -1.206847 2.938506
 98.180005 -1.054022 2.795364
 98.380005 -1.132355 2.887004
 98.580005 -1.323387 2.826458
 98.780005 -1.019829 2.756618
 98.980005 -1.165994 2.902953
 99.180005 -1.011297 2.753367
 99.380005 -1.119766 2.731934
 99.580005 -1.115942 2.806033
 99.780005 -0.885255 2.744000
 99.980005 -1.025061 2.840023
 100.180005 -1.028589 2.764538
 100.380005 -1.061617 2.802361
 100.580005 -1.044175 2.800577
 100.780005 -1.088290 2.834767
 100.980005 -0.974560 2.793172
 101.180005 -1.127743 2.670687
 101.380005 -1.181309 2.955756
 101.580005 -0.923395 2.621878
 101.780005 -1.209355 3.037889
 101.980005 -1.165976 2.714570
 102.180005 -1.070806 2.855103
 102.380005 -1.136955 2.842887
 102.580005 -0.993855 2.890663
 102.780005 -1.195417 2.743784
 102.980005 -1.154932 2.930287
 103.180005 -1.167509 2.781716
 103.380005 -1.061348 3.028186
 103.580005 -1.317939 2.866799
 103.780005 -1.106799 2.722360
 103.980005 -1.363220 2.934576
 104.180005 -0.995763 2.831263
 104.380005 -1.005306 2.885036
 104.580005 -1.143362 2.830820
 104.780005 -1.175209 2.913192
 104.980005 -1.161123 2.800640
 105.180005 -1.138399 2.885090
 105.380005 -1.339036 2.993688
 105.580005 -1.187343 2.687237
 105.780005 -1.368726 3.102094
 105.980005 -1.151806 2.853493
 106.180005 -1.139512 2.964884
 106.380005 -1.257203 2.824646
 106.580005 -1.191405 2.840047
 106.780005 -1.228761 2.919667
 106.980005 -1.093973 2.886090
 107.180005 -1.150579 2.997357
 107.380005 -1.293869 2.739856
 107.580005 -1.135871 2.929072
 107.780005 -1.267590 2.758316
 107.980005 -0.977555 2.959600
 108.180005 -1.278548 2.805618
 108.380005 -0.960804 2.856131
 108.580005 -1.350971 2.868376
 108.780005 -0.870813 2.829909
 108.980005 -1.261118 3.056218
 109.180005 -1.188885 2.616703
 109.380005 -1.244166 2.887954
 109.580005 -1.231114 2.708458
 109.780005 -0.825503 2.922034
 109.980005 -0.937226 2.734061
 110.180005 -1.029909 2.812428
 110.380005 -1.115331 2.776415
 110.580005 -1.097073 2.731045
 110.780005 -0.986805 3.119594
 110.980005 -1.115688 2.587429
 111.180005 -1.201288 2.913868
 111.380005 -1.475321 2.688480
 111.580005 -1.103982 3.039022
 111.780005 -0.969916 2.813506
 111.980005 -1.220152 2.954936
 112.180005 -1.234111 2.601054
 112.380005 -1.177643 2.899730
 112.580005 -1.017948 2.926858
 112.780005 -0.938220 2.712556
 112.980005 -1.156896 2.939046
 113.180005 -1.196398 2.766287
 113.380005 -1.012476 2.853400
 113.580005 -1.296421 2.859766
 113.780005 -1.000128 2.869700
 113.980005 -1.274063 2.731628
 114.180005 -1.066350 2.931639
 114.380005 -1.023985 2.699320
 114.580005 -1.113491 2.924613
 114.780005 -1.161045 2.826147
 114.980005 -1.212044 2.698289
 115.180005 -1.099632 2.869651
 115.380005 -1.026774 2.853115
 115.580005 -1.100983 2.886282
 115.780005 -1.210806 2.790442
 115.980006 -1.240809 2.895223
 116.180006 -0.929974 2.697217
 116.380006 -1.114428 2.889461
 116.580006 -0.951148 2.764005
 116.780006 -1.132522 2.767043
 116.980006 -0.949000 2.765357
 117.180006 -1.151565 2.835202
 117.380006 -0.882762 2.717483
 117.580006 -1.248455 2.958585
 117.780006 -1.186869 2.656120
 117.980006 -1.020267 2.848123
 118.180006 -0.916335 2.823403
 118.380006 -0.992892 2.875447
 118.580006 -1.079753 2.595770
 118.780006 -1.283397 2.964478
 118.980006 -0.884101 2.815820
 119.180006 -1.067232 2.878823
 119.380006 -1.121738 2.853475
 119.580006 -1.327083 2.614686
 119.780006 -1.071497 2.831703
 119.980006 -1.148952 2.851801
 120.180006 -1.101703 3.024236
 120.380006 -1.149963 2.646972
 120.580006 -1.248782 3.004283
 120.780006 -0.925660 2.594404
 120.980006 -1.119567 3.031029
 121.180006 -1.174068 2.708907
 121.380006 -1.132300 2.745470
 121.580006 -1.015666 2.951549
 121.780006 -1.071848 2.817529
 121.980006 -1.064089 2.832185
 122.180006 -1.212341 2.719661
 122.380006 -0.972311 2.931270
 122.580006 -1.044114 2.732544
 122.780006 -1.054272 2.970759
 122.980006 -1.135396 2.604831
 123.180006 -1.220530 2.840553
 123.380006 -0.826796 2.711925
 123.580006 -0.827747 2.873447
 123.780006 -1.055963 2.840170
 123.980006 -1.264163 2.781204
 124.180006 -1.261827 2.828646
 124.380006 -1.061519 2.831789
 124.580006 -1.171538 2.894733
 124.780006 -1.243390 2.796455
 124.980006 -1.175451 2.770449
 125.180006 -0.978728 3.007816
 125.380006 -1.106503 2.704124
 125.580006 -1.263437 3.014656
 125.780006 -1.197217 2.657837
 125.980006 -1.041779 3.039552
 126.180006 -1.127427 2.711444
 126.380006 -1.133824 2.900691
 126.580006 -0.997616 2.785804
 126.780006 -0.872489 2.610732
 126.980006 -0.992756 3.038311
 127.180006 -0.910744 2.523353
 127.380006 -1.158102 3.050603
 127.580006 -1.196989 2.669321
 127.780006 -1.156599 2.938180
 127.980006 -1.161481 2.954582
 128.180006 -1.246467 2.711069
 128.380006 -1.002329 3.001844
 128.580006 -0.980913 2.699367
 128.780006 -1.010766 2.938830
 128.980006 -1.291394 2.659740
 129.180006 -1.118598 3.073149
 129.380006 -1.158184 2.637385
 129.580006 -1.348355 3.105402
 129.780006 -1.244982 2.500259
 129.980006 -1.086053 3.018276
 130.180006 -1.156143 2.736675
 130.380006 -1.173401 2.970038
 130.580006 -1.221692 2.711355
 130.780006 -1.086866 2.865590
 130.980006 -1.016141 2.895043
 131.180006 -1.135262 2.746688
 131.380006 -1.297920 2.892967
 131.580006 -1.148825 2.749371
 131.780006 -1.126268 3.047024
 131.980006 -1.337601 2.702806
 132.180006 -1.277472 3.049868
 132.380006 -0.985377 2.659046
 132.580006 -1.123837 3.013590
 132.780006 -1.133403 2.660472
 132.980006 -1.126614 2.701716
 133.180006 -1.003480 3.003857
 133.380006 -1.177449 2.822673
 133.580006 -1.184037 3.080250
 133.780006 -1.316073 2.745888
 133.980006 -1.216213 2.879085
 134.180006 -1.043451 2.667760
 134.380006 -1.146503 2.986549
 134.580006 -1.130369 2.756204
 134.780006 -1.000158 2.748854
 134.980006 -0.993537 2.794315
 135.180006 -1.107332 2.924610
 135.380006 -1.102368 2.716091
 135.580006 -1.305524 2.987709
 135.780006 -0.991172 2.869230
 135.980006 -1.213704 2.661817
 136.180006 -0.947920 3.069708
 136.380006 -1.156240 2.628536
 136.580006 -0.982608 3.014717
 136.780006 -1.220242 2.739712
 136.980007 -1.055498 2.882748
 137.180007 -1.103427 2.758741
 137.380007 -1.178140 2.844441
 137.580007 -0.863789 2.830598
 137.780007 -1.194183 2.751589
 137.980007 -1.105009 2.950001
 138.180007 -1.117418 2.710437
 138.380007 -1.075725 2.948053
 138.580007 -0.898681 2.691789
 138.780007 -1.077947 2.806579
 138.980007 -0.915758 2.842161
 139.180007 -1.132924 2.784142
 139.380007 -0.937045 2.975858
 139.580007 -1.232186 2.707417
 139.780007 -1.079929 2.841007
 139.980007 -1.157937 2.730510
 140.180007 -0.943566 2.920575
 140.380007 -1.259037 2.824766
 140.580007 -1.218877 2.870004
 140.780007 -1.164004 2.858860
 140.980007 -1.142255 2.872249
 141.180007 -1.150860 2.783703
 141.380007 -1.032533 2.760358
 141.580007 -1.144840 2.882890
 141.780007 -0.888576 2.724933
 141.980007 -1.155169 2.859419
 142.180007 -1.167943 2.785513
 142.380007 -1.075945 2.780757
 142.580007 -1.072459 2.858789
 142.780007 -1.016088 2.930163
 142.980007 -1.159983 2.793964
 143.180007 -1.086702 2.809890
 143.380007 -1.116661 2.827422
 143.580007 -0.992346 2.795489
 143.780007 -1.124405 2.759515
 143.980007 -1.205389 2.741175
 144.180007 -1.090839 2.993471
 144.380007 -1.020614 2.735260
 144.580007 -1.159772 2.977827
 144.780007 -1.020452 2.816803
 144.980007 -1.209410 2.743112
 145.180007 -1.005032 3.052958
 145.380007 -1.236970 2.621619
 145.580007 -1.104673 3.104264
 145.780007 -1.167832 2.537693
 145.980007 -1.148733 3.024787
 146.180007 -1.251521 2.885745
 146.380007 -1.067869 2.721340
 146.580007 -1.325040 3.130823
 146.780007 -0.985040 2.576882
 146.980007 -1.282661 -3.109112
 147.180007 -1.003475 2.707446
 147.380007 -1.134159 2.887690
 147.580007 -1.217825 2.923181
 147.780007 -1.199276 2.868758
 147.980007 -1.252114 3.014611
 148.180007 -1.308367 2.837747
 148.380007 -1.224720 3.012663
 148.580007 -1.154289 2.695518
 148.780007 -1.291136 -3.104476
 148.980007 -1.245827 2.677028
 149.180007 -1.142485 3.088664
 149.380007 -1.299966 2.873689
 149.580007 -1.135768 2.874840
 149.780007 -1.311509 2.975779
 149.980007 -1.079761 2.841418
 150.180007 -1.343788 2.925358
 150.380007 -1.186687 2.808364
 150.580007 -1.332063 2.993151
 150.780007 -1.064997 2.764244
 150.980007 -1.222667 3.008322
 151.180007 -1.059147 2.784535
 151.380007 -1.307908 2.909521
 151.580007 -1.187547 2.951460
 151.780007 -1.222207 2.786822
 151.980007 -1.181050 3.074907
 152.180007 -1.299395 2.777141
 152.380007 -1.374949 3.035141
 152.580007 -1.286053 2.822487
 152.780007 -1.284123 2.985642
 152.980007 -1.228324 2.968449
 153.180007 -1.266110 2.806655
 153.380007 -1.385394 3.030817
 153.580007 -1.183930 2.825748
 153.780007 -1.113043 2.942446
 153.980007 -1.103573 2.799753
 154.180007 -1.159275 2.895844
 154.380007 -1.107142 2.834018
 154.580007 -1.120553 2.870691
 154.780007 -1.165756 2.916911
 154.980007 -1.173137 2.730633
 155.180007 -1.088114 2.930614
 155.380007 -1.194096 2.829287
 155.580007 -1.067536 2.886187
 155.780007 -1.189223 2.824633
 155.980007 -1.006492 2.973116
 156.180007 -1.123929 2.767709
 156.380007 -1.193181 2.892700
 156.580007 -1.134941 2.875906
 156.780007 -1.195632 2.827760
 156.980007 -1.295335 3.037329
 157.180007 -1.335920 2.705166
 157.380007 -1.118130 2.915896
 157.580007 -1.135732 2.777653
 157.780007 -0.950899 2.863351
 157.980008 -1.042535 2.763520
 158.180008 -1.074256 2.842059
 158.380008 -0.948045 2.784284
 158.580008 -1.071087 2.819847
 158.780008 -1.144654 2.939692
 158.980008 -1.193290 2.686803
 159.180008 -1.182532 2.964364
 159.380008 -1.086619 2.685677
 159.580008 -0.950550 2.831772
 159.780008 -1.003720 2.724602
 159.980008 -1.056351 2.841943
 160.180008 -0.899367 2.744492
 160.380008 -1.104271 2.711656
 160.580008 -0.913127 2.985869
 160.780008 -1.181620 2.629659
 160.980008 -1.117972 2.939765
 161.180008 -1.295973 2.694152
 161.380008 -0.958430 2.982341
 161.580008 -1.358417 2.770282
 161.780008 -1.166084 2.925533
 161.980008 -1.082490 2.743366
 162.180008 -0.775466 2.800857
 162.380008 -1.199187 2.943719
 162.580008 -0.954285 2.630577
 162.780008 -1.358069 3.071886
 162.980008 -1.174236 2.628412
 163.180008 -1.169980 3.095776
 163.380008 -1.144610 2.618853
 163.580008 -1.130418 2.937568
 163.780008 -0.919276 2.716692
 163.980008 -1.058063 2.889921
 164.180008 -1.114876 2.850514
 164.380008 -1.114914 2.779335
 164.580008 -1.136332 2.967599
 164.780008 -1.135002 2.834170
 164.980008 -1.214162 2.993443
 165.180008 -1.353354 2.668971
 165.380008 -1.312166 3.010181
 165.580008 -1.141607 2.782316
 165.780008 -1.157100 3.040231
 165.980008 -1.151734 2.790287
 166.180008 -1.271547 2.965654
 166.380008 -1.083297 2.886634
 166.580008 -1.142752 2.841502
 166.780008 -1.378685 -3.135516
 166.980008 -1.265181 2.594352
 167.180008 -1.292320 2.998933
 167.380008 -1.092132 2.902492
 167.580008 -1.042792 2.881961
 167.780008 -1.282858 2.968853
 167.980008 -1.359265 2.755659
 168.180008 -1.240855 3.119813
 168.380008 -1.225757 2.765160
 168.580008 -1.149043 -3.107430
 168.780008 -1.250550 2.816985
 168.980008 -1.277474 2.963092
 169.180008 -1.150608 3.013694
 169.380008 -1.303951 2.740404
 169.580008 -1.241248 3.091886
 169.780008 -1.350875 2.646378
 169.980008 -1.140175 -3.027732
 170.180008 -1.245314 2.719038
 170.380008 -1.225261 3.121108
 170.580008 -1.224960 2.782837
 170.780008 -1.256060 2.934650
 170.980008 -1.048780 2.938461
 171.180008 -1.129333 2.727000
 171.380008 -1.307663 3.037770
 171.580008 -1.238213 2.524347
 171.780008 -1.079208 3.121758
 171.980008 -1.137847 2.496822
 172.180008 -1.092362 3.019657
 172.380008 -1.074194 2.577320
 172.580008 -0.948575 2.911286
 172.780008 -1.016181 2.755732
 172.980008 -1.122678 2.798939
 173.180008 -1.079771 2.943826
 173.380008 -1.155460 2.839294
 173.580008 -1.086650 3.029896
 173.780008 -1.290571 2.677682
 173.980008 -1.081844 3.046552
 174.180008 -1.104837 2.577131
 174.380008 -1.072139 3.074351
 174.580008 -1.125553 2.642374
 174.780008 -1.051542 2.938602
 174.980008 -0.895963 2.803709
 175.180008 -1.048178 2.705813
 175.380008 -1.118783 2.938128
 175.580008 -1.149511 2.618259
 175.780008 -1.115494 -3.130520
 175.980008 -1.242444 2.678489
 176.180008 -1.358015 3.023560
 176.380008 -1.215586 2.838950
 176.580008 -1.188911 2.978213
 176.780008 -1.086980 2.891668
 176.980008 -1.277336 2.868329
 177.180008 -1.257761 2.964126
 177.380008 -1.233729 2.814883
 177.580008 -1.093268 3.068980
 177.780008 -1.118791 2.786631
 177.980008 -1.389550 2.972565
 178.180008 -1.241892 2.788110
 178.380008 -1.155578 2.960465
 178.580008 -1.123247 2.996946
 178.780008 -1.232328 2.828179
 178.980009 -1.230765 2.779679
 179.180009 -1.199012 2.966089
 179.380009 -1.165257 2.834097
 179.580009 -1.031749 3.010703
 179.780009 -1.164503 2.748858
 179.980009 -1.155595 2.910282
 180.180009 -1.100230 2.787413
 180.380009 -1.152214 2.989009
 180.580009 -1.288054 2.803299
 180.780009 -1.171574 2.888783
 180.980009 -1.185422 2.848125
 181.180009 -1.128062 2.932286
 181.380009 -1.080771 2.892951
 181.580009 -1.244955 2.960876
 181.780009 -1.190627 2.974118
 181.980009 -1.214759 2.886271
 182.180009 -1.346201 2.958179
 182.380009 -1.181287 2.913964
 182.580009 -1.292288 2.881376
 182.780009 -1.223705 2.824291
 182.980009 -1.185091 2.902644
 183.180009 -1.007772 2.845456
 183.380009 -1.189577 2.903042
 183.580009 -1.045613 2.915552
 183.780009 -1.171381 2.735554
 183.980009 -1.154494 3.066100
 184.180009 -1.080239 2.769498
 184.380009 -1.106802 3.124361
 184.580009 -1.327006 2.828548
 184.780009 -1.145275 2.891887
 184.980009 -1.416362 2.885691
 185.180009 -1.104206 2.935790
 185.380009 -1.234128 2.837556
 185.580009 -1.210579 2.873299
 185.780009 -1.110012 2.867024
 185.980009 -0.972093 2.734091
 186.180009 -1.232011 3.033787
 186.380009 -1.144598 2.643377
 186.580009 -1.248104 2.994266
 186.780009 -1.159778 2.934703
 186.980009 -1.029808 2.783744
 187.180009 -1.274944 3.056342
 187.380009 -1.202289 2.741329
 187.580009 -1.273116 2.953661
 187.780009 -1.210372 2.805454
 187.980009 -1.203552 2.938025
 188.180009 -1.017923 2.795894
 188.380009 -1.232414 3.047496
 188.580009 -1.061846 2.790733
 188.780009 -1.218016 2.954346
 188.980009 -1.166064 2.885003
 189.180009 -1.173536 2.824405
 189.380009 -1.221519 3.027858
 189.580009 -1.214382 2.746979
 189.780009 -1.208086 3.122021
 189.980009 -1.133477 2.587269
 190.180009 -1.366847 3.097696
 190.380009 -1.227842 2.652171
 190.580009 -1.022983 2.944047
 190.780009 -1.145187 2.859495
 190.980009 -1.049321 2.855083
 191.180009 -1.133081 2.844956
 191.380009 -1.212154 2.803237
 191.580009 -1.129837 3.005860
 191.780009 -1.174105 2.672457
 191.980009 -1.245722 -3.074526
 192.180009 -1.107737 2.496755
 192.380009 -1.104021 3.074646
 192.580009 -1.002601 2.583342
 192.780009 -1.206239 3.035453
 192.980009 -1.014001 2.901938
 193.180009 -1.052007 2.608864
 193.380009 -1.201070 -3.078089
 193.580009 -1.150155 2.428108
 193.780009 -1.214855 3.050995
 193.980009 -1.160926 2.565403
 194.180009 -0.864933 2.931547
 194.380009 -1.103129 2.791442
 194.580009 -0.919041 2.745088
 194.780009 -1.154474 2.940696
 194.980009 -0.945619 2.611344
 195.180009 -1.174207 3.066218
 195.380009 -1.192215 2.572862
 195.580009 -1.287593 -3.096071
 195.780009 -1.060986 2.583415
 195.980009 -1.260480 3.056666
 196.180009 -1.053965 2.654655
 196.380009 -1.058920 2.830999
 196.580009 -0.844011 2.832306
 196.780009 -1.070287 2.734563
 196.980009 -1.088237 3.097617
 197.180009 -1.228470 2.513980
 197.380009 -1.103718 -2.965422
 197.580009 -1.190447 2.459616
 197.780009 -1.165696 2.945370
 197.980009 -1.185241 2.777781
 198.180009 -1.022460 2.755079
 198.380009 -1.202372 -3.118832
 198.580009 -1.164341 2.556036
 198.780009 -1.148636 3.073539
 198.980009 -1.150285 2.504998
 199.180009 -0.962672 3.038043
 199.380009 -1.167406 2.622811
 199.580009 -1.056895 3.004458
 199.780009 -1.110860 2.843633
 199.980009 -1.153146 2.740772
