#! FIELDS time phi psi
#! SET max_psi pi
 0.180000 -0.499883 1.025952
 0.380000 -0.422244 0.024179
 0.580000 -0.827987 0.626075
 0.780000 -0.641027 0.626568
 0.980000 -0.753217 0.194331
 1.180000 -0.513080 1.078776
 1.380000 -0.436966 0.056681
 1.580000 -0.721598 0.672046
 1.780000 -0.287729 0.364334
 1.980000 -0.971185 0.796118
 2.180000 -0.669975 0.510854
 2.380000 -0.489722 0.416170
 2.580000 -0.939577 0.841563
 2.780000 -0.145742 0.233377
 2.980000 -0.613148 0.959168
 3.180000 -0.711106 0.208625
 3.380000 -0.536021 0.821560
 3.580000 -0.683468 0.448146
 3.780000 -0.858121 0.302343
 3.980000 -0.751420 0.886684
 4.180000 -0.970059 0.322163
 4.380000 -0.825713 0.888365
 4.580000 -0.688321 0.223872
 4.780000 -0.771762 0.667100
 4.980000 -0.456981 0.477937
 5.180000 -0.762496 0.576034
 5.380000 -0.438102 0.566949
 5.580000 -0.468690 0.398406
 5.780000 -0.734113 0.795181
 5.980000 -0.440471 0.208274
 6.180000 -0.817898 0.957601
 6.380000 -0.518473 -0.005046
 6.580000 -0.548820 0.891177
 6.780000 -0.732287 0.156484
 6.980000 -0.812829 0.616447
 7.180000 -0.564852 0.716285
 7.380000 -0.801131 0.222210
 7.580000 -0.498146 0.826556
 7.780000 -0.813907 0.420443
 7.980000 -0.860800 0.785122
 8.180000 -0.314273 0.397855
 8.380000 -0.489491 0.497758
 8.580000 -0.593370 0.506994
 8.780000 -0.221647 0.535848
 8.980000 -0.703266 0.716497
 9.180000 -0.620744 0.354104
 9.380000 -0.311743 0.865810
 9.580000 -1.042389 0.408771
 9.780000 -0.643741 0.784262
 9.980000 -0.786375 0.365643
 10.180000 -0.926027 0.593495
 10.380000 -0.543420 0.432745
 10.580001 -0.894491 0.657391
 10.780001 -0.598661 0.529955
 10.980001 -0.629232 0.589988
 11.180001 -0.706896 0.511862
 11.380001 -0.512493 0.665397
 11.580001 -0.762676 0.538526
 11.780001 -0.447692 0.509333
 11.980001 -0.598553 0.606497
 12.180001 -0.785109 0.660512
 12.380001 -0.661499 0.570786
 12.580001 -0.755650 0.306715
 12.780001 -0.660080 0.606557
 12.980001 -0.635142 0.545642
 13.180001 -0.800354 0.627111
 13.380001 -0.495094 0.666271
 13.580001 -0.688868 0.394749
 13.780001 -0.506132 0.605795
 13.980001 -0.513085 0.460661
 14.180001 -0.840646 0.753677
 14.380001 -0.582701 0.662297
 14.580001 -0.791400 0.342704
 14.780001 -0.739079 0.730634
 14.980001 -0.528930 0.317809
 15.180001 -0.792160 0.704792
 15.380001 -0.651323 0.463134
 15.580001 -0.292969 0.578102
 15.780001 -0.927891 0.672283
 15.980001 -0.361117 0.363721
 16.180001 -0.607070 0.801577
 16.380001 -0.887023 0.325901
 16.580001 -0.337771 0.812994
 16.780001 -0.873919 0.290737
 16.980001 -0.709955 0.868527
 17.180001 -0.581811 0.601226
 17.380001 -0.788856 0.378020
 17.580001 -0.301854 0.735919
 17.780001 -0.680482 0.215080
 17.980001 -0.652206 0.760823
 18.180001 -0.319160 0.258068
 18.380001 -0.793081 0.613342
 18.580001 -0.448200 0.570176
 18.780001 -0.658837 0.403250
 18.980001 -0.774171 0.760027
 19.180001 -0.298373 0.348778
 19.380001 -0.831856 0.791271
 19.580001 -0.525778 0.350907
 19.780001 -0.283148 0.667815
 19.980001 -0.853843 0.534322
 20.180001 -0.258209 0.370320
 20.380001 -0.588109 0.750936
 20.580001 -0.854049 0.197951
 20.780001 -0.280693 0.866002
 20.980001 -0.678419 0.317142
 21.180001 -0.844435 0.737024
 21.380001 -0.438407 0.437678
 21.580001 -0.705653 0.420721
 21.780001 -0.910006 0.648854
 21.980001 -0.664714 0.673353
 22.180001 -1.033927 0.689022
 22.380001 -0.356822 0.424217
 22.580001 -0.482239 0.694315
 22.780001 -0.773761 0.404574
 22.980001 -0.301177 0.885396
 23.180001 -0.788736 0.453731
 23.380001 -0.712205 0.595975
 23.580001 -0.241395 0.585730
 23.780001 -0.883253 0.444010
 23.980001 -0.759225 0.827409
 24.180001 -0.231535 0.442226
 24.380001 -0.891549 0.691791
 24.580001 -0.510549 0.516033
 24.780001 -0.551758 0.538248
 24.980001 -0.760245 0.579492
 25.180001 -0.327668 0.500206
 25.380001 -0.860372 0.750913
 25.580001 -0.596681 0.342102
 25.780001 -0.641060 0.832129
 25.980001 -0.808235 0.374977
 26.180001 -0.335364 0.619086
 26.380001 -0.732652 0.560616
 26.580001 -0.618703 0.511672
 26.780001 -0.699477 0.877550
 26.980001 -0.710958 0.306244
 27.180001 -0.704126 0.699473
 27.380001 -0.468277 0.239394
 27.580001 -0.931447 0.878923
 27.780001 -0.598431 0.261145
 27.980001 -0.840437 0.805654
 28.180001 -0.726790 0.459550
 28.380001 -0.738193 0.632414
 28.580001 -0.726471 0.644907
 28.780001 -0.669611 0.577641
 28.980001 -0.636275 0.717147
 29.180001 -0.778758 0.413554
 29.380001 -0.452296 0.849409
 29.580001 -0.752954 0.217921
 29.780001 -0.369488 0.791254
 29.980001 -0.586844 0.400308
 30.180001 -0.605755 0.628443
 30.380001 -0.551036 0.540783
 30.580001 -0.726831 0.512873
 30.780001 -0.768359 0.792911
 30.980001 -0.787397 0.425132
 31.180001 -0.839088 0.767056
 31.380001 -0.521147 0.224236
 31.580001 -0.864941 0.835272
 31.780002 -0.817625 0.590115
 31.980002 -0.720682 0.616796
 32.180002 -0.585105 0.523209
 32.380002 -0.575957 0.433653
 32.580002 -0.583312 0.922942
 32.780002 -0.783068 0.218639
 32.980002 -0.503955 0.849987
 33.180002 -0.831679 0.369582
 33.380002 -0.561761 0.525151
 33.580002 -0.732328 0.526988
 33.780002 -0.882223 0.414301
 33.980002 -0.759803 0.845400
 34.180002 -0.667767 0.198922
 34.380002 -0.600946 0.822484
 34.580002 -0.545509 0.405150
 34.780002 -0.621564 0.648272
 34.980002 -0.766325 0.730307
 35.180002 -0.708971 0.556595
 35.380002 -0.865463 0.720498
 35.580002 -0.448381 0.394853
 35.780002 -0.731308 0.755288
 35.980002 -0.372400 0.226220
 36.180002 -0.786685 0.892661
 36.380002 -0.733546 0.525927
 36.580002 -0.315888 0.442168
 36.780002 -0.508510 0.464954
 36.980002 -0.505967 0.440997
 37.180002 -0.802882 0.799020
 37.380002 -0.891791 0.519809
 37.580002 -0.590651 0.792026
 37.780002 -0.649967 0.392571
 37.980002 -0.519725 0.604215
 38.180002 -0.652596 0.588692
 38.380002 -0.830993 0.619538
 38.580002 -0.612355 0.677147
 38.780002 -0.802424 0.346115
 38.980002 -0.827820 0.943954
 39.180002 -0.656327 0.441278
 39.380002 -0.732109 0.728134
 39.580002 -0.649278 0.438508
 39.780002 -0.775307 0.838630
 39.980002 -0.862759 0.341115
 40.180002 -0.468063 0.826687
 40.380002 -0.702656 0.420215
 40.580002 -0.373050 0.565133
 40.780002 -0.170191 0.514881
 40.980002 -0.777479 0.530763
 41.180002 -0.657451 0.791909
 41.380002 -0.702278 0.496726
 41.580002 -0.851028 0.837406
 41.780002 -0.231648 0.160571
 41.980002 -0.656816 0.829330
 42.180002 -0.772116 0.202546
 42.380002 -0.678204 0.918450
 42.580002 -0.754159 0.525948
 42.780002 -0.653659 0.480386
 42.980002 -0.627111 0.849844
 43.180002 -0.670177 0.281422
 43.380002 -0.575238 0.813679
 43.580002 -0.706763 0.315945
 43.780002 -1.068186 0.749362
 43.980002 -0.535794 0.614977
 44.180002 -0.533674 0.340915
 44.380002 -0.612640 0.678330
 44.580002 -0.591709 0.381379
 44.780002 -0.780642 0.910621
 44.980002 -0.631935 0.261061
 45.180002 -0.548646 0.736409
 45.380002 -0.738516 0.303437
 45.580002 -0.797338 0.638359
 45.780002 -0.638325 0.565184
 45.980002 -0.958442 0.509623
 46.180002 -0.412966 0.689077
 46.380002 -0.614782 0.204741
 46.580002 -0.329645 0.627577
 46.780002 -0.570936 0.402394
 46.980002 -0.783111 0.815897
 47.180002 -0.630440 0.555751
 47.380002 -0.692090 0.317862
 47.580002 -0.833130 0.881599
 47.780002 -0.611610 0.341786
 47.980002 -0.967570 0.637987
 48.180002 -0.478692 0.336081
 48.380002 -0.791666 0.690793
 48.580002 -0.793346 0.547565
 48.780002 -0.657424 0.818001
 48.980002 -0.797348 0.578895
 49.180002 -0.470327 0.357780
 49.380002 -0.584227 0.554425
 49.580002 -0.695086 0.410367
 49.780002 -0.756475 0.874127
 49.980002 -0.785566 0.406983
 50.180002 -0.591983 0.830119
 50.380002 -0.666604 0.248852
 50.580002 -0.696788 0.707883
 50.780002 -0.843505 0.616619
 50.980002 -0.799456 0.673123
 51.180002 -0.681789 0.543330
 51.380002 -0.598244 0.308087
 51.580002 -0.725743 0.906191
 51.780002 -0.893200 0.464694
 51.980002 -0.591689 0.782045
 52.180002 -0.584152 0.109450
 52.380002 -0.888436 0.760684
 52.580002 -0.603668 0.464857
 52.780003 -0.982527 0.711399
 52.980003 -0.785491 0.555872
 53.180003 -0.469132 0.402037
 53.380003 -0.706658 0.641740
 53.580003 -0.598549 0.471575
 53.780003 -0.659674 0.755302
 53.980003 -0.883898 0.675219
 54.180003 -0.504590 0.517879
 54.380003 -0.727266 0.559551
 54.580003 -0.721131 0.454825
 54.780003 -0.780103 0.646643
 54.980003 -0.842176 0.584717
 55.180003 -0.526447 0.580445
 55.380003 -0.786647 0.621924
 55.580003 -0.564682 0.556170
 55.780003 -0.593706 0.579269
 55.980003 -0.708582 0.609862
 56.180003 -0.460407 0.654982
 56.380003 -0.613431 0.544296
 56.580003 -0.580971 0.602606
 56.780003 -0.705449 0.655491
 56.980003 -0.920704 0.523123
 57.180003 -0.607788 0.583158
 57.380003 -0.798414 0.543562
 57.580003 -0.562348 0.516396
 57.780003 -0.722744 0.625831
 57.980003 -0.965028 0.634095
 58.180003 -0.549500 0.589835
 58.380003 -0.810954 0.599099
 58.580003 -0.422672 0.527062
 58.780003 -0.430845 0.647754
 58.980003 -0.644299 0.449698
 59.180003 -0.616494 0.529017
 59.380003 -0.769393 0.618873
 59.580003 -0.801926 0.591894
 59.780003 -0.716711 0.850486
 59.980003 -0.666154 0.423177
 60.180003 -0.557455 0.646650
 60.380003 -0.756226 0.550349
 60.580003 -0.707383 0.604598
 60.780003 -0.589234 0.667401
 60.980003 -0.770568 0.579870
 61.180003 -0.384512 0.446083
 61.380003 -0.728139 0.525079
 61.580003 -0.808702 0.598475
 61.780003 -0.558607 0.556481
 61.980003 -0.885299 0.736450
 62.180003 -0.630942 0.386245
 62.380003 -0.728872 0.754290
 62.580003 -0.834471 0.502018
 62.780003 -0.600903 0.724022
 62.980003 -0.912579 0.507155
 63.180003 -0.665602 0.679504
 63.380003 -0.700046 0.596259
 63.580003 -0.710224 0.614546
 63.780003 -0.538692 0.422462
 63.980003 -0.754219 0.660680
 64.180003 -0.529885 0.513272
 64.380003 -0.725904 0.665981
 64.580003 -0.726155 0.644479
 64.780003 -0.627124 0.472100
 64.980003 -0.747766 0.600309
 65.180003 -0.769790 0.585382
 65.380003 -0.614231 0.493932
 65.580003 -0.802937 0.632140
 65.780003 -0.657045 0.532092
 65.980003 -0.813479 0.655452
 66.180003 -0.542318 0.513877
 66.380003 -0.630108 0.535602
 66.580003 -0.684941 0.561803
 66.780003 -0.642549 0.613050
 66.980003 -0.693802 0.530433
 67.180003 -0.489478 0.449413
 67.380003 -0.607474 0.608311
 67.580003 -0.707417 0.569221
 67.780003 -0.653982 0.523195
 67.980003 -0.666743 0.594888
 68.180003 -0.778575 0.620017
 68.380003 -0.516087 0.595012
 68.580003 -0.875711 0.511265
 68.780003 -0.503831 0.523279
 68.980003 -0.882840 0.654403
 69.180003 -0.664717 0.461353
 69.380003 -0.691298 0.809400
 69.580003 -0.853082 0.403419
 69.780003 -0.514741 0.661093
 69.980003 -0.542985 0.498017
 70.180003 -0.813395 0.479412
 70.380003 -0.343828 0.658149
 70.580003 -0.786591 0.395070
 70.780003 -0.595447 0.718653
 70.980003 -0.429150 0.433325
 71.180003 -0.778052 0.587211
 71.380003 -0.441882 0.489200
 71.580003 -0.832951 0.419989
 71.780003 -0.673518 0.698281
 71.980003 -0.664970 0.533591
 72.180003 -0.735221 0.632303
 72.380003 -0.625340 0.506288
 72.580003 -0.730384 0.493059
 72.780003 -0.949076 0.705832
 72.980003 -0.547459 0.367400
 73.180003 -0.897108 0.798482
 73.380003 -0.662833 0.397738
 73.580003 -0.480801 0.658697
 73.780004 -0.752254 0.341685
 73.980004 -0.634824 0.773458
 74.180004 -0.614464 0.436635
 74.380004 -0.689725 0.573412
 74.580004 -0.441327 0.617283
 74.780004 -0.547590 0.277687
 74.980004 -0.578952 1.020924
 75.180004 -0.584679 0.290801
 75.380004 -1.009656 0.880012
 75.580004 -0.499764 0.477530
 75.780004 -0.911289 0.445362
 75.980004 -0.693600 0.587340
 76.180004 -0.953686 0.445594
 76.380004 -0.748649 0.819679
 76.580004 -0.608098 0.375844
 76.780004 -0.879414 0.739866
 76.980004 -0.533868 0.533977
 77.180004 -0.578956 0.561329
 77.380004 -0.737545 0.585336
 77.580004 -0.453293 0.413569
 77.780004 -0.938606 0.867651
 77.980004 -0.618251 0.389629
 78.180004 -0.630162 0.796211
 78.380004 -0.659119 0.308256
 78.580004 -0.649942 0.723209
 78.780004 -0.865200 0.597030
 78.980004 -0.825580 0.642996
 79.180004 -0.661571 0.541605
 79.380004 -0.708822 0.484511
 79.580004 -0.718542 0.575699
 79.780004 -0.529915 0.474203
 79.980004 -0.855989 0.649548
 80.180004 -0.339575 0.577331
 80.380004 -0.815980 0.504342
 80.580004 -0.747860 0.671359
 80.780004 -0.526937 0.334622
 80.980004 -0.901197 0.735438
 81.180004 -0.503286 0.522736
 81.380004 -0.752317 0.584470
 81.580004 -0.689010 0.529265
 81.780004 -0.682328 0.595469
 81.980004 -0.835768 0.688332
 82.180004 -0.681046 0.437152
 82.380004 -0.554447 0.645384
 82.580004 -0.833682 0.566589
 82.780004 -0.658708 0.605757
 82.980004 -0.563337 0.452306
 83.180004 -0.679045 0.732557
 83.380004 -0.643984 0.764061
 83.580004 -0.474278 0.315629
 83.780004 -0.757501 0.520634
 83.980004 -0.771968 0.610536
 84.180004 -0.974704 0.636365
 84.380004 -0.709251 0.637688
 84.580004 -0.730446 0.526765
 84.780004 -0.750196 0.624145
 84.980004 -0.825485 0.599125
 85.180004 -0.840240 0.659411
 85.380004 -0.574760 0.454298
 85.580004 -0.562382 0.538912
 85.780004 -0.533373 0.574141
 85.980004 -0.658500 0.531254
 86.180004 -0.636425 0.728755
 86.380004 -0.531639 0.415083
 86.580004 -0.641113 0.603925
 86.780004 -0.675062 0.561438
 86.980004 -0.860995 0.697782
 87.180004 -0.956666 0.625497
 87.380004 -0.647069 0.476576
 87.580004 -0.662495 0.565828
 87.780004 -0.879384 0.608292
 87.980004 -0.871200 0.713685
 88.180004 -0.578484 0.624170
 88.380004 -0.760976 0.402435
 88.580004 -0.374646 0.389566
 88.780004 -0.478121 0.659894
 88.980004 -0.736961 0.495995
 89.180004 -0.604540 0.804945
 89.380004 -0.670090 0.558401
 89.580004 -0.859711 0.659435
 89.780004 -0.631754 0.556433
 89.980004 -0.880156 0.552246
 90.180004 -0.745807 0.472642
 90.380004 -0.756214 0.674110
 90.580004 -0.769216 0.386076
 90.780004 -0.807632 0.804051
 90.980004 -0.514836 0.316149
 91.180004 -0.466962 0.729379
 91.380004 -0.683937 0.516593
 91.580004 -0.531787 0.772959
 91.780004 -0.761458 0.544094
 91.980004 -0.647064 0.639899
 92.180004 -0.572735 0.545996
 92.380004 -0.898579 0.469658
 92.580004 -0.699845 0.690612
 92.780004 -0.797794 0.561042
 92.980004 -0.959702 0.851461
 93.180004 -0.503538 0.197214
 93.380004 -0.744182 0.747891
 93.580004 -0.937694 0.560954
 93.780004 -0.769998 0.760488
 93.980004 -0.682635 0.473735
 94.180004 -0.516267 0.548464
 94.380004 -0.629021 0.646347
 94.580004 -0.783630 0.733545
 94.780005 -0.609824 0.581041
 94.980005 -0.782588 0.507263
 95.180005 -0.849452 0.686190
 95.380005 -0.714843 0.527231
 95.580005 -0.803554 0.542216
 95.780005 -0.654253 0.550675
 95.980005 -0.734478 0.456441
 96.180005 -0.782474 0.647327
 96.380005 -0.672477 0.485568
 96.580005 -0.776112 0.592737
 96.780005 -0.638785 0.515684
 96.980005 -0.806360 0.631938
 97.180005 -0.410373 0.405879
 97.380005 -0.759712 0.651350
 97.580005 -0.694128 0.633793
 97.780005 -0.614284 0.717160
 97.980005 -0.678764 0.474689
 98.180005 -0.722865 0.517256
 98.380005 -0.748671 0.530348
 98.580005 -0.755712 0.617434
 98.780005 -0.721354 0.629257
 98.980005 -0.554749 0.398519
 99.180005 -0.700544 0.675642
 99.380005 -0.654518 0.517412
 99.580005 -0.783487 0.679312
 99.780005 -0.680849 0.478178
 99.980005 -0.541396 0.516287
 100.180005 -0.782490 0.552786
 100.380005 -0.714344 0.581875
 100.580005 -0.897113 0.848595
 100.780005 -0.632679 0.355426
 100.980005 -0.445243 0.702701
 101.180005 -0.699093 0.214159
 101.380005 -0.539036 0.806813
 101.580005 -0.926610 0.619218
 101.780005 -0.516617 0.526092
 101.980005 -0.342985 0.419225
 102.180005 -0.671466 0.470425
 102.380005 -0.664550 0.726055
 102.580005 -0.746216 0.551139
 102.780005 -0.852100 0.603590
 102.980005 -0.489524 0.364892
 103.180005 -0.971045 0.663566
 103.380005 -0.696750 0.510550
 103.580005 -0.901486 0.612877
 103.780005 -0.645600 0.483391
 103.980005 -0.746004 0.648830
 104.180005 -0.710671 0.440080
 104.380005 -0.757291 0.857042
 104.580005 -0.681699 0.471036
 104.780005 -0.687913 0.590686
 104.980005 -0.519980 0.661582
 105.180005 -0.890367 0.660710
 105.380005 -0.480711 0.530336
 105.580005 -0.590800 0.509480
 105.780005 -0.777638 0.623857
 105.980005 -0.551804 0.748048
 106.180005 -0.792768 0.440145
 106.380005 -0.398500 0.510488
 106.580005 -0.693418 0.425651
 106.780005 -0.749990 0.571222
 106.980005 -0.605627 0.781966
 107.180005 -0.625352 0.136777
 107.380005 -0.726364 0.892468
 107.580005 -0.525337 0.406575
 107.780005 -0.870906 0.845995
 107.980005 -0.451087 0.433118
 108.180005 -0.917967 0.689474
 108.380005 -0.622503 0.623442
 108.580005 -0.532347 0.499763
 108.780005 -0.541572 0.355685
 108.980005 -0.424808 0.639369
 109.180005 -0.963105 0.599842
 109.380005 -0.809612 0.605997
 109.580005 -0.621187 0.709930
 109.780005 -0.814334 0.515967
 109.980005 -0.688230 0.756674
 110.180005 -0.261836 0.439458
 110.380005 -0.945064 0.582993
 110.580005 -0.375330 0.585739
 110.780005 -0.601786 0.592114
 110.980005 -0.883063 0.551833
 111.180005 -0.424151 0.676236
 111.380005 -0.776261 0.417956
 111.580005 -0.646102 0.694991
 111.780005 -0.437155 0.428260
 111.980005 -0.783489 0.694195
 112.180005 -0.313731 0.494084
 112.380005 -0.700989 0.690104
 112.580005 -0.754393 0.540435
 112.780005 -0.481007 0.536067
 112.980005 -0.773896 0.593598
 113.180005 -0.653803 0.470340
 113.380005 -0.790710 0.706449
 113.580005 -0.898573 0.523801
 113.780005 -0.535672 0.748700
 113.980005 -0.776034 0.412954
 114.180005 -0.483168 0.480166
 114.380005 -0.629643 0.676593
 114.580005 -0.814444 0.518545
 114.780005 -0.410336 0.716312
 114.980005 -0.685898 0.414270
 115.180005 -0.539932 0.611314
 115.380005 -0.702950 0.450759
 115.580005 -0.815715 0.731088
 115.780005 -0.401528 0.441953
 115.980006 -0.788167 0.616855
 116.180006 -0.699244 0.472385
 116.380006 -0.728329 0.791288
 116.580006 -0.788846 0.419511
 116.780006 -0.467253 0.579201
 116.980006 -0.741650 0.762653
 117.180006 -0.722494 0.480437
 117.380006 -0.533192 0.747316
 117.580006 -0.811245 0.344895
 117.780006 -0.547486 0.880524
 117.980006 -0.667380 0.334301
 118.180006 -0.739297 0.821584
 118.380006 -0.478052 0.400362
 118.580006 -0.960091 0.695931
 118.780006 -0.480491 0.631033
 118.980006 -0.507995 0.455746
 119.180006 -0.600404 0.585740
 119.380006 -0.390808 0.298984
 119.580006 -0.848847 0.789370
 119.780006 -0.712564 0.370348
 119.980006 -0.820027 0.921200
 120.180006 -0.798682 0.337099
 120.380006 -0.756861 0.730697
 120.580006 -0.650338 0.500879
 120.780006 -0.885256 0.568863
 120.980006 -0.388605 0.687533
 121.180006 -0.677685 0.512411
 121.380006 -0.727016 0.865343
 121.580006 -0.702759 0.508789
 121.780006 -0.694558 0.672138
 121.980006 -0.681301 0.450540
 122.180006 -0.770817 0.553823
 122.380006 -0.714641 0.565137
 122.580006 -0.800498 0.787331
 122.780006 -0.587477 0.399626
 122.980006 -0.570312 0.735474
 123.180006 -0.653900 0.475674
 123.380006 -0.749110 0.673523
 123.580006 -0.758737 0.598772
 123.780006 -0.887028 0.520025
 123.980006 -0.564918 0.619181
 124.180006 -0.764474 0.426662
 124.380006 -0.523312 0.842163
 124.580006 -0.433151 0.281460
 124.780006 -0.623121 0.729485
 124.980006 -0.521626 0.525322
 125.180006 -0.820539 0.533890
 125.380006 -0.842251 0.798547
 125.580006 -0.707650 0.289708
 125.780006 -0.684417 0.650028
 125.980006 -0.871435 0.409176
 126.180006 -0.880763 0.645074
 126.380006 -0.743435 0.559858
 126.580006 -0.680257 0.469207
 126.780006 -0.736536 0.803485
 126.980006 -0.444262 0.359228
 127.180006 -0.871531 0.762724
 127.380006 -0.636990 0.508766
 127.580006 -0.702934 0.674836
 127.780006 -0.496615 0.364070
 127.980006 -0.715244 0.753786
 128.180006 -0.754799 0.603384
 128.380006 -0.601687 0.434222
 128.580006 -0.802774 0.824056
 128.780006 -0.582827 0.431248
 128.980006 -0.657948 0.632001
 129.180006 -0.709655 0.494907
 129.380006 -0.787057 0.798694
 129.580006 -0.673175 0.478354
 129.780006 -0.829978 0.763007
 129.980006 -0.645919 0.471675
 130.180006 -0.689652 0.554308
 130.380006 -0.819454 0.518505
 130.580006 -0.666240 0.590137
 130.780006 -0.818668 0.654857
 130.980006 -0.766914 0.729214
 131.180006 -0.601637 0.523143
 131.380006 -0.806926 0.439696
 131.580006 -0.499699 0.523022
 131.780006 -0.787694 0.657445
 131.980006 -0.666476 0.689561
 132.180006 -0.670794 0.590029
 132.380006 -0.743839 0.374655
 132.580006 -0.768087 0.590849
 132.780006 -0.667062 0.485692
 132.980006 -0.809462 0.716160
 133.180006 -0.650346 0.630920
 133.380006 -0.653151 0.501461
 133.580006 -0.586058 0.422997
 133.780006 -0.618254 0.494279
 133.980006 -0.735668 0.690855
 134.180006 -0.813207 0.637606
 134.380006 -0.653883 0.566968
 134.580006 -0.814526 0.510077
 134.780006 -0.493781 0.402467
 134.980006 -0.721318 0.617808
 135.180006 -0.724877 0.486097
 135.380006 -0.755678 0.675073
 135.580006 -0.783082 0.385888
 135.780006 -0.652401 0.600467
 135.980006 -0.533103 0.512749
 136.180006 -0.785310 0.616812
 136.380006 -0.581445 0.686438
 136.580006 -0.718447 0.603232
 136.780006 -0.705424 0.702043
 136.980007 -0.439257 0.336418
 137.180007 -0.953958 0.665875
 137.380007 -0.725235 0.692636
 137.580007 -0.815043 0.550195
 137.780007 -0.633788 0.628129
 137.980007 -0.618350 0.457454
 138.180007 -0.689316 0.580718
 138.380007 -0.706563 0.524745
 138.580007 -0.579657 0.517405
 138.780007 -0.833517 0.769683
 138.980007 -0.606345 0.489937
 139.180007 -0.740247 0.653051
 139.380007 -0.794845 0.393696
 139.580007 -0.687894 0.636947
 139.780007 -0.694508 0.464704
 139.980007 -0.895779 0.637392
 140.180007 -0.604286 0.569606
 140.380007 -0.852734 0.403674
 140.580007 -0.671858 0.620240
 140.780007 -0.699980 0.463725
 140.980007 -0.669083 0.867057
 141.180007 -0.668899 0.347738
 141.380007 -0.647026 0.693826
 141.580007 -0.714720 0.368992
 141.780007 -0.450759 0.528544
 141.980007 -0.674903 0.657766
 142.180007 -0.556238 0.293986
 142.380007 -0.798283 0.851622
 142.580007 -0.816228 0.384144
 142.780007 -0.951514 1.035344
 142.980007 -0.608779 0.133449
 143.180007 -0.848196 0.899196
 143.380007 -0.729830 0.276863
 143.580007 -0.769196 0.765245
 143.780007 -0.567393 0.482871
 143.980007 -0.738183 0.400295
 144.180007 -0.717806 0.779335
 144.380007 -0.700330 0.289780
 144.580007 -0.582436 0.918030
 144.780007 -0.588488 0.242591
 144.980007 -0.660696 0.748322
 145.180007 -0.722939 0.296227
 145.380007 -0.694900 0.762116
 145.580007 -0.972964 0.577912
 145.780007 -0.555168 0.413981
 145.980007 -0.564545 0.614504
 146.180007 -0.828501 0.448969
 146.380007 -0.444945 0.952768
 146.580007 -0.759422 0.301209
 146.780007 -0.411295 0.742744
 146.980007 -0.294330 0.394003
 147.180007 -0.790115 0.550218
 147.380007 -0.748865 0.795778
 147.580007 -0.647112 0.292915
 147.780007 -0.894795 0.777266
 147.980007 -0.190940 0.184855
 148.180007 -0.718797 0.737850
 148.380007 -0.758242 0.349018
 148.580007 -0.397828 0.664568
 148.780007 -0.950553 0.424269
 148.980007 -0.581710 0.529671
 149.180007 -0.788456 0.796620
 149.380007 -0.922364 0.308332
 149.580007 -0.331339 0.732900
 149.780007 -0.777293 0.328109
 149.980007 -0.718518 0.663262
 150.180007 -0.293926 0.522634
 150.380007 -1.056205 0.504064
 150.580007 -0.352494 0.719509
 150.780007 -0.227821 0.384134
 150.980007 -0.563164 0.587707
 151.180007 -0.551430 0.495795
 151.380007 -0.398906 0.618406
 151.580007 -1.059588 0.624569
 151.780007 -0.302361 0.512243
 151.980007 -0.770304 0.668357
 152.180007 -0.670991 0.189785
 152.380007 -0.822448 1.012626
 152.580007 -0.737178 0.368428
 152.780007 -0.533669 0.520262
 152.980007 -0.388827 0.575111
 153.180007 -0.683492 0.312192
 153.380007 -0.454525 0.819724
 153.580007 -0.943904 0.335138
 153.780007 -0.696317 0.848015
 153.980007 -0.473354 0.345278
 154.180007 -0.768946 0.685510
 154.380007 -0.462268 0.421913
 154.580007 -0.408350 0.436858
 154.780007 -0.793695 0.554823
 154.980007 -0.401203 0.419208
 155.180007 -0.914083 0.860020
 155.380007 -0.551170 0.247525
 155.580007 -0.701777 0.948271
 155.780007 -0.646157 0.390491
 155.980007 -0.607454 0.736393
 156.180007 -0.697376 0.351365
 156.380007 -0.784983 0.649328
 156.580007 -0.780721 0.654506
 156.780007 -1.030502 0.550363
 156.980007 -0.381412 0.685820
 157.180007 -0.792377 0.409682
 157.380007 -0.727306 0.739648
 157.580007 -0.578795 0.512501
 157.780007 -0.786964 0.542769
 157.980008 -0.528784 0.515515
 158.180008 -0.422394 0.418756
 158.380008 -0.577116 0.575712
 158.580008 -0.579143 0.622827
 158.780008 -0.864226 0.669047
 158.980008 -0.614686 0.495955
 159.180008 -0.854760 0.606697
 159.380008 -0.925459 0.433162
 159.580008 -0.695768 0.522104
 159.780008 -0.865400 0.676542
 159.980008 -0.794893 0.514627
 160.180008 -0.472896 0.621877
 160.380008 -0.587272 0.262695
 160.580008 -0.461657 0.905855
 160.780008 -0.640647 0.527706
 160.980008 -0.728166 0.657480
 161.180008 -0.623249 0.481468
 161.380008 -0.970678 0.483749
 161.580008 -0.583250 0.381606
 161.780008 -0.949311 0.750170
 161.980008 -0.809270 0.555710
 162.180008 -0.645117 0.679955
 162.380008 -0.577896 0.586597
 162.580008 -0.583455 0.514974
 162.780008 -0.567783 0.693407
 162.980008 -0.917602 0.324831
 163.180008 -0.920916 0.650914
 163.380008 -0.946679 0.805017
 163.580008 -0.663873 0.263346
 163.780008 -0.800935 0.802652
 163.980008 -0.501631 0.381704
 164.180008 -0.718656 0.857425
 164.380008 -0.260949 0.411518
 164.580008 -0.579258 0.635990
 164.780008 -0.397923 0.541451
 164.980008 -0.862487 0.560959
 165.180008 -0.742147 0.729463
 165.380008 -0.632511 0.451892
 165.580008 -0.836782 0.661604
 165.780008 -0.853872 0.557598
 165.980008 -0.718445 0.497498
 166.180008 -0.825480 0.624776
 166.380008 -0.562941 0.510493
 166.580008 -0.690836 0.810068
 166.780008 -0.546252 0.407503
 166.980008 -0.510680 0.665382
 167.180008 -0.554115 0.348902
 167.380008 -0.636416 0.734656
 167.580008 -0.698773 0.454964
 167.780008 -0.945109 0.778532
 167.980008 -0.773282 0.566743
 168.180008 -0.827246 0.591286
 168.380008 -0.758123 0.551077
 168.580008 -0.694827 0.539889
 168.780008 -0.624427 0.599834
 168.980008 -0.718583 0.599240
 169.180008 -0.627566 0.712624
 169.380008 -0.531418 0.391605
 169.580008 -0.689978 0.692148
 169.780008 -0.576677 0.485084
 169.980008 -0.716474 0.695104
 170.180008 -0.809892 0.475804
 170.380008 -0.822487 0.619556
 170.580008 -0.930225 0.689484
 170.780008 -0.789240 0.381681
 170.980008 -0.592333 0.896455
 171.180008 -0.730201 0.201953
 171.380008 -0.468299 0.851021
 171.580008 -0.605849 0.463161
 171.780008 -0.875899 0.683861
 171.980008 -0.568115 0.653470
 172.180008 -0.790485 0.371203
 172.380008 -0.980798 0.926997
 172.580008 -0.909404 0.219099
 172.780008 -0.951881 0.955219
 172.980008 -0.490768 0.212410
 173.180008 -0.886010 0.916919
 173.380008 -0.696698 0.371796
 173.580008 -0.613653 0.746774
 173.780008 -0.696683 0.461777
 173.980008 -0.357747 0.489769
 174.180008 -0.845154 0.773384
 174.380008 -0.618335 0.491277
 174.580008 -0.575312 0.751944
 174.780008 -0.767975 0.259472
 174.980008 -0.768894 0.799910
 175.180008 -0.715182 0.482787
 175.380008 -0.893971 0.590491
 175.580008 -0.893787 0.592007
 175.780008 -0.816824 0.550273
 175.980008 -0.586550 0.727889
 176.180008 -0.556533 0.427659
 176.380008 -0.369335 0.527543
 176.580008 -0.390413 0.650486
 176.780008 -0.731789 0.598869
 176.980008 -0.729104 0.783199
 177.180008 -0.678796 0.452330
 177.380008 -0.805520 0.702210
 177.580008 -0.641382 0.498508
 177.780008 -0.826404 0.724554
 177.980008 -0.914474 0.460946
 178.180008 -0.590346 0.659880
 178.380008 -0.768366 0.445381
 178.580008 -0.521673 0.544027
 178.780008 -0.768128 0.727830
 178.980009 -0.677520 0.365794
 179.180009 -0.738886 0.808134
 179.380009 -0.635763 0.202344
 179.580009 -0.739594 0.966212
 179.780009 -0.706521 0.100273
 179.980009 -0.678375 0.732105
 180.180009 -0.618084 0.528750
 180.380009 -0.754301 0.691409
 180.580009 -0.701724 0.653890
 180.780009 -0.543458 0.181574
 180.980009 -0.802576 0.740082
 181.180009 -0.759333 0.421560
 181.380009 -0.916777 0.903601
 181.580009 -0.397796 0.268186
 181.780009 -0.759683 0.675055
 181.980009 -0.422665 0.543101
 182.180009 -0.415520 0.508284
 182.380009 -0.609446 0.707805
 182.580009 -0.309092 0.362466
 182.780009 -0.676306 0.739265
 182.980009 -0.727730 0.250912
 183.180009 -0.668053 0.745018
 183.380009 -0.740146 0.413471
 183.580009 -0.738281 0.546255
 183.780009 -0.695538 0.734858
 183.980009 -0.762279 0.198691
 184.180009 -0.595019 0.913286
 184.380009 -0.516639 0.235050
 184.580009 -0.558195 0.862501
 184.780009 -0.401107 0.461072
 184.980009 -0.711914 0.577699
 185.180009 -0.435982 0.508725
 185.380009 -0.524526 0.325681
 185.580009 -1.017497 0.910480
 185.780009 -0.792111 0.568971
 185.980009 -0.790014 0.662000
 186.180009 -0.817503 0.432830
 186.380009 -0.607333 0.600088
 186.580009 -0.974409 0.435836
 186.780009 -0.512700 0.683639
 186.980009 -0.889488 0.494474
 187.180009 -0.485158 0.283942
 187.380009 -0.747522 1.002289
 187.580009 -0.762734 0.154301
 187.780009 -0.488500 0.749617
 187.980009 -0.470456 0.129168
 188.180009 -0.706291 0.855670
 188.380009 -0.674166 0.494264
 188.580009 -0.845530 0.728541
 188.780009 -0.393425 0.385529
 188.980009 -0.933150 0.658864
 189.180009 -0.700360 0.607690
 189.380009 -0.773163 0.546916
 189.580009 -0.735058 0.721791
 189.780009 -0.611762 0.421437
 189.980009 -0.833990 0.874014
 190.180009 -0.693825 0.293318
 190.380009 -0.600533 0.664945
 190.580009 -0.805634 0.557436
 190.780009 -0.547606 0.516033
 190.980009 -0.613175 0.578371
 191.180009 -0.635990 0.451542
 191.380009 -0.757751 0.871721
 191.580009 -0.713121 0.383794
 191.780009 -0.666294 0.839866
 191.980009 -0.704946 0.242770
 192.180009 -0.675209 0.650382
 192.380009 -0.804674 0.592449
 192.580009 -0.701981 0.610816
 192.780009 -0.565609 0.431746
 192.980009 -0.759712 0.321555
 193.180009 -0.678376 0.866026
 193.380009 -0.603803 0.363064
 193.580009 -0.638926 0.793019
 193.780009 -0.530809 0.283234
 193.980009 -0.665845 0.711969
 194.180009 -0.721045 0.401662
 194.380009 -0.947294 0.744576
 194.580009 -0.717105 0.692733
 194.780009 -0.655115 0.291870
 194.980009 -0.742301 0.748150
 195.180009 -0.676934 0.385157
 195.380009 -0.760384 0.919731
 195.580009 -0.469447 0.227792
 195.780009 -0.591614 0.783664
 195.980009 -0.342032 0.369070
 196.180009 -0.743764 0.738369
 196.380009 -0.576013 0.407044
 196.580009 -0.679916 0.638900
 196.780009 -0.964976 0.549918
 196.980009 -0.831469 0.677997
 197.180009 -0.943700 0.617707
 197.380009 -0.772697 0.353719
 197.580009 -0.648642 0.894880
 197.780009 -0.747681 0.312504
 197.980009 -0.689653 0.953895
 198.180009 -0.693325 0.342443
 198.380009 -0.438979 0.805528
 198.580009 -0.764754 0.389817
 198.780009 -0.737709 0.696096
 198.980009 -0.876630 0.626190
 199.180009 -0.953312 0.536143
 199.380009 -0.737348 0.524928
 199.580009 -0.922525 0.489229
 199.780009 -0.873478 0.881894
 199.980009 -0.810732 0.473556
