#! FIELDS time phi psi
#! SET max_psi pi
 0.180000 -3.105334 2.728291
 0.380000 -2.668980 -2.483697
 0.580000 -2.335448 -2.777349
 0.780000 -2.687950 -2.948157
 0.980000 -2.680127 -2.601088
 1.180000 -2.570393 -3.105497
 1.380000 -2.980903 -2.815601
 1.580000 -2.720649 -2.997363
 1.780000 -2.421767 -2.837776
 1.980000 -2.483535 -2.855871
 2.180000 -2.917687 -2.852557
 2.380000 -2.827460 -2.999934
 2.580000 -2.610545 -2.794446
 2.780000 -2.717486 -2.983729
 2.980000 -2.512349 -2.715445
 3.180000 -2.873572 -3.034338
 3.380000 -2.575698 -2.826180
 3.580000 -2.736413 -2.947072
 3.780000 -2.850435 -2.826695
 3.980000 -2.746779 -2.807202
 4.180000 -2.605960 -2.737480
 4.380000 -2.771643 -2.781594
 4.580000 -2.624425 -2.704257
 4.780000 -2.763850 -2.756459
 4.980000 -2.600544 -2.671032
 5.180000 -2.771475 -2.801447
 5.380000 -2.559188 -2.767700
 5.580000 -2.696318 -2.668099
 5.780000 -2.572583 -2.895483
 5.980000 -2.906148 -2.918618
 6.180000 -2.752908 -2.771458
 6.380000 -2.710029 -2.993360
 6.580000 -2.653568 -2.892733
 6.780000 -2.623187 -2.726322
 6.980000 -2.695421 -2.834034
 7.180000 -2.702938 -2.669049
 7.380000 -2.678724 -2.824780
 7.580000 -2.610490 -2.874007
 7.780000 -2.781245 -2.619037
 7.980000 -2.603818 -2.806351
 8.180000 -2.609419 -2.774832
 8.380000 -2.622475 -2.844397
 8.580000 -2.739416 -2.894044
 8.780000 -2.812555 -2.736766
 8.980000 -2.627854 -2.893548
 9.180000 -2.594406 -2.686845
 9.380000 -2.834995 -2.945220
 9.580000 -2.693256 -2.847911
 9.780000 -2.617000 -2.653031
 9.980000 -2.723986 -2.986140
 10.180000 -2.840648 -2.628418
 10.380000 -2.579533 -2.780530
 10.580001 -2.373432 -2.694287
 10.780001 -2.726796 -2.807281
 10.980001 -2.810790 -3.019223
 11.180001 -2.605802 -2.675247
 11.380001 -2.493824 -2.909327
 11.580001 -2.694481 -2.723513
 11.780001 -2.841407 -2.689045
 11.980001 -2.743777 -2.974914
 12.180001 -2.514796 -2.568334
 12.380001 -2.771546 -2.967781
 12.580001 -2.715326 -2.756382
 12.780001 -2.273565 -2.708876
 12.980001 -2.742987 -2.888807
 13.180001 -2.963593 -2.978384
 13.380001 -2.838369 -2.885623
 13.580001 -2.375335 -2.946494
 13.780001 -2.800485 -2.731659
 13.980001 -2.552872 -2.814014
 14.180001 -2.683958 -2.722233
 14.380001 -2.569822 -2.787915
 14.580001 -2.795565 -2.922372
 14.780001 -2.690503 -2.776980
 14.980001 -2.790038 -2.928281
 15.180001 -2.653466 -2.824108
 15.380001 -2.565674 -2.918160
 15.580001 -2.691748 -2.799912
 15.780001 -2.203934 -2.940350
 15.980001 -2.868202 -2.649198
 16.180001 -2.631145 -2.748990
 16.380001 -2.716555 -2.844540
 16.580001 -2.793118 -2.717559
 16.780001 -2.781632 -2.883518
 16.980001 -2.711587 -2.697579
 17.180001 -2.291316 -2.751891
 17.380001 -2.839158 -2.832975
 17.580001 -2.386046 -2.676556
 17.780001 -2.839435 -2.913160
 17.980001 -2.636927 -2.804091
 18.180001 -2.841969 -2.729806
 18.380001 -2.666331 -2.950324
 18.580001 -2.923863 -2.775130
 18.780001 -2.863604 -3.004997
 18.980001 -2.614312 -2.815526
 19.180001 -2.788215 -3.040915
 19.380001 -2.698932 -2.724240
 19.580001 -2.734274 -3.010658
 19.780001 -2.542595 -2.750444
 19.980001 -2.585396 -2.815943
 20.180001 -2.633939 -2.946976
 20.380001 -2.815866 -2.596573
 20.580001 -2.865984 -3.044788
 20.780001 -2.690702 -2.597223
 20.980001 -2.541628 -3.072125
 21.180001 -2.683698 -2.615406
 21.380001 -2.783942 -2.836792
 21.580001 -2.645800 -2.878364
 21.780001 -2.475465 -2.657276
 21.980001 -2.742055 -2.949721
 22.180001 -2.666115 -2.756694
 22.380001 -2.875999 -2.835732
 22.580001 -2.683587 -2.866037
 22.780001 -2.665581 -2.738182
 22.980001 -2.529210 -2.782863
 23.180001 -2.576922 -2.754293
 23.380001 -2.818790 -2.843977
 23.580001 -2.782912 -2.807649
 23.780001 -2.926629 -2.983670
 23.980001 -2.657233 -2.843491
 24.180001 -2.843845 -2.910325
 24.380001 -2.481784 -2.877457
 24.580001 -2.832528 -2.864221
 24.780001 -2.815722 -2.887807
 24.980001 -2.754792 -2.809425
 25.180001 -2.469417 -2.798989
 25.380001 -2.591584 -2.604515
 25.580001 -2.762325 -2.870066
 25.780001 -2.726321 -2.850489
 25.980001 -2.900294 -2.839406
 26.180001 -2.680317 -3.070629
 26.380001 -2.672145 -2.445950
 26.580001 -2.561938 3.068036
 26.780001 -3.087659 -2.668147
 26.980001 -2.698398 -2.754055
 27.180001 -2.635701 -3.039181
 27.380001 -2.675916 -2.629147
 27.580001 -2.860575 -3.077267
 27.780001 -2.564485 -2.608581
 27.980001 -2.716250 -3.065275
 28.180001 -2.721792 -2.723607
 28.380001 -2.979398 -2.840879
 28.580001 -2.584852 -2.868478
 28.780001 -2.748942 -2.461346
 28.980001 -2.603002 -2.966503
 29.180001 -2.841983 -2.658993
 29.380001 -2.707858 -3.044844
 29.580001 -2.714291 -2.872684
 29.780001 -2.638154 -2.839396
 29.980001 -2.728491 -2.926143
 30.180001 -2.611249 -2.739998
 30.380001 -2.871428 -2.797978
 30.580001 -2.562432 -2.794301
 30.780001 -2.634706 -2.547282
 30.980001 -2.597509 -2.888186
 31.180001 -2.828797 -2.628424
 31.380001 -2.634632 -2.832147
 31.580001 -2.592400 -2.686546
 31.780002 -2.659108 -2.831270
 31.980002 -2.768404 -2.871524
 32.180002 -2.911896 -2.574858
 32.380002 -2.594838 -2.965984
 32.580002 -2.832613 -2.433497
 32.780002 -2.557785 -2.971466
 32.980002 -2.823185 -2.831209
 33.180002 -2.497424 -2.672221
 33.380002 -2.762419 -3.082355
 33.580002 -2.854097 -2.755969
 33.780002 -2.484701 -3.042907
 33.980002 -2.744048 -2.551290
 34.180002 -2.769558 -2.986248
 34.380002 -2.657527 -2.662210
 34.580002 -2.654115 -2.739676
 34.780002 -2.777343 -2.942554
 34.980002 -2.845973 -2.538892
 35.180002 -2.745983 3.132700
 35.380002 -2.638705 -2.669648
 35.580002 -2.758376 -3.043656
 35.780002 -2.695031 -2.765408
 35.980002 -2.647751 -2.794858
 36.180002 -2.655931 -2.884097
 36.380002 -2.784529 -2.679001
 36.580002 -2.636105 -2.949077
 36.780002 -2.567738 -2.617886
 36.980002 -2.683150 -2.863397
 37.180002 -2.585897 -2.760678
 37.380002 -2.684391 -2.812778
 37.580002 -2.717141 -2.972173
 37.780002 -2.796487 -2.640651
 37.980002 -2.645205 -2.960776
 38.180002 -2.735052 -2.673254
 38.380002 -2.731657 -2.817491
 38.580002 -2.707983 -2.874998
 38.780002 -2.638306 -2.622671
 38.980002 -2.671028 -3.064912
 39.180002 -2.531716 -2.521871
 39.380002 -2.814966 -3.052096
 39.580002 -2.639011 -2.784931
 39.780002 -2.716181 -2.774360
 39.980002 -2.563037 -3.031177
 40.180002 -2.661489 -2.581047
 40.380002 -2.634459 -2.971209
 40.580002 -2.837423 -2.585363
 40.780002 -2.559943 -2.970960
 40.980002 -2.462497 -2.772737
 41.180002 -2.603858 -2.592632
 41.380002 -2.663650 3.003735
 41.580002 -2.655003 -2.451486
 41.780002 -2.767864 3.031305
 41.980002 -2.718799 -2.487166
 42.180002 -2.632469 -3.054811
 42.380002 -2.741111 -2.718271
 42.580002 -2.627759 -2.501438
 42.780002 -2.595944 -3.007901
 42.980002 -2.718307 -2.366224
 43.180002 -2.777379 3.049219
 43.380002 -2.844771 -2.576239
 43.580002 -2.464042 -2.774105
 43.780002 -2.626782 -2.915026
 43.980002 -2.748320 -2.615912
 44.180002 -2.760261 3.077960
 44.380002 -2.801432 -2.553641
 44.580002 -2.544722 -3.058349
 44.780002 -2.597714 -2.520296
 44.980002 -2.860393 -2.754535
 45.180002 -2.468676 -2.982025
 45.380002 -2.696855 -2.366147
 45.580002 -2.746859 -3.044815
 45.780002 -2.884333 -2.736804
 45.980002 -2.327963 -2.694697
 46.180002 -2.595078 -2.949629
 46.380002 -2.875499 -2.591555
 46.580002 -2.856085 -3.077726
 46.780002 -2.730088 -2.526718
 46.980002 -2.555021 -2.875602
 47.180002 -2.599740 -2.642248
 47.380002 -2.416158 -2.718473
 47.580002 -2.696659 -2.872320
 47.780002 -2.920745 -2.879201
 47.980002 -2.620780 -2.698743
 48.180002 -2.513244 -2.809791
 48.380002 -2.792706 -2.774020
 48.580002 -2.815121 -2.732587
 48.780002 -2.476785 -2.985394
 48.980002 -2.745210 -2.714412
 49.180002 -2.974627 -3.057787
 49.380002 -2.867008 -2.792419
 49.580002 -2.467575 -2.828674
 49.780002 -2.731186 -2.844571
 49.980002 -2.762913 -2.937908
 50.180002 -2.677637 -2.719848
 50.380002 -2.795597 -2.898557
 50.580002 -2.904710 -2.846283
 50.780002 -2.753863 -2.792237
 50.980002 -2.615903 -2.949813
 51.180002 -2.630337 -2.658418
 51.380002 -2.775265 -2.983305
 51.580002 -2.723191 -2.562942
 51.780002 -2.594924 -2.966058
 51.980002 -2.757824 -2.680284
 52.180002 -2.794796 -2.828683
 52.380002 -2.582570 -2.881034
 52.580002 -2.606564 -2.790864
 52.780003 -2.675596 -2.980842
 52.980003 -2.583806 -2.661388
 53.180003 -2.657189 -2.881795
 53.380003 -2.718753 -2.764134
 53.580003 -2.736871 -2.586026
 53.780003 -2.685895 -2.945582
 53.980003 -2.722330 -2.580177
 54.180003 -2.822494 -2.941684
 54.380003 -2.454410 -2.703460
 54.580003 -2.681493 -2.836843
 54.780003 -2.684802 -2.887663
 54.980003 -2.766147 -2.517340
 55.180003 -2.570254 -2.983175
 55.380003 -2.748981 -2.547513
 55.580003 -2.676266 -2.816144
 55.780003 -2.675599 -3.003572
 55.980003 -2.600565 -2.649669
 56.180003 -2.855650 -3.067219
 56.380003 -2.618705 -2.491174
 56.580003 -2.598806 -2.991913
 56.780003 -2.700106 -2.715604
 56.980003 -2.893789 -2.676111
 57.180003 -2.649503 -2.955246
 57.380003 -2.680845 -2.471778
 57.580003 -2.618645 -2.992259
 57.780003 -2.629539 -2.763384
 57.980003 -2.833436 -2.701350
 58.180003 -2.614374 -3.018194
 58.380003 -2.718694 -2.591718
 58.580003 -2.526758 -3.065872
 58.780003 -2.814179 -2.743129
 58.980003 -2.819204 -2.776987
 59.180003 -2.623722 -3.042560
 59.380003 -2.528952 -2.583011
 59.580003 -2.807608 -3.039240
 59.780003 -2.791354 -2.746125
 59.980003 -2.567707 -2.730959
 60.180003 -2.538267 -2.893822
 60.380003 -2.917387 -2.709647
 60.580003 -2.840076 -2.971865
 60.780003 -2.464733 -2.702406
 60.980003 -2.533012 -2.850216
 61.180003 -2.734067 -2.938804
 61.380003 -2.556916 -2.462966
 61.580003 -2.840451 3.137353
 61.780003 -2.596886 -2.568074
 61.980003 -2.763687 -2.892717
 62.180003 -2.520853 -2.917952
 62.380003 -2.913522 -2.647717
 62.580003 -2.659303 -3.046355
 62.780003 -2.708825 -2.643163
 62.980003 -2.637053 -2.914954
 63.180003 -2.667738 -2.885025
 63.380003 -2.661960 -2.595981
 63.580003 -2.859075 -3.025875
 63.780003 -2.754837 -2.628813
 63.980003 -2.574520 -2.837649
 64.180003 -2.777737 -2.832846
 64.380003 -2.541151 -2.678400
 64.580003 -2.824256 -3.036864
 64.780003 -2.517443 -2.632199
 64.980003 -2.512192 -2.899734
 65.180003 -2.788704 -2.816285
 65.380003 -2.734209 -2.529480
 65.580003 -2.791026 3.104491
 65.780003 -2.597564 -2.423376
 65.980003 -2.704733 3.104778
 66.180003 -2.563549 -2.450802
 66.380003 -2.835077 -3.072416
 66.580003 -2.677514 -2.762275
 66.780003 -2.641615 -2.861142
 66.980003 -2.411083 -2.904908
 67.180003 -2.829263 -2.503568
 67.380003 -2.723608 3.083458
 67.580003 -2.614773 -2.275631
 67.780003 -2.651286 -3.042729
 67.980003 -2.864127 -2.648079
 68.180003 -2.669291 -2.625683
 68.380003 -2.524713 -3.054088
 68.580003 -2.865931 -2.467250
 68.780003 -2.628308 3.100276
 68.980003 -2.883793 -2.525455
 69.180003 -2.548072 -2.934653
 69.380003 -2.622689 -2.841217
 69.580003 -2.480092 -2.520391
 69.780003 -2.788725 -2.988495
 69.980003 -2.690163 -2.691998
 70.180003 -2.563921 -2.906257
 70.380003 -2.819405 -2.762022
 70.580003 -2.907451 -2.844857
 70.780003 -2.437676 -2.897321
 70.980003 -2.535393 -2.726162
 71.180003 -2.822072 -2.968653
 71.380003 -2.717568 -2.859589
 71.580003 -2.815409 -2.749676
 71.780003 -2.632493 -2.970135
 71.980003 -2.715192 -2.514844
 72.180003 -2.508602 -3.050032
 72.380003 -2.772569 -2.617085
 72.580003 -2.774151 -2.873990
 72.780003 -2.586309 -2.847669
 72.980003 -2.616403 -2.576661
 73.180003 -2.727339 -2.930705
 73.380003 -2.768960 -2.555788
 73.580003 -2.580053 -2.701943
 73.780004 -2.584259 -2.725539
 73.980004 -2.745440 -2.776820
 74.180004 -2.755001 -2.822697
 74.380004 -2.475147 -2.785562
 74.580004 -2.525727 -2.754743
 74.780004 -2.756856 -2.679549
 74.980004 -2.743768 -2.829736
 75.180004 -2.706662 -2.656303
 75.380004 -2.534036 -2.901648
 75.580004 -2.669429 -2.686155
 75.780004 -2.726152 -2.920909
 75.980004 -2.718414 -2.836888
 76.180004 -2.779196 -2.916058
 76.380004 -2.698656 -2.867675
 76.580004 -2.767816 -2.888232
 76.780004 -2.631032 -2.900335
 76.980004 -2.834842 -2.851654
 77.180004 -2.752592 -2.806391
 77.380004 -2.654863 -2.936317
 77.580004 -2.575667 -2.626014
 77.780004 -2.590181 -2.922478
 77.980004 -2.854779 -2.662906
 78.180004 -2.497388 -2.916360
 78.380004 -2.651084 -2.767924
 78.580004 -2.674642 -2.621602
 78.780004 -2.680306 -2.853843
 78.980004 -2.736839 -2.547851
 79.180004 -2.524983 -2.837430
 79.380004 -2.739196 -2.830323
 79.580004 -2.587721 -2.948688
 79.780004 -2.924773 -3.001266
 79.980004 -2.599401 -2.674217
 80.180004 -2.722717 -2.910241
 80.380004 -2.604388 -2.732060
 80.580004 -2.828303 -2.807040
 80.780004 -2.781216 -2.829113
 80.980004 -2.738872 -2.733713
 81.180004 -2.604585 -2.885547
 81.380004 -2.724322 -2.711587
 81.580004 -2.747034 -2.872175
 81.780004 -2.520634 -2.730407
 81.980004 -2.757080 -2.756548
 82.180004 -2.721325 -2.914588
 82.380004 -2.494955 -2.701615
 82.580004 -2.599755 -2.829855
 82.780004 -2.792934 -2.774042
 82.980004 -2.399950 -2.809351
 83.180004 -2.825819 -2.765278
 83.380004 -2.677037 -2.883826
 83.580004 -2.849640 -2.851591
 83.780004 -2.555924 -2.941579
 83.980004 -2.600121 -2.727543
 84.180004 -2.805082 -2.848939
 84.380004 -2.794064 -2.700303
 84.580004 -2.601765 -2.795139
 84.780004 -2.774863 -2.736498
 84.980004 -2.726473 -2.816777
 85.180004 -2.583344 -2.738167
 85.380004 -2.500521 -2.847676
 85.580004 -2.666426 -2.744234
 85.780004 -2.715344 -2.764758
 85.980004 -2.560524 -2.711352
 86.180004 -2.801496 -2.737693
 86.380004 -2.538489 -2.672840
 86.580004 -2.779169 -2.811547
 86.780004 -2.702667 -2.816164
 86.980004 -2.894675 -2.934306
 87.180004 -2.572141 -2.918025
 87.380004 -2.633075 -2.874881
 87.580004 -2.683730 -2.838301
 87.780004 -2.866249 -2.884520
 87.980004 -2.720641 -2.847538
 88.180004 -2.744127 -2.827714
 88.380004 -2.625521 -2.792627
 88.580004 -2.786236 -2.908480
 88.780004 -2.694602 -2.826881
 88.980004 -2.639761 -2.955485
 89.180004 -2.812242 -2.744231
 89.380004 -2.757436 -2.949392
 89.580004 -2.502329 -2.761157
 89.780004 -2.609843 -2.715222
 89.980004 -2.757769 -2.946689
 90.180004 -2.931668 -2.658260
 90.380004 -2.553997 -2.997741
 90.580004 -2.623797 -2.770984
 90.780004 -2.842393 -2.773989
 90.980004 -2.747841 -3.092695
 91.180004 -2.738082 -2.509758
 91.380004 -2.803723 -2.932365
 91.580004 -2.620603 -2.763191
 91.780004 -2.530044 -2.559292
 91.980004 -2.789347 -2.926730
 92.180004 -2.824604 -2.657364
 92.380004 -2.657235 -2.939274
 92.580004 -2.801957 -2.743399
 92.780004 -2.700548 -2.836483
 92.980004 -2.635473 -2.861986
 93.180004 -2.631270 -2.693020
 93.380004 -2.563356 -2.905633
 93.580004 -2.810966 -2.749138
 93.780004 -2.605084 -2.938767
 93.980004 -2.671036 -2.810129
 94.180004 -2.740175 -2.816749
 94.380004 -2.781467 -2.902207
 94.580004 -2.599906 -2.691150
 94.780005 -2.591847 -2.973363
 94.980005 -2.958500 -2.840917
 95.180005 -2.564889 -2.819532
 95.380005 -2.931287 -2.987878
 95.580005 -2.587689 -2.745774
 95.780005 -2.883682 -2.958725
 95.980005 -2.430418 -2.665623
 96.180005 -2.627373 -2.556067
 96.380005 -2.480733 -2.841331
 96.580005 -2.631514 -2.623515
 96.780005 -2.756636 -2.871393
 96.980005 -2.823280 -2.779729
 97.180005 -2.608240 -2.886729
 97.380005 -2.528272 -2.779852
 97.580005 -3.002846 -2.793870
 97.780005 -2.578447 -2.987317
 97.980005 -2.576243 -2.407067
 98.180005 -2.519307 3.064821
 98.380005 -2.945977 -2.604436
 98.580005 -2.656419 -2.848225
 98.780005 -2.691393 -2.907241
 98.980005 -2.753992 -2.614293
 99.180005 -2.515891 -3.110559
 99.380005 -2.931932 -2.561641
 99.580005 -2.489649 -2.997299
 99.780005 -2.820982 -2.747939
 99.980005 -2.566574 -2.619995
 100.180005 -2.652487 -2.998838
 100.380005 -2.759162 -2.606165
 100.580005 -2.653015 -3.092015
 100.780005 -2.607370 -2.535799
 100.980005 -2.688530 -2.925964
 101.180005 -2.691134 -2.806914
 101.380005 -2.430424 -2.522490
 101.580005 -2.644304 -2.959477
 101.780005 -2.856353 -2.538422
 101.980005 -2.784190 -3.140028
 102.180005 -2.644031 -2.672222
 102.380005 -2.723847 -2.950586
 102.580005 -2.401612 -2.873349
 102.780005 -2.836059 -2.667507
 102.980005 -2.826636 -3.098108
 103.180005 -2.816456 -2.683173
 103.380005 -2.563970 -2.961781
 103.580005 -2.782444 -2.718343
 103.780005 -2.896636 -2.650307
 103.980005 -2.531410 -3.054949
 104.180005 -2.700364 -2.549693
 104.380005 -2.779469 -3.006844
 104.580005 -2.956278 -2.782504
 104.780005 -2.613670 -2.856538
 104.980005 -2.645701 -2.948635
 105.180005 -2.816544 -2.593132
 105.380005 -2.660351 -2.960249
 105.580005 -2.655795 -2.427346
 105.780005 -2.609085 -2.831331
 105.980005 -2.634115 -2.592510
 106.180005 -2.631508 -2.588257
 106.380005 -2.619856 -2.876852
 106.580005 -2.798691 -2.688552
 106.780005 -2.673527 -2.951736
 106.980005 -2.661446 -2.711526
 107.180005 -2.549133 -2.827584
 107.380005 -2.616595 -2.690015
 107.580005 -2.777612 -2.717572
 107.780005 -2.626496 -2.951850
 107.980005 -2.750065 -2.671167
 108.180005 -2.560942 -3.043919
 108.380005 -2.853074 -2.683666
 108.580005 -2.756987 -2.926746
 108.780005 -2.812944 -2.970469
 108.980005 -2.847698 -2.646477
 109.180005 -2.598790 2.926993
 109.380005 -2.685165 -2.393425
 109.580005 -2.749679 3.135875
 109.780005 -2.751899 -2.530876
 109.980005 -2.680909 -2.890424
 110.180005 -2.707542 -2.831918
 110.380005 -2.863185 -2.331816
 110.580005 -2.720354 -3.117243
 110.780005 -2.662806 -2.450194
 110.980005 -2.635294 3.095088
 111.180005 -2.637647 -2.593565
 111.380005 -2.606460 -2.814517
 111.580005 -2.521064 -2.935973
 111.780005 -2.965874 -2.395570
 111.980005 -2.758664 3.071356
 112.180005 -2.667945 -2.246417
 112.380005 -2.557591 -3.124509
 112.580005 -2.641321 -2.525041
 112.780005 -2.679135 -2.955463
 112.980005 -2.692822 -2.794479
 113.180005 -2.584123 -2.604101
 113.380005 -2.549745 -3.068145
 113.580005 -2.841788 -2.504387
 113.780005 -2.688060 3.092969
 113.980005 -2.666177 -2.378304
 114.180005 -2.657063 -3.019474
 114.380005 -2.609796 -2.683270
 114.580005 -2.530175 -2.665603
 114.780005 -2.690920 -3.099713
 114.980005 -2.774954 -2.635530
 115.180005 -2.664353 3.098791
 115.380005 -2.643468 -2.522520
 115.580005 -2.752443 -3.066253
 115.780005 -2.749244 -2.832751
 115.980006 -2.776986 -2.733082
 116.180006 -2.568554 -3.010305
 116.380006 -2.741098 -2.589624
 116.580006 -2.545060 -2.911462
 116.780006 -2.618793 -2.763855
 116.980006 -2.619769 -2.608429
 117.180006 -2.766798 -3.119520
 117.380006 -2.816887 -2.474947
 117.580006 -2.723720 -2.996044
 117.780006 -2.607693 -2.592706
 117.980006 -2.592913 -2.843853
 118.180006 -2.715038 -2.953116
 118.380006 -2.879952 -2.677741
 118.580006 -2.606335 -3.086763
 118.780006 -2.787919 -2.685894
 118.980006 -2.494716 -2.946638
 119.180006 -2.594411 -2.693895
 119.380006 -2.769180 -2.790426
 119.580006 -2.854131 -2.990562
 119.780006 -2.364137 -2.598007
 119.980006 -2.472101 -2.890757
 120.180006 -2.801628 -2.731911
 120.380006 -2.756344 -2.933968
 120.580006 -2.563666 -2.735308
 120.780006 -2.706052 -2.956629
 120.980006 -2.839918 -2.786956
 121.180006 -2.593036 -2.785738
 121.380006 -2.672107 -2.841938
 121.580006 -2.758324 -2.684349
 121.780006 -2.836744 -2.837072
 121.980006 -2.578770 -2.602929
 122.180006 -2.562036 -2.786656
 122.380006 -2.874213 -2.751543
 122.580006 -2.753771 -2.767357
 122.780006 -2.577683 -2.910859
 122.980006 -2.600768 -2.651942
 123.180006 -2.828480 -3.005827
 123.380006 -2.632811 -2.640624
 123.580006 -2.667208 -2.809103
 123.780006 -2.692693 -2.846053
 123.980006 -2.857516 -2.663351
 124.180006 -2.487692 -3.077538
 124.380006 -2.628267 -2.421036
 124.580006 -2.719727 -2.884720
 124.780006 -2.787296 -2.699691
 124.980006 -2.494154 -2.792934
 125.180006 -2.646426 -2.809459
 125.380006 -2.686197 -2.742260
 125.580006 -2.880183 -3.042436
 125.780006 -2.598222 -2.681981
 125.980006 -2.534942 -2.956840
 126.180006 -2.541456 -2.739817
 126.380006 -2.897263 -2.764820
 126.580006 -2.707416 -2.970679
 126.780006 -2.771501 -2.496968
 126.980006 -2.563978 -3.000086
 127.180006 -2.738024 -2.617429
 127.380006 -2.742575 -2.794941
 127.580006 -2.688988 -2.850613
 127.780006 -2.682014 -2.617339
 127.980006 -2.670026 -3.004606
 128.180006 -2.962972 -2.650832
 128.380006 -2.634079 -2.907391
 128.580006 -2.677195 -2.733667
 128.780006 -2.584071 -2.800845
 128.980006 -2.844109 -2.739702
 129.180006 -2.582551 -2.858047
 129.380006 -2.642494 -2.774716
 129.580006 -2.859694 -2.824863
 129.780006 -2.920148 -2.889813
 129.980006 -2.466497 -2.776903
 130.180006 -2.647338 -2.723583
 130.380006 -2.574340 -2.900221
 130.580006 -2.858162 -2.670761
 130.780006 -2.752468 -3.003094
 130.980006 -2.667976 -2.693476
 131.180006 -2.582473 -2.867133
 131.380006 -2.581556 -2.912390
 131.580006 -2.853052 -2.733147
 131.780006 -2.738014 -2.970323
 131.980006 -2.575287 -2.672108
 132.180006 -2.645972 -2.861373
 132.380006 -2.630373 -2.711876
 132.580006 -2.524638 -2.785372
 132.780006 -2.935863 -2.733054
 132.980006 -2.811294 -2.933035
 133.180006 -2.866794 -2.588899
 133.380006 -2.303391 -3.076684
 133.580006 -2.891991 -2.628002
 133.780006 -2.804725 -2.996242
 133.980006 -2.538182 -2.846491
 134.180006 -2.695308 -2.709508
 134.380006 -2.888166 -2.965170
 134.580006 -2.746411 -2.749698
 134.780006 -2.455726 -2.879629
 134.980006 -2.643894 -2.746652
 135.180006 -2.693994 -2.787944
 135.380006 -2.780596 -2.865157
 135.580006 -2.578126 -2.665371
 135.780006 -2.643645 -2.714231
 135.980006 -2.641635 -2.715186
 136.180006 -2.858371 -2.792395
 136.380006 -2.726095 -2.746176
 136.580006 -2.648036 -2.792453
 136.780006 -2.536977 -2.702363
 136.980007 -2.619886 -2.760926
 137.180007 -2.735556 -2.880839
 137.380007 -2.595930 -2.658404
 137.580007 -2.682931 -2.898493
 137.780007 -2.715375 -2.714220
 137.980007 -2.645544 -2.826575
 138.180007 -2.674064 -2.869847
 138.380007 -2.662023 -2.745184
 138.580007 -2.731660 -2.897544
 138.780007 -2.662630 -2.747706
 138.980007 -2.749201 -2.832703
 139.180007 -2.658213 -2.920463
 139.380007 -2.764587 -2.736340
 139.580007 -2.682507 -3.067832
 139.780007 -2.797201 -2.724783
 139.980007 -2.782348 -2.902331
 140.180007 -2.546619 -2.744733
 140.380007 -2.595968 -2.579750
 140.580007 -2.674156 -2.980916
 140.780007 -2.753267 -2.453471
 140.980007 -2.693006 -3.064285
 141.180007 -2.687813 -2.631171
 141.380007 -2.580647 -2.711425
 141.580007 -2.609161 -2.933699
 141.780007 -2.767310 -2.521924
 141.980007 -2.673459 -2.948053
 142.180007 -2.620761 -2.600240
 142.380007 -2.548296 -2.768968
 142.580007 -2.643067 -2.877709
 142.780007 -2.926182 -2.783382
 142.980007 -2.824360 -3.115281
 143.180007 -2.484240 -2.715827
 143.380007 -2.561317 -2.886431
 143.580007 -2.855126 -2.842414
 143.780007 -2.394258 -2.585885
 143.980007 -2.747471 -2.943889
 144.180007 -2.831342 -2.865644
 144.380007 -2.885562 -2.831480
 144.580007 -2.429339 -3.025556
 144.780007 -2.771682 -2.786168
 144.980007 -2.741578 -3.098022
 145.180007 -2.702346 -2.586259
 145.380007 -2.569751 -2.948279
 145.580007 -2.766868 -2.687977
 145.780007 -2.610433 -2.706472
 145.980007 -2.665155 -2.881631
 146.180007 -2.710001 -2.617684
 146.380007 -2.581899 -2.971324
 146.580007 -2.648108 -2.697814
 146.780007 -2.581038 -2.855033
 146.980007 -2.614350 -2.698350
 147.180007 -2.711628 -2.578713
 147.380007 -2.791857 -2.910294
 147.580007 -2.547303 -2.531065
 147.780007 -2.743911 -2.889017
 147.980007 -2.496727 -2.800039
 148.180007 -2.766003 -2.714152
 148.380007 -2.759844 -3.032552
 148.580007 -2.827095 -2.539460
 148.780007 -2.633492 -3.135958
 148.980007 -2.798334 -2.746923
 149.180007 -2.794153 -2.856717
 149.380007 -2.715743 -2.999506
 149.580007 -2.708911 -2.604724
 149.780007 -2.692212 2.982454
 149.980007 -2.783170 -2.628950
 150.180007 -2.623962 -3.008402
 150.380007 -2.820053 -2.725102
 150.580007 -2.789222 -2.705498
 150.780007 -2.554925 -2.961540
 150.980007 -2.589713 -2.582441
 151.180007 -2.730048 -2.991157
 151.380007 -2.544092 -2.690584
 151.580007 -2.499450 -2.831742
 151.780007 -2.790098 -2.913132
 151.980007 -2.789220 -2.678437
 152.180007 -2.681937 -3.045902
 152.380007 -2.508889 -2.499081
 152.580007 -2.727362 -2.771866
 152.780007 -2.601710 -2.753226
 152.980007 -2.533572 -2.646293
 153.180007 -2.684318 -2.963379
 153.380007 -2.834127 -2.578734
 153.580007 -2.702933 -2.976147
 153.780007 -2.789256 -2.729928
 153.980007 -2.786148 -2.815111
 154.180007 -2.539029 -2.886167
 154.380007 -2.779798 -2.739596
 154.580007 -2.826080 -2.915463
 154.780007 -2.873075 -2.731295
 154.980007 -2.339636 -3.021089
 155.180007 -2.803557 -2.683192
 155.380007 -2.926494 -2.829719
 155.580007 -2.709327 -2.910047
 155.780007 -2.463320 -2.636945
 155.980007 -2.608570 -2.941040
 156.180007 -2.884534 -2.786580
 156.380007 -2.573354 -2.987568
 156.580007 -2.650152 -2.720043
 156.780007 -2.625965 -2.791931
 156.980007 -2.720580 -2.766170
 157.180007 -2.487804 -2.624907
 157.380007 -2.611504 -2.895266
 157.580007 -2.787115 -2.751646
 157.780007 -2.667091 -3.075804
 157.980008 -2.756924 -2.668688
 158.180008 -2.639599 -3.041055
 158.380008 -2.513608 -2.732132
 158.580008 -2.763779 -2.725672
 158.780008 -2.694932 -2.990138
 158.980008 -2.686147 -2.550341
 159.180008 -2.686975 -3.051775
 159.380008 -2.578569 -2.736416
 159.580008 -2.743847 -2.748538
 159.780008 -2.721042 -2.890361
 159.980008 -2.817527 -2.712714
 160.180008 -2.634662 -3.025441
 160.380008 -2.734954 -2.621992
 160.580008 -2.632870 -3.028365
 160.780008 -2.690936 -2.807669
 160.980008 -2.728088 -2.741914
 161.180008 -2.811697 -2.883029
 161.380008 -2.539215 -2.575407
 161.580008 -2.537620 -2.809602
 161.780008 -2.643355 -2.842861
 161.980008 -2.876722 -2.694982
 162.180008 -2.621874 -2.864499
 162.380008 -2.528869 -2.800609
 162.580008 -2.615797 -2.710600
 162.780008 -2.900802 -2.953418
 162.980008 -2.730510 -2.693225
 163.180008 -2.701963 -2.928418
 163.380008 -2.556159 -2.857796
 163.580008 -2.786773 -2.770101
 163.780008 -2.881449 -2.950170
 163.980008 -2.939787 -2.715078
 164.180008 -2.716300 -2.903530
 164.380008 -2.479102 -2.645361
 164.580008 -2.627617 -2.773032
 164.780008 -2.810859 -2.908382
 164.980008 -2.574659 -2.611226
 165.180008 -2.636052 -2.939095
 165.380008 -2.829547 -2.609094
 165.580008 -2.883346 -2.883547
 165.780008 -2.525535 -2.747802
 165.980008 -2.614248 -2.741227
 166.180008 -2.667707 -2.906318
 166.380008 -2.727463 -2.728834
 166.580008 -2.677928 -2.997434
 166.780008 -2.804826 -2.806544
 166.980008 -2.434446 -2.874802
 167.180008 -2.778411 -2.822561
 167.380008 -2.616428 -2.796970
 167.580008 -2.652710 -2.868438
 167.780008 -2.737468 -2.744495
 167.980008 -2.585720 -2.906304
 168.180008 -3.051975 -2.819781
 168.380008 -2.384744 -2.846112
 168.580008 -2.891088 -2.887141
 168.780008 -2.497482 -2.800395
 168.980008 -2.616194 -2.860930
 169.180008 -2.899646 -2.766758
 169.380008 -2.584835 -2.877930
 169.580008 -2.738245 -2.722405
 169.780008 -2.575012 -2.985038
 169.980008 -2.695157 -2.637939
 170.180008 -2.563819 -2.860094
 170.380008 -2.845896 -2.895609
 170.580008 -2.588297 -2.680883
 170.780008 -2.576197 -2.974564
 170.980008 -2.494596 -2.531322
 171.180008 -2.820838 -2.829013
 171.380008 -2.500699 -2.697154
 171.580008 -2.643072 -2.512427
 171.780008 -2.489703 -2.966770
 171.980008 -2.884168 -2.587658
 172.180008 -2.855227 2.924342
 172.380008 -2.858651 -2.421565
 172.580008 -2.647016 3.137983
 172.780008 -2.645297 -2.738927
 172.980008 -2.787370 -2.760045
 173.180008 -2.709014 -3.099810
 173.380008 -2.815055 -2.630413
 173.580008 -2.517377 -3.056963
 173.780008 -2.734695 -2.636472
 173.980008 -2.631962 -2.918435
 174.180008 -2.824234 -2.785887
 174.380008 -2.552016 -2.664368
 174.580008 -2.826187 -3.028220
 174.780008 -2.515081 -2.530250
 174.980008 -2.873076 -3.081112
 175.180008 -2.720679 -2.685620
 175.380008 -2.691393 -2.839617
 175.580008 -2.717879 -2.927366
 175.780008 -2.745702 -2.758708
 175.980008 -2.945516 -3.122234
 176.180008 -2.711712 -2.730378
 176.380008 -2.572770 -2.751185
 176.580008 -2.738121 -2.889380
 176.780008 -2.863568 -2.619868
 176.980008 -2.674054 -2.819373
 177.180008 -2.564588 -2.672019
 177.380008 -2.604749 -2.849898
 177.580008 -2.714075 -2.918616
 177.780008 -2.605473 -2.766848
 177.980008 -2.623531 -2.869651
 178.180008 -2.719599 -2.752150
 178.380008 -2.618893 -2.873249
 178.580008 -2.646908 -2.689374
 178.780008 -2.850088 -2.810517
 178.980009 -2.613151 -2.886829
 179.180009 -2.606523 -2.654137
 179.380009 -2.739755 -2.998402
 179.580009 -2.973033 -2.910177
 179.780009 -2.619399 -2.905642
 179.980009 -2.456988 -2.832340
 180.180009 -2.695367 -2.738524
 180.380009 -2.871809 -2.845289
 180.580009 -2.579651 -2.498814
 180.780009 -2.655213 -2.840839
 180.980009 -2.663574 -2.500945
 181.180009 -2.614923 -2.659643
 181.380009 -2.638556 -2.919746
 181.580009 -2.490325 -2.516165
 181.780009 -2.690884 -2.986685
 181.980009 -2.650368 -2.557808
 182.180009 -2.906923 -2.811736
 182.380009 -2.694882 -2.857910
 182.580009 -2.844164 -2.630482
 182.780009 -2.458074 -2.965450
 182.980009 -2.902198 -2.624213
 183.180009 -2.742194 -3.079680
 183.380009 -2.838210 -2.859154
 183.580009 -2.750004 -2.807070
 183.780009 -2.564557 -2.973349
 183.980009 -2.678467 -2.455548
 184.180009 -2.825944 -3.075679
 184.380009 -2.917254 -2.625754
 184.580009 -2.522101 -2.653360
 184.780009 -2.521203 -2.866877
 184.980009 -2.724485 -2.601187
 185.180009 -2.735140 -2.843664
 185.380009 -2.500763 -2.708764
 185.580009 -2.635074 -2.915586
 185.780009 -2.839229 -2.785786
 185.980009 -2.706740 -2.673200
 186.180009 -2.438482 -2.854476
 186.380009 -2.624317 -2.561547
 186.580009 -2.875337 -2.914145
 186.780009 -2.674727 -2.914264
 186.980009 -2.651206 -2.849208
 187.180009 -2.825796 -3.076629
 187.380009 -2.803670 -2.662167
 187.580009 -2.491798 -3.091569
 187.780009 -2.447396 -2.509355
 187.980009 -2.783877 -2.815401
 188.180009 -2.876723 -2.926407
 188.380009 -2.665856 -2.490764
 188.580009 -2.424582 -3.101741
 188.780009 -2.667313 -2.710778
 188.980009 -2.817929 -2.944822
 189.180009 -2.704130 -2.858233
 189.380009 -2.801488 -2.865377
 189.580009 -2.868509 -2.864971
 189.780009 -2.698513 -2.615910
 189.980009 -2.424230 -2.961719
 190.180009 -2.820266 -2.617253
 190.380009 -2.840002 -2.884001
 190.580009 -2.664283 -2.797607
 190.780009 -2.559731 -2.758719
 190.980009 -2.762011 -2.852179
 191.180009 -2.794956 -2.811299
 191.380009 -2.507351 -2.920673
 191.580009 -2.718480 -2.663395
 191.780009 -2.709631 -2.624531
 191.980009 -2.612689 -2.893056
 192.180009 -2.584615 -2.562692
 192.380009 -2.574975 -2.885294
 192.580009 -2.781368 -2.702414
 192.780009 -2.697221 -2.777172
 192.980009 -2.878230 -2.992987
 193.180009 -2.807553 -2.618217
 193.380009 -2.881005 -3.046786
 193.580009 -2.508072 -2.768570
 193.780009 -2.627883 -2.971371
 193.980009 -2.849996 -2.995457
 194.180009 -2.946160 -2.638233
 194.380009 -2.454818 3.086056
 194.580009 -2.785216 -2.406544
 194.780009 -3.026316 -3.071654
 194.980009 -2.517177 -2.771759
 195.180009 -2.510341 -2.568194
 195.380009 -2.690899 -2.983081
 195.580009 -2.905609 -2.664846
 195.780009 -2.533638 -3.086587
 195.980009 -2.826377 -2.692247
 196.180009 -2.753887 -2.864463
 196.380009 -2.766621 -2.962146
 196.580009 -2.443444 -2.743673
 196.780009 -2.932885 -2.810854
 196.980009 -2.718375 -2.959369
 197.180009 -2.614565 -2.692106
 197.380009 -2.716761 -2.857878
 197.580009 -2.577476 -2.891641
 197.780009 -2.721888 -2.631606
 197.980009 -2.694787 -2.956788
 198.180009 -2.846659 -2.562456
 198.380009 -2.542820 -2.890431
 198.580009 -2.424367 -2.662509
 198.780009 -2.703297 -2.704153
 198.980009 -2.686097 -2.968507
 199.180009 -2.900002 -2.738622
 199.380009 -2.613272 -2.915425
 199.580009 -2.661391 -2.755093
 199.780009 -2.605432 -2.804906
 199.980009 -2.846265 -2.907087
