#! FIELDS time phi psi
#! SET max_psi pi
 0.180000 0.665253 -2.675319
 0.380000 0.848839 -2.023834
 0.580000 0.927805 -2.521190
 0.780000 0.819077 -2.252664
 0.980000 0.872671 -2.213486
 1.180000 0.880000 -2.569111
 1.380000 0.818429 -2.068403
 1.580000 1.087160 -2.566790
 1.780000 0.994155 -2.027541
 1.980000 1.052814 -2.728433
 2.180000 0.831934 -1.945137
 2.380000 1.106972 -2.767490
 2.580000 0.955938 -2.231793
 2.780000 1.200352 -2.619335
 2.980000 1.091965 -2.369243
 3.180000 1.254513 -2.542851
 3.380000 0.922741 -2.348638
 3.580000 0.937511 -2.291647
 3.780000 0.932061 -2.430280
 3.980000 1.200137 -2.296641
 4.180000 0.739123 -2.268327
 4.380000 1.012114 -2.219439
 4.580000 0.834675 -2.365620
 4.780000 0.974174 -2.119497
 4.980000 0.928269 -2.308472
 5.180000 0.760216 -2.243465
 5.380000 0.886694 -2.219290
 5.580000 0.977897 -2.438050
 5.780000 0.780113 -2.054226
 5.980000 0.926932 -2.655154
 6.180000 0.857659 -1.825660
 6.380000 0.953869 -2.575188
 6.580000 0.731226 -2.055072
 6.780000 0.771313 -2.332246
 6.980000 0.852069 -2.236909
 7.180000 0.962062 -2.185754
 7.380000 0.778825 -2.425386
 7.580000 1.035689 -2.083893
 7.780000 0.842446 -2.473628
 7.980000 0.980944 -2.276407
 8.180000 0.964782 -2.334208
 8.380000 0.967438 -2.254090
 8.580000 0.942791 -2.313639
 8.780000 1.027621 -2.383752
 8.980000 1.091274 -2.205900
 9.180000 0.985153 -2.532606
 9.380000 0.670638 -1.940507
 9.580000 1.113920 -2.468899
 9.780000 0.900117 -2.016389
 9.980000 0.978074 -2.546520
 10.180000 0.910628 -2.323785
 10.380000 1.144750 -2.222457
 10.580001 1.012436 -2.594355
 10.780001 0.980317 -2.125103
 10.980001 0.968226 -2.569387
 11.180001 1.147592 -2.092406
 11.380001 0.968522 -2.355315
 11.580001 0.982866 -2.376820
 11.780001 1.111769 -2.141380
 11.980001 0.923395 -2.354323
 12.180001 0.858132 -2.177187
 12.380001 0.844857 -2.405453
 12.580001 1.099994 -2.012845
 12.780001 0.942820 -2.493848
 12.980001 0.789483 -2.270760
 13.180001 0.920152 -2.308363
 13.380001 1.056328 -2.238783
 13.580001 0.802550 -2.377337
 13.780001 0.994664 -2.312087
 13.980001 0.943549 -2.058456
 14.180001 0.779145 -2.395534
 14.380001 0.846621 -2.298668
 14.580001 0.837768 -2.252506
 14.780001 1.035061 -2.186446
 14.980001 0.775340 -2.423335
 15.180001 0.817809 -2.246903
 15.380001 1.065546 -2.175651
 15.580001 0.804661 -2.304427
 15.780001 0.801739 -2.185049
 15.980001 0.984219 -2.484807
 16.180001 1.144833 -2.157228
 16.380001 0.901767 -2.648924
 16.580001 1.099610 -2.271183
 16.780001 0.964494 -2.512785
 16.980001 1.126701 -2.313954
 17.180001 1.126935 -2.356523
 17.380001 0.942324 -2.541433
 17.580001 1.085335 -2.048730
 17.780001 1.166192 -2.635246
 17.980001 0.985106 -1.977007
 18.180001 0.822763 -2.613977
 18.380001 1.221651 -2.159103
 18.580001 1.090446 -2.408305
 18.780001 1.100775 -2.284843
 18.980001 1.193659 -2.216523
 19.180001 1.006417 -2.524560
 19.380001 0.972581 -2.119129
 19.580001 0.786295 -2.412146
 19.780001 0.991395 -2.072018
 19.980001 0.972360 -2.408056
 20.180001 0.850035 -2.108770
 20.380001 0.932311 -2.334729
 20.580001 1.066047 -2.286464
 20.780001 1.025953 -2.180739
 20.980001 0.945310 -2.521810
 21.180001 0.877312 -1.946348
 21.380001 0.854309 -2.493949
 21.580001 0.886359 -1.957478
 21.780001 0.874088 -2.487159
 21.980001 0.911320 -2.341963
 22.180001 1.101839 -2.070391
 22.380001 1.036365 -2.515410
 22.580001 0.900856 -2.139301
 22.780001 1.040485 -2.464753
 22.980001 1.128331 -2.147929
 23.180001 0.890660 -2.467321
 23.380001 1.113127 -2.242106
 23.580001 0.911047 -2.261845
 23.780001 0.893408 -2.347613
 23.980001 0.915246 -2.273647
 24.180001 1.072964 -2.431589
 24.380001 1.012840 -2.201734
 24.580001 1.029964 -2.392656
 24.780001 0.942568 -2.321483
 24.980001 1.124872 -2.228357
 25.180001 1.124661 -2.261387
 25.380001 1.081483 -2.346849
 25.580001 0.957538 -2.312586
 25.780001 1.061738 -2.201143
 25.980001 1.077110 -2.283428
 26.180001 0.921244 -2.236513
 26.380001 0.837758 -2.288237
 26.580001 1.039738 -2.205224
 26.780001 0.834689 -2.312526
 26.980001 0.997570 -2.269679
 27.180001 0.903079 -2.104085
 27.380001 1.050884 -2.270757
 27.580001 0.805704 -2.077019
 27.780001 1.030533 -2.230610
 27.980001 0.932971 -2.217458
 28.180001 0.781498 -2.103230
 28.380001 1.063925 -2.245319
 28.580001 0.927768 -2.219690
 28.780001 0.795528 -2.301949
 28.980001 1.012311 -2.199517
 29.180001 0.992203 -2.395964
 29.380001 0.889845 -2.281938
 29.580001 1.022518 -2.330885
 29.780001 0.985647 -2.375243
 29.980001 0.933059 -2.196720
 30.180001 0.985716 -2.518494
 30.380001 1.130580 -2.214709
 30.580001 1.181530 -2.441386
 30.780001 1.004596 -2.306935
 30.980001 1.147880 -2.323631
 31.180001 0.946100 -2.377819
 31.380001 1.142826 -2.208197
 31.580001 1.046027 -2.501394
 31.780002 0.971460 -2.061923
 31.980002 1.025361 -2.432762
 32.180002 1.051520 -2.103681
 32.380002 0.890850 -2.330254
 32.580002 1.004747 -2.414285
 32.780002 1.094485 -2.119809
 32.980002 0.699940 -2.370311
 33.180002 0.941330 -2.284004
 33.380002 1.074800 -2.334453
 33.580002 0.746825 -2.133096
 33.780002 0.864451 -2.253164
 33.980002 0.860669 -2.249525
 34.180002 0.800834 -2.183599
 34.380002 0.953767 -2.482547
 34.580002 0.897901 -2.248554
 34.780002 0.975978 -2.351977
 34.980002 0.825888 -2.219935
 35.180002 0.892956 -2.498530
 35.380002 0.861232 -2.217083
 35.580002 1.165399 -2.346319
 35.780002 0.862103 -2.295975
 35.980002 0.976302 -2.440525
 36.180002 1.007650 -2.116007
 36.380002 1.034686 -2.481835
 36.580002 0.915564 -2.194483
 36.780002 1.154776 -2.382125
 36.980002 0.949331 -2.199135
 37.180002 0.995303 -2.234489
 37.380002 0.917469 -2.440128
 37.580002 1.082848 -2.107683
 37.780002 0.740498 -2.459666
 37.980002 1.058178 -2.180617
 38.180002 0.714192 -2.273057
 38.380002 0.992876 -2.294665
 38.580002 0.809300 -2.162592
 38.780002 0.796895 -2.393904
 38.980002 1.093168 -2.033542
 39.180002 0.836889 -2.461472
 39.380002 0.917398 -2.209412
 39.580002 0.992531 -2.558025
 39.780002 0.858698 -2.059726
 39.980002 1.003237 -2.436827
 40.180002 0.946905 -2.365668
 40.380002 1.055251 -2.158450
 40.580002 1.188970 -2.442679
 40.780002 0.996718 -2.086546
 40.980002 0.821594 -2.323656
 41.180002 1.076736 -2.208096
 41.380002 0.952533 -2.428529
 41.580002 0.983524 -2.242889
 41.780002 0.997206 -2.275243
 41.980002 1.147903 -2.335468
 42.180002 0.946280 -2.146721
 42.380002 0.889599 -2.461440
 42.580002 0.998737 -2.071736
 42.780002 0.980989 -2.370198
 42.980002 0.968026 -2.011815
 43.180002 0.849162 -2.540998
 43.380002 0.878751 -2.072444
 43.580002 1.174318 -2.334718
 43.780002 0.891307 -2.260346
 43.980002 0.942019 -2.199826
 44.180002 1.117879 -2.404006
 44.380002 1.158297 -2.141957
 44.580002 0.814921 -2.508709
 44.780002 0.972783 -2.014324
 44.980002 1.075508 -2.486754
 45.180002 1.052338 -2.034367
 45.380002 0.892674 -2.409404
 45.580002 0.972439 -2.343614
 45.780002 1.161451 -2.097793
 45.980002 0.997188 -2.493965
 46.180002 0.790063 -2.162634
 46.380002 0.861017 -2.545959
 46.580002 1.003649 -1.941846
 46.780002 0.965111 -2.503090
 46.980002 0.921213 -2.326198
 47.180002 0.925105 -2.286134
 47.380002 0.993007 -2.316491
 47.580002 0.917501 -2.314305
 47.780002 1.000415 -2.447925
 47.980002 0.892431 -2.151019
 48.180002 0.909489 -2.539564
 48.380002 0.717673 -2.012994
 48.580002 1.096528 -2.467822
 48.780002 1.044227 -2.221124
 48.980002 0.987583 -2.279171
 49.180002 1.226119 -2.358505
 49.380002 1.015916 -2.257505
 49.580002 0.815049 -2.360652
 49.780002 1.142119 -2.257074
 49.980002 1.072805 -2.327857
 50.180002 0.945558 -2.328952
 50.380002 0.945501 -2.367597
 50.580002 1.096183 -2.189634
 50.780002 0.987356 -2.275084
 50.980002 0.723130 -2.280370
 51.180002 1.031795 -2.191586
 51.380002 1.113650 -2.416385
 51.580002 0.787690 -2.203422
 51.780002 1.046559 -2.486803
 51.980002 0.947646 -2.203123
 52.180002 0.993774 -2.209989
 52.380002 0.892092 -2.482351
 52.580002 0.913129 -2.128188
 52.780003 1.132519 -2.529069
 52.980003 0.880515 -2.100593
 53.180003 0.864563 -2.519999
 53.380003 1.097991 -2.176816
 53.580003 1.190405 -2.354072
 53.780003 0.931447 -2.399455
 53.980003 0.903423 -2.210855
 54.180003 1.076393 -2.425780
 54.380003 0.947938 -2.134224
 54.580003 0.990949 -2.544490
 54.780003 0.902199 -2.205814
 54.980003 1.029652 -2.363171
 55.180003 0.984264 -2.138940
 55.380003 0.850501 -2.364155
 55.580003 0.919273 -2.339952
 55.780003 1.169467 -2.115233
 55.980003 0.959904 -2.505909
 56.180003 0.885984 -2.145008
 56.380003 1.194531 -2.524599
 56.580003 1.034640 -2.164759
 56.780003 0.980728 -2.342751
 56.980003 0.962136 -2.500882
 57.180003 0.929372 -2.071746
 57.380003 1.125570 -2.495245
 57.580003 0.899816 -2.133429
 57.780003 0.867592 -2.378681
 57.980003 0.980400 -2.186487
 58.180003 0.923410 -2.284152
 58.380003 0.848931 -2.301152
 58.580003 0.684549 -2.128872
 58.780003 1.085199 -2.276815
 58.980003 1.008752 -2.165668
 59.180003 0.813708 -2.513808
 59.380003 1.008665 -2.154182
 59.580003 0.973031 -2.380558
 59.780003 0.944581 -2.277165
 59.980003 0.899916 -2.450143
 60.180003 1.137327 -2.260164
 60.380003 1.249589 -2.483218
 60.580003 1.080268 -2.307404
 60.780003 1.050988 -2.477575
 60.980003 1.047021 -2.316773
 61.180003 1.151058 -2.299487
 61.380003 0.926521 -2.492464
 61.580003 1.018163 -2.259603
 61.780003 1.021203 -2.421142
 61.980003 1.105825 -2.200949
 62.180003 0.906363 -2.446275
 62.380003 1.024441 -2.355893
 62.580003 0.834367 -2.189492
 62.780003 0.937743 -2.355995
 62.980003 0.844281 -2.249111
 63.180003 1.185797 -2.423285
 63.380003 0.953228 -2.253554
 63.580003 0.833850 -2.484718
 63.780003 0.954096 -2.158463
 63.980003 1.086348 -2.291775
 64.180003 0.472300 -2.126898
 64.380003 1.054250 -2.416943
 64.580003 1.087342 -2.120817
 64.780003 1.086913 -2.406640
 64.980003 0.687625 -2.382714
 65.180003 1.225222 -2.270119
 65.380003 1.103665 -2.267335
 65.580003 1.087689 -2.392689
 65.780003 0.987549 -2.505970
 65.980003 1.309566 -2.303192
 66.180003 0.904824 -2.389029
 66.380003 0.963490 -2.318746
 66.580003 0.943549 -2.293690
 66.780003 1.184627 -2.300594
 66.980003 0.976632 -2.115074
 67.180003 0.994662 -2.560734
 67.380003 0.996953 -2.114592
 67.580003 0.966910 -2.447448
 67.780003 1.000716 -2.145484
 67.980003 0.879333 -2.381513
 68.180003 0.841768 -2.154517
 68.380003 0.924894 -2.356614
 68.580003 0.793632 -2.287181
 68.780003 0.940968 -2.206601
 68.980003 1.019403 -2.508175
 69.180003 0.813003 -2.152561
 69.380003 0.788188 -2.442732
 69.580003 1.153686 -2.075970
 69.780003 0.835404 -2.418959
 69.980003 0.948557 -2.302583
 70.180003 0.925902 -2.352124
 70.380003 0.961005 -2.291217
 70.580003 1.054335 -2.147889
 70.780003 1.031355 -2.647442
 70.980003 0.976673 -2.009395
 71.180003 1.069262 -2.502402
 71.380003 1.197484 -2.169690
 71.580003 1.156326 -2.386812
 71.780003 1.033073 -2.211333
 71.980003 0.966837 -2.317577
 72.180003 0.971804 -2.332191
 72.380003 0.994012 -2.002143
 72.580003 0.970567 -2.481651
 72.780003 0.734015 -2.044221
 72.980003 0.801401 -2.497351
 73.180003 1.183711 -2.047580
 73.380003 0.805354 -2.477910
 73.580003 0.875560 -2.265800
 73.780004 0.998657 -2.197684
 73.980004 0.921243 -2.327794
 74.180004 0.872421 -2.298284
 74.380004 0.987728 -2.319918
 74.580004 1.068432 -2.151020
 74.780004 0.932677 -2.547936
 74.980004 1.013867 -2.114710
 75.180004 1.083764 -2.454313
 75.380004 0.947967 -2.239260
 75.580004 1.146052 -2.323873
 75.780004 1.059611 -2.488036
 75.980004 1.136247 -2.036875
 76.180004 1.085765 -2.532204
 76.380004 1.015361 -2.078848
 76.580004 0.909550 -2.426937
 76.780004 1.145121 -2.194131
 76.980004 0.981867 -2.279604
 77.180004 0.849044 -2.390051
 77.380004 0.985146 -2.283078
 77.580004 0.911694 -2.385935
 77.780004 0.858960 -2.146874
 77.980004 0.958964 -2.567162
 78.180004 0.922319 -2.211276
 78.380004 1.040795 -2.387360
 78.580004 0.938608 -2.263043
 78.780004 1.023269 -2.284903
 78.980004 1.085014 -2.344860
 79.180004 0.980905 -2.227436
 79.380004 0.934467 -2.408360
 79.580004 1.135992 -2.163500
 79.780004 0.858678 -2.416648
 79.980004 1.008732 -2.279074
 80.180004 0.981261 -2.385129
 80.380004 1.178162 -2.300540
 80.580004 0.774535 -2.229766
 80.780004 0.923180 -2.399597
 80.980004 0.882720 -2.154707
 81.180004 1.078808 -2.428053
 81.380004 0.876601 -2.150053
 81.580004 0.983708 -2.532978
 81.780004 0.931808 -2.152579
 81.980004 0.913592 -2.316553
 82.180004 0.645063 -2.198369
 82.380004 0.866287 -2.258074
 82.580004 0.968987 -2.278614
 82.780004 0.987980 -2.226302
 82.980004 0.745482 -2.337575
 83.180004 0.766123 -2.229146
 83.380004 0.991180 -2.281625
 83.580004 1.042078 -2.367765
 83.780004 1.020328 -2.326648
 83.980004 0.989910 -2.461631
 84.180004 1.030294 -2.208008
 84.380004 1.097348 -2.275495
 84.580004 0.896789 -2.384182
 84.780004 0.920094 -2.217866
 84.980004 1.054269 -2.400258
 85.180004 1.039528 -2.194562
 85.380004 1.112775 -2.473136
 85.580004 1.012503 -2.329391
 85.780004 0.941205 -2.288126
 85.980004 1.046765 -2.339218
 86.180004 0.978999 -2.297748
 86.380004 1.006482 -2.456572
 86.580004 1.099745 -2.366373
 86.780004 0.994478 -2.330756
 86.980004 0.878525 -2.218411
 87.180004 0.834887 -2.215730
 87.380004 0.897103 -2.318211
 87.580004 0.741781 -2.148735
 87.780004 0.968218 -2.271432
 87.980004 0.904781 -2.216325
 88.180004 0.846215 -2.391356
 88.380004 0.849880 -2.167341
 88.580004 1.135561 -2.357352
 88.780004 0.940827 -2.224673
 88.980004 0.839238 -2.348566
 89.180004 1.055748 -2.338488
 89.380004 0.822414 -2.140147
 89.580004 0.744162 -2.376417
 89.780004 0.957972 -2.346323
 89.980004 0.882729 -2.252858
 90.180004 1.035430 -2.302833
 90.380004 0.980841 -2.326722
 90.580004 0.984579 -2.347982
 90.780004 1.095663 -2.379922
 90.980004 1.154251 -2.318023
 91.180004 1.083900 -2.450859
 91.380004 1.127477 -2.379054
 91.580004 0.991976 -2.489100
 91.780004 1.002407 -2.278338
 91.980004 1.192179 -2.430877
 92.180004 1.086271 -2.425022
 92.380004 0.961814 -2.393698
 92.580004 1.063967 -2.365883
 92.780004 1.081022 -2.319803
 92.980004 0.938842 -2.396588
 93.180004 0.925624 -2.304438
 93.380004 1.159141 -2.321005
 93.580004 0.782250 -2.259544
 93.780004 0.969601 -2.317320
 93.980004 0.966576 -2.258331
 94.180004 0.914391 -2.199565
 94.380004 0.998676 -2.367585
 94.580004 1.169540 -2.361778
 94.780005 1.004056 -2.309037
 94.980005 1.016952 -2.423454
 95.180005 1.081181 -2.311997
 95.380005 0.876262 -2.223562
 95.580005 1.045231 -2.471633
 95.780005 0.875521 -2.249778
 95.980005 1.026504 -2.461513
 96.180005 1.046826 -2.138443
 96.380005 0.876055 -2.410922
 96.580005 1.147525 -2.283590
 96.780005 1.092508 -2.188236
 96.980005 0.838795 -2.307943
 97.180005 0.689785 -2.121517
 97.380005 1.264917 -2.282797
 97.580005 1.142855 -1.875932
 97.780005 0.719544 -2.423391
 97.980005 0.942115 -2.386018
 98.180005 1.239286 -2.234285
 98.380005 0.864312 -2.326527
 98.580005 0.921036 -2.406724
 98.780005 0.768543 -2.348348
 98.980005 1.057278 -2.262934
 99.180005 0.900451 -2.320495
 99.380005 0.920228 -2.307080
 99.580005 0.971252 -2.378763
 99.780005 1.059984 -2.107754
 99.980005 0.874549 -2.414026
 100.180005 0.831179 -2.222893
 100.380005 1.044933 -2.368342
 100.580005 0.936160 -2.170980
 100.780005 0.979009 -2.354744
 100.980005 0.915815 -2.461636
 101.180005 1.099918 -2.242531
 101.380005 0.983987 -2.353798
 101.580005 0.877216 -2.433478
 101.780005 0.816749 -2.217669
 101.980005 1.214898 -2.443197
 102.180005 0.948511 -2.160144
 102.380005 0.808888 -2.522582
 102.580005 0.885912 -2.152357
 102.780005 1.132874 -2.420468
 102.980005 0.843831 -2.177964
 103.180005 0.968874 -2.247384
 103.380005 0.954481 -2.342938
 103.580005 1.104493 -2.054565
 103.780005 0.844322 -2.462376
 103.980005 0.973690 -2.111631
 104.180005 0.787607 -2.346695
 104.380005 1.175365 -2.186485
 104.580005 0.921811 -2.243915
 104.780005 0.921446 -2.451350
 104.980005 0.944271 -2.051403
 105.180005 1.135148 -2.506651
 105.380005 0.821497 -2.115415
 105.580005 1.093982 -2.659237
 105.780005 1.230793 -2.073643
 105.980005 1.109372 -2.546259
 106.180005 0.931669 -2.259438
 106.380005 0.928343 -2.346038
 106.580005 1.092565 -2.293913
 106.780005 0.978361 -2.251652
 106.980005 0.954378 -2.484125
 107.180005 1.033463 -2.147706
 107.380005 1.009842 -2.430687
 107.580005 0.708837 -2.148978
 107.780005 0.737724 -2.404814
 107.980005 0.982871 -2.126657
 108.180005 0.984212 -2.281326
 108.380005 0.797959 -2.362556
 108.580005 0.918985 -2.312165
 108.780005 1.062791 -2.306801
 108.980005 0.896964 -2.206925
 109.180005 0.947945 -2.383760
 109.380005 1.008995 -2.430175
 109.580005 1.062580 -2.261247
 109.780005 1.129909 -2.425548
 109.980005 0.966651 -2.256180
 110.180005 0.900021 -2.487634
 110.380005 1.088871 -2.229936
 110.580005 1.086125 -2.302105
 110.780005 0.939719 -2.212710
 110.980005 1.176515 -2.276689
 111.180005 0.882745 -2.320713
 111.380005 0.995488 -2.184612
 111.580005 1.066174 -2.470420
 111.780005 0.878264 -2.083278
 111.980005 0.926989 -2.407628
 112.180005 0.964763 -1.988005
 112.380005 0.887848 -2.336517
 112.580005 0.925318 -2.252116
 112.780005 1.002679 -2.256261
 112.980005 0.900098 -2.275829
 113.180005 0.916374 -2.274466
 113.380005 0.818467 -2.270036
 113.580005 1.095274 -2.182057
 113.780005 0.829009 -2.306772
 113.980005 0.900442 -2.219573
 114.180005 0.924211 -2.421442
 114.380005 1.141174 -2.068768
 114.580005 0.914812 -2.498594
 114.780005 0.954909 -2.252730
 114.980005 0.947925 -2.352954
 115.180005 1.147515 -2.266537
 115.380005 0.978075 -2.317828
 115.580005 0.930615 -2.538909
 115.780005 1.137941 -2.078927
 115.980006 1.069624 -2.578005
 116.180006 0.882320 -2.160888
 116.380006 1.039485 -2.459781
 116.580006 0.971333 -2.269357
 116.780006 0.923524 -2.244322
 116.980006 0.813092 -2.404996
 117.180006 0.898901 -2.121713
 117.380006 0.783012 -2.277704
 117.580006 0.971050 -2.057460
 117.780006 0.600689 -2.326899
 117.980006 1.088965 -2.195175
 118.180006 0.894988 -2.163169
 118.380006 0.789383 -2.316168
 118.580006 0.898801 -2.238916
 118.780006 0.887475 -2.324924
 118.980006 0.984126 -2.127585
 119.180006 0.817822 -2.459679
 119.380006 0.951128 -2.223780
 119.580006 1.199536 -2.367006
 119.780006 1.050510 -2.249701
 119.980006 0.958605 -2.327273
 120.180006 0.932548 -2.494847
 120.380006 0.996875 -2.143099
 120.580006 0.999779 -2.393359
 120.780006 0.921751 -2.208154
 120.980006 1.051479 -2.587929
 121.180006 1.078634 -2.030699
 121.380006 0.963201 -2.453231
 121.580006 1.148194 -2.305037
 121.780006 1.129463 -2.216531
 121.980006 1.052496 -2.319239
 122.180006 0.945414 -2.271262
 122.380006 1.020980 -2.357461
 122.580006 1.118799 -2.096504
 122.780006 0.928869 -2.438075
 122.980006 0.897315 -2.347844
 123.180006 1.346095 -2.354391
 123.380006 1.036305 -2.259623
 123.580006 0.893644 -2.466453
 123.780006 0.823309 -2.275387
 123.980006 1.107431 -2.142742
 124.180006 0.801783 -2.321570
 124.380006 0.768980 -2.409112
 124.580006 1.049076 -2.313532
 124.780006 0.980884 -2.192165
 124.980006 0.889444 -2.345318
 125.180006 0.873867 -2.446112
 125.380006 1.125377 -2.319384
 125.580006 1.119595 -2.244982
 125.780006 0.992607 -2.487573
 125.980006 0.731062 -2.361122
 126.180006 1.111600 -2.332859
 126.380006 1.046841 -2.144058
 126.580006 0.767612 -2.335723
 126.780006 0.880908 -2.516774
 126.980006 1.063951 -2.127895
 127.180006 0.993203 -2.276722
 127.380006 1.002496 -2.509479
 127.580006 0.647058 -2.175908
 127.780006 1.152615 -2.263114
 127.980006 0.960185 -2.018636
 128.180006 0.620642 -2.353712
 128.380006 0.807388 -2.333298
 128.580006 1.090896 -2.097697
 128.780006 0.962992 -2.181206
 128.980006 0.868141 -2.458521
 129.180006 0.883813 -2.379360
 129.380006 1.091696 -2.245200
 129.580006 0.920685 -2.263351
 129.780006 0.934230 -2.406755
 129.980006 0.909164 -2.325659
 130.180006 1.114564 -2.226105
 130.380006 0.944614 -2.238489
 130.580006 0.850471 -2.273045
 130.780006 0.874501 -2.458580
 130.980006 1.001901 -2.076343
 131.180006 1.089976 -2.395870
 131.380006 0.849280 -2.324845
 131.580006 0.887024 -2.273317
 131.780006 1.151542 -2.388894
 131.980006 1.136592 -2.201076
 132.180006 0.925506 -2.584949
 132.380006 0.990090 -2.305002
 132.580006 1.168302 -2.340269
 132.780006 0.970898 -2.218598
 132.980006 0.869265 -2.313131
 133.180006 1.031223 -2.310895
 133.380006 1.168747 -2.200726
 133.580006 0.938659 -2.256845
 133.780006 0.855137 -2.301289
 133.980006 0.932340 -2.271036
 134.180006 1.171175 -2.191621
 134.380006 0.778785 -2.397058
 134.580006 0.915315 -2.289763
 134.780006 0.810693 -2.297945
 134.980006 1.042790 -2.248536
 135.180006 0.937883 -2.331192
 135.380006 1.018011 -2.404486
 135.580006 0.760158 -2.189444
 135.780006 1.061661 -2.316251
 135.980006 0.938200 -2.162196
 136.180006 0.928264 -2.559238
 136.380006 1.031533 -2.236842
 136.580006 0.979443 -2.423765
 136.780006 0.997244 -2.210619
 136.980007 0.984351 -2.377289
 137.180007 0.962204 -2.215919
 137.380007 0.916619 -2.351510
 137.580007 0.964067 -2.348006
 137.780007 1.223722 -2.234793
 137.980007 0.796819 -2.436218
 138.180007 1.030537 -2.224793
 138.380007 0.952962 -2.406625
 138.580007 0.954587 -2.057057
 138.780007 0.924903 -2.546301
 138.980007 1.197976 -2.119575
 139.180007 0.817615 -2.447842
 139.380007 1.179379 -2.131555
 139.580007 0.851637 -2.358880
 139.780007 1.007599 -2.295163
 139.980007 1.177840 -2.226306
 140.180007 1.044462 -2.383788
 140.380007 0.868059 -2.082387
 140.580007 0.995126 -2.515790
 140.780007 1.043150 -2.011611
 140.980007 0.999133 -2.436979
 141.180007 0.866807 -2.245993
 141.380007 0.755082 -2.306596
 141.580007 0.944499 -2.166543
 141.780007 1.004464 -2.223955
 141.980007 0.800080 -2.476641
 142.180007 0.840558 -2.071776
 142.380007 1.078465 -2.561884
 142.580007 0.879574 -2.023516
 142.780007 0.858084 -2.797121
 142.980007 0.985581 -2.038721
 143.180007 1.139581 -2.570246
 143.380007 0.823752 -2.278098
 143.580007 0.976343 -2.396880
 143.780007 0.951620 -2.383274
 143.980007 0.934482 -2.010813
 144.180007 0.783433 -2.661138
 144.380007 0.817934 -1.867187
 144.580007 0.958923 -2.535325
 144.780007 1.055819 -1.996835
 144.980007 0.799726 -2.522849
 145.180007 1.005188 -2.209895
 145.380007 1.024792 -2.284770
 145.580007 1.012592 -2.406090
 145.780007 0.792162 -2.184738
 145.980007 1.122486 -2.522373
 146.180007 1.105132 -2.091065
 146.380007 0.913591 -2.620705
 146.580007 0.993867 -2.084918
 146.780007 1.029338 -2.436255
 146.980007 0.931252 -2.116101
 147.180007 0.977480 -2.377427
 147.380007 0.925319 -2.426830
 147.580007 1.004390 -1.968474
 147.780007 0.812086 -2.462339
 147.980007 0.834254 -2.044121
 148.180007 0.879357 -2.492297
 148.380007 1.182600 -2.052279
 148.580007 0.968013 -2.497744
 148.780007 0.816148 -2.208599
 148.980007 1.090923 -2.378215
 149.180007 1.039005 -2.254885
 149.380007 0.952568 -2.353002
 149.580007 0.967508 -2.372890
 149.780007 1.115488 -2.286132
 149.980007 1.177520 -2.389693
 150.180007 0.917070 -2.351013
 150.380007 1.079887 -2.312426
 150.580007 1.066360 -2.348751
 150.780007 0.945795 -2.132307
 150.980007 0.963277 -2.486454
 151.180007 0.798471 -2.215887
 151.380007 1.042473 -2.190029
 151.580007 0.907551 -2.232792
 151.780007 0.887134 -2.247750
 151.980007 0.755996 -2.285041
 152.180007 0.992960 -2.022707
 152.380007 1.035833 -2.365120
 152.580007 0.820811 -2.193589
 152.780007 1.014389 -2.398396
 152.980007 0.978584 -2.152472
 153.180007 0.844048 -2.125300
 153.380007 0.995802 -2.437794
 153.580007 0.829987 -2.274034
 153.780007 1.069830 -2.305842
 153.980007 1.046968 -2.215435
 154.180007 0.921886 -2.404672
 154.380007 1.051407 -2.385058
 154.580007 1.115068 -2.224622
 154.780007 1.131318 -2.373207
 154.980007 0.834047 -2.273580
 155.180007 1.096555 -2.506484
 155.380007 1.289202 -2.280898
 155.580007 1.144760 -2.356136
 155.780007 0.905928 -2.560665
 155.980007 0.985161 -2.090381
 156.180007 1.066465 -2.342739
 156.380007 0.974912 -2.222530
 156.580007 0.880951 -2.558520
 156.780007 1.101756 -2.139090
 156.980007 1.125135 -2.450532
 157.180007 0.837526 -2.282751
 157.380007 0.832702 -2.192681
 157.580007 1.124416 -2.467195
 157.780007 0.932384 -2.077053
 157.980008 0.959601 -2.605487
 158.180008 0.924257 -2.046295
 158.380008 0.868234 -2.437575
 158.580008 0.892590 -2.121327
 158.780008 0.954321 -2.403492
 158.980008 1.026310 -2.167366
 159.180008 0.802005 -2.361566
 159.380008 1.007159 -2.301072
 159.580008 0.840431 -2.132700
 159.780008 0.892645 -2.537645
 159.980008 0.934157 -2.106675
 160.180008 1.136819 -2.584483
 160.380008 0.829491 -1.987311
 160.580008 0.957948 -2.648449
 160.780008 0.823628 -2.131298
 160.980008 1.061303 -2.376713
 161.180008 1.001920 -2.329627
 161.380008 1.041321 -2.142167
 161.580008 1.107418 -2.414192
 161.780008 1.107824 -2.170567
 161.980008 0.752419 -2.272463
 162.180008 1.099690 -2.306552
 162.380008 0.916473 -2.232391
 162.580008 0.975763 -2.365372
 162.780008 0.969967 -2.287751
 162.980008 1.067292 -2.288418
 163.180008 0.917433 -2.189383
 163.380008 0.971260 -2.556397
 163.580008 0.881390 -1.976504
 163.780008 1.090038 -2.637402
 163.980008 0.783924 -1.764171
 164.180008 0.864723 -2.630203
 164.380008 0.814978 -1.980002
 164.580008 0.928696 -2.326731
 164.780008 0.880396 -2.109638
 164.980008 0.793033 -2.254746
 165.180008 1.023379 -2.275821
 165.380008 1.135509 -2.114606
 165.580008 0.896147 -2.476088
 165.780008 1.062925 -2.183436
 165.980008 0.961968 -2.467581
 166.180008 1.170746 -2.248141
 166.380008 0.901724 -2.362249
 166.580008 1.005245 -2.257208
 166.780008 0.942910 -2.264075
 166.980008 0.974234 -2.410117
 167.180008 0.973616 -2.225165
 167.380008 1.104299 -2.524957
 167.580008 0.992729 -2.261576
 167.780008 1.200421 -2.463123
 167.980008 1.027678 -2.312001
 168.180008 0.985849 -2.492263
 168.380008 1.065465 -2.247677
 168.580008 1.109336 -2.400502
 168.780008 0.938121 -2.218966
 168.980008 1.100479 -2.298714
 169.180008 1.031761 -2.366797
 169.380008 0.762114 -2.127949
 169.580008 1.089744 -2.382453
 169.780008 0.819706 -2.205730
 169.980008 0.973355 -2.310830
 170.180008 1.022982 -2.146083
 170.380008 0.856029 -2.282829
 170.580008 0.842483 -2.159477
 170.780008 0.987292 -2.278821
 170.980008 0.927133 -2.132653
 171.180008 1.035860 -2.373375
 171.380008 0.930824 -2.265090
 171.580008 1.272977 -2.189964
 171.780008 0.896186 -2.460943
 171.980008 1.209638 -2.152128
 172.180008 1.014489 -2.457409
 172.380008 1.171615 -2.232951
 172.580008 1.084180 -2.517308
 172.780008 1.098340 -2.300220
 172.980008 0.940573 -2.390648
 173.180008 1.093861 -2.305889
 173.380008 0.842129 -2.144001
 173.580008 0.967403 -2.470445
 173.780008 0.836930 -1.998757
 173.980008 0.751404 -2.476109
 174.180008 0.941721 -1.927954
 174.380008 0.693908 -2.470050
 174.580008 0.942367 -2.105427
 174.780008 0.716568 -2.325202
 174.980008 0.864595 -2.196124
 175.180008 0.944253 -2.272487
 175.380008 0.923134 -2.311978
 175.580008 1.105681 -2.207451
 175.780008 0.860047 -2.537845
 175.980008 0.913275 -1.998719
 176.180008 1.114262 -2.503170
 176.380008 0.951166 -2.221881
 176.580008 1.138215 -2.384033
 176.780008 1.039468 -2.405670
 176.980008 1.092048 -2.180013
 177.180008 1.079279 -2.518627
 177.380008 1.060333 -2.214983
 177.580008 1.045619 -2.592806
 177.780008 1.152997 -2.229040
 177.980008 1.043629 -2.573904
 178.180008 0.936663 -2.268490
 178.380008 0.933837 -2.420698
 178.580008 0.812788 -2.220526
 178.780008 1.031034 -2.318574
 178.980009 0.914683 -2.264287
 179.180009 1.010666 -2.319868
 179.380009 0.950999 -2.270075
 179.580009 0.901656 -2.343831
 179.780009 0.912953 -2.215228
 179.980009 0.857155 -2.342195
 180.180009 0.909734 -2.255314
 180.380009 0.829785 -2.368693
 180.580009 0.998462 -2.238931
 180.780009 1.018873 -2.380064
 180.980009 0.967330 -2.283132
 181.180009 0.914307 -2.382390
 181.380009 0.921793 -2.208992
 181.580009 1.112342 -2.400217
 181.780009 0.846786 -2.191203
 181.980009 1.179342 -2.424589
 182.180009 1.004937 -2.408902
 182.380009 1.079798 -2.296746
 182.580009 1.156896 -2.358912
 182.780009 0.979785 -2.291861
 182.980009 0.829447 -2.410329
 183.180009 0.937131 -2.156454
 183.380009 0.933090 -2.357386
 183.580009 1.002317 -2.277163
 183.780009 0.854066 -2.279373
 183.980009 1.110549 -2.340701
 184.180009 0.922167 -2.124540
 184.380009 1.038651 -2.320104
 184.580009 0.726806 -2.191925
 184.780009 0.916057 -2.426764
 184.980009 0.798366 -2.110090
 185.180009 1.061117 -2.331002
 185.380009 0.914098 -2.318206
 185.580009 0.940687 -2.390076
 185.780009 1.130159 -2.267894
 185.980009 0.921965 -2.337135
 186.180009 0.927630 -2.386524
 186.380009 0.868240 -2.336860
 186.580009 0.968054 -2.316885
 186.780009 1.091849 -2.473106
 186.980009 0.971194 -2.285403
 187.180009 1.194229 -2.534946
 187.380009 0.899682 -2.477860
 187.580009 1.022908 -2.326278
 187.780009 1.018729 -2.407972
 187.980009 0.971522 -2.178869
 188.180009 1.047688 -2.298166
 188.380009 1.084888 -2.339564
 188.580009 0.959534 -2.310816
 188.780009 0.922220 -2.206239
 188.980009 1.016114 -2.223884
 189.180009 0.910750 -2.146490
 189.380009 0.915605 -2.218491
 189.580009 1.018735 -2.351395
 189.780009 0.957779 -2.117555
 189.980009 0.918905 -2.281368
 190.180009 0.939856 -2.207883
 190.380009 0.953695 -2.251449
 190.580009 1.009753 -2.218155
 190.780009 1.068620 -2.426688
 190.980009 0.921642 -2.162131
 191.180009 1.042289 -2.299239
 191.380009 0.830483 -2.217621
 191.580009 0.894020 -2.286315
 191.780009 1.044079 -2.509677
 191.980009 1.007564 -2.249302
 192.180009 1.222703 -2.548306
 192.380009 1.131179 -2.365707
 192.580009 1.117892 -2.530229
 192.780009 0.953859 -2.359351
 192.980009 1.164372 -2.289915
 193.180009 0.984184 -2.411622
 193.380009 0.874810 -2.198891
 193.580009 1.026801 -2.455425
 193.780009 1.069716 -2.093446
 193.980009 0.857446 -2.443161
 194.180009 0.794853 -2.227114
 194.380009 0.804587 -2.256781
 194.580009 1.118053 -2.225217
 194.780009 0.852024 -2.285245
 194.980009 1.065334 -2.302640
 195.180009 1.083698 -2.214211
 195.380009 0.968995 -2.333255
 195.580009 0.806946 -2.227938
 195.780009 0.963688 -2.374459
 195.980009 1.011560 -2.174930
 196.180009 1.086808 -2.374412
 196.380009 0.920442 -2.341132
 196.580009 1.253374 -2.333924
 196.780009 1.153441 -2.269682
 196.980009 0.958107 -2.361734
 197.180009 0.890338 -2.244592
 197.380009 1.024074 -2.158444
 197.580009 0.834041 -2.270136
 197.780009 0.969661 -2.326636
 197.980009 1.080726 -2.156085
 198.180009 1.159663 -2.400122
 198.380009 0.709446 -2.299609
 198.580009 0.897454 -2.197397
 198.780009 0.937965 -2.209630
 198.980009 0.971822 -2.240602
 199.180009 0.939270 -2.405770
 199.380009 1.269928 -2.240744
 199.580009 1.041319 -2.399868
 199.780009 0.837309 -2.328908
 199.980009 0.871728 -2.170827
