#! FIELDS time phi psi
#! SET max_psi pi
 0.180000 1.122697 1.845025
 0.380000 0.186521 1.706959
 0.580000 -0.627146 2.579358
 0.780000 0.011793 1.653552
 0.980000 0.834456 2.950248
 1.180000 1.086298 2.603595
 1.380000 0.122505 1.655536
 1.580000 -0.657372 2.407916
 1.780000 0.251771 2.080345
 1.980000 0.632966 2.189992
 2.180000 0.148061 2.437496
 2.380000 -0.494797 1.541799
 2.580000 0.178169 2.321728
 2.780000 0.321298 1.598733
 2.980000 -0.388900 2.402484
 3.180000 -0.488818 1.972841
 3.380000 0.490868 2.157017
 3.580000 0.464048 2.145563
 3.780000 -0.439480 1.767311
 3.980000 -0.302940 2.548444
 4.180000 0.126682 1.724274
 4.380000 -0.181865 2.387663
 4.580000 -0.531695 1.895175
 4.780000 0.060576 2.260707
 4.980000 -0.132971 2.174127
 5.180000 -0.537026 1.969595
 5.380000 0.209851 2.234766
 5.580000 0.054344 1.706848
 5.780000 -0.308393 2.515899
 5.980000 -0.051557 1.684426
 6.180000 -0.152071 2.334213
 6.380000 -0.553995 1.921201
 6.580000 -0.044488 2.185329
 6.780000 0.204458 2.201136
 6.980000 -0.478844 1.738731
 7.180000 -0.141225 2.142519
 7.380000 -0.023015 1.748177
 7.580000 -0.170801 2.301969
 7.780000 -0.263987 2.028661
 7.980000 -0.098678 2.019412
 8.180000 -0.684407 2.204417
 8.380000 -0.494416 2.076109
 8.580000 0.042880 2.247412
 8.780000 -0.449293 1.850346
 8.980000 -0.127554 2.359461
 9.180000 0.311085 1.531693
 9.380000 -0.424642 2.330992
 9.580000 -0.510386 1.914583
 9.780000 0.107778 2.026824
 9.980000 -0.474026 2.270783
 10.180000 -0.417747 2.006106
 10.380000 0.108244 2.258626
 10.580001 -0.072199 1.769105
 10.780001 -0.177229 2.154015
 10.980001 -0.048358 1.771493
 11.180001 -0.119414 2.204442
 11.380001 -0.430818 1.986135
 11.580001 -0.326132 2.218942
 11.780001 -0.343719 2.183653
 11.980001 -0.621725 1.978931
 12.180001 0.052579 2.151105
 12.380001 -0.152948 1.973859
 12.580001 -0.120731 2.126794
 12.780001 0.013652 1.900790
 12.980001 -0.550012 2.190711
 13.180001 -0.297619 1.787628
 13.380001 -0.251166 2.291280
 13.580001 -0.227010 2.128765
 13.780001 -0.138089 2.097208
 13.980001 -0.188289 2.079720
 14.180001 -0.361243 1.895487
 14.380001 -0.268626 2.216753
 14.580001 -0.034962 1.978134
 14.780001 -0.125338 2.176418
 14.980001 -0.207466 1.940125
 15.180001 -0.138545 2.169929
 15.380001 -0.343210 2.051160
 15.580001 -0.401047 2.128758
 15.780001 -0.255226 2.234769
 15.980001 -0.431636 1.979825
 16.180001 -0.017459 2.260747
 16.380001 -0.121334 1.937768
 16.580001 -0.214700 2.103476
 16.780001 -0.145899 1.894390
 16.980001 -0.279493 2.129602
 17.180001 -0.363216 2.116754
 17.380001 -0.047990 1.964886
 17.580001 -0.204479 2.305163
 17.780001 -0.588874 1.728707
 17.980001 -0.443881 2.337823
 18.180001 -0.284435 1.709862
 18.380001 -0.142065 2.373549
 18.580001 0.061167 1.844004
 18.780001 0.017432 2.101260
 18.980001 -0.633263 2.112467
 19.180001 -0.091736 1.910172
 19.380001 -0.391980 2.282048
 19.580001 -0.555138 2.076926
 19.780001 0.089851 2.272215
 19.980001 -0.296037 1.736639
 20.180001 -0.543646 2.470695
 20.380001 0.077864 1.635446
 20.580001 -0.221748 2.172649
 20.780001 -0.330453 2.118769
 20.980001 -0.016755 1.854059
 21.180001 -0.215181 2.346509
 21.380001 -0.591083 1.690327
 21.580001 -0.503376 2.531704
 21.780001 -0.207588 1.796977
 21.980001 -0.288982 2.300548
 22.180001 -0.064521 2.010916
 22.380001 -0.129020 2.001538
 22.580001 -0.273342 2.164694
 22.780001 -0.138204 1.807552
 22.980001 -0.251164 2.311670
 23.180001 -0.441127 1.886318
 23.380001 -0.142644 2.393611
 23.580001 -0.375365 1.903763
 23.780001 -0.444009 2.422020
 23.980001 -0.202587 1.884576
 24.180001 -0.079129 2.123877
 24.380001 -0.253258 2.006859
 24.580001 -0.079378 2.062597
 24.780001 -0.216297 2.098889
 24.980001 -0.378867 2.043848
 25.180001 -0.095949 2.112569
 25.380001 -0.135473 1.795086
 25.580001 -0.300687 2.312893
 25.780001 -0.232698 1.981892
 25.980001 -0.156861 2.317053
 26.180001 -0.486065 2.077733
 26.380001 -0.449747 2.306850
 26.580001 -0.269371 1.827817
 26.780001 -0.322484 2.051251
 26.980001 0.049984 2.027126
 27.180001 -0.210384 2.169364
 27.380001 -0.320095 2.110200
 27.580001 0.175828 1.816511
 27.780001 -0.544010 2.266030
 27.980001 -0.273472 1.928335
 28.180001 -0.231045 2.188252
 28.380001 -0.436359 2.090944
 28.580001 -0.093318 2.273706
 28.780001 0.022072 1.949579
 28.980001 -0.276664 2.098126
 29.180001 -0.177165 1.988165
 29.380001 0.166400 1.922762
 29.580001 -0.340865 2.328147
 29.780001 -0.549691 1.885642
 29.980001 -0.307957 2.415412
 30.180001 -0.637432 1.855954
 30.380001 -0.035112 2.423867
 30.580001 0.049540 1.857640
 30.780001 -0.191712 2.183001
 30.980001 -0.355350 1.997336
 31.180001 -0.098519 2.055040
 31.380001 -0.276951 2.175565
 31.580001 -0.263767 2.041956
 31.780002 -0.174936 2.296382
 31.980002 -0.275507 1.934269
 32.180002 -0.218572 2.274093
 32.380002 -0.302801 1.841603
 32.580002 -0.505173 2.449463
 32.780002 -0.056318 1.705030
 32.980002 -0.123220 2.386741
 33.180002 -0.436061 2.130489
 33.380002 -0.038332 1.880781
 33.580002 -0.153192 2.139380
 33.780002 -0.682488 1.916619
 33.980002 -0.083945 2.364085
 34.180002 -0.038607 1.864621
 34.380002 -0.216093 2.250994
 34.580002 -0.098837 1.975185
 34.780002 -0.264639 1.962924
 34.980002 -0.315848 2.206972
 35.180002 -0.092802 1.899880
 35.380002 -0.180306 2.409010
 35.580002 -0.653699 2.024039
 35.780002 -0.108663 2.255157
 35.980002 -0.026117 1.739237
 36.180002 -0.531459 2.254305
 36.380002 0.118360 1.843806
 36.580002 0.034185 2.156250
 36.780002 -0.252929 2.172657
 36.980002 -0.245932 2.007466
 37.180002 -0.268741 2.139935
 37.380002 -0.512329 1.994221
 37.580002 -0.058306 2.207414
 37.780002 -0.208847 2.065556
 37.980002 -0.343081 2.199425
 38.180002 -0.171792 1.907960
 38.380002 -0.188573 1.899406
 38.580002 -0.431960 2.124083
 38.780002 0.106579 1.876156
 38.980002 0.018296 2.284774
 39.180002 -0.405793 2.123112
 39.380002 -0.251314 2.198102
 39.580002 -0.145257 2.021513
 39.780002 -0.512958 2.031443
 39.980002 -0.292161 2.189964
 40.180002 -0.019437 1.935020
 40.380002 -0.239566 2.310126
 40.580002 -0.188285 1.880006
 40.780002 0.180586 2.004361
 40.980002 -0.442887 2.028370
 41.180002 -0.297945 2.103191
 41.380002 -0.118734 2.278590
 41.580002 -0.302639 1.926470
 41.780002 -0.261267 2.279044
 41.980002 -0.079854 1.874485
 42.180002 -0.167209 2.189373
 42.380002 -0.308150 1.891360
 42.580002 -0.049369 2.097127
 42.780002 -0.431170 2.121081
 42.980002 -0.295224 2.062400
 43.180002 0.040572 2.109801
 43.380002 -0.711112 1.994535
 43.580002 -0.153707 2.070282
 43.780002 -0.178992 1.932374
 43.980002 -0.369724 2.236416
 44.180002 -0.110046 2.126908
 44.380002 -0.232904 2.066187
 44.580002 -0.152645 2.089616
 44.780002 -0.093059 1.817467
 44.980002 -0.359450 2.145707
 45.180002 -0.454494 1.880028
 45.380002 0.138648 2.127386
 45.580002 -0.316775 2.103862
 45.780002 -0.579319 2.286583
 45.980002 -0.051329 2.034001
 46.180002 -0.559492 1.882326
 46.380002 -0.341693 2.197115
 46.580002 0.085653 1.784498
 46.780002 -0.183480 2.211536
 46.980002 -0.254565 1.906974
 47.180002 -0.038095 2.111652
 47.380002 -0.456953 2.096133
 47.580002 -0.529203 2.062088
 47.780002 -0.023058 2.185647
 47.980002 -0.650430 1.943935
 48.180002 -0.142294 2.308956
 48.380002 -0.071760 1.722484
 48.580002 -0.351427 2.367057
 48.780002 0.053901 1.684902
 48.980002 0.016766 2.027919
 49.180002 -0.551030 2.253582
 49.380002 -0.223986 1.924940
 49.580002 0.092197 2.286797
 49.780002 -0.767484 1.845524
 49.980002 -0.202550 2.361034
 50.180002 0.332160 1.805322
 50.380002 -0.343502 2.163436
 50.580002 -0.092205 1.976071
 50.780002 0.287524 1.931553
 50.980002 -0.230477 2.283962
 51.180002 -0.439146 1.846384
 51.380002 0.152704 2.276640
 51.580002 -0.169917 1.894426
 51.780002 -0.526622 2.207950
 51.980002 0.374870 1.968040
 52.180002 -0.302702 1.941985
 52.380002 -0.567453 2.368147
 52.580002 0.157509 1.745702
 52.780003 -0.140176 2.279594
 52.980003 -0.470227 1.956556
 53.180003 0.001636 2.231658
 53.380003 -0.174544 1.910105
 53.580003 -0.507731 2.231164
 53.780003 -0.189927 2.010184
 53.980003 -0.240143 2.002377
 54.180003 -0.217513 2.219339
 54.380003 -0.057278 1.855475
 54.580003 -0.301986 2.271719
 54.780003 -0.301631 1.876920
 54.980003 0.107763 2.123367
 55.180003 -0.290278 2.080543
 55.380003 -0.545135 2.098959
 55.580003 -0.056012 2.149646
 55.780003 -0.358325 1.875530
 55.980003 -0.293917 2.251824
 56.180003 -0.144235 1.949653
 56.380003 -0.227002 2.259078
 56.580003 -0.217529 1.844138
 56.780003 0.099780 1.993817
 56.980003 -0.640515 2.268079
 57.180003 -0.331326 1.938220
 57.380003 0.177015 2.237650
 57.580003 -0.485207 1.913781
 57.780003 -0.268002 2.268071
 57.980003 0.133018 1.806216
 58.180003 -0.357080 2.101427
 58.380003 -0.269599 2.079402
 58.580003 0.127689 1.907937
 58.780003 -0.160940 2.225889
 58.980003 -0.350130 1.892226
 59.180003 -0.147675 2.168144
 59.380003 -0.657796 2.094557
 59.580003 -0.477265 2.257375
 59.780003 0.275024 1.993626
 59.980003 -0.297081 2.099304
 60.180003 -0.264874 2.135168
 60.380003 0.218223 1.688878
 60.580003 -0.289612 2.170049
 60.780003 -0.426364 1.947211
 60.980003 0.016931 2.152066
 61.180003 -0.184230 2.020316
 61.380003 -0.439721 2.200994
 61.580003 -0.013334 2.031271
 61.780003 -0.418612 1.950344
 61.980003 -0.480950 2.283650
 62.180003 0.281852 1.825549
 62.380003 -0.002584 2.203722
 62.580003 -0.344731 2.002815
 62.780003 -0.120686 2.191697
 62.980003 -0.362441 2.109876
 63.180003 -0.560101 2.064121
 63.380003 0.093041 2.124771
 63.580003 -0.283257 1.893240
 63.780003 -0.333265 2.471086
 63.980003 0.357710 1.763392
 64.180003 -0.465830 2.130598
 64.380003 -0.463245 1.910451
 64.580003 0.127941 2.007920
 64.780003 -0.445006 1.993677
 64.980003 -0.412045 2.162708
 65.180003 0.080348 2.092200
 65.380003 -0.217164 1.996790
 65.580003 -0.493324 2.021180
 65.780003 -0.026236 1.907572
 65.980003 -0.223394 2.079228
 66.180003 -0.375254 1.967005
 66.380003 -0.018596 2.276903
 66.580003 -0.243691 2.183794
 66.780003 -0.417181 1.937876
 66.980003 -0.094366 1.907301
 67.180003 -0.621650 2.023371
 67.380003 -0.237688 2.197640
 67.580003 0.041443 2.018288
 67.780003 -0.351516 2.247983
 67.980003 -0.260590 1.889990
 68.180003 -0.143673 1.816102
 68.380003 -0.330822 2.090983
 68.580003 -0.191403 2.075041
 68.780003 -0.174928 2.287804
 68.980003 -0.340337 1.978619
 69.180003 -0.316775 2.210433
 69.380003 -0.320917 2.008690
 69.580003 -0.155884 2.009098
 69.780003 -0.305806 2.141420
 69.980003 -0.097821 2.000241
 70.180003 -0.217768 2.224063
 70.380003 -0.111360 1.945003
 70.580003 -0.117910 2.068208
 70.780003 -0.388823 1.987890
 70.980003 -0.267407 2.281882
 71.180003 -0.107758 1.974810
 71.380003 -0.566406 2.223227
 71.580003 -0.181961 1.994217
 71.780003 -0.285233 2.068708
 71.980003 -0.213046 2.178781
 72.180003 0.098264 1.981719
 72.380003 -0.127357 2.073843
 72.580003 -0.252059 2.012238
 72.780003 -0.282144 2.031750
 72.980003 -0.257736 2.294569
 73.180003 -0.403068 2.012632
 73.380003 -0.152436 2.350074
 73.580003 -0.429137 2.090726
 73.780004 -0.343201 2.145393
 73.980004 -0.091640 2.024860
 74.180004 0.021200 1.961743
 74.380004 -0.319047 2.034113
 74.580004 -0.012762 2.041500
 74.780004 -0.050927 2.145923
 74.980004 -0.496186 2.031710
 75.180004 -0.291777 2.176748
 75.380004 -0.526027 2.063735
 75.580004 -0.264131 2.234444
 75.780004 -0.104227 2.139942
 75.980004 -0.083407 1.951486
 76.180004 -0.217257 1.920206
 76.380004 0.043950 1.832000
 76.580004 -0.414320 2.172580
 76.780004 -0.142066 1.934402
 76.980004 -0.136051 2.272505
 77.180004 -0.499650 2.094174
 77.380004 -0.227524 2.173281
 77.580004 -0.379711 2.075396
 77.780004 -0.456023 2.154792
 77.980004 -0.128430 2.025264
 78.180004 0.021381 2.016305
 78.380004 -0.233263 2.066517
 78.580004 0.031370 1.904947
 78.780004 -0.189200 2.122829
 78.980004 -0.504700 1.995934
 79.180004 -0.231769 2.231830
 79.380004 -0.369771 2.056323
 79.580004 -0.488581 2.289317
 79.780004 -0.018245 1.898409
 79.980004 -0.203039 2.066208
 80.180004 -0.106959 2.063051
 80.380004 0.229337 2.027620
 80.580004 -0.173228 2.116137
 80.780004 -0.445891 2.069654
 80.980004 -0.197755 2.149157
 81.180004 -0.463736 1.987375
 81.380004 -0.472389 2.345178
 81.580004 -0.020150 2.021813
 81.780004 -0.274122 2.098277
 81.980004 -0.115783 2.029846
 82.180004 -0.010338 1.810096
 82.380004 -0.252526 2.245433
 82.580004 -0.210864 1.977017
 82.780004 -0.206183 2.207932
 82.980004 -0.536039 2.210128
 83.180004 -0.391986 2.094101
 83.380004 -0.316387 2.170926
 83.580004 -0.290807 1.997243
 83.780004 -0.049265 1.874490
 83.980004 -0.046276 2.024070
 84.180004 0.006401 2.080823
 84.380004 -0.157843 1.983780
 84.580004 -0.274319 2.259062
 84.780004 -0.343204 1.967704
 84.980004 -0.356460 2.254673
 85.180004 -0.297553 2.123124
 85.380004 -0.281851 2.225839
 85.580004 -0.263435 2.068258
 85.780004 -0.204569 2.129419
 85.980004 0.110488 1.858488
 86.180004 -0.137813 2.087629
 86.380004 -0.327696 2.081066
 86.580004 -0.173412 2.111290
 86.780004 -0.350375 2.185441
 86.980004 -0.442976 2.048123
 87.180004 -0.365575 2.327973
 87.380004 -0.414867 2.074404
 87.580004 -0.145757 2.206646
 87.780004 -0.150232 1.937398
 87.980004 -0.076372 1.991205
 88.180004 -0.241209 1.860472
 88.380004 -0.089701 2.040067
 88.580004 -0.055156 2.106982
 88.780004 -0.185124 2.013602
 88.980004 -0.258052 2.294138
 89.180004 -0.459633 1.791533
 89.380004 -0.450988 2.324403
 89.580004 -0.205482 2.005704
 89.780004 -0.149450 2.125154
 89.980004 -0.407511 2.132704
 90.180004 -0.102581 1.921682
 90.380004 -0.342059 2.146985
 90.580004 -0.311928 1.852055
 90.780004 0.111186 2.269057
 90.980004 -0.297177 1.797630
 91.180004 -0.437199 2.460903
 91.380004 -0.052970 1.815258
 91.580004 -0.392727 2.189387
 91.780004 -0.430284 2.245707
 91.980004 -0.035600 1.942147
 92.180004 -0.248999 2.141759
 92.380004 -0.157064 1.921765
 92.580004 0.104162 2.161615
 92.780004 -0.287288 1.946830
 92.980004 -0.400419 2.247078
 93.180004 -0.105110 1.916282
 93.380004 -0.190482 2.074815
 93.580004 -0.452966 2.196648
 93.780004 -0.177289 1.978067
 93.980004 -0.264114 2.295924
 94.180004 -0.427516 2.010206
 94.380004 -0.132372 2.123480
 94.580004 -0.244434 2.025850
 94.780005 -0.255642 2.132217
 94.980005 -0.212341 1.908040
 95.180005 -0.285759 2.097563
 95.380005 -0.332859 2.089901
 95.580005 0.013219 1.980993
 95.780005 -0.432232 2.328174
 95.980005 -0.397891 1.848230
 96.180005 -0.163782 2.173565
 96.380005 -0.372897 2.014248
 96.580005 -0.290598 2.111166
 96.780005 -0.203172 2.154673
 96.980005 -0.224611 1.966394
 97.180005 -0.251578 2.167998
 97.380005 -0.232230 2.012390
 97.580005 -0.035557 2.013812
 97.780005 -0.328847 2.210595
 97.980005 -0.290428 2.005927
 98.180005 -0.252578 2.209356
 98.380005 -0.267871 2.111625
 98.580005 -0.021768 1.966607
 98.780005 -0.201087 2.183077
 98.980005 -0.219514 1.986585
 99.180005 -0.127206 2.114173
 99.380005 -0.322995 2.061658
 99.580005 -0.181234 2.106204
 99.780005 -0.347064 2.119768
 99.980005 -0.157019 2.120693
 100.180005 -0.337540 2.183867
 100.380005 -0.219256 2.027673
 100.580005 -0.020124 2.046797
 100.780005 -0.262947 1.969237
 100.980005 -0.240242 2.090328
 101.180005 -0.032206 1.884918
 101.380005 -0.170453 2.220265
 101.580005 -0.193468 2.039541
 101.780005 -0.202304 2.091337
 101.980005 -0.509426 2.264196
 102.180005 -0.526169 2.092198
 102.380005 -0.041910 2.275099
 102.580005 -0.168957 1.876498
 102.780005 -0.149873 2.201215
 102.980005 0.067027 1.747122
 103.180005 -0.093419 2.041428
 103.380005 -0.361583 2.154066
 103.580005 -0.252038 2.091963
 103.780005 -0.289864 2.271919
 103.980005 -0.548919 2.097345
 104.180005 -0.146140 2.003382
 104.380005 -0.321716 2.172061
 104.580005 -0.149128 2.100903
 104.780005 0.158256 1.942103
 104.980005 -0.246583 2.127100
 105.180005 -0.310020 1.900067
 105.380005 -0.402830 2.206969
 105.580005 -0.405954 2.313295
 105.780005 -0.275138 2.093026
 105.980005 -0.432647 2.235129
 106.180005 -0.156859 1.867335
 106.380005 0.151327 2.042984
 106.580005 -0.180122 2.010355
 106.780005 -0.313664 2.167025
 106.980005 -0.351823 2.078195
 107.180005 -0.309907 1.903738
 107.380005 -0.322889 2.238054
 107.580005 -0.274628 1.974246
 107.780005 -0.242499 2.363116
 107.980005 -0.417899 1.936000
 108.180005 -0.213280 2.188450
 108.380005 -0.525535 1.871522
 108.580005 -0.120544 2.044088
 108.780005 -0.043694 2.063404
 108.980005 -0.372380 2.114048
 109.180005 -0.221464 2.286219
 109.380005 -0.095563 1.766749
 109.580005 -0.364723 2.269914
 109.780005 -0.321416 1.909187
 109.980005 -0.227307 2.314750
 110.180005 -0.259734 2.020177
 110.380005 -0.031474 2.094905
 110.580005 -0.291494 2.063074
 110.780005 -0.270460 1.939446
 110.980005 0.082239 2.108201
 111.180005 -0.217395 2.035524
 111.380005 -0.268699 2.159414
 111.580005 -0.114800 1.964724
 111.780005 -0.448393 2.263711
 111.980005 -0.336604 1.952098
 112.180005 -0.011178 2.093934
 112.380005 -0.294608 2.084378
 112.580005 -0.209259 1.987396
 112.780005 -0.052258 2.160286
 112.980005 -0.248775 1.943318
 113.180005 -0.421567 2.218424
 113.380005 0.056602 1.860265
 113.580005 -0.421608 2.245534
 113.780005 -0.429882 2.052115
 113.980005 0.133268 2.143312
 114.180005 -0.152833 1.983399
 114.380005 -0.380274 2.122431
 114.580005 0.023845 1.942478
 114.780005 -0.230887 1.981048
 114.980005 -0.260380 2.295256
 115.180005 -0.051374 1.917191
 115.380005 -0.192316 2.091569
 115.580005 -0.666720 1.944794
 115.780005 0.065991 2.087615
 115.980006 -0.148885 2.151740
 116.180006 -0.500580 2.136199
 116.380006 0.051366 2.068700
 116.580006 0.020275 1.797025
 116.780006 -0.398945 2.234321
 116.980006 -0.216031 2.108016
 117.180006 -0.255347 2.203659
 117.380006 -0.409699 2.047415
 117.580006 -0.116974 2.083928
 117.780006 -0.308145 2.018522
 117.980006 -0.222456 1.974724
 118.180006 0.003025 2.100856
 118.380006 -0.250926 1.987128
 118.580006 -0.197549 2.195089
 118.780006 0.057201 1.971219
 118.980006 -0.300337 2.099558
 119.180006 -0.510773 1.939218
 119.380006 -0.237426 2.086886
 119.580006 -0.429728 2.166161
 119.780006 -0.493804 2.202555
 119.980006 -0.094382 2.052903
 120.180006 -0.129337 2.037750
 120.380006 -0.306157 2.002340
 120.580006 0.098564 1.986871
 120.780006 -0.176913 2.053226
 120.980006 -0.550081 2.186034
 121.180006 -0.005619 2.038602
 121.380006 -0.415252 2.120677
 121.580006 -0.317033 2.184634
 121.780006 -0.005413 1.974361
 121.980006 -0.335669 2.173031
 122.180006 -0.178314 1.976232
 122.380006 0.123255 2.037872
 122.580006 -0.339434 2.110865
 122.780006 -0.225521 2.014819
 122.980006 0.126423 2.061685
 123.180006 -0.266593 2.039587
 123.380006 -0.238972 2.113657
 123.580006 -0.165909 2.081334
 123.780006 -0.561226 2.179031
 123.980006 -0.453095 1.905841
 124.180006 -0.062819 2.280397
 124.380006 -0.295620 1.939615
 124.580006 -0.302294 2.112044
 124.780006 -0.046284 1.949252
 124.980006 -0.431517 1.960488
 125.180006 -0.277725 2.046271
 125.380006 0.048730 2.003266
 125.580006 -0.265070 2.296444
 125.780006 -0.371730 1.996732
 125.980006 0.066428 2.162462
 126.180006 -0.306405 1.937074
 126.380006 -0.522115 2.101571
 126.580006 0.148423 1.974477
 126.780006 -0.088605 1.952747
 126.980006 -0.398285 2.427873
 127.180006 -0.017685 1.821039
 127.380006 -0.192193 2.176535
 127.580006 -0.555095 1.945499
 127.780006 -0.281902 2.119614
 127.980006 -0.238859 2.000471
 128.180006 -0.352037 2.122266
 128.380006 0.152897 2.227866
 128.580006 0.114379 1.602419
 128.780006 -0.599023 2.281368
 128.980006 -0.255814 1.865948
 129.180006 -0.393897 2.228677
 129.380006 -0.468852 1.998024
 129.580006 0.027066 2.252757
 129.780006 -0.129723 1.886390
 129.980006 -0.322133 2.019098
 130.180006 0.206514 1.930363
 130.380006 -0.195393 1.872427
 130.580006 -0.255847 2.409491
 130.780006 -0.052644 1.852202
 130.980006 -0.483191 2.429449
 131.180006 -0.522796 1.731338
 131.380006 -0.157340 2.278214
 131.580006 -0.193156 1.930090
 131.780006 -0.304057 2.087984
 131.980006 0.193264 2.132087
 132.180006 -0.085968 1.560790
 132.380006 -0.306802 2.435746
 132.580006 -0.149832 1.759529
 132.780006 -0.245001 2.413513
 132.980006 -0.657495 1.975834
 133.180006 -0.207545 2.362127
 133.380006 -0.025515 1.935306
 133.580006 -0.333212 2.075317
 133.780006 -0.112294 2.093541
 133.980006 0.015695 1.814807
 134.180006 -0.274888 2.269866
 134.380006 -0.222903 1.911567
 134.580006 -0.188176 2.250045
 134.780006 -0.678946 2.007127
 134.980006 -0.260743 2.217935
 135.180006 -0.466778 2.154566
 135.380006 -0.339692 2.098434
 135.580006 0.303016 1.918764
 135.780006 -0.002792 1.665674
 135.980006 -0.452787 2.298667
 136.180006 -0.216196 1.887597
 136.380006 -0.296058 2.346309
 136.580006 -0.396066 2.064449
 136.780006 -0.296684 2.217688
 136.980007 -0.338184 2.078522
 137.180007 -0.367113 2.006413
 137.380007 -0.258807 2.106977
 137.580007 -0.041828 1.949253
 137.780007 -0.233383 2.265373
 137.980007 -0.144714 1.738709
 138.180007 -0.053511 2.204826
 138.380007 -0.514339 1.830313
 138.580007 -0.372020 2.479471
 138.780007 -0.192801 1.973968
 138.980007 -0.430215 2.313933
 139.180007 -0.076007 1.903641
 139.380007 0.003420 2.031758
 139.580007 -0.214449 2.066146
 139.780007 -0.094816 1.968723
 139.980007 0.015968 2.171295
 140.180007 -0.300642 1.935414
 140.380007 -0.285243 2.247200
 140.580007 -0.341254 2.049123
 140.780007 -0.425557 2.212558
 140.980007 -0.262798 1.970768
 141.180007 -0.144040 2.230395
 141.380007 -0.183218 1.859202
 141.580007 -0.134294 2.181709
 141.780007 0.177400 1.866825
 141.980007 -0.235690 2.065257
 142.180007 -0.126594 2.207662
 142.380007 -0.062310 1.847051
 142.580007 -0.538490 2.416131
 142.780007 -0.384136 1.626256
 142.980007 -0.261812 2.561934
 143.180007 -0.243522 1.823553
 143.380007 -0.177325 2.348576
 143.580007 -0.079298 1.883529
 143.780007 -0.320313 2.004963
 143.980007 -0.316538 2.183821
 144.180007 0.046205 1.834282
 144.380007 -0.182647 2.358547
 144.580007 -0.325468 1.918212
 144.780007 -0.047820 2.338977
 144.980007 -0.416663 1.830325
 145.180007 -0.536601 2.214359
 145.380007 -0.054209 1.878891
 145.580007 -0.382063 2.154986
 145.780007 -0.285828 2.206413
 145.980007 0.147743 1.968608
 146.180007 -0.314069 2.231966
 146.380007 -0.203364 1.786515
 146.580007 -0.208988 2.192609
 146.780007 -0.388498 1.918359
 146.980007 -0.118900 2.151124
 147.180007 -0.253917 2.175808
 147.380007 -0.282679 2.098698
 147.580007 -0.110403 2.018920
 147.780007 0.023551 1.897072
 147.980007 -0.545821 2.266688
 148.180007 0.007382 1.848308
 148.380007 0.083408 2.115567
 148.580007 -0.558009 2.071697
 148.780007 -0.090968 2.233914
 148.980007 -0.270685 2.073632
 149.180007 -0.523862 2.071511
 149.380007 -0.275570 2.163998
 149.580007 0.220584 1.756226
 149.780007 -0.344750 2.179250
 149.980007 -0.114171 1.953981
 150.180007 0.101414 2.180025
 150.380007 -0.577301 1.970840
 150.580007 -0.424035 2.384163
 150.780007 -0.093827 1.919810
 150.980007 -0.615868 2.235679
 151.180007 -0.212046 2.082903
 151.380007 0.405030 1.885052
 151.580007 -0.145214 2.179857
 151.780007 -0.082547 1.770727
 151.980007 0.140902 2.182169
 152.180007 -0.227890 1.896484
 152.380007 -0.488901 2.157074
 152.580007 0.057569 2.025703
 152.780007 -0.553743 2.213574
 152.980007 -0.378985 2.216483
 153.180007 0.207597 1.826019
 153.380007 -0.361438 2.282118
 153.580007 -0.131464 1.803723
 153.780007 0.178903 1.938388
 153.980007 -0.425781 2.173755
 154.180007 -0.337661 2.093880
 154.380007 -0.146533 2.250379
 154.580007 -0.430100 1.901166
 154.780007 -0.313641 2.182204
 154.980007 0.118883 1.789969
 155.180007 -0.309467 2.216403
 155.380007 -0.306416 2.067842
 155.580007 0.183824 2.039869
 155.780007 -0.287529 2.110862
 155.980007 -0.336973 1.994668
 156.180007 -0.157609 2.108185
 156.380007 -0.560793 2.027973
 156.580007 -0.185422 2.303458
 156.780007 -0.014408 1.957822
 156.980007 -0.344887 2.187214
 157.180007 -0.055127 1.817722
 157.380007 0.018660 2.016288
 157.580007 -0.144157 2.179322
 157.780007 -0.156282 1.925744
 157.980008 -0.151751 2.211375
 158.180008 -0.670402 1.974405
 158.380008 -0.207052 2.146860
 158.580008 -0.032196 1.997087
 158.780008 -0.232335 2.248077
 158.980008 -0.134550 1.998813
 159.180008 0.198067 1.831628
 159.380008 -0.290617 2.196459
 159.580008 -0.338943 1.876980
 159.780008 -0.137894 2.211609
 159.980008 -0.517571 1.946527
 160.180008 -0.168290 2.318231
 160.380008 -0.107604 1.984851
 160.580008 -0.439765 2.197443
 160.780008 -0.061792 1.903999
 160.980008 -0.084442 1.977515
 161.180008 -0.201898 1.985920
 161.380008 0.176769 1.788229
 161.580008 -0.376252 2.431069
 161.780008 -0.485018 1.946369
 161.980008 -0.101559 2.275045
 162.180008 -0.031791 1.826339
 162.380008 -0.597971 2.306152
 162.580008 -0.313850 2.118139
 162.780008 0.107470 1.850949
 162.980008 -0.106640 2.203158
 163.180008 0.023223 1.835744
 163.380008 -0.067597 2.257856
 163.580008 -0.235642 1.859042
 163.780008 -0.204062 2.200606
 163.980008 -0.263069 2.057049
 164.180008 -0.500353 2.277610
 164.380008 -0.318675 2.122675
 164.580008 -0.042572 1.967492
 164.780008 -0.453351 2.101978
 164.980008 -0.111834 2.093883
 165.180008 0.100127 2.011743
 165.380008 -0.088955 1.799889
 165.580008 -0.396644 2.174028
 165.780008 -0.365222 2.059843
 165.980008 -0.581213 2.281015
 166.180008 -0.137694 2.141514
 166.380008 -0.304352 1.971831
 166.580008 -0.357302 2.229995
 166.780008 -0.102198 1.702028
 166.980008 -0.001925 2.204366
 167.180008 -0.172414 1.914690
 167.380008 -0.011832 2.101765
 167.580008 -0.115141 2.102156
 167.780008 -0.460143 1.868680
 167.980008 -0.361154 2.283992
 168.180008 -0.374006 1.842163
 168.380008 -0.357462 2.508050
 168.580008 -0.322907 1.838959
 168.780008 -0.020393 2.185923
 168.980008 -0.386972 1.990439
 169.180008 -0.005204 1.864518
 169.380008 -0.071504 2.166074
 169.580008 -0.380326 2.025017
 169.780008 -0.048140 2.215711
 169.980008 -0.292942 1.835620
 170.180008 -0.477158 2.384798
 170.380008 -0.288471 1.820242
 170.580008 -0.149459 2.237397
 170.780008 -0.344712 1.928224
 170.980008 -0.239851 2.259458
 171.180008 0.151118 1.897459
 171.380008 -0.264274 2.003590
 171.580008 -0.292355 2.143175
 171.780008 -0.210313 1.853360
 171.980008 -0.200241 2.375289
 172.180008 -0.376776 1.905917
 172.380008 -0.327362 2.233246
 172.580008 -0.216576 1.941817
 172.780008 -0.362499 2.260143
 172.980008 -0.187984 2.184734
 173.180008 -0.357860 1.970961
 173.380008 -0.273368 2.119611
 173.580008 -0.118206 1.728812
 173.780008 -0.197784 2.268472
 173.980008 -0.307680 2.087037
 174.180008 -0.321127 2.314274
 174.380008 -0.252675 1.916852
 174.580008 -0.250326 1.954845
 174.780008 -0.185369 2.226479
 174.980008 -0.241054 1.946229
 175.180008 -0.179226 2.227330
 175.380008 -0.479025 1.893289
 175.580008 -0.318163 2.234350
 175.780008 -0.076332 1.798682
 175.980008 -0.255942 2.188973
 176.180008 -0.270025 2.155570
 176.380008 -0.090440 1.970697
 176.580008 -0.325041 2.137944
 176.780008 -0.460374 1.905668
 176.980008 -0.244034 2.136670
 177.180008 -0.250121 1.983120
 177.380008 -0.087047 2.217751
 177.580008 -0.010812 1.900620
 177.780008 -0.382542 2.107747
 177.980008 -0.171403 2.083591
 178.180008 -0.080475 1.961889
 178.380008 -0.394225 2.244891
 178.580008 -0.284631 2.118178
 178.780008 -0.087097 1.945552
 178.980009 -0.423397 2.136813
 179.180009 -0.366589 2.011302
 179.380009 -0.146849 2.069324
 179.580009 -0.356288 2.075736
 179.780009 -0.028771 2.112727
 179.980009 -0.129742 2.049849
 180.180009 -0.553865 2.056309
 180.380009 -0.193966 2.078019
 180.580009 0.002829 1.993287
 180.780009 -0.236383 2.201310
 180.980009 -0.217731 2.021717
 181.180009 -0.347446 2.030209
 181.380009 -0.552355 2.062342
 181.580009 -0.073123 2.113664
 181.780009 0.057027 2.017486
 181.980009 -0.403904 1.999509
 182.180009 -0.035896 2.102504
 182.380009 -0.324102 1.817138
 182.580009 -0.445104 2.455357
 182.780009 0.046714 1.812796
 182.980009 -0.350865 2.343321
 183.180009 -0.385091 2.041270
 183.380009 -0.002690 1.971450
 183.580009 -0.274940 2.161661
 183.780009 -0.503592 1.923829
 183.980009 0.158819 2.273230
 184.180009 0.036887 1.746012
 184.380009 -0.396297 2.382394
 184.580009 -0.246431 1.916635
 184.780009 -0.311240 2.238528
 184.980009 -0.408320 1.992956
 185.180009 0.010983 2.130088
 185.380009 -0.020335 2.060289
 185.580009 -0.374612 1.966308
 185.780009 0.106250 2.124893
 185.980009 -0.085823 1.846781
 186.180009 -0.294914 2.366779
 186.380009 -0.219493 1.871822
 186.580009 -0.155232 2.138318
 186.780009 -0.600876 2.166658
 186.980009 0.080431 1.905843
 187.180009 0.231840 2.269748
 187.380009 -0.449960 1.832258
 187.580009 0.038926 2.153355
 187.780009 0.289571 1.853105
 187.980009 -0.405851 2.186559
 188.180009 -0.296047 2.117474
 188.380009 0.152272 1.979372
 188.580009 -0.183509 2.257261
 188.780009 -0.500221 1.810112
 188.980009 0.196583 2.191647
 189.180009 -0.111698 1.766186
 189.380009 -0.637716 2.305301
 189.580009 0.280705 1.930924
 189.780009 -0.242171 2.024821
 189.980009 -0.602835 2.391799
 190.180009 -0.132900 1.965351
 190.380009 -0.010023 2.165068
 190.580009 -0.298193 1.875795
 190.780009 -0.021497 2.188150
 190.980009 0.412506 1.980100
 191.180009 -0.324456 1.942724
 191.380009 -0.648254 2.270509
 191.580009 0.324682 1.853786
 191.780009 -0.121456 2.180278
 191.980009 -0.502172 2.037220
 192.180009 0.316447 2.141883
 192.380009 0.577026 2.048172
 192.580009 -0.516098 1.917258
 192.780009 -0.570100 2.279309
 192.980009 0.504638 1.930449
 193.180009 0.102998 2.119346
 193.380009 -0.522245 1.963982
 193.580009 -0.072521 2.161940
 193.780009 0.002640 2.084265
 193.980009 -0.621664 2.185668
 194.180009 -0.106977 1.892385
 194.380009 -0.044180 1.862223
 194.580009 -0.340904 2.129065
 194.780009 0.213800 1.965109
 194.980009 0.031912 2.347585
 195.180009 -0.481363 1.991905
 195.380009 0.028897 2.026000
 195.580009 0.181317 1.892126
 195.780009 -0.621582 2.110005
 195.980009 -0.227398 2.126238
 196.180009 0.447023 1.850424
 196.380009 -0.424940 2.344290
 196.580009 -0.304886 1.720190
 196.780009 0.484894 1.936560
 196.980009 -0.386780 2.131648
 197.180009 -0.437100 2.014204
 197.380009 0.162044 2.521490
 197.580009 0.360258 1.770600
 197.780009 -0.444952 2.156040
 197.980009 -0.159417 1.919871
 198.180009 0.525392 1.738930
 198.380009 -0.469414 2.281425
 198.580009 -0.245145 1.865172
 198.780009 -0.083481 2.377760
 198.980009 -0.476722 1.982299
 199.180009 -0.224298 2.252026
 199.380009 0.081739 1.792016
 199.580009 -0.264426 2.010965
 199.780009 -0.065950 1.942436
 199.980009 -0.027802 2.044392
