#! FIELDS time phi psi
#! SET max_psi pi
 0.180000 -2.871535 0.579619
 0.380000 -3.006263 -0.172724
 0.580000 2.623568 -0.904134
 0.780000 3.078580 -0.106800
 0.980000 2.982660 -0.529375
 1.180000 3.114585 -0.377852
 1.380000 -2.938984 -0.549776
 1.580000 -3.003588 -0.333298
 1.780000 2.939593 -0.507833
 1.980000 2.967386 -0.396650
 2.180000 2.958807 -0.528577
 2.380000 3.074879 -0.494969
 2.580000 3.136354 -0.328640
 2.780000 3.121040 -0.491578
 2.980000 -3.116795 -0.596428
 3.180000 3.141432 -0.328691
 3.380000 2.918564 -0.501116
 3.580000 2.986467 -0.600376
 3.780000 -3.081086 -0.304202
 3.980000 3.035940 -0.616263
 4.180000 3.108658 -0.561521
 4.380000 3.062002 -0.229210
 4.580000 -2.940808 -0.708640
 4.780000 -3.127807 -0.335704
 4.980000 3.113713 -0.452369
 5.180000 3.062853 -0.396078
 5.380000 -3.138255 -0.679120
 5.580000 3.110420 -0.502054
 5.780000 2.880334 -0.611265
 5.980000 2.984067 -0.476665
 6.180000 3.080256 -0.506377
 6.380000 3.080737 -0.623879
 6.580000 3.001246 -0.420171
 6.780000 2.944268 -0.531325
 6.980000 -3.092596 -0.606713
 7.180000 2.803781 -0.543297
 7.380000 3.125861 -0.520163
 7.580000 3.072047 -0.429146
 7.780000 3.013063 -0.640236
 7.980000 3.095355 -0.511596
 8.180000 2.888484 -0.355354
 8.380000 3.034043 -0.662880
 8.580000 3.041891 -0.507412
 8.780000 2.932265 -0.636983
 8.980000 3.055920 -0.423992
 9.180000 3.104819 -0.509866
 9.380000 2.983068 -0.650219
 9.580000 -3.139156 -0.417805
 9.780000 3.081343 -0.632025
 9.980000 2.847555 -0.269723
 10.180000 -3.102043 -0.777821
 10.380000 3.043245 -0.303532
 10.580001 2.984013 -0.450575
 10.780001 -3.117511 -0.364685
 10.980001 -3.088797 -0.759482
 11.180001 3.041606 -0.360718
 11.380001 3.036382 -0.340814
 11.580001 3.099061 -0.620944
 11.780001 3.082308 -0.395657
 11.980001 3.135379 -0.648416
 12.180001 2.887733 -0.310229
 12.380001 3.066527 -0.751475
 12.580001 3.092567 -0.438212
 12.780001 -2.958292 -0.637687
 12.980001 2.994604 -0.075037
 13.180001 3.058832 -0.806755
 13.380001 3.018018 -0.568309
 13.580001 2.899294 -0.531732
 13.780001 2.802883 -0.391927
 13.980001 2.951747 -0.626489
 14.180001 -3.009995 -0.524244
 14.380001 2.962934 -0.147903
 14.580001 -3.125340 -0.714742
 14.780001 -3.014500 -0.434692
 14.980001 3.056851 -0.716983
 15.180001 2.857166 -0.417847
 15.380001 3.032233 -0.567518
 15.580001 2.967262 -0.762394
 15.780001 3.116576 -0.278206
 15.980001 3.080443 -0.721325
 16.180001 -2.941789 -0.192093
 16.380001 -3.103160 -0.647860
 16.580001 -3.102548 -0.422764
 16.780001 3.074143 -0.506421
 16.980001 2.974813 -0.688624
 17.180001 -3.038818 -0.408834
 17.380001 2.916765 -0.614498
 17.580001 2.993444 -0.543669
 17.780001 3.137244 -0.432010
 17.980001 2.863384 -0.558031
 18.180001 3.095034 -0.603482
 18.380001 3.069962 -0.469003
 18.580001 -3.124386 -0.414994
 18.780001 -3.106933 -0.447204
 18.980001 -3.109822 -0.543895
 19.180001 2.851364 -0.542963
 19.380001 3.009124 -0.499321
 19.580001 2.846954 -0.534889
 19.780001 3.115124 -0.553122
 19.980001 2.991942 -0.504685
 20.180001 -3.103431 -0.487432
 20.380001 -2.869298 -0.440030
 20.580001 2.932015 -0.560213
 20.780001 3.057184 -0.505140
 20.980001 2.969809 -0.421938
 21.180001 2.783281 -0.622255
 21.380001 3.032671 -0.554113
 21.580001 2.812335 -0.525280
 21.780001 2.983752 -0.498740
 21.980001 -2.938799 -0.409117
 22.180001 3.120690 -0.549350
 22.380001 3.003431 -0.428630
 22.580001 3.112149 -0.464504
 22.780001 3.137917 -0.583839
 22.980001 -3.115062 -0.369710
 23.180001 2.859243 -0.475524
 23.380001 3.039766 -0.613402
 23.580001 3.123765 -0.497852
 23.780001 2.756810 -0.608057
 23.980001 2.990644 -0.366014
 24.180001 2.995883 -0.455170
 24.380001 2.942202 -0.570414
 24.580001 -2.996000 -0.497889
 24.780001 -3.098226 -0.457500
 24.980001 -3.117538 -0.511116
 25.180001 3.000056 -0.180052
 25.380001 3.040707 -0.527961
 25.580001 2.928726 -0.519906
 25.780001 3.074218 -0.618243
 25.980001 2.976095 -0.314766
 26.180001 2.732535 -0.767085
 26.380001 -2.894634 -0.175790
 26.580001 3.021996 -0.329112
 26.780001 2.744505 -0.632042
 26.980001 2.960449 -0.450910
 27.180001 2.837612 -0.708823
 27.380001 2.980685 -0.429590
 27.580001 -2.800647 -0.132074
 27.780001 -2.748043 -0.243477
 27.980001 3.087466 -0.602946
 28.180001 2.779708 -0.577992
 28.380001 -3.071058 -0.485593
 28.580001 2.844467 -0.752110
 28.780001 -3.095479 -0.521026
 28.980001 3.033047 -0.472176
 29.180001 2.736347 -0.573552
 29.380001 3.137300 -0.521030
 29.580001 -3.110835 -0.431670
 29.780001 -3.140829 -0.464823
 29.980001 3.119044 -0.477650
 30.180001 3.058104 -0.605076
 30.380001 -3.016421 -0.426280
 30.580001 2.750544 -0.559449
 30.780001 2.977792 -0.652967
 30.980001 3.064133 -0.277156
 31.180001 3.046657 -0.781828
 31.380001 2.978796 -0.305079
 31.580001 -2.962968 -0.698906
 31.780002 3.116911 -0.251114
 31.980002 2.998878 -0.794514
 32.180002 -3.123494 -0.448987
 32.380002 2.987510 -0.572580
 32.580002 2.928669 -0.552200
 32.780002 2.887388 -0.468581
 32.980002 3.011693 -0.536776
 33.180002 3.119225 -0.307751
 33.380002 3.111235 -0.651059
 33.580002 3.049814 -0.568117
 33.780002 -3.095218 -0.403193
 33.980002 3.136923 -0.487806
 34.180002 2.830088 -0.619618
 34.380002 -3.130665 -0.508659
 34.580002 2.939185 -0.598346
 34.780002 2.920273 -0.465313
 34.980002 -3.031810 -0.437766
 35.180002 3.057644 -0.610820
 35.380002 3.105431 -0.531491
 35.580002 -2.964079 -0.476771
 35.780002 2.929056 -0.375314
 35.980002 2.834171 -0.670251
 36.180002 2.968208 -0.292136
 36.380002 3.101878 -0.689095
 36.580002 2.757038 -0.606697
 36.780002 -2.938560 -0.525824
 36.980002 3.079268 -0.398859
 37.180002 3.071980 -0.647096
 37.380002 2.986672 -0.414825
 37.580002 -3.122151 -0.487092
 37.780002 3.083699 -0.370970
 37.980002 3.002615 -0.576036
 38.180002 3.002767 -0.518048
 38.380002 3.129806 -0.485462
 38.580002 2.959439 -0.531884
 38.780002 2.828399 -0.573691
 38.980002 -3.120086 -0.452362
 39.180002 2.696006 -0.702356
 39.380002 2.983279 -0.470274
 39.580002 -2.981259 -0.349823
 39.780002 2.989538 -0.645371
 39.980002 -3.099692 -0.536019
 40.180002 3.049716 -0.429868
 40.380002 3.021941 -0.365461
 40.580002 -3.018810 -0.546818
 40.780002 2.890252 -0.547137
 40.980002 -3.011479 -0.574566
 41.180002 2.950005 -0.428743
 41.380002 2.951691 -0.604494
 41.580002 2.972092 -0.497090
 41.780002 3.050495 -0.597260
 41.980002 3.060177 -0.431173
 42.180002 3.140269 -0.539283
 42.380002 -3.092918 -0.574796
 42.580002 3.067337 -0.545818
 42.780002 3.136898 -0.458015
 42.980002 2.874076 -0.438921
 43.180002 -3.119372 -0.460059
 43.380002 2.925553 -0.554002
 43.580002 3.120074 -0.417148
 43.780002 -3.073068 -0.355317
 43.980002 3.118988 -0.742160
 44.180002 3.000066 -0.306506
 44.380002 3.037562 -0.444540
 44.580002 2.771356 -0.583472
 44.780002 3.129052 -0.609704
 44.980002 2.860260 -0.422305
 45.180002 3.067485 -0.460318
 45.380002 -2.939791 -0.543943
 45.580002 2.995490 -0.598011
 45.780002 -3.137110 -0.295759
 45.980002 3.097127 -0.698441
 46.180002 3.128153 -0.425704
 46.380002 -3.066388 -0.602053
 46.580002 3.036456 -0.474203
 46.780002 -3.039604 -0.494542
 46.980002 3.130554 -0.436556
 47.180002 2.936567 -0.723886
 47.380002 2.885096 -0.519350
 47.580002 2.832928 -0.526757
 47.780002 -3.043491 -0.578367
 47.980002 -2.889723 -0.493137
 48.180002 3.102608 -0.522329
 48.380002 3.103697 -0.246716
 48.580002 3.096977 -0.411387
 48.780002 2.920458 -0.545890
 48.980002 3.098515 -0.441030
 49.180002 3.041441 -0.428565
 49.380002 2.850536 -0.653650
 49.580002 3.087819 -0.418371
 49.780002 3.036115 -0.679884
 49.980002 2.813526 -0.228217
 50.180002 -3.006321 -0.706154
 50.380002 2.851477 -0.407927
 50.580002 -3.012106 -0.415902
 50.780002 3.088789 -0.472376
 50.980002 -3.086687 -0.496555
 51.180002 -3.114813 -0.443248
 51.380002 2.917737 -0.478269
 51.580002 2.884690 -0.597989
 51.780002 3.089713 -0.419108
 51.980002 -3.071789 -0.578059
 52.180002 3.089983 -0.610033
 52.380002 -3.134569 -0.428320
 52.580002 3.037617 -0.292518
 52.780003 -3.050307 -0.655857
 52.980003 2.903110 -0.625331
 53.180003 2.957950 -0.530876
 53.380003 2.919979 -0.479128
 53.580003 2.915666 -0.667145
 53.780003 2.968558 -0.543552
 53.980003 3.027333 -0.394383
 54.180003 -3.101075 -0.458987
 54.380003 3.030901 -0.613679
 54.580003 3.093745 -0.511990
 54.780003 3.037368 -0.426011
 54.980003 3.134893 -0.558382
 55.180003 2.679711 -0.444890
 55.380003 -3.113774 -0.636655
 55.580003 2.967895 -0.352513
 55.780003 2.912888 -0.624385
 55.980003 -3.068486 -0.589423
 56.180003 2.997946 -0.583909
 56.380003 2.970854 -0.464485
 56.580003 3.027106 -0.271910
 56.780003 -3.091421 -0.610826
 56.980003 3.014136 -0.544776
 57.180003 3.059356 -0.351119
 57.380003 2.923796 -0.532543
 57.580003 2.916859 -0.580687
 57.780003 3.092874 -0.616584
 57.980003 2.806922 -0.519461
 58.180003 3.079865 -0.520758
 58.380003 -3.065734 -0.543038
 58.580003 2.838987 -0.453213
 58.780003 3.034601 -0.513015
 58.980003 3.034959 -0.613826
 59.180003 2.912719 -0.440395
 59.380003 3.103523 -0.502456
 59.580003 2.869135 -0.676239
 59.780003 -3.050450 -0.478155
 59.980003 3.136732 -0.357765
 60.180003 -3.109222 -0.565788
 60.380003 2.957965 -0.458502
 60.580003 3.007420 -0.586383
 60.780003 2.898874 -0.551831
 60.980003 2.930415 -0.349769
 61.180003 3.057616 -0.662156
 61.380003 -3.067006 -0.559673
 61.580003 -2.923000 -0.408093
 61.780003 3.121729 -0.481540
 61.980003 2.851192 -0.580198
 62.180003 -3.051373 -0.582807
 62.380003 2.819601 -0.368597
 62.580003 2.892438 -0.739013
 62.780003 -3.023576 -0.234773
 62.980003 3.019665 -0.606461
 63.180003 -3.114584 -0.448730
 63.380003 -3.094821 -0.487471
 63.580003 3.128406 -0.553921
 63.780003 -3.137073 -0.504287
 63.980003 2.846061 -0.546010
 64.180003 2.906116 -0.522092
 64.380003 -3.138689 -0.538304
 64.580003 2.747179 -0.491004
 64.780003 2.899887 -0.605818
 64.980003 2.821521 -0.356981
 65.180003 -3.047563 -0.768708
 65.380003 2.987831 -0.299554
 65.580003 -2.938229 -0.579400
 65.780003 2.928988 -0.299083
 65.980003 -3.073188 -0.654384
 66.180003 -3.127617 -0.549783
 66.380003 3.050080 -0.252165
 66.580003 3.020615 -0.755450
 66.780003 3.104717 -0.418786
 66.980003 3.100789 -0.564268
 67.180003 3.131046 -0.180112
 67.380003 2.922340 -0.779000
 67.580003 3.016977 -0.468571
 67.780003 -3.131260 -0.347723
 67.980003 2.978237 -0.681799
 68.180003 3.130519 -0.485040
 68.380003 -2.950767 -0.324135
 68.580003 -3.056008 -0.399870
 68.780003 2.871655 -0.613094
 68.980003 3.056492 -0.455951
 69.180003 2.876959 -0.493301
 69.380003 2.956670 -0.528144
 69.580003 -3.062420 -0.575975
 69.780003 -3.105727 -0.431840
 69.980003 3.104078 -0.480957
 70.180003 3.086005 -0.435190
 70.380003 -3.072068 -0.650776
 70.580003 2.899884 -0.428020
 70.780003 3.139626 -0.437297
 70.980003 2.962262 -0.480235
 71.180003 2.849780 -0.552562
 71.380003 3.023947 -0.506449
 71.580003 3.067514 -0.544210
 71.780003 3.027054 -0.561760
 71.980003 3.012782 -0.317089
 72.180003 3.011776 -0.632334
 72.380003 3.076928 -0.384595
 72.580003 -3.080684 -0.626210
 72.780003 2.846727 -0.409483
 72.980003 -3.046325 -0.659092
 73.180003 -3.134928 -0.061014
 73.380003 2.989840 -0.818696
 73.580003 2.789404 -0.428056
 73.780004 3.039696 -0.802310
 73.980004 2.916649 -0.329410
 74.180004 -3.110585 -0.649839
 74.380004 -3.047323 -0.353323
 74.580004 2.937040 -0.541272
 74.780004 3.084634 -0.543324
 74.980004 -3.117794 -0.431476
 75.180004 3.001942 -0.450921
 75.380004 2.701975 -0.377369
 75.580004 -3.123892 -0.707047
 75.780004 2.849149 -0.426309
 75.980004 3.065976 -0.763379
 76.180004 3.106967 -0.117152
 76.380004 3.091873 -0.860051
 76.580004 2.982744 -0.385493
 76.780004 3.129044 -0.555480
 76.980004 2.928664 -0.495841
 77.180004 3.051326 -0.640381
 77.380004 3.110196 -0.383306
 77.580004 2.833329 -0.460591
 77.780004 3.026871 -0.658648
 77.980004 3.076956 -0.306693
 78.180004 3.073782 -0.832675
 78.380004 2.909013 -0.369758
 78.580004 -3.119912 -0.800867
 78.780004 2.836560 -0.371952
 78.980004 -3.086092 -0.688254
 79.180004 3.070817 -0.316146
 79.380004 2.953477 -0.581667
 79.580004 -3.101356 -0.648412
 79.780004 3.100095 -0.364635
 79.980004 3.122950 -0.530016
 80.180004 2.961841 -0.386313
 80.380004 -3.051648 -0.844207
 80.580004 2.946380 -0.166572
 80.780004 3.041170 -0.667739
 80.980004 2.870954 -0.515608
 81.180004 3.120519 -0.714601
 81.380004 2.859683 -0.421706
 81.580004 3.046571 -0.457465
 81.780004 -2.901513 -0.531603
 81.980004 2.960076 -0.488224
 82.180004 3.085544 -0.643735
 82.380004 -3.125867 -0.457874
 82.580004 3.082615 -0.634540
 82.780004 2.881560 -0.367150
 82.980004 -3.023366 -0.602355
 83.180004 2.854784 -0.596083
 83.380004 3.038357 -0.497463
 83.580004 -3.007414 -0.461316
 83.780004 2.979712 -0.432123
 83.980004 3.021309 -0.628683
 84.180004 2.972825 -0.303486
 84.380004 -3.128231 -0.711382
 84.580004 2.841369 -0.355495
 84.780004 -3.139123 -0.826981
 84.980004 2.690396 -0.286410
 85.180004 2.983665 -0.715088
 85.380004 2.802816 -0.370163
 85.580004 -3.112252 -0.589533
 85.780004 3.037393 -0.507622
 85.980004 2.901582 -0.223873
 86.180004 -2.814887 -0.662889
 86.380004 2.900394 -0.432419
 86.580004 -2.959252 -0.558075
 86.780004 3.041853 -0.191597
 86.980004 3.085370 -0.796513
 87.180004 2.785669 -0.441849
 87.380004 -3.056025 -0.525473
 87.580004 3.054531 -0.466225
 87.780004 2.906802 -0.683736
 87.980004 -3.087418 -0.471722
 88.180004 2.852766 -0.376828
 88.380004 3.138315 -0.795494
 88.580004 -3.001964 -0.078416
 88.780004 -3.033486 -0.596805
 88.980004 2.902101 -0.285148
 89.180004 -3.111901 -0.836803
 89.380004 2.754704 -0.415089
 89.580004 3.022778 -0.782268
 89.780004 2.964467 -0.266101
 89.980004 -3.105860 -0.794648
 90.180004 2.825733 -0.504095
 90.380004 2.981624 -0.528017
 90.580004 -3.113723 -0.458377
 90.780004 2.906525 -0.559416
 90.980004 2.964304 -0.630832
 91.180004 2.819661 -0.338720
 91.380004 -3.005531 -0.740765
 91.580004 2.898860 -0.284871
 91.780004 -3.084133 -0.627860
 91.980004 2.894033 -0.576980
 92.180004 3.135741 -0.825384
 92.380004 -3.094584 -0.081441
 92.580004 -3.032288 -0.480069
 92.780004 3.097630 -0.562722
 92.980004 -2.915392 -0.316943
 93.180004 2.845630 -0.583092
 93.380004 -3.045184 -0.512833
 93.580004 -3.097432 -0.293387
 93.780004 2.870752 -0.464520
 93.980004 2.932244 -0.589986
 94.180004 3.128556 -0.292057
 94.380004 2.871230 -0.586374
 94.580004 2.964874 -0.649609
 94.780005 3.021004 -0.381407
 94.980005 2.958709 -0.571185
 95.180005 3.003574 -0.436901
 95.380005 -3.035949 -0.711394
 95.580005 2.918267 -0.407174
 95.780005 -3.113965 -0.472966
 95.980005 2.974303 -0.610085
 96.180005 3.116236 -0.643851
 96.380005 -3.112052 -0.300116
 96.580005 2.996673 -0.517634
 96.780005 2.965628 -0.665074
 96.980005 -3.004781 -0.440966
 97.180005 2.917215 -0.446565
 97.380005 2.947944 -0.575172
 97.580005 3.121303 -0.457678
 97.780005 2.912267 -0.527658
 97.980005 3.019301 -0.403062
 98.180005 3.087513 -0.626919
 98.380005 -2.983786 -0.396129
 98.580005 3.017197 -0.573429
 98.780005 -3.057751 -0.450797
 98.980005 3.108005 -0.517992
 99.180005 3.089821 -0.668596
 99.380005 3.128108 -0.265966
 99.580005 2.910981 -0.683316
 99.780005 3.004212 -0.588029
 99.980005 3.072001 -0.459680
 100.180005 2.808155 -0.629395
 100.380005 3.031179 -0.551214
 100.580005 -3.073266 -0.509364
 100.780005 2.883620 -0.473143
 100.980005 3.082514 -0.702780
 101.180005 3.013606 -0.463914
 101.380005 2.889135 -0.547042
 101.580005 2.974453 -0.578745
 101.780005 -3.131287 -0.494311
 101.980005 2.921152 -0.523639
 102.180005 -3.128230 -0.375685
 102.380005 2.978283 -0.800715
 102.580005 3.141205 -0.400673
 102.780005 -3.124183 -0.527950
 102.980005 -3.071737 -0.388953
 103.180005 -2.922537 -0.671114
 103.380005 -3.131201 -0.315342
 103.580005 2.843395 -0.522749
 103.780005 -3.038068 -0.292261
 103.980005 2.919090 -0.711368
 104.180005 2.728365 -0.424539
 104.380005 -3.003260 -0.464358
 104.580005 3.127375 -0.382717
 104.780005 3.036982 -0.544076
 104.980005 -3.096821 -0.236950
 105.180005 3.108933 -0.659033
 105.380005 2.899109 -0.521975
 105.580005 -2.998809 -0.482427
 105.780005 2.994857 -0.504859
 105.980005 -3.070917 -0.441718
 106.180005 3.137412 -0.386566
 106.380005 2.977661 -0.470163
 106.580005 -3.132757 -0.465365
 106.780005 2.854918 -0.485374
 106.980005 2.864493 -0.520089
 107.180005 -3.132145 -0.523652
 107.380005 -3.130106 -0.444048
 107.580005 2.990662 -0.517108
 107.780005 -3.032155 -0.520080
 107.980005 3.022301 -0.490367
 108.180005 2.874054 -0.555995
 108.380005 2.983280 -0.446329
 108.580005 2.866024 -0.596493
 108.780005 3.085326 -0.505387
 108.980005 -2.779433 -0.300762
 109.180005 3.128481 -0.399655
 109.380005 2.814735 -0.299004
 109.580005 3.126083 -0.700878
 109.780005 2.864326 -0.369161
 109.980005 -3.069774 -0.673882
 110.180005 -3.088600 -0.070458
 110.380005 3.104943 -0.868891
 110.580005 2.877848 -0.422566
 110.780005 3.129459 -0.467251
 110.980005 2.808876 -0.535601
 111.180005 2.976945 -0.657924
 111.380005 -2.958018 -0.219570
 111.580005 3.040703 -0.566072
 111.780005 2.826775 -0.385921
 111.980005 -2.763731 -0.531283
 112.180005 2.467095 -0.463365
 112.380005 2.802876 -0.583101
 112.580005 -3.045954 -0.426687
 112.780005 3.137180 -0.467281
 112.980005 2.927225 -0.563482
 113.180005 -3.007485 -0.459159
 113.380005 2.904561 -0.436023
 113.580005 3.049074 -0.685575
 113.780005 -3.065765 -0.286597
 113.980005 2.931463 -0.606488
 114.180005 2.750104 -0.404028
 114.380005 -2.992515 -0.631193
 114.580005 2.933171 -0.399527
 114.780005 2.919326 -0.589370
 114.980005 -3.063910 -0.418880
 115.180005 2.967296 -0.566626
 115.380005 3.126310 -0.545365
 115.580005 3.024408 -0.442701
 115.780005 2.885428 -0.506216
 115.980006 -2.923005 -0.604188
 116.180006 2.892710 -0.396455
 116.380006 3.041836 -0.350196
 116.580006 3.084614 -0.570568
 116.780006 2.841778 -0.689064
 116.980006 -2.959680 -0.338091
 117.180006 2.944188 -0.417761
 117.380006 2.938363 -0.639550
 117.580006 -3.117024 -0.472109
 117.780006 2.714313 -0.672229
 117.980006 3.031988 -0.329451
 118.180006 -3.071968 -0.457030
 118.380006 2.871046 -0.490124
 118.580006 -3.029998 -0.443648
 118.780006 3.119656 -0.413219
 118.980006 2.839713 -0.424138
 119.180006 2.983116 -0.625454
 119.380006 2.964774 -0.408202
 119.580006 2.888064 -0.704011
 119.780006 -3.003600 -0.249797
 119.980006 -3.096932 -0.477440
 120.180006 3.068665 -0.578497
 120.380006 -3.077389 -0.530798
 120.580006 3.097489 -0.351351
 120.780006 3.059460 -0.722302
 120.980006 2.780479 -0.503358
 121.180006 2.989528 -0.755031
 121.380006 2.941990 -0.300832
 121.580006 3.102719 -0.625219
 121.780006 -3.126090 -0.593078
 121.980006 -2.982991 -0.484738
 122.180006 2.943951 -0.559489
 122.380006 2.862321 -0.363158
 122.580006 3.007991 -0.794822
 122.780006 2.782391 -0.419938
 122.980006 2.964046 -0.734145
 123.180006 2.999265 -0.386912
 123.380006 3.136815 -0.693856
 123.580006 3.137916 -0.298505
 123.780006 -3.096787 -0.452567
 123.980006 2.996733 -0.557932
 124.180006 3.027740 -0.389065
 124.380006 3.092949 -0.686805
 124.580006 2.924033 -0.389220
 124.780006 3.000785 -0.793656
 124.980006 3.030370 -0.322217
 125.180006 3.089300 -0.579351
 125.380006 -3.094704 -0.451180
 125.580006 -2.979085 -0.669678
 125.780006 3.004961 -0.368207
 125.980006 3.066406 -0.379089
 126.180006 3.012787 -0.701276
 126.380006 2.956661 -0.355032
 126.580006 3.089765 -0.692700
 126.780006 -3.104797 -0.303022
 126.980006 -3.109870 -0.703666
 127.180006 3.140785 -0.317141
 127.380006 -3.109874 -0.740331
 127.580006 2.945867 -0.457948
 127.780006 3.102222 -0.642670
 127.980006 2.895238 -0.444211
 128.180006 2.955904 -0.536974
 128.380006 3.131328 -0.639375
 128.580006 2.820905 -0.498472
 128.780006 2.981093 -0.667391
 128.980006 -3.120875 -0.395035
 129.180006 2.979197 -0.692068
 129.380006 3.084035 -0.298410
 129.580006 3.080843 -0.670389
 129.780006 2.936405 -0.400239
 129.980006 3.132760 -0.454399
 130.180006 3.047604 -0.643614
 130.380006 3.051776 -0.459712
 130.580006 3.102968 -0.626580
 130.780006 3.022731 -0.402378
 130.980006 3.040679 -0.849374
 131.180006 -3.122940 -0.312434
 131.380006 2.997725 -0.620191
 131.580006 2.824525 -0.497791
 131.780006 -3.107541 -0.635824
 131.980006 2.756794 -0.577571
 132.180006 2.927151 -0.431078
 132.380006 3.041219 -0.494495
 132.580006 2.972234 -0.546876
 132.780006 -3.056855 -0.599564
 132.980006 -3.083442 -0.493126
 133.180006 -3.140563 -0.619222
 133.380006 3.080768 -0.498056
 133.580006 2.900647 -0.524485
 133.780006 3.071659 -0.444997
 133.980006 2.964147 -0.512270
 134.180006 2.952937 -0.529218
 134.380006 -3.139745 -0.479631
 134.580006 -3.046744 -0.404964
 134.780006 -3.015762 -0.582880
 134.980006 3.058946 -0.423193
 135.180006 -3.016626 -0.460168
 135.380006 3.116661 -0.496700
 135.580006 3.001826 -0.703663
 135.780006 2.844392 -0.527258
 135.980006 2.828866 -0.424995
 136.180006 2.957304 -0.631089
 136.380006 -3.084256 -0.427824
 136.580006 3.117807 -0.609253
 136.780006 3.004711 -0.443148
 136.980007 -2.971981 -0.446808
 137.180007 -3.066339 -0.442211
 137.380007 3.092979 -0.512182
 137.580007 2.987540 -0.537851
 137.780007 2.770697 -0.525976
 137.980007 3.073855 -0.560191
 138.180007 3.101729 -0.511741
 138.380007 -3.139504 -0.419133
 138.580007 3.084382 -0.584737
 138.780007 -3.018354 -0.425096
 138.980007 3.121339 -0.489488
 139.180007 2.929372 -0.458605
 139.380007 3.083208 -0.620352
 139.580007 2.953014 -0.544404
 139.780007 3.116868 -0.571727
 139.980007 -3.106369 -0.585897
 140.180007 2.947477 -0.411755
 140.380007 -3.028230 -0.535085
 140.580007 3.021784 -0.600583
 140.780007 -3.107231 -0.617586
 140.980007 3.009919 -0.327703
 141.180007 3.106592 -0.634831
 141.380007 3.042350 -0.372344
 141.580007 2.897135 -0.577882
 141.780007 -3.101160 -0.415663
 141.980007 2.953486 -0.470399
 142.180007 2.935073 -0.739128
 142.380007 2.980480 -0.410757
 142.580007 3.081601 -0.671508
 142.780007 2.984013 -0.234070
 142.980007 -3.053091 -0.832040
 143.180007 2.957270 -0.292595
 143.380007 -2.800869 -0.619587
 143.580007 3.034142 -0.427261
 143.780007 3.120123 -0.713913
 143.980007 2.922156 -0.280888
 144.180007 2.756055 -0.661803
 144.380007 2.820519 -0.406307
 144.580007 3.067715 -0.443194
 144.780007 3.126716 -0.585169
 144.980007 3.025270 -0.554748
 145.180007 -3.045855 -0.321285
 145.380007 3.065793 -0.334854
 145.580007 2.913029 -0.596147
 145.780007 3.046823 -0.480878
 145.980007 2.862710 -0.529486
 146.180007 3.098040 -0.458041
 146.380007 -3.020938 -0.486473
 146.580007 -3.127725 -0.583335
 146.780007 3.120158 -0.335275
 146.980007 -3.007124 -0.575423
 147.180007 2.914546 -0.529785
 147.380007 3.103241 -0.591831
 147.580007 2.883808 -0.492918
 147.780007 2.951409 -0.565896
 147.980007 -3.137698 -0.554819
 148.180007 3.016069 -0.546707
 148.380007 3.045919 -0.502113
 148.580007 -3.002328 -0.562024
 148.780007 3.056348 -0.354353
 148.980007 3.056662 -0.590886
 149.180007 2.993990 -0.544304
 149.380007 3.001526 -0.594982
 149.580007 2.911744 -0.645941
 149.780007 2.973902 -0.429247
 149.980007 2.850519 -0.650785
 150.180007 -3.105085 -0.316143
 150.380007 -2.897598 -0.560889
 150.580007 2.762524 -0.249103
 150.780007 -3.013390 -0.578019
 150.980007 2.958078 -0.671297
 151.180007 3.056582 -0.408558
 151.380007 2.964889 -0.473129
 151.580007 2.874856 -0.551467
 151.780007 3.058425 -0.557578
 151.980007 3.001440 -0.226794
 152.180007 3.132305 -0.681028
 152.380007 -3.029200 -0.541558
 152.580007 3.091538 -0.564396
 152.780007 3.111381 -0.242936
 152.980007 -3.064264 -0.676614
 153.180007 2.680944 -0.387756
 153.380007 -2.961314 -0.595234
 153.580007 2.908714 -0.408626
 153.780007 3.050757 -0.616395
 153.980007 -3.033529 -0.351885
 154.180007 3.101200 -0.649658
 154.380007 3.072718 -0.483979
 154.580007 3.052818 -0.546819
 154.780007 2.927498 -0.745049
 154.980007 2.953342 -0.134823
 155.180007 -3.074201 -0.924538
 155.380007 2.845060 -0.425575
 155.580007 3.068880 -0.804028
 155.780007 3.122656 -0.383104
 155.980007 3.122884 -0.665173
 156.180007 -2.896852 -0.466527
 156.380007 2.977243 -0.267995
 156.580007 -3.118021 -0.605437
 156.780007 3.032887 -0.477380
 156.980007 -2.977187 -0.611855
 157.180007 2.701792 -0.366942
 157.380007 -3.112629 -0.581342
 157.580007 -2.871074 -0.192885
 157.780007 2.913524 -0.528922
 157.980008 2.798760 -0.490831
 158.180008 2.943714 -0.523371
 158.380008 3.028016 -0.597064
 158.580008 2.978817 -0.391893
 158.780008 -2.894226 -0.360289
 158.980008 -3.065208 -0.683046
 159.180008 2.976453 -0.193865
 159.380008 -3.126071 -0.623952
 159.580008 2.805971 -0.443559
 159.780008 3.107639 -0.703606
 159.980008 2.838931 -0.230436
 160.180008 2.900814 -0.698205
 160.380008 3.125914 -0.446014
 160.580008 -3.053485 -0.555929
 160.780008 2.951301 -0.511826
 160.980008 3.129144 -0.445089
 161.180008 3.118065 -0.602391
 161.380008 -3.087454 -0.185869
 161.580008 -2.980562 -0.462715
 161.780008 2.905417 -0.512641
 161.980008 3.034126 -0.667131
 162.180008 -3.122666 -0.291736
 162.380008 3.135245 -0.685547
 162.580008 2.930089 -0.334449
 162.780008 3.072639 -0.729935
 162.980008 2.923279 -0.383249
 163.180008 3.135675 -0.584020
 163.380008 -3.126582 -0.330727
 163.580008 -3.079446 -0.637684
 163.780008 3.095447 -0.382467
 163.980008 3.004602 -0.361067
 164.180008 3.058807 -0.662435
 164.380008 2.904967 -0.508287
 164.580008 3.037066 -0.486983
 164.780008 3.051866 -0.337269
 164.980008 -3.025920 -0.713617
 165.180008 3.074906 -0.336445
 165.380008 -3.104066 -0.826229
 165.580008 3.010683 -0.256582
 165.780008 3.016874 -0.591995
 165.980008 2.754394 -0.533681
 166.180008 3.008021 -0.603544
 166.380008 2.872753 -0.542711
 166.580008 3.027866 -0.318704
 166.780008 -2.972790 -0.552138
 166.980008 3.014103 -0.482142
 167.180008 3.129232 -0.514816
 167.380008 3.104408 -0.524707
 167.580008 2.900364 -0.617056
 167.780008 2.957597 -0.463606
 167.980008 2.848080 -0.538057
 168.180008 2.788212 -0.478642
 168.380008 3.063367 -0.516854
 168.580008 2.874117 -0.482848
 168.780008 3.113358 -0.540987
 168.980008 -2.974303 -0.447513
 169.180008 2.991383 -0.494247
 169.380008 -3.133335 -0.706424
 169.580008 2.983010 -0.466025
 169.780008 2.969378 -0.472950
 169.980008 2.963021 -0.427352
 170.180008 3.098351 -0.622873
 170.380008 -3.122780 -0.590452
 170.580008 3.098437 -0.291818
 170.780008 2.952262 -0.631064
 170.980008 -3.136930 -0.454938
 171.180008 -3.068846 -0.588387
 171.380008 2.694550 -0.376856
 171.580008 3.120008 -0.579648
 171.780008 2.962488 -0.557073
 171.980008 2.696473 -0.579637
 172.180008 3.129041 -0.453994
 172.380008 3.074830 -0.476658
 172.580008 2.975309 -0.690833
 172.780008 3.120008 -0.175696
 172.980008 3.121387 -0.613944
 173.180008 3.000815 -0.425622
 173.380008 -3.123293 -0.499565
 173.580008 2.902959 -0.502801
 173.780008 3.133521 -0.617161
 173.980008 3.118409 -0.503816
 174.180008 2.930429 -0.374163
 174.380008 -3.112415 -0.492268
 174.580008 -3.087568 -0.671543
 174.780008 2.960581 -0.585286
 174.980008 2.994709 -0.465452
 175.180008 2.882928 -0.660181
 175.380008 -3.037243 -0.484274
 175.580008 2.896863 -0.634410
 175.780008 2.849788 -0.425703
 175.980008 3.095021 -0.460918
 176.180008 3.049845 -0.639546
 176.380008 3.064531 -0.374628
 176.580008 2.979925 -0.409273
 176.780008 -3.100223 -0.612004
 176.980008 3.116317 -0.391822
 177.180008 2.864326 -0.464388
 177.380008 3.070414 -0.422282
 177.580008 -3.078934 -0.619883
 177.780008 2.709508 -0.494556
 177.980008 3.115049 -0.393243
 178.180008 -3.021077 -0.444455
 178.380008 2.796402 -0.482384
 178.580008 -2.994297 -0.663780
 178.780008 3.115581 -0.356436
 178.980009 3.011683 -0.571138
 179.180009 -3.073891 -0.363969
 179.380009 -3.104980 -0.709473
 179.580009 -3.139225 -0.475178
 179.780009 2.982303 -0.329524
 179.980009 2.974704 -0.625086
 180.180009 3.009407 -0.515223
 180.380009 2.982806 -0.722860
 180.580009 2.764678 -0.284539
 180.780009 3.056888 -0.692986
 180.980009 2.811402 -0.604983
 181.180009 3.058615 -0.397084
 181.380009 -3.135179 -0.533558
 181.580009 -3.075274 -0.439849
 181.780009 -2.954972 -0.566365
 181.980009 3.016104 -0.166609
 182.180009 3.123590 -0.783329
 182.380009 2.809901 -0.495640
 182.580009 2.971920 -0.768958
 182.780009 2.971084 -0.167522
 182.980009 -3.073715 -0.852399
 183.180009 2.818761 -0.362534
 183.380009 -3.043557 -0.579125
 183.580009 3.094053 -0.488424
 183.780009 2.942370 -0.585862
 183.980009 3.097819 -0.633279
 184.180009 2.970829 -0.310993
 184.380009 3.005027 -0.693376
 184.580009 -3.080421 -0.348962
 184.780009 3.081149 -0.645202
 184.980009 -3.120076 -0.297593
 185.180009 -3.039699 -0.639143
 185.380009 2.772423 -0.445799
 185.580009 -3.119294 -0.585742
 185.780009 -3.139233 -0.243090
 185.980009 2.912411 -0.676716
 186.180009 2.937494 -0.409601
 186.380009 3.080881 -0.713259
 186.580009 2.911455 -0.236906
 186.780009 -3.133844 -0.705569
 186.980009 -3.086967 -0.351449
 187.180009 2.801452 -0.589760
 187.380009 -3.127251 -0.430297
 187.580009 3.066305 -0.581915
 187.780009 2.736126 -0.528239
 187.980009 2.992661 -0.486090
 188.180009 2.982641 -0.632320
 188.380009 2.821886 -0.548943
 188.580009 -2.975378 -0.479831
 188.780009 -3.088838 -0.256999
 188.980009 2.576209 -0.793354
 189.180009 3.108615 -0.389023
 189.380009 2.947721 -0.477094
 189.580009 2.709507 -0.664144
 189.780009 -3.040999 -0.354749
 189.980009 3.112903 -0.541917
 190.180009 3.090919 -0.435279
 190.380009 -3.131269 -0.460141
 190.580009 -3.070093 -0.562966
 190.780009 2.983179 -0.487590
 190.980009 2.893179 -0.565906
 191.180009 2.910963 -0.507885
 191.380009 2.891868 -0.515963
 191.580009 2.955749 -0.609108
 191.780009 -3.089065 -0.497048
 191.980009 2.946746 -0.552832
 192.180009 -3.060643 -0.100138
 192.380009 -2.873184 -0.628625
 192.580009 2.743370 -0.541692
 192.780009 3.020595 -0.667607
 192.980009 2.889013 -0.389512
 193.180009 2.957470 -0.618711
 193.380009 2.994435 -0.537025
 193.580009 3.117107 -0.561860
 193.780009 2.979225 -0.527250
 193.980009 3.056902 -0.479690
 194.180009 -3.030967 -0.402293
 194.380009 2.716825 -0.597195
 194.580009 2.778934 -0.543397
 194.780009 3.096824 -0.386858
 194.980009 2.824323 -0.572453
 195.180009 3.117021 -0.433938
 195.380009 -2.878455 -0.330733
 195.580009 2.913398 -0.474311
 195.780009 -3.086922 -0.513841
 195.980009 3.117595 -0.298636
 196.180009 2.975065 -0.649478
 196.380009 2.996573 -0.476757
 196.580009 -3.094877 -0.540913
 196.780009 2.708809 -0.440785
 196.980009 -3.037469 -0.664281
 197.180009 3.028534 -0.517957
 197.380009 3.025132 -0.583507
 197.580009 2.997080 -0.232563
 197.780009 3.128752 -0.713032
 197.980009 2.841754 -0.466539
 198.180009 2.978718 -0.498216
 198.380009 3.079721 -0.474838
 198.580009 2.993822 -0.735065
 198.780009 -3.100889 -0.416079
 198.980009 3.072904 -0.463927
 199.180009 -3.106161 -0.578040
 199.380009 -3.034166 -0.460851
 199.580009 3.009147 -0.603419
 199.780009 2.977752 -0.381521
 199.980009 3.023496 -0.592322
