#! FIELDS time phi psi
#! SET max_psi pi
 0.180000 -1.633135 1.206776
 0.380000 -1.638605 -0.003542
 0.580000 -1.814999 0.799764
 0.780000 -1.571816 0.433452
 0.980000 -1.845083 0.651650
 1.180000 -1.454034 0.442831
 1.380000 -1.758972 0.650619
 1.580000 -1.674857 0.344565
 1.780000 -1.529493 0.959548
 1.980000 -1.663587 0.197811
 2.180000 -1.672290 0.960266
 2.380000 -1.598531 0.375128
 2.580000 -1.849640 0.665127
 2.780000 -1.383327 0.681499
 2.980000 -1.842262 0.623425
 3.180000 -1.619711 0.520987
 3.380000 -1.632749 0.810026
 3.580000 -1.679287 0.163142
 3.780000 -1.457203 1.101256
 3.980000 -1.580770 0.273122
 4.180000 -1.843936 0.834296
 4.380000 -1.690995 0.556291
 4.580000 -1.742128 0.618727
 4.780000 -1.528458 0.592414
 4.980000 -1.800022 0.701664
 5.180000 -1.473151 0.505314
 5.380000 -1.618611 0.881742
 5.580000 -1.761742 0.316849
 5.780000 -1.578593 0.888186
 5.980000 -1.626920 0.336404
 6.180000 -1.846587 0.806057
 6.380000 -1.505401 0.680184
 6.580000 -1.894393 0.496521
 6.780000 -1.573714 0.652853
 6.980000 -1.747642 0.729513
 7.180000 -1.669113 0.425898
 7.380000 -1.487817 1.003536
 7.580000 -1.671244 0.347689
 7.780000 -1.640322 0.742067
 7.980000 -1.604281 0.757834
 8.180000 -1.709891 0.430593
 8.380000 -1.621320 0.922271
 8.580000 -1.722144 0.664915
 8.780000 -1.609711 0.566993
 8.980000 -1.620172 0.885384
 9.180000 -1.705451 0.489639
 9.380000 -1.610323 0.664467
 9.580000 -1.480197 0.637938
 9.780000 -1.799509 0.576117
 9.980000 -1.445362 0.638757
 10.180000 -1.702003 0.666706
 10.380000 -1.652234 0.407268
 10.580001 -1.591814 0.847321
 10.780001 -1.630748 0.360099
 10.980001 -1.692715 0.859771
 11.180001 -1.770832 0.631751
 11.380001 -1.694150 0.449312
 11.580001 -1.293341 0.855423
 11.780001 -1.731946 0.275925
 11.980001 -1.640888 0.871709
 12.180001 -1.675689 0.515049
 12.380001 -1.980507 0.678886
 12.580001 -1.323455 0.564275
 12.780001 -1.858749 0.525634
 12.980001 -1.549865 0.644174
 13.180001 -1.551129 0.759007
 13.380001 -1.778523 0.455048
 13.580001 -1.534108 0.898663
 13.780001 -1.654997 0.415939
 13.980001 -1.618881 0.835381
 14.180001 -1.534331 0.574742
 14.380001 -1.747255 0.592088
 14.580001 -1.448999 0.748402
 14.780001 -1.785290 0.625354
 14.980001 -1.549788 0.585322
 15.180001 -1.683805 0.921411
 15.380001 -1.730969 0.391439
 15.580001 -1.375924 0.971244
 15.780001 -1.672276 0.459244
 15.980001 -1.583262 0.722442
 16.180001 -1.469868 0.693947
 16.380001 -1.776472 0.575221
 16.580001 -1.559021 0.701578
 16.780001 -1.591891 0.730510
 16.980001 -1.613990 0.639250
 17.180001 -1.523493 0.708170
 17.380001 -1.655664 0.682573
 17.580001 -1.789953 0.609131
 17.780001 -1.656038 0.949755
 17.980001 -1.667283 0.530822
 18.180001 -1.656570 0.709685
 18.380001 -1.632408 0.667705
 18.580001 -1.673673 0.673049
 18.780001 -1.503906 0.605039
 18.980001 -1.696940 0.757945
 19.180001 -1.693356 0.462963
 19.380001 -1.683021 0.853384
 19.580001 -1.637531 0.544047
 19.780001 -1.821769 0.807421
 19.980001 -1.474568 0.646507
 20.180001 -1.803953 0.637772
 20.380001 -1.628243 0.615794
 20.580001 -1.614763 0.741339
 20.780001 -1.781379 0.578247
 20.980001 -1.595296 0.835461
 21.180001 -1.723769 0.492770
 21.380001 -1.663637 0.835693
 21.580001 -1.468694 0.684309
 21.780001 -1.672595 0.649025
 21.980001 -1.656198 0.763416
 22.180001 -1.688883 0.605963
 22.380001 -1.641778 0.671516
 22.580001 -1.526945 0.716773
 22.780001 -1.705356 0.631333
 22.980001 -1.587208 0.643472
 23.180001 -1.644198 0.815338
 23.380001 -1.731290 0.419225
 23.580001 -1.498049 0.752048
 23.780001 -1.607555 0.566597
 23.980001 -1.714793 0.788272
 24.180001 -1.465065 0.607718
 24.380001 -1.704863 0.785806
 24.580001 -1.515102 0.669235
 24.780001 -1.578408 0.718451
 24.980001 -1.715207 0.515335
 25.180001 -1.641901 0.795679
 25.380001 -1.596503 0.499833
 25.580001 -1.734371 0.886796
 25.780001 -1.479213 0.544372
 25.980001 -1.737411 0.677135
 26.180001 -1.495795 0.643839
 26.380001 -1.796561 0.651655
 26.580001 -1.520854 0.371410
 26.780001 -1.686035 1.057882
 26.980001 -1.687452 0.272131
 27.180001 -1.592911 1.010521
 27.380001 -1.582920 0.408653
 27.580001 -1.777809 0.821409
 27.780001 -1.354847 0.632605
 27.980001 -1.876597 0.577721
 28.180001 -1.454752 0.659805
 28.380001 -1.636934 0.775799
 28.580001 -1.724026 0.238102
 28.780001 -1.578744 0.906835
 28.980001 -1.640201 0.370591
 29.180001 -1.811212 0.716032
 29.380001 -1.501167 0.739853
 29.580001 -1.762800 0.576064
 29.780001 -1.746862 0.541903
 29.980001 -1.677509 0.723264
 30.180001 -1.604708 0.257460
 30.380001 -1.478126 0.908539
 30.580001 -1.687761 0.530509
 30.780001 -1.820145 0.645145
 30.980001 -1.663862 0.729917
 31.180001 -1.765855 0.630784
 31.380001 -1.469730 0.574451
 31.580001 -1.604571 0.841458
 31.780002 -1.624836 0.446192
 31.980002 -1.677715 0.797178
 32.180002 -1.648885 0.597502
 32.380002 -1.672824 0.633005
 32.580002 -1.409574 0.801237
 32.780002 -1.764754 0.342834
 32.980002 -1.795478 0.674111
 33.180002 -1.520005 0.581550
 33.380002 -1.874430 0.680104
 33.580002 -1.490742 0.697207
 33.780002 -1.670400 0.668376
 33.980002 -1.723069 0.628768
 34.180002 -1.709973 0.883330
 34.380002 -1.627076 0.475939
 34.580002 -1.587278 0.971164
 34.780002 -1.635467 0.317543
 34.980002 -1.732498 0.817662
 35.180002 -1.637352 0.476585
 35.380002 -1.676372 0.596172
 35.580002 -1.473138 0.721789
 35.780002 -1.998409 0.547207
 35.980002 -1.558850 0.422015
 36.180002 -1.488053 0.967139
 36.380002 -1.813088 0.349682
 36.580002 -1.372175 0.839705
 36.780002 -1.566347 0.453741
 36.980002 -1.837993 0.814401
 37.180002 -1.536658 0.569084
 37.380002 -1.710563 0.748587
 37.580002 -1.573568 0.684561
 37.780002 -1.692102 0.697663
 37.980002 -1.575211 0.535414
 38.180002 -1.595759 0.867422
 38.380002 -1.775668 0.564120
 38.580002 -1.623908 0.702576
 38.780002 -1.762943 0.652481
 38.980002 -1.655121 0.439033
 39.180002 -1.586991 0.912054
 39.380002 -1.867213 0.528463
 39.580002 -1.639606 0.714107
 39.780002 -1.627306 0.838425
 39.980002 -1.955673 0.339815
 40.180002 -1.360266 0.764022
 40.380002 -1.869618 0.815940
 40.580002 -1.778903 0.481909
 40.780002 -1.433769 0.871037
 40.980002 -1.805585 0.346651
 41.180002 -1.717290 0.829259
 41.380002 -1.548698 0.625326
 41.580002 -1.783140 0.621006
 41.780002 -1.502945 0.728863
 41.980002 -1.712539 0.719513
 42.180002 -1.714809 0.558548
 42.380002 -1.842738 0.893183
 42.580002 -1.610096 0.358501
 42.780002 -1.583898 0.880727
 42.980002 -1.725471 0.473330
 43.180002 -1.604374 0.719417
 43.380002 -1.306199 0.575211
 43.580002 -2.026537 0.703547
 43.780002 -1.402518 0.491874
 43.980002 -1.621518 0.908869
 44.180002 -1.859379 0.357960
 44.380002 -1.487410 0.885130
 44.580002 -1.727835 0.404623
 44.780002 -1.697579 0.798611
 44.980002 -1.549158 0.543722
 45.180002 -2.027996 0.600773
 45.380002 -1.402480 0.802843
 45.580002 -1.609152 0.505006
 45.780002 -1.897409 0.527671
 45.980002 -1.677725 0.984090
 46.180002 -1.449320 0.330440
 46.380002 -1.820418 1.025808
 46.580002 -1.920125 0.452475
 46.780002 -1.556487 0.629771
 46.980002 -1.617523 0.674680
 47.180002 -1.958537 0.656996
 47.380002 -1.425685 0.511760
 47.580002 -1.792268 0.832464
 47.780002 -1.596974 0.525013
 47.980002 -1.547982 0.817760
 48.180002 -1.739052 0.398798
 48.380002 -1.597212 0.956249
 48.580002 -1.553749 0.350943
 48.780002 -2.047252 0.770356
 48.980002 -1.499596 0.681340
 49.180002 -1.737955 0.540173
 49.380002 -1.882678 0.742629
 49.580002 -1.746251 0.770535
 49.780002 -1.716530 0.302371
 49.980002 -1.765514 1.020361
 50.180002 -1.610353 0.422110
 50.380002 -1.725593 0.710528
 50.580002 -1.765928 0.721348
 50.780002 -1.655058 0.559731
 50.980002 -1.687396 0.684166
 51.180002 -1.923369 0.740639
 51.380002 -1.540354 0.408988
 51.580002 -1.544534 0.898539
 51.780002 -1.988572 0.420062
 51.980002 -1.312314 0.769083
 52.180002 -1.537513 0.681191
 52.380002 -1.970463 0.530689
 52.580002 -1.392149 0.739993
 52.780003 -1.669585 0.640770
 52.980003 -1.725587 0.641329
 53.180003 -1.562549 0.825661
 53.380003 -1.720273 0.404666
 53.580003 -1.734528 0.956213
 53.780003 -1.480982 0.638925
 53.980003 -1.647495 0.528111
 54.180003 -1.442281 0.774720
 54.380003 -1.686582 0.598280
 54.580003 -1.666233 0.686643
 54.780003 -1.867874 0.692574
 54.980003 -1.639353 0.406042
 55.180003 -1.422653 0.984869
 55.380003 -1.831677 0.358562
 55.580003 -1.638520 0.811527
 55.780003 -1.593729 0.665758
 55.980003 -1.825924 0.586514
 56.180003 -1.377329 0.687361
 56.380003 -1.916698 0.621112
 56.580003 -1.611301 0.613649
 56.780003 -1.640386 0.789123
 56.980003 -1.710624 0.430246
 57.180003 -1.486824 0.906137
 57.380003 -1.627819 0.513479
 57.580003 -1.796543 0.572387
 57.780003 -1.669742 0.729912
 57.980003 -1.682055 0.690859
 58.180003 -1.634416 0.584697
 58.380003 -1.699845 0.922842
 58.580003 -1.504941 0.402807
 58.780003 -1.699939 0.833756
 58.980003 -1.875379 0.609838
 59.180003 -1.598354 0.597062
 59.380003 -1.547814 0.875982
 59.580003 -1.750100 0.561397
 59.780003 -1.508685 0.518831
 59.980003 -1.605104 0.963284
 60.180003 -1.826049 0.237599
 60.380003 -1.612000 0.723224
 60.580003 -1.765525 0.751289
 60.780003 -1.783405 0.390481
 60.980003 -1.401413 0.632322
 61.180003 -1.873823 0.584475
 61.380003 -1.588134 0.497013
 61.580003 -1.452711 0.835044
 61.780003 -1.875942 0.315559
 61.980003 -1.547580 0.957499
 62.180003 -1.504508 0.470551
 62.380003 -1.998110 0.614206
 62.580003 -1.518584 0.791189
 62.780003 -1.746714 0.442114
 62.980003 -1.625973 0.584880
 63.180003 -1.599285 0.794131
 63.380003 -1.706610 0.382098
 63.580003 -1.562977 0.837376
 63.780003 -1.837265 0.506334
 63.980003 -1.732123 0.564283
 64.180003 -1.419924 0.968869
 64.380003 -1.777147 0.384919
 64.580003 -1.585925 0.775428
 64.780003 -1.690914 0.433704
 64.980003 -1.950064 0.573727
 65.180003 -1.450258 0.732769
 65.380003 -1.821532 0.473023
 65.580003 -1.717305 0.725481
 65.780003 -1.407231 0.768977
 65.980003 -1.864369 0.399165
 66.180003 -1.481480 0.901042
 66.380003 -1.628173 0.537794
 66.580003 -1.804392 0.658007
 66.780003 -1.580097 0.825815
 66.980003 -1.731387 0.254294
 67.180003 -1.547615 0.953672
 67.380003 -1.650097 0.529225
 67.580003 -1.546624 0.613541
 67.780003 -1.515773 0.987291
 67.980003 -1.743421 0.186525
 68.180003 -1.531130 0.915005
 68.380003 -1.741498 0.370135
 68.580003 -1.759304 0.564659
 68.780003 -1.323695 0.675017
 68.980003 -1.742893 0.556656
 69.180003 -1.627443 0.502808
 69.380003 -1.656951 0.907405
 69.580003 -1.667572 0.104072
 69.780003 -1.663341 0.914847
 69.980003 -1.562706 0.551362
 70.180003 -1.676444 0.608902
 70.380003 -1.492889 0.719463
 70.580003 -1.831880 0.614677
 70.780003 -1.494018 0.519365
 70.980003 -1.657004 0.832925
 71.180003 -1.752958 0.373464
 71.380003 -1.515103 0.925783
 71.580003 -1.742261 0.291907
 71.780003 -1.715776 0.704340
 71.980003 -1.662087 0.701774
 72.180003 -1.899942 0.374420
 72.380003 -1.370923 0.757669
 72.580003 -1.698802 0.648539
 72.780003 -1.729482 0.525541
 72.980003 -1.436009 0.951350
 73.180003 -1.438935 0.194193
 73.380003 -1.808185 0.827421
 73.580003 -1.575676 0.540833
 73.780004 -1.820725 0.573017
 73.980004 -1.525471 0.754223
 74.180004 -1.648849 0.728616
 74.380004 -1.524708 0.382296
 74.580004 -1.583730 0.950599
 74.780004 -1.675403 0.418427
 74.980004 -1.749256 0.808140
 75.180004 -1.427920 0.755050
 75.380004 -1.676217 0.664012
 75.580004 -1.595353 0.685690
 75.780004 -1.531533 0.760298
 75.980004 -1.631227 0.568067
 76.180004 -1.677090 0.810744
 76.380004 -1.566267 0.651283
 76.580004 -1.732778 0.501228
 76.780004 -1.607251 0.750362
 76.980004 -1.744255 0.682537
 77.180004 -1.592329 0.681238
 77.380004 -1.503315 0.689740
 77.580004 -1.823483 0.724778
 77.780004 -1.531611 0.496458
 77.980004 -1.506256 0.795674
 78.180004 -1.809319 0.405263
 78.380004 -1.613651 0.862464
 78.580004 -1.639546 0.569302
 78.780004 -1.720335 0.646192
 78.980004 -1.466380 0.721044
 79.180004 -1.649154 0.556163
 79.380004 -1.748853 0.571381
 79.580004 -1.442179 0.740606
 79.780004 -1.695184 0.664275
 79.980004 -1.787290 0.539111
 80.180004 -1.394684 0.640331
 80.380004 -1.697624 0.649848
 80.580004 -1.826456 0.689974
 80.780004 -1.427235 0.493533
 80.980004 -1.722877 0.760388
 81.180004 -1.556752 0.671231
 81.380004 -1.611119 0.638587
 81.580004 -1.797778 0.497021
 81.780004 -1.532255 0.736150
 81.980004 -1.563260 0.687834
 82.180004 -1.664879 0.676910
 82.380004 -1.340794 0.535235
 82.580004 -1.630863 0.736779
 82.780004 -1.543237 0.653600
 82.980004 -1.680399 0.657817
 83.180004 -1.676711 0.520258
 83.380004 -1.553486 0.800816
 83.580004 -1.581629 0.521661
 83.780004 -1.537109 0.543952
 83.980004 -1.628324 0.885098
 84.180004 -1.792588 0.517000
 84.380004 -1.552456 0.513869
 84.580004 -1.702905 0.880516
 84.780004 -1.632809 0.266875
 84.980004 -1.439665 0.812450
 85.180004 -1.690216 0.424757
 85.380004 -1.748889 0.725499
 85.580004 -1.475194 0.556254
 85.780004 -1.899683 0.601382
 85.980004 -1.570722 0.654648
 86.180004 -1.629624 0.659956
 86.380004 -1.715527 0.479101
 86.580004 -1.491101 0.779093
 86.780004 -1.843650 0.292094
 86.980004 -1.776852 0.945031
 87.180004 -1.525420 0.623325
 87.380004 -1.835666 0.465731
 87.580004 -1.610075 0.800938
 87.780004 -1.626772 0.704931
 87.980004 -1.630490 0.543077
 88.180004 -1.616910 0.964939
 88.380004 -1.520034 0.348521
 88.580004 -1.719082 0.920872
 88.780004 -1.681548 0.509973
 88.980004 -1.735330 0.481644
 89.180004 -1.609313 0.822038
 89.380004 -1.752458 0.568483
 89.580004 -1.591565 0.561676
 89.780004 -1.563030 0.708513
 89.980004 -1.593772 0.329992
 90.180004 -1.735078 0.843331
 90.380004 -1.873562 0.596445
 90.580004 -1.787413 0.471080
 90.780004 -1.618459 0.892183
 90.980004 -1.605364 0.335369
 91.180004 -1.532208 0.873382
 91.380004 -1.698190 0.506498
 91.580004 -1.787528 0.461294
 91.780004 -1.589924 0.844144
 91.980004 -1.742936 0.536462
 92.180004 -1.638278 0.562112
 92.380004 -1.626348 0.843968
 92.580004 -1.600249 0.223994
 92.780004 -1.574090 0.889315
 92.980004 -1.704647 0.495988
 93.180004 -1.870294 0.504829
 93.380004 -1.708805 0.745607
 93.580004 -1.536318 0.476698
 93.780004 -1.774001 0.683838
 93.980004 -1.718665 0.696939
 94.180004 -1.395370 0.393660
 94.380004 -1.823895 0.894683
 94.580004 -1.763591 0.512769
 94.780005 -1.727560 0.487702
 94.980005 -1.723817 0.940507
 95.180005 -1.594056 0.535649
 95.380005 -1.438644 0.677464
 95.580005 -1.741486 0.699272
 95.780005 -1.642582 0.411375
 95.980005 -1.528748 1.005763
 96.180005 -1.685248 0.356853
 96.380005 -1.785478 0.869353
 96.580005 -1.644778 0.660208
 96.780005 -1.625931 0.495365
 96.980005 -1.653146 0.823857
 97.180005 -1.617327 0.583753
 97.380005 -1.755665 0.631439
 97.580005 -1.699771 0.853196
 97.780005 -1.679279 0.581400
 97.980005 -1.825848 0.576507
 98.180005 -1.647856 0.942120
 98.380005 -1.520248 0.274571
 98.580005 -1.595470 0.965302
 98.780005 -1.709805 0.577239
 98.980005 -1.608294 0.688817
 99.180005 -1.623032 0.814083
 99.380005 -1.908991 0.527695
 99.580005 -1.478071 0.603230
 99.780005 -1.832594 0.887624
 99.980005 -1.616385 0.281402
 100.180005 -1.486171 1.039074
 100.380005 -1.715839 0.476909
 100.580005 -1.643052 0.893589
 100.780005 -1.462444 0.530514
 100.980005 -1.941228 0.717340
 101.180005 -1.591964 0.722695
 101.380005 -1.684601 0.565254
 101.580005 -1.740027 0.523278
 101.780005 -1.628862 0.950210
 101.980005 -1.632429 0.392194
 102.180005 -1.553213 0.894303
 102.380005 -1.606025 0.578767
 102.580005 -1.728728 0.586763
 102.780005 -1.483339 0.765076
 102.980005 -1.723424 0.440499
 103.180005 -1.652782 0.700376
 103.380005 -1.481383 0.784545
 103.580005 -1.764294 0.434804
 103.780005 -1.663095 0.803911
 103.980005 -1.653412 0.665134
 104.180005 -1.644420 0.466496
 104.380005 -1.385227 0.919015
 104.580005 -1.740748 0.474592
 104.780005 -1.814868 0.702219
 104.980005 -1.621632 0.797323
 105.180005 -1.630302 0.540708
 105.380005 -1.430936 0.734264
 105.580005 -1.570616 0.691627
 105.780005 -1.665489 0.400987
 105.980005 -1.758714 1.067104
 106.180005 -1.600907 0.357528
 106.380005 -1.799509 0.995116
 106.580005 -1.621730 0.492686
 106.780005 -1.730148 0.716396
 106.980005 -1.527878 0.607185
 107.180005 -1.621153 0.748563
 107.380005 -1.585479 0.648606
 107.580005 -1.707399 0.796699
 107.780005 -1.565732 0.520165
 107.980005 -1.705256 0.742674
 108.180005 -1.668909 0.671059
 108.380005 -1.532074 0.698140
 108.580005 -1.675259 0.679696
 108.780005 -1.861609 0.639540
 108.980005 -1.599642 0.601753
 109.180005 -1.551135 0.703023
 109.380005 -1.599581 0.559033
 109.580005 -1.555643 0.780227
 109.780005 -1.637427 0.604972
 109.980005 -1.843530 0.719736
 110.180005 -1.568842 0.597490
 110.380005 -1.710813 0.577131
 110.580005 -1.487770 0.706540
 110.780005 -1.651066 0.913446
 110.980005 -1.660419 0.416621
 111.180005 -1.733360 0.862328
 111.380005 -1.630382 0.506473
 111.580005 -1.533814 0.783332
 111.780005 -1.643081 0.711981
 111.980005 -1.867615 0.834519
 112.180005 -1.461696 0.355766
 112.380005 -1.610085 0.954802
 112.580005 -1.679482 0.497061
 112.780005 -1.589381 0.787190
 112.980005 -1.629354 0.617067
 113.180005 -1.782549 0.682020
 113.380005 -1.515380 0.653689
 113.580005 -1.745903 0.775855
 113.780005 -1.599827 0.581372
 113.980005 -1.582930 0.829345
 114.180005 -1.752503 0.507626
 114.380005 -1.569484 0.780537
 114.580005 -1.486179 0.625262
 114.780005 -1.809837 0.653796
 114.980005 -1.489052 0.667661
 115.180005 -1.749796 0.691841
 115.380005 -1.715615 0.565921
 115.580005 -1.474453 0.773832
 115.780005 -1.581216 0.498281
 115.980006 -1.633183 0.937033
 116.180006 -1.735615 0.564830
 116.380006 -1.740566 0.583288
 116.580006 -1.529819 0.815662
 116.780006 -1.692120 0.534929
 116.980006 -1.610943 0.651384
 117.180006 -1.551780 0.783795
 117.380006 -1.619834 0.460655
 117.580006 -1.596297 0.878885
 117.780006 -1.716076 0.689096
 117.980006 -1.609265 0.769063
 118.180006 -1.512917 0.573584
 118.380006 -1.800751 0.699473
 118.580006 -1.524446 0.734322
 118.780006 -1.589273 0.560265
 118.980006 -1.763571 0.733959
 119.180006 -1.838036 0.812035
 119.380006 -1.701020 0.481458
 119.580006 -1.469252 0.958346
 119.780006 -1.712098 0.421931
 119.980006 -1.793798 0.658653
 120.180006 -1.746452 0.886213
 120.380006 -1.606714 0.330020
 120.580006 -1.598869 0.885436
 120.780006 -1.781704 0.371541
 120.980006 -1.721514 0.699231
 121.180006 -1.441707 0.762077
 121.380006 -1.882615 0.623901
 121.580006 -1.481135 0.629421
 121.780006 -1.770012 0.757890
 121.980006 -1.563855 0.466554
 122.180006 -1.619653 0.950584
 122.380006 -1.568245 0.264957
 122.580006 -1.725221 0.889128
 122.780006 -1.601743 0.587532
 122.980006 -1.915367 0.552433
 123.180006 -1.404295 0.675287
 123.380006 -1.820159 0.655022
 123.580006 -1.858914 0.320785
 123.780006 -1.621342 0.973625
 123.980006 -1.664104 0.226606
 124.180006 -1.777597 0.841830
 124.380006 -1.590125 0.600564
 124.580006 -1.709088 0.668670
 124.780006 -1.664801 0.661287
 124.980006 -1.704444 0.706213
 125.180006 -1.580469 0.376012
 125.380006 -1.646165 0.961385
 125.580006 -1.390608 0.359034
 125.780006 -1.771845 0.880896
 125.980006 -1.618018 0.511516
 126.180006 -1.694409 0.555324
 126.380006 -1.662253 0.580231
 126.580006 -1.668118 0.927703
 126.780006 -1.472521 0.338669
 126.980006 -1.669200 0.889737
 127.180006 -1.573050 0.501780
 127.380006 -1.636822 0.693117
 127.580006 -1.525059 0.620289
 127.780006 -1.837584 0.705081
 127.980006 -1.544913 0.619326
 128.180006 -1.786734 0.766626
 128.380006 -1.487810 0.368190
 128.580006 -1.386362 0.775248
 128.780006 -1.605891 0.658801
 128.980006 -1.793230 0.625481
 129.180006 -1.459408 0.737432
 129.380006 -1.718974 0.443172
 129.580006 -1.728654 0.834569
 129.780006 -1.418078 0.745122
 129.980006 -1.755780 0.409395
 130.180006 -1.561551 0.879033
 130.380006 -1.772387 0.568647
 130.580006 -1.812480 0.687287
 130.780006 -1.464313 0.827468
 130.980006 -1.640625 0.439710
 131.180006 -1.620046 0.742122
 131.380006 -1.630181 0.609818
 131.580006 -1.685481 0.615361
 131.780006 -1.455567 0.777369
 131.980006 -1.745118 0.538905
 132.180006 -1.673915 0.675092
 132.380006 -1.619570 0.742720
 132.580006 -1.899432 0.565318
 132.780006 -1.479851 0.860409
 132.980006 -1.639394 0.490934
 133.180006 -1.979096 0.638385
 133.380006 -1.540767 0.767113
 133.580006 -1.700424 0.479338
 133.780006 -1.669779 0.655470
 133.980006 -1.686351 0.888089
 134.180006 -1.713793 0.361360
 134.380006 -1.684892 0.877320
 134.580006 -1.560372 0.591394
 134.780006 -1.739469 0.566893
 134.980006 -1.635160 0.769967
 135.180006 -1.700071 0.719143
 135.380006 -1.627428 0.531591
 135.580006 -1.421740 0.899570
 135.780006 -1.711502 0.454965
 135.980006 -1.493656 0.755714
 136.180006 -1.651446 0.596412
 136.380006 -1.786809 0.505538
 136.580006 -1.524771 0.764094
 136.780006 -1.872624 0.568307
 136.980007 -1.380859 0.555906
 137.180007 -1.570807 0.952946
 137.380007 -1.757512 0.257957
 137.580007 -1.562206 0.847763
 137.780007 -1.686917 0.479354
 137.980007 -1.600895 0.841072
 138.180007 -1.550563 0.653334
 138.380007 -1.896014 0.818418
 138.580007 -1.532941 0.529933
 138.780007 -1.643228 0.824023
 138.980007 -1.599815 0.529914
 139.180007 -1.482146 0.797594
 139.380007 -1.705941 0.607546
 139.580007 -1.728524 0.756619
 139.780007 -1.594514 0.794182
 139.980007 -1.692789 0.669999
 140.180007 -1.408346 0.755283
 140.380007 -1.696742 0.721185
 140.580007 -1.614569 0.704941
 140.780007 -1.490238 0.613767
 140.980007 -1.723365 0.795268
 141.180007 -1.601375 0.774964
 141.380007 -1.702291 0.622039
 141.580007 -1.580891 0.546063
 141.780007 -1.678640 0.817821
 141.980007 -1.564708 0.508970
 142.180007 -1.623828 0.788998
 142.380007 -1.653806 0.623897
 142.580007 -1.686871 0.767801
 142.780007 -1.439766 0.622396
 142.980007 -1.853774 0.657904
 143.180007 -1.493405 0.560136
 143.380007 -1.780826 0.943184
 143.580007 -1.632120 0.337492
 143.780007 -1.490906 1.039147
 143.980007 -1.499073 0.421905
 144.180007 -1.861587 0.709468
 144.380007 -1.469313 0.743823
 144.580007 -1.931234 0.627754
 144.780007 -1.537694 0.584949
 144.980007 -1.571576 0.900564
 145.180007 -1.657072 0.273645
 145.380007 -1.417559 1.010361
 145.580007 -1.754663 0.311123
 145.780007 -1.829436 0.851371
 145.980007 -1.515304 0.665072
 146.180007 -1.840432 0.416474
 146.380007 -1.301496 0.774694
 146.580007 -1.959440 0.506869
 146.780007 -1.547575 0.413281
 146.980007 -1.557967 0.965457
 147.180007 -1.786782 0.302503
 147.380007 -1.560069 0.937379
 147.580007 -1.703893 0.456144
 147.780007 -1.815784 0.838762
 147.980007 -1.491681 0.771127
 148.180007 -1.719735 0.429319
 148.380007 -1.578069 0.777421
 148.580007 -1.716073 0.767437
 148.780007 -1.647138 0.585113
 148.980007 -1.489776 0.834176
 149.180007 -1.624006 0.464290
 149.380007 -1.744908 0.780042
 149.580007 -1.681779 0.585494
 149.780007 -1.473545 0.578957
 149.980007 -1.543029 0.828072
 150.180007 -1.901495 0.510205
 150.380007 -1.469092 0.625741
 150.580007 -1.743596 0.556416
 150.780007 -1.861073 0.539794
 150.980007 -1.480878 0.815769
 151.180007 -1.787930 0.625188
 151.380007 -1.615707 0.691863
 151.580007 -1.546024 0.677112
 151.780007 -1.863482 0.347867
 151.980007 -1.547623 0.974036
 152.180007 -1.544055 0.380243
 152.380007 -1.766699 0.644476
 152.580007 -1.549166 0.790575
 152.780007 -1.651559 0.393492
 152.980007 -1.572680 0.952374
 153.180007 -1.748679 0.484658
 153.380007 -1.738156 0.609003
 153.580007 -1.682635 0.944943
 153.780007 -1.701304 0.408572
 153.980007 -1.547539 0.819913
 154.180007 -1.704463 0.647489
 154.380007 -1.608446 0.699557
 154.580007 -1.648407 0.615112
 154.780007 -1.753610 0.681464
 154.980007 -1.345933 0.632120
 155.180007 -1.779705 0.747586
 155.380007 -1.662316 0.587497
 155.580007 -1.543498 0.777570
 155.780007 -1.745368 0.522430
 155.980007 -1.530839 0.738470
 156.180007 -1.708759 0.612303
 156.380007 -1.659330 0.801073
 156.580007 -1.467734 0.531363
 156.780007 -1.837092 0.810069
 156.980007 -1.408884 0.568827
 157.180007 -1.624275 0.763482
 157.380007 -1.710037 0.706804
 157.580007 -1.672479 0.746039
 157.780007 -1.779014 0.481285
 157.980008 -1.647914 0.924177
 158.180008 -1.425211 0.546553
 158.380008 -1.764748 0.729591
 158.580008 -1.676730 0.751032
 158.780008 -1.746979 0.524012
 158.980008 -1.617183 0.622554
 159.180008 -1.528355 0.661650
 159.380008 -1.809526 0.496507
 159.580008 -1.633461 0.836141
 159.780008 -1.795468 0.588499
 159.980008 -1.631082 0.595987
 160.180008 -1.517194 0.850842
 160.380008 -1.918909 0.494056
 160.580008 -1.611924 0.684376
 160.780008 -1.658731 0.660855
 160.980008 -1.740263 0.569907
 161.180008 -1.547573 0.924377
 161.380008 -1.708881 0.271051
 161.580008 -1.826881 0.889989
 161.780008 -1.569141 0.468830
 161.980008 -1.625744 0.602843
 162.180008 -1.527097 0.774247
 162.380008 -1.729371 0.633223
 162.580008 -1.552506 0.540257
 162.780008 -1.811296 0.890825
 162.980008 -1.628844 0.439889
 163.180008 -1.506080 0.929515
 163.380008 -1.658631 0.214244
 163.580008 -1.609169 0.850096
 163.780008 -1.539633 0.619271
 163.980008 -1.924170 0.618048
 164.180008 -1.421331 0.735106
 164.380008 -1.727202 0.665623
 164.580008 -1.670835 0.377538
 164.780008 -1.465570 0.880641
 164.980008 -1.754213 0.508818
 165.180008 -1.513633 0.878058
 165.380008 -1.621989 0.576283
 165.580008 -1.724326 0.615006
 165.780008 -1.504344 0.711574
 165.980008 -1.803494 0.598911
 166.180008 -1.395252 0.557015
 166.380008 -1.697248 0.756583
 166.580008 -1.739227 0.595243
 166.780008 -1.478539 0.737207
 166.980008 -1.751920 0.599126
 167.180008 -1.629901 0.721592
 167.380008 -1.449121 0.753743
 167.580008 -1.693236 0.488303
 167.780008 -1.689983 0.732374
 167.980008 -1.552397 0.544323
 168.180008 -1.789090 0.788973
 168.380008 -1.403366 0.528073
 168.580008 -1.661988 0.758511
 168.780008 -1.687631 0.603074
 168.980008 -1.753391 0.748570
 169.180008 -1.519770 0.373291
 169.380008 -1.801343 1.002750
 169.580008 -1.452686 0.391910
 169.780008 -1.607239 0.930483
 169.980008 -1.684006 0.595274
 170.180008 -1.738164 0.689367
 170.380008 -1.601005 0.598686
 170.580008 -1.773446 0.871053
 170.780008 -1.532792 0.459980
 170.980008 -1.528253 0.969231
 171.180008 -1.789441 0.468443
 171.380008 -1.592419 0.769470
 171.580008 -1.750160 0.811714
 171.780008 -1.855183 0.588669
 171.980008 -1.400581 0.714439
 172.180008 -1.545719 0.635146
 172.380008 -1.810251 0.617155
 172.580008 -1.468383 0.736879
 172.780008 -1.860547 0.406850
 172.980008 -1.608852 0.749412
 173.180008 -1.549440 0.697187
 173.380008 -1.850343 0.511166
 173.580008 -1.449329 0.816894
 173.780008 -1.714057 0.388214
 173.980008 -1.642492 0.579972
 174.180008 -1.707792 0.774479
 174.380008 -1.648243 0.401784
 174.580008 -1.444973 0.771027
 174.780008 -1.695400 0.515715
 174.980008 -1.755943 0.630263
 175.180008 -1.650999 0.821666
 175.380008 -1.581271 0.457299
 175.580008 -1.686596 0.728870
 175.780008 -1.772934 0.755600
 175.980008 -1.609209 0.628669
 176.180008 -1.675432 0.579636
 176.380008 -1.738383 0.783390
 176.580008 -1.440260 0.562502
 176.780008 -1.570750 0.827758
 176.980008 -1.723819 0.512725
 177.180008 -1.730235 0.943698
 177.380008 -1.691439 0.434564
 177.580008 -1.730991 0.825474
 177.780008 -1.488923 0.583153
 177.980008 -1.888565 0.617452
 178.180008 -1.501076 0.572519
 178.380008 -1.660623 0.794902
 178.580008 -1.636048 0.327897
 178.780008 -1.571959 0.854007
 178.980009 -1.667864 0.517567
 179.180009 -1.632062 0.583523
 179.380009 -1.659615 0.814377
 179.580009 -1.640362 0.459991
 179.780009 -1.611002 0.784495
 179.980009 -1.602059 0.641022
 180.180009 -1.690125 0.589644
 180.380009 -1.521894 0.623794
 180.580009 -1.850672 0.655920
 180.780009 -1.465087 0.497775
 180.980009 -1.614809 0.844218
 181.180009 -1.658585 0.363907
 181.380009 -1.592911 0.926729
 181.580009 -1.613527 0.378507
 181.780009 -1.822044 0.839549
 181.980009 -1.544009 0.504473
 182.180009 -1.721013 0.686410
 182.380009 -1.497060 0.615762
 182.580009 -1.642215 0.692464
 182.780009 -1.553232 0.501459
 182.980009 -1.648762 0.866414
 183.180009 -1.652918 0.404151
 183.380009 -1.580356 0.814677
 183.580009 -1.704143 0.745727
 183.780009 -1.586180 0.596329
 183.980009 -1.547824 0.715894
 184.180009 -1.920268 0.531401
 184.380009 -1.633176 0.602461
 184.580009 -1.564863 0.711878
 184.780009 -1.812337 0.663993
 184.980009 -1.421816 0.771074
 185.180009 -1.527312 0.559378
 185.380009 -1.782796 0.709573
 185.580009 -1.593699 0.612436
 185.780009 -1.683735 0.520537
 185.980009 -1.649996 0.743810
 186.180009 -1.532554 0.620780
 186.380009 -1.556511 0.799036
 186.580009 -1.633235 0.537184
 186.780009 -1.681368 0.717798
 186.980009 -1.628264 0.563651
 187.180009 -2.005546 0.729219
 187.380009 -1.357588 0.379775
 187.580009 -1.739193 0.853379
 187.780009 -1.681939 0.386278
 187.980009 -1.541655 0.956437
 188.180009 -1.733473 0.345764
 188.380009 -1.793154 0.938401
 188.580009 -1.640523 0.490370
 188.780009 -1.939728 0.777422
 188.980009 -1.439835 0.603742
 189.180009 -1.676098 0.808726
 189.380009 -1.637684 0.317289
 189.580009 -1.446348 0.927218
 189.780009 -1.620959 0.296488
 189.980009 -1.846667 0.869899
 190.180009 -1.459307 0.508549
 190.380009 -1.721175 0.662801
 190.580009 -1.564303 0.775405
 190.780009 -1.766366 0.715675
 190.980009 -1.642279 0.363692
 191.180009 -1.619993 0.925816
 191.380009 -1.576414 0.318908
 191.580009 -1.676279 0.831661
 191.780009 -1.531949 0.619881
 191.980009 -1.851653 0.586062
 192.180009 -1.515296 0.716711
 192.380009 -1.874836 0.468649
 192.580009 -1.600979 0.577303
 192.780009 -1.576570 0.807322
 192.980009 -1.749650 0.333279
 193.180009 -1.663040 0.882462
 193.380009 -1.721699 0.614375
 193.580009 -1.662883 0.502817
 193.780009 -1.476931 0.874640
 193.980009 -1.798614 0.383443
 194.180009 -1.729871 0.792620
 194.380009 -1.637242 0.705336
 194.580009 -1.783035 0.419963
 194.780009 -1.348769 0.900973
 194.980009 -1.806390 0.651118
 195.180009 -1.650127 0.508039
 195.380009 -1.542830 0.996475
 195.580009 -1.944876 0.417859
 195.780009 -1.520665 0.792126
 195.980009 -1.662039 0.724311
 196.180009 -1.826430 0.547282
 196.380009 -1.424188 0.871020
 196.580009 -1.665063 0.485318
 196.780009 -1.696032 0.677599
 196.980009 -1.605808 0.768170
 197.180009 -1.686485 0.387905
 197.380009 -1.582939 0.895570
 197.580009 -1.674331 0.660597
 197.780009 -1.682315 0.512553
 197.980009 -1.500788 0.973537
 198.180009 -1.715126 0.337367
 198.380009 -1.766070 0.885705
 198.580009 -1.597904 0.583326
 198.780009 -1.664068 0.567852
 198.980009 -1.584437 0.751471
 199.180009 -1.631204 0.575545
 199.380009 -1.629640 0.709781
 199.580009 -1.681265 0.581999
 199.780009 -1.783656 0.547923
 199.980009 -1.523015 0.589549
