#! FIELDS time phi psi
#! SET max_psi pi
 0.180000 2.838923 2.928185
 0.380000 -2.653010 -2.490041
 0.580000 -2.586955 -2.694369
 0.780000 -2.783937 -2.832951
 0.980000 -3.020634 -2.545675
 1.180000 -2.879397 -2.717937
 1.380000 -2.610569 -2.306367
 1.580000 -2.537812 -2.435670
 1.780000 -2.832072 -2.757554
 1.980000 2.999943 -2.362474
 2.180000 -3.109562 -2.890939
 2.380000 -2.759894 -2.426830
 2.580000 -2.852343 -2.470547
 2.780000 -2.481739 -2.794130
 2.980000 -2.987568 -2.185569
 3.180000 -2.960324 -2.724987
 3.380000 -3.001691 -2.459916
 3.580000 -2.553902 -2.221857
 3.780000 -2.630943 -2.817368
 3.980000 -3.093756 -2.370948
 4.180000 -2.770027 -2.742087
 4.380000 -2.842100 -2.501961
 4.580000 -2.979172 -2.599171
 4.780000 -3.038425 -2.931516
 4.980000 -2.854354 -2.371098
 5.180000 -2.706336 -2.786990
 5.380000 -2.873252 -2.483090
 5.580000 -2.875398 -2.357391
 5.780000 -2.711831 -2.826514
 5.980000 -2.831410 -2.010017
 6.180000 -2.823039 -2.760158
 6.380000 -2.604386 -2.253279
 6.580000 -2.799740 -2.461389
 6.780000 -2.877653 -2.788027
 6.980000 -2.972664 -2.220411
 7.180000 -2.763266 -2.847992
 7.380000 -2.844827 -2.242518
 7.580000 -2.781024 -2.746777
 7.780000 -2.831133 -2.530113
 7.980000 -2.844203 -2.421293
 8.180000 -2.770161 -2.754511
 8.380000 -2.863150 -2.289770
 8.580000 -2.581092 -2.547069
 8.780000 -2.875054 -2.575642
 8.980000 -2.915118 -2.542016
 9.180000 -2.905180 -2.537287
 9.380000 -2.675537 -2.571065
 9.580000 -2.811716 -2.605285
 9.780000 -2.948668 -2.652645
 9.980000 -2.835699 -2.599722
 10.180000 -2.999340 -2.725909
 10.380000 -2.812051 -2.648840
 10.580001 -2.790708 -2.472138
 10.780001 -2.890052 -2.655578
 10.980001 -3.035608 -2.403733
 11.180001 -2.730702 -2.604854
 11.380001 -2.818044 -2.388322
 11.580001 -2.631314 -2.370338
 11.780001 -2.972691 -2.636918
 11.980001 -2.873822 -2.428567
 12.180001 -2.760597 -2.708280
 12.380001 -2.620806 -2.435104
 12.580001 3.119874 -2.566467
 12.780001 -2.720003 -2.730976
 12.980001 -2.834814 -2.279523
 13.180001 -2.563683 -2.746073
 13.380001 -2.779282 -2.430447
 13.580001 -3.008587 -2.496086
 13.780001 -2.768616 -2.772326
 13.980001 -2.863186 -2.423058
 14.180001 -2.648438 -2.604819
 14.380001 -2.874867 -2.528116
 14.580001 -2.763629 -2.417013
 14.780001 -2.855083 -2.741780
 14.980001 -2.845422 -2.329045
 15.180001 -3.008353 -2.500930
 15.380001 -2.874689 -2.571632
 15.580001 -2.556646 -2.568687
 15.780001 -2.788057 -2.419207
 15.980001 -3.031906 -2.702009
 16.180001 -2.888005 -2.520549
 16.380001 -2.626027 -2.620422
 16.580001 -2.582184 -2.581347
 16.780001 -2.843679 -2.620571
 16.980001 -2.831523 -2.513801
 17.180001 -2.877581 -2.411380
 17.380001 -2.740362 -2.607003
 17.580001 -2.703068 -2.453069
 17.780001 -3.072717 -2.500104
 17.980001 -2.918151 -2.622720
 18.180001 -2.858755 -2.479612
 18.380001 -2.824898 -2.501148
 18.580001 -2.954183 -2.508261
 18.780001 -2.860213 -2.488028
 18.980001 -2.539923 -2.731379
 19.180001 -2.871907 -2.514236
 19.380001 -2.995444 -2.792003
 19.580001 -2.817770 -2.450007
 19.780001 -2.838449 -2.764000
 19.980001 -2.813672 -2.570476
 20.180001 -2.951828 -2.413195
 20.380001 -2.698320 -2.670519
 20.580001 -2.768085 -2.460441
 20.780001 -2.993535 -2.655440
 20.980001 -2.847949 -2.636464
 21.180001 -3.015365 -2.507659
 21.380001 -2.593391 -2.587113
 21.580001 -2.759923 -2.485285
 21.780001 -2.760397 -2.612399
 21.980001 -3.027350 -2.673197
 22.180001 -2.822368 -2.558420
 22.380001 -2.900184 -2.750829
 22.580001 -2.677580 -2.528806
 22.780001 -2.825576 -2.506599
 22.980001 -2.894660 -2.639196
 23.180001 -3.048490 -2.392119
 23.380001 -2.643585 -2.823441
 23.580001 -2.915214 -2.334954
 23.780001 -2.799993 -2.688278
 23.980001 -2.904871 -2.476571
 24.180001 -2.806363 -2.570893
 24.380001 -2.592413 -2.671238
 24.580001 -2.924819 -2.380651
 24.780001 -2.861228 -2.685801
 24.980001 -2.710332 -2.401110
 25.180001 -2.754932 -2.600938
 25.380001 -2.815969 -2.472888
 25.580001 -3.022885 -2.707511
 25.780001 -2.900720 -2.470020
 25.980001 -2.837207 -2.711236
 26.180001 -2.741658 -2.511493
 26.380001 -3.042171 -2.629838
 26.580001 -2.854750 -2.821441
 26.780001 -2.935753 -2.361987
 26.980001 -2.853482 -2.700926
 27.180001 -2.655029 -2.459951
 27.380001 -2.951568 -2.585191
 27.580001 -2.735495 -2.473285
 27.780001 -2.838445 -2.402998
 27.980001 -2.578246 -2.579201
 28.180001 -2.910507 -2.438463
 28.380001 -2.759216 -2.524387
 28.580001 -2.904334 -2.555550
 28.780001 -2.925151 -2.442373
 28.980001 -2.876963 -2.804810
 29.180001 -2.825394 -2.556715
 29.380001 -2.989671 -2.750330
 29.580001 -2.967456 -2.596825
 29.780001 -2.757362 -2.631331
 29.980001 -2.940473 -2.620913
 30.180001 -2.867810 -2.442673
 30.380001 -2.782804 -2.624575
 30.580001 -2.688227 -2.387743
 30.780001 -2.894651 -2.444291
 30.980001 -2.844934 -2.587787
 31.180001 -2.825704 -2.461086
 31.380001 -2.930655 -2.809970
 31.580001 -3.103930 -2.608863
 31.780002 -2.854836 -2.570609
 31.980002 -2.780648 -2.702307
 32.180002 -2.864218 -2.296086
 32.380002 -2.964186 -2.625144
 32.580002 -2.785487 -2.253444
 32.780002 -2.789927 -2.527635
 32.980002 -2.822061 -2.285445
 33.180002 -2.617309 -2.315907
 33.380002 -2.695984 -2.583455
 33.580002 -2.764155 -2.312870
 33.780002 -2.983164 -2.801728
 33.980002 -2.686908 -2.274217
 34.180002 -2.774213 -2.748879
 34.380002 -2.829138 -2.612605
 34.580002 -3.024567 -2.436449
 34.780002 -2.802371 -2.901161
 34.980002 -3.062262 -2.381850
 35.180002 -2.819782 -2.643046
 35.380002 -2.847448 -2.609625
 35.580002 -2.920222 -2.320821
 35.780002 -2.663427 -2.803639
 35.980002 -2.954842 -2.254170
 36.180002 -2.632386 -2.507094
 36.380002 -2.867787 -2.645295
 36.580002 -2.702117 -2.402602
 36.780002 -2.894833 -2.924549
 36.980002 -2.815387 -2.365899
 37.180002 -2.840614 -2.841450
 37.380002 -2.758439 -2.481165
 37.580002 -2.865267 -2.609789
 37.780002 -2.761684 -2.632128
 37.980002 -2.938891 -2.463541
 38.180002 -2.755392 -2.724080
 38.380002 -2.948503 -2.576331
 38.580002 -2.816003 -2.437991
 38.780002 -2.891286 -2.614619
 38.980002 -2.773464 -2.340618
 39.180002 -2.922811 -2.689884
 39.380002 -2.766056 -2.663398
 39.580002 -3.035005 -2.435524
 39.780002 -2.773776 -2.813104
 39.980002 -2.660672 -2.385248
 40.180002 -2.770365 -2.674650
 40.380002 -2.944362 -2.562939
 40.580002 -3.108152 -2.690608
 40.780002 -2.815364 -2.668247
 40.980002 -2.582564 -2.373263
 41.180002 -2.684381 -2.567013
 41.380002 3.127021 -2.602202
 41.580002 -2.964233 -2.421046
 41.780002 -2.654267 -2.723099
 41.980002 -2.590963 -2.322235
 42.180002 -3.008614 -2.643995
 42.380002 -3.006676 -2.657322
 42.580002 -2.654192 -2.284183
 42.780002 -2.572706 -2.694619
 42.980002 -2.733529 -2.229402
 43.180002 -3.004351 -2.578001
 43.380002 -2.827989 -2.436605
 43.580002 -2.634812 -2.429454
 43.780002 -2.659174 -2.762890
 43.980002 -3.139953 -2.534786
 44.180002 -2.858854 -2.641196
 44.380002 -2.857181 -2.762593
 44.580002 -2.660855 -2.537304
 44.780002 -3.015165 -2.555377
 44.980002 -2.674754 -2.633273
 45.180002 -2.946569 -2.669599
 45.380002 -2.738794 -2.614146
 45.580002 -2.987775 -2.512462
 45.780002 -2.757926 -2.569262
 45.980002 -2.682850 -2.683733
 46.180002 -2.846934 -2.424575
 46.380002 -3.029413 -2.671870
 46.580002 -2.910360 -2.409792
 46.780002 -2.588513 -2.549854
 46.980002 -2.817089 -2.503390
 47.180002 -2.913972 -2.617395
 47.380002 -2.841673 -2.445177
 47.580002 -2.934457 -2.680618
 47.780002 -2.575335 -2.622049
 47.980002 -3.078169 -2.578188
 48.180002 -2.812197 -2.694663
 48.380002 -2.711021 -2.443725
 48.580002 -2.808202 -2.617102
 48.780002 -2.839732 -2.551610
 48.980002 -2.871257 -2.519318
 49.180002 -2.813610 -2.566759
 49.380002 -2.667347 -2.489339
 49.580002 -2.939823 -2.557970
 49.780002 -2.942156 -2.547861
 49.980002 -2.705656 -2.561976
 50.180002 -2.724881 -2.523713
 50.380002 -2.951005 -2.563608
 50.580002 -2.851927 -2.638228
 50.780002 -3.011967 -2.589930
 50.980002 -2.844581 -2.819594
 51.180002 -2.989889 -2.434158
 51.380002 -2.811744 -2.771370
 51.580002 -2.563057 -2.513614
 51.780002 -2.861966 -2.459633
 51.980002 -2.817900 -2.649799
 52.180002 -2.977153 -2.205097
 52.380002 -2.689589 -2.705109
 52.580002 -2.771724 -2.302921
 52.780003 -2.939634 -2.646967
 52.980003 -3.043341 -2.710055
 53.180003 -2.929204 -2.510498
 53.380003 -2.788112 -2.795155
 53.580003 -2.911280 -2.646454
 53.780003 -2.795134 -2.541346
 53.980003 -3.011086 -2.800901
 54.180003 -2.551619 -2.283587
 54.380003 -2.913794 -2.607736
 54.580003 -2.831716 -2.441194
 54.780003 -2.877028 -2.452416
 54.980003 -2.652397 -2.537161
 55.180003 -2.748160 -2.303735
 55.380003 -2.883225 -2.614664
 55.580003 -2.764172 -2.478958
 55.780003 -2.966865 -2.591320
 55.980003 -2.773490 -2.593243
 56.180003 -2.968659 -2.466587
 56.380003 -2.742565 -2.739777
 56.580003 -2.948695 -2.470138
 56.780003 -2.748758 -2.581143
 56.980003 -2.879747 -2.678591
 57.180003 -2.898230 -2.444167
 57.380003 -2.745525 -2.714875
 57.580003 -2.875858 -2.516663
 57.780003 -2.809334 -2.596328
 57.980003 -3.095069 -2.649817
 58.180003 -2.732448 -2.499684
 58.380003 -2.772626 -2.529105
 58.580003 -3.016993 -2.614483
 58.780003 -2.919901 -2.470353
 58.980003 -3.006793 -2.761988
 59.180003 -2.734389 -2.510359
 59.380003 -2.792030 -2.560862
 59.580003 -2.760486 -2.600583
 59.780003 -3.003210 -2.620862
 59.980003 -2.853334 -2.628569
 60.180003 -2.779660 -2.442947
 60.380003 -2.599614 -2.659783
 60.580003 -2.626916 -2.362695
 60.780003 -3.007352 -2.657116
 60.980003 -2.791708 -2.618513
 61.180003 -2.878622 -2.433072
 61.380003 -2.721149 -2.652709
 61.580003 -2.898935 -2.610569
 61.780003 -2.873494 -2.579050
 61.980003 -2.821800 -2.750510
 62.180003 -2.883404 -2.509773
 62.380003 -2.635067 -2.639407
 62.580003 -2.731484 -2.490435
 62.780003 -3.095541 -2.510910
 62.980003 -2.697862 -2.573761
 63.180003 -2.907872 -2.536120
 63.380003 -2.749266 -2.530157
 63.580003 -2.917606 -2.527910
 63.780003 -2.524395 -2.408242
 63.980003 -2.859898 -2.659890
 64.180003 -2.838173 -2.390215
 64.380003 -2.757756 -2.654225
 64.580003 -2.816416 -2.489251
 64.780003 -2.947311 -2.738648
 64.980003 -2.988156 -2.536742
 65.180003 -2.734741 -2.589689
 65.380003 -2.828421 -2.567675
 65.580003 -2.988901 -2.412760
 65.780003 -2.824082 -2.676995
 65.980003 -2.757999 -2.398263
 66.180003 -2.664133 -2.625910
 66.380003 -2.997836 -2.470474
 66.580003 -2.743612 -2.419935
 66.780003 -2.734512 -2.645999
 66.980003 -2.811451 -2.527430
 67.180003 -3.002175 -2.527319
 67.380003 -2.977459 -2.723994
 67.580003 -2.622089 -2.336265
 67.780003 -3.132680 -2.697566
 67.980003 -2.643131 -2.581949
 68.180003 -3.078390 -2.561107
 68.380003 -2.610767 -2.586281
 68.580003 -3.004935 -2.450338
 68.780003 -2.723444 -2.533305
 68.980003 -2.944622 -2.592862
 69.180003 -2.790623 -2.388223
 69.380003 -2.901916 -2.783792
 69.580003 -2.847905 -2.390205
 69.780003 -2.923599 -2.656528
 69.980003 -2.822058 -2.680941
 70.180003 -3.043249 -2.511060
 70.380003 -2.979371 -2.577334
 70.580003 -2.884716 -2.542484
 70.780003 -2.649825 -2.399981
 70.980003 -2.801480 -2.536969
 71.180003 -2.894983 -2.470083
 71.380003 -3.002942 -2.557984
 71.580003 -2.669103 -2.575059
 71.780003 -2.675980 -2.336343
 71.980003 -2.704617 -2.526625
 72.180003 -2.983803 -2.482634
 72.380003 -2.792097 -2.441050
 72.580003 -2.863107 -2.739474
 72.780003 -2.806053 -2.475467
 72.980003 3.124739 -2.744851
 73.180003 -2.907260 -2.607165
 73.380003 -2.998086 -2.768716
 73.580003 -2.987394 -2.820859
 73.780004 -2.997365 -2.597842
 73.980004 -2.896365 -2.677624
 74.180004 -2.981305 -2.590970
 74.380004 -3.056839 -2.693455
 74.580004 -2.882658 -2.709127
 74.780004 -2.736375 -2.434215
 74.980004 -2.888045 -2.597650
 75.180004 -2.813715 -2.604928
 75.380004 -2.706251 -2.578552
 75.580004 -2.652071 -2.576751
 75.780004 -2.778380 -2.526211
 75.980004 -2.784277 -2.582926
 76.180004 -2.797220 -2.598906
 76.380004 -2.843425 -2.489918
 76.580004 -2.743039 -2.563039
 76.780004 -2.890163 -2.467072
 76.980004 -2.926165 -2.548835
 77.180004 -2.758634 -2.492114
 77.380004 -2.939083 -2.606871
 77.580004 -2.803745 -2.529866
 77.780004 -2.893858 -2.542952
 77.980004 -2.686437 -2.675550
 78.180004 -2.927091 -2.565213
 78.380004 -2.899928 -2.677089
 78.580004 -2.789432 -2.481096
 78.780004 -2.781852 -2.635044
 78.980004 -2.681374 -2.546084
 79.180004 -2.925527 -2.470009
 79.380004 -2.758822 -2.538916
 79.580004 -2.835035 -2.449615
 79.780004 -2.779835 -2.529165
 79.980004 -2.931315 -2.412443
 80.180004 -2.862901 -2.659688
 80.380004 -3.070804 -2.522778
 80.580004 -2.767746 -2.597619
 80.780004 -2.777707 -2.570125
 80.980004 -2.966544 -2.611491
 81.180004 -2.663996 -2.528344
 81.380004 -2.816530 -2.528845
 81.580004 -2.734850 -2.545371
 81.780004 -2.905022 -2.575620
 81.980004 -2.783580 -2.375513
 82.180004 -2.738509 -2.666941
 82.380004 -2.773963 -2.217753
 82.580004 -2.985991 -2.632523
 82.780004 -2.841902 -2.523318
 82.980004 -2.788361 -2.547739
 83.180004 -2.945572 -2.673660
 83.380004 -2.876914 -2.549197
 83.580004 -2.820420 -2.656251
 83.780004 -2.949149 -2.584647
 83.980004 -2.818808 -2.568434
 84.180004 -2.689471 -2.504682
 84.380004 -2.802901 -2.526197
 84.580004 -2.846255 -2.506815
 84.780004 -2.883255 -2.626493
 84.980004 -2.840224 -2.444625
 85.180004 -2.797478 -2.639744
 85.380004 -2.889016 -2.589072
 85.580004 -2.870737 -2.568771
 85.780004 -2.889537 -2.746950
 85.980004 -2.895219 -2.192798
 86.180004 -2.901387 -2.820150
 86.380004 -2.647392 -2.271084
 86.580004 -2.810338 -2.508678
 86.780004 -2.622442 -2.781485
 86.980004 -2.864943 -2.324410
 87.180004 -2.659643 -2.698303
 87.380004 -2.963654 -2.504066
 87.580004 -2.878613 -2.437102
 87.780004 -2.699035 -2.706831
 87.980004 -2.812643 -2.355520
 88.180004 -2.864398 -2.781608
 88.380004 -2.952990 -2.389303
 88.580004 -2.641948 -2.545093
 88.780004 -2.905431 -2.704074
 88.980004 -3.060119 -2.434835
 89.180004 -3.012171 -2.768673
 89.380004 -2.919700 -2.514939
 89.580004 -2.805710 -2.630443
 89.780004 -3.063062 -2.708225
 89.980004 -2.955206 -2.447909
 90.180004 -2.862308 -2.828558
 90.380004 -2.792707 -2.311052
 90.580004 -2.768494 -2.382019
 90.780004 -2.736203 -2.763216
 90.980004 -2.841610 -2.185275
 91.180004 -2.729822 -2.822920
 91.380004 -2.968464 -2.439371
 91.580004 -2.926302 -2.503048
 91.780004 -2.585244 -2.999139
 91.980004 -2.942269 -2.271967
 92.180004 -2.974411 -2.713882
 92.380004 -3.018718 -2.534143
 92.580004 -2.630253 -2.437996
 92.780004 -2.725526 -2.584092
 92.980004 -2.891244 -2.355616
 93.180004 -2.949664 -2.625044
 93.380004 -2.738560 -2.342899
 93.580004 -2.650293 -2.655795
 93.780004 -2.899844 -2.636794
 93.980004 -2.974814 -2.507625
 94.180004 -2.972217 -2.810032
 94.380004 -2.595052 -2.387254
 94.580004 -3.096807 -2.753778
 94.780005 -3.048381 -2.766675
 94.980005 -2.881080 -2.367337
 95.180005 -2.501182 -2.669885
 95.380005 -2.858110 -2.326958
 95.580005 -2.940913 -2.403362
 95.780005 -2.997383 -2.666395
 95.980005 -2.734220 -2.483278
 96.180005 -2.895976 -2.503961
 96.380005 -2.736679 -2.668953
 96.580005 -2.738011 -2.408638
 96.780005 -2.919630 -2.738124
 96.980005 -2.906248 -2.475066
 97.180005 -2.705100 -2.439600
 97.380005 -2.783343 -2.661446
 97.580005 -2.744178 -2.353455
 97.780005 -2.901256 -2.638236
 97.980005 -2.608505 -2.542411
 98.180005 -2.602736 -2.193573
 98.380005 -2.774976 -2.939044
 98.580005 3.089973 -2.311586
 98.780005 -2.989653 -2.703923
 98.980005 -2.569421 -2.738019
 99.180005 -2.755788 -2.265604
 99.380005 -2.967416 -2.935746
 99.580005 -2.911645 -2.368599
 99.780005 -2.676373 -2.615946
 99.980005 -2.775642 -2.533238
 100.180005 -2.836082 -2.309791
 100.380005 -2.700059 -2.650825
 100.580005 -2.827517 -2.222649
 100.780005 -2.772544 -2.605429
 100.980005 -2.849789 -2.502105
 101.180005 -2.901706 -2.464205
 101.380005 -2.891829 -2.879137
 101.580005 -2.921917 -2.453348
 101.780005 -2.854543 -2.759823
 101.980005 -3.029230 -2.564670
 102.180005 -2.683983 -2.515380
 102.380005 -2.899559 -2.765608
 102.580005 -2.754021 -2.426782
 102.780005 -3.056720 -2.738002
 102.980005 -2.894278 -2.528629
 103.180005 -2.762887 -2.366168
 103.380005 -2.758852 -2.783719
 103.580005 -2.831704 -2.283560
 103.780005 -2.884818 -2.505907
 103.980005 -2.666495 -2.540479
 104.180005 -2.690224 -2.406467
 104.380005 -2.932628 -2.652540
 104.580005 -3.062386 -2.525694
 104.780005 -2.657543 -2.476509
 104.980005 -2.753634 -2.692245
 105.180005 -2.851928 -2.303420
 105.380005 -3.075489 -2.643000
 105.580005 -2.907271 -2.413010
 105.780005 -2.802443 -2.465646
 105.980005 -2.659151 -2.510540
 106.180005 -3.097593 -2.507427
 106.380005 -2.699362 -2.670941
 106.580005 -2.756252 -2.414597
 106.780005 -2.654102 -2.638420
 106.980005 -2.906972 -2.658050
 107.180005 -2.827065 -2.504650
 107.380005 -2.833549 -2.655274
 107.580005 -2.895524 -2.562878
 107.780005 -2.674930 -2.545172
 107.980005 -2.877452 -2.699517
 108.180005 -2.879623 -2.382288
 108.380005 -2.893376 -2.804784
 108.580005 -2.614996 -2.339028
 108.780005 -3.055628 -2.555765
 108.980005 -2.636825 -2.681666
 109.180005 -2.686613 -2.320367
 109.380005 -2.815649 -2.835591
 109.580005 -2.771347 -2.438748
 109.780005 -2.843727 -2.716670
 109.980005 -2.794365 -2.676154
 110.180005 -2.909461 -2.469019
 110.380005 -2.902359 -2.710277
 110.580005 -3.096233 -2.436059
 110.780005 -2.852452 -2.480580
 110.980005 -2.650833 -2.542713
 111.180005 -2.824770 -2.366785
 111.380005 -2.878855 -2.782355
 111.580005 -2.951294 -2.167406
 111.780005 -2.643371 -2.855965
 111.980005 -2.759307 -2.530642
 112.180005 -2.902301 -2.382627
 112.380005 -2.854694 -2.760766
 112.580005 -2.815541 -2.242701
 112.780005 -2.770319 -2.635740
 112.980005 -2.895127 -2.553573
 113.180005 -2.807966 -2.343251
 113.380005 -2.729522 -2.717478
 113.580005 -2.725512 -2.319993
 113.780005 -2.975410 -2.711240
 113.980005 -2.852256 -2.441842
 114.180005 -2.694635 -2.452479
 114.380005 -2.798839 -2.735976
 114.580005 -3.046542 -2.409940
 114.780005 -2.694538 -2.639875
 114.980005 -2.856034 -2.463406
 115.180005 -2.997927 -2.442127
 115.380005 -2.864393 -2.709195
 115.580005 -2.691162 -2.288389
 115.780005 -2.740116 -2.661587
 115.980006 -3.004767 -2.384641
 116.180006 -2.853387 -2.354609
 116.380006 -2.687590 -2.569261
 116.580006 -2.723839 -2.354957
 116.780006 -2.828771 -2.796486
 116.980006 -2.863394 -2.526727
 117.180006 -2.857296 -2.665169
 117.380006 -2.706722 -2.671132
 117.580006 -2.665690 -2.561676
 117.780006 -3.059989 -2.555450
 117.980006 -2.733750 -2.523912
 118.180006 -2.634189 -2.609137
 118.380006 -2.849966 -2.556825
 118.580006 -2.999759 -2.508754
 118.780006 -2.907099 -2.500119
 118.980006 -2.625264 -2.622178
 119.180006 -2.658646 -2.447246
 119.380006 -3.094437 -2.600057
 119.580006 -2.909965 -2.419351
 119.780006 -2.604065 -2.551017
 119.980006 -2.852570 -2.639588
 120.180006 -2.865349 -2.527018
 120.380006 -2.907920 -2.478908
 120.580006 -2.870453 -2.689617
 120.780006 -2.566017 -2.443108
 120.980006 -2.926813 -2.556945
 121.180006 -2.929383 -2.535990
 121.380006 -2.723703 -2.362426
 121.580006 -2.619352 -2.728989
 121.780006 -2.880919 -2.570606
 121.980006 -3.071545 -2.536980
 122.180006 -2.910369 -2.688697
 122.380006 -2.647739 -2.428885
 122.580006 -2.844352 -2.507687
 122.780006 -2.973878 -2.770450
 122.980006 -2.665156 -2.267362
 123.180006 -2.598743 -2.837497
 123.380006 -2.884350 -2.510497
 123.580006 -3.059579 -2.369582
 123.780006 -2.914855 -2.921842
 123.980006 -2.801305 -2.257477
 124.180006 -2.978624 -2.702051
 124.380006 -2.411731 -2.512930
 124.580006 -2.792625 -2.345072
 124.780006 -2.725604 -2.701581
 124.980006 -2.871169 -2.225946
 125.180006 -2.674016 -2.656609
 125.380006 -2.688282 -2.400050
 125.580006 -2.970131 -2.401965
 125.780006 -2.804653 -2.632653
 125.980006 -2.905207 -2.405027
 126.180006 -2.700532 -2.820384
 126.380006 -3.018772 -2.595035
 126.580006 -2.892470 -2.618701
 126.780006 -2.795136 -2.783768
 126.980006 -2.664659 -2.279524
 127.180006 -2.878682 -2.680121
 127.380006 -2.836694 -2.467980
 127.580006 -2.955547 -2.460326
 127.780006 -2.634514 -2.579232
 127.980006 -2.727871 -2.193036
 128.180006 -2.472220 -2.955040
 128.380006 -2.976634 -2.502967
 128.580006 -2.990066 -2.688935
 128.780006 -2.852266 -2.740047
 128.980006 -2.590891 -2.366587
 129.180006 -2.973101 -2.783066
 129.380006 3.123843 -2.528552
 129.580006 -2.693041 -2.370139
 129.780006 -2.770517 -2.699910
 129.980006 -2.853409 -2.386005
 130.180006 -2.858781 -2.393638
 130.380006 -2.671045 -2.575068
 130.580006 -2.728521 -2.366083
 130.780006 -2.786697 -2.587998
 130.980006 -2.891611 -2.439154
 131.180006 -2.851401 -2.495869
 131.380006 -2.767797 -2.492925
 131.580006 -2.863255 -2.569900
 131.780006 -2.965462 -2.791122
 131.980006 3.105178 -2.630439
 132.180006 -2.837167 -2.756586
 132.380006 -2.861407 -2.686634
 132.580006 -3.008076 -2.589103
 132.780006 -2.996348 -2.705451
 132.980006 -2.788802 -2.671957
 133.180006 -2.664590 -2.417837
 133.380006 -2.886355 -2.424436
 133.580006 -2.902849 -2.568114
 133.780006 -2.817543 -2.311939
 133.980006 -2.599003 -2.507304
 134.180006 -2.629176 -2.357763
 134.380006 -2.773904 -2.480230
 134.580006 -2.825020 -2.670492
 134.780006 -2.786251 -2.572311
 134.980006 -2.875686 -2.625206
 135.180006 -2.965696 -2.639544
 135.380006 -2.808966 -2.491319
 135.580006 -2.848189 -2.725914
 135.780006 -3.010398 -2.562014
 135.980006 -2.915633 -2.589853
 136.180006 -2.681051 -2.532404
 136.380006 -2.917811 -2.510032
 136.580006 -2.977713 -2.593278
 136.780006 -2.861621 -2.591482
 136.980007 -2.500624 -2.514396
 137.180007 -2.839406 -2.645619
 137.380007 -2.983579 -2.586350
 137.580007 -3.033201 -2.615578
 137.780007 -2.772729 -2.519442
 137.980007 -2.708234 -2.580093
 138.180007 -2.677802 -2.498705
 138.380007 -3.024440 -2.599993
 138.580007 -2.872502 -2.554813
 138.780007 -3.011921 -2.633933
 138.980007 -2.456537 -2.617555
 139.180007 -2.983462 -2.473613
 139.380007 -2.766845 -2.768717
 139.580007 -2.778702 -2.287988
 139.780007 -2.695976 -2.611472
 139.980007 -2.927364 -2.529222
 140.180007 -3.012313 -2.305261
 140.380007 -2.754968 -2.758868
 140.580007 -2.737429 -2.236446
 140.780007 -2.716512 -2.659656
 140.980007 -3.032369 -2.589389
 141.180007 -2.880555 -2.557206
 141.380007 -2.726814 -2.712436
 141.580007 -2.926464 -2.454220
 141.780007 -3.024829 -2.593634
 141.980007 -2.701943 -2.656255
 142.180007 -2.859776 -2.429401
 142.380007 -2.909876 -2.834091
 142.580007 -3.005306 -2.381643
 142.780007 -2.574658 -2.609498
 142.980007 -2.815613 -2.493390
 143.180007 -3.123262 -2.567412
 143.380007 -2.961417 -2.651376
 143.580007 -2.814806 -2.449586
 143.780007 -2.671169 -2.535578
 143.980007 -2.965144 -2.527077
 144.180007 -2.913125 -2.313974
 144.380007 -2.819348 -2.711963
 144.580007 -2.617712 -2.368559
 144.780007 -2.917952 -2.573501
 144.980007 -2.860331 -2.679067
 145.180007 -2.804262 -2.341790
 145.380007 -2.876928 -2.811951
 145.580007 -2.778659 -2.449101
 145.780007 -2.961144 -2.568248
 145.980007 -2.715657 -2.657826
 146.180007 -2.947332 -2.240718
 146.380007 -2.700260 -2.914466
 146.580007 -2.943038 -2.257017
 146.780007 -2.734475 -2.568631
 146.980007 -2.739284 -2.644010
 147.180007 -2.837635 -2.175934
 147.380007 -2.844107 -2.914814
 147.580007 -3.056725 -2.184572
 147.780007 -2.710490 -2.680242
 147.980007 -2.748542 -2.576413
 148.180007 -2.640066 -2.309421
 148.380007 -2.790503 -2.739702
 148.580007 -2.937656 -2.201256
 148.780007 -2.866306 -2.913360
 148.980007 -2.796037 -2.334870
 149.180007 -2.898094 -2.573832
 149.380007 -2.797300 -2.729836
 149.580007 -2.778814 -2.304524
 149.780007 -2.601856 -2.873912
 149.980007 -2.994799 -2.259872
 150.180007 -3.036129 -2.701862
 150.380007 -2.541860 -2.437607
 150.580007 -2.650790 -2.329046
 150.780007 -2.893600 -2.784899
 150.980007 -3.060381 -2.378143
 151.180007 -2.764659 -2.779791
 151.380007 -2.668168 -2.402610
 151.580007 -2.908343 -2.478441
 151.780007 -2.824501 -2.896405
 151.980007 -2.910329 -2.077015
 152.180007 -2.793777 -2.941834
 152.380007 -2.942847 -2.238976
 152.580007 -2.746656 -2.547618
 152.780007 -2.822520 -2.653812
 152.980007 -2.829259 -2.266969
 153.180007 -2.970145 -3.048919
 153.380007 -2.913093 -2.292151
 153.580007 -2.956889 -2.843700
 153.780007 -2.800451 -2.511792
 153.980007 -2.860946 -2.431456
 154.180007 -2.787059 -2.779940
 154.380007 -2.892954 -2.123504
 154.580007 -2.842098 -2.775585
 154.780007 -2.765783 -2.327436
 154.980007 -2.773982 -2.419660
 155.180007 -2.631868 -2.627580
 155.380007 -2.951348 -2.147519
 155.580007 -2.765451 -2.769975
 155.780007 -3.048807 -2.400692
 155.980007 -2.846640 -2.582743
 156.180007 -2.956345 -2.720757
 156.380007 -2.906649 -2.440151
 156.580007 3.123894 -2.801305
 156.780007 -2.945343 -2.570039
 156.980007 -2.818326 -2.469792
 157.180007 -2.963167 -2.665637
 157.380007 -2.777883 -2.431954
 157.580007 -2.866741 -2.566230
 157.780007 -2.704116 -2.403347
 157.980008 -2.896345 -2.559139
 158.180008 -2.606624 -2.488837
 158.380008 -2.723809 -2.430116
 158.580008 -2.867320 -2.494178
 158.780008 -2.768879 -2.323085
 158.980008 -2.679386 -2.567434
 159.180008 -2.739583 -2.409893
 159.380008 -2.817622 -2.578438
 159.580008 -2.927979 -2.821374
 159.780008 -2.907294 -2.485680
 159.980008 -2.882687 -2.917010
 160.180008 -3.094742 -2.394864
 160.380008 -2.639385 -2.756072
 160.580008 -2.850663 -2.457881
 160.780008 -2.866544 -2.556305
 160.980008 -2.859743 -2.664458
 161.180008 -2.779650 -2.244231
 161.380008 -2.783661 -2.651351
 161.580008 -2.702215 -2.278510
 161.780008 -2.600043 -2.648568
 161.980008 -2.722471 -2.428326
 162.180008 -2.937607 -2.564030
 162.380008 -2.774828 -2.788296
 162.580008 -2.733047 -2.417993
 162.780008 -2.966974 -2.847922
 162.980008 -2.989801 -2.613605
 163.180008 -2.772769 -2.640277
 163.380008 -2.818437 -2.731132
 163.580008 -3.021979 -2.341551
 163.780008 -2.623883 -2.773619
 163.980008 -2.869870 -2.333762
 164.180008 -2.917682 -2.509070
 164.380008 -2.899468 -2.687088
 164.580008 -2.630842 -2.090366
 164.780008 -2.898468 -2.748854
 164.980008 -2.842696 -2.461992
 165.180008 -2.846757 -2.547692
 165.380008 -2.602639 -2.614934
 165.580008 -2.904167 -2.478603
 165.780008 -2.931881 -2.586392
 165.980008 -2.800948 -2.496579
 166.180008 -2.888763 -2.578554
 166.380008 -2.921382 -2.625545
 166.580008 -2.905327 -2.539905
 166.780008 -2.828728 -2.650916
 166.980008 -2.858412 -2.564897
 167.180008 -2.739108 -2.615686
 167.380008 -2.820778 -2.569904
 167.580008 -3.038937 -2.486270
 167.780008 -2.930184 -2.738245
 167.980008 -2.744747 -2.426234
 168.180008 -2.883910 -2.582169
 168.380008 -2.651046 -2.505844
 168.580008 -3.049686 -2.631219
 168.780008 -2.889211 -2.710620
 168.980008 -3.059016 -2.369725
 169.180008 -2.856751 -2.813451
 169.380008 -2.790535 -2.518983
 169.580008 -2.824145 -2.512418
 169.780008 -2.868591 -2.783546
 169.980008 -2.765256 -2.280237
 170.180008 -2.744610 -2.681625
 170.380008 -2.742492 -2.347107
 170.580008 -2.957428 -2.472208
 170.780008 -2.756356 -2.597451
 170.980008 -2.926094 -2.318754
 171.180008 -2.609731 -2.689270
 171.380008 -2.836445 -2.569265
 171.580008 -2.944109 -2.472094
 171.780008 -2.815776 -2.917331
 171.980008 -2.756591 -2.060473
 172.180008 -2.892602 -3.029272
 172.380008 -2.629816 -2.407406
 172.580008 -2.930274 -2.443151
 172.780008 -2.747473 -2.886913
 172.980008 -2.915310 -2.328103
 173.180008 -2.899366 -2.927643
 173.380008 -2.863847 -2.479848
 173.580008 -2.730716 -2.561103
 173.780008 -2.900778 -2.840540
 173.980008 -2.904515 -2.266423
 174.180008 -2.865865 -2.895234
 174.380008 -2.582649 -2.351128
 174.580008 -2.962713 -2.516761
 174.780008 -2.875605 -2.644204
 174.980008 -2.874778 -2.294548
 175.180008 -2.607623 -2.702402
 175.380008 -2.982333 -2.410575
 175.580008 -2.774763 -2.520370
 175.780008 -2.715303 -2.826175
 175.980008 -2.972841 -2.282668
 176.180008 -2.941516 -2.806277
 176.380008 -2.862868 -2.207099
 176.580008 -2.844696 -2.739009
 176.780008 -2.886350 -2.422189
 176.980008 -2.900562 -2.445468
 177.180008 -2.866448 -2.896734
 177.380008 -2.792389 -2.238577
 177.580008 -2.899665 -2.781609
 177.780008 -2.732334 -2.424294
 177.980008 -2.907531 -2.449405
 178.180008 -2.768551 -2.708164
 178.380008 -2.817939 -2.246089
 178.580008 -2.844302 -2.756948
 178.780008 -2.824396 -2.348402
 178.980009 -2.792016 -2.559384
 179.180009 -2.675820 -2.766036
 179.380009 -2.873127 -2.233563
 179.580009 -2.720645 -2.850818
 179.780009 -2.763247 -2.299593
 179.980009 -2.726491 -2.406973
 180.180009 -2.855158 -2.741749
 180.380009 -2.918357 -2.159908
 180.580009 -3.005387 -2.862445
 180.780009 -2.829907 -2.462806
 180.980009 -2.818431 -2.599974
 181.180009 -2.873831 -2.755395
 181.380009 -2.892793 -2.254046
 181.580009 -2.865062 -2.900988
 181.780009 -2.769028 -2.226548
 181.980009 -2.855271 -2.574300
 182.180009 -2.951493 -2.519763
 182.380009 -2.981776 -2.189180
 182.580009 -2.693770 -2.963370
 182.780009 -2.764893 -2.213082
 182.980009 -2.990176 -2.773562
 183.180009 -2.950221 -2.583106
 183.380009 -2.862393 -2.264599
 183.580009 -2.681002 -2.958899
 183.780009 -2.940705 -2.164191
 183.980009 -2.877743 -2.633446
 184.180009 -2.870965 -2.490077
 184.380009 -2.456777 -2.335977
 184.580009 -2.819939 -2.760122
 184.780009 -3.020256 -2.468550
 184.980009 -3.011580 -2.689676
 185.180009 -2.790125 -2.635145
 185.380009 -2.742966 -2.479183
 185.580009 -2.835817 -2.614919
 185.780009 -2.671541 -2.524358
 185.980009 -2.811632 -2.507377
 186.180009 -2.794115 -2.651297
 186.380009 -2.906467 -2.359067
 186.580009 -2.610393 -2.609975
 186.780009 -2.733409 -2.576062
 186.980009 -2.763660 -2.440038
 187.180009 -3.007288 -2.781795
 187.380009 -2.888661 -2.391642
 187.580009 -2.830734 -2.620184
 187.780009 -2.813596 -2.619069
 187.980009 -2.817910 -2.449539
 188.180009 -2.925558 -2.715515
 188.380009 -2.795086 -2.314189
 188.580009 -2.851385 -2.755141
 188.780009 -2.731716 -2.303827
 188.980009 -2.841228 -2.563604
 189.180009 -2.818613 -2.759426
 189.380009 -2.776920 -2.212831
 189.580009 -2.562882 -2.822241
 189.780009 -2.974469 -2.323769
 189.980009 -2.959433 -2.600294
 190.180009 -2.935733 -2.595720
 190.380009 -2.798945 -2.477608
 190.580009 -2.713399 -2.731134
 190.780009 -2.945907 -2.200304
 190.980009 -2.986736 -2.649777
 191.180009 -2.751325 -2.574660
 191.380009 -2.859191 -2.484596
 191.580009 -2.907265 -2.770791
 191.780009 -2.663730 -2.372597
 191.980009 -2.661865 -2.701826
 192.180009 -3.044897 -2.642208
 192.380009 3.132187 -2.465313
 192.580009 -2.647672 -2.762447
 192.780009 -2.679774 -2.429235
 192.980009 -2.927421 -2.588691
 193.180009 -3.057354 -2.599061
 193.380009 -3.065405 -2.521059
 193.580009 -2.629682 -2.520089
 193.780009 -2.737881 -2.513874
 193.980009 -2.974875 -2.561906
 194.180009 -2.867333 -2.637654
 194.380009 -2.810441 -2.473818
 194.580009 -2.970239 -2.624736
 194.780009 -2.751707 -2.562582
 194.980009 -2.984143 -2.533006
 195.180009 -2.855272 -2.678605
 195.380009 -2.991487 -2.354941
 195.580009 -2.803497 -2.687184
 195.780009 -2.649977 -2.402244
 195.980009 -2.779791 -2.675302
 196.180009 -2.907161 -2.725105
 196.380009 -2.970525 -2.350159
 196.580009 -2.757148 -2.951577
 196.780009 -2.741434 -2.363466
 196.980009 -2.941195 -2.688347
 197.180009 -2.804734 -2.625008
 197.380009 -2.525083 -2.311474
 197.580009 -2.649335 -2.737464
 197.780009 -2.743173 -2.374310
 197.980009 -2.734746 -2.524746
 198.180009 -2.701298 -2.523647
 198.380009 -2.911668 -2.311495
 198.580009 -2.793556 -2.557667
 198.780009 -2.915761 -2.440534
 198.980009 -2.704019 -2.580370
 199.180009 -2.793140 -2.601603
 199.380009 -3.090172 -2.634053
 199.580009 -2.961445 -2.656825
 199.780009 -2.936550 -2.712497
 199.980009 -2.743623 -2.533041
