#! FIELDS time phi psi
#! SET max_psi pi
 0.180000 -2.900192 1.727492
 0.380000 -2.649133 0.592796
 0.580000 -2.827049 1.379692
 0.780000 -2.877695 0.403564
 0.980000 3.141515 1.155970
 1.180000 -2.793585 0.376398
 1.380000 3.075264 1.310570
 1.580000 -2.558015 0.669462
 1.780000 3.068313 1.022177
 1.980000 -2.583179 0.809346
 2.180000 3.074336 0.942886
 2.380000 -2.755022 0.750330
 2.580000 3.039760 0.935186
 2.780000 -2.812353 0.661527
 2.980000 -3.140819 1.189996
 3.180000 -2.743794 0.616329
 3.380000 2.987553 1.216501
 3.580000 -2.847874 0.516565
 3.780000 -2.995650 1.175638
 3.980000 -2.984484 0.524156
 4.180000 -3.076691 1.030915
 4.380000 -2.877308 0.808476
 4.580000 -2.956647 1.088067
 4.780000 -2.995506 0.592358
 4.980000 -2.806126 0.892206
 5.180000 -2.918201 0.968979
 5.380000 -2.885423 0.683566
 5.580000 -2.987193 0.955948
 5.780000 -2.781065 0.687053
 5.980000 -2.840298 1.117368
 6.180000 -2.766538 0.609214
 6.380000 -2.791224 1.007273
 6.580000 -2.952450 0.748993
 6.780000 -2.897190 1.047859
 6.980000 -2.967872 0.604399
 7.180000 -2.913837 0.972389
 7.380000 -2.905076 0.793983
 7.580000 -3.008093 0.864390
 7.780000 -2.933572 0.825507
 7.980000 -3.016615 0.850212
 8.180000 -2.890756 1.022117
 8.380000 -3.095039 0.522175
 8.580000 -2.917282 1.052666
 8.780000 -2.982479 0.711728
 8.980000 -2.974663 0.886347
 9.180000 -3.089449 0.667207
 9.380000 -3.035103 1.074066
 9.580000 -2.965185 0.794213
 9.780000 3.089282 0.788310
 9.980000 -2.847891 0.873114
 10.180000 -2.956668 0.898568
 10.380000 -2.796552 0.970674
 10.580001 -3.124835 0.599217
 10.780001 -2.939123 1.007899
 10.980001 -3.049477 0.688933
 11.180001 -3.084911 1.071213
 11.380001 -2.998163 0.717917
 11.580001 3.128286 0.924314
 11.780001 -2.675797 0.750468
 11.980001 -2.943128 0.978967
 12.180001 -2.714739 0.909626
 12.380001 2.991594 0.800880
 12.580001 -2.866388 0.842172
 12.780001 3.097134 0.809138
 12.980001 -2.997785 0.846270
 13.180001 -2.931461 0.912732
 13.380001 -3.056048 0.855415
 13.580001 -2.876237 0.876910
 13.780001 -2.985800 0.706386
 13.980001 -2.846718 0.953052
 14.180001 -2.825858 0.851376
 14.380001 -3.037308 0.851774
 14.580001 -2.929364 0.777686
 14.780001 -3.015276 0.787064
 14.980001 -2.661545 0.965532
 15.180001 -3.010232 0.714982
 15.380001 -2.907154 0.870781
 15.580001 -2.708935 0.930979
 15.780001 -2.977634 0.642669
 15.980001 -2.986399 0.940573
 16.180001 -2.965829 0.766164
 16.380001 -2.939225 1.030205
 16.580001 -2.952794 0.654822
 16.780001 -3.005697 0.861433
 16.980001 -2.809711 0.906094
 17.180001 -2.965570 0.684824
 17.380001 -2.864019 1.133326
 17.580001 -2.878459 0.663706
 17.780001 -2.987264 1.104094
 17.980001 -2.942617 0.513351
 18.180001 -2.962852 1.146737
 18.380001 -2.978857 0.694048
 18.580001 -2.925391 0.964943
 18.780001 -2.937759 0.803987
 18.980001 -2.886477 0.838729
 19.180001 -2.946652 0.871371
 19.380001 -2.951744 0.836173
 19.580001 -3.099753 0.840045
 19.780001 -2.959626 0.790066
 19.980001 -2.887012 0.917092
 20.180001 -2.849572 0.825823
 20.380001 -2.941746 0.842934
 20.580001 -2.878222 0.804848
 20.780001 -2.935336 1.018244
 20.980001 -2.899894 0.717678
 21.180001 -3.124944 0.990827
 21.380001 -2.837892 0.767918
 21.580001 -2.925187 0.967004
 21.780001 -3.048926 0.813303
 21.980001 -2.959218 0.855914
 22.180001 -3.013555 0.878156
 22.380001 -2.914261 0.783945
 22.580001 3.081849 0.890923
 22.780001 -2.829714 0.770875
 22.980001 -3.100248 0.910962
 23.180001 -2.973624 0.593237
 23.380001 -2.856487 1.199142
 23.580001 -2.919286 0.764356
 23.780001 -3.020113 0.921706
 23.980001 -2.763524 0.931383
 24.180001 -2.981727 0.914606
 24.380001 -2.949983 0.726258
 24.580001 -2.970805 0.854833
 24.780001 -2.954556 0.960859
 24.980001 -2.824506 0.690136
 25.180001 -2.849531 1.048522
 25.380001 -2.682812 0.690454
 25.580001 3.045135 1.014122
 25.780001 -2.856542 0.547183
 25.980001 2.999662 1.079477
 26.180001 -2.637894 0.719817
 26.380001 3.092402 1.199480
 26.580001 -2.532682 0.525786
 26.780001 2.934862 1.305027
 26.980001 -2.670437 0.467632
 27.180001 2.974668 1.198407
 27.380001 -2.966357 0.626742
 27.580001 -3.129799 1.034496
 27.780001 -2.938446 0.795778
 27.980001 -2.941422 0.897001
 28.180001 -2.809784 0.866190
 28.380001 -2.886361 0.890191
 28.580001 -3.115186 0.987090
 28.780001 -2.971880 0.741068
 28.980001 3.128151 0.998807
 29.180001 -2.944821 0.652811
 29.380001 -3.079525 1.131467
 29.580001 -2.840463 0.628658
 29.780001 -3.038773 1.097821
 29.980001 -2.720318 0.619070
 30.180001 -3.095745 1.052689
 30.380001 -2.820219 0.748636
 30.580001 -3.105700 0.868028
 30.780001 -2.795951 0.945390
 30.980001 -3.039447 0.779261
 31.180001 -2.910708 0.907493
 31.380001 -2.784118 0.773046
 31.580001 -2.943680 0.895715
 31.780002 -2.786529 0.805630
 31.980002 -3.107576 0.818310
 32.180002 -2.934673 0.705449
 32.380002 -3.133967 0.903628
 32.580002 -2.818000 0.724238
 32.780002 3.138508 0.959043
 32.980002 -2.587444 0.723389
 33.180002 -3.129060 0.875700
 33.380002 -2.744548 0.734902
 33.580002 -3.139853 0.981907
 33.780002 -2.917503 0.757201
 33.980002 3.103055 0.818482
 34.180002 -2.678897 0.814478
 34.380002 -2.980236 1.016279
 34.580002 -2.808329 0.687951
 34.780002 -2.946576 1.165592
 34.980002 -2.820539 0.625102
 35.180002 3.112175 1.133294
 35.380002 -2.812935 0.506683
 35.580002 -3.042702 1.074392
 35.780002 -2.742262 0.681514
 35.980002 -3.101684 0.777394
 36.180002 -2.859037 0.953032
 36.380002 -2.853773 0.803660
 36.580002 -2.932864 0.994855
 36.780002 -2.825850 0.823076
 36.980002 -3.129714 0.879836
 37.180002 -2.611767 0.835072
 37.380002 -2.965942 0.998095
 37.580002 -2.797008 0.691696
 37.780002 -3.040004 0.968002
 37.980002 -2.762986 0.730062
 38.180002 -3.107355 1.061680
 38.380002 -2.894420 0.742331
 38.580002 3.139309 0.978373
 38.780002 -2.875993 0.683630
 38.980002 -2.876324 1.118409
 39.180002 -3.139040 0.649229
 39.380002 -3.036104 0.668812
 39.580002 3.135416 0.964451
 39.780002 -2.741986 0.795270
 39.980002 3.037835 0.923873
 40.180002 -2.666020 0.608111
 40.380002 -3.070298 1.224310
 40.580002 -2.856666 0.625870
 40.780002 -3.106308 1.060885
 40.980002 -3.014771 0.572114
 41.180002 -2.969280 0.898210
 41.380002 -2.622543 1.053857
 41.580002 -2.877759 0.761013
 41.780002 3.080625 0.724152
 41.980002 -2.745512 0.934534
 42.180002 -3.058040 0.977463
 42.380002 3.103318 0.636860
 42.580002 -3.050607 0.912493
 42.780002 -2.862683 0.844860
 42.980002 -3.133474 0.879756
 43.180002 -2.954785 0.705300
 43.380002 -3.071481 0.879100
 43.580002 -2.867274 0.871872
 43.780002 -3.104853 0.858794
 43.980002 -2.983532 0.762118
 44.180002 -3.064021 0.853615
 44.380002 -2.853066 0.992499
 44.580002 -2.981980 0.843222
 44.780002 3.065749 0.804611
 44.980002 -2.898247 0.890510
 45.180002 -2.935019 0.932310
 45.380002 -3.049201 0.756317
 45.580002 -2.916940 0.908406
 45.780002 -2.919749 0.831542
 45.980002 -3.062653 0.900638
 46.180002 -3.015585 0.900433
 46.380002 -2.973134 0.716018
 46.580002 -2.829899 0.914078
 46.780002 -2.789977 0.885365
 46.980002 -2.964620 0.852197
 47.180002 -3.035315 0.741996
 47.380002 -3.024767 0.919284
 47.580002 -2.909974 0.958783
 47.780002 3.108446 0.802415
 47.980002 -2.793007 0.806449
 48.180002 -2.856138 0.983750
 48.380002 -2.756330 0.779632
 48.580002 -2.899865 0.843886
 48.780002 -3.111267 0.667666
 48.980002 -2.987327 0.861414
 49.180002 -2.969252 0.835371
 49.380002 -2.881811 0.818084
 49.580002 3.108812 0.767194
 49.780002 -2.568485 0.946279
 49.980002 -2.977834 0.976319
 50.180002 -2.881559 0.650196
 50.380002 -3.133174 1.045743
 50.580002 -2.788077 0.674739
 50.780002 3.046429 1.061802
 50.980002 -2.981051 0.525422
 51.180002 -3.040588 1.084575
 51.380002 -2.751127 0.733611
 51.580002 -2.762517 1.038591
 51.780002 -3.003850 0.704823
 51.980002 -3.050514 0.811187
 52.180002 -3.022768 0.946564
 52.380002 -2.795041 0.707333
 52.580002 3.071806 0.882726
 52.780003 -2.798751 0.713697
 52.980003 -2.871136 1.138929
 53.180003 -2.819548 0.423791
 53.380003 -2.958171 1.166802
 53.580003 -2.825396 0.592969
 53.780003 -3.130737 1.048477
 53.980003 -2.916390 0.788324
 54.180003 -3.015877 0.932676
 54.380003 -3.047121 0.719507
 54.580003 -2.938215 0.891705
 54.780003 -2.857701 1.086011
 54.980003 -3.046163 0.615057
 55.180003 -2.995859 1.089960
 55.380003 -2.881240 0.782167
 55.580003 -3.054368 0.888691
 55.780003 -2.940418 0.760506
 55.980003 -2.999450 0.966771
 56.180003 -2.886003 0.641872
 56.380003 -2.904654 0.956391
 56.580003 -2.743803 0.874893
 56.780003 -3.062782 0.801953
 56.980003 -2.730737 1.010842
 57.180003 -3.020325 0.750016
 57.380003 -2.946816 0.899140
 57.580003 -2.819876 0.706862
 57.780003 -2.888871 0.954782
 57.980003 -2.994383 0.685953
 58.180003 -2.764491 0.881546
 58.380003 -2.833734 0.967267
 58.580003 -2.991259 0.640837
 58.780003 -2.827186 1.007818
 58.980003 -2.863997 0.812459
 59.180003 -3.059926 0.786896
 59.380003 -2.878572 0.924515
 59.580003 -2.859072 0.818933
 59.780003 -3.139459 0.899565
 59.980003 -2.884327 0.802095
 60.180003 -2.925530 0.910313
 60.380003 -3.048027 0.682031
 60.580003 -2.783451 1.056130
 60.780003 -2.947115 0.670777
 60.980003 -2.981277 0.812640
 61.180003 -2.761102 0.818925
 61.380003 -2.933204 0.857981
 61.580003 -3.042766 0.923439
 61.780003 -2.909561 0.836307
 61.980003 -2.660626 0.997675
 62.180003 3.134279 0.556475
 62.380003 -2.829241 1.135595
 62.580003 -2.793977 0.733836
 62.780003 -3.124965 1.030261
 62.980003 -2.725882 0.694608
 63.180003 -2.917542 0.973308
 63.380003 -2.903045 0.842068
 63.580003 -3.059902 0.828384
 63.780003 -2.891241 0.883815
 63.980003 -2.993715 0.883034
 64.180003 -2.840909 0.985908
 64.380003 -3.011162 0.638834
 64.580003 -3.137558 0.847571
 64.780003 -2.658225 0.904325
 64.980003 -3.013641 1.017334
 65.180003 -3.019464 0.640632
 65.380003 -2.833137 0.911170
 65.580003 -2.943337 1.016414
 65.780003 -3.071368 0.601201
 65.980003 -2.865130 0.980978
 66.180003 -3.002375 0.694151
 66.380003 -2.837954 1.020092
 66.580003 -2.797242 0.775226
 66.780003 -2.853210 0.792239
 66.980003 3.096345 0.723461
 67.180003 -2.913281 0.914498
 67.380003 -2.948593 0.921871
 67.580003 3.091493 0.713997
 67.780003 -2.798452 0.980489
 67.980003 -3.100997 0.875464
 68.180003 -2.666210 0.742077
 68.380003 -2.878532 0.872014
 68.580003 -2.601972 0.811638
 68.780003 -3.114244 0.938887
 68.980003 -2.738327 0.790372
 69.180003 -3.026669 1.075091
 69.380003 -2.932010 0.552055
 69.580003 -2.966113 0.975828
 69.780003 -2.926801 0.782638
 69.980003 -2.908084 0.934853
 70.180003 -2.818258 0.841601
 70.380003 -2.829853 0.860746
 70.580003 -2.950789 0.730950
 70.780003 -2.973821 0.804987
 70.980003 -3.111800 0.947178
 71.180003 -3.007763 0.645798
 71.380003 -2.998881 1.076151
 71.580003 -2.879947 0.718635
 71.780003 -2.898079 0.989788
 71.980003 -2.906687 0.754213
 72.180003 -2.714925 0.999555
 72.380003 -3.051410 0.839645
 72.580003 -2.988636 0.736245
 72.780003 -2.975693 1.018060
 72.980003 -3.058648 0.656324
 73.180003 -2.871491 1.184973
 73.380003 -3.070772 0.540958
 73.580003 -2.958085 0.977892
 73.780004 -2.876464 0.804498
 73.980004 -3.027347 0.832650
 74.180004 -2.961668 0.879747
 74.380004 -2.926577 0.797874
 74.580004 -2.926340 1.114714
 74.780004 -3.089193 0.508678
 74.980004 -2.921353 1.092239
 75.180004 -2.928990 0.713804
 75.380004 -2.989702 1.089881
 75.580004 -2.960820 0.729182
 75.780004 -2.836486 0.825838
 75.980004 -3.018564 1.007519
 76.180004 -2.736345 0.655144
 76.380004 -3.119886 1.049919
 76.580004 -2.906474 0.584157
 76.780004 -2.870390 1.094765
 76.980004 -2.836841 0.774017
 77.180004 -2.948261 0.933406
 77.380004 -2.732156 0.882031
 77.580004 -2.862095 0.817240
 77.780004 -2.961352 0.853671
 77.980004 -3.064021 0.816687
 78.180004 -2.861455 0.953294
 78.380004 -2.955690 0.743978
 78.580004 -2.701681 0.905354
 78.780004 -2.957297 0.821228
 78.980004 -2.868834 0.797550
 79.180004 -2.871971 0.986334
 79.380004 -2.908729 0.739614
 79.580004 -2.959178 0.836527
 79.780004 -2.925709 0.673728
 79.980004 -2.821814 1.084858
 80.180004 -2.793461 0.754341
 80.380004 -2.864255 0.959707
 80.580004 -3.003186 0.661409
 80.780004 -2.942993 0.858973
 80.980004 -2.949281 0.987494
 81.180004 -2.939379 0.624146
 81.380004 -3.011955 1.007013
 81.580004 -2.810325 0.675946
 81.780004 -2.868155 1.091009
 81.980004 -2.914709 0.720003
 82.180004 -2.937563 1.047135
 82.380004 -2.911148 0.664599
 82.580004 3.124667 0.880940
 82.780004 -3.033204 0.877307
 82.980004 -3.073833 0.782730
 83.180004 -3.018105 0.918781
 83.380004 -3.012653 0.714080
 83.580004 -2.945691 1.060611
 83.780004 -2.794376 0.709805
 83.980004 -3.099356 0.969522
 84.180004 -2.891455 0.703256
 84.380004 -3.081985 0.948642
 84.580004 -2.891578 0.808915
 84.780004 2.980402 0.859911
 84.980004 -2.825491 0.910940
 85.180004 3.129826 0.930311
 85.380004 -2.785294 0.702235
 85.580004 -3.046964 0.832809
 85.780004 -2.751088 0.860981
 85.980004 3.065498 0.905828
 86.180004 -3.011363 0.742594
 86.380004 -3.127271 0.955469
 86.580004 -2.922746 0.755528
 86.780004 -3.098951 0.926240
 86.980004 -2.870523 0.801650
 87.180004 -2.785309 0.977112
 87.380004 -2.872892 0.841138
 87.580004 -3.032344 0.749093
 87.780004 -3.109107 0.916867
 87.980004 -3.020598 0.696321
 88.180004 -3.033943 0.918546
 88.380004 -2.991238 0.651115
 88.580004 -2.958375 1.052477
 88.780004 -2.783565 0.744469
 88.980004 -2.876228 0.970849
 89.180004 -2.861837 0.702773
 89.380004 -2.916067 0.939555
 89.580004 -3.056386 0.750903
 89.780004 -3.055011 0.897417
 89.980004 -2.965550 0.828179
 90.180004 -2.931288 0.943147
 90.380004 -2.899761 0.683284
 90.580004 -2.796538 0.900342
 90.780004 -2.778778 0.930717
 90.980004 -3.015645 0.908222
 91.180004 -3.110179 0.736866
 91.380004 -3.023498 0.796732
 91.580004 -3.047046 0.825981
 91.780004 -2.960927 0.823175
 91.980004 -3.059984 0.839023
 92.180004 -2.800370 0.859542
 92.380004 -3.040679 0.874491
 92.580004 -2.884649 0.896752
 92.780004 3.123576 0.813159
 92.980004 -2.991451 0.710623
 93.180004 -3.056489 1.026753
 93.380004 -3.049629 0.750609
 93.580004 -2.897994 0.946790
 93.780004 -2.802747 0.944800
 93.980004 -2.850396 0.722096
 94.180004 -2.950562 0.910766
 94.380004 -2.848615 0.852314
 94.580004 -3.070824 1.009921
 94.780005 -3.094081 0.629920
 94.980005 -2.912687 0.957682
 95.180005 -2.946874 0.739640
 95.380005 -2.889810 0.892368
 95.580005 -2.986361 0.812160
 95.780005 -2.836898 0.946538
 95.980005 -2.937558 0.759070
 96.180005 -3.058570 0.854198
 96.380005 -2.986756 0.877449
 96.580005 -3.060013 0.862641
 96.780005 -3.032098 0.843678
 96.980005 -2.922732 0.758953
 97.180005 -2.900122 0.913491
 97.380005 -2.903656 0.870977
 97.580005 -2.813596 0.811404
 97.780005 -2.867772 0.878436
 97.980005 -2.949273 0.843539
 98.180005 -2.922245 0.857242
 98.380005 -3.098311 0.821031
 98.580005 -3.134518 0.761483
 98.780005 -2.948886 0.839079
 98.980005 -2.993039 0.850138
 99.180005 -2.897444 0.862605
 99.380005 -2.890701 0.913768
 99.580005 -2.959360 0.874707
 99.780005 -2.964181 0.835719
 99.980005 3.096415 0.740430
 100.180005 -2.955002 0.916939
 100.380005 -3.034590 0.802991
 100.580005 -2.970851 0.788636
 100.780005 -2.941873 0.786323
 100.980005 -2.806896 0.990247
 101.180005 -2.911396 0.909656
 101.380005 -2.932201 0.749796
 101.580005 -2.919986 0.858496
 101.780005 -2.890115 0.933342
 101.980005 -3.006148 0.839504
 102.180005 -3.064057 0.867271
 102.380005 -2.926154 0.856665
 102.580005 -2.691825 0.913604
 102.780005 -2.967902 0.749952
 102.980005 -2.889616 0.872438
 103.180005 -3.070153 0.801186
 103.380005 -2.798419 1.001791
 103.580005 3.044170 0.713856
 103.780005 -2.954892 0.889546
 103.980005 -2.974824 0.838583
 104.180005 -2.930230 0.751981
 104.380005 -2.840304 0.952887
 104.580005 -2.839568 0.760342
 104.780005 -3.006828 1.066876
 104.980005 -2.897496 0.640407
 105.180005 -2.991796 1.018715
 105.380005 -2.984616 0.687280
 105.580005 -3.058306 0.788652
 105.780005 -2.791157 1.013189
 105.980005 -2.911363 0.688052
 106.180005 -2.969342 1.058630
 106.380005 -2.983970 0.645559
 106.580005 -3.001155 1.014511
 106.780005 -2.878440 0.654634
 106.980005 -3.083448 0.862871
 107.180005 -2.934553 0.819627
 107.380005 -2.972219 0.904318
 107.580005 -2.689233 0.960375
 107.780005 -3.126783 0.680216
 107.980005 -2.905711 0.909015
 108.180005 -3.044871 0.780006
 108.380005 -2.998048 0.935013
 108.580005 3.097228 0.808871
 108.780005 -3.010388 0.927865
 108.980005 -2.762485 1.037354
 109.180005 -2.795368 0.746019
 109.380005 -3.017830 0.880759
 109.580005 -3.037728 0.801095
 109.780005 -3.000114 0.925926
 109.980005 3.128091 0.818634
 110.180005 -3.044049 0.755253
 110.380005 -3.112094 0.963442
 110.580005 -2.816263 0.751539
 110.780005 -2.802108 1.161234
 110.980005 -2.840887 0.661163
 111.180005 -2.888610 0.840424
 111.380005 -3.052576 0.753147
 111.580005 -3.080102 0.920084
 111.780005 3.122379 0.871113
 111.980005 -2.846404 0.775870
 112.180005 -3.012111 1.116093
 112.380005 -2.678400 0.609640
 112.580005 -3.026639 1.074231
 112.780005 -2.839333 0.662501
 112.980005 3.125621 0.967717
 113.180005 -2.894111 0.617021
 113.380005 -2.980459 1.050203
 113.580005 -2.793364 0.784521
 113.780005 -2.978142 0.994305
 113.980005 -2.872472 0.719105
 114.180005 -2.988875 0.918848
 114.380005 -2.952787 0.864136
 114.580005 -3.134593 0.768092
 114.780005 -3.055188 0.978829
 114.980005 -2.932190 0.772113
 115.180005 -2.991019 1.021896
 115.380005 -2.800029 0.644979
 115.580005 -2.902475 1.121747
 115.780005 -2.742767 0.698195
 115.980006 -2.924382 1.024226
 116.180006 -2.926222 0.735037
 116.380006 -2.993831 0.755234
 116.580006 -2.889855 1.041492
 116.780006 -3.135145 0.576072
 116.980006 -2.969425 1.203412
 117.180006 -2.859265 0.561220
 117.380006 -2.851210 1.082593
 117.580006 -2.909099 0.661885
 117.780006 -2.944137 1.096324
 117.980006 -2.960063 0.685442
 118.180006 -3.095532 0.961553
 118.380006 -2.987373 0.769455
 118.580006 -3.063037 0.794838
 118.780006 -3.023306 0.938613
 118.980006 -2.890512 0.780407
 119.180006 -3.015029 0.945395
 119.380006 -2.808079 0.762104
 119.580006 -2.991655 1.067906
 119.780006 -2.902408 0.642183
 119.980006 -3.136084 0.948553
 120.180006 -2.855342 0.769044
 120.380006 -3.009463 0.858394
 120.580006 -2.868516 0.836208
 120.780006 -3.072675 1.058900
 120.980006 -2.770201 0.771448
 121.180006 3.084459 0.770283
 121.380006 -2.783005 0.786458
 121.580006 -2.984052 0.952398
 121.780006 -3.061590 0.834471
 121.980006 -2.765328 0.871666
 122.180006 -2.835849 0.928567
 122.380006 -2.752411 0.733652
 122.580006 -2.966008 0.935383
 122.780006 -2.869267 0.820013
 122.980006 -3.091666 0.852382
 123.180006 -2.807493 0.785931
 123.380006 -3.038616 0.989588
 123.580006 -3.029310 0.725020
 123.780006 -2.888699 0.876875
 123.980006 -2.730655 0.884934
 124.180006 3.112932 0.887371
 124.380006 -2.920464 0.820360
 124.580006 -2.873878 0.904975
 124.780006 3.131926 0.838851
 124.980006 -2.959464 0.674980
 125.180006 -2.904626 0.910011
 125.380006 -2.884402 0.845021
 125.580006 -2.944092 0.864670
 125.780006 -2.915397 0.714838
 125.980006 -2.967735 0.873343
 126.180006 3.133215 0.823579
 126.380006 -2.749893 0.855293
 126.580006 3.091999 0.819955
 126.780006 -2.785374 0.827885
 126.980006 -2.844675 0.933595
 127.180006 -2.981586 0.705992
 127.380006 -3.048014 0.900740
 127.580006 -2.749920 0.810149
 127.780006 -3.139010 0.865481
 127.980006 -2.936410 0.844434
 128.180006 -2.899309 0.985868
 128.380006 -2.982842 0.679173
 128.580006 -2.772027 0.932518
 128.780006 -3.093348 0.849721
 128.980006 -2.937726 0.910829
 129.180006 -3.107558 0.955223
 129.380006 -2.872550 0.767557
 129.580006 3.028507 0.992777
 129.780006 -2.861259 0.645153
 129.980006 -3.072890 0.968696
 130.180006 -2.883626 0.765489
 130.380006 -3.030961 1.040065
 130.580006 -2.906185 0.699741
 130.780006 -2.938014 0.976846
 130.980006 -2.939521 0.728810
 131.180006 -3.002805 0.892774
 131.380006 -3.026241 0.865346
 131.580006 -2.729748 0.769593
 131.780006 -2.934242 0.999424
 131.980006 -2.819851 0.581834
 132.180006 -2.904269 1.249581
 132.380006 -2.834611 0.602268
 132.580006 -2.875094 1.168614
 132.780006 -2.912838 0.592063
 132.980006 -2.786574 0.947541
 133.180006 -3.037498 0.831305
 133.380006 -2.786429 0.674544
 133.580006 -3.018697 1.085400
 133.780006 -3.073667 0.573321
 133.980006 -2.951055 1.094159
 134.180006 -2.664888 0.715829
 134.380006 -2.992626 1.083803
 134.580006 -2.818735 0.556534
 134.780006 -2.762692 1.181025
 134.980006 -3.013954 0.693634
 135.180006 -3.094736 0.759637
 135.380006 -2.992871 0.883358
 135.580006 -2.953159 0.845749
 135.780006 -3.111959 1.020230
 135.980006 -2.920394 0.560610
 136.180006 -2.928562 1.089970
 136.380006 -2.828468 0.696555
 136.580006 -2.958105 1.047040
 136.780006 -2.949310 0.601077
 136.980007 3.137345 0.970536
 137.180007 -2.640854 0.822431
 137.380007 -3.056529 0.894743
 137.580007 -2.984380 0.761117
 137.780007 -2.862268 0.842667
 137.980007 -2.932549 0.912997
 138.180007 -3.054424 0.773932
 138.380007 -2.913520 0.919285
 138.580007 -3.133524 0.714219
 138.780007 -3.018900 0.969854
 138.980007 -2.834538 0.825896
 139.180007 -3.100067 0.838415
 139.380007 -2.905302 0.831197
 139.580007 -2.930251 0.864111
 139.780007 -2.879725 0.914561
 139.980007 3.080977 0.882474
 140.180007 -3.046152 0.692735
 140.380007 -2.932963 1.005296
 140.580007 -3.006473 0.794558
 140.780007 -2.956424 0.863518
 140.980007 -2.936650 0.748378
 141.180007 -2.876457 0.856606
 141.380007 -2.889741 0.860741
 141.580007 -2.898932 0.734300
 141.780007 -3.075944 1.007918
 141.980007 -2.792690 0.771114
 142.180007 -3.040059 0.935799
 142.380007 -2.941513 0.737092
 142.580007 -2.765020 0.990542
 142.780007 -2.730583 0.740003
 142.980007 -2.949674 0.913053
 143.180007 -3.010045 0.702420
 143.380007 -2.979990 0.965274
 143.580007 -3.069490 0.845930
 143.780007 -2.859253 0.772988
 143.980007 -2.946094 1.064408
 144.180007 -2.677720 0.675506
 144.380007 -2.871230 1.106963
 144.580007 -2.741999 0.648647
 144.780007 -3.090255 1.122972
 144.980007 -3.021019 0.575230
 145.180007 3.140060 0.847522
 145.380007 -2.824232 0.846114
 145.580007 -2.940986 0.823609
 145.780007 -2.780512 0.880334
 145.980007 -2.991746 0.794742
 146.180007 -3.076823 1.002557
 146.380007 -3.032530 0.756734
 146.580007 3.129851 0.920066
 146.780007 -2.932683 0.822413
 146.980007 3.058697 0.873340
 147.180007 -2.867111 0.755111
 147.380007 -2.950932 0.831726
 147.580007 -2.688332 0.946666
 147.780007 3.108890 0.924369
 147.980007 -2.682274 0.557398
 148.180007 -3.104040 1.118375
 148.380007 -2.924650 0.511804
 148.580007 -3.099759 1.081383
 148.780007 -2.699344 0.640595
 148.980007 -2.986946 1.155474
 149.180007 -2.755929 0.588198
 149.380007 -3.001114 0.994400
 149.580007 -2.893027 0.753499
 149.780007 -3.042972 0.896678
 149.980007 -2.932546 0.864403
 150.180007 -3.012457 0.659881
 150.380007 -2.716569 1.128670
 150.580007 -2.899920 0.639542
 150.780007 -2.882947 1.096726
 150.980007 -2.913538 0.532471
 151.180007 -3.068240 1.080711
 151.380007 -2.820053 0.614345
 151.580007 -3.103125 1.108678
 151.780007 -2.642127 0.719377
 151.980007 3.093856 0.864942
 152.180007 -2.756959 0.822232
 152.380007 -3.128774 0.815116
 152.580007 -2.917276 0.973428
 152.780007 -3.071342 0.734302
 152.980007 -3.084767 0.947593
 153.180007 -2.882849 0.630026
 153.380007 -2.957717 1.236834
 153.580007 -2.829604 0.603031
 153.780007 -3.048287 1.034135
 153.980007 -2.867708 0.849707
 154.180007 3.136552 0.776719
 154.380007 -2.883754 0.857099
 154.580007 -3.137316 0.731785
 154.780007 -2.903383 0.976222
 154.980007 -2.950934 0.841829
 155.180007 -2.765171 0.816266
 155.380007 -3.106050 0.859966
 155.580007 -2.898963 0.733496
 155.780007 -2.899419 1.124426
 155.980007 -3.137257 0.669480
 156.180007 -2.956274 0.921977
 156.380007 -2.900491 0.720295
 156.580007 -2.893019 1.011797
 156.780007 -2.911730 0.876011
 156.980007 -2.932206 0.721335
 157.180007 -3.097350 1.153127
 157.380007 -2.919733 0.570388
 157.580007 -3.013716 1.083081
 157.780007 -3.045388 0.664173
 157.980008 -2.959166 1.074525
 158.180008 -2.736737 0.660627
 158.380008 -3.001339 0.984923
 158.580008 -2.803709 0.696990
 158.780008 3.110329 0.929225
 158.980008 -2.884852 0.750928
 159.180008 3.070679 0.780505
 159.380008 -2.691679 0.792867
 159.580008 -3.102681 0.867354
 159.780008 -2.814622 0.896529
 159.980008 -3.046743 0.923376
 160.180008 -2.916041 0.632922
 160.380008 -3.075474 0.952975
 160.580008 -2.698662 0.732863
 160.780008 -3.071494 0.845769
 160.980008 -2.894256 0.842491
 161.180008 -2.803955 0.859352
 161.380008 -2.920663 0.992784
 161.580008 -2.816368 0.736155
 161.780008 -2.978136 0.878777
 161.980008 -2.769832 0.851707
 162.180008 -3.096021 0.843464
 162.380008 -3.071975 0.798390
 162.580008 -2.966132 0.872421
 162.780008 -2.892576 0.761641
 162.980008 -2.909485 0.987779
 163.180008 -2.811928 0.703367
 163.380008 -2.871512 0.870899
 163.580008 -2.912495 0.804287
 163.780008 -2.980321 0.845387
 163.980008 -3.028984 0.831599
 164.180008 -3.085348 0.808533
 164.380008 -2.652369 0.959668
 164.580008 -3.044078 0.754862
 164.780008 -2.922598 0.786452
 164.980008 -2.803265 0.950994
 165.180008 -2.897878 0.895670
 165.380008 -3.039037 0.576300
 165.580008 -2.985556 0.885087
 165.780008 -2.927807 0.784336
 165.980008 -3.009345 0.862080
 166.180008 -2.790098 0.758489
 166.380008 -3.078803 1.011260
 166.580008 -2.786118 0.668389
 166.780008 -3.096720 1.004691
 166.980008 -2.779175 0.609839
 167.180008 -3.076167 0.979979
 167.380008 -2.791901 0.726270
 167.580008 -3.040292 0.966701
 167.780008 -2.810765 0.862817
 167.980008 -2.901545 0.914475
 168.180008 -2.894471 0.841395
 168.380008 -3.086989 0.813958
 168.580008 -2.879649 0.885498
 168.780008 -2.952419 0.909039
 168.980008 -2.889586 0.889831
 169.180008 -3.001524 0.836762
 169.380008 -2.885845 0.732271
 169.580008 -3.105562 0.844041
 169.780008 -2.961738 0.886025
 169.980008 -2.985423 0.668046
 170.180008 -2.976345 0.946803
 170.380008 -2.798698 0.887690
 170.580008 -3.011474 0.835930
 170.780008 -2.961351 0.828011
 170.980008 -2.879448 0.950634
 171.180008 -2.984656 0.792005
 171.380008 -3.110699 0.885508
 171.580008 -2.873285 0.815265
 171.780008 -2.965894 0.763045
 171.980008 -2.837117 0.976059
 172.180008 -2.971145 0.721241
 172.380008 -2.972305 1.099604
 172.580008 -2.867006 0.729861
 172.780008 -3.052003 0.902264
 172.980008 -3.124696 0.843327
 173.180008 -2.927746 0.796361
 173.380008 -3.018275 0.892447
 173.580008 -3.074174 0.825707
 173.780008 -2.906530 0.877340
 173.980008 -3.007982 0.915330
 174.180008 -3.023156 0.699903
 174.380008 -3.082673 0.912013
 174.580008 -2.876111 0.881003
 174.780008 -3.131841 0.741590
 174.980008 -2.903420 0.837824
 175.180008 -2.933229 0.874607
 175.380008 -2.946047 0.908402
 175.580008 -3.008277 0.863004
 175.780008 -2.957522 0.721929
 175.980008 -2.954985 0.849132
 176.180008 -2.851641 0.833450
 176.380008 -3.060894 0.954071
 176.580008 -2.941106 0.736786
 176.780008 -3.097906 0.919966
 176.980008 -2.977073 0.766017
 177.180008 -3.140120 0.867218
 177.380008 -2.881009 0.796782
 177.580008 -2.873082 0.993043
 177.780008 -2.928609 0.854958
 177.980008 -3.068713 0.735365
 178.180008 -2.979934 0.930595
 178.380008 -3.012184 0.802446
 178.580008 -3.107426 0.964902
 178.780008 -2.934725 0.705999
 178.980009 -2.800209 1.028901
 179.180009 -2.910120 0.634951
 179.380009 -3.044595 0.998425
 179.580009 -2.974346 0.836097
 179.780009 -3.088803 0.695094
 179.980009 -3.049215 0.931843
 180.180009 -2.996677 0.716237
 180.380009 -3.027664 1.026819
 180.580009 -2.889611 0.685126
 180.780009 -2.803563 1.055169
 180.980009 -2.939989 0.836397
 181.180009 -3.074160 0.807955
 181.380009 -3.025852 0.877413
 181.580009 -3.037201 0.822855
 181.780009 3.096116 0.829410
 181.980009 -3.004513 0.773161
 182.180009 -3.073873 0.853023
 182.380009 -2.804812 0.848666
 182.580009 -2.896763 0.795980
 182.780009 -2.987264 0.932945
 182.980009 -3.076551 0.753172
 183.180009 3.106080 0.893030
 183.380009 -3.104946 0.637301
 183.580009 -3.075943 0.953837
 183.780009 -2.734557 0.806951
 183.980009 -3.015243 0.918072
 184.180009 -2.781183 0.924264
 184.380009 -2.892939 0.834542
 184.580009 -2.916419 0.946752
 184.780009 -3.086824 0.677069
 184.980009 -2.912554 1.025079
 185.180009 -3.012885 0.756830
 185.380009 -3.036556 0.832084
 185.580009 -2.888731 0.858849
 185.780009 -2.856289 0.791484
 185.980009 -2.869488 0.893009
 186.180009 -2.796125 0.824065
 186.380009 -2.905854 0.917892
 186.580009 -3.032451 0.757655
 186.780009 -2.972424 0.801429
 186.980009 -3.014085 0.920761
 187.180009 -2.896533 0.802545
 187.380009 -3.069655 0.958390
 187.580009 -2.769268 0.624840
 187.780009 -2.812238 1.062047
 187.980009 -2.935841 0.711145
 188.180009 -2.962630 0.879338
 188.380009 -2.800460 0.766971
 188.580009 -2.979006 1.042423
 188.780009 -2.950196 0.627280
 188.980009 -2.958135 0.888389
 189.180009 -2.921807 0.846737
 189.380009 -2.852471 0.767307
 189.580009 -3.105657 0.929298
 189.780009 -2.848269 0.732356
 189.980009 -2.906274 1.076155
 190.180009 -2.886293 0.716474
 190.380009 -3.026436 0.902343
 190.580009 -2.997054 0.730764
 190.780009 -2.897244 0.933227
 190.980009 -2.966503 0.705304
 191.180009 -3.055571 0.832906
 191.380009 -2.884077 0.986002
 191.580009 -2.937972 0.694398
 191.780009 -2.930415 0.985227
 191.980009 -2.920777 0.712658
 192.180009 -2.972489 0.829022
 192.380009 -2.925975 0.942172
 192.580009 -2.970073 0.737814
 192.780009 -3.010264 0.921385
 192.980009 -2.900924 0.757322
 193.180009 -3.023971 0.998112
 193.380009 -2.911772 0.673967
 193.580009 -2.749251 0.884661
 193.780009 -2.981938 0.753607
 193.980009 -2.937713 0.911208
 194.180009 -2.820627 0.780785
 194.380009 -2.982349 0.827910
 194.580009 -2.903899 0.897170
 194.780009 -2.821132 0.808495
 194.980009 -2.894834 0.890621
 195.180009 -2.946299 0.770929
 195.380009 -2.737128 0.848010
 195.580009 -2.981688 0.809387
 195.780009 -2.984973 0.932098
 195.980009 -2.902475 0.789904
 196.180009 3.129651 0.771454
 196.380009 -2.977028 0.728372
 196.580009 -2.911470 1.040021
 196.780009 -2.816979 0.919596
 196.980009 3.099889 0.715171
 197.180009 -2.617587 1.088172
 197.380009 -3.089312 0.708339
 197.580009 -2.927124 0.874775
 197.780009 -3.064902 0.855424
 197.980009 -2.828544 0.707129
 198.180009 -2.894956 1.137281
 198.380009 -2.687496 0.701845
 198.580009 -3.014218 1.019396
 198.780009 -2.953328 0.558743
 198.980009 -2.798119 1.145425
 199.180009 -3.067280 0.650638
 199.380009 -2.914344 0.868830
 199.580009 -2.889910 0.891030
 199.780009 -2.705142 0.758160
 199.980009 -3.042787 0.992883
