#! FIELDS time phi psi
#! SET max_psi pi
 0.180000 1.410286 0.366286
 0.380000 1.183731 -0.228798
 0.580000 1.317216 -0.469092
 0.780000 1.225041 0.255606
 0.980000 1.181387 -0.797670
 1.180000 1.302528 0.355768
 1.380000 1.228053 -0.348071
 1.580000 1.217321 -0.259694
 1.780000 1.440312 0.129963
 1.980000 1.228118 -0.704804
 2.180000 1.395394 0.090655
 2.380000 1.154622 -0.560091
 2.580000 0.857268 0.134412
 2.780000 1.352257 -0.219135
 2.980000 1.179328 -0.593197
 3.180000 1.279072 0.104754
 3.380000 1.304678 -0.583870
 3.580000 1.103230 0.033446
 3.780000 1.069193 -0.351889
 3.980000 1.243222 -0.388366
 4.180000 1.144304 -0.151963
 4.380000 1.132679 -0.471593
 4.580000 1.349041 -0.066520
 4.780000 1.156520 -0.556182
 4.980000 1.296794 -0.275427
 5.180000 1.056664 -0.180016
 5.380000 1.001968 -0.471005
 5.580000 1.262301 -0.014846
 5.780000 1.208518 -0.590752
 5.980000 1.212963 -0.058722
 6.180000 1.215722 -0.399802
 6.380000 1.055091 -0.228317
 6.580000 1.235599 -0.164551
 6.780000 1.249754 -0.453333
 6.980000 1.317176 -0.216719
 7.180000 1.191540 -0.421344
 7.380000 1.120450 -0.361857
 7.580000 1.188602 -0.105466
 7.780000 1.165985 -0.689028
 7.980000 1.205924 -0.014702
 8.180000 1.241452 -0.630295
 8.380000 1.118562 -0.245465
 8.580000 1.170070 -0.183582
 8.780000 1.287458 -0.594465
 8.980000 1.096250 -0.125962
 9.180000 1.377888 -0.476399
 9.380000 1.143731 -0.080579
 9.580000 1.269177 -0.434664
 9.780000 1.075135 -0.302052
 9.980000 1.155694 -0.278805
 10.180000 1.291502 -0.466050
 10.380000 1.413289 -0.164755
 10.580001 1.132438 -0.264003
 10.780001 1.183579 -0.544367
 10.980001 0.996015 0.099243
 11.180001 1.216974 -0.632195
 11.380001 1.277105 -0.167131
 11.580001 1.226230 -0.385593
 11.780001 1.400080 -0.386704
 11.980001 1.267382 -0.194268
 12.180001 1.291016 -0.480537
 12.380001 1.170745 -0.013287
 12.580001 1.037432 -0.501397
 12.780001 1.060676 0.038529
 12.980001 1.287256 -0.578134
 13.180001 1.150127 -0.021618
 13.380001 1.167683 -0.452633
 13.580001 1.140667 -0.123990
 13.780001 1.328380 -0.534185
 13.980001 1.238538 -0.209587
 14.180001 1.227586 -0.309004
 14.380001 0.880093 -0.191423
 14.580001 1.440540 -0.310442
 14.780001 1.133217 -0.285964
 14.980001 1.236352 -0.348651
 15.180001 1.110703 -0.124149
 15.380001 1.202421 -0.482303
 15.580001 1.177066 -0.086560
 15.780001 1.303259 -0.551883
 15.980001 1.319428 0.054685
 16.180001 1.203406 -0.437384
 16.380001 1.134103 -0.413929
 16.580001 1.188739 0.042288
 16.780001 1.215493 -0.585288
 16.980001 1.190244 0.013708
 17.180001 1.100591 -0.305928
 17.380001 1.375521 -0.325779
 17.580001 1.377770 -0.183137
 17.780001 1.004899 -0.295827
 17.980001 1.189545 -0.295695
 18.180001 1.070621 -0.233772
 18.380001 1.164609 -0.276839
 18.580001 1.202998 -0.122545
 18.780001 1.162778 -0.445472
 18.980001 1.197790 0.066363
 19.180001 1.240489 -0.514037
 19.380001 1.241190 -0.122622
 19.580001 1.246024 -0.189489
 19.780001 1.188874 -0.417480
 19.980001 1.184588 -0.101837
 20.180001 1.122040 -0.403092
 20.380001 1.280976 -0.218355
 20.580001 1.236506 -0.176248
 20.780001 1.161815 -0.176569
 20.980001 1.292520 -0.373605
 21.180001 1.076164 -0.266895
 21.380001 1.222397 -0.316122
 21.580001 1.183101 -0.256721
 21.780001 1.274003 -0.389830
 21.980001 1.162206 -0.152604
 22.180001 1.065295 -0.435934
 22.380001 1.388304 -0.167833
 22.580001 1.167836 -0.310343
 22.780001 1.194334 -0.396417
 22.980001 1.205548 -0.029660
 23.180001 1.283465 -0.712118
 23.380001 1.162355 0.093408
 23.580001 1.163300 -0.450667
 23.780001 1.179560 -0.153802
 23.980001 1.128804 -0.391366
 24.180001 1.001900 -0.141922
 24.380001 1.371553 -0.321332
 24.580001 1.041402 -0.342154
 24.780001 1.261422 -0.250210
 24.980001 1.079859 -0.315895
 25.180001 1.094357 -0.326717
 25.380001 1.337861 -0.285599
 25.580001 1.025288 -0.231838
 25.780001 1.397810 -0.345572
 25.980001 1.287694 -0.183576
 26.180001 1.355550 -0.495485
 26.380001 1.276419 -0.025212
 26.580001 1.163301 -0.432705
 26.780001 1.258460 -0.153629
 26.980001 1.121244 -0.360552
 27.180001 1.226737 -0.222006
 27.380001 1.231105 -0.323425
 27.580001 1.155757 -0.261407
 27.780001 1.302778 -0.338220
 27.980001 1.053145 -0.155497
 28.180001 1.024028 -0.292513
 28.380001 1.142077 -0.230216
 28.580001 1.347062 -0.335008
 28.780001 1.398981 -0.192503
 28.980001 1.258694 -0.510581
 29.180001 1.247224 -0.345169
 29.380001 1.165392 -0.200380
 29.580001 1.230504 -0.594317
 29.780001 1.148889 0.141702
 29.980001 1.070475 -0.683634
 30.180001 1.250064 0.125749
 30.380001 1.048634 -0.532006
 30.580001 1.230445 -0.286616
 30.780001 1.251169 -0.141574
 30.980001 1.217879 -0.603956
 31.180001 1.365515 -0.061003
 31.380001 1.053601 -0.534341
 31.580001 1.115252 -0.200647
 31.780002 1.135657 -0.247593
 31.980002 1.337574 -0.422779
 32.180002 1.419505 -0.126276
 32.380002 1.128397 -0.392918
 32.580002 1.053251 -0.142086
 32.780002 1.175341 -0.366846
 32.980002 1.181880 -0.261056
 33.180002 1.131354 -0.158041
 33.380002 1.086899 -0.409883
 33.580002 1.322385 -0.098220
 33.780002 1.288769 -0.645054
 33.980002 1.311597 -0.077313
 34.180002 1.045512 -0.188748
 34.380002 1.240030 -0.566073
 34.580002 1.160915 -0.047580
 34.780002 1.124722 -0.489176
 34.980002 1.265430 -0.129415
 35.180002 0.999772 -0.386708
 35.380002 1.211028 -0.222475
 35.580002 1.343553 -0.340601
 35.780002 1.352293 -0.376459
 35.980002 1.283204 -0.198510
 36.180002 1.275579 -0.392419
 36.380002 1.225686 -0.253177
 36.580002 1.206474 -0.338195
 36.780002 1.146984 -0.218880
 36.980002 1.108321 -0.366496
 37.180002 1.268508 -0.190251
 37.380002 1.217840 -0.459096
 37.580002 1.361326 -0.259045
 37.780002 1.102319 -0.160348
 37.980002 1.184253 -0.441883
 38.180002 1.261582 -0.035846
 38.380002 1.142572 -0.472865
 38.580002 1.187493 -0.045733
 38.780002 1.192119 -0.490596
 38.980002 1.268987 -0.207967
 39.180002 1.170742 -0.141430
 39.380002 1.093112 -0.530221
 39.580002 1.444363 0.041425
 39.780002 1.274408 -0.514944
 39.980002 1.201681 -0.066674
 40.180002 1.312205 -0.150428
 40.380002 1.022320 -0.382130
 40.580002 1.118833 0.126885
 40.780002 1.074864 -0.653436
 40.980002 1.354118 -0.092286
 41.180002 1.023090 -0.411420
 41.380002 1.078800 -0.228763
 41.580002 1.157207 -0.220988
 41.780002 1.140546 -0.407141
 41.980002 1.367543 -0.068756
 42.180002 1.020469 -0.470191
 42.380002 1.126679 -0.187847
 42.580002 1.139153 -0.433865
 42.780002 1.228564 -0.329627
 42.980002 1.402470 -0.295417
 43.180002 1.229835 -0.478076
 43.380002 1.242662 -0.093174
 43.580002 1.388498 -0.480421
 43.780002 1.134305 -0.302851
 43.980002 1.250982 -0.184473
 44.180002 1.161912 -0.507268
 44.380002 1.214572 -0.097800
 44.580002 1.261848 -0.356818
 44.780002 1.279001 -0.347137
 44.980002 1.392202 -0.178634
 45.180002 1.143457 -0.502056
 45.380002 1.170399 -0.092234
 45.580002 1.182402 -0.509110
 45.780002 1.077242 -0.244633
 45.980002 1.419012 -0.168390
 46.180002 1.243869 -0.525276
 46.380002 1.329675 -0.110353
 46.580002 1.332878 -0.229199
 46.780002 1.124451 -0.407591
 46.980002 1.213823 -0.090714
 47.180002 0.989923 -0.435399
 47.380002 1.116067 -0.164593
 47.580002 1.206368 -0.448946
 47.780002 1.328167 -0.091740
 47.980002 1.283424 -0.373004
 48.180002 1.330878 -0.237085
 48.380002 1.125940 -0.091617
 48.580002 1.106580 -0.344571
 48.780002 1.101917 -0.071906
 48.980002 1.195974 -0.314802
 49.180002 1.231465 -0.255903
 49.380002 1.111658 -0.247487
 49.580002 1.367818 -0.118427
 49.780002 1.344575 -0.300350
 49.980002 1.157407 -0.193601
 50.180002 1.053900 -0.037186
 50.380002 1.229204 -0.467158
 50.580002 1.359319 -0.056221
 50.780002 1.112600 -0.325413
 50.980002 1.326695 -0.187941
 51.180002 1.067693 -0.298200
 51.380002 1.099804 -0.225662
 51.580002 1.092103 -0.115897
 51.780002 1.274664 -0.377519
 51.980002 1.045779 -0.087274
 52.180002 1.303227 -0.318772
 52.380002 1.158816 -0.159448
 52.580002 1.259367 -0.456605
 52.780003 1.384288 -0.313704
 52.980003 1.143859 -0.360911
 53.180003 1.034738 -0.178632
 53.380003 1.133217 -0.316043
 53.580003 1.175175 -0.233549
 53.780003 1.325247 -0.321392
 53.980003 1.198102 -0.267953
 54.180003 1.161970 -0.374450
 54.380003 1.175446 -0.288016
 54.580003 1.283553 -0.346268
 54.780003 1.417942 -0.473775
 54.980003 1.022637 -0.191635
 55.180003 1.303139 -0.453697
 55.380003 1.359092 -0.262943
 55.580003 1.259505 -0.399273
 55.780003 1.258563 -0.337754
 55.980003 1.192098 -0.339269
 56.180003 1.198171 -0.294030
 56.380003 1.282146 -0.496196
 56.580003 1.184950 -0.168522
 56.780003 1.132818 -0.379164
 56.980003 1.168737 -0.179010
 57.180003 1.250628 -0.410083
 57.380003 1.270058 -0.293632
 57.580003 1.050458 -0.220602
 57.780003 1.162444 -0.469121
 57.980003 1.280360 -0.090392
 58.180003 1.221359 -0.516651
 58.380003 1.271088 -0.103062
 58.580003 1.176369 -0.431617
 58.780003 1.075520 -0.301400
 58.980003 1.199395 -0.223738
 59.180003 1.325293 -0.408262
 59.380003 1.259174 -0.367678
 59.580003 1.141109 -0.294940
 59.780003 1.239453 -0.311626
 59.980003 1.169249 -0.403658
 60.180003 1.280939 -0.276973
 60.380003 1.041918 -0.368349
 60.580003 1.335380 -0.430868
 60.780003 1.415040 -0.436754
 60.980003 1.056917 -0.149235
 61.180003 1.122514 -0.414085
 61.380003 0.984630 -0.234486
 61.580003 1.209874 -0.205097
 61.780003 1.229470 -0.449500
 61.980003 1.150193 -0.242634
 62.180003 1.101418 -0.265802
 62.380003 1.145033 -0.399943
 62.580003 1.245234 -0.231211
 62.780003 1.257630 -0.504439
 62.980003 1.139433 -0.145544
 63.180003 1.137872 -0.283920
 63.380003 1.143793 -0.293091
 63.580003 1.236950 -0.332415
 63.780003 1.317740 -0.382209
 63.980003 1.227329 -0.285620
 64.180003 1.410627 -0.500722
 64.380003 1.199770 -0.177436
 64.580003 1.190690 -0.473398
 64.780003 1.121170 -0.153166
 64.980003 1.246939 -0.457953
 65.180003 1.100212 -0.163575
 65.380003 1.372411 -0.325581
 65.580003 1.092449 -0.316506
 65.780003 1.263680 -0.273737
 65.980003 1.034871 -0.311754
 66.180003 1.220063 -0.430201
 66.380003 1.198770 -0.252582
 66.580003 1.084578 -0.315968
 66.780003 1.361540 -0.230673
 66.980003 1.114129 -0.425623
 67.180003 1.444167 -0.258390
 67.380003 1.168974 -0.372658
 67.580003 1.123957 -0.267499
 67.780003 1.330158 -0.372254
 67.980003 1.075765 -0.322931
 68.180003 1.378399 -0.246225
 68.380003 1.267068 -0.330590
 68.580003 1.416845 -0.316792
 68.780003 1.221111 -0.310728
 68.980003 1.108519 -0.189337
 69.180003 0.943877 -0.069290
 69.380003 1.227945 -0.359020
 69.580003 1.059593 -0.104337
 69.780003 1.273444 -0.310246
 69.980003 1.272045 -0.321934
 70.180003 1.346855 -0.219072
 70.380003 1.157666 -0.278428
 70.580003 1.174207 -0.242800
 70.780003 1.080287 -0.208283
 70.980003 1.082676 -0.298822
 71.180003 1.237362 -0.341087
 71.380003 1.276933 -0.319911
 71.580003 1.208384 -0.239777
 71.780003 1.272188 -0.278664
 71.980003 1.204452 -0.351591
 72.180003 1.255850 -0.306612
 72.380003 1.045564 -0.281152
 72.580003 1.169991 -0.234171
 72.780003 1.164537 -0.447960
 72.980003 1.181561 -0.167211
 73.180003 1.063500 -0.414174
 73.380003 1.471231 -0.099709
 73.580003 1.118294 -0.376688
 73.780004 1.243323 -0.357177
 73.980004 1.115995 -0.287335
 74.180004 1.176484 -0.296943
 74.380004 1.297859 -0.351277
 74.580004 1.297038 -0.321203
 74.780004 1.136484 -0.382702
 74.980004 1.397024 -0.298961
 75.180004 1.065738 -0.228961
 75.380004 1.231190 -0.271218
 75.580004 1.028350 -0.288016
 75.780004 1.279202 -0.257836
 75.980004 1.154290 -0.415886
 76.180004 1.269073 -0.211793
 76.380004 1.304996 -0.395590
 76.580004 1.225825 -0.301802
 76.780004 1.347082 -0.235571
 76.980004 1.096596 -0.384876
 77.180004 1.094318 -0.088719
 77.380004 1.205704 -0.374312
 77.580004 1.099089 -0.197352
 77.780004 1.197511 -0.319745
 77.980004 1.317701 -0.320062
 78.180004 1.320310 -0.053478
 78.380004 1.385454 -0.525331
 78.580004 1.145615 -0.102613
 78.780004 1.108461 -0.289748
 78.980004 1.098620 -0.324272
 79.180004 1.245679 -0.188271
 79.380004 1.323457 -0.621481
 79.580004 1.380109 -0.229033
 79.780004 1.178393 -0.337667
 79.980004 1.265212 -0.423786
 80.180004 1.209732 -0.203232
 80.380004 1.282762 -0.318357
 80.580004 1.178995 -0.353657
 80.780004 0.915752 -0.120210
 80.980004 1.351639 -0.477506
 81.180004 1.232993 -0.068191
 81.380004 1.245938 -0.359705
 81.580004 1.242062 -0.299717
 81.780004 1.245534 -0.334234
 81.980004 1.300594 -0.231023
 82.180004 0.975731 0.014553
 82.380004 1.237044 -0.391850
 82.580004 1.409427 -0.098209
 82.780004 1.477833 -0.289146
 82.980004 1.466813 -0.383072
 83.180004 1.111072 -0.030777
 83.380004 1.132461 -0.522164
 83.580004 1.097186 0.083731
 83.780004 1.335156 -0.272968
 83.980004 1.380962 -0.289356
 84.180004 1.480684 -0.273108
 84.380004 1.246523 -0.317677
 84.580004 1.335453 -0.267309
 84.780004 1.036202 -0.470321
 84.980004 1.118177 0.087652
 85.180004 1.335937 -0.620543
 85.380004 1.297131 -0.129955
 85.580004 1.347593 -0.369458
 85.780004 1.202636 -0.374427
 85.980004 1.066983 -0.104094
 86.180004 1.131902 -0.519050
 86.380004 1.117503 -0.078145
 86.580004 1.129874 -0.454637
 86.780004 1.478246 -0.222557
 86.980004 1.173013 -0.248553
 87.180004 1.332068 -0.481969
 87.380004 1.315271 -0.196367
 87.580004 1.153133 -0.435645
 87.780004 1.174899 -0.123033
 87.980004 1.198124 -0.440098
 88.180004 1.202301 -0.259299
 88.380004 1.114313 -0.185901
 88.580004 1.145289 -0.261485
 88.780004 1.402168 -0.268503
 88.980004 1.280363 -0.502843
 89.180004 1.258282 0.175004
 89.380004 1.200514 -0.410494
 89.580004 1.067672 -0.234962
 89.780004 1.143150 -0.212174
 89.980004 1.321157 -0.434129
 90.180004 1.296340 -0.238530
 90.380004 1.023331 -0.195229
 90.580004 1.291717 -0.346582
 90.780004 1.210081 -0.193452
 90.980004 1.244313 -0.374568
 91.180004 1.179552 -0.226413
 91.380004 1.080533 -0.396132
 91.580004 1.298931 -0.269223
 91.780004 1.222306 -0.372954
 91.980004 1.384823 -0.297940
 92.180004 1.052638 -0.262549
 92.380004 1.366942 -0.346461
 92.580004 1.235477 -0.245484
 92.780004 1.338031 -0.414113
 92.980004 1.043550 -0.122684
 93.180004 1.056549 -0.257768
 93.380004 1.273416 -0.365616
 93.580004 1.292922 -0.194700
 93.780004 1.284927 -0.462474
 93.980004 1.416643 -0.299694
 94.180004 1.111486 -0.059233
 94.380004 1.102562 -0.389616
 94.580004 1.070620 -0.052205
 94.780005 1.415527 -0.348443
 94.980005 1.203801 -0.153419
 95.180005 1.414351 -0.277942
 95.380005 1.204126 -0.229736
 95.580005 1.359957 -0.419120
 95.780005 1.097410 -0.089894
 95.980005 0.981346 -0.286690
 96.180005 1.119571 -0.241115
 96.380005 1.410727 -0.044243
 96.580005 1.335461 -0.509858
 96.780005 1.266790 -0.255142
 96.980005 1.195277 -0.351518
 97.180005 0.989438 -0.385225
 97.380005 1.130135 -0.060366
 97.580005 1.289448 -0.689379
 97.780005 1.237403 -0.108085
 97.980005 1.186711 -0.268547
 98.180005 1.176259 -0.549945
 98.380005 1.198479 0.013407
 98.580005 1.261153 -0.632403
 98.780005 1.042422 0.002962
 98.980005 1.145968 -0.543661
 99.180005 1.315887 -0.117678
 99.380005 1.096586 -0.387643
 99.580005 1.261793 -0.292726
 99.780005 1.249174 -0.208402
 99.980005 1.333028 -0.478140
 100.180005 1.327544 -0.225224
 100.380005 1.125128 -0.302096
 100.580005 1.138816 -0.308337
 100.780005 1.232993 -0.288293
 100.980005 1.160285 -0.381716
 101.180005 1.223667 -0.230264
 101.380005 1.077400 -0.317012
 101.580005 1.240092 -0.240780
 101.780005 1.338293 -0.257856
 101.980005 1.172234 -0.353891
 102.180005 1.229628 -0.233248
 102.380005 1.156343 -0.291704
 102.580005 1.207337 -0.284057
 102.780005 1.203663 -0.342685
 102.980005 1.298080 -0.344951
 103.180005 1.124202 -0.205408
 103.380005 1.330499 -0.375163
 103.580005 1.122063 -0.213215
 103.780005 1.212916 -0.346977
 103.980005 1.071266 -0.262565
 104.180005 1.272795 -0.291816
 104.380005 1.287484 -0.344458
 104.580005 1.050387 -0.233987
 104.780005 1.067570 -0.394708
 104.980005 1.137872 -0.109851
 105.180005 1.204989 -0.345414
 105.380005 1.278552 -0.283461
 105.580005 1.100890 -0.144061
 105.780005 1.324164 -0.364195
 105.980005 1.237662 -0.329990
 106.180005 1.265580 -0.204806
 106.380005 1.167679 -0.433731
 106.580005 0.946953 -0.008445
 106.780005 1.234211 -0.451511
 106.980005 1.166673 -0.076711
 107.180005 1.141080 -0.363777
 107.380005 1.208590 -0.115406
 107.580005 1.255671 -0.448990
 107.780005 1.242723 -0.263612
 107.980005 1.237843 -0.311225
 108.180005 1.118264 -0.109538
 108.380005 1.159786 -0.406867
 108.580005 1.100901 -0.035964
 108.780005 1.346592 -0.437272
 108.980005 1.313887 -0.267438
 109.180005 1.276595 -0.432193
 109.380005 1.083240 -0.182929
 109.580005 1.257737 -0.410421
 109.780005 1.231037 -0.214711
 109.980005 1.003985 -0.107002
 110.180005 1.367056 -0.577524
 110.380005 1.289672 0.041248
 110.580005 1.224621 -0.654707
 110.780005 1.411076 -0.041821
 110.980005 1.233199 -0.531212
 111.180005 1.177647 -0.309869
 111.380005 1.108396 -0.087621
 111.580005 1.276615 -0.641343
 111.780005 1.143100 0.003198
 111.980005 1.134007 -0.488455
 112.180005 1.294605 -0.146993
 112.380005 1.144129 -0.486031
 112.580005 1.232303 -0.215484
 112.780005 1.258717 -0.366315
 112.980005 1.141657 -0.294973
 113.180005 1.441059 -0.325825
 113.380005 1.010346 -0.235128
 113.580005 1.130164 -0.310881
 113.780005 1.193501 -0.372144
 113.980005 1.318123 -0.374778
 114.180005 1.401151 -0.310022
 114.380005 1.079925 -0.444483
 114.580005 1.351986 -0.263311
 114.780005 1.045680 -0.385533
 114.980005 1.076136 -0.294842
 115.180005 1.165935 -0.170111
 115.380005 1.313737 -0.553499
 115.580005 1.457259 -0.184306
 115.780005 1.182598 -0.482147
 115.980006 1.147793 -0.070799
 116.180006 1.266371 -0.671125
 116.380006 1.162029 -0.183274
 116.580006 1.255496 -0.158001
 116.780006 1.014754 -0.519342
 116.980006 1.237473 0.211604
 117.180006 1.006948 -0.481785
 117.380006 1.376987 -0.244709
 117.580006 1.194307 -0.209505
 117.780006 1.062890 -0.322948
 117.980006 1.297536 -0.246086
 118.180006 0.971181 -0.355104
 118.380006 1.351551 -0.172835
 118.580006 1.116909 -0.437279
 118.780006 1.160661 -0.202536
 118.980006 1.227882 -0.361738
 119.180006 1.168076 -0.349428
 119.380006 1.121392 -0.277624
 119.580006 1.184429 -0.216444
 119.780006 1.258116 -0.446537
 119.980006 1.162149 -0.213737
 120.180006 1.179950 -0.277017
 120.380006 1.200750 -0.493522
 120.580006 1.246613 -0.105884
 120.780006 1.087866 -0.380521
 120.980006 1.133841 -0.217316
 121.180006 1.123988 -0.247974
 121.380006 1.400074 -0.479663
 121.580006 1.322279 -0.133122
 121.780006 1.070115 -0.262629
 121.980006 1.220535 -0.210303
 122.180006 1.186365 -0.425907
 122.380006 1.207821 -0.142039
 122.580006 1.006902 -0.343952
 122.780006 1.207265 -0.398342
 122.980006 1.180236 -0.062299
 123.180006 1.340652 -0.399196
 123.380006 1.252744 -0.230529
 123.580006 1.241265 -0.251355
 123.780006 1.008174 -0.171293
 123.980006 1.133191 -0.313536
 124.180006 1.259376 -0.214282
 124.380006 1.111543 -0.213740
 124.580006 1.230391 -0.270113
 124.780006 1.282643 -0.347153
 124.980006 1.221230 -0.249706
 125.180006 1.326928 -0.379360
 125.380006 1.108926 -0.221057
 125.580006 1.117124 -0.392310
 125.780006 1.034984 -0.233010
 125.980006 1.124291 -0.357528
 126.180006 1.273988 -0.287632
 126.380006 1.179748 -0.377173
 126.580006 1.360692 -0.213561
 126.780006 1.183591 -0.482851
 126.980006 1.306988 -0.218450
 127.180006 1.121069 -0.323457
 127.380006 1.253963 -0.518358
 127.580006 1.144797 -0.163946
 127.780006 1.238348 -0.454239
 127.980006 1.108307 -0.314313
 128.180006 1.202619 -0.196150
 128.380006 1.230976 -0.455170
 128.580006 1.320492 -0.361705
 128.780006 1.149565 -0.337117
 128.980006 1.092144 -0.342567
 129.180006 1.229763 -0.403988
 129.380006 1.207866 -0.292054
 129.580006 1.161340 -0.323853
 129.780006 1.223199 -0.422412
 129.980006 1.297696 -0.126782
 130.180006 1.385129 -0.481353
 130.380006 1.230908 -0.350380
 130.580006 1.079207 -0.151647
 130.780006 1.223719 -0.487824
 130.980006 1.203446 0.050553
 131.180006 1.245794 -0.408307
 131.380006 1.295733 -0.231002
 131.580006 1.215816 -0.345751
 131.780006 1.201709 -0.290531
 131.980006 1.271019 -0.339848
 132.180006 1.159812 -0.494906
 132.380006 1.111284 -0.104633
 132.580006 0.994758 -0.359978
 132.780006 1.270725 -0.078992
 132.980006 1.254605 -0.281304
 133.180006 1.302701 -0.484304
 133.380006 1.367951 -0.152869
 133.580006 1.167017 -0.429920
 133.780006 1.280697 -0.316781
 133.980006 1.064536 -0.318337
 134.180006 0.959802 -0.246394
 134.380006 1.268719 -0.298494
 134.580006 1.187245 -0.381370
 134.780006 1.382458 -0.257534
 134.980006 1.287094 -0.417011
 135.180006 1.160582 -0.124493
 135.380006 1.087841 -0.188185
 135.580006 1.042883 -0.468492
 135.780006 1.189360 0.088964
 135.980006 1.191846 -0.577155
 136.180006 1.316921 -0.105955
 136.380006 1.028722 -0.038522
 136.580006 1.296246 -0.586943
 136.780006 1.314869 -0.068324
 136.980007 1.201149 -0.461505
 137.180007 1.317419 -0.264237
 137.380007 1.196238 -0.406461
 137.580007 1.265705 -0.314440
 137.780007 1.268225 -0.204381
 137.980007 1.032518 -0.292343
 138.180007 1.402055 -0.207761
 138.380007 1.176979 -0.485066
 138.580007 1.275092 -0.082887
 138.780007 1.160395 -0.320525
 138.980007 1.052794 -0.421682
 139.180007 0.956097 -0.045542
 139.380007 1.354443 -0.404974
 139.580007 1.168915 -0.213142
 139.780007 1.428880 -0.449306
 139.980007 1.169329 -0.205111
 140.180007 1.388384 -0.366008
 140.380007 1.005142 -0.334846
 140.580007 1.058329 -0.233151
 140.780007 1.193917 -0.271097
 140.980007 1.229985 -0.276432
 141.180007 1.444413 -0.415227
 141.380007 1.118021 -0.173971
 141.580007 1.347707 -0.311181
 141.780007 1.385951 -0.285701
 141.980007 0.988368 -0.269208
 142.180007 1.229334 -0.082877
 142.380007 1.289731 -0.463285
 142.580007 1.168255 -0.069817
 142.780007 1.356908 -0.523596
 142.980007 1.053936 -0.070716
 143.180007 1.236555 -0.465631
 143.380007 1.119079 -0.180628
 143.580007 1.088728 -0.282931
 143.780007 1.099089 -0.350918
 143.980007 1.290463 -0.139708
 144.180007 1.308537 -0.434041
 144.380007 1.311978 -0.150321
 144.580007 1.168434 -0.310828
 144.780007 1.196037 -0.300715
 144.980007 1.185733 -0.023241
 145.180007 1.126098 -0.521290
 145.380007 1.275738 -0.055872
 145.580007 1.149963 -0.278820
 145.780007 1.269500 -0.385796
 145.980007 1.122551 0.053484
 146.180007 1.243130 -0.610608
 146.380007 1.122236 0.169260
 146.580007 1.288384 -0.632602
 146.780007 1.139691 -0.021721
 146.980007 1.336130 -0.342548
 147.180007 1.357551 -0.448611
 147.380007 1.215904 -0.062807
 147.580007 1.234394 -0.597615
 147.780007 1.240434 -0.107091
 147.980007 1.076575 -0.423676
 148.180007 1.262532 -0.263510
 148.380007 1.235461 -0.360548
 148.580007 1.223182 -0.329265
 148.780007 1.107924 -0.326805
 148.980007 1.311169 -0.350956
 149.180007 1.210608 -0.299454
 149.380007 1.041065 -0.253032
 149.580007 1.128990 -0.394736
 149.780007 1.214657 -0.408475
 149.980007 1.276450 -0.218824
 150.180007 1.429993 -0.312804
 150.380007 1.117715 -0.198967
 150.580007 1.395017 -0.278506
 150.780007 1.017119 -0.243002
 150.980007 1.305389 -0.425003
 151.180007 0.949197 -0.195531
 151.380007 1.177486 -0.353900
 151.580007 1.259907 -0.211103
 151.780007 1.056061 -0.494130
 151.980007 1.275389 -0.096732
 152.180007 1.079519 -0.508958
 152.380007 1.220450 -0.123316
 152.580007 1.161672 -0.292240
 152.780007 1.308926 -0.503184
 152.980007 1.198945 -0.041350
 153.180007 1.296627 -0.609775
 153.380007 1.334208 0.010492
 153.580007 1.204675 -0.366972
 153.780007 1.194409 -0.252130
 153.980007 1.293479 -0.246999
 154.180007 1.233199 -0.438770
 154.380007 1.277203 -0.092189
 154.580007 1.121472 -0.283057
 154.780007 1.095567 -0.261505
 154.980007 1.305317 -0.262148
 155.180007 1.125024 -0.451957
 155.380007 1.300979 -0.225524
 155.580007 1.066352 -0.310830
 155.780007 1.110473 -0.253343
 155.980007 1.233774 -0.144263
 156.180007 1.306649 -0.422502
 156.380007 1.054692 -0.124512
 156.580007 1.245141 -0.327314
 156.780007 1.205294 -0.245810
 156.980007 1.271417 -0.316160
 157.180007 1.212064 -0.317763
 157.380007 1.140159 -0.131644
 157.580007 1.249521 -0.363052
 157.780007 1.251519 -0.280402
 157.980008 1.266221 -0.251773
 158.180008 1.256629 -0.367375
 158.380008 1.246958 -0.242027
 158.580008 1.247244 -0.171664
 158.780008 1.202450 -0.455047
 158.980008 1.170383 0.036095
 159.180008 1.192043 -0.478985
 159.380008 1.235699 -0.045927
 159.580008 1.359696 -0.386766
 159.780008 1.242682 -0.224600
 159.980008 1.273538 -0.241493
 160.180008 1.027863 -0.260867
 160.380008 1.181103 -0.188433
 160.580008 1.187771 -0.306728
 160.780008 1.149952 -0.088368
 160.980008 1.334090 -0.300446
 161.180008 1.230639 -0.339879
 161.380008 1.343395 -0.319641
 161.580008 1.129165 -0.262065
 161.780008 1.212479 -0.360229
 161.980008 1.251313 -0.189637
 162.180008 1.223798 -0.415507
 162.380008 1.048364 -0.070823
 162.580008 1.084217 -0.372637
 162.780008 1.229804 -0.292910
 162.980008 1.319574 -0.388766
 163.180008 1.331903 -0.228525
 163.380008 1.233728 -0.323296
 163.580008 1.043140 -0.209458
 163.780008 1.171710 -0.170181
 163.980008 1.190208 -0.384052
 164.180008 1.123001 0.010237
 164.380008 1.140407 -0.505550
 164.580008 1.333185 -0.115029
 164.780008 1.334584 -0.450725
 164.980008 1.272400 -0.293933
 165.180008 1.133016 -0.206388
 165.380008 0.862501 -0.227338
 165.580008 1.321509 -0.336492
 165.780008 1.168777 -0.409860
 165.980008 1.082483 -0.170263
 166.180008 1.157286 -0.436460
 166.380008 1.233823 -0.230868
 166.580008 1.293398 -0.385578
 166.780008 1.313951 -0.470352
 166.980008 1.133041 -0.207363
 167.180008 1.171423 -0.293568
 167.380008 1.283467 -0.338570
 167.580008 1.166951 -0.306935
 167.780008 1.223852 -0.165042
 167.980008 1.229582 -0.347233
 168.180008 1.254933 -0.166560
 168.380008 1.186871 -0.274498
 168.580008 1.163989 -0.341067
 168.780008 1.121010 0.041116
 168.980008 1.259193 -0.581718
 169.180008 1.273212 -0.074562
 169.380008 1.287584 -0.420372
 169.580008 1.213989 -0.267030
 169.780008 1.276486 -0.277350
 169.980008 1.172880 -0.444036
 170.180008 1.115356 -0.077978
 170.380008 1.215882 -0.590757
 170.580008 1.094338 -0.035244
 170.780008 1.335199 -0.557732
 170.980008 1.327216 -0.200538
 171.180008 1.306142 -0.254095
 171.380008 1.078903 -0.330537
 171.580008 1.323175 -0.168541
 171.780008 1.191878 -0.413612
 171.980008 1.083298 -0.169943
 172.180008 1.078973 -0.397715
 172.380008 1.364466 -0.272675
 172.580008 1.142096 -0.243641
 172.780008 1.188515 -0.373647
 172.980008 1.157919 -0.111867
 173.180008 1.174979 -0.418590
 173.380008 1.297595 -0.208366
 173.580008 1.020919 -0.242851
 173.780008 1.187727 -0.405618
 173.980008 1.091866 -0.090588
 174.180008 1.390116 -0.417185
 174.380008 1.462949 -0.216412
 174.580008 1.426941 -0.467806
 174.780008 1.093230 0.022036
 174.980008 1.012019 -0.405396
 175.180008 1.167981 -0.188730
 175.380008 1.399607 -0.255205
 175.580008 1.310719 -0.411837
 175.780008 1.311854 -0.169760
 175.980008 1.097835 -0.101284
 176.180008 1.112662 -0.383746
 176.380008 1.169071 0.011429
 176.580008 1.253774 -0.534223
 176.780008 1.298089 0.020176
 176.980008 1.262324 -0.524865
 177.180008 1.171328 -0.156114
 177.380008 1.191096 -0.337255
 177.580008 1.240487 -0.322643
 177.780008 1.274976 -0.126463
 177.980008 1.143410 -0.516858
 178.180008 1.278469 -0.073787
 178.380008 1.247760 -0.427272
 178.580008 1.013480 -0.286946
 178.780008 1.091983 -0.122066
 178.980009 1.253200 -0.558491
 179.180009 1.289363 0.018654
 179.380009 1.206257 -0.482657
 179.580009 1.223262 -0.315641
 179.780009 1.120425 -0.131166
 179.980009 1.248257 -0.398229
 180.180009 1.263580 -0.124229
 180.380009 1.235609 -0.402073
 180.580009 1.198323 -0.100357
 180.780009 1.365307 -0.490241
 180.980009 1.215171 -0.352216
 181.180009 1.115014 -0.114263
 181.380009 1.094037 -0.664801
 181.580009 1.235856 0.039917
 181.780009 1.090040 -0.504304
 181.980009 1.157769 -0.273627
 182.180009 1.113586 -0.053691
 182.380009 1.193572 -0.508354
 182.580009 1.342569 0.003629
 182.780009 1.145985 -0.325681
 182.980009 1.197178 -0.198842
 183.180009 1.457672 -0.181736
 183.380009 1.156165 -0.411590
 183.580009 1.302079 -0.163601
 183.780009 1.180178 -0.686153
 183.980009 0.919377 0.141397
 184.180009 1.167668 -0.576718
 184.380009 1.171959 -0.296492
 184.580009 1.114385 -0.224828
 184.780009 1.162524 -0.421216
 184.980009 1.305409 -0.114656
 185.180009 1.403076 -0.472653
 185.380009 1.314984 -0.352493
 185.580009 1.122942 -0.064423
 185.780009 1.049567 -0.408880
 185.980009 1.176722 -0.136173
 186.180009 1.353493 -0.303839
 186.380009 1.203261 -0.433123
 186.580009 1.345755 -0.211008
 186.780009 1.231940 -0.386563
 186.980009 1.161525 -0.207942
 187.180009 1.175200 -0.179558
 187.380009 1.009276 -0.393058
 187.580009 1.241112 -0.179931
 187.780009 1.350594 -0.307754
 187.980009 1.293098 -0.315250
 188.180009 1.391987 -0.405328
 188.380009 1.122186 -0.174078
 188.580009 1.181823 -0.307532
 188.780009 1.062588 -0.314155
 188.980009 1.084461 -0.334134
 189.180009 1.272398 -0.295382
 189.380009 1.235201 -0.255429
 189.580009 1.284748 -0.348745
 189.780009 1.273156 -0.310680
 189.980009 1.247460 -0.298282
 190.180009 1.247243 -0.374127
 190.380009 0.911635 -0.164287
 190.580009 1.206121 -0.338953
 190.780009 1.329653 -0.390753
 190.980009 1.120226 -0.295284
 191.180009 1.356210 -0.303199
 191.380009 1.181852 -0.258850
 191.580009 1.426982 -0.333627
 191.780009 1.273936 -0.500973
 191.980009 1.029936 -0.020642
 192.180009 1.181715 -0.544801
 192.380009 1.100951 -0.217308
 192.580009 1.261238 -0.352586
 192.780009 1.314949 -0.309840
 192.980009 1.185624 -0.164641
 193.180009 1.222997 -0.433290
 193.380009 1.138645 -0.243493
 193.580009 1.223278 -0.301426
 193.780009 1.078551 -0.439002
 193.980009 1.141019 -0.118019
 194.180009 1.256356 -0.500068
 194.380009 1.206809 -0.295296
 194.580009 0.998417 -0.329536
 194.780009 1.107549 -0.316180
 194.980009 1.247839 -0.337810
 195.180009 1.407782 -0.413354
 195.380009 1.135454 -0.217528
 195.580009 1.165782 -0.269662
 195.780009 0.929239 -0.341235
 195.980009 1.295832 -0.314405
 196.180009 1.215950 -0.538680
 196.380009 1.059609 -0.104231
 196.580009 1.232824 -0.497820
 196.780009 1.253918 -0.358389
 196.980009 1.333843 -0.321274
 197.180009 1.193946 -0.351129
 197.380009 1.271608 -0.079908
 197.580009 1.076208 -0.381619
 197.780009 1.243114 -0.249257
 197.980009 1.265640 -0.300446
 198.180009 1.250516 -0.347453
 198.380009 1.091305 -0.104061
 198.580009 1.173240 -0.420683
 198.780009 1.438880 -0.220072
 198.980009 1.189473 -0.340592
 199.180009 1.199641 -0.222342
 199.380009 1.155567 -0.260210
 199.580009 1.015837 -0.285099
 199.780009 1.325791 -0.331490
 199.980009 0.995758 -0.282166
