#! FIELDS time phi psi
#! SET max_psi pi
 0.180000 1.322065 1.999718
 0.380000 1.215196 2.505367
 0.580000 1.196159 3.061528
 0.780000 1.224544 2.375899
 0.980000 1.267265 2.571158
 1.180000 1.287722 -3.068225
 1.380000 0.981120 2.369043
 1.580000 1.233442 2.716563
 1.780000 1.194492 3.036270
 1.980000 1.123436 2.212701
 2.180000 1.379536 2.944798
 2.380000 1.024877 2.873275
 2.580000 1.058435 2.397975
 2.780000 1.307095 3.049495
 2.980000 1.425106 2.677876
 3.180000 1.136930 2.602037
 3.380000 0.982362 2.858114
 3.580000 1.435265 2.554098
 3.780000 1.190140 2.463004
 3.980000 1.021727 -3.026592
 4.180000 1.082164 2.469388
 4.380000 1.411319 2.779101
 4.580000 1.181046 2.945327
 4.780000 1.012153 2.566483
 4.980000 1.247859 3.070659
 5.180000 1.457800 2.795054
 5.380000 1.008464 2.742135
 5.580000 1.179943 2.976912
 5.780000 1.243118 2.613359
 5.980000 1.282737 3.008109
 6.180000 1.216615 2.644876
 6.380000 1.315402 2.795486
 6.580000 1.155698 2.711669
 6.780000 1.306531 2.744177
 6.980000 1.186972 2.737836
 7.180000 1.129359 2.746347
 7.380000 1.139488 2.766424
 7.580000 1.239897 2.877502
 7.780000 1.082050 2.648824
 7.980000 1.082441 2.912878
 8.180000 1.224615 2.705347
 8.380000 1.421583 2.687567
 8.580000 1.097008 2.835783
 8.780000 1.196061 2.736300
 8.980000 1.304984 2.836697
 9.180000 1.297548 2.701043
 9.380000 0.866820 2.815565
 9.580000 1.109423 2.872551
 9.780000 1.387656 2.693267
 9.980000 1.335517 2.895747
 10.180000 1.079999 2.520059
 10.380000 1.225851 2.922604
 10.580001 1.466260 2.753080
 10.780001 1.103246 2.622176
 10.980001 1.023345 3.035978
 11.180001 1.227579 2.554765
 11.380001 1.153300 2.822035
 11.580001 1.165983 2.985234
 11.780001 1.110505 2.480270
 11.980001 1.409530 2.860728
 12.180001 1.132104 2.845472
 12.380001 1.139043 2.602179
 12.580001 1.134547 2.847568
 12.780001 1.532349 2.636343
 12.980001 1.076780 2.759836
 13.180001 1.135281 2.837291
 13.380001 1.005369 2.688858
 13.580001 1.348513 2.534426
 13.780001 1.108038 3.001198
 13.980001 1.085074 2.709506
 14.180001 1.173659 2.774161
 14.380001 1.406326 2.800079
 14.580001 1.010929 2.673307
 14.780001 1.115308 2.947654
 14.980001 1.316001 2.523268
 15.180001 1.253402 2.762710
 15.380001 1.115123 2.761088
 15.580001 1.135482 2.640407
 15.780001 1.441366 2.715845
 15.980001 1.115360 2.504749
 16.180001 1.367431 2.940785
 16.380001 1.053603 2.549598
 16.580001 1.432282 2.538789
 16.780001 0.955422 3.022755
 16.980001 1.379298 2.446621
 17.180001 1.204775 2.921026
 17.380001 1.160889 2.700797
 17.580001 1.115144 2.739423
 17.780001 1.353548 2.682030
 17.980001 1.270669 2.659010
 18.180001 1.249684 2.891194
 18.380001 1.055596 2.636460
 18.580001 1.326784 2.835052
 18.780001 1.044791 2.848470
 18.980001 1.383528 2.513790
 19.180001 1.146835 3.004081
 19.380001 0.994346 2.576773
 19.580001 1.263963 2.752340
 19.780001 1.307347 2.737161
 19.980001 1.028038 2.613100
 20.180001 1.331729 2.963460
 20.380001 1.345462 2.554684
 20.580001 1.329773 2.825111
 20.780001 0.998490 2.495743
 20.980001 1.242160 2.794048
 21.180001 1.375803 2.937624
 21.380001 1.159544 2.595901
 21.580001 1.080660 3.024224
 21.780001 1.237492 2.640131
 21.980001 1.331917 2.632407
 22.180001 1.069039 2.969882
 22.380001 1.421605 2.443368
 22.580001 1.310095 2.779126
 22.780001 1.340789 2.744890
 22.980001 1.133935 2.600849
 23.180001 1.298643 2.673420
 23.380001 1.345916 2.646424
 23.580001 1.112677 2.621869
 23.780001 1.057566 2.728234
 23.980001 1.273899 2.670563
 24.180001 1.230983 2.929582
 24.380001 1.191208 2.442859
 24.580001 1.221174 2.891658
 24.780001 1.074823 2.709789
 24.980001 1.184050 2.543726
 25.180001 1.187044 3.097040
 25.380001 1.189244 2.454132
 25.580001 1.362473 2.929284
 25.780001 1.081302 2.758615
 25.980001 1.142490 2.623304
 26.180001 1.127725 3.003348
 26.380001 1.212300 2.400582
 26.580001 1.183781 -3.121595
 26.780001 1.047833 2.620297
 26.980001 1.330570 2.685147
 27.180001 1.026226 3.000878
 27.380001 1.313146 2.497544
 27.580001 1.173549 2.947287
 27.780001 1.272142 2.476857
 27.980001 1.156815 2.818421
 28.180001 1.211433 2.725704
 28.380001 1.189512 2.506697
 28.580001 1.204302 3.122657
 28.780001 1.296951 2.378202
 28.980001 1.208514 2.984928
 29.180001 1.103826 2.716215
 29.380001 1.189230 2.598923
 29.580001 1.175889 -3.063640
 29.780001 1.232554 2.176930
 29.980001 1.230569 3.136056
 30.180001 1.310769 2.504949
 30.380001 1.067859 2.714395
 30.580001 1.136965 2.878132
 30.780001 1.280290 2.321931
 30.980001 1.213783 3.103994
 31.180001 1.331854 2.312873
 31.380001 0.982825 2.925768
 31.580001 1.182621 2.749363
 31.780002 1.230763 2.496456
 31.980002 1.238298 3.081272
 32.180002 1.390422 2.403144
 32.380002 1.189014 3.030152
 32.580002 1.067489 2.528432
 32.780002 1.339846 2.664546
 32.980002 1.173734 2.894603
 33.180002 1.369303 2.579441
 33.380002 1.239230 2.981960
 33.580002 1.057589 2.553552
 33.780002 1.178859 2.781546
 33.980002 1.305546 2.769172
 34.180002 1.166218 2.611186
 34.380002 1.275618 2.899287
 34.580002 1.286795 2.634971
 34.780002 1.223693 2.726813
 34.980002 1.062065 2.864079
 35.180002 1.121589 2.583234
 35.380002 1.245237 2.835452
 35.580002 1.117588 2.777340
 35.780002 1.236554 2.633835
 35.980002 1.096711 3.098446
 36.180002 1.249115 2.470003
 36.380002 1.238460 2.875180
 36.580002 1.155787 2.893832
 36.780002 0.890648 2.610343
 36.980002 1.547653 2.774692
 37.180002 1.300646 2.880726
 37.380002 1.208038 2.579933
 37.580002 1.284165 2.884275
 37.780002 1.312150 2.665857
 37.980002 1.220607 2.541759
 38.180002 1.030782 2.990223
 38.380002 1.254745 2.619676
 38.580002 1.460593 2.687251
 38.780002 1.241606 2.875377
 38.980002 1.036740 2.351676
 39.180002 1.348660 2.730930
 39.380002 1.273411 2.909216
 39.580002 1.212556 2.260448
 39.780002 1.115630 3.042399
 39.980002 1.384934 2.806267
 40.180002 1.142588 2.276956
 40.380002 1.145101 3.089378
 40.580002 1.321039 2.563887
 40.780002 1.013437 2.344816
 40.980002 1.103088 -3.141417
 41.180002 1.373289 2.706109
 41.380002 1.433425 2.547114
 41.580002 1.133949 3.091371
 41.780002 1.122769 2.467739
 41.980002 1.377829 2.911218
 42.180002 1.337922 2.863909
 42.380002 0.951388 2.607071
 42.580002 1.138109 2.955003
 42.780002 1.401561 2.741117
 42.980002 1.345703 2.764060
 43.180002 1.263990 2.837861
 43.380002 1.063972 2.633466
 43.580002 1.455249 2.843360
 43.780002 1.219120 2.864783
 43.980002 1.086234 2.901613
 44.180002 1.175073 2.719910
 44.380002 1.383872 2.867851
 44.580002 1.244724 2.589791
 44.780002 1.049190 2.949689
 44.980002 1.085154 2.459965
 45.180002 1.260791 2.683602
 45.380002 1.113095 2.846901
 45.580002 1.113749 2.598210
 45.780002 1.178520 2.730365
 45.980002 1.428039 2.567862
 46.180002 1.207531 2.739408
 46.380002 1.148160 2.657266
 46.580002 1.407737 2.568382
 46.780002 1.481624 2.851686
 46.980002 1.006548 2.514562
 47.180002 1.088767 2.871944
 47.380002 1.222340 2.853159
 47.580002 1.169634 2.453615
 47.780002 1.175889 3.036368
 47.980002 1.107176 2.645528
 48.180002 1.234373 2.631292
 48.380002 1.156607 2.989460
 48.580002 1.188626 2.397353
 48.780002 1.301549 2.766000
 48.980002 1.247973 2.818313
 49.180002 1.124213 2.470458
 49.380002 1.345153 2.910280
 49.580002 1.308776 2.699764
 49.780002 1.251066 2.728314
 49.980002 1.027074 2.831547
 50.180002 1.236418 2.683095
 50.380002 1.278391 2.680494
 50.580002 1.227015 2.910655
 50.780002 0.956242 2.596463
 50.980002 1.357826 2.832344
 51.180002 1.281607 2.854240
 51.380002 1.102878 2.504897
 51.580002 1.175487 2.910981
 51.780002 1.429037 2.696185
 51.980002 1.181808 2.380278
 52.180002 1.073982 3.027184
 52.380002 1.346448 2.591218
 52.580002 1.393703 2.729090
 52.780003 1.130639 2.970651
 52.980003 1.137735 2.402552
 53.180003 1.235194 2.746734
 53.380003 1.248985 2.917804
 53.580003 1.043338 2.495487
 53.780003 1.167691 2.994231
 53.980003 1.355825 2.653067
 54.180003 1.180540 2.862381
 54.380003 1.235720 2.797720
 54.580003 1.167813 2.675740
 54.780003 1.317571 2.761744
 54.980003 1.089818 2.817616
 55.180003 1.214348 2.722983
 55.380003 1.095744 2.827376
 55.580003 1.237424 2.590748
 55.780003 1.189672 2.943355
 55.980003 1.317365 2.410635
 56.180003 1.302694 2.898167
 56.380003 1.125745 2.691601
 56.580003 1.249170 2.669622
 56.780003 1.194078 2.983039
 56.980003 1.161603 2.568444
 57.180003 1.044399 2.888135
 57.380003 1.166181 2.752545
 57.580003 1.320530 2.634079
 57.780003 1.074275 2.959943
 57.980003 1.374022 2.501006
 58.180003 1.066935 2.904554
 58.380003 1.271927 2.666500
 58.580003 1.129661 2.746860
 58.780003 1.198321 2.840615
 58.980003 1.183042 2.601646
 59.180003 1.099138 2.894902
 59.380003 1.331602 2.654472
 59.580003 1.166777 2.807710
 59.780003 1.270672 2.759152
 59.980003 1.236599 2.638925
 60.180003 1.129463 2.756770
 60.380003 1.245863 2.776017
 60.580003 1.146606 2.655053
 60.780003 1.271563 2.831620
 60.980003 1.269039 2.606736
 61.180003 1.288248 2.753703
 61.380003 1.097729 2.810707
 61.580003 1.194786 2.609894
 61.780003 1.186656 2.867443
 61.980003 1.171085 2.665837
 62.180003 1.148287 2.789790
 62.380003 1.185329 2.731891
 62.580003 1.260888 2.703213
 62.780003 1.233154 2.726856
 62.980003 1.211478 2.690938
 63.180003 1.222781 2.706342
 63.380003 1.261706 2.832612
 63.580003 1.103677 2.630700
 63.780003 1.032780 2.908018
 63.980003 1.362747 2.806073
 64.180003 1.207426 2.577992
 64.380003 1.173539 2.917815
 64.580003 1.173051 2.566412
 64.780003 1.373661 2.690571
 64.980003 1.116326 2.933970
 65.180003 1.283775 2.588754
 65.380003 1.005518 2.907796
 65.580003 1.415509 2.628609
 65.780003 1.118740 2.789315
 65.980003 1.223752 2.675419
 66.180003 1.218470 2.692520
 66.380003 1.293111 2.784538
 66.580003 1.253988 2.655252
 66.780003 1.099335 2.930110
 66.980003 1.151944 2.646981
 67.180003 1.227293 2.812950
 67.380003 1.191259 2.852359
 67.580003 1.247995 2.571674
 67.780003 1.280370 2.775224
 67.980003 1.400926 2.687303
 68.180003 1.031112 2.586363
 68.380003 1.318286 2.862829
 68.580003 0.986711 2.698051
 68.780003 1.436651 2.736434
 68.980003 1.151694 2.780575
 69.180003 1.282068 2.586853
 69.380003 1.323398 2.857205
 69.580003 1.351456 2.539353
 69.780003 1.215769 2.855268
 69.980003 0.940534 2.656420
 70.180003 1.252662 2.698533
 70.380003 1.201574 3.043883
 70.580003 1.237307 2.300910
 70.780003 1.253841 3.062647
 70.980003 1.255598 2.677635
 71.180003 1.197915 2.694237
 71.380003 1.065719 2.884291
 71.580003 1.363216 2.562067
 71.780003 1.403584 2.886600
 71.980003 1.189791 2.582470
 72.180003 0.911264 2.845520
 72.380003 1.330087 2.713022
 72.580003 1.199373 2.342787
 72.780003 1.083280 -3.043099
 72.980003 1.353253 2.361787
 73.180003 1.179609 2.867949
 73.380003 1.317699 2.659011
 73.580003 0.937112 2.654384
 73.780004 1.344845 2.830981
 73.980004 1.289532 2.538228
 74.180004 1.146225 2.939187
 74.380004 1.242694 2.617024
 74.580004 1.285977 2.718020
 74.780004 1.268803 2.758543
 74.980004 1.109626 2.540948
 75.180004 1.185605 2.912889
 75.380004 1.199576 2.689008
 75.580004 1.261726 2.621857
 75.780004 1.080862 2.963107
 75.980004 1.460486 2.440432
 76.180004 1.280007 2.848375
 76.380004 1.218541 2.758986
 76.580004 1.119031 2.757230
 76.780004 1.359925 2.782719
 76.980004 1.259965 2.659459
 77.180004 1.247598 2.844322
 77.380004 1.045376 2.473543
 77.580004 1.306716 2.848408
 77.780004 1.242663 2.905998
 77.980004 1.114797 2.600007
 78.180004 1.129062 2.865694
 78.380004 1.348492 2.709783
 78.580004 1.038132 2.467010
 78.780004 1.211197 3.012123
 78.980004 1.203179 2.487153
 79.180004 1.420879 2.716800
 79.380004 1.073868 2.986348
 79.580004 1.190020 2.589448
 79.780004 1.273938 2.871468
 79.980004 1.269210 2.965148
 80.180004 1.036749 2.559135
 80.380004 1.279281 3.018493
 80.580004 1.396066 2.722720
 80.780004 1.250227 2.813640
 80.980004 1.199656 2.824690
 81.180004 1.142079 2.749585
 81.380004 1.415081 2.813817
 81.580004 1.057887 2.761044
 81.780004 0.978576 2.789136
 81.980004 1.243224 2.787274
 82.180004 1.352273 2.712476
 82.380004 1.290158 2.919764
 82.580004 1.165324 2.605121
 82.780004 1.188267 2.761939
 82.980004 1.213978 2.717206
 83.180004 1.273265 2.516634
 83.380004 1.044638 3.033403
 83.580004 1.243687 2.540883
 83.780004 1.064232 2.735258
 83.980004 1.212171 2.939449
 84.180004 1.038052 2.585670
 84.380004 1.362342 2.849981
 84.580004 1.154658 2.767394
 84.780004 0.987462 2.671519
 84.980004 1.197430 2.951061
 85.180004 1.351197 2.543857
 85.380004 1.322992 3.027633
 85.580004 1.023773 2.720545
 85.780004 1.073866 2.654006
 85.980004 1.323523 2.975500
 86.180004 1.152027 2.372747
 86.380004 1.306414 3.089745
 86.580004 1.384280 2.493082
 86.780004 1.106399 2.838497
 86.980004 1.226878 2.691960
 87.180004 1.301838 2.391550
 87.380004 1.258015 2.924490
 87.580004 1.288056 2.427971
 87.780004 1.167185 2.810647
 87.980004 1.154857 2.638066
 88.180004 1.231396 2.593789
 88.380004 1.240077 2.883885
 88.580004 1.319960 2.239433
 88.780004 1.313016 3.014883
 88.980004 1.089638 2.523778
 89.180004 1.271983 2.803667
 89.380004 1.229068 2.782015
 89.580004 1.204825 2.430666
 89.780004 1.367479 2.935483
 89.980004 1.111909 2.573462
 90.180004 1.264709 2.729342
 90.380004 1.277041 2.970062
 90.580004 1.277667 2.460747
 90.780004 1.253049 3.024956
 90.980004 1.226649 2.554850
 91.180004 0.940059 2.730338
 91.380004 1.131283 2.885832
 91.580004 1.235330 2.608526
 91.780004 1.214316 3.051353
 91.980004 1.290540 2.481657
 92.180004 1.170298 2.817983
 92.380004 1.103498 2.631664
 92.580004 1.348747 2.610093
 92.780004 1.275457 2.784366
 92.980004 1.163087 2.635326
 93.180004 1.124780 2.882593
 93.380004 1.251429 2.553956
 93.580004 1.107092 2.736045
 93.780004 1.095077 2.861782
 93.980004 1.166236 2.711692
 94.180004 1.359977 2.708099
 94.380004 1.323135 2.717828
 94.580004 1.107628 2.769760
 94.780005 1.200174 2.679518
 94.980005 1.290448 2.734432
 95.180005 1.199150 2.887199
 95.380005 1.208881 2.694671
 95.580005 1.156973 2.837647
 95.780005 1.248482 2.668965
 95.980005 1.146409 2.775497
 96.180005 1.141320 2.817304
 96.380005 1.321577 2.589730
 96.580005 1.227846 2.982388
 96.780005 1.268886 2.529474
 96.980005 1.128192 2.927660
 97.180005 1.206813 2.672641
 97.380005 1.212330 2.623734
 97.580005 1.290980 3.094517
 97.780005 1.230936 2.528179
 97.980005 1.231494 2.818503
 98.180005 1.279271 2.706356
 98.380005 1.110644 2.508892
 98.580005 1.356283 2.940886
 98.780005 1.213354 2.492248
 98.980005 1.230046 2.752871
 99.180005 1.068740 2.880203
 99.380005 1.351755 2.494913
 99.580005 1.201502 2.916325
 99.780005 1.128884 2.621024
 99.980005 1.072725 2.736542
 100.180005 1.370836 2.792861
 100.380005 1.276982 2.508912
 100.580005 1.195336 3.018170
 100.780005 1.257478 2.490139
 100.980005 1.151641 2.919899
 101.180005 1.236426 2.932398
 101.380005 1.217743 2.585086
 101.580005 1.287280 2.942738
 101.780005 1.259010 2.677050
 101.980005 1.188720 2.859259
 102.180005 1.167612 2.860562
 102.380005 1.197414 2.760202
 102.580005 1.292270 2.947510
 102.780005 1.261161 2.722278
 102.980005 1.144979 2.882305
 103.180005 1.178426 2.760014
 103.380005 1.313543 2.731669
 103.580005 1.294245 2.883802
 103.780005 1.075382 2.561068
 103.980005 1.025800 2.659505
 104.180005 1.430723 2.810762
 104.380005 1.115474 2.441461
 104.580005 1.328371 3.009428
 104.780005 1.226261 2.700339
 104.980005 1.294895 2.552046
 105.180005 0.999062 2.910060
 105.380005 1.204814 2.557996
 105.580005 1.271180 2.958966
 105.780005 1.180841 2.659120
 105.980005 0.985452 3.007917
 106.180005 1.248032 2.761634
 106.380005 1.260373 2.443219
 106.580005 1.230258 2.896631
 106.780005 1.234928 2.624182
 106.980005 1.273715 2.772130
 107.180005 1.099702 2.822401
 107.380005 1.201962 2.577796
 107.580005 1.182621 2.897938
 107.780005 1.436202 2.454163
 107.980005 1.234303 2.851332
 108.180005 1.229102 2.756188
 108.380005 1.113113 2.684844
 108.580005 1.276792 2.756728
 108.780005 1.211630 2.638016
 108.980005 1.092811 2.672881
 109.180005 1.185983 2.866227
 109.380005 1.323527 2.538399
 109.580005 1.202556 3.066905
 109.780005 1.104512 2.475146
 109.980005 1.185494 2.984797
 110.180005 1.322437 2.667262
 110.380005 1.152860 2.559396
 110.580005 1.188901 2.854705
 110.780005 1.459650 2.643607
 110.980005 1.253655 2.733820
 111.180005 1.105883 2.789130
 111.380005 1.016691 2.485297
 111.580005 1.420642 3.004512
 111.780005 1.361517 2.461342
 111.980005 1.310294 3.104768
 112.180005 0.984956 2.459831
 112.380005 1.348652 2.796466
 112.580005 1.119938 2.968585
 112.780005 1.201284 2.502966
 112.980005 1.193356 3.053171
 113.180005 1.272528 2.577114
 113.380005 1.081731 2.781129
 113.580005 1.282082 2.871769
 113.780005 1.184731 2.488558
 113.980005 1.279611 2.989593
 114.180005 1.297534 2.512904
 114.380005 1.091049 2.858908
 114.580005 1.277555 2.742639
 114.780005 1.181567 2.629563
 114.980005 1.112839 2.840967
 115.180005 1.323378 2.590496
 115.380005 1.145182 2.840312
 115.580005 1.198542 2.767507
 115.780005 1.209057 2.662106
 115.980006 1.302112 2.989084
 116.180006 1.157894 2.565569
 116.380006 1.302427 2.830933
 116.580006 0.954792 2.785717
 116.780006 1.429794 2.651244
 116.980006 1.174076 3.028026
 117.180006 1.070688 2.416188
 117.380006 1.135418 2.831606
 117.580006 1.227846 2.934029
 117.780006 1.190343 2.260671
 117.980006 1.271625 2.942918
 118.180006 1.095871 2.725382
 118.380006 1.129821 2.572905
 118.580006 1.233898 2.693443
 118.780006 1.380830 2.768604
 118.980006 1.164040 2.697158
 119.180006 1.117896 2.701232
 119.380006 1.307913 2.667712
 119.580006 1.325651 2.725709
 119.780006 1.151681 2.668060
 119.980006 1.191369 2.872549
 120.180006 1.123691 2.751122
 120.380006 1.296304 2.817874
 120.580006 1.190494 2.878857
 120.780006 1.184659 2.664471
 120.980006 1.109930 2.812497
 121.180006 1.409070 2.818722
 121.380006 1.175579 2.597719
 121.580006 1.162333 2.927607
 121.780006 1.215252 2.591503
 121.980006 1.303419 2.798391
 122.180006 1.268325 2.733865
 122.380006 1.056558 2.780825
 122.580006 1.341162 2.697335
 122.780006 1.272586 2.787213
 122.980006 1.066213 2.595843
 123.180006 1.211453 2.905053
 123.380006 1.273562 2.732643
 123.580006 1.253587 2.795591
 123.780006 1.029080 2.889166
 123.980006 1.246373 2.685273
 124.180006 1.209572 2.789754
 124.380006 1.295122 2.882053
 124.580006 1.170075 2.685353
 124.780006 1.219210 2.820062
 124.980006 1.291281 2.744860
 125.180006 1.122282 2.697344
 125.380006 1.193246 2.750740
 125.580006 1.051985 2.669771
 125.780006 1.280044 2.655225
 125.980006 1.238944 2.901445
 126.180006 1.261869 2.447721
 126.380006 1.185078 2.956388
 126.580006 1.321486 2.568368
 126.780006 1.058154 2.770894
 126.980006 1.142861 2.765350
 127.180006 1.299221 2.643431
 127.380006 1.118468 2.841430
 127.580006 1.309347 2.737858
 127.780006 1.020351 2.828683
 127.980006 1.146741 2.665025
 128.180006 1.256899 2.731054
 128.380006 1.476736 2.750508
 128.580006 0.932629 2.667363
 128.780006 1.337510 2.741258
 128.980006 1.120740 2.815808
 129.180006 1.237886 2.643888
 129.380006 1.048679 2.920045
 129.580006 1.231016 2.728322
 129.780006 1.316121 2.814637
 129.980006 1.226144 2.858545
 130.180006 1.203881 2.641933
 130.380006 1.079468 2.963531
 130.580006 1.399403 2.645093
 130.780006 1.171273 2.942239
 130.980006 1.122075 2.818310
 131.180006 1.071704 2.795941
 131.380006 1.418972 2.803717
 131.580006 1.244526 2.667693
 131.780006 1.246806 2.958849
 131.980006 1.248649 2.710829
 132.180006 1.498971 2.690494
 132.380006 1.160578 2.888865
 132.580006 1.079048 2.592212
 132.780006 0.868730 2.893934
 132.980006 1.553267 2.714967
 133.180006 1.048656 2.741755
 133.380006 1.218491 2.792870
 133.580006 1.197360 2.664195
 133.780006 1.454800 2.756414
 133.980006 1.285666 2.805851
 134.180006 1.056457 2.589424
 134.380006 1.150389 2.979562
 134.580006 1.319379 2.705831
 134.780006 0.948317 2.830303
 134.980006 1.175244 2.745482
 135.180006 1.232767 2.640421
 135.380006 1.442427 2.729185
 135.580006 1.078092 2.742056
 135.780006 1.127551 2.702596
 135.980006 1.265039 2.727199
 136.180006 1.364757 2.697481
 136.380006 1.206535 2.619458
 136.580006 1.291527 2.738272
 136.780006 1.081280 2.654454
 136.980007 1.348328 2.740443
 137.180007 1.022144 2.808043
 137.380007 1.271872 2.598125
 137.580007 1.003946 2.891314
 137.780007 1.273105 2.766408
 137.980007 0.892876 2.741688
 138.180007 1.294096 2.808350
 138.380007 1.291007 2.702284
 138.580007 1.344339 2.837786
 138.780007 1.154702 2.676513
 138.980007 1.034904 2.843177
 139.180007 1.178727 2.742309
 139.380007 1.148465 2.745221
 139.580007 1.289537 2.955816
 139.780007 1.112493 2.509819
 139.980007 1.114556 2.794473
 140.180007 1.087949 2.981562
 140.380007 1.204782 2.383203
 140.580007 1.286957 2.981032
 140.780007 1.240296 2.727501
 140.980007 1.048857 2.826580
 141.180007 1.070226 2.698213
 141.380007 1.307447 2.689810
 141.580007 1.092252 2.950460
 141.780007 1.183539 2.529544
 141.980007 1.104947 2.708219
 142.180007 1.466159 2.848445
 142.380007 1.030568 2.138563
 142.580007 1.377483 3.028160
 142.780007 1.363059 2.521862
 142.980007 1.202862 2.759775
 143.180007 1.148547 2.729529
 143.380007 1.385578 2.516397
 143.580007 1.376427 3.044515
 143.780007 1.236839 2.375502
 143.980007 1.160983 2.959125
 144.180007 1.390226 2.609145
 144.380007 1.044924 2.701369
 144.580007 1.203919 2.886432
 144.780007 1.014472 2.599162
 144.980007 1.307849 2.629932
 145.180007 1.079821 2.956664
 145.380007 1.147836 2.447603
 145.580007 1.226686 2.798487
 145.780007 1.220341 2.783070
 145.980007 1.091226 2.514253
 146.180007 1.171315 3.012660
 146.380007 1.428122 2.369001
 146.580007 1.342322 2.931062
 146.780007 1.196731 2.568322
 146.980007 1.106027 2.741102
 147.180007 1.203789 2.887920
 147.380007 1.198593 2.255261
 147.580007 1.332244 2.921605
 147.780007 1.347756 2.648889
 147.980007 1.109831 2.642769
 148.180007 1.007656 2.809991
 148.380007 1.368471 2.727211
 148.580007 1.298074 2.575099
 148.780007 1.272144 3.007120
 148.980007 1.117507 2.396394
 149.180007 1.214275 2.914266
 149.380007 1.105792 2.925156
 149.580007 1.247161 2.412793
 149.780007 1.030804 3.045818
 149.980007 1.338364 2.690347
 150.180007 0.938675 2.280518
 150.380007 1.382524 3.011935
 150.580007 1.418478 2.598660
 150.780007 1.192719 2.510405
 150.980007 1.037730 3.030565
 151.180007 1.325507 2.430078
 151.380007 1.205062 2.293054
 151.580007 1.054302 3.062510
 151.780007 1.406798 2.367388
 151.980007 1.398270 2.522422
 152.180007 1.126591 2.995013
 152.380007 1.135024 2.498393
 152.580007 1.219465 2.680990
 152.780007 1.041308 3.014663
 152.980007 1.057794 2.518288
 153.180007 1.351729 2.876736
 153.380007 1.270991 2.731557
 153.580007 1.034969 2.477468
 153.780007 1.229052 2.849515
 153.980007 1.467025 2.630581
 154.180007 1.183320 2.676503
 154.380007 1.150634 2.794308
 154.580007 1.220598 2.574025
 154.780007 1.333598 2.681790
 154.980007 1.008108 2.760898
 155.180007 1.292308 2.635875
 155.380007 1.390538 2.782230
 155.580007 1.370593 2.612659
 155.780007 1.046504 2.858957
 155.980007 1.110938 2.666412
 156.180007 1.346319 2.590557
 156.380007 1.123165 3.116671
 156.580007 1.133475 2.463675
 156.780007 1.387422 2.813164
 156.980007 1.321625 3.116961
 157.180007 1.171956 2.230172
 157.380007 1.194941 2.812891
 157.580007 1.038318 2.812210
 157.780007 0.994521 2.625699
 157.980008 1.481239 2.811174
 158.180008 1.308253 2.412050
 158.380008 1.222240 2.874650
 158.580008 1.150459 2.672741
 158.780008 1.436557 2.511519
 158.980008 0.952369 3.037551
 159.180008 1.215111 2.521038
 159.380008 1.162876 2.755349
 159.580008 1.371561 2.856231
 159.780008 1.032854 2.499028
 159.980008 1.380150 2.921319
 160.180008 1.290750 2.760219
 160.380008 1.233521 2.658062
 160.580008 1.161930 2.905520
 160.780008 1.071791 2.745013
 160.980008 1.388805 2.629724
 161.180008 1.260476 2.899858
 161.380008 1.104655 2.499476
 161.580008 1.305572 2.841227
 161.780008 1.171517 2.837693
 161.980008 1.311730 2.552498
 162.180008 0.965310 3.024037
 162.380008 1.470108 2.578235
 162.580008 1.110891 2.796586
 162.780008 1.136346 2.754876
 162.980008 1.204053 2.627471
 163.180008 1.278694 2.832720
 163.380008 1.347674 2.661783
 163.580008 1.041114 2.654390
 163.780008 1.260230 2.773991
 163.980008 1.253627 2.542411
 164.180008 1.256658 2.813137
 164.380008 1.083334 2.611086
 164.580008 1.276630 2.567172
 164.780008 1.134446 2.913295
 164.980008 1.315286 2.538013
 165.180008 0.910401 2.920362
 165.380008 1.230969 2.753795
 165.580008 1.100430 2.689404
 165.780008 1.124899 2.927480
 165.980008 1.258475 2.598959
 166.180008 1.411132 2.704051
 166.380008 1.063248 2.737529
 166.580008 1.182297 2.725473
 166.780008 1.260814 2.731000
 166.980008 1.394272 2.897398
 167.180008 1.224802 2.565575
 167.380008 1.199265 2.735515
 167.580008 1.221470 2.769448
 167.780008 1.331869 2.748747
 167.980008 1.206861 2.935364
 168.180008 1.115521 2.543570
 168.380008 1.152249 2.891630
 168.580008 1.138159 2.644582
 168.780008 1.332787 2.794592
 168.980008 1.063443 2.875972
 169.180008 1.378562 2.646037
 169.380008 1.117751 2.868939
 169.580008 1.260972 2.776880
 169.780008 1.116930 2.617594
 169.980008 1.243978 2.812714
 170.180008 1.228218 2.767814
 170.380008 1.449349 2.730478
 170.580008 1.061302 2.814623
 170.780008 1.203124 2.607002
 170.980008 0.943807 2.807658
 171.180008 1.252259 2.863491
 171.380008 1.099229 2.514640
 171.580008 1.141876 3.005805
 171.780008 1.434165 2.509310
 171.980008 1.325571 2.845345
 172.180008 1.133722 2.662852
 172.380008 1.253333 2.750596
 172.580008 1.240068 2.881960
 172.780008 1.291955 2.547666
 172.980008 1.127558 2.935399
 173.180008 1.215926 2.661720
 173.380008 1.143436 2.613292
 173.580008 1.238733 3.083357
 173.780008 1.128171 2.315946
 173.980008 1.397627 2.705576
 174.180008 1.005554 2.763449
 174.380008 1.280256 2.459377
 174.580008 1.178089 2.955168
 174.780008 1.429256 2.625002
 174.980008 1.028012 2.755943
 175.180008 1.179389 2.693514
 175.380008 1.314925 2.658759
 175.580008 1.379194 2.842430
 175.780008 1.174215 2.402296
 175.980008 1.261455 2.894681
 176.180008 1.394922 2.715506
 176.380008 1.051315 2.432240
 176.580008 1.046861 3.065936
 176.780008 1.252301 2.501633
 176.980008 1.276442 2.528885
 177.180008 1.096213 3.058002
 177.380008 1.101383 2.552725
 177.580008 1.371159 2.575331
 177.780008 1.275018 2.954391
 177.980008 1.086321 2.223255
 178.180008 1.243952 2.730758
 178.380008 1.277839 2.862944
 178.580008 1.155712 2.441357
 178.780008 1.181692 2.898743
 178.980009 1.267618 2.826650
 179.180009 1.342013 2.424041
 179.380009 0.964016 -3.131922
 179.580009 1.318470 2.449063
 179.780009 1.147088 2.792295
 179.980009 1.270110 2.791130
 180.180009 1.138605 2.551692
 180.380009 1.294087 2.846567
 180.580009 1.303338 2.590461
 180.780009 1.103105 2.714205
 180.980009 1.223813 2.765158
 181.180009 1.303457 2.652667
 181.380009 1.350379 2.980741
 181.580009 0.958346 2.450671
 181.780009 1.329427 2.872770
 181.980009 1.213910 3.035045
 182.180009 1.276192 2.360250
 182.380009 1.319722 3.076223
 182.580009 1.378703 2.794290
 182.780009 1.052591 2.584849
 182.980009 1.174932 3.054255
 183.180009 1.203159 2.651776
 183.380009 1.266388 2.678451
 183.580009 1.123302 2.971165
 183.780009 1.150215 2.541740
 183.980009 1.256524 2.629603
 184.180009 1.277393 2.864692
 184.380009 1.086050 2.288806
 184.580009 1.315581 2.913971
 184.780009 1.156068 2.662032
 184.980009 1.141617 2.598690
 185.180009 0.999391 2.877369
 185.380009 1.411334 2.634679
 185.580009 1.202852 2.957383
 185.780009 1.338626 2.492912
 185.980009 1.091055 2.743864
 186.180009 1.244075 2.894417
 186.380009 1.207306 2.461154
 186.580009 1.212545 3.020768
 186.780009 1.061764 2.480461
 186.980009 1.359996 2.875233
 187.180009 1.140377 2.780062
 187.380009 1.250697 2.614514
 187.580009 1.220628 2.900599
 187.780009 1.568748 2.644628
 187.980009 1.132146 2.843601
 188.180009 1.104224 2.765716
 188.380009 1.122351 2.777793
 188.580009 1.327644 2.827614
 188.780009 0.933581 2.586084
 188.980009 1.412617 2.842109
 189.180009 1.102680 2.551278
 189.380009 1.356081 2.754973
 189.580009 1.118117 2.602633
 189.780009 1.220254 2.812214
 189.980009 1.212315 2.768867
 190.180009 1.276665 2.755565
 190.380009 1.218338 2.722078
 190.580009 1.121337 2.684013
 190.780009 1.037961 2.746423
 190.980009 1.112216 2.883009
 191.180009 1.240870 2.715231
 191.380009 1.094978 2.900719
 191.580009 1.269288 2.666756
 191.780009 1.289920 2.526967
 191.980009 1.356982 3.051067
 192.180009 1.288296 2.376198
 192.380009 1.201434 2.834526
 192.580009 0.962419 2.673921
 192.780009 1.071743 2.636110
 192.980009 1.252122 2.927562
 193.180009 1.463315 2.391069
 193.380009 1.207404 3.073090
 193.580009 1.110387 2.610041
 193.780009 1.135447 2.819753
 193.980009 1.211135 2.803006
 194.180009 1.135427 2.562990
 194.380009 1.414985 2.933513
 194.580009 1.244537 2.562186
 194.780009 1.210433 2.964054
 194.980009 1.117849 2.689329
 195.180009 1.232921 2.748678
 195.380009 1.158578 2.917444
 195.580009 1.089113 2.758243
 195.780009 1.255683 2.885517
 195.980009 1.406313 2.650170
 196.180009 1.110711 2.903896
 196.380009 1.155652 2.699664
 196.580009 1.036697 2.838557
 196.780009 1.132828 2.742920
 196.980009 1.118509 2.640235
 197.180009 1.235971 2.958285
 197.380009 1.124561 2.419668
 197.580009 1.388071 2.784020
 197.780009 1.043934 2.709223
 197.980009 1.344004 2.601637
 198.180009 1.146263 2.929474
 198.380009 1.266061 2.495755
 198.580009 1.256011 2.927663
 198.780009 1.166949 2.722640
 198.980009 1.196768 2.688950
 199.180009 1.150287 2.853900
 199.380009 1.293383 2.446810
 199.580009 1.249199 2.976020
 199.780009 1.340218 2.708729
 199.980009 1.230081 2.788155
