#! FIELDS time phi psi
#! SET max_psi pi
 0.180000 1.583204 -1.594250
 0.380000 1.453028 -1.577280
 0.580000 1.391512 -1.606860
 0.780000 1.796637 -1.797652
 0.980000 1.152953 -1.564515
 1.180000 1.896633 -1.539783
 1.380000 1.661921 -1.780455
 1.580000 1.498440 -1.594161
 1.780000 2.068629 -1.884269
 1.980000 1.303540 -1.594601
 2.180000 1.952951 -1.764925
 2.380000 1.575004 -1.661043
 2.580000 1.519416 -1.800218
 2.780000 1.919822 -1.663070
 2.980000 1.445388 -1.561060
 3.180000 1.654735 -2.047524
 3.380000 1.377934 -1.340233
 3.580000 1.452996 -1.817464
 3.780000 1.197913 -1.684628
 3.980000 1.560042 -1.398054
 4.180000 1.627390 -1.901069
 4.380000 1.379662 -1.415011
 4.580000 1.666690 -1.963896
 4.780000 1.439130 -1.200537
 4.980000 1.362544 -1.989398
 5.180000 1.557627 -1.293879
 5.380000 1.734695 -1.761379
 5.580000 1.371402 -1.618041
 5.780000 1.539601 -1.497359
 5.980000 1.450801 -1.892912
 6.180000 1.356157 -1.490004
 6.380000 1.773446 -1.824268
 6.580000 1.529759 -1.455477
 6.780000 1.360883 -1.970068
 6.980000 1.873260 -1.617114
 7.180000 1.464926 -1.743122
 7.380000 1.632871 -1.826902
 7.580000 1.493861 -1.292488
 7.780000 1.538605 -1.865281
 7.980000 1.404793 -1.409030
 8.180000 1.554507 -1.803863
 8.380000 1.385449 -1.572159
 8.580000 1.387518 -1.509871
 8.780000 1.631709 -1.745384
 8.980000 1.342097 -1.575531
 9.180000 1.914893 -1.674673
 9.380000 1.425013 -1.540618
 9.580000 1.375343 -1.665622
 9.780000 1.555231 -1.717016
 9.980000 1.529580 -1.620177
 10.180000 1.764469 -1.843766
 10.380000 1.579896 -1.468497
 10.580001 1.659809 -1.831307
 10.780001 1.383175 -1.647121
 10.980001 1.555747 -1.690140
 11.180001 1.533147 -1.587555
 11.380001 1.514396 -1.644265
 11.580001 1.577673 -1.673183
 11.780001 1.534032 -1.419592
 11.980001 1.354769 -1.980078
 12.180001 1.488401 -1.479483
 12.380001 1.629459 -1.650568
 12.580001 1.625412 -1.605196
 12.780001 1.549488 -1.637582
 12.980001 1.496188 -1.646761
 13.180001 1.216513 -1.553504
 13.380001 1.594636 -1.877680
 13.580001 1.397680 -1.405916
 13.780001 1.588137 -1.868174
 13.980001 1.516784 -1.570665
 14.180001 1.471377 -1.588237
 14.380001 1.635789 -1.657653
 14.580001 1.449834 -1.492997
 14.780001 1.544466 -1.667824
 14.980001 1.347500 -1.641553
 15.180001 1.597080 -1.699023
 15.380001 1.455799 -1.544670
 15.580001 1.509722 -1.599416
 15.780001 1.626811 -1.665277
 15.980001 1.497031 -1.493057
 16.180001 1.402034 -1.751811
 16.380001 1.524127 -1.703945
 16.580001 1.560577 -1.544921
 16.780001 1.555372 -1.716129
 16.980001 1.484824 -1.666213
 17.180001 1.525674 -1.602441
 17.380001 1.334793 -1.554889
 17.580001 1.514021 -1.735374
 17.780001 1.333148 -1.393348
 17.980001 1.438127 -1.669977
 18.180001 1.373406 -1.677171
 18.380001 1.537585 -1.552769
 18.580001 1.410389 -1.670176
 18.780001 1.472402 -1.507952
 18.980001 1.418833 -1.791676
 19.180001 1.386165 -1.558018
 19.380001 1.509483 -1.536790
 19.580001 1.483222 -1.575577
 19.780001 1.525731 -1.529345
 19.980001 1.512561 -1.646061
 20.180001 1.711409 -1.613965
 20.380001 1.487635 -1.822168
 20.580001 1.746457 -1.471927
 20.780001 1.533005 -1.714466
 20.980001 1.520268 -1.807020
 21.180001 1.793622 -1.553844
 21.380001 1.521992 -1.542212
 21.580001 1.645977 -1.938199
 21.780001 1.390455 -1.438865
 21.980001 1.548386 -1.595643
 22.180001 1.361042 -1.846016
 22.380001 1.437970 -1.352603
 22.580001 1.657889 -1.693550
 22.780001 1.353751 -1.676344
 22.980001 1.564573 -1.673525
 23.180001 1.715286 -1.510491
 23.380001 1.356950 -1.789458
 23.580001 1.550037 -1.666222
 23.780001 1.481385 -1.491465
 23.980001 1.361686 -1.848750
 24.180001 1.621067 -1.506161
 24.380001 1.586987 -1.538179
 24.580001 1.398651 -1.834844
 24.780001 1.488649 -1.601803
 24.980001 1.567503 -1.501675
 25.180001 1.328286 -1.817301
 25.380001 1.523236 -1.707700
 25.580001 1.487379 -1.376258
 25.780001 1.458570 -1.689566
 25.980001 1.352786 -1.583822
 26.180001 1.455155 -1.469968
 26.380001 1.550575 -1.639804
 26.580001 1.353008 -1.520129
 26.780001 1.714310 -1.741105
 26.980001 1.421753 -1.576964
 27.180001 1.309483 -1.814258
 27.380001 1.547072 -1.459417
 27.580001 1.733945 -1.839131
 27.780001 1.616551 -1.748904
 27.980001 1.706805 -1.551556
 28.180001 1.513017 -1.593764
 28.380001 1.473474 -1.730458
 28.580001 1.586511 -1.394179
 28.780001 1.404519 -1.688229
 28.980001 1.383276 -1.563103
 29.180001 1.441549 -1.634698
 29.380001 1.535484 -1.625736
 29.580001 1.440692 -1.872147
 29.780001 1.722431 -1.352953
 29.980001 1.541506 -1.887832
 30.180001 1.606909 -1.604059
 30.380001 1.589792 -1.568068
 30.580001 1.492157 -1.733052
 30.780001 1.217299 -1.588090
 30.980001 1.621185 -1.787557
 31.180001 1.235988 -1.523008
 31.380001 1.674120 -1.813659
 31.580001 1.576789 -1.427944
 31.780002 1.629762 -1.711694
 31.980002 1.574352 -1.595284
 32.180002 1.527847 -1.579394
 32.380002 1.429044 -1.797150
 32.580002 1.336693 -1.531958
 32.780002 1.746127 -1.802067
 32.980002 1.256878 -1.694950
 33.180002 1.721343 -1.576430
 33.380002 1.470408 -1.605648
 33.580002 1.521796 -1.699307
 33.780002 1.550767 -1.741782
 33.980002 1.436780 -1.455939
 34.180002 1.593532 -1.794721
 34.380002 1.493999 -1.484687
 34.580002 1.442399 -1.719311
 34.780002 1.412211 -1.687855
 34.980002 1.606285 -1.455139
 35.180002 1.577628 -1.809873
 35.380002 1.348053 -1.336251
 35.580002 1.462643 -1.912763
 35.780002 1.295113 -1.485082
 35.980002 1.660163 -1.596903
 36.180002 1.587943 -1.710425
 36.380002 1.417969 -1.637535
 36.580002 1.417347 -1.725022
 36.780002 1.473090 -1.590371
 36.980002 1.568076 -1.800005
 37.180002 1.485735 -1.388221
 37.380002 1.622804 -1.854358
 37.580002 1.489192 -1.538998
 37.780002 1.541723 -1.762127
 37.980002 1.550582 -1.593820
 38.180002 1.498310 -1.580617
 38.380002 1.407237 -1.743607
 38.580002 1.581049 -1.383142
 38.780002 1.465076 -1.801264
 38.980002 1.336025 -1.549240
 39.180002 1.704383 -1.566814
 39.380002 1.418233 -1.639234
 39.580002 1.455831 -1.523960
 39.780002 1.654777 -1.776553
 39.980002 1.435745 -1.540337
 40.180002 1.559318 -1.778146
 40.380002 1.510616 -1.530544
 40.580002 1.522790 -1.712328
 40.780002 1.347786 -1.697291
 40.980002 1.592738 -1.662742
 41.180002 1.417774 -1.529055
 41.380002 1.570992 -1.632737
 41.580002 1.514321 -1.610981
 41.780002 1.502993 -1.607185
 41.980002 1.435221 -1.567760
 42.180002 1.507595 -1.697725
 42.380002 1.421600 -1.481467
 42.580002 1.466600 -1.647813
 42.780002 1.416496 -1.561677
 42.980002 1.483069 -1.771449
 43.180002 1.571221 -1.631482
 43.380002 1.380486 -1.645769
 43.580002 1.513762 -1.671600
 43.780002 1.591563 -1.579248
 43.980002 1.480213 -1.755528
 44.180002 1.597337 -1.653587
 44.380002 1.595137 -1.570737
 44.580002 1.437627 -1.723052
 44.780002 1.591674 -1.613081
 44.980002 1.438746 -1.571816
 45.180002 1.455679 -1.651872
 45.380002 1.345117 -1.654933
 45.580002 1.479327 -1.600571
 45.780002 1.411369 -1.705993
 45.980002 1.443645 -1.428068
 46.180002 1.770958 -1.770046
 46.380002 1.464431 -1.559581
 46.580002 1.710374 -1.779964
 46.780002 1.629577 -1.523051
 46.980002 1.470924 -1.869329
 47.180002 1.392174 -1.573092
 47.380002 1.497739 -1.588760
 47.580002 1.464992 -1.678938
 47.780002 1.517415 -1.684975
 47.980002 1.575896 -1.478394
 48.180002 1.420162 -1.769877
 48.380002 1.448694 -1.567532
 48.580002 1.489493 -1.612060
 48.780002 1.476402 -1.617775
 48.980002 1.541274 -1.536546
 49.180002 1.523164 -1.610225
 49.380002 1.365039 -1.607242
 49.580002 1.453143 -1.738642
 49.780002 1.419051 -1.567698
 49.980002 1.503912 -1.826526
 50.180002 1.643772 -1.490544
 50.380002 1.501214 -1.434599
 50.580002 1.557481 -1.763616
 50.780002 1.572285 -1.525220
 50.980002 1.384819 -1.669887
 51.180002 1.372557 -1.686780
 51.380002 1.793975 -1.621775
 51.580002 1.373109 -1.596226
 51.780002 1.586115 -1.802674
 51.980002 1.737561 -1.550322
 52.180002 1.293465 -1.634206
 52.380002 1.401133 -1.732760
 52.580002 1.547900 -1.478199
 52.780003 1.388533 -1.843565
 52.980003 1.349740 -1.286399
 53.180003 1.696164 -1.858727
 53.380003 1.246800 -1.613138
 53.580003 1.642438 -1.798821
 53.780003 1.698742 -1.641762
 53.980003 1.345286 -1.648133
 54.180003 1.617138 -1.753437
 54.380003 1.540109 -1.430671
 54.580003 1.475467 -1.941375
 54.780003 1.633973 -1.348742
 54.980003 1.635365 -1.873339
 55.180003 1.460596 -1.563439
 55.380003 1.502949 -1.550326
 55.580003 1.342422 -1.699837
 55.780003 1.372403 -1.474822
 55.980003 1.446323 -1.585820
 56.180003 1.388129 -1.424936
 56.380003 1.508545 -1.717629
 56.580003 1.505288 -1.417794
 56.780003 1.460284 -1.837214
 56.980003 1.504573 -1.569760
 57.180003 1.549196 -1.720105
 57.380003 1.466425 -1.665433
 57.580003 1.435614 -1.572174
 57.780003 1.678461 -1.611887
 57.980003 1.415241 -1.778045
 58.180003 1.786864 -1.591319
 58.380003 1.551849 -1.527940
 58.580003 1.477180 -1.898482
 58.780003 1.477719 -1.378974
 58.980003 1.530644 -1.685392
 59.180003 1.412579 -1.615230
 59.380003 1.495891 -1.533947
 59.580003 1.411461 -1.658971
 59.780003 1.357610 -1.496817
 59.980003 1.729918 -1.737156
 60.180003 1.333777 -1.577831
 60.380003 1.671495 -1.967092
 60.580003 1.598776 -1.401614
 60.780003 1.575028 -1.875031
 60.980003 1.380219 -1.513442
 61.180003 1.540338 -1.619594
 61.380003 1.321001 -1.641717
 61.580003 1.409047 -1.498069
 61.780003 1.418662 -1.685511
 61.980003 1.463412 -1.477854
 62.180003 1.598150 -1.641309
 62.380003 1.471277 -1.462716
 62.580003 1.470751 -1.850277
 62.780003 1.622604 -1.457122
 62.980003 1.459126 -1.733982
 63.180003 1.579713 -1.768810
 63.380003 1.472040 -1.528028
 63.580003 1.573688 -1.880122
 63.780003 1.476643 -1.551836
 63.980003 1.718824 -1.615824
 64.180003 1.420398 -1.694877
 64.380003 1.539988 -1.529824
 64.580003 1.584511 -1.635393
 64.780003 1.222321 -1.470923
 64.980003 1.482600 -1.838966
 65.180003 1.460501 -1.295121
 65.380003 1.384856 -1.808394
 65.580003 1.460300 -1.519365
 65.780003 1.601829 -1.664014
 65.980003 1.386124 -1.603949
 66.180003 1.450853 -1.656434
 66.380003 1.707271 -1.565871
 66.580003 1.307222 -1.747645
 66.780003 1.595138 -1.611475
 66.980003 1.688935 -1.601430
 67.180003 1.404914 -1.648067
 67.380003 1.570159 -1.690990
 67.580003 1.591367 -1.474766
 67.780003 1.490886 -1.779206
 67.980003 1.483751 -1.398912
 68.180003 1.481048 -1.771454
 68.380003 1.258832 -1.657664
 68.580003 1.584231 -1.596292
 68.780003 1.286930 -1.695859
 68.980003 1.492460 -1.580772
 69.180003 1.639450 -1.525269
 69.380003 1.405048 -1.513892
 69.580003 1.383059 -1.827842
 69.780003 1.649511 -1.558462
 69.980003 1.455064 -1.642819
 70.180003 1.409129 -1.633221
 70.380003 1.710404 -1.562832
 70.580003 1.536972 -1.571792
 70.780003 1.523318 -1.721493
 70.980003 1.465979 -1.480321
 71.180003 1.472159 -1.813605
 71.380003 1.322785 -1.629744
 71.580003 1.585757 -1.533762
 71.780003 1.603023 -1.690477
 71.980003 1.454367 -1.688935
 72.180003 1.759985 -1.580371
 72.380003 1.472865 -1.579859
 72.580003 1.464864 -1.783466
 72.780003 1.626452 -1.642181
 72.980003 1.562200 -1.541924
 73.180003 1.553413 -1.876900
 73.380003 1.495401 -1.571135
 73.580003 1.578693 -1.551036
 73.780004 1.405044 -1.728444
 73.980004 1.423632 -1.447522
 74.180004 1.482035 -1.724574
 74.380004 1.324086 -1.424232
 74.580004 1.627236 -1.791348
 74.780004 1.443292 -1.471326
 74.980004 1.445709 -1.695125
 75.180004 1.626546 -1.674042
 75.380004 1.569007 -1.559943
 75.580004 1.485951 -1.733113
 75.780004 1.560109 -1.549492
 75.980004 1.541991 -1.767875
 76.180004 1.306232 -1.609125
 76.380004 1.746142 -1.616814
 76.580004 1.480599 -1.623813
 76.780004 1.466839 -1.738485
 76.980004 1.583374 -1.560995
 77.180004 1.528046 -1.526154
 77.380004 1.360384 -1.655555
 77.580004 1.636154 -1.589280
 77.780004 1.374027 -1.568696
 77.980004 1.445644 -1.717428
 78.180004 1.687478 -1.628486
 78.380004 1.500217 -1.656410
 78.580004 1.590984 -1.791216
 78.780004 1.683681 -1.446713
 78.980004 1.566177 -1.719910
 79.180004 1.368152 -1.730362
 79.380004 1.535544 -1.410807
 79.580004 1.386500 -1.721829
 79.780004 1.338639 -1.640075
 79.980004 1.601883 -1.607098
 80.180004 1.495358 -1.689978
 80.380004 1.479967 -1.506822
 80.580004 1.607602 -1.663299
 80.780004 1.525499 -1.555174
 80.980004 1.330512 -1.685477
 81.180004 1.559150 -1.495807
 81.380004 1.503230 -1.679708
 81.580004 1.477673 -1.763856
 81.780004 1.492847 -1.487832
 81.980004 1.599562 -1.681883
 82.180004 1.337242 -1.653064
 82.380004 1.508692 -1.606419
 82.580004 1.474887 -1.684475
 82.780004 1.467009 -1.548516
 82.980004 1.570365 -1.790333
 83.180004 1.550235 -1.347377
 83.380004 1.381885 -1.707626
 83.580004 1.565202 -1.550898
 83.780004 1.489007 -1.547845
 83.980004 1.380170 -1.683402
 84.180004 1.524384 -1.702938
 84.380004 1.656834 -1.508425
 84.580004 1.392138 -1.651579
 84.780004 1.586994 -1.685320
 84.980004 1.501806 -1.552908
 85.180004 1.360386 -1.683638
 85.380004 1.503497 -1.635149
 85.580004 1.581920 -1.615152
 85.780004 1.525001 -1.571914
 85.980004 1.528041 -1.620833
 86.180004 1.544102 -1.544366
 86.380004 1.408298 -1.593722
 86.580004 1.385118 -1.676861
 86.780004 1.379665 -1.621138
 86.980004 1.485466 -1.551157
 87.180004 1.466052 -1.714786
 87.380004 1.794472 -1.455889
 87.580004 1.483120 -1.672706
 87.780004 1.495449 -1.666139
 87.980004 1.523521 -1.621091
 88.180004 1.582591 -1.724369
 88.380004 1.318132 -1.634777
 88.580004 1.618349 -1.588436
 88.780004 1.580091 -1.712153
 88.980004 1.421622 -1.571895
 89.180004 1.576103 -1.784124
 89.380004 1.568237 -1.634642
 89.580004 1.488105 -1.692072
 89.780004 1.536899 -1.589043
 89.980004 1.488388 -1.539202
 90.180004 1.420039 -1.746066
 90.380004 1.479113 -1.439179
 90.580004 1.407798 -1.625354
 90.780004 1.405863 -1.575817
 90.980004 1.412063 -1.544949
 91.180004 1.515576 -1.696956
 91.380004 1.385545 -1.518650
 91.580004 1.670173 -1.722499
 91.780004 1.300432 -1.589219
 91.980004 1.525682 -1.590171
 92.180004 1.483620 -1.604334
 92.380004 1.363149 -1.741067
 92.580004 1.520290 -1.871934
 92.780004 1.699213 -1.502220
 92.980004 1.417654 -1.639243
 93.180004 1.633772 -1.646704
 93.380004 1.574543 -1.467076
 93.580004 1.461245 -1.758199
 93.780004 1.524271 -1.451189
 93.980004 1.653329 -1.724126
 94.180004 1.205780 -1.524334
 94.380004 1.502733 -1.538048
 94.580004 1.513205 -1.755087
 94.780005 1.262012 -1.601856
 94.980005 1.691742 -1.837121
 95.180005 1.614904 -1.539256
 95.380005 1.503155 -1.814196
 95.580005 1.608614 -1.550158
 95.780005 1.776255 -1.560075
 95.980005 1.217865 -1.804495
 96.180005 1.632126 -1.581114
 96.380005 1.494319 -1.632888
 96.580005 1.290358 -1.761611
 96.780005 1.483034 -1.427481
 96.980005 1.515857 -1.760055
 97.180005 1.336858 -1.685790
 97.380005 1.754775 -1.522731
 97.580005 1.432900 -1.604072
 97.780005 1.480607 -1.700103
 97.980005 1.567589 -1.526686
 98.180005 1.535036 -1.692700
 98.380005 1.446425 -1.624940
 98.580005 1.712111 -1.570965
 98.780005 1.403499 -1.685694
 98.980005 1.551554 -1.662187
 99.180005 1.660409 -1.475530
 99.380005 1.406321 -1.930247
 99.580005 1.563228 -1.476514
 99.780005 1.534642 -1.562075
 99.980005 1.486739 -1.743320
 100.180005 1.456544 -1.525430
 100.380005 1.527777 -1.640637
 100.580005 1.386540 -1.742562
 100.780005 1.584377 -1.458214
 100.980005 1.433839 -1.786056
 101.180005 1.502690 -1.484970
 101.380005 1.571875 -1.649188
 101.580005 1.387054 -1.564014
 101.780005 1.555626 -1.705285
 101.980005 1.488598 -1.504460
 102.180005 1.441273 -1.784972
 102.380005 1.694895 -1.739460
 102.580005 1.459817 -1.403759
 102.780005 1.708480 -1.736437
 102.980005 1.469321 -1.662410
 103.180005 1.624049 -1.554719
 103.380005 1.533955 -1.712993
 103.580005 1.524023 -1.653070
 103.780005 1.481102 -1.681352
 103.980005 1.545513 -1.466727
 104.180005 1.512526 -1.841480
 104.380005 1.277994 -1.304761
 104.580005 1.611435 -1.826205
 104.780005 1.381425 -1.452118
 104.980005 1.542394 -1.581599
 105.180005 1.490698 -1.731789
 105.380005 1.392403 -1.509109
 105.580005 1.530637 -1.756410
 105.780005 1.516363 -1.331117
 105.980005 1.541760 -1.899285
 106.180005 1.650454 -1.374129
 106.380005 1.580459 -1.796175
 106.580005 1.555600 -1.658536
 106.780005 1.600235 -1.558385
 106.980005 1.480653 -1.861026
 107.180005 1.452606 -1.440803
 107.380005 1.695292 -1.933306
 107.580005 1.281116 -1.445415
 107.780005 1.638870 -1.837008
 107.980005 1.413186 -1.558610
 108.180005 1.505212 -1.550700
 108.380005 1.499394 -1.646930
 108.580005 1.485997 -1.441385
 108.780005 1.370801 -1.722084
 108.980005 1.478574 -1.529272
 109.180005 1.530341 -1.803785
 109.380005 1.436168 -1.598223
 109.580005 1.534026 -1.668172
 109.780005 1.554537 -1.635849
 109.980005 1.454114 -1.503119
 110.180005 1.613236 -1.641521
 110.380005 1.382009 -1.498206
 110.580005 1.457461 -1.655693
 110.780005 1.484168 -1.725921
 110.980005 1.477560 -1.516152
 111.180005 1.471467 -1.689415
 111.380005 1.338603 -1.678194
 111.580005 1.831157 -1.634184
 111.780005 1.403899 -1.514493
 111.980005 1.646698 -1.757480
 112.180005 1.484962 -1.698750
 112.380005 1.464786 -1.355702
 112.580005 1.348365 -1.986681
 112.780005 1.575785 -1.473702
 112.980005 1.548476 -1.713032
 113.180005 1.594964 -1.713192
 113.380005 1.438793 -1.563147
 113.580005 1.642765 -1.712127
 113.780005 1.554170 -1.696615
 113.980005 1.530065 -1.433911
 114.180005 1.618315 -1.763287
 114.380005 1.355606 -1.390170
 114.580005 1.750721 -1.879785
 114.780005 1.286021 -1.515098
 114.980005 1.501714 -1.700470
 115.180005 1.504469 -1.633404
 115.380005 1.427349 -1.517265
 115.580005 1.541800 -1.849266
 115.780005 1.530714 -1.318278
 115.980006 1.390186 -1.828438
 116.180006 1.623834 -1.568909
 116.380006 1.398176 -1.793505
 116.580006 1.756984 -1.575700
 116.780006 1.434983 -1.728967
 116.980006 1.682133 -1.787369
 117.180006 1.500515 -1.605784
 117.380006 1.684995 -1.740435
 117.580006 1.539159 -1.534566
 117.780006 1.515838 -1.685945
 117.980006 1.835105 -1.559147
 118.180006 1.243784 -1.750121
 118.380006 1.803291 -1.635380
 118.580006 1.157760 -1.698720
 118.780006 1.661452 -1.690874
 118.980006 1.451474 -1.527991
 119.180006 1.599283 -1.562276
 119.380006 1.605048 -1.719775
 119.580006 1.530326 -1.555979
 119.780006 1.643669 -1.839337
 119.980006 1.262375 -1.524144
 120.180006 1.550454 -1.533645
 120.380006 1.235089 -1.805134
 120.580006 1.514526 -1.417356
 120.780006 1.531294 -1.976736
 120.980006 1.532150 -1.388738
 121.180006 1.703788 -1.778845
 121.380006 1.642791 -1.625924
 121.580006 1.524230 -1.752566
 121.780006 1.809973 -1.463972
 121.980006 1.269458 -1.779345
 122.180006 1.440762 -1.741615
 122.380006 1.555035 -1.392436
 122.580006 1.486617 -1.858113
 122.780006 1.655729 -1.632775
 122.980006 1.542345 -1.659612
 123.180006 1.395351 -1.573433
 123.380006 1.374874 -1.766056
 123.580006 1.517003 -1.396298
 123.780006 1.292575 -1.812769
 123.980006 1.592578 -1.535130
 124.180006 1.688416 -1.678370
 124.380006 1.547158 -1.594932
 124.580006 1.680359 -1.702891
 124.780006 1.709162 -1.353216
 124.980006 1.293959 -1.873535
 125.180006 1.551332 -1.580742
 125.380006 1.560636 -1.488841
 125.580006 1.175349 -2.063465
 125.780006 1.738028 -1.356146
 125.980006 1.505901 -1.890113
 126.180006 1.491898 -1.552098
 126.380006 1.692412 -1.673825
 126.580006 1.468865 -1.618258
 126.780006 1.390269 -1.803598
 126.980006 1.788082 -1.504703
 127.180006 1.213820 -1.669497
 127.380006 1.713702 -1.659514
 127.580006 1.544974 -1.508551
 127.780006 1.408642 -1.682519
 127.980006 1.621091 -1.686504
 128.180006 1.333944 -1.474703
 128.380006 1.625131 -1.736886
 128.580006 1.463256 -1.594094
 128.780006 1.525692 -1.625278
 128.980006 1.405971 -1.781781
 129.180006 1.590536 -1.361083
 129.380006 1.539163 -2.126423
 129.580006 1.530675 -1.269416
 129.780006 1.565001 -1.833823
 129.980006 1.563769 -1.695557
 130.180006 1.408761 -1.545749
 130.380006 1.573619 -1.730860
 130.580006 1.367040 -1.530593
 130.780006 1.518814 -1.758035
 130.980006 1.346887 -1.544608
 131.180006 1.507154 -1.672016
 131.380006 1.633401 -1.487082
 131.580006 1.661492 -1.614870
 131.780006 1.730742 -1.913582
 131.980006 1.611697 -1.516743
 132.180006 1.563928 -1.874959
 132.380006 1.414373 -1.568039
 132.580006 1.613563 -1.498517
 132.780006 1.468800 -1.745617
 132.980006 1.409139 -1.465915
 133.180006 1.653183 -1.838604
 133.380006 1.400102 -1.341165
 133.580006 1.425734 -1.924424
 133.780006 1.480562 -1.405995
 133.980006 1.410175 -1.561871
 134.180006 1.391452 -1.518408
 134.380006 1.511598 -1.731290
 134.580006 1.657523 -1.535421
 134.780006 1.351441 -1.903077
 134.980006 1.746126 -1.636912
 135.180006 1.327376 -1.571163
 135.380006 1.548445 -1.733763
 135.580006 1.611764 -1.589444
 135.780006 1.424861 -1.707218
 135.980006 1.600661 -1.508999
 136.180006 1.586323 -1.836776
 136.380006 1.417199 -1.440101
 136.580006 1.398106 -1.656686
 136.780006 1.528175 -1.542905
 136.980007 1.368180 -1.607121
 137.180007 1.497065 -1.538292
 137.380007 1.402014 -1.564677
 137.580007 1.652411 -1.727414
 137.780007 1.412036 -1.528976
 137.980007 1.682470 -1.775657
 138.180007 1.511102 -1.619425
 138.380007 1.509388 -1.594449
 138.580007 1.596629 -1.749882
 138.780007 1.458435 -1.513177
 138.980007 1.519548 -1.776773
 139.180007 1.454568 -1.631454
 139.380007 1.676455 -1.559661
 139.580007 1.530901 -1.806165
 139.780007 1.540802 -1.444256
 139.980007 1.536839 -1.860663
 140.180007 1.503719 -1.412298
 140.380007 1.438499 -1.783581
 140.580007 1.337675 -1.534121
 140.780007 1.470587 -1.739401
 140.980007 1.615208 -1.615735
 141.180007 1.406606 -1.630716
 141.380007 1.792444 -1.687949
 141.580007 1.421892 -1.506888
 141.780007 1.387455 -1.812281
 141.980007 1.569169 -1.524968
 142.180007 1.556894 -1.758032
 142.380007 1.924226 -1.652611
 142.580007 1.453968 -1.473746
 142.780007 1.542305 -1.806071
 142.980007 1.322829 -1.612889
 143.180007 1.692918 -1.761716
 143.380007 1.409643 -1.547480
 143.580007 1.755476 -1.629661
 143.780007 1.642498 -1.823885
 143.980007 1.538845 -1.523365
 144.180007 1.717599 -1.984102
 144.380007 1.362915 -1.457727
 144.580007 1.870266 -1.960845
 144.780007 1.288194 -1.565547
 144.980007 1.758272 -1.742935
 145.180007 1.444328 -1.805712
 145.380007 1.583559 -1.460363
 145.580007 1.610721 -1.892404
 145.780007 1.523017 -1.481604
 145.980007 1.695352 -1.854359
 146.180007 1.500381 -1.385654
 146.380007 1.458176 -1.663281
 146.580007 1.322439 -1.764455
 146.780007 1.355128 -1.457527
 146.980007 1.524651 -1.802431
 147.180007 1.604187 -1.396197
 147.380007 1.521565 -1.737486
 147.580007 1.665123 -1.579596
 147.780007 1.627920 -1.801300
 147.980007 1.360430 -1.423705
 148.180007 1.615968 -1.843284
 148.380007 1.621449 -1.502317
 148.580007 1.483621 -1.744620
 148.780007 1.918310 -1.637362
 148.980007 1.421809 -1.637423
 149.180007 1.516297 -1.644337
 149.380007 1.632278 -1.512836
 149.580007 1.604262 -1.745470
 149.780007 1.515397 -1.542029
 149.980007 1.552304 -1.551818
 150.180007 1.712522 -1.760266
 150.380007 1.235701 -1.472825
 150.580007 1.670641 -1.775039
 150.780007 1.415245 -1.570332
 150.980007 1.658901 -1.582860
 151.180007 1.523692 -1.707639
 151.380007 1.596792 -1.603270
 151.580007 1.578280 -1.633633
 151.780007 1.458827 -1.499641
 151.980007 1.594010 -1.879501
 152.180007 1.223041 -1.409592
 152.380007 1.456549 -1.813416
 152.580007 1.242108 -1.551993
 152.780007 1.572442 -1.667450
 152.980007 1.339058 -1.524584
 153.180007 1.487235 -1.579224
 153.380007 1.482709 -1.641190
 153.580007 1.665369 -1.533974
 153.780007 1.371130 -1.815491
 153.980007 1.666866 -1.437055
 154.180007 1.510025 -1.876981
 154.380007 1.572616 -1.464578
 154.580007 1.537505 -1.731560
 154.780007 1.428200 -1.667071
 154.980007 1.530545 -1.614837
 155.180007 1.731570 -1.741035
 155.380007 1.584558 -1.612585
 155.580007 1.535955 -1.552964
 155.780007 1.584811 -1.627736
 155.980007 1.365872 -1.673443
 156.180007 1.635808 -1.490268
 156.380007 1.371239 -1.745096
 156.580007 1.714290 -1.572832
 156.780007 1.552704 -1.533972
 156.980007 1.506162 -1.673020
 157.180007 1.520065 -1.783268
 157.380007 1.692133 -1.501955
 157.580007 1.244441 -1.932474
 157.780007 1.604191 -1.552562
 157.980008 1.479691 -1.519950
 158.180008 1.494429 -1.719886
 158.380008 1.628724 -1.521424
 158.580008 1.453404 -1.779201
 158.780008 1.525923 -1.637652
 158.980008 1.468745 -1.597466
 159.180008 1.482698 -1.422047
 159.380008 1.450419 -1.928901
 159.580008 1.558451 -1.246475
 159.780008 1.518263 -1.910412
 159.980008 1.499382 -1.562761
 160.180008 1.423140 -1.664232
 160.380008 1.629535 -1.651542
 160.580008 1.412410 -1.659589
 160.780008 1.817823 -1.599921
 160.980008 1.339956 -1.607158
 161.180008 1.758526 -1.685015
 161.380008 1.343533 -1.425407
 161.580008 1.525531 -1.798291
 161.780008 1.620934 -1.508354
 161.980008 1.304830 -1.713171
 162.180008 1.484336 -1.597810
 162.380008 1.530630 -1.598805
 162.580008 1.635993 -1.653347
 162.780008 1.550490 -1.522814
 162.980008 1.665036 -1.620199
 163.180008 1.450043 -1.752235
 163.380008 1.548599 -1.499436
 163.580008 1.457757 -1.931915
 163.780008 1.446661 -1.456384
 163.980008 1.523474 -1.729260
 164.180008 1.436342 -1.517757
 164.380008 1.354784 -1.752392
 164.580008 1.496331 -1.409993
 164.780008 1.531692 -1.647006
 164.980008 1.499354 -1.637771
 165.180008 1.536289 -1.539691
 165.380008 1.419792 -1.839526
 165.580008 1.540031 -1.547413
 165.780008 1.720123 -1.746083
 165.980008 1.465996 -1.651113
 166.180008 1.547911 -1.699342
 166.380008 1.613614 -1.558719
 166.580008 1.427547 -1.633780
 166.780008 1.539764 -1.856159
 166.980008 1.493926 -1.263479
 167.180008 1.452748 -1.901304
 167.380008 1.365169 -1.457081
 167.580008 1.661060 -1.631861
 167.780008 1.391638 -1.805854
 167.980008 1.478912 -1.461156
 168.180008 1.693389 -1.677303
 168.380008 1.385942 -1.586262
 168.580008 1.517231 -1.699673
 168.780008 1.378889 -1.634832
 168.980008 1.517537 -1.696196
 169.180008 1.523163 -1.437815
 169.380008 1.503604 -1.601891
 169.580008 1.400374 -1.796365
 169.780008 1.451124 -1.389511
 169.980008 1.545954 -1.897352
 170.180008 1.428896 -1.487926
 170.380008 1.601607 -1.701731
 170.580008 1.641908 -1.656223
 170.780008 1.334037 -1.482746
 170.980008 1.608952 -1.806818
 171.180008 1.430550 -1.388039
 171.380008 1.548805 -1.918994
 171.580008 1.243778 -1.510983
 171.780008 1.668958 -1.593258
 171.980008 1.480015 -1.844748
 172.180008 1.386657 -1.377977
 172.380008 1.481256 -1.797640
 172.580008 1.534593 -1.431345
 172.780008 1.370259 -1.799350
 172.980008 1.483579 -1.538470
 173.180008 1.626827 -1.619137
 173.380008 1.443421 -1.809008
 173.580008 1.520545 -1.580665
 173.780008 1.710036 -1.776114
 173.980008 1.573173 -1.619266
 174.180008 1.402845 -1.585352
 174.380008 1.682136 -1.702406
 174.580008 1.294429 -1.598658
 174.780008 1.543317 -1.639117
 174.980008 1.512759 -1.693364
 175.180008 1.559675 -1.607957
 175.380008 1.382574 -1.642068
 175.580008 1.582707 -1.586922
 175.780008 1.593507 -1.627092
 175.980008 1.471910 -1.514780
 176.180008 1.537327 -1.756996
 176.380008 1.519494 -1.503229
 176.580008 1.274487 -1.850372
 176.780008 1.671816 -1.415278
 176.980008 1.516521 -1.678066
 177.180008 1.328153 -1.760105
 177.380008 1.601233 -1.457253
 177.580008 1.557394 -1.760207
 177.780008 1.365616 -1.638647
 177.980008 1.679536 -1.535374
 178.180008 1.557925 -1.610492
 178.380008 1.291509 -1.645521
 178.580008 1.690163 -1.704128
 178.780008 1.312909 -1.536910
 178.980009 1.480849 -1.650492
 179.180009 1.512148 -1.500654
 179.380009 1.440655 -1.756318
 179.580009 1.670968 -1.610861
 179.780009 1.577528 -1.478666
 179.980009 1.458127 -1.767395
 180.180009 1.316420 -1.570693
 180.380009 1.492285 -1.688038
 180.580009 1.524960 -1.545447
 180.780009 1.592837 -1.653939
 180.980009 1.530237 -1.560908
 181.180009 1.376852 -1.730270
 181.380009 1.365529 -1.680755
 181.580009 1.514355 -1.612902
 181.780009 1.532109 -1.534954
 181.980009 1.571347 -1.602675
 182.180009 1.505453 -1.547550
 182.380009 1.486749 -1.700003
 182.580009 1.539371 -1.665486
 182.780009 1.430538 -1.579995
 182.980009 1.665369 -1.688047
 183.180009 1.550914 -1.616020
 183.380009 1.415756 -1.571336
 183.580009 1.434817 -1.856233
 183.780009 1.434085 -1.391225
 183.980009 1.460813 -1.813049
 184.180009 1.432979 -1.363272
 184.380009 1.599112 -1.722759
 184.580009 1.506692 -1.596847
 184.780009 1.468909 -1.646610
 184.980009 1.598167 -1.773777
 185.180009 1.347541 -1.458542
 185.380009 1.669890 -1.801657
 185.580009 1.495208 -1.479381
 185.780009 1.624564 -1.812639
 185.980009 1.554578 -1.623674
 186.180009 1.655903 -1.481473
 186.380009 1.465461 -1.886053
 186.580009 1.437737 -1.511744
 186.780009 1.592931 -1.658686
 186.980009 1.219063 -1.552358
 187.180009 1.580867 -1.679666
 187.380009 1.559877 -1.364679
 187.580009 1.459770 -1.776950
 187.780009 1.534493 -1.565556
 187.980009 1.609489 -1.627310
 188.180009 1.276805 -1.753170
 188.380009 1.620156 -1.613329
 188.580009 1.499604 -1.502727
 188.780009 1.410856 -1.807086
 188.980009 1.559337 -1.480580
 189.180009 1.674408 -1.563857
 189.380009 1.184150 -1.830448
 189.580009 1.660132 -1.566403
 189.780009 1.443736 -1.574563
 189.980009 1.494541 -1.573169
 190.180009 1.552068 -1.691716
 190.380009 1.483810 -1.554952
 190.580009 1.310759 -1.743138
 190.780009 1.480576 -1.729392
 190.980009 1.383508 -1.537861
 191.180009 1.709339 -1.671674
 191.380009 1.659390 -1.590847
 191.580009 1.551839 -1.596808
 191.780009 1.529905 -1.703728
 191.980009 1.439419 -1.462403
 192.180009 1.405056 -1.716025
 192.380009 1.468570 -1.606409
 192.580009 1.545350 -1.801905
 192.780009 1.513827 -1.569077
 192.980009 1.610270 -1.556188
 193.180009 1.428372 -1.703186
 193.380009 1.372645 -1.495622
 193.580009 1.400100 -1.686493
 193.780009 1.503843 -1.564413
 193.980009 1.523681 -1.592631
 194.180009 1.682533 -1.581661
 194.380009 1.419289 -1.634312
 194.580009 1.439529 -1.706769
 194.780009 1.269898 -1.551950
 194.980009 1.586049 -1.647425
 195.180009 1.576458 -1.424711
 195.380009 1.553845 -1.683057
 195.580009 1.398491 -1.669667
 195.780009 1.582697 -1.640316
 195.980009 1.333445 -1.713672
 196.180009 1.612607 -1.373223
 196.380009 1.482745 -1.889056
 196.580009 1.212208 -1.503703
 196.780009 1.419906 -1.718763
 196.980009 1.641572 -1.464608
 197.180009 1.463505 -1.671346
 197.380009 1.650024 -1.620400
 197.580009 1.599122 -1.611898
 197.780009 1.485600 -1.727658
 197.980009 1.423161 -1.774167
 198.180009 1.568638 -1.635246
 198.380009 1.459387 -1.289621
 198.580009 1.499569 -1.858008
 198.780009 1.325923 -1.437613
 198.980009 1.479863 -1.719443
 199.180009 1.514606 -1.511916
 199.380009 1.590404 -1.611266
 199.580009 1.616415 -1.514642
 199.780009 1.240655 -1.585826
 199.980009 1.409950 -1.759030
