#! FIELDS time phi psi
#! SET max_psi pi
 0.180000 1.345389 2.373144
 0.380000 1.772079 2.309839
 0.580000 2.274141 1.912716
 0.780000 1.508521 2.239869
 0.980000 1.831661 2.107212
 1.180000 2.030471 2.250377
 1.380000 1.265194 1.997751
 1.580000 2.159561 2.147903
 1.780000 1.624493 2.403545
 1.980000 1.363036 1.658242
 2.180000 2.084274 2.349224
 2.380000 1.536176 2.267139
 2.580000 1.709391 1.880648
 2.780000 1.969542 2.459334
 2.980000 1.888902 1.954018
 3.180000 1.689255 2.151886
 3.380000 1.508194 2.306374
 3.580000 2.408167 2.062546
 3.780000 1.804339 2.382701
 3.980000 1.495058 1.828493
 4.180000 1.950836 2.146737
 4.380000 1.630606 2.355997
 4.580000 1.609746 1.781834
 4.780000 1.659757 2.387838
 4.980000 1.839675 2.080944
 5.180000 1.422812 1.905382
 5.380000 1.581579 2.394299
 5.580000 2.041248 2.087038
 5.780000 1.381340 2.156297
 5.980000 1.965161 2.238312
 6.180000 2.053843 2.019093
 6.380000 1.423218 2.307473
 6.580000 2.136026 2.343961
 6.780000 1.576973 2.120596
 6.980000 1.401137 2.367432
 7.180000 1.875582 2.138802
 7.380000 1.825860 2.290811
 7.580000 1.552834 2.127489
 7.780000 1.963858 2.168666
 7.980000 1.860976 2.304346
 8.180000 1.738211 1.975306
 8.380000 1.763332 2.153976
 8.580000 1.722309 2.314733
 8.780000 1.725668 1.924201
 8.980000 1.598991 2.269710
 9.180000 1.764832 2.348692
 9.380000 1.661874 1.872761
 9.580000 1.688044 2.316628
 9.780000 1.946966 2.040242
 9.980000 1.655551 2.088077
 10.180000 1.695657 2.282916
 10.380000 1.725682 2.086398
 10.580001 1.560848 2.096708
 10.780001 1.699280 2.206926
 10.980001 1.697852 1.923864
 11.180001 1.491185 2.258343
 11.380001 1.872662 2.078018
 11.580001 1.720651 1.982020
 11.780001 1.563264 2.324840
 11.980001 1.841199 2.034119
 12.180001 1.725908 2.094570
 12.380001 1.645081 2.185004
 12.580001 1.771796 2.021102
 12.780001 1.616845 2.259387
 12.980001 1.872974 2.002903
 13.180001 1.620387 2.196750
 13.380001 1.723758 2.284260
 13.580001 2.040336 1.980180
 13.780001 1.601747 2.166741
 13.980001 1.857692 2.276054
 14.180001 1.724482 1.833705
 14.380001 1.647638 2.529998
 14.580001 1.714357 1.979730
 14.780001 1.608395 2.080715
 14.980001 1.662529 2.313152
 15.180001 1.710288 2.056405
 15.380001 1.549320 2.164870
 15.580001 1.816625 2.253495
 15.780001 1.605855 1.937942
 15.980001 1.703500 2.327800
 16.180001 1.699071 2.183907
 16.380001 1.599219 2.080277
 16.580001 1.678421 2.188158
 16.780001 1.644946 1.989485
 16.980001 1.846801 2.220375
 17.180001 1.625198 2.116254
 17.380001 1.709973 2.065638
 17.580001 1.739138 2.077080
 17.780001 1.595674 2.219179
 17.980001 1.827759 2.110351
 18.180001 1.677325 2.174556
 18.380001 1.566385 2.150014
 18.580001 1.778361 2.164112
 18.780001 1.653737 2.230145
 18.980001 1.697980 2.011242
 19.180001 1.858873 2.239846
 19.380001 1.530363 2.068668
 19.580001 1.973039 2.136915
 19.780001 1.586950 2.314150
 19.980001 1.750978 2.045440
 20.180001 1.812763 1.988220
 20.380001 1.675557 2.407302
 20.580001 1.992248 2.038552
 20.780001 1.630609 2.206868
 20.980001 1.619639 2.169086
 21.180001 1.754319 2.033321
 21.380001 1.591999 2.085599
 21.580001 1.764353 2.166827
 21.780001 1.554527 2.128009
 21.980001 1.679407 2.078335
 22.180001 1.798435 2.103631
 22.380001 1.506042 2.152786
 22.580001 1.859328 2.141639
 22.780001 1.552300 2.093291
 22.980001 1.618638 2.218092
 23.180001 1.683414 2.001831
 23.380001 1.709219 2.058260
 23.580001 1.689953 2.255811
 23.780001 1.602033 2.022188
 23.980001 1.764113 2.120663
 24.180001 1.533535 2.185943
 24.380001 1.731959 2.098831
 24.580001 1.740279 1.991034
 24.780001 1.635499 2.263343
 24.980001 1.641411 1.996041
 25.180001 1.834004 2.110241
 25.380001 1.671753 2.127423
 25.580001 1.520309 2.055285
 25.780001 1.786396 2.180150
 25.980001 1.896846 2.046927
 26.180001 1.435143 2.084502
 26.380001 1.820344 2.249867
 26.580001 1.698370 1.993831
 26.780001 1.456674 2.115646
 26.980001 1.817798 2.141150
 27.180001 1.626704 2.133762
 27.380001 1.419695 2.057082
 27.580001 1.984910 2.087093
 27.780001 1.506863 2.033046
 27.980001 1.722656 2.168242
 28.180001 1.833401 2.082968
 28.380001 1.607788 2.107759
 28.580001 1.680671 2.054514
 28.780001 1.665869 2.302586
 28.980001 1.636531 2.007352
 29.180001 1.665066 2.243404
 29.380001 1.627801 2.125125
 29.580001 1.769780 2.265437
 29.780001 1.561976 2.082321
 29.980001 2.004149 2.187080
 30.180001 1.757984 2.197297
 30.380001 1.645428 2.231677
 30.580001 2.034588 2.109368
 30.780001 1.590061 2.295782
 30.980001 1.792980 2.121326
 31.180001 1.599507 2.262692
 31.380001 1.514738 2.177487
 31.580001 1.867872 2.000144
 31.780002 1.556797 2.232712
 31.980002 1.774566 2.184952
 32.180002 1.608401 2.140546
 32.380002 1.809909 2.209914
 32.580002 2.012525 2.025482
 32.780002 1.570306 2.244152
 32.980002 1.802687 2.294810
 33.180002 1.773386 1.961977
 33.380002 1.523511 2.144038
 33.580002 1.903588 2.249822
 33.780002 1.717373 1.942791
 33.980002 1.709770 2.151795
 34.180002 1.902591 2.123761
 34.380002 1.958721 2.072214
 34.580002 1.618660 2.353514
 34.780002 1.622013 1.908781
 34.980002 1.793697 2.286272
 35.180002 1.440364 2.082955
 35.380002 1.680507 2.031434
 35.580002 1.796249 2.308599
 35.780002 1.465251 1.662636
 35.980002 1.936000 2.314052
 36.180002 1.585540 2.206141
 36.380002 1.653767 1.808959
 36.580002 1.959569 2.580726
 36.780002 1.650238 1.887915
 36.980002 1.800246 2.111781
 37.180002 1.722644 2.458812
 37.380002 1.638835 1.947997
 37.580002 1.698575 2.105284
 37.780002 1.542441 2.304358
 37.980002 1.825887 1.827408
 38.180002 1.621088 2.521763
 38.380002 1.701920 1.873783
 38.580002 1.822086 2.088568
 38.780002 1.606191 2.304425
 38.980002 2.059557 1.827634
 39.180002 1.633519 2.398434
 39.380002 1.491590 1.980508
 39.580002 1.927396 2.193756
 39.780002 1.472216 2.487425
 39.980002 1.975263 1.738503
 40.180002 1.770529 2.361680
 40.380002 1.685238 2.220077
 40.580002 1.927716 1.888754
 40.780002 1.822522 2.497405
 40.980002 1.755559 1.960305
 41.180002 1.584403 2.112941
 41.380002 1.913765 2.355881
 41.580002 1.663191 1.777873
 41.780002 1.596860 2.436274
 41.980002 1.886210 2.068492
 42.180002 1.726071 2.027722
 42.380002 1.738758 2.114506
 42.580002 2.072945 1.865207
 42.780002 1.525206 2.306708
 42.980002 2.020125 1.869994
 43.180002 1.661338 2.185697
 43.380002 1.536309 2.359325
 43.580002 1.813450 1.816250
 43.780002 1.414696 2.473162
 43.980002 1.618040 1.923166
 44.180002 1.765897 1.984730
 44.380002 1.577403 2.367130
 44.580002 1.819609 1.836489
 44.780002 1.682473 2.330312
 44.980002 1.743977 2.053932
 45.180002 1.606238 1.971453
 45.380002 1.540866 2.439707
 45.580002 1.894161 2.045550
 45.780002 1.593170 2.111417
 45.980002 1.688161 2.375786
 46.180002 1.557077 2.049991
 46.380002 1.524870 2.428833
 46.580002 1.804256 2.069033
 46.780002 1.717475 2.204309
 46.980002 1.593521 2.220300
 47.180002 1.892030 2.134564
 47.380002 1.713556 2.113687
 47.580002 1.925394 2.201982
 47.780002 1.702789 2.195022
 47.980002 1.734624 2.160169
 48.180002 1.634806 2.076249
 48.380002 1.633624 2.360572
 48.580002 1.682833 2.109390
 48.780002 1.773723 2.012800
 48.980002 1.824566 2.102637
 49.180002 1.397946 2.240627
 49.380002 1.679809 2.098941
 49.580002 1.674727 2.208066
 49.780002 1.394001 1.983929
 49.980002 1.907596 2.139073
 50.180002 1.685694 1.976786
 50.380002 1.515455 2.124032
 50.580002 1.689535 2.170399
 50.780002 1.833298 2.051294
 50.980002 1.521581 1.961044
 51.180002 1.647685 2.309925
 51.380002 1.726054 1.970719
 51.580002 1.718490 2.238033
 51.780002 1.718460 1.910922
 51.980002 1.642508 2.234808
 52.180002 1.594706 2.142436
 52.380002 1.672462 1.905677
 52.580002 1.629360 2.243825
 52.780003 1.664463 2.166867
 52.980003 1.487932 1.903998
 53.180003 1.885413 2.205148
 53.380003 1.570691 1.971997
 53.580003 1.689053 2.127904
 53.780003 1.729069 2.123623
 53.980003 1.873523 2.036332
 54.180003 1.598535 2.137467
 54.380003 1.747359 2.197316
 54.580003 1.728227 2.097867
 54.780003 1.529393 2.281812
 54.980003 1.887007 2.058263
 55.180003 1.578160 2.197076
 55.380003 1.595669 2.212215
 55.580003 1.907972 2.158961
 55.780003 1.576838 2.184601
 55.980003 1.695166 2.180695
 56.180003 1.758110 2.059621
 56.380003 1.696277 2.385008
 56.580003 1.637912 2.025884
 56.780003 1.759551 2.172964
 56.980003 1.787778 2.154508
 57.180003 1.570728 2.008708
 57.380003 1.717213 2.379902
 57.580003 1.770070 1.939447
 57.780003 1.511965 2.143803
 57.980003 1.803896 2.329810
 58.180003 1.767388 1.829313
 58.380003 1.583800 2.269797
 58.580003 1.942022 2.130647
 58.780003 1.627236 1.970624
 58.980003 1.629616 2.264987
 59.180003 1.759878 1.958760
 59.380003 1.569860 2.135493
 59.580003 1.638652 2.282847
 59.780003 1.763422 1.837894
 59.980003 1.686268 2.278768
 60.180003 1.550020 2.073074
 60.380003 1.664971 2.069233
 60.580003 1.625027 2.216011
 60.780003 1.559653 1.935010
 60.980003 1.877016 2.238015
 61.180003 1.540104 2.105348
 61.380003 1.627242 1.970777
 61.580003 1.946819 2.210917
 61.780003 1.678004 2.100265
 61.980003 1.681331 2.003746
 62.180003 1.819938 2.213699
 62.380003 1.596360 2.143851
 62.580003 1.558955 2.041633
 62.780003 1.660118 2.298537
 62.980003 1.545089 2.136876
 63.180003 1.618397 1.968337
 63.380003 1.658470 2.334174
 63.580003 1.690015 2.039183
 63.780003 1.786811 2.112873
 63.980003 1.742401 2.330376
 64.180003 1.858760 1.952783
 64.380003 1.722196 2.200078
 64.580003 1.752391 2.254043
 64.780003 1.862420 2.080338
 64.980003 1.582580 2.155421
 65.180003 1.777519 2.396521
 65.380003 1.641122 2.091268
 65.580003 1.713671 2.137931
 65.780003 1.951352 2.443331
 65.980003 1.704048 2.110335
 66.180003 1.683658 2.229643
 66.380003 1.790411 2.376636
 66.580003 1.834345 1.858028
 66.780003 1.606662 2.360399
 66.980003 1.634832 2.057737
 67.180003 1.892790 2.016928
 67.380003 1.512749 2.292771
 67.580003 1.860868 2.164176
 67.780003 1.532621 1.919368
 67.980003 1.491037 2.325248
 68.180003 1.880988 2.030048
 68.380003 1.501782 2.450236
 68.580003 1.635824 1.836461
 68.780003 1.898986 2.121564
 68.980003 1.390741 2.343339
 69.180003 1.900130 1.967893
 69.380003 1.688693 2.245492
 69.580003 1.800799 2.122584
 69.780003 1.800728 2.130725
 69.980003 1.663667 2.306960
 70.180003 1.794620 2.016997
 70.380003 1.758248 2.189583
 70.580003 1.647083 2.187250
 70.780003 1.796338 2.074207
 70.980003 1.582554 2.250807
 71.180003 1.926800 2.110022
 71.380003 1.613104 2.274064
 71.580003 1.729212 2.137392
 71.780003 1.826912 2.159641
 71.980003 1.678521 2.273174
 72.180003 1.786220 2.015334
 72.380003 1.773820 2.328994
 72.580003 1.586974 2.144386
 72.780003 1.958910 2.180011
 72.980003 1.866439 2.117010
 73.180003 1.680263 2.163598
 73.380003 1.744589 2.212633
 73.580003 1.752400 2.163891
 73.780004 1.618531 2.107436
 73.980004 1.793212 2.205307
 74.180004 1.761154 2.172463
 74.380004 1.721675 2.142049
 74.580004 1.852763 2.227406
 74.780004 1.879529 2.312187
 74.980004 1.625644 2.033565
 75.180004 1.634931 2.193144
 75.380004 1.843115 2.206857
 75.580004 1.589618 2.076502
 75.780004 1.744572 2.328126
 75.980004 1.676169 1.888694
 76.180004 1.670307 2.237733
 76.380004 1.838532 2.124143
 76.580004 1.805815 2.035017
 76.780004 1.534421 2.230819
 76.980004 1.977110 2.135833
 77.180004 1.569823 2.092606
 77.380004 1.625708 2.347555
 77.580004 1.809396 2.039819
 77.780004 1.617787 2.256757
 77.980004 1.703453 2.090019
 78.180004 1.966479 2.216032
 78.380004 1.531087 2.198662
 78.580004 1.736290 2.051450
 78.780004 1.826045 2.276504
 78.980004 1.496621 2.185237
 79.180004 1.624034 1.955380
 79.380004 1.900615 2.336766
 79.580004 1.515060 2.044624
 79.780004 1.645783 2.009387
 79.980004 1.858822 2.321319
 80.180004 1.716666 1.952006
 80.380004 1.680307 2.115168
 80.580004 1.706698 2.299503
 80.780004 1.611688 1.978545
 80.980004 1.628538 2.180333
 81.180004 1.452174 2.271465
 81.380004 1.701521 1.931215
 81.580004 1.589234 2.274657
 81.780004 1.687014 1.977688
 81.980004 1.658953 2.008889
 82.180004 1.750762 2.294276
 82.380004 1.778225 1.987844
 82.580004 1.538970 2.060936
 82.780004 1.837322 2.236327
 82.980004 1.751072 2.049582
 83.180004 1.408007 2.164784
 83.380004 1.935361 2.212943
 83.580004 1.599802 2.059874
 83.780004 1.662965 2.174718
 83.980004 1.947903 2.077867
 84.180004 1.439824 2.209076
 84.380004 1.944151 2.086252
 84.580004 1.967747 2.111819
 84.780004 1.538463 2.327593
 84.980004 1.854285 1.873617
 85.180004 1.881725 2.422083
 85.380004 1.445133 2.032200
 85.580004 1.857555 1.960624
 85.780004 1.569977 2.527650
 85.980004 1.595552 1.814480
 86.180004 1.777275 2.183021
 86.380004 1.831844 2.203972
 86.580004 1.643819 1.812884
 86.780004 1.700331 2.369978
 86.980004 1.761464 1.890560
 87.180004 1.473717 2.040039
 87.380004 1.739530 2.247847
 87.580004 1.911979 1.904759
 87.780004 1.464193 2.282286
 87.980004 1.860237 2.178821
 88.180004 1.512152 1.896763
 88.380004 1.518328 2.376605
 88.580004 1.902631 2.054789
 88.780004 1.601856 2.156312
 88.980004 1.721496 2.250840
 89.180004 1.771842 1.848700
 89.380004 1.539353 2.252473
 89.580004 1.640185 2.177387
 89.780004 1.685245 2.120275
 89.980004 1.661794 2.367424
 90.180004 1.930552 1.851553
 90.380004 1.978602 2.415030
 90.580004 1.592325 2.269421
 90.780004 1.956475 1.958615
 90.980004 2.062021 2.399067
 91.180004 1.479240 1.960570
 91.380004 1.666362 2.058695
 91.580004 2.012518 2.395690
 91.780004 1.433677 1.797007
 91.980004 1.830495 2.426355
 92.180004 1.594313 2.141030
 92.380004 1.483327 1.977795
 92.580004 2.031039 2.453780
 92.780004 1.896204 1.919937
 92.980004 1.401836 2.261137
 93.180004 2.012874 2.246298
 93.380004 1.985904 2.117206
 93.580004 1.533714 2.330008
 93.780004 1.620696 1.941021
 93.980004 2.217723 2.270287
 94.180004 1.246802 2.169850
 94.380004 1.794870 1.865800
 94.580004 2.051438 2.452373
 94.780005 1.397156 1.861104
 94.980005 1.767942 2.074326
 95.180005 1.767109 2.415560
 95.380005 1.492424 1.866269
 95.580005 1.791228 2.093994
 95.780005 1.523339 2.421056
 95.980005 1.650418 1.772148
 96.180005 1.629262 2.215529
 96.380005 1.787001 2.194983
 96.580005 1.543779 1.953857
 96.780005 1.682627 2.187827
 96.980005 2.081983 2.128409
 97.180005 1.605631 2.084566
 97.380005 1.656272 2.073822
 97.580005 2.076568 2.243174
 97.780005 1.457211 2.124626
 97.980005 1.711369 1.952911
 98.180005 1.616527 2.283741
 98.380005 1.791348 2.222876
 98.580005 1.584900 1.790853
 98.780005 1.739870 2.293483
 98.980005 1.798869 2.022994
 99.180005 1.463933 2.152736
 99.380005 1.819448 2.248984
 99.580005 1.635116 2.128909
 99.780005 1.460052 2.099494
 99.980005 2.155817 2.139628
 100.180005 1.595473 2.179901
 100.380005 1.530692 1.982566
 100.580005 2.029544 2.321131
 100.780005 1.955076 2.172411
 100.980005 1.616202 1.975005
 101.180005 1.732166 2.225933
 101.380005 2.186416 2.041435
 101.580005 1.479630 2.212103
 101.780005 1.718022 2.181242
 101.980005 1.647994 2.213082
 102.180005 1.532094 2.185694
 102.380005 2.069720 1.969264
 102.580005 1.734845 2.392863
 102.780005 1.632194 1.997554
 102.980005 1.666374 1.965864
 103.180005 2.155309 2.456192
 103.380005 1.512717 1.753756
 103.580005 1.442034 2.108718
 103.780005 2.207512 2.214283
 103.980005 1.810954 2.148738
 104.180005 1.716323 1.904422
 104.380005 2.131753 2.358384
 104.580005 2.185856 2.147985
 104.780005 1.462298 1.887761
 104.980005 1.617833 2.338333
 105.180005 2.226313 2.171423
 105.380005 1.446811 2.006997
 105.580005 1.826075 2.398304
 105.780005 2.076309 2.094620
 105.980005 1.506957 2.265295
 106.180005 2.119004 2.146617
 106.380005 1.792738 2.267553
 106.580005 1.697034 2.140449
 106.780005 2.111398 2.112835
 106.980005 2.002601 2.367401
 107.180005 1.625339 2.194798
 107.380005 1.604258 1.840656
 107.580005 2.250735 2.456351
 107.780005 1.591363 1.961198
 107.980005 1.507894 1.895062
 108.180005 1.887968 2.391743
 108.380005 1.850011 1.912198
 108.580005 1.595612 2.004778
 108.780005 1.757515 2.468576
 108.980005 2.136986 1.926317
 109.180005 1.204716 2.270995
 109.380005 1.893869 2.126705
 109.580005 1.772247 2.058305
 109.780005 1.388938 2.319423
 109.980005 2.289584 1.912840
 110.180005 1.812994 2.275805
 110.380005 1.518160 2.033609
 110.580005 1.815971 2.045892
 110.780005 2.094123 2.456107
 110.980005 1.697165 1.923606
 111.180005 1.637578 2.208660
 111.380005 2.394795 2.236029
 111.580005 1.736307 2.150824
 111.780005 1.504090 2.328782
 111.980005 1.862913 2.112277
 112.180005 1.762633 2.199814
 112.380005 1.603691 2.013530
 112.580005 1.709954 2.253841
 112.780005 1.509730 2.119619
 112.980005 1.552763 2.028019
 113.180005 2.071893 2.164967
 113.380005 1.409379 2.100344
 113.580005 1.581299 2.089893
 113.780005 2.116633 2.231884
 113.980005 1.363304 2.100639
 114.180005 1.815009 2.076318
 114.380005 1.841693 2.203627
 114.580005 1.647414 2.109464
 114.780005 1.779652 2.141024
 114.980005 1.783446 2.295167
 115.180005 1.737476 2.125242
 115.380005 1.726892 1.976551
 115.580005 1.836147 2.304386
 115.780005 1.639598 2.350481
 115.980006 1.694453 1.912464
 116.180006 2.114783 2.455448
 116.380006 1.515321 2.088933
 116.580006 1.726890 2.089321
 116.780006 1.580405 2.396760
 116.980006 1.604508 2.131529
 117.180006 1.626117 1.982061
 117.380006 1.621184 2.342808
 117.580006 1.861006 1.963797
 117.780006 1.771611 2.163541
 117.980006 1.775852 2.223947
 118.180006 1.723683 1.921366
 118.380006 1.599169 2.306081
 118.580006 1.849798 2.152390
 118.780006 1.470411 2.163762
 118.980006 1.546380 2.317864
 119.180006 1.904307 2.039144
 119.380006 1.507639 2.243687
 119.580006 1.841040 2.146214
 119.780006 2.047890 2.019424
 119.980006 1.617895 2.270132
 120.180006 1.642372 2.284402
 120.380006 1.773060 2.213657
 120.580006 1.501612 2.318979
 120.780006 1.701161 2.126057
 120.980006 1.910858 2.113760
 121.180006 1.771368 2.289814
 121.380006 1.669440 1.958174
 121.580006 1.866145 2.196669
 121.780006 1.374678 2.339190
 121.980006 1.945191 2.003180
 122.180006 1.696939 2.134002
 122.380006 1.485196 2.333507
 122.580006 1.874272 1.936570
 122.780006 1.709890 2.191145
 122.980006 1.599520 2.205129
 123.180006 1.641028 2.092311
 123.380006 1.812048 2.220232
 123.580006 1.589401 2.032815
 123.780006 1.677692 1.915401
 123.980006 1.898722 2.325016
 124.180006 1.492895 1.820747
 124.380006 1.798323 2.118240
 124.580006 1.850259 2.402876
 124.780006 1.476611 1.602426
 124.980006 1.751963 2.380537
 125.180006 1.925087 2.224011
 125.380006 1.408281 1.680526
 125.580006 1.823565 2.439605
 125.780006 2.010468 2.061191
 125.980006 1.351988 2.119538
 126.180006 2.071247 2.329710
 126.380006 1.974792 1.879307
 126.580006 1.538946 2.357062
 126.780006 1.846904 2.009635
 126.980006 2.057013 2.330044
 127.180006 1.342926 2.124180
 127.380006 1.970201 1.897015
 127.580006 2.049744 2.435394
 127.780006 1.491993 1.813540
 127.980006 1.676337 2.165386
 128.180006 1.917671 2.369870
 128.380006 1.386533 1.779829
 128.580006 1.729787 2.270516
 128.780006 1.999104 2.284932
 128.980006 1.446115 1.863310
 129.180006 1.931223 2.137950
 129.380006 1.945161 2.116084
 129.580006 1.483710 2.062994
 129.780006 1.857137 2.025491
 129.980006 2.018720 2.194701
 130.180006 1.514111 2.088893
 130.380006 1.912743 1.989861
 130.580006 2.124872 2.524366
 130.780006 1.536834 1.939155
 130.980006 1.761027 2.010922
 131.180006 1.612779 2.456088
 131.380006 1.579575 1.911905
 131.580006 1.787007 2.136090
 131.780006 1.779856 2.173358
 131.980006 1.599862 1.969680
 132.180006 1.626139 2.237731
 132.380006 2.214105 2.180397
 132.580006 1.584420 2.056092
 132.780006 1.818774 2.210985
 132.980006 2.112233 2.056482
 133.180006 1.449388 2.276559
 133.380006 1.797174 2.046546
 133.580006 1.856948 2.305198
 133.780006 1.567744 2.165102
 133.980006 1.914666 1.875648
 134.180006 1.901223 2.402933
 134.380006 1.662138 1.946309
 134.580006 1.561785 1.887037
 134.780006 1.996892 2.480119
 134.980006 1.627155 1.796828
 135.180006 1.547665 2.193202
 135.380006 1.862710 2.326039
 135.580006 1.755703 1.938936
 135.780006 1.679561 2.356445
 135.980006 1.825143 1.957275
 136.180006 1.753972 2.289537
 136.380006 1.607618 2.435744
 136.580006 1.769111 1.864004
 136.780006 1.589709 2.352402
 136.980007 1.545921 2.129493
 137.180007 2.095761 2.028445
 137.380007 1.565603 2.389171
 137.580007 1.566177 1.795349
 137.780007 1.895192 2.123671
 137.980007 1.517909 2.350588
 138.180007 1.885300 1.873991
 138.380007 1.667702 2.425130
 138.580007 1.431608 1.995133
 138.780007 1.683370 1.945162
 138.980007 1.614332 2.555975
 139.180007 1.750436 1.835647
 139.380007 1.514838 2.268779
 139.580007 1.797052 2.311267
 139.780007 1.642798 1.968091
 139.980007 1.558375 2.372030
 140.180007 1.859422 2.026173
 140.380007 1.620834 2.107023
 140.580007 1.596591 2.376453
 140.780007 1.652631 1.997918
 140.980007 1.799591 2.219399
 141.180007 1.829371 2.270634
 141.380007 1.814750 1.779899
 141.580007 1.772021 2.410691
 141.780007 1.517320 2.032509
 141.980007 1.771692 2.066185
 142.180007 1.605043 2.395613
 142.380007 1.613461 1.890438
 142.580007 1.747947 2.157416
 142.780007 1.650025 2.328409
 142.980007 1.901739 1.725429
 143.180007 1.776516 2.285786
 143.380007 1.627609 2.134691
 143.580007 1.669889 2.024191
 143.780007 1.616923 2.273351
 143.980007 1.975867 1.960260
 144.180007 1.624512 2.211845
 144.380007 1.661598 2.272087
 144.580007 1.687011 2.031264
 144.780007 1.575149 2.347233
 144.980007 1.704083 2.076561
 145.180007 1.749598 2.108739
 145.380007 1.674303 2.347748
 145.580007 1.748823 2.027314
 145.780007 1.913044 2.075617
 145.980007 1.753967 2.317615
 146.180007 1.578702 1.743558
 146.380007 1.918693 2.643970
 146.580007 1.605296 1.787825
 146.780007 1.735409 2.158072
 146.980007 1.476738 2.423754
 147.180007 1.725522 2.019901
 147.380007 1.531242 2.145167
 147.580007 1.717957 2.305895
 147.780007 1.758978 1.829496
 147.980007 1.708615 2.658505
 148.180007 1.855877 1.878040
 148.380007 1.798457 1.964547
 148.580007 1.522661 2.709923
 148.780007 1.722174 1.785490
 148.980007 1.400154 2.340390
 149.180007 1.743415 2.388603
 149.380007 1.828746 1.889796
 149.580007 1.832163 2.472541
 149.780007 1.978795 1.939985
 149.980007 1.724201 2.228048
 150.180007 1.794292 2.428859
 150.380007 1.844154 1.843089
 150.580007 1.440618 2.374456
 150.780007 1.788268 2.273749
 150.980007 1.609558 2.026285
 151.180007 1.648253 2.436278
 151.380007 1.998262 2.094854
 151.580007 1.704635 2.107290
 151.780007 1.864816 2.366513
 151.980007 1.937616 1.939072
 152.180007 1.669924 2.421418
 152.380007 1.598699 2.254084
 152.580007 1.702301 1.998511
 152.780007 1.584834 2.533607
 152.980007 1.757635 1.897536
 153.180007 1.793948 2.250464
 153.380007 1.584812 2.409402
 153.580007 1.756775 1.835211
 153.780007 1.743559 2.417737
 153.980007 1.645118 2.097079
 154.180007 1.896332 2.043066
 154.380007 1.931586 2.408884
 154.580007 1.758637 1.932589
 154.780007 1.698267 2.299068
 154.980007 1.800954 2.167365
 155.180007 1.450396 1.840315
 155.380007 1.573928 2.342073
 155.580007 1.893707 2.119526
 155.780007 1.380137 1.949759
 155.980007 1.814773 2.335999
 156.180007 1.558950 2.023040
 156.380007 1.633132 2.131228
 156.580007 1.859175 2.169361
 156.780007 1.971297 2.021887
 156.980007 1.589149 2.135699
 157.180007 1.797726 2.053079
 157.380007 1.867502 2.175855
 157.580007 1.565366 2.166906
 157.780007 1.873852 2.044254
 157.980008 1.722164 2.172005
 158.180008 1.600643 2.174766
 158.380008 1.858110 2.051114
 158.580008 1.563641 2.280564
 158.780008 1.576720 2.034892
 158.980008 1.805540 2.219628
 159.180008 1.555384 2.300793
 159.380008 1.831609 1.964301
 159.580008 1.830810 2.380931
 159.780008 1.664146 1.984418
 159.980008 1.781066 2.063716
 160.180008 1.717700 2.458349
 160.380008 1.699174 2.015628
 160.580008 1.767475 2.189205
 160.780008 1.637772 2.327730
 160.980008 1.779419 1.961881
 161.180008 1.815924 2.380293
 161.380008 1.957759 1.952707
 161.580008 1.597478 2.262023
 161.780008 1.917323 2.237604
 161.980008 1.647980 2.053577
 162.180008 1.425480 2.226885
 162.380008 1.815196 2.267803
 162.580008 1.341941 2.009329
 162.780008 1.721382 2.165549
 162.980008 2.004369 2.264927
 163.180008 1.556771 1.938582
 163.380008 1.931744 2.143785
 163.580008 1.852863 2.150623
 163.780008 1.600638 2.086764
 163.980008 1.751647 2.174804
 164.180008 1.742652 2.063838
 164.380008 1.444812 2.176548
 164.580008 1.746287 2.229928
 164.780008 1.607013 2.210862
 164.980008 1.686297 2.260363
 165.180008 1.740477 2.242586
 165.380008 1.727747 2.262992
 165.580008 1.646267 2.117411
 165.780008 1.957297 2.187866
 165.980008 1.632350 2.341666
 166.180008 1.673935 2.007793
 166.380008 1.849590 2.388216
 166.580008 1.425342 2.062059
 166.780008 1.892055 2.180258
 166.980008 1.698051 2.284050
 167.180008 1.709106 2.152182
 167.380008 1.881273 1.993823
 167.580008 1.874222 2.360001
 167.780008 1.767377 1.919562
 167.980008 1.581306 2.347068
 168.180008 1.731919 2.182815
 168.380008 1.608063 2.077751
 168.580008 1.774021 2.290830
 168.780008 1.621172 2.287627
 168.980008 1.593338 1.916980
 169.180008 2.100101 2.347966
 169.380008 1.574507 2.086002
 169.580008 1.698419 2.076460
 169.780008 1.777282 2.280682
 169.980008 1.645889 2.135555
 170.180008 1.593165 1.924207
 170.380008 1.839765 2.345756
 170.580008 1.758343 2.050175
 170.780008 1.505398 2.091051
 170.980008 1.853124 2.101568
 171.180008 1.785671 2.004103
 171.380008 1.561404 2.009755
 171.580008 1.713084 2.367693
 171.780008 2.170620 2.104800
 171.980008 1.414267 2.065101
 172.180008 1.759724 2.115859
 172.380008 1.888783 2.211124
 172.580008 1.487808 2.003456
 172.780008 1.871592 2.082704
 172.980008 1.846861 2.170871
 173.180008 1.419512 2.032146
 173.380008 1.783735 2.075959
 173.580008 1.705879 2.284297
 173.780008 1.450919 1.904675
 173.980008 1.593767 2.096426
 174.180008 1.772958 2.350369
 174.380008 1.569173 1.627283
 174.580008 1.803569 2.383019
 174.780008 1.618131 2.036823
 174.980008 1.503370 1.909833
 175.180008 1.800614 2.216525
 175.380008 1.653365 1.991537
 175.580008 1.460082 2.108246
 175.780008 1.772616 2.260083
 175.980008 1.539822 1.976407
 176.180008 1.752481 2.168557
 176.380008 1.877330 2.204236
 176.580008 1.534536 1.876756
 176.780008 1.784244 2.367140
 176.980008 1.560010 2.135074
 177.180008 1.658931 2.090612
 177.380008 1.703560 2.279223
 177.580008 1.781085 2.087737
 177.780008 1.768634 1.990033
 177.980008 1.443293 2.380721
 178.180008 1.675194 2.181387
 178.380008 1.727091 1.971454
 178.580008 1.635442 2.528930
 178.780008 1.732481 1.920124
 178.980009 1.681631 2.156643
 179.180009 1.583598 2.402662
 179.380009 1.700925 1.741640
 179.580009 1.687270 2.547543
 179.780009 1.735173 1.931058
 179.980009 1.842169 2.049933
 180.180009 1.396834 2.445469
 180.380009 1.804344 1.824020
 180.580009 1.611101 2.366424
 180.780009 1.650440 2.141994
 180.980009 1.830584 1.956851
 181.180009 1.630726 2.497648
 181.380009 1.720159 1.722141
 181.580009 1.774142 2.283965
 181.780009 1.764446 2.282952
 181.980009 1.813263 1.838964
 182.180009 1.817588 2.421044
 182.380009 1.753816 2.213987
 182.580009 1.731390 2.006188
 182.780009 1.799374 2.273221
 182.980009 1.800835 2.024385
 183.180009 1.607005 2.150303
 183.380009 1.795721 2.227879
 183.580009 1.779389 2.124579
 183.780009 1.609049 2.211756
 183.980009 1.980539 2.374158
 184.180009 1.768222 2.104048
 184.380009 1.628570 2.427604
 184.580009 1.883120 1.932882
 184.780009 1.675029 2.370450
 184.980009 1.633273 2.117844
 185.180009 1.923908 2.059473
 185.380009 1.570129 2.393455
 185.580009 1.749220 1.886615
 185.780009 1.739449 2.223236
 185.980009 1.680364 2.327995
 186.180009 1.687578 1.851967
 186.380009 1.688287 2.430683
 186.580009 1.750753 2.120731
 186.780009 1.492481 1.729214
 186.980009 1.820221 2.672057
 187.180009 1.853488 1.778369
 187.380009 1.334055 2.278227
 187.580009 1.917883 2.283650
 187.780009 1.953604 1.906935
 187.980009 1.393788 2.306894
 188.180009 1.931132 2.208562
 188.380009 1.681767 2.022595
 188.580009 1.771295 2.284009
 188.780009 1.781494 2.048646
 188.980009 1.822829 2.253765
 189.180009 1.758007 2.189588
 189.380009 2.182855 1.964736
 189.580009 1.790342 2.344486
 189.780009 1.732685 1.945068
 189.980009 1.996276 2.233954
 190.180009 1.559554 2.323243
 190.380009 1.579421 1.910489
 190.580009 2.051185 2.357052
 190.780009 1.532704 2.066376
 190.980009 1.550914 1.944677
 191.180009 1.909184 2.619574
 191.380009 1.717700 1.814531
 191.580009 1.646655 2.204938
 191.780009 1.831031 2.278580
 191.980009 1.898700 1.790103
 192.180009 1.548615 2.436825
 192.380009 1.815554 2.077012
 192.580009 1.610534 2.122858
 192.780009 1.745432 2.389444
 192.980009 2.041985 1.978759
 193.180009 1.632921 2.231457
 193.380009 1.783396 2.212422
 193.580009 1.995941 2.082311
 193.780009 1.625612 2.242211
 193.980009 1.986867 1.978268
 194.180009 1.687426 2.414864
 194.380009 1.512505 2.097416
 194.580009 2.139060 2.115261
 194.780009 1.412858 2.398636
 194.980009 1.700058 2.036682
 195.180009 1.698207 2.141824
 195.380009 1.697059 2.511573
 195.580009 1.899492 1.909763
 195.780009 1.800688 2.317820
 195.980009 1.673561 2.112069
 196.180009 1.723961 1.966833
 196.380009 1.687930 2.377074
 196.580009 1.665348 1.933146
 196.780009 1.579195 2.050368
 196.980009 1.849108 2.415245
 197.180009 1.751153 1.899857
 197.380009 1.670313 2.382108
 197.580009 2.150251 2.147953
 197.780009 1.564336 2.119898
 197.980009 1.948480 2.526696
 198.180009 2.087607 1.934201
 198.380009 1.681020 2.492673
 198.580009 1.740072 2.307138
 198.780009 1.911982 2.110726
 198.980009 1.736745 2.344361
 199.180009 1.738309 2.029105
 199.380009 1.735042 2.305788
 199.580009 1.596527 2.343609
 199.780009 1.927654 1.906685
 199.980009 1.638904 2.317537
