#! FIELDS time phi psi
#! SET max_psi pi
 0.180000 3.136841 -2.748641
 0.380000 -2.469067 -2.072066
 0.580000 -2.994691 -1.888360
 0.780000 -2.443213 -2.189204
 0.980000 -2.616177 -1.741499
 1.180000 -2.577621 -2.272316
 1.380000 -3.013679 -1.787293
 1.580000 -2.392071 -1.998748
 1.780000 -2.887176 -2.321615
 1.980000 -2.950147 -1.945990
 2.180000 -2.769321 -2.435989
 2.380000 -2.788613 -1.980930
 2.580000 -2.814465 -2.110317
 2.780000 -2.300877 -2.259990
 2.980000 -2.833612 -1.718172
 3.180000 -2.487828 -2.315484
 3.380000 -2.561261 -1.814927
 3.580000 -2.771162 -2.117220
 3.780000 -2.591345 -2.155514
 3.980000 -2.420456 -1.785379
 4.180000 -2.680233 -2.136109
 4.380000 -2.818084 -1.916007
 4.580000 -2.570478 -2.230232
 4.780000 -2.906014 -2.196755
 4.980000 -2.915778 -2.155361
 5.180000 -2.815744 -2.301177
 5.380000 -2.716825 -2.085384
 5.580000 -2.880239 -2.324648
 5.780000 -2.533505 -1.980396
 5.980000 -2.896401 -2.000006
 6.180000 -2.500856 -2.034020
 6.380000 -2.494478 -1.905368
 6.580000 -2.499662 -2.031148
 6.780000 -2.796652 -1.852661
 6.980000 -2.451743 -1.994740
 7.180000 -2.809125 -2.147651
 7.380000 -2.791564 -2.094754
 7.580000 -2.741445 -2.318707
 7.780000 -2.800375 -2.133811
 7.980000 -2.859395 -2.101289
 8.180000 -2.497223 -2.164882
 8.380000 -2.894940 -1.955263
 8.580000 -2.704833 -2.140880
 8.780000 -2.621469 -1.861473
 8.980000 -2.577108 -2.133400
 9.180000 -2.899813 -1.838790
 9.380000 -2.504572 -2.151038
 9.580000 -2.802552 -1.957763
 9.780000 -2.663271 -1.973269
 9.980000 -2.585270 -2.219849
 10.180000 -2.749994 -1.938476
 10.380000 -2.925964 -2.199047
 10.580001 -2.592032 -2.018395
 10.780001 -2.685063 -2.067374
 10.980001 -2.973591 -2.274201
 11.180001 -2.754313 -2.036987
 11.380001 -2.739236 -2.176662
 11.580001 -2.719312 -2.088139
 11.780001 -2.801861 -2.021459
 11.980001 -2.492791 -2.070095
 12.180001 -2.829534 -1.871831
 12.380001 -2.512104 -2.116213
 12.580001 -2.767742 -2.044132
 12.780001 -2.562585 -1.953196
 12.980001 -2.699805 -2.119072
 13.180001 -2.538815 -2.052145
 13.380001 -3.095623 -2.131238
 13.580001 -2.641869 -2.274516
 13.780001 -2.881674 -2.197253
 13.980001 -2.850729 -2.147312
 14.180001 -2.917557 -2.297954
 14.380001 -2.644722 -2.020032
 14.580001 -2.793408 -2.154457
 14.780001 -2.681359 -1.987628
 14.980001 -2.644489 -2.150088
 15.180001 -2.637917 -1.858363
 15.380001 -2.637130 -1.915819
 15.580001 -2.553634 -2.209024
 15.780001 -2.714234 -1.641805
 15.980001 -2.621413 -2.304976
 16.180001 -2.720867 -1.861895
 16.380001 -2.813000 -2.160995
 16.580001 -2.928424 -2.207465
 16.780001 -2.811382 -2.130569
 16.980001 -2.890297 -2.384028
 17.180001 -2.928092 -2.094686
 17.380001 -2.963882 -2.345692
 17.580001 -2.623301 -2.089807
 17.780001 -2.786617 -1.959146
 17.980001 -2.754165 -2.206991
 18.180001 -2.716958 -1.881010
 18.380001 -2.588582 -2.048027
 18.580001 -2.606086 -2.094446
 18.780001 -2.761874 -1.748149
 18.980001 -2.618302 -2.393455
 19.180001 -2.819679 -1.733609
 19.380001 -2.635168 -2.341877
 19.580001 -2.841394 -1.979238
 19.780001 -2.639621 -1.982684
 19.980001 -2.953992 -2.316859
 20.180001 -2.588022 -1.793146
 20.380001 -3.057880 -2.415414
 20.580001 -2.449988 -1.989014
 20.780001 -2.969505 -2.108709
 20.980001 -2.578099 -2.328379
 21.180001 -2.938493 -1.801840
 21.380001 -2.483054 -2.438338
 21.580001 -2.871630 -1.769922
 21.780001 -2.510097 -2.096843
 21.980001 -2.781473 -2.120203
 22.180001 -2.427679 -1.569289
 22.380001 -2.765633 -2.443848
 22.580001 -2.781038 -1.736316
 22.780001 -2.761345 -2.233021
 22.980001 -2.828559 -1.976125
 23.180001 -2.899292 -2.021749
 23.380001 -2.650144 -2.519809
 23.580001 -2.914145 -1.944641
 23.780001 -2.736246 -2.167677
 23.980001 -2.726000 -2.118239
 24.180001 -2.726253 -1.942521
 24.380001 -2.956973 -2.108524
 24.580001 -2.404828 -2.001969
 24.780001 -2.787861 -2.025821
 24.980001 -2.763486 -2.116175
 25.180001 -2.680025 -1.964583
 25.380001 -2.480716 -2.169115
 25.580001 -3.053017 -1.982937
 25.780001 -2.687379 -2.339220
 25.980001 -2.793121 -1.904124
 26.180001 -2.655613 -2.031123
 26.380001 -2.930086 -2.350325
 26.580001 -2.627413 -1.775208
 26.780001 -2.859010 -2.421456
 26.980001 -2.367870 -1.940726
 27.180001 -2.942237 -2.096807
 27.380001 -2.681483 -2.128117
 27.580001 -2.793273 -1.769758
 27.780001 -2.641196 -2.430080
 27.980001 -2.893710 -1.829178
 28.180001 -2.465820 -2.135465
 28.380001 -2.646945 -2.213038
 28.580001 -2.869579 -1.857062
 28.780001 -2.675225 -2.423747
 28.980001 -2.664000 -1.758190
 29.180001 -2.885046 -2.149747
 29.380001 -2.662587 -2.123177
 29.580001 -2.695507 -1.895165
 29.780001 -2.688892 -2.238358
 29.980001 -2.926491 -1.927276
 30.180001 -2.481656 -2.285996
 30.380001 -2.913972 -1.934303
 30.580001 -2.684140 -1.972532
 30.780001 -2.727865 -2.372563
 30.980001 -2.764762 -1.861119
 31.180001 -2.754384 -2.310174
 31.380001 -2.725078 -2.001470
 31.580001 -2.969320 -2.072798
 31.780002 -2.603575 -2.163278
 31.980002 -2.630822 -1.932741
 32.180002 -2.903107 -2.198488
 32.380002 -2.563007 -1.888300
 32.580002 -2.631945 -2.281002
 32.780002 -2.757674 -1.908642
 32.980002 -2.604528 -1.929437
 33.180002 -2.554247 -2.334871
 33.380002 -2.939554 -1.759693
 33.580002 -2.616884 -2.354120
 33.780002 -2.903300 -1.953698
 33.980002 -2.699993 -2.221638
 34.180002 -2.861190 -2.062538
 34.380002 -2.662454 -2.038781
 34.580002 -2.799808 -2.317453
 34.780002 -2.557195 -1.668851
 34.980002 -2.781072 -2.282037
 35.180002 -2.624571 -1.806932
 35.380002 -2.539079 -1.897240
 35.580002 -2.340191 -2.071338
 35.780002 -2.819366 -1.798832
 35.980002 -2.672656 -2.166331
 36.180002 -2.617533 -2.052640
 36.380002 -2.763829 -2.212350
 36.580002 -2.936467 -2.235715
 36.780002 -2.645047 -2.045974
 36.980002 -2.787562 -2.410140
 37.180002 -2.795605 -1.925849
 37.380002 -2.824685 -2.225697
 37.580002 -2.629988 -2.153314
 37.780002 -2.692539 -1.856973
 37.980002 -2.672455 -2.340049
 38.180002 -2.706073 -1.791270
 38.380002 -2.627618 -1.996115
 38.580002 -2.702921 -2.114916
 38.780002 -2.638873 -1.736709
 38.980002 -2.826864 -2.341356
 39.180002 -2.602099 -1.695070
 39.380002 -2.809280 -2.309036
 39.580002 -2.822857 -2.090238
 39.780002 -2.870322 -2.088371
 39.980002 -2.681281 -2.469273
 40.180002 -3.050148 -1.966189
 40.380002 -2.763358 -2.426947
 40.580002 -2.813266 -1.884599
 40.780002 -2.536977 -2.205189
 40.980002 -2.681929 -2.061954
 41.180002 -2.644042 -1.885111
 41.380002 -2.728931 -2.295530
 41.580002 -2.414565 -1.816962
 41.780002 -2.801646 -2.071151
 41.980002 -2.665137 -2.063853
 42.180002 -2.804340 -2.051746
 42.380002 -2.679585 -2.183349
 42.580002 -2.933767 -2.012814
 42.780002 -2.575387 -2.202741
 42.980002 -2.929105 -1.907666
 43.180002 -2.660696 -2.237196
 43.380002 -2.736724 -2.102693
 43.580002 -2.715569 -1.883989
 43.780002 -2.713254 -2.235928
 43.980002 -2.515421 -1.939104
 44.180002 -2.805821 -2.040245
 44.380002 -2.528459 -2.150186
 44.580002 -2.679731 -1.862150
 44.780002 -2.717800 -2.300151
 44.980002 -2.664019 -1.788914
 45.180002 -2.668747 -2.250581
 45.380002 -2.723402 -2.085273
 45.580002 -2.704348 -1.956275
 45.780002 -2.622579 -2.213796
 45.980002 -2.841052 -2.055302
 46.180002 -2.617599 -2.011999
 46.380002 -2.620294 -2.193983
 46.580002 -2.839969 -1.863298
 46.780002 -2.596061 -2.155613
 46.980002 -2.694585 -1.972150
 47.180002 -2.711917 -1.897151
 47.380002 -2.525810 -2.085729
 47.580002 -2.756446 -1.885933
 47.780002 -2.682836 -2.170977
 47.980002 -2.644446 -1.880477
 48.180002 -2.694180 -2.296999
 48.380002 -2.896639 -2.059411
 48.580002 -2.511772 -2.223956
 48.780002 -2.893458 -2.289052
 48.980002 -2.705963 -1.917898
 49.180002 -2.729211 -2.418198
 49.380002 -2.696944 -1.911420
 49.580002 -2.812542 -2.034711
 49.780002 -2.442343 -2.319653
 49.980002 -2.773022 -1.831643
 50.180002 -2.710171 -2.180211
 50.380002 -2.641615 -1.909170
 50.580002 -2.653871 -1.957148
 50.780002 -2.717439 -2.014752
 50.980002 -2.584413 -1.914108
 51.180002 -2.815964 -2.191004
 51.380002 -2.837416 -1.931456
 51.580002 -2.735803 -2.263107
 51.780002 -2.646474 -2.027502
 51.980002 -3.057948 -2.122462
 52.180002 -2.760728 -2.178358
 52.380002 -2.834443 -2.116675
 52.580002 -2.821663 -2.036607
 52.780003 -2.756352 -2.105491
 52.980003 -2.530702 -1.997126
 53.180003 -2.841837 -2.089582
 53.380003 -2.613100 -1.830046
 53.580003 -2.799332 -2.179562
 53.780003 -2.694798 -1.997815
 53.980003 -2.683975 -2.039487
 54.180003 -2.670581 -2.055432
 54.380003 -2.782918 -1.995336
 54.580003 -2.612975 -2.116807
 54.780003 -2.604507 -2.143187
 54.980003 -2.810563 -2.112464
 55.180003 -2.737980 -2.228709
 55.380003 -2.563766 -1.911291
 55.580003 -2.731913 -2.196174
 55.780003 -2.731399 -2.178962
 55.980003 -2.754526 -1.973484
 56.180003 -2.638978 -2.239175
 56.380003 -2.794200 -1.803572
 56.580003 -2.513732 -2.131796
 56.780003 -2.819606 -1.907420
 56.980003 -2.672473 -1.973071
 57.180003 -2.694943 -2.153890
 57.380003 -2.690539 -1.845830
 57.580003 -2.698601 -2.160913
 57.780003 -2.719693 -2.008240
 57.980003 -2.787242 -1.856944
 58.180003 -2.677390 -2.330163
 58.380003 -2.754711 -1.806456
 58.580003 -2.643968 -2.362452
 58.780003 -2.806750 -1.968920
 58.980003 -2.637217 -2.080837
 59.180003 -2.744063 -2.332386
 59.380003 -2.743003 -1.747393
 59.580003 -2.781966 -2.352699
 59.780003 -2.487232 -1.894683
 59.980003 -2.820468 -1.938904
 60.180003 -2.651631 -2.483922
 60.380003 -2.812205 -1.632082
 60.580003 -2.790354 -2.430430
 60.780003 -2.779750 -2.071653
 60.980003 -2.724342 -1.875459
 61.180003 -2.831349 -2.353982
 61.380003 -2.805267 -1.693799
 61.580003 -2.693937 -2.478057
 61.780003 -2.799133 -1.705170
 61.980003 -2.697076 -2.094702
 62.180003 -2.631464 -2.062474
 62.380003 -2.741215 -1.729207
 62.580003 -2.619804 -2.480473
 62.780003 -2.723423 -1.665162
 62.980003 -2.688780 -2.381132
 63.180003 -2.788525 -2.232027
 63.380003 -2.670768 -1.814563
 63.580003 -2.814527 -2.470594
 63.780003 -2.780522 -1.744436
 63.980003 -2.787795 -2.208420
 64.180003 -2.558674 -2.116626
 64.380003 -2.838290 -1.816601
 64.580003 -2.627579 -2.397406
 64.780003 -2.842478 -1.522869
 64.980003 -2.649266 -2.493538
 65.180003 -2.819105 -1.700321
 65.380003 -2.660360 -2.152948
 65.580003 -2.776793 -2.241030
 65.780003 -2.759728 -1.672919
 65.980003 -2.700830 -2.714181
 66.180003 -2.932233 -1.539320
 66.380003 -2.838709 -2.464822
 66.580003 -2.657804 -2.114012
 66.780003 -2.729487 -1.981755
 66.980003 -2.817948 -2.490972
 67.180003 -2.604931 -1.628028
 67.380003 -2.802235 -2.528290
 67.580003 -2.793836 -1.876135
 67.780003 -2.687568 -2.176998
 67.980003 -2.778212 -2.181304
 68.180003 -2.905107 -1.711433
 68.380003 -2.602875 -2.478475
 68.580003 -2.772515 -1.719675
 68.780003 -2.634550 -2.199267
 68.980003 -2.555359 -2.192373
 69.180003 -2.719490 -1.705204
 69.380003 -2.752764 -2.404363
 69.580003 -2.645018 -1.571888
 69.780003 -2.744343 -2.375223
 69.980003 -2.730458 -1.991827
 70.180003 -2.678961 -2.053218
 70.380003 -2.834507 -2.318042
 70.580003 -2.871376 -1.762964
 70.780003 -2.576504 -2.503892
 70.980003 -2.858357 -1.840643
 71.180003 -2.671610 -1.966465
 71.380003 -2.450500 -2.276133
 71.580003 -2.748101 -1.708078
 71.780003 -2.781862 -2.528982
 71.980003 -2.516340 -1.697054
 72.180003 -2.822725 -2.223982
 72.380003 -2.856019 -2.137852
 72.580003 -2.606381 -1.773967
 72.780003 -2.809907 -2.545357
 72.980003 -2.903512 -1.586848
 73.180003 -2.446957 -2.625334
 73.380003 -2.847491 -1.711587
 73.580003 -2.636517 -2.047764
 73.780004 -2.668584 -2.226287
 73.980004 -2.744308 -1.739873
 74.180004 -2.838267 -2.292365
 74.380004 -2.633572 -1.844643
 74.580004 -2.785619 -2.252123
 74.780004 -2.814926 -2.110676
 74.980004 -2.666881 -2.036634
 75.180004 -2.876471 -2.262907
 75.380004 -2.920468 -1.885882
 75.580004 -2.773065 -2.289028
 75.780004 -2.748497 -2.020911
 75.980004 -2.864863 -2.175896
 76.180004 -2.725811 -2.082088
 76.380004 -2.743002 -1.928917
 76.580004 -2.702094 -2.266979
 76.780004 -2.618144 -1.756385
 76.980004 -2.660755 -2.214413
 77.180004 -2.836355 -1.912777
 77.380004 -2.556108 -1.996841
 77.580004 -2.760210 -2.190947
 77.780004 -2.983195 -1.980136
 77.980004 -2.648828 -2.340362
 78.180004 -2.673686 -1.948503
 78.380004 -2.932707 -2.201554
 78.580004 -2.749353 -2.202253
 78.780004 -2.623114 -2.010107
 78.980004 -2.978783 -2.281124
 79.180004 -2.862706 -1.983260
 79.380004 -2.582707 -2.131475
 79.580004 -2.735634 -1.953087
 79.780004 -2.797630 -1.976974
 79.980004 -2.513736 -2.184909
 80.180004 -2.770922 -1.852662
 80.380004 -2.553376 -2.062496
 80.580004 -2.619644 -2.222358
 80.780004 -2.814176 -1.950027
 80.980004 -2.663008 -2.158732
 81.180004 -2.736819 -2.023123
 81.380004 -2.881158 -2.180181
 81.580004 -2.812173 -2.074771
 81.780004 -2.581736 -2.060263
 81.980004 -2.935651 -2.335964
 82.180004 -2.753614 -1.881262
 82.380004 -2.597487 -2.303623
 82.580004 -2.731831 -1.974861
 82.780004 -2.974259 -2.087815
 82.980004 -2.584071 -2.074690
 83.180004 -2.675582 -1.939905
 83.380004 -2.701621 -1.980519
 83.580004 -2.511488 -1.965525
 83.780004 -2.772559 -1.979535
 83.980004 -2.702169 -2.035069
 84.180004 -2.651702 -1.833283
 84.380004 -2.733669 -2.217778
 84.580004 -2.839388 -1.857140
 84.780004 -2.492316 -2.006968
 84.980004 -2.630036 -2.129800
 85.180004 -2.843337 -1.861896
 85.380004 -2.569479 -2.228007
 85.580004 -2.569154 -1.946540
 85.780004 -2.802905 -2.057262
 85.980004 -2.746590 -2.317399
 86.180004 -2.689252 -1.886990
 86.380004 -2.725767 -2.285466
 86.580004 -2.788973 -2.109367
 86.780004 -2.834211 -2.310985
 86.980004 -2.700351 -2.026486
 87.180004 -2.645201 -1.869943
 87.380004 -2.660041 -2.209936
 87.580004 -2.944185 -1.835128
 87.780004 -2.553387 -2.318681
 87.980004 -2.570051 -1.938857
 88.180004 -2.752830 -1.972887
 88.380004 -2.644095 -2.177353
 88.580004 -2.638927 -1.816101
 88.780004 -2.714255 -2.135505
 88.980004 -2.755002 -1.980440
 89.180004 -2.444741 -1.938634
 89.380004 -2.608857 -2.091889
 89.580004 -2.775248 -2.083363
 89.780004 -2.580319 -2.002745
 89.980004 -2.822884 -2.068340
 90.180004 -2.660691 -2.168932
 90.380004 -2.782021 -2.263695
 90.580004 -2.889033 -2.003846
 90.780004 -2.714143 -2.058784
 90.980004 -2.470379 -2.054930
 91.180004 -2.921142 -2.149673
 91.380004 -2.780730 -2.004933
 91.580004 -2.623175 -2.097403
 91.780004 -2.530699 -1.941455
 91.980004 -2.834107 -2.050365
 92.180004 -2.663339 -2.228015
 92.380004 -2.801867 -2.094810
 92.580004 -2.573027 -2.247697
 92.780004 -2.800218 -2.049924
 92.980004 -2.641489 -2.272943
 93.180004 -2.779978 -1.989145
 93.380004 -2.555492 -2.103173
 93.580004 -2.735621 -2.124578
 93.780004 -2.719892 -2.213812
 93.980004 -2.669695 -2.120056
 94.180004 -2.668408 -2.161562
 94.380004 -2.792448 -1.932718
 94.580004 -2.604963 -2.215557
 94.780005 -2.712007 -1.831212
 94.980005 -2.629314 -2.136019
 95.180005 -2.692508 -1.962093
 95.380005 -2.600322 -2.010265
 95.580005 -2.841505 -1.961660
 95.780005 -2.557177 -2.001995
 95.980005 -3.052211 -2.169604
 96.180005 -2.707849 -2.019085
 96.380005 -2.834992 -2.285369
 96.580005 -2.754681 -2.027486
 96.780005 -2.949438 -2.212048
 96.980005 -2.659664 -2.094612
 97.180005 -2.865298 -2.139533
 97.380005 -2.709311 -1.986521
 97.580005 -2.748001 -2.010586
 97.780005 -2.577534 -1.937037
 97.980005 -2.771445 -1.876754
 98.180005 -2.540287 -1.995350
 98.380005 -2.833073 -1.971323
 98.580005 -2.727506 -2.158994
 98.780005 -2.833896 -1.967084
 98.980005 -2.771855 -2.216794
 99.180005 -2.876584 -2.104783
 99.380005 -2.718454 -2.205667
 99.580005 -2.839485 -2.178807
 99.780005 -2.842341 -2.122662
 99.980005 -2.747914 -2.056033
 100.180005 -2.703338 -2.206136
 100.380005 -2.846348 -1.926382
 100.580005 -2.694304 -2.276888
 100.780005 -2.793978 -1.850631
 100.980005 -2.660019 -2.152886
 101.180005 -2.750985 -1.976059
 101.380005 -2.792027 -2.111252
 101.580005 -2.843020 -2.110106
 101.780005 -2.604759 -1.896270
 101.980005 -2.728324 -2.111307
 102.180005 -2.735358 -2.077592
 102.380005 -2.830854 -2.120616
 102.580005 -2.519178 -1.963600
 102.780005 -2.921004 -2.021136
 102.980005 -2.684235 -2.160982
 103.180005 -2.785575 -1.831532
 103.380005 -2.503155 -2.175716
 103.580005 -2.979349 -1.983515
 103.780005 -2.508119 -2.038282
 103.980005 -2.656434 -2.154824
 104.180005 -2.655413 -1.973069
 104.380005 -3.032595 -2.160299
 104.580005 -2.604239 -2.061015
 104.780005 -2.911958 -2.163170
 104.980005 -2.773710 -2.122628
 105.180005 -2.931349 -2.139732
 105.380005 -2.598780 -2.171897
 105.580005 -2.858332 -2.200757
 105.780005 -2.711026 -2.110686
 105.980005 -2.823800 -2.092851
 106.180005 -2.578079 -2.003274
 106.380005 -2.717402 -2.107238
 106.580005 -2.740449 -2.038552
 106.780005 -2.710186 -1.924684
 106.980005 -2.604268 -2.164714
 107.180005 -2.849607 -1.959695
 107.380005 -2.725719 -2.124360
 107.580005 -2.645355 -1.964881
 107.780005 -2.780893 -2.164065
 107.980005 -2.863100 -2.153526
 108.180005 -2.674025 -2.003046
 108.380005 -2.691355 -2.233583
 108.580005 -2.827070 -2.050760
 108.780005 -2.759950 -2.256023
 108.980005 -2.804486 -2.003403
 109.180005 -2.801562 -2.142544
 109.380005 -2.706905 -2.076140
 109.580005 -2.706615 -2.009924
 109.780005 -2.791110 -2.140383
 109.980005 -2.718653 -1.933439
 110.180005 -2.734481 -2.135856
 110.380005 -2.733354 -1.888146
 110.580005 -2.654359 -2.026334
 110.780005 -2.596622 -2.031630
 110.980005 -2.891568 -1.946058
 111.180005 -2.640587 -2.060554
 111.380005 -2.721080 -2.053708
 111.580005 -2.736730 -2.002219
 111.780005 -2.735082 -2.252204
 111.980005 -2.622469 -1.875589
 112.180005 -2.829245 -2.195372
 112.380005 -2.624449 -2.122405
 112.580005 -2.820740 -1.899387
 112.780005 -2.640908 -2.245879
 112.980005 -2.789388 -1.823669
 113.180005 -2.521508 -2.221867
 113.380005 -2.761224 -1.930780
 113.580005 -2.468717 -2.116129
 113.780005 -2.791060 -1.967672
 113.980005 -2.531370 -2.081521
 114.180005 -2.749893 -1.985006
 114.380005 -2.619366 -2.083451
 114.580005 -2.834603 -2.154656
 114.780005 -2.680722 -2.044540
 114.980005 -2.864565 -2.218010
 115.180005 -2.769364 -1.963608
 115.380005 -3.009638 -2.335747
 115.580005 -2.603504 -1.972895
 115.780005 -2.936571 -2.178299
 115.980006 -2.670529 -2.088658
 116.180006 -2.884359 -2.102539
 116.380006 -2.665203 -2.067698
 116.580006 -2.963896 -2.102569
 116.780006 -2.651011 -2.068778
 116.980006 -2.840212 -2.009887
 117.180006 -2.719906 -2.008153
 117.380006 -2.925890 -2.214978
 117.580006 -2.536822 -1.940766
 117.780006 -2.753190 -2.020702
 117.980006 -2.719583 -2.249460
 118.180006 -3.056848 -1.943698
 118.380006 -2.543925 -2.323845
 118.580006 -2.931752 -2.099441
 118.780006 -2.683988 -2.045920
 118.980006 -2.819596 -2.172550
 119.180006 -2.536735 -1.873314
 119.380006 -2.785168 -2.021493
 119.580006 -2.681057 -1.905139
 119.780006 -2.570491 -1.972008
 119.980006 -2.632752 -2.085716
 120.180006 -2.813969 -1.995673
 120.380006 -2.759603 -2.134502
 120.580006 -2.744860 -2.132690
 120.780006 -2.716315 -2.126960
 120.980006 -2.942762 -2.180513
 121.180006 -2.785678 -2.126980
 121.380006 -2.754620 -2.062331
 121.580006 -2.714742 -2.143464
 121.780006 -2.976683 -1.980639
 121.980006 -2.593441 -2.075142
 122.180006 -2.593283 -1.877156
 122.380006 -2.803390 -2.213918
 122.580006 -2.982715 -1.997321
 122.780006 -2.588073 -2.193323
 122.980006 -2.699926 -2.059606
 123.180006 -2.941377 -2.109491
 123.380006 -2.929363 -2.334150
 123.580006 -2.605049 -2.005511
 123.780006 -2.788846 -2.120442
 123.980006 -2.796968 -2.073246
 124.180006 -2.811505 -1.945164
 124.380006 -2.489202 -2.301361
 124.580006 -2.751918 -1.930321
 124.780006 -2.833111 -2.188422
 124.980006 -2.824518 -1.960799
 125.180006 -2.478985 -2.121165
 125.380006 -2.782300 -2.073551
 125.580006 -2.756662 -2.018940
 125.780006 -2.753575 -2.087113
 125.980006 -2.645562 -1.925003
 126.180006 -2.808932 -1.926846
 126.380006 -2.707110 -2.169578
 126.580006 -2.675916 -1.825056
 126.780006 -2.841329 -2.316566
 126.980006 -2.786186 -2.016202
 127.180006 -2.705265 -2.058158
 127.380006 -2.618586 -2.327632
 127.580006 -2.802386 -1.939945
 127.780006 -2.788753 -2.265921
 127.980006 -2.795274 -2.240304
 128.180006 -2.736974 -1.708906
 128.380006 -2.781612 -2.437806
 128.580006 -2.735120 -1.836943
 128.780006 -2.616011 -2.128604
 128.980006 -2.589877 -2.039758
 129.180006 -2.876878 -1.999057
 129.380006 -2.542607 -2.227616
 129.580006 -2.743761 -1.796849
 129.780006 -2.819633 -2.272413
 129.980006 -2.687721 -1.967780
 130.180006 -2.681043 -1.979060
 130.380006 -2.769345 -2.308332
 130.580006 -2.768077 -1.875234
 130.780006 -2.813713 -2.274064
 130.980006 -2.774474 -1.870666
 131.180006 -2.619441 -2.218203
 131.380006 -2.579150 -1.892626
 131.580006 -2.750135 -1.879079
 131.780006 -2.471796 -2.309347
 131.980006 -2.720208 -1.680134
 132.180006 -2.730203 -2.205885
 132.380006 -2.515752 -1.875652
 132.580006 -2.626961 -2.017671
 132.780006 -2.682505 -2.257464
 132.980006 -2.770463 -1.909049
 133.180006 -2.729766 -2.446138
 133.380006 -2.984646 -2.151532
 133.580006 -2.762554 -2.203971
 133.780006 -2.925616 -2.270825
 133.980006 -2.506037 -1.872367
 134.180006 -2.765297 -2.252853
 134.380006 -2.483025 -1.875337
 134.580006 -2.970116 -2.061941
 134.780006 -2.308061 -2.192574
 134.980006 -2.852883 -1.814817
 135.180006 -2.551157 -2.339953
 135.380006 -2.815564 -1.903831
 135.580006 -2.499803 -2.126719
 135.780006 -2.858526 -2.245838
 135.980006 -2.581660 -1.849916
 136.180006 -2.960979 -2.273447
 136.380006 -2.695007 -2.166266
 136.580006 -2.890731 -2.084052
 136.780006 -2.548394 -2.175312
 136.980007 -2.977338 -2.031682
 137.180007 -2.561465 -2.310711
 137.380007 -2.882855 -1.986455
 137.580007 -2.651610 -2.034427
 137.780007 -2.818335 -2.166887
 137.980007 -2.563359 -1.776539
 138.180007 -2.784792 -2.212990
 138.380007 -2.511156 -1.805445
 138.580007 -2.710689 -2.241735
 138.780007 -2.676150 -2.081521
 138.980007 -3.015150 -2.108340
 139.180007 -2.585559 -2.254775
 139.380007 -3.008878 -1.880613
 139.580007 -2.511119 -2.397243
 139.780007 -3.073608 -2.008196
 139.980007 -2.446271 -2.055160
 140.180007 -2.816071 -2.178372
 140.380007 -2.548647 -1.897169
 140.580007 -2.847705 -2.162599
 140.780007 -2.462809 -1.955170
 140.980007 -2.810774 -2.063321
 141.180007 -2.651400 -2.041308
 141.380007 -2.671666 -2.048036
 141.580007 -2.547001 -2.045068
 141.780007 -2.866088 -2.057696
 141.980007 -2.695414 -2.110683
 142.180007 -2.659210 -2.180059
 142.380007 -2.813133 -1.873602
 142.580007 -2.638945 -2.362448
 142.780007 -2.916576 -1.830513
 142.980007 -2.590560 -2.218576
 143.180007 -2.632340 -1.969809
 143.380007 -2.767045 -2.035864
 143.580007 -2.755434 -2.117648
 143.780007 -2.539622 -1.910451
 143.980007 -2.837501 -2.193944
 144.180007 -2.697290 -1.955635
 144.380007 -2.742032 -2.038896
 144.580007 -2.766140 -2.247061
 144.780007 -3.020049 -1.923132
 144.980007 -2.611091 -2.372112
 145.180007 -2.892808 -1.893103
 145.380007 -2.686089 -2.278169
 145.580007 -2.762268 -1.999016
 145.780007 -2.643116 -2.186853
 145.980007 -2.750775 -2.041131
 146.180007 -2.450042 -1.977638
 146.380007 -2.729700 -2.002183
 146.580007 -2.624048 -1.989371
 146.780007 -2.620456 -1.987011
 146.980007 -2.585356 -2.135229
 147.180007 -2.870110 -2.032692
 147.380007 -2.615745 -2.084182
 147.580007 -2.694484 -2.190060
 147.780007 -2.829812 -1.999958
 147.980007 -2.739143 -2.228811
 148.180007 -2.737722 -2.057458
 148.380007 -2.733180 -2.071877
 148.580007 -2.688852 -1.979379
 148.780007 -2.804564 -2.022987
 148.980007 -2.689778 -2.046320
 149.180007 -2.621270 -1.967643
 149.380007 -2.726500 -1.941819
 149.580007 -2.757171 -2.172624
 149.780007 -2.668864 -1.929963
 149.980007 -2.607554 -2.154540
 150.180007 -2.856204 -2.071475
 150.380007 -2.692996 -2.101334
 150.580007 -2.859997 -2.060284
 150.780007 -2.578508 -2.161271
 150.980007 -3.117666 -2.252229
 151.180007 -2.633436 -2.151708
 151.380007 -2.797163 -2.094928
 151.580007 -2.634234 -2.130041
 151.780007 -3.025381 -2.212495
 151.980007 -2.519823 -1.903425
 152.180007 -2.834381 -2.127585
 152.380007 -2.715584 -2.035851
 152.580007 -2.835276 -2.070430
 152.780007 -2.580240 -1.974917
 152.980007 -2.843736 -2.070378
 153.180007 -2.535285 -2.161811
 153.380007 -2.928307 -1.971276
 153.580007 -2.446554 -2.106829
 153.780007 -2.977493 -2.103994
 153.980007 -2.526996 -2.079330
 154.180007 -2.932098 -2.217766
 154.380007 -2.439644 -1.929891
 154.580007 -2.905892 -2.224806
 154.780007 -2.540268 -2.104753
 154.980007 -2.874912 -1.992821
 155.180007 -2.611029 -2.168469
 155.380007 -2.918519 -2.137864
 155.580007 -2.599029 -2.068555
 155.780007 -2.765939 -2.057449
 155.980007 -2.644278 -2.030996
 156.180007 -2.823754 -2.098698
 156.380007 -2.629299 -1.994375
 156.580007 -2.780849 -2.028135
 156.780007 -2.707403 -2.098122
 156.980007 -2.703610 -1.901791
 157.180007 -2.552056 -1.994224
 157.380007 -2.647995 -2.017316
 157.580007 -2.640637 -2.035672
 157.780007 -2.587380 -1.987381
 157.980008 -2.515951 -1.972035
 158.180008 -2.919140 -2.086120
 158.380008 -2.721623 -2.096287
 158.580008 -2.564677 -2.208496
 158.780008 -2.849909 -2.066609
 158.980008 -2.742986 -2.180012
 159.180008 -2.665995 -2.213694
 159.380008 -2.762960 -2.006464
 159.580008 -2.874104 -2.164157
 159.780008 -2.506210 -2.004000
 159.980008 -2.792379 -2.057785
 160.180008 -2.667664 -2.031567
 160.380008 -2.535510 -1.892086
 160.580008 -2.654424 -2.105080
 160.780008 -2.822680 -2.028151
 160.980008 -2.541265 -2.040943
 161.180008 -2.944444 -2.164114
 161.380008 -2.689427 -1.905644
 161.580008 -2.785591 -2.295030
 161.780008 -2.726653 -1.976038
 161.980008 -2.898823 -2.065553
 162.180008 -2.326369 -2.163007
 162.380008 -2.767921 -1.817904
 162.580008 -2.684020 -2.214555
 162.780008 -2.638555 -1.750886
 162.980008 -2.685892 -2.255005
 163.180008 -2.759703 -2.011725
 163.380008 -2.426204 -1.901169
 163.580008 -2.687042 -2.099504
 163.780008 -2.724935 -2.006361
 163.980008 -2.674559 -2.146983
 164.180008 -2.680214 -1.999693
 164.380008 -2.833615 -2.210915
 164.580008 -2.607311 -1.962455
 164.780008 -2.852001 -2.112881
 164.980008 -2.574601 -2.037819
 165.180008 -2.672397 -1.877606
 165.380008 -2.495419 -2.389425
 165.580008 -2.958556 -1.935102
 165.780008 -2.470254 -2.023602
 165.980008 -2.852596 -2.049837
 166.180008 -2.702706 -2.030828
 166.380008 -2.837503 -2.180750
 166.580008 -2.523851 -1.980207
 166.780008 -2.857209 -2.121649
 166.980008 -2.524159 -1.984259
 167.180008 -2.987570 -2.175871
 167.380008 -2.694396 -2.078771
 167.580008 -2.900999 -2.122062
 167.780008 -2.674021 -2.107452
 167.980008 -2.900782 -2.127752
 168.180008 -2.505489 -2.032317
 168.380008 -2.914752 -1.996686
 168.580008 -2.669566 -2.138679
 168.780008 -2.762189 -1.995283
 168.980008 -2.658561 -2.073885
 169.180008 -2.906462 -2.050277
 169.380008 -2.549984 -2.042174
 169.580008 -2.687485 -2.123401
 169.780008 -2.658881 -1.974539
 169.980008 -2.996344 -2.149024
 170.180008 -2.545119 -2.147728
 170.380008 -2.855684 -2.109754
 170.580008 -2.735601 -2.244331
 170.780008 -2.892516 -1.943498
 170.980008 -2.467635 -2.284228
 171.180008 -2.820668 -1.966908
 171.380008 -2.476385 -1.924565
 171.580008 -2.737338 -2.162841
 171.780008 -2.621694 -1.813945
 171.980008 -2.582033 -2.182815
 172.180008 -2.498978 -1.932804
 172.380008 -2.997289 -2.156336
 172.580008 -2.564504 -2.235166
 172.780008 -2.747076 -2.012802
 172.980008 -2.840521 -2.306656
 173.180008 -2.929717 -2.195735
 173.380008 -2.652027 -2.051433
 173.580008 -2.973749 -2.266628
 173.780008 -2.437242 -1.752065
 173.980008 -2.659415 -2.195788
 174.180008 -2.602700 -1.911825
 174.380008 -2.675756 -1.895454
 174.580008 -2.509094 -2.304643
 174.780008 -3.055913 -1.988680
 174.980008 -2.564534 -2.236715
 175.180008 -2.758593 -2.048128
 175.380008 -2.850508 -2.114104
 175.580008 -2.767627 -2.212506
 175.780008 -2.820136 -2.145515
 175.980008 -2.817032 -2.194191
 176.180008 -2.557304 -1.965461
 176.380008 -2.735042 -1.999803
 176.580008 -2.702919 -2.074925
 176.780008 -2.635543 -1.761359
 176.980008 -2.611723 -2.209536
 177.180008 -2.951987 -1.708477
 177.380008 -2.509826 -2.228988
 177.580008 -2.664422 -1.772409
 177.780008 -2.791574 -2.059850
 177.980008 -2.714063 -2.175080
 178.180008 -2.755367 -2.072432
 178.380008 -2.896993 -2.189640
 178.580008 -2.837979 -2.175233
 178.780008 -2.870484 -2.269739
 178.980009 -2.880444 -2.219459
 179.180009 -2.659461 -1.933986
 179.380009 -2.904100 -2.400315
 179.580009 -2.805334 -1.918694
 179.780009 -2.630880 -2.141116
 179.980009 -2.799718 -2.138231
 180.180009 -2.805476 -1.798983
 180.380009 -2.512395 -2.284649
 180.580009 -2.610802 -1.813724
 180.780009 -2.786253 -2.197080
 180.980009 -2.614966 -2.087761
 181.180009 -2.694282 -1.944193
 181.380009 -2.800118 -2.407143
 181.580009 -2.920382 -1.739713
 181.780009 -2.834043 -2.420016
 181.980009 -2.819144 -2.036934
 182.180009 -2.926258 -2.135228
 182.380009 -2.815433 -2.431799
 182.580009 -2.816695 -1.705100
 182.780009 -2.775698 -2.335569
 182.980009 -2.604080 -1.717982
 183.180009 -2.695708 -2.014922
 183.380009 -2.543846 -2.108441
 183.580009 -2.656805 -1.747220
 183.780009 -2.569832 -2.320483
 183.980009 -2.860178 -1.817539
 184.180009 -2.511823 -2.202021
 184.380009 -2.817610 -2.183015
 184.580009 -2.799473 -2.001486
 184.780009 -2.750854 -2.319748
 184.980009 -2.862863 -1.811823
 185.180009 -2.676160 -2.308970
 185.380009 -2.893166 -2.061091
 185.580009 -2.670797 -1.945806
 185.780009 -2.734152 -2.238304
 185.980009 -2.559405 -1.854565
 186.180009 -2.701347 -1.986712
 186.380009 -2.567398 -2.020934
 186.580009 -2.798177 -2.079773
 186.780009 -2.745196 -2.163482
 186.980009 -2.584439 -2.005477
 187.180009 -2.645843 -2.081948
 187.380009 -2.825570 -1.945672
 187.580009 -2.656859 -2.155094
 187.780009 -2.866421 -2.065240
 187.980009 -2.666682 -2.053229
 188.180009 -2.707094 -2.225744
 188.380009 -2.673259 -2.022697
 188.580009 -2.803017 -2.059218
 188.780009 -2.380019 -2.029793
 188.980009 -2.837532 -2.097931
 189.180009 -2.664569 -2.050669
 189.380009 -2.507368 -1.908620
 189.580009 -2.702125 -2.255359
 189.780009 -2.826880 -1.883758
 189.980009 -2.447622 -2.046601
 190.180009 -2.753047 -2.120885
 190.380009 -2.712207 -1.835338
 190.580009 -2.532210 -2.283165
 190.780009 -2.609027 -1.854880
 190.980009 -2.805092 -1.997923
 191.180009 -2.438414 -2.234945
 191.380009 -3.019760 -1.846567
 191.580009 -2.797219 -2.325651
 191.780009 -2.779474 -2.112702
 191.980009 -2.932544 -2.185363
 192.180009 -2.958377 -2.340710
 192.380009 -2.606794 -2.048541
 192.580009 -2.777766 -2.178178
 192.780009 -2.766737 -1.978280
 192.980009 -2.758926 -1.958744
 193.180009 -2.540716 -2.227728
 193.380009 -2.931284 -1.616916
 193.580009 -2.595735 -2.175746
 193.780009 -2.772834 -1.873586
 193.980009 -2.566147 -2.053221
 194.180009 -2.779290 -2.123381
 194.380009 -2.606660 -1.939592
 194.580009 -2.956863 -2.225000
 194.780009 -2.853656 -2.182825
 194.980009 -2.829732 -2.045933
 195.180009 -2.932799 -2.403979
 195.380009 -2.936592 -1.797227
 195.580009 -2.689258 -2.441991
 195.780009 -2.903863 -1.956870
 195.980009 -2.753555 -2.116030
 196.180009 -2.561535 -2.228710
 196.380009 -2.839158 -1.910907
 196.580009 -2.758505 -2.241848
 196.780009 -2.593727 -1.883658
 196.980009 -2.767586 -2.178650
 197.180009 -2.725792 -1.996083
 197.380009 -2.726780 -2.083916
 197.580009 -2.694041 -2.265518
 197.780009 -2.797868 -1.902842
 197.980009 -2.574183 -2.319715
 198.180009 -2.899982 -2.014654
 198.380009 -2.783983 -1.932983
 198.580009 -2.633449 -2.317236
 198.780009 -2.904951 -1.925331
 198.980009 -2.869655 -2.268196
 199.180009 -2.538242 -2.037776
 199.380009 -2.741952 -1.839660
 199.580009 -2.799900 -2.208221
 199.780009 -2.694108 -1.805765
 199.980009 -2.797728 -2.335152
