#! FIELDS time phi psi
#! SET max_psi pi
 0.180000 -3.071864 1.252079
 0.380000 -3.107786 0.464920
 0.580000 -3.135347 0.231377
 0.780000 3.076937 0.963446
 0.980000 -2.716572 0.356849
 1.180000 -2.814091 0.919624
 1.380000 2.955447 0.416251
 1.580000 2.958493 0.623257
 1.780000 -3.061997 0.598652
 1.980000 3.119474 0.451681
 2.180000 -3.120447 0.894095
 2.380000 -2.996166 0.182059
 2.580000 -2.631381 0.798092
 2.780000 -3.101150 0.432465
 2.980000 3.138139 0.956053
 3.180000 -2.948971 0.325194
 3.380000 -3.123123 0.741619
 3.580000 3.099156 0.359232
 3.780000 -3.099271 0.675157
 3.980000 -2.856678 0.552165
 4.180000 3.110692 0.412663
 4.380000 -3.013788 0.721124
 4.580000 -2.864343 0.541896
 4.780000 -2.831765 0.516309
 4.980000 2.912737 0.715870
 5.180000 -3.045801 0.322622
 5.380000 -2.896867 0.971252
 5.580000 -3.054787 0.310309
 5.780000 2.962502 0.806273
 5.980000 -2.775007 0.377032
 6.180000 -3.058890 0.804700
 6.380000 -2.969273 0.137490
 6.580000 3.092932 0.914448
 6.780000 -2.842505 0.344719
 6.980000 3.115139 0.709822
 7.180000 -2.957203 0.523417
 7.380000 -2.957267 0.742395
 7.580000 -2.915499 0.419905
 7.780000 3.090910 0.719278
 7.980000 -2.920957 0.312839
 8.180000 3.102772 0.799171
 8.380000 3.095604 0.273980
 8.580000 -3.021422 0.730686
 8.780000 -2.942782 0.514646
 8.980000 -2.986105 0.578676
 9.180000 -2.927303 0.468069
 9.380000 -2.993917 0.628948
 9.580000 -3.132926 0.467771
 9.780000 3.016153 0.601790
 9.980000 3.052144 0.484596
 10.180000 3.071283 0.503687
 10.380000 -2.974035 0.646809
 10.580001 -2.919808 0.493468
 10.780001 -3.111872 0.536384
 10.980001 -3.062958 0.491059
 11.180001 -3.133239 0.692372
 11.380001 3.094017 0.369390
 11.580001 -3.089740 0.392956
 11.780001 3.070852 0.513091
 11.980001 -3.101454 0.523791
 12.180001 -2.800137 0.540687
 12.380001 -3.058799 0.447680
 12.580001 -3.020273 0.616047
 12.780001 -2.999335 0.561893
 12.980001 -2.824205 0.699792
 13.180001 2.795715 0.337798
 13.380001 3.135421 0.596650
 13.580001 -2.944125 0.632457
 13.780001 -3.057137 0.453988
 13.980001 -3.100569 0.642945
 14.180001 -2.888003 0.468075
 14.380001 -3.001323 0.589891
 14.580001 -3.030391 0.444917
 14.780001 3.118730 0.703652
 14.980001 3.050815 0.381956
 15.180001 -3.069944 0.675005
 15.380001 -3.056930 0.514253
 15.580001 3.109933 0.690477
 15.780001 -2.892608 0.620075
 15.980001 3.096152 0.493532
 16.180001 -3.061968 0.758535
 16.380001 -3.063874 0.470833
 16.580001 -3.022713 0.757307
 16.780001 -3.022300 0.469940
 16.980001 -3.095658 0.580097
 17.180001 -2.986895 0.535631
 17.380001 3.074466 0.537919
 17.580001 -3.012677 0.655616
 17.780001 3.014810 0.512284
 17.980001 -2.916764 0.580085
 18.180001 3.104496 0.637455
 18.380001 -3.057454 0.484283
 18.580001 -3.134999 0.634995
 18.780001 -3.080555 0.464699
 18.980001 -3.054180 0.770697
 19.180001 -3.131773 0.335352
 19.380001 -2.884056 0.802692
 19.580001 -3.089973 0.333936
 19.780001 3.139365 0.811508
 19.980001 -3.046779 0.337633
 20.180001 2.976621 0.879084
 20.380001 -3.000408 0.353326
 20.580001 -2.909013 0.642197
 20.780001 -2.850898 0.385862
 20.980001 -3.115428 0.634572
 21.180001 -2.987367 0.545367
 21.380001 2.952482 0.505167
 21.580001 -3.086813 0.642527
 21.780001 -3.100453 0.518330
 21.980001 -3.107379 0.554790
 22.180001 3.071743 0.322732
 22.380001 -2.938870 0.666539
 22.580001 -3.004120 0.570008
 22.780001 2.949839 0.505049
 22.980001 -3.125390 0.560312
 23.180001 -2.875937 0.573192
 23.380001 -3.067195 0.620233
 23.580001 -3.104918 0.495389
 23.780001 -3.027742 0.555491
 23.980001 -2.952811 0.543120
 24.180001 -3.003551 0.541388
 24.380001 2.934949 0.524404
 24.580001 3.089679 0.514976
 24.780001 -2.915448 0.635271
 24.980001 -3.089716 0.525431
 25.180001 -3.039178 0.450396
 25.380001 -2.967168 0.528354
 25.580001 -3.137691 0.592357
 25.780001 -2.948917 0.594716
 25.980001 3.134456 0.345175
 26.180001 2.967035 0.677290
 26.380001 -3.020966 0.455657
 26.580001 -3.044160 0.735184
 26.780001 -2.969269 0.428497
 26.980001 -2.775021 0.857123
 27.180001 -3.106961 0.396056
 27.380001 3.137168 0.789481
 27.580001 -2.986467 0.296073
 27.780001 -3.124420 0.888132
 27.980001 3.130379 0.412403
 28.180001 -3.075497 0.679423
 28.380001 -2.876189 0.451101
 28.580001 3.124292 0.744772
 28.780001 -3.126357 0.496702
 28.980001 -2.936129 0.647878
 29.180001 -3.123143 0.487646
 29.380001 3.094851 0.583048
 29.580001 -3.101341 0.472995
 29.780001 -3.002895 0.581914
 29.980001 -3.034261 0.642235
 30.180001 3.090898 0.464735
 30.380001 -3.021579 0.570739
 30.580001 -2.932979 0.693701
 30.780001 3.136690 0.631461
 30.980001 -3.016157 0.680241
 31.180001 -3.026169 0.483235
 31.380001 -3.021316 0.728576
 31.580001 2.998839 0.313534
 31.780002 -3.030371 0.727937
 31.980002 -2.935924 0.576748
 32.180002 -3.087966 0.654047
 32.380002 3.130771 0.408269
 32.580002 -3.038603 0.640808
 32.780002 -2.977860 0.525184
 32.980002 2.941301 0.758985
 33.180002 -3.077179 0.300693
 33.380002 -3.075713 0.837539
 33.580002 -2.764263 0.336203
 33.780002 3.021758 0.793736
 33.980002 -2.933171 0.342738
 34.180002 -3.066967 0.766444
 34.380002 -3.073213 0.292361
 34.580002 3.132951 0.811519
 34.780002 -3.090563 0.369816
 34.980002 -2.965323 0.653402
 35.180002 -2.922190 0.579113
 35.380002 3.111086 0.686673
 35.580002 -2.938358 0.480113
 35.780002 -3.057685 0.566218
 35.980002 2.974960 0.602866
 36.180002 -3.038895 0.624097
 36.380002 3.101261 0.580413
 36.580002 3.094803 0.314057
 36.780002 -2.874714 0.919087
 36.980002 -3.101309 0.396066
 37.180002 -3.009797 0.675016
 37.380002 -3.019464 0.445168
 37.580002 -2.994926 0.765830
 37.780002 -3.102184 0.506056
 37.980002 3.067817 0.547937
 38.180002 -3.123206 0.539231
 38.380002 -3.080915 0.472244
 38.580002 3.071242 0.583433
 38.780002 -3.077454 0.551290
 38.980002 -2.973218 0.545796
 39.180002 3.130001 0.707225
 39.380002 -3.052799 0.599883
 39.580002 3.068628 0.513811
 39.780002 -3.082736 0.608087
 39.980002 -3.120064 0.676133
 40.180002 -2.914133 0.540362
 40.380002 -2.871393 0.574407
 40.580002 -3.111201 0.587414
 40.780002 -3.092935 0.746341
 40.980002 -2.985145 0.355667
 41.180002 -3.027544 0.599915
 41.380002 -3.065334 0.470412
 41.580002 -3.060774 0.508170
 41.780002 -3.008561 0.598587
 41.980002 -2.937004 0.410940
 42.180002 -3.013022 0.653820
 42.380002 3.048201 0.498520
 42.580002 -3.040872 0.503207
 42.780002 -2.802522 0.500271
 42.980002 3.130055 0.667403
 43.180002 -3.070289 0.368853
 43.380002 -3.094159 0.621479
 43.580002 3.094392 0.380498
 43.780002 -3.032449 0.727511
 43.980002 -3.113381 0.517123
 44.180002 -2.974203 0.588411
 44.380002 -2.906269 0.411060
 44.580002 3.033208 0.646309
 44.780002 -2.879187 0.524963
 44.980002 -3.087163 0.615611
 45.180002 3.083598 0.468255
 45.380002 -3.011157 0.641893
 45.580002 3.077626 0.582788
 45.780002 -3.017256 0.531963
 45.980002 -3.094928 0.602191
 46.180002 -3.045919 0.571370
 46.380002 -2.709803 0.558490
 46.580002 -3.031293 0.601967
 46.780002 -3.016422 0.577897
 46.980002 -3.018534 0.595486
 47.180002 3.083089 0.638786
 47.380002 3.049943 0.507383
 47.580002 2.927429 0.519462
 47.780002 -2.938033 0.596871
 47.980002 -2.959390 0.507352
 48.180002 3.114263 0.507185
 48.380002 -3.083498 0.565173
 48.580002 -2.978793 0.509176
 48.780002 -3.052926 0.709393
 48.980002 3.004485 0.317145
 49.180002 -3.089559 0.668684
 49.380002 -3.020457 0.497288
 49.580002 -3.132459 0.732666
 49.780002 -2.931406 0.322317
 49.980002 -2.911724 0.777154
 50.180002 -3.045450 0.447278
 50.380002 3.103628 0.680982
 50.580002 3.066282 0.364404
 50.780002 2.994427 0.735603
 50.980002 -2.912559 0.362104
 51.180002 -3.043158 0.809326
 51.380002 -2.944914 0.344482
 51.580002 -2.958229 0.847316
 51.780002 3.130182 0.379988
 51.980002 3.011265 0.634823
 52.180002 3.084619 0.452743
 52.380002 3.132828 0.603441
 52.580002 -3.105648 0.538867
 52.780003 -2.898962 0.532437
 52.980003 -2.849851 0.733725
 53.180003 -3.091657 0.398421
 53.380003 3.132855 0.829234
 53.580003 -3.014860 0.261502
 53.780003 3.005575 0.640944
 53.980003 -3.086463 0.387228
 54.180003 3.076799 0.691806
 54.380003 -2.957538 0.547048
 54.580003 -2.987724 0.571052
 54.780003 -3.005235 0.669333
 54.980003 -3.018162 0.445264
 55.180003 3.045422 0.698686
 55.380003 -3.131863 0.329999
 55.580003 -3.081086 0.921874
 55.780003 3.089029 0.307821
 55.980003 3.133415 0.518031
 56.180003 -3.132670 0.571524
 56.380003 -3.004419 0.594333
 56.580003 -2.912866 0.712815
 56.780003 3.036152 0.429921
 56.980003 -3.125974 0.749334
 57.180003 3.124929 0.416078
 57.380003 3.094716 0.799106
 57.580003 2.966985 0.376301
 57.780003 3.071976 0.669552
 57.980003 -2.827790 0.654260
 58.180003 -2.923450 0.754487
 58.380003 -2.945829 0.456161
 58.580003 2.887589 0.520977
 58.780003 3.064922 0.606298
 58.980003 -2.983915 0.552958
 59.180003 2.778297 0.602572
 59.380003 -3.038287 0.419602
 59.580003 -2.986915 0.669506
 59.780003 -2.954515 0.545909
 59.980003 -3.033823 0.628104
 60.180003 -2.974125 0.480089
 60.380003 -3.139544 0.766778
 60.580003 2.987837 0.201403
 60.780003 -3.099389 0.729093
 60.980003 -3.038277 0.408223
 61.180003 -3.067984 0.710971
 61.380003 -3.005515 0.450619
 61.580003 -2.962153 0.685031
 61.780003 -2.871969 0.545029
 61.980003 -2.978436 0.654824
 62.180003 2.913756 0.503642
 62.380003 3.003175 0.421457
 62.580003 -3.008927 0.717423
 62.780003 -2.975967 0.355012
 62.980003 -2.882097 0.585724
 63.180003 -2.891794 0.489391
 63.380003 -2.908939 0.610683
 63.580003 3.139588 0.532066
 63.780003 3.040410 0.572755
 63.980003 -3.027198 0.654585
 64.180003 -2.948147 0.509889
 64.380003 -2.894601 0.509532
 64.580003 -3.022673 0.569281
 64.780003 -2.733105 0.669701
 64.980003 -3.038471 0.576245
 65.180003 3.103666 0.431937
 65.380003 3.024646 0.656159
 65.580003 -2.973220 0.391172
 65.780003 3.112649 0.779011
 65.980003 -3.134929 0.287789
 66.180003 -2.907649 0.793858
 66.380003 -2.917858 0.364029
 66.580003 -3.137851 0.980554
 66.780003 3.103499 0.326545
 66.980003 -3.140219 0.666620
 67.180003 -2.882288 0.379168
 67.380003 2.949290 0.725007
 67.580003 -2.957034 0.406330
 67.780003 -2.722176 0.768843
 67.980003 -2.981254 0.229809
 68.180003 3.059862 1.012313
 68.380003 -3.011143 0.291577
 68.580003 -2.985326 0.745656
 68.780003 -3.138106 0.400452
 68.980003 3.088529 0.588921
 69.180003 -2.947615 0.438146
 69.380003 -2.967747 0.723390
 69.580003 -2.984717 0.223374
 69.780003 -3.103686 0.767711
 69.980003 -2.988038 0.351994
 70.180003 3.105318 0.798422
 70.380003 -3.136871 0.378957
 70.580003 -3.116195 0.613462
 70.780003 -3.120289 0.631351
 70.980003 -2.961407 0.644728
 71.180003 -3.110711 0.616845
 71.380003 -3.129336 0.542436
 71.580003 -3.063189 0.695571
 71.780003 3.027675 0.496838
 71.980003 -3.127248 0.664979
 72.180003 -3.093667 0.495367
 72.380003 -3.069792 0.657748
 72.580003 -2.990064 0.630392
 72.780003 -2.993563 0.535624
 72.980003 -2.985696 0.482695
 73.180003 3.032761 0.694619
 73.380003 -3.104824 0.428711
 73.580003 -3.004525 0.626681
 73.780004 -2.959905 0.494387
 73.980004 3.113551 0.601484
 74.180004 -3.081687 0.579171
 74.380004 -3.098601 0.631831
 74.580004 -3.061887 0.521230
 74.780004 2.978729 0.808365
 74.980004 3.035887 0.262142
 75.180004 -3.124625 0.744602
 75.380004 -3.084208 0.426351
 75.580004 -3.101641 0.779728
 75.780004 -2.815086 0.507218
 75.980004 -3.046637 0.784195
 76.180004 -3.104671 0.286250
 76.380004 2.923184 0.812061
 76.580004 -3.091622 0.421826
 76.780004 3.111300 0.596383
 76.980004 -3.120807 0.474505
 77.180004 -3.028505 0.567655
 77.380004 -2.964434 0.483043
 77.580004 3.101988 0.549680
 77.780004 -2.947764 0.545716
 77.980004 3.060599 0.555263
 78.180004 -3.008229 0.396895
 78.380004 3.074331 0.698335
 78.580004 -3.134247 0.306055
 78.780004 3.011341 0.657779
 78.980004 -3.049924 0.491276
 79.180004 -2.923949 0.565127
 79.380004 -3.044830 0.455694
 79.580004 -2.950706 0.483561
 79.780004 3.073117 0.737117
 79.980004 3.110467 0.372843
 80.180004 2.948322 0.665415
 80.380004 -2.957149 0.279402
 80.580004 -3.066125 0.898905
 80.780004 -2.844570 0.478281
 80.980004 -3.028929 0.692508
 81.180004 -3.102204 0.274915
 81.380004 2.920875 0.880718
 81.580004 3.129876 0.417013
 81.780004 3.112046 0.742879
 81.980004 3.003327 0.470778
 82.180004 -3.127555 0.681511
 82.380004 -2.779933 0.646067
 82.580004 -3.089251 0.479841
 82.780004 -2.834407 0.656489
 82.980004 3.106038 0.483930
 83.180004 -3.022551 0.569874
 83.380004 2.998304 0.622138
 83.580004 -2.948000 0.664814
 83.780004 3.119436 0.509572
 83.980004 3.049780 0.059488
 84.180004 -3.088304 0.975646
 84.380004 -2.995386 0.318542
 84.580004 -2.926243 0.726630
 84.780004 -3.124216 0.379152
 84.980004 -3.058771 0.538539
 85.180004 -2.944171 0.660353
 85.380004 3.128046 0.512706
 85.580004 2.980354 0.441703
 85.780004 -2.908726 0.653390
 85.980004 -2.868865 0.710697
 86.180004 3.012254 0.328991
 86.380004 2.997149 0.632969
 86.580004 -2.949472 0.539119
 86.780004 -2.826238 0.582636
 86.980004 3.112922 0.538541
 87.180004 -3.112790 0.374549
 87.380004 -2.977226 0.676227
 87.580004 3.037547 0.486735
 87.780004 3.110719 0.568569
 87.980004 -3.042562 0.427558
 88.180004 -3.094469 0.659144
 88.380004 -2.763438 0.554944
 88.580004 -3.079555 0.693988
 88.780004 -3.110510 0.466218
 88.980004 3.033468 0.634781
 89.180004 3.050426 0.450974
 89.380004 -3.043133 0.678959
 89.580004 -3.040853 0.411778
 89.780004 -3.014202 0.699884
 89.980004 -3.124388 0.543159
 90.180004 -2.839324 0.585693
 90.380004 -3.053270 0.537888
 90.580004 -3.125243 0.486015
 90.780004 -3.099517 0.593303
 90.980004 3.129061 0.501851
 91.180004 -3.013068 0.638628
 91.380004 -3.052301 0.632327
 91.580004 -3.113959 0.510184
 91.780004 -2.815832 0.628396
 91.980004 -3.085919 0.674396
 92.180004 3.101511 0.657001
 92.380004 -3.096249 0.598043
 92.580004 -2.883121 0.588203
 92.780004 3.097027 0.646456
 92.980004 -3.123945 0.428753
 93.180004 -3.016834 0.629886
 93.380004 -2.746634 0.460944
 93.580004 -3.055343 0.674999
 93.780004 3.101590 0.455186
 93.980004 -3.049701 0.707798
 94.180004 3.098021 0.473642
 94.380004 -3.001743 0.670241
 94.580004 3.132420 0.589808
 94.780005 -2.741988 0.478424
 94.980005 3.050566 0.853951
 95.180005 -3.086334 0.238316
 95.380005 -3.016308 0.928841
 95.580005 -2.942130 0.293683
 95.780005 -3.077413 0.866029
 95.980005 -2.962127 0.256782
 96.180005 -2.997878 0.803786
 96.380005 -3.083748 0.327614
 96.580005 2.997147 0.841296
 96.780005 -3.102877 0.373333
 96.980005 3.013575 0.688297
 97.180005 -3.114802 0.415056
 97.380005 -3.043403 0.488725
 97.580005 -2.983336 0.424252
 97.780005 -2.913744 0.737645
 97.980005 -2.978644 0.563260
 98.180005 -2.980407 0.497398
 98.380005 3.082723 0.541288
 98.580005 -3.109717 0.467172
 98.780005 3.070146 0.621772
 98.980005 -3.036857 0.368735
 99.180005 -3.117824 0.751119
 99.380005 -2.949458 0.323964
 99.580005 -2.837169 0.838534
 99.780005 -3.058385 0.316932
 99.980005 3.069836 0.741973
 100.180005 -3.050479 0.334726
 100.380005 3.106372 0.727730
 100.580005 -2.951939 0.291047
 100.780005 3.049003 0.753850
 100.980005 -3.063700 0.468169
 101.180005 -2.885298 0.687927
 101.380005 -2.984299 0.435269
 101.580005 -3.112797 0.719383
 101.780005 3.050233 0.470733
 101.980005 -3.139650 0.643173
 102.180005 2.948259 0.497644
 102.380005 -3.089199 0.483400
 102.580005 -2.876265 0.597826
 102.780005 -2.935057 0.555285
 102.980005 -3.043421 0.547282
 103.180005 -3.082875 0.531163
 103.380005 -3.062473 0.616482
 103.580005 -3.122053 0.464822
 103.780005 3.125666 0.648645
 103.980005 -3.095624 0.485893
 104.180005 -3.081381 0.492720
 104.380005 -2.838011 0.700327
 104.580005 -2.843658 0.586027
 104.780005 3.067683 0.714550
 104.980005 -3.104945 0.464166
 105.180005 -3.023451 0.719928
 105.380005 3.097836 0.447891
 105.580005 -3.063288 0.779207
 105.780005 -3.045993 0.464831
 105.980005 -2.906561 0.609997
 106.180005 -3.089190 0.623120
 106.380005 -3.094439 0.512920
 106.580005 -3.068336 0.558927
 106.780005 2.943904 0.517166
 106.980005 -2.998510 0.625739
 107.180005 -3.020957 0.557470
 107.380005 -3.018294 0.535223
 107.580005 -3.118583 0.600029
 107.780005 -3.024965 0.664989
 107.980005 -2.935507 0.576569
 108.180005 -3.027375 0.631539
 108.380005 3.106042 0.587168
 108.580005 3.057715 0.522209
 108.780005 -2.765211 0.684874
 108.980005 -2.998724 0.590935
 109.180005 2.908225 0.419674
 109.380005 -3.097897 0.735077
 109.580005 -2.949170 0.537733
 109.780005 3.084661 0.596280
 109.980005 -3.106581 0.458546
 110.180005 3.123454 0.577560
 110.380005 -2.951382 0.674771
 110.580005 3.027766 0.715615
 110.780005 -3.025532 0.399947
 110.980005 3.132530 0.653115
 111.180005 -2.922018 0.554942
 111.380005 2.967972 0.668842
 111.580005 -3.100224 0.352894
 111.780005 -2.921982 0.587429
 111.980005 -3.109887 0.552062
 112.180005 3.075080 0.430561
 112.380005 -3.107775 0.747403
 112.580005 -2.933110 0.453092
 112.780005 2.980581 0.665981
 112.980005 -2.922364 0.374260
 113.180005 -3.135329 0.808140
 113.380005 -2.947329 0.326347
 113.580005 3.130114 0.707411
 113.780005 -3.129608 0.285681
 113.980005 -2.987992 0.891698
 114.180005 -3.052221 0.304457
 114.380005 -3.075559 0.838267
 114.580005 3.133599 0.386240
 114.780005 -2.951278 0.748281
 114.980005 -3.085294 0.446527
 115.180005 -2.901759 0.605566
 115.380005 -3.125658 0.666535
 115.580005 -3.126438 0.494986
 115.780005 3.054353 0.555595
 115.980006 -2.984565 0.561549
 116.180006 3.083445 0.700764
 116.380006 3.074691 0.362309
 116.580006 3.083320 0.613418
 116.780006 -2.788602 0.505393
 116.980006 -3.054443 0.655061
 117.180006 -3.043597 0.462983
 117.380006 -2.886297 0.510063
 117.580006 3.054799 0.602192
 117.780006 3.120156 0.446539
 117.980006 3.129895 0.568800
 118.180006 -3.011713 0.559924
 118.380006 -3.050227 0.437085
 118.580006 3.043618 0.727850
 118.780006 -3.098047 0.428427
 118.980006 -3.018591 0.661805
 119.180006 -3.067383 0.613903
 119.380006 3.085576 0.561489
 119.580006 -3.115412 0.628415
 119.780006 -3.107655 0.586031
 119.980006 -2.994741 0.630175
 120.180006 -3.013187 0.614368
 120.380006 3.071468 0.490912
 120.580006 -3.047112 0.523337
 120.780006 -3.064517 0.658886
 120.980006 -3.078534 0.408076
 121.180006 -3.054386 0.629144
 121.380006 3.062295 0.443090
 121.580006 -2.920997 0.751922
 121.780006 -3.014214 0.419187
 121.980006 -3.125401 0.693805
 122.180006 -2.913050 0.355148
 122.380006 -3.126072 0.744350
 122.580006 -2.915732 0.479406
 122.780006 -3.066595 0.636557
 122.980006 -3.106863 0.523372
 123.180006 -3.057676 0.629370
 123.380006 3.038832 0.638103
 123.580006 -3.010656 0.356055
 123.780006 -3.079053 0.610080
 123.980006 3.116855 0.463905
 124.180006 -3.063212 0.630461
 124.380006 -2.818302 0.462207
 124.580006 3.043771 0.613960
 124.780006 -2.915994 0.448775
 124.980006 -3.025088 0.678733
 125.180006 -2.995338 0.428473
 125.380006 3.133717 0.659571
 125.580006 3.115026 0.708441
 125.780006 -3.098677 0.387520
 125.980006 -3.138667 0.663328
 126.180006 -3.065040 0.460025
 126.380006 -2.847366 0.732361
 126.580006 -3.111479 0.486522
 126.780006 -2.868536 0.452640
 126.980006 2.995235 0.692780
 127.180006 -2.977582 0.396447
 127.380006 -3.036529 0.643777
 127.580006 -3.104160 0.298941
 127.780006 -3.110209 0.770353
 127.980006 -2.971848 0.527834
 128.180006 -2.904500 0.654275
 128.380006 -3.030035 0.378715
 128.580006 2.950808 0.767536
 128.780006 -2.983906 0.473536
 128.980006 -3.100342 0.674667
 129.180006 -3.034803 0.559307
 129.380006 -3.083502 0.638617
 129.580006 -2.939459 0.421622
 129.780006 3.138272 0.677144
 129.980006 -3.105119 0.450278
 130.180006 3.101258 0.640845
 130.380006 -2.988149 0.316609
 130.580006 3.081869 1.008711
 130.780006 -3.019706 0.345663
 130.980006 -2.805701 0.831178
 131.180006 -3.042319 0.237197
 131.380006 3.079133 0.850287
 131.580006 -3.090648 0.376766
 131.780006 -3.058650 0.610545
 131.980006 3.101964 0.626860
 132.180006 2.934673 0.407142
 132.380006 -3.033602 0.701101
 132.580006 -2.893543 0.493316
 132.780006 -3.026268 0.665065
 132.980006 -3.074625 0.484736
 133.180006 -3.088112 0.667487
 133.380006 3.086143 0.454571
 133.580006 -3.132454 0.584958
 133.780006 -3.132800 0.608738
 133.980006 -3.124813 0.528660
 134.180006 -3.112405 0.681463
 134.380006 -2.971184 0.422745
 134.580006 -3.040719 0.883139
 134.780006 -3.073200 0.454561
 134.980006 -2.988554 0.611621
 135.180006 -3.079602 0.476021
 135.380006 3.081624 0.559852
 135.580006 -3.091918 0.544859
 135.780006 -3.047095 0.616945
 135.980006 -3.023117 0.508815
 136.180006 -3.126017 0.715117
 136.380006 -3.048108 0.468513
 136.580006 -3.140206 0.695536
 136.780006 -3.106573 0.455932
 136.980007 -2.947507 0.598070
 137.180007 3.094194 0.554075
 137.380007 3.096805 0.460574
 137.580007 -3.071015 0.866169
 137.780007 -3.038551 0.294514
 137.980007 3.081952 0.638965
 138.180007 -2.858561 0.459952
 138.380007 -3.099463 0.570310
 138.580007 -3.133958 0.409850
 138.780007 -3.028662 0.661960
 138.980007 -3.125593 0.452129
 139.180007 -3.082818 0.738267
 139.380007 -2.918662 0.410645
 139.580007 -3.042133 0.791186
 139.780007 -3.030983 0.534131
 139.980007 -2.927087 0.531178
 140.180007 2.980961 0.530742
 140.380007 3.061469 0.563729
 140.580007 -2.762144 0.652683
 140.780007 3.064957 0.522003
 140.980007 -3.030442 0.308458
 141.180007 -3.056715 0.701408
 141.380007 -2.918760 0.419533
 141.580007 -3.072534 0.730312
 141.780007 3.000594 0.345034
 141.980007 -3.052104 0.560420
 142.180007 -3.051623 0.667034
 142.380007 3.121139 0.482792
 142.580007 -2.993305 0.747164
 142.780007 -3.120957 0.267019
 142.980007 -3.070292 0.880188
 143.180007 -2.913738 0.326114
 143.380007 3.141253 0.824417
 143.580007 -2.904033 0.151781
 143.780007 3.085006 1.069564
 143.980007 -2.849673 0.170648
 144.180007 -3.117539 0.846490
 144.380007 -3.016422 0.148797
 144.580007 -3.133048 0.863955
 144.780007 -2.912162 0.255076
 144.980007 3.048473 0.898778
 145.180007 -3.108129 0.284979
 145.380007 -2.922574 0.817775
 145.580007 -2.972514 0.416533
 145.780007 2.930157 0.797573
 145.980007 -2.977449 0.473909
 146.180007 3.138545 0.519705
 146.380007 -3.006097 0.614792
 146.580007 3.085631 0.537259
 146.780007 3.134843 0.634370
 146.980007 -2.944844 0.450122
 147.180007 3.118660 0.715933
 147.380007 -3.076588 0.463308
 147.580007 3.047020 0.669061
 147.780007 -3.046956 0.479518
 147.980007 3.054316 0.544378
 148.180007 3.132472 0.488418
 148.380007 -2.985183 0.615145
 148.580007 -3.029888 0.607836
 148.780007 -3.041411 0.533587
 148.980007 -3.104791 0.514780
 149.180007 -2.986298 0.502372
 149.380007 -3.100516 0.595136
 149.580007 2.868885 0.493355
 149.780007 3.087581 0.512073
 149.980007 -3.022664 0.591302
 150.180007 -2.971793 0.644697
 150.380007 -3.026962 0.604323
 150.580007 -2.751221 0.429740
 150.780007 -3.100278 0.591169
 150.980007 -2.860792 0.597318
 151.180007 2.993177 0.506697
 151.380007 3.140816 0.476760
 151.580007 -3.104786 0.722034
 151.780007 -3.021544 0.448081
 151.980007 3.123002 0.666115
 152.180007 -3.107161 0.039988
 152.380007 -2.850357 0.877191
 152.580007 -2.841644 0.440782
 152.780007 3.110669 0.791554
 152.980007 -3.092153 0.301925
 153.180007 3.044554 0.800811
 153.380007 -2.936486 0.276095
 153.580007 2.905236 0.859661
 153.780007 -2.773234 0.323974
 153.980007 -3.051493 0.854803
 154.180007 -3.064919 0.302333
 154.380007 -3.134643 0.820536
 154.580007 -2.915917 0.449338
 154.780007 3.035809 0.614416
 154.980007 3.122581 0.358339
 155.180007 -2.888449 0.704167
 155.380007 -3.041018 0.587692
 155.580007 -3.118154 0.604488
 155.780007 -2.861946 0.539079
 155.980007 -3.018218 0.645883
 156.180007 -2.982342 0.535599
 156.380007 3.001518 0.537419
 156.580007 -2.909930 0.671591
 156.780007 -3.085970 0.505945
 156.980007 3.095896 0.661470
 157.180007 -3.036547 0.607476
 157.380007 -2.892794 0.742610
 157.580007 -3.130806 0.449884
 157.780007 -3.140428 0.552705
 157.980008 -2.867482 0.553133
 158.180008 -3.075702 0.683245
 158.380008 3.130576 0.357603
 158.580008 -3.006957 0.738409
 158.780008 -3.093132 0.437505
 158.980008 -3.028407 0.760465
 159.180008 -2.913135 0.460121
 159.380008 -2.975286 0.584531
 159.580008 -3.009545 0.572037
 159.780008 2.949794 0.682912
 159.980008 -2.990877 0.545902
 160.180008 -3.044133 0.665631
 160.380008 3.136611 0.501027
 160.580008 3.091365 0.474430
 160.780008 -2.865556 0.587908
 160.980008 -3.040021 0.669054
 161.180008 3.126557 0.472395
 161.380008 -3.116780 0.706432
 161.580008 3.037700 0.428833
 161.780008 -2.933281 0.677311
 161.980008 3.017051 0.507015
 162.180008 -2.903883 0.521608
 162.380008 -3.104949 0.734383
 162.580008 -3.035969 0.524176
 162.780008 -3.068583 0.644927
 162.980008 3.069909 0.473316
 163.180008 -3.092385 0.686251
 163.380008 3.031761 0.570383
 163.580008 3.083480 0.491358
 163.780008 -3.077081 0.613930
 163.980008 -3.104519 0.648693
 164.180008 -3.125587 0.552372
 164.380008 -2.913305 0.459074
 164.580008 -3.102723 0.753656
 164.780008 -3.088946 0.429068
 164.980008 2.989290 0.704025
 165.180008 -2.943900 0.488342
 165.380008 2.930741 0.517557
 165.580008 -3.082296 0.494251
 165.780008 -2.957628 0.687209
 165.980008 -2.925784 0.544994
 166.180008 -3.063991 0.559905
 166.380008 -3.076610 0.584748
 166.580008 3.108377 0.521737
 166.780008 -3.097078 0.445192
 166.980008 -3.052416 0.486795
 167.180008 3.051894 0.483949
 167.380008 -2.861917 0.586226
 167.580008 3.115756 0.575463
 167.780008 -3.004750 0.500624
 167.980008 -2.935882 0.674011
 168.180008 3.120241 0.434286
 168.380008 3.100259 0.811350
 168.580008 3.129503 0.212370
 168.780008 -3.021473 0.808321
 168.980008 -2.937510 0.424607
 169.180008 -3.139932 0.841439
 169.380008 3.098385 0.346293
 169.580008 -3.052262 0.716956
 169.780008 -3.079600 0.448500
 169.980008 3.036763 0.863459
 170.180008 -2.930097 0.422066
 170.380008 -2.945750 0.652193
 170.580008 -2.807975 0.523812
 170.780008 3.116845 0.702753
 170.980008 -2.999466 0.325932
 171.180008 -3.072544 0.682332
 171.380008 -3.005690 0.428103
 171.580008 3.075622 0.718867
 171.780008 -3.084829 0.467276
 171.980008 -2.974935 0.501150
 172.180008 -2.810458 0.627590
 172.380008 3.008947 0.357502
 172.580008 3.099683 0.777878
 172.780008 -3.007164 0.505710
 172.980008 -3.037261 0.584614
 173.180008 3.021886 0.560518
 173.380008 3.102018 0.537944
 173.580008 -2.848180 0.634228
 173.780008 -2.897956 0.433195
 173.980008 -3.014037 0.772538
 174.180008 -3.053339 0.372697
 174.380008 -3.074867 0.708807
 174.580008 3.111670 0.439299
 174.780008 -3.078651 0.716927
 174.980008 3.082346 0.488695
 175.180008 -3.014256 0.597314
 175.380008 -3.110202 0.681743
 175.580008 3.141461 0.351404
 175.780008 -2.959613 0.766374
 175.980008 -3.074349 0.402991
 176.180008 -2.992230 0.715541
 176.380008 3.103900 0.371521
 176.580008 2.991274 0.712524
 176.780008 -2.984671 0.389469
 176.980008 -3.088662 0.630479
 177.180008 -2.986154 0.592963
 177.380008 -3.013676 0.506534
 177.580008 -2.878148 0.690399
 177.780008 -2.953874 0.472488
 177.980008 3.120943 0.751219
 178.180008 3.096092 0.341882
 178.380008 -3.043515 0.692121
 178.580008 -2.972032 0.512737
 178.780008 3.032671 0.575295
 178.980009 -3.056210 0.624520
 179.180009 -3.052520 0.586278
 179.380009 -2.988672 0.703944
 179.580009 -3.069917 0.502133
 179.780009 -3.056866 0.570781
 179.980009 -3.114036 0.542462
 180.180009 -3.051135 0.555617
 180.380009 3.072063 0.687912
 180.580009 2.983373 0.409777
 180.780009 -3.069244 0.750612
 180.980009 -3.018914 0.416198
 181.180009 3.102386 0.731309
 181.380009 -3.023973 0.250367
 181.580009 -2.861993 0.705614
 181.780009 -2.937572 0.430941
 181.980009 2.789656 0.796860
 182.180009 -3.036509 0.255603
 182.380009 3.055879 0.806997
 182.580009 -2.898897 0.211115
 182.780009 2.898797 0.860042
 182.980009 -2.872537 0.204695
 183.180009 -2.988969 0.975036
 183.380009 -3.039216 0.311376
 183.580009 -3.088093 0.725373
 183.780009 3.122569 0.212142
 183.980009 3.116027 0.925330
 184.180009 -3.076878 0.386413
 184.380009 3.039087 0.735034
 184.580009 -3.091978 0.513482
 184.780009 -3.063155 0.560393
 184.980009 -2.970897 0.782341
 185.180009 -2.999542 0.398648
 185.380009 -3.048252 0.621473
 185.580009 -2.953525 0.554329
 185.780009 3.052731 0.648913
 185.980009 3.103641 0.475086
 186.180009 3.047392 0.636337
 186.380009 -2.916956 0.437047
 186.580009 -2.833065 0.549020
 186.780009 -2.800534 0.600555
 186.980009 -3.127176 0.545574
 187.180009 -3.022829 0.499060
 187.380009 2.923739 0.657272
 187.580009 -3.026666 0.279708
 187.780009 3.033714 0.779332
 187.980009 -3.024349 0.383402
 188.180009 -3.085109 0.720219
 188.380009 -2.932546 0.592050
 188.580009 -2.971201 0.657558
 188.780009 3.073228 0.425539
 188.980009 -3.104544 0.619144
 189.180009 3.129817 0.544582
 189.380009 -3.009849 0.281083
 189.580009 -3.127855 0.803701
 189.780009 -2.951383 0.428787
 189.980009 -3.073367 0.732842
 190.180009 -2.941008 0.460775
 190.380009 3.035027 0.657772
 190.580009 3.111364 0.491639
 190.780009 3.019254 0.495785
 190.980009 -3.037392 0.380772
 191.180009 -3.030444 0.667580
 191.380009 -3.075511 0.669028
 191.580009 -2.929266 0.427607
 191.780009 -3.128050 0.666812
 191.980009 3.093370 0.461340
 192.180009 -3.084329 0.640522
 192.380009 3.084429 0.593667
 192.580009 -3.072256 0.234576
 192.780009 -2.971573 0.715780
 192.980009 -2.948870 0.552573
 193.180009 -2.994858 0.536563
 193.380009 -2.851136 0.625895
 193.580009 -2.963065 0.392810
 193.780009 2.907099 0.719472
 193.980009 -3.084468 0.438544
 194.180009 -2.925901 0.628983
 194.380009 -3.108807 0.431622
 194.580009 3.017626 0.704164
 194.780009 3.135914 0.539742
 194.980009 -2.971930 0.554039
 195.180009 -2.922025 0.744146
 195.380009 3.010236 0.323774
 195.580009 3.011061 0.634319
 195.780009 -3.026747 0.661464
 195.980009 3.130242 0.587960
 196.180009 -3.023490 0.690614
 196.380009 -2.912866 0.480630
 196.580009 -3.074671 0.681569
 196.780009 -2.937715 0.487649
 196.980009 -3.105063 0.655195
 197.180009 -2.916408 0.415894
 197.380009 2.935591 0.866655
 197.580009 -3.046442 0.384637
 197.780009 3.052852 0.722758
 197.980009 -3.103058 0.433144
 198.180009 -2.996677 0.818259
 198.380009 -2.964870 0.302987
 198.580009 -2.990262 0.642920
 198.780009 -2.928173 0.533288
 198.980009 2.960983 0.628797
 199.180009 -3.080414 0.584603
 199.380009 -3.118004 0.644455
 199.580009 -3.044895 0.552731
 199.780009 2.976442 0.704157
 199.980009 -2.931478 0.417017
