#! FIELDS time phi psi
#! SET max_psi pi
 0.180000 -2.328862 2.529525
 0.380000 -1.363233 2.671497
 0.580000 -1.622698 2.694887
 0.780000 -1.966968 2.317724
 0.980000 -1.405116 -3.100058
 1.180000 -2.158845 2.029472
 1.380000 -1.412420 2.962598
 1.580000 -1.646436 2.674255
 1.780000 -1.759952 2.378237
 1.980000 -1.567831 3.033012
 2.180000 -2.026259 2.281441
 2.380000 -1.576703 2.965654
 2.580000 -1.969456 2.587472
 2.780000 -1.755190 2.604513
 2.980000 -1.572699 2.814638
 3.180000 -1.889758 2.716694
 3.380000 -1.768572 2.666996
 3.580000 -1.741556 2.830739
 3.780000 -1.939431 2.666105
 3.980000 -1.724242 2.697949
 4.180000 -1.877197 2.692505
 4.380000 -1.694170 2.490110
 4.580000 -1.686852 3.040364
 4.780000 -1.932976 2.282779
 4.980000 -1.632925 3.031330
 5.180000 -1.945226 2.463648
 5.380000 -1.797838 2.738281
 5.580000 -1.812799 2.892554
 5.780000 -1.818040 2.585227
 5.980000 -1.892963 3.062366
 6.180000 -1.953274 2.662791
 6.380000 -2.040051 3.000793
 6.580000 -1.962244 2.520866
 6.780000 -1.835710 2.834317
 6.980000 -2.094884 2.796717
 7.180000 -1.686052 2.756467
 7.380000 -2.035651 2.737023
 7.580000 -1.884750 2.810283
 7.780000 -1.760681 2.709830
 7.980000 -2.022610 2.818145
 8.180000 -1.694737 2.633497
 8.380000 -1.992866 2.765921
 8.580000 -1.780756 2.908836
 8.780000 -1.734786 2.456961
 8.980000 -2.054159 2.940950
 9.180000 -1.593118 2.591637
 9.380000 -2.200216 2.804658
 9.580000 -1.674554 2.851901
 9.780000 -1.631390 2.560144
 9.980000 -2.071983 2.926960
 10.180000 -1.365646 2.627379
 10.380000 -2.243629 2.724439
 10.580001 -1.696535 2.716432
 10.780001 -1.702359 2.640941
 10.980001 -2.132390 2.782734
 11.180001 -1.499337 2.760063
 11.380001 -1.964332 2.681955
 11.580001 -1.712403 2.761695
 11.780001 -1.510906 2.495461
 11.980001 -2.044424 2.834455
 12.180001 -1.480833 2.599779
 12.380001 -1.918153 2.771364
 12.580001 -1.974015 2.765836
 12.780001 -1.651591 2.705875
 12.980001 -2.139992 2.786669
 13.180001 -1.658086 2.485859
 13.380001 -1.891353 2.958696
 13.580001 -1.937794 2.502466
 13.780001 -1.746196 2.822756
 13.980001 -2.000048 2.808433
 14.180001 -1.665871 2.557438
 14.380001 -1.739383 3.061665
 14.580001 -1.800869 2.508205
 14.780001 -1.986313 2.745758
 14.980001 -1.749815 2.828690
 15.180001 -1.865787 2.520903
 15.380001 -1.944508 2.968561
 15.580001 -1.600874 2.650109
 15.780001 -2.053730 2.673193
 15.980001 -1.633021 2.874819
 16.180001 -2.039815 2.489639
 16.380001 -1.937492 2.904489
 16.580001 -1.658410 2.437322
 16.780001 -2.007908 2.976931
 16.980001 -1.646986 2.618203
 17.180001 -1.864080 2.685764
 17.380001 -1.768157 2.806030
 17.580001 -1.692982 2.560894
 17.780001 -1.843998 2.984632
 17.980001 -1.649698 2.477514
 18.180001 -1.867190 2.816120
 18.380001 -1.711732 2.597775
 18.580001 -1.529808 2.704255
 18.780001 -2.067707 2.642777
 18.980001 -1.570149 2.786937
 19.180001 -1.978527 2.533695
 19.380001 -1.714714 2.888486
 19.580001 -1.799546 2.529474
 19.780001 -1.941025 2.861867
 19.980001 -1.599167 2.465178
 20.180001 -1.901376 2.832217
 20.380001 -1.592939 2.515280
 20.580001 -1.537308 2.565346
 20.780001 -1.833457 2.819338
 20.980001 -1.513705 2.351851
 21.180001 -1.861804 3.036054
 21.380001 -1.764323 2.266848
 21.580001 -1.595444 3.043998
 21.780001 -2.044239 2.586178
 21.980001 -1.691006 2.537690
 22.180001 -2.032785 2.969342
 22.380001 -1.739888 2.471159
 22.580001 -1.833386 2.726893
 22.780001 -1.856105 2.868989
 22.980001 -1.622360 2.469603
 23.180001 -1.918305 2.956042
 23.380001 -1.562149 2.506906
 23.580001 -1.821915 2.576625
 23.780001 -1.914495 2.911215
 23.980001 -1.597221 2.323406
 24.180001 -1.872533 3.013348
 24.380001 -1.748101 2.386895
 24.580001 -1.640862 2.733157
 24.780001 -1.882776 2.791566
 24.980001 -1.595875 2.543258
 25.180001 -1.944929 2.879362
 25.380001 -1.777975 2.552407
 25.580001 -1.746273 2.774969
 25.780001 -2.170740 2.604575
 25.980001 -1.702311 2.759712
 26.180001 -2.067519 2.673801
 26.380001 -1.807934 2.759911
 26.580001 -1.818930 2.608484
 26.780001 -1.869396 2.889151
 26.980001 -1.526326 2.533921
 27.180001 -1.763030 2.763731
 27.380001 -1.755291 2.610334
 27.580001 -1.680330 2.751032
 27.780001 -1.767842 2.885801
 27.980001 -1.683808 2.454796
 28.180001 -1.774030 2.914252
 28.380001 -1.830007 2.426977
 28.580001 -1.644495 2.802049
 28.780001 -1.994927 2.642267
 28.980001 -1.799947 2.766500
 29.180001 -1.931729 2.836910
 29.380001 -1.949448 2.568623
 29.580001 -1.755583 2.900612
 29.780001 -2.006743 2.613131
 29.980001 -1.735042 2.815635
 30.180001 -1.778090 2.603067
 30.380001 -1.911465 2.768817
 30.580001 -1.688617 2.785128
 30.780001 -2.053489 2.764463
 30.980001 -1.620363 2.678872
 31.180001 -1.967344 2.792233
 31.380001 -1.765259 2.659052
 31.580001 -1.843861 2.763167
 31.780002 -1.969920 2.743470
 31.980002 -1.812912 2.679172
 32.180002 -1.793400 2.855908
 32.380002 -1.932322 2.659312
 32.580002 -1.513095 2.768439
 32.780002 -1.981571 2.760289
 32.980002 -1.666453 2.618925
 33.180002 -1.806275 2.820133
 33.380002 -2.031046 2.740796
 33.580002 -1.836308 2.810998
 33.780002 -2.115801 2.866137
 33.980002 -1.923888 2.712368
 34.180002 -1.898436 2.715050
 34.380002 -2.169404 2.858348
 34.580002 -1.716298 2.741783
 34.780002 -2.007595 2.750766
 34.980002 -1.766674 2.856283
 35.180002 -1.844652 2.478983
 35.380002 -1.805718 2.945919
 35.580002 -1.708300 2.423843
 35.780002 -1.951921 3.029298
 35.980002 -1.784025 2.631407
 36.180002 -1.804638 2.619019
 36.380002 -1.698338 2.883146
 36.580002 -1.730496 2.388184
 36.780002 -1.905799 2.895495
 36.980002 -1.731838 2.546214
 37.180002 -1.860180 2.745133
 37.380002 -1.786484 2.776979
 37.580002 -1.758059 2.573343
 37.780002 -1.967119 2.787083
 37.980002 -1.673144 2.653144
 38.180002 -1.818469 2.630914
 38.380002 -1.705771 2.728169
 38.580002 -1.589309 2.582794
 38.780002 -1.849320 2.821217
 38.980002 -1.598764 2.560314
 39.180002 -1.632805 2.651808
 39.380002 -1.772412 2.754254
 39.580002 -1.542746 2.558958
 39.780002 -1.847276 2.859629
 39.980002 -1.828608 2.551999
 40.180002 -1.745365 2.887384
 40.380002 -2.122950 2.531665
 40.580002 -1.727512 2.607086
 40.780002 -1.899771 2.855701
 40.980002 -1.870358 2.572787
 41.180002 -1.791651 2.818693
 41.380002 -2.111378 2.756602
 41.580002 -1.759003 2.600572
 41.780002 -1.864211 2.844096
 41.980002 -1.860230 2.652558
 42.180002 -1.850547 2.598615
 42.380002 -1.892964 2.980252
 42.580002 -1.786090 2.574525
 42.780002 -1.921521 2.939241
 42.980002 -2.004217 2.599507
 43.180002 -2.111425 2.817860
 43.380002 -1.881550 2.737615
 43.580002 -2.169764 2.781217
 43.780002 -1.907759 2.845598
 43.980002 -1.955900 2.730767
 44.180002 -2.120394 2.819990
 44.380002 -1.648316 2.807433
 44.580002 -1.923423 2.705986
 44.780002 -2.040112 2.897559
 44.980002 -1.509715 2.662131
 45.180002 -2.331224 2.793409
 45.380002 -1.687887 2.970763
 45.580002 -1.915262 2.553651
 45.780002 -2.016883 2.924405
 45.980002 -1.511317 2.355424
 46.180002 -2.011873 2.923304
 46.380002 -1.497767 2.635589
 46.580002 -1.691449 2.588430
 46.780002 -1.952323 2.926526
 46.980002 -1.542061 2.534634
 47.180002 -1.864291 2.831328
 47.380002 -1.681774 2.510230
 47.580002 -1.759016 2.904909
 47.780002 -2.001166 2.558309
 47.980002 -1.525295 2.672327
 48.180002 -2.044412 2.740699
 48.380002 -1.527537 2.640766
 48.580002 -1.737182 2.709701
 48.780002 -1.614094 2.710926
 48.980002 -1.781351 2.594956
 49.180002 -2.007261 2.746922
 49.380002 -1.656034 2.643846
 49.580002 -1.906588 2.727276
 49.780002 -1.752340 2.873649
 49.980002 -1.897667 2.389708
 50.180002 -1.752085 3.047874
 50.380002 -1.835447 2.272790
 50.580002 -1.724717 2.956794
 50.780002 -1.647095 2.435745
 50.980002 -1.546778 2.734819
 51.180002 -1.864501 2.820124
 51.380002 -1.556365 2.374649
 51.580002 -2.075374 3.027469
 51.780002 -1.869799 2.306429
 51.980002 -1.796936 -3.132767
 52.180002 -2.073273 2.437741
 52.380002 -1.824471 2.862866
 52.580002 -1.938550 2.830111
 52.780003 -1.791676 2.578771
 52.980003 -1.910509 2.905713
 53.180003 -1.807034 2.533010
 53.380003 -1.820969 2.704314
 53.580003 -1.814516 3.015095
 53.780003 -1.825424 2.499693
 53.980003 -1.956386 2.928712
 54.180003 -1.655914 2.628153
 54.380003 -2.068834 2.616490
 54.580003 -1.696432 2.840676
 54.780003 -1.873669 2.538574
 54.980003 -2.050553 2.954123
 55.180003 -1.569482 2.536799
 55.380003 -2.067962 2.807366
 55.580003 -1.721534 2.612766
 55.780003 -1.694132 2.710383
 55.980003 -2.045414 2.780715
 56.180003 -1.485641 2.727791
 56.380003 -2.277841 2.797919
 56.580003 -1.664685 2.542312
 56.780003 -1.782496 2.853457
 56.980003 -2.113358 2.666897
 57.180003 -1.409784 2.744147
 57.380003 -1.970576 2.940201
 57.580003 -1.600055 2.587382
 57.780003 -1.888147 2.747125
 57.980003 -1.898639 2.872970
 58.180003 -1.626234 2.427194
 58.380003 -1.904416 3.076707
 58.580003 -1.735070 2.482652
 58.780003 -1.972178 2.748380
 58.980003 -1.955373 3.045670
 59.180003 -1.662879 2.441779
 59.380003 -2.154428 3.009193
 59.580003 -1.898328 2.552866
 59.780003 -1.992273 2.753043
 59.980003 -2.034837 2.721046
 60.180003 -1.687666 2.650557
 60.380003 -2.144910 2.864313
 60.580003 -1.817404 2.652523
 60.780003 -2.085038 2.694161
 60.980003 -2.019003 2.959175
 61.180003 -1.802354 2.364335
 61.380003 -2.088552 3.081427
 61.580003 -1.603311 2.607935
 61.780003 -1.957316 2.759114
 61.980003 -1.824153 2.784329
 62.180003 -1.785201 2.517137
 62.380003 -2.002085 2.956209
 62.580003 -1.710912 2.523075
 62.780003 -2.194875 2.874728
 62.980003 -1.743193 2.736027
 63.180003 -1.841888 2.537737
 63.380003 -2.029595 2.990327
 63.580003 -1.639796 2.507656
 63.780003 -2.247601 2.802168
 63.980003 -1.692347 2.786106
 64.180003 -1.607692 2.507356
 64.380003 -2.049064 2.924220
 64.580003 -1.298902 2.554967
 64.780003 -1.971592 2.736615
 64.980003 -1.640420 2.740251
 65.180003 -1.571835 2.514048
 65.380003 -2.012405 2.793079
 65.580003 -1.459172 2.490541
 65.780003 -1.904820 2.801938
 65.980003 -1.759093 2.500019
 66.180003 -1.753672 2.817606
 66.380003 -1.956666 2.789384
 66.580003 -1.715364 2.484872
 66.780003 -1.845828 2.899421
 66.980003 -1.830198 2.614605
 67.180003 -1.615514 2.701963
 67.380003 -1.892574 2.654392
 67.580003 -1.622438 2.615845
 67.780003 -2.045565 2.899705
 67.980003 -1.679080 2.574551
 68.180003 -1.729075 2.834273
 68.380003 -1.909148 2.816458
 68.580003 -1.542790 2.473749
 68.780003 -1.942077 2.853897
 68.980003 -1.635629 2.479845
 69.180003 -1.581477 2.805018
 69.380003 -1.899957 2.833435
 69.580003 -1.381945 2.404798
 69.780003 -1.911282 2.914961
 69.980003 -1.649781 2.574838
 70.180003 -1.770780 2.825014
 70.380003 -2.012727 2.617346
 70.580003 -1.521864 2.663226
 70.780003 -1.996591 2.793225
 70.980003 -1.507844 2.682960
 71.180003 -1.870067 2.726321
 71.380003 -1.775868 2.764145
 71.580003 -1.710214 2.440769
 71.780003 -1.802272 2.989342
 71.980003 -1.667002 2.502135
 72.180003 -1.795592 2.837837
 72.380003 -1.902502 2.787354
 72.580003 -1.655979 2.477337
 72.780003 -2.060500 2.971571
 72.980003 -1.827155 2.590230
 73.180003 -1.932884 2.859274
 73.380003 -2.089427 2.722309
 73.580003 -1.828571 2.656841
 73.780004 -2.032640 2.863412
 73.980004 -1.771615 2.684623
 74.180004 -1.943322 2.709730
 74.380004 -2.105086 2.855309
 74.580004 -1.768422 2.562359
 74.780004 -2.174032 2.869409
 74.980004 -1.708480 2.648303
 75.180004 -1.783698 2.664432
 75.380004 -1.924340 2.855523
 75.580004 -1.676725 2.615670
 75.780004 -1.961939 2.856785
 75.980004 -1.659514 2.557464
 76.180004 -1.640516 2.849047
 76.380004 -1.828583 2.651584
 76.580004 -1.639979 2.754844
 76.780004 -2.070468 2.669656
 76.980004 -1.709164 2.741919
 77.180004 -1.938973 2.804449
 77.380004 -1.858905 2.695456
 77.580004 -1.741621 2.834646
 77.780004 -2.010101 2.626946
 77.980004 -1.730229 2.765660
 78.180004 -1.892484 2.553013
 78.380004 -1.800310 2.808482
 78.580004 -1.620805 2.588924
 78.780004 -1.879218 2.878748
 78.980004 -1.623219 2.627676
 79.180004 -1.668182 2.785947
 79.380004 -2.044484 2.654078
 79.580004 -1.501135 2.647711
 79.780004 -2.028574 2.815187
 79.980004 -1.792319 2.643924
 80.180004 -1.705482 2.885202
 80.380004 -2.022617 2.564941
 80.580004 -1.479355 2.859608
 80.780004 -2.117970 2.596255
 80.980004 -1.700014 2.692603
 81.180004 -1.671197 2.617240
 81.380004 -1.930489 2.793795
 81.580004 -1.660018 2.682976
 81.780004 -1.855663 2.718905
 81.980004 -1.757998 2.780776
 82.180004 -1.711425 2.538378
 82.380004 -1.847317 2.877583
 82.580004 -1.581768 2.513964
 82.780004 -1.853670 2.980015
 82.980004 -1.708235 2.577197
 83.180004 -1.826423 2.804825
 83.380004 -1.985992 2.641655
 83.580004 -1.664469 2.728677
 83.780004 -2.111717 2.727089
 83.980004 -1.811972 2.672777
 84.180004 -1.846587 2.728208
 84.380004 -2.016974 2.729427
 84.580004 -1.658719 2.643943
 84.780004 -1.940920 2.816733
 84.980004 -1.684421 2.686068
 85.180004 -1.793990 2.545396
 85.380004 -1.699643 2.941889
 85.580004 -1.841931 2.506622
 85.780004 -1.881059 2.978762
 85.980004 -1.633442 2.471878
 86.180004 -1.895807 2.794392
 86.380004 -1.745390 2.768307
 86.580004 -1.778926 2.471296
 86.780004 -1.873816 3.058717
 86.980004 -1.703218 2.440497
 87.180004 -1.898053 2.792450
 87.380004 -1.814558 2.663407
 87.580004 -1.662107 2.748807
 87.780004 -1.835640 2.685683
 87.980004 -1.586698 2.552691
 88.180004 -1.780486 2.744309
 88.380004 -1.714583 2.524828
 88.580004 -1.593344 2.648777
 88.780004 -1.987532 2.816470
 88.980004 -1.655713 2.582903
 89.180004 -2.032966 2.869630
 89.380004 -1.740963 2.510785
 89.580004 -1.921708 2.650702
 89.780004 -1.736402 2.914608
 89.980004 -1.725004 2.441999
 90.180004 -1.952134 2.917151
 90.380004 -1.505732 2.492811
 90.580004 -1.852014 2.728488
 90.780004 -1.695703 2.693312
 90.980004 -1.515547 2.537697
 91.180004 -1.977477 2.927156
 91.380004 -1.515445 2.469284
 91.580004 -1.745124 2.775898
 91.780004 -1.832133 2.588772
 91.980004 -1.500665 2.669798
 92.180004 -1.931420 2.642069
 92.380004 -1.683115 2.659204
 92.580004 -1.728339 2.722505
 92.780004 -1.800379 2.749016
 92.980004 -1.598924 2.548543
 93.180004 -1.996395 2.765678
 93.380004 -1.666314 2.666630
 93.580004 -1.833748 2.704681
 93.780004 -1.920190 2.837196
 93.980004 -1.807104 2.511681
 94.180004 -1.868734 2.992797
 94.380004 -1.919028 2.405386
 94.580004 -1.711971 3.075730
 94.780005 -1.982118 2.593712
 94.980005 -1.772093 2.745858
 95.180005 -1.834266 2.871251
 95.380005 -1.790711 2.494512
 95.580005 -1.660825 2.979330
 95.780005 -1.965158 2.450045
 95.980005 -1.656465 3.007415
 96.180005 -1.878125 2.522995
 96.380005 -1.781605 2.782057
 96.580005 -1.920211 2.799518
 96.780005 -1.906653 2.648202
 96.980005 -1.871419 2.714370
 97.180005 -1.842719 2.766385
 97.380005 -1.823671 2.695618
 97.580005 -1.738285 2.802240
 97.780005 -1.812003 2.672943
 97.980005 -1.834695 2.699003
 98.180005 -1.667394 2.879121
 98.380005 -1.933457 2.519251
 98.580005 -1.793333 3.013140
 98.780005 -1.829240 2.512166
 98.980005 -1.862147 2.808353
 99.180005 -1.777607 2.611100
 99.380005 -1.878283 2.740592
 99.580005 -1.771470 2.627676
 99.780005 -1.876437 2.778383
 99.980005 -1.894776 2.674289
 100.180005 -1.660775 2.600967
 100.380005 -1.945904 2.754415
 100.580005 -1.575824 2.590303
 100.780005 -1.784297 2.781676
 100.980005 -1.882240 2.584749
 101.180005 -1.640278 2.859878
 101.380005 -1.911901 2.638731
 101.580005 -1.725434 2.744463
 101.780005 -1.787155 2.685911
 101.980005 -1.855506 2.668432
 102.180005 -1.637649 2.872157
 102.380005 -1.761693 2.552342
 102.580005 -1.697306 2.861057
 102.780005 -1.707157 2.640401
 102.980005 -1.894449 2.729050
 103.180005 -1.647495 2.530815
 103.380005 -1.733883 2.990909
 103.580005 -1.790344 2.362759
 103.780005 -1.625352 2.821504
 103.980005 -1.888107 2.670077
 104.180005 -1.759687 2.705864
 104.380005 -2.026772 2.692833
 104.580005 -1.880540 2.636453
 104.780005 -1.702359 2.848472
 104.980005 -1.864158 2.600554
 105.180005 -1.747022 2.851462
 105.380005 -1.919649 2.594940
 105.580005 -2.108642 2.911560
 105.780005 -1.871224 2.622268
 105.980005 -1.948352 2.917715
 106.180005 -1.934447 2.625683
 106.380005 -1.867474 2.985907
 106.580005 -2.120034 2.602862
 106.780005 -1.843098 2.868734
 106.980005 -1.865402 2.642755
 107.180005 -1.900646 2.707669
 107.380005 -1.598507 2.963588
 107.580005 -2.034513 2.444706
 107.780005 -1.758215 -3.027996
 107.980005 -1.840280 2.309144
 108.180005 -1.911774 2.939107
 108.380005 -1.763808 2.546029
 108.580005 -1.928415 2.818817
 108.780005 -1.768694 2.506241
 108.980005 -1.672184 2.869573
 109.180005 -1.999530 2.707219
 109.380005 -1.762514 2.613796
 109.580005 -1.777662 2.801322
 109.780005 -1.846188 2.468838
 109.980005 -1.598845 2.943028
 110.180005 -1.883708 2.475582
 110.380005 -1.548268 2.894248
 110.580005 -1.970036 2.578446
 110.780005 -1.707935 2.733026
 110.980005 -1.760793 2.624067
 111.180005 -1.789441 2.844257
 111.380005 -1.827039 2.623705
 111.580005 -1.827555 2.827863
 111.780005 -1.804010 2.667692
 111.980005 -1.786964 2.651583
 112.180005 -1.748034 2.902367
 112.380005 -1.840981 2.395219
 112.580005 -1.664911 2.999704
 112.780005 -1.840086 2.439264
 112.980005 -1.575113 2.877041
 113.180005 -1.959234 2.625005
 113.380005 -1.618717 2.598624
 113.580005 -1.847469 2.859533
 113.780005 -1.887420 2.525518
 113.980005 -1.704796 2.950680
 114.180005 -1.951392 2.588993
 114.380005 -1.735530 2.826059
 114.580005 -1.916216 2.556231
 114.780005 -1.721161 2.842403
 114.980005 -1.807027 2.668327
 115.180005 -1.808331 2.802130
 115.380005 -1.772788 2.636380
 115.580005 -1.865311 2.754524
 115.780005 -1.848114 2.734697
 115.980006 -1.650289 2.696151
 116.180006 -1.908505 2.828492
 116.380006 -1.806448 2.700869
 116.580006 -1.754576 2.806646
 116.780006 -2.029588 2.616842
 116.980006 -1.603811 2.894586
 117.180006 -2.145014 2.514669
 117.380006 -1.587551 2.970963
 117.580006 -1.811373 2.522337
 117.780006 -1.828626 2.923944
 117.980006 -1.599970 2.646607
 118.180006 -1.967366 2.782793
 118.380006 -1.790252 2.745305
 118.580006 -1.691131 2.725943
 118.780006 -2.013830 2.728137
 118.980006 -1.689373 2.743869
 119.180006 -1.955776 2.812869
 119.380006 -1.999579 2.592143
 119.580006 -1.714530 2.893725
 119.780006 -2.059030 2.553304
 119.980006 -1.826620 2.823469
 120.180006 -1.824612 2.728167
 120.380006 -2.013883 2.561100
 120.580006 -1.593801 2.952417
 120.780006 -1.956297 2.488929
 120.980006 -1.772535 2.851954
 121.180006 -1.782257 2.709035
 121.380006 -1.905504 2.646981
 121.580006 -1.799053 2.787715
 121.780006 -1.803510 2.821728
 121.980006 -1.861591 2.544845
 122.180006 -1.809212 2.842160
 122.380006 -1.725414 2.635700
 122.580006 -1.816513 2.644261
 122.780006 -1.641422 2.688473
 122.980006 -1.749014 2.549297
 123.180006 -1.784479 2.825820
 123.380006 -1.697792 2.608407
 123.580006 -1.807860 2.690281
 123.780006 -1.723864 2.785510
 123.980006 -1.763996 2.638960
 124.180006 -1.896393 2.688739
 124.380006 -1.622381 2.711625
 124.580006 -1.772193 2.678820
 124.780006 -1.573450 2.758779
 124.980006 -1.621460 2.539416
 125.180006 -1.814354 2.751749
 125.380006 -1.869716 2.695806
 125.580006 -1.816308 2.624703
 125.780006 -1.826877 2.719385
 125.980006 -1.835182 2.753633
 126.180006 -1.761109 2.719422
 126.380006 -1.984718 2.621661
 126.580006 -1.705752 2.714787
 126.780006 -1.878484 2.637860
 126.980006 -1.690953 2.746415
 127.180006 -1.664888 2.662970
 127.380006 -1.875391 2.686605
 127.580006 -1.820344 2.693715
 127.780006 -1.830183 2.752312
 127.980006 -1.952663 2.551714
 128.180006 -1.600790 2.845743
 128.380006 -1.900526 2.733458
 128.580006 -1.775287 2.575158
 128.780006 -1.637800 2.764948
 128.980006 -1.957430 2.600714
 129.180006 -1.612026 2.717788
 129.380006 -1.920121 2.684908
 129.580006 -1.744684 2.586477
 129.780006 -1.822731 2.925489
 129.980006 -1.769685 2.580308
 130.180006 -1.629293 2.790022
 130.380006 -1.937016 2.725465
 130.580006 -1.648434 2.634115
 130.780006 -1.940699 2.748751
 130.980006 -1.683883 2.674978
 131.180006 -1.686425 2.896166
 131.380006 -1.784968 2.576402
 131.580006 -1.550537 2.658497
 131.780006 -1.894368 2.744388
 131.980006 -1.660335 2.637297
 132.180006 -1.787922 2.732505
 132.380006 -1.630687 2.606883
 132.580006 -1.751660 2.779605
 132.780006 -1.750058 2.804369
 132.980006 -1.657885 2.590809
 133.180006 -1.934133 2.773624
 133.380006 -1.894364 2.700375
 133.580006 -1.839004 2.627383
 133.780006 -1.878147 2.883360
 133.980006 -1.700006 2.668959
 134.180006 -1.792091 2.930517
 134.380006 -1.865207 2.498604
 134.580006 -1.907917 2.743031
 134.780006 -1.960731 2.781083
 134.980006 -1.815929 2.560407
 135.180006 -1.788149 2.858247
 135.380006 -1.661170 2.649592
 135.580006 -1.905105 2.681524
 135.780006 -1.619726 2.783119
 135.980006 -1.811940 2.586539
 136.180006 -1.762006 2.749862
 136.380006 -1.608750 2.723987
 136.580006 -1.878476 2.603933
 136.780006 -1.659431 2.911833
 136.980007 -1.852102 2.559247
 137.180007 -1.886490 2.619368
 137.380007 -1.584306 2.786774
 137.580007 -1.871422 2.678618
 137.780007 -1.616761 2.659870
 137.980007 -1.683504 2.701178
 138.180007 -1.911940 2.667776
 138.380007 -1.598123 2.566519
 138.580007 -1.979531 2.876825
 138.780007 -1.659017 2.518166
 138.980007 -1.807039 2.973076
 139.180007 -1.830254 2.405871
 139.380007 -1.829979 2.794804
 139.580007 -2.251973 2.641086
 139.780007 -1.686532 2.734994
 139.980007 -1.921568 2.794535
 140.180007 -1.826200 2.688299
 140.380007 -1.765406 2.731512
 140.580007 -1.935849 2.680287
 140.780007 -1.874636 2.819108
 140.980007 -1.977515 2.566515
 141.180007 -1.716524 2.865795
 141.380007 -1.717946 2.454855
 141.580007 -1.588980 2.972235
 141.780007 -1.701121 2.562458
 141.980007 -1.740139 2.759022
 142.180007 -1.734589 2.714589
 142.380007 -1.834874 2.602527
 142.580007 -1.819073 2.763366
 142.780007 -1.628687 2.637566
 142.980007 -1.711188 2.781104
 143.180007 -1.722678 2.667316
 143.380007 -1.587334 2.851029
 143.580007 -2.000072 2.436752
 143.780007 -1.494788 2.865334
 143.980007 -1.846077 2.663372
 144.180007 -1.730519 2.702032
 144.380007 -1.819795 2.806783
 144.580007 -1.978258 2.595339
 144.780007 -1.885685 2.767391
 144.980007 -1.949692 2.754496
 145.180007 -1.916234 2.810743
 145.380007 -1.853910 2.597964
 145.580007 -1.891192 2.998144
 145.780007 -1.869072 2.479621
 145.980007 -1.664213 2.852830
 146.180007 -1.886195 2.579359
 146.380007 -1.677048 2.745608
 146.580007 -1.932859 2.787699
 146.780007 -1.749086 2.609079
 146.980007 -1.832847 2.865803
 147.180007 -1.825794 2.683078
 147.380007 -1.734133 2.638071
 147.580007 -1.982282 2.737427
 147.780007 -1.670740 2.806964
 147.980007 -1.966824 2.450274
 148.180007 -1.756619 2.947364
 148.380007 -1.798175 2.586929
 148.580007 -1.903370 2.811285
 148.780007 -1.471911 2.678350
 148.980007 -1.939178 2.724056
 149.180007 -1.616730 2.726023
 149.380007 -1.595565 2.630392
 149.580007 -1.912988 2.734612
 149.780007 -1.682726 2.737255
 149.980007 -1.956108 2.756764
 150.180007 -1.868851 2.574663
 150.380007 -1.711414 2.873973
 150.580007 -2.098037 2.773248
 150.780007 -1.601630 2.694753
 150.980007 -1.800327 2.817660
 151.180007 -1.877961 2.675189
 151.380007 -1.778508 2.723810
 151.580007 -1.880652 2.677583
 151.780007 -1.737476 2.748334
 151.980007 -1.949072 2.859126
 152.180007 -1.890107 2.577019
 152.380007 -1.929705 2.716013
 152.580007 -1.888829 2.847906
 152.780007 -1.835182 2.623529
 152.980007 -1.778191 3.005189
 153.180007 -1.786847 2.561376
 153.380007 -1.944935 2.752632
 153.580007 -1.859969 2.819237
 153.780007 -1.802010 2.510778
 153.980007 -1.936815 3.010235
 154.180007 -1.694640 2.530166
 154.380007 -2.058384 2.755015
 154.580007 -1.852298 2.810761
 154.780007 -1.800919 2.664788
 154.980007 -2.010498 2.764076
 155.180007 -1.627560 2.619688
 155.380007 -1.827209 2.757849
 155.580007 -1.861255 2.663268
 155.780007 -1.590312 2.638396
 155.980007 -1.944280 2.799941
 156.180007 -1.701783 2.539330
 156.380007 -1.648400 2.784736
 156.580007 -1.778787 2.671748
 156.780007 -1.800595 2.544978
 156.980007 -1.906382 3.041036
 157.180007 -1.677986 2.534961
 157.380007 -1.943061 2.883516
 157.580007 -1.691500 2.573957
 157.780007 -1.717136 2.614685
 157.980008 -1.706910 2.848421
 158.180008 -1.655802 2.606977
 158.380008 -1.759556 2.651726
 158.580008 -1.910402 2.741313
 158.780008 -1.694785 2.459579
 158.980008 -1.779149 2.807842
 159.180008 -1.746504 2.603262
 159.380008 -1.727786 2.605495
 159.580008 -1.895665 2.764731
 159.780008 -1.701165 2.470180
 159.980008 -1.771471 2.799603
 160.180008 -1.751588 2.478213
 160.380008 -1.679318 2.747310
 160.580008 -1.732894 2.796311
 160.780008 -1.741389 2.438852
 160.980008 -1.764522 2.850293
 161.180008 -1.811502 2.553659
 161.380008 -1.622727 2.526758
 161.580008 -1.649556 2.922284
 161.780008 -1.674345 2.275761
 161.980008 -1.604944 2.918017
 162.180008 -1.831643 2.584708
 162.380008 -1.778490 2.452429
 162.580008 -1.774996 2.981239
 162.780008 -1.840435 2.480545
 162.980008 -1.702995 2.866054
 163.180008 -1.890254 2.676687
 163.380008 -1.643682 2.548228
 163.580008 -1.921019 2.907757
 163.780008 -1.742304 2.456299
 163.980008 -1.706669 2.925767
 164.180008 -1.950201 2.621911
 164.380008 -1.515609 2.631797
 164.580008 -2.016761 2.885539
 164.780008 -1.602796 2.475293
 164.980008 -1.859120 2.840382
 165.180008 -1.997314 2.593683
 165.380008 -1.536778 2.645331
 165.580008 -1.911481 2.860594
 165.780008 -1.583392 2.646236
 165.980008 -1.889890 2.669064
 166.180008 -1.913520 2.640697
 166.380008 -1.565886 2.650156
 166.580008 -2.179383 2.902209
 166.780008 -1.596843 2.514856
 166.980008 -1.727489 2.921649
 167.180008 -2.017684 2.674000
 167.380008 -1.438219 2.680897
 167.580008 -2.107716 2.798771
 167.780008 -1.617010 2.576364
 167.980008 -1.818475 2.866462
 168.180008 -1.969943 2.633784
 168.380008 -1.703843 2.918769
 168.580008 -1.991365 2.703912
 168.780008 -1.850882 2.683981
 168.980008 -1.917801 2.837627
 169.180008 -1.980394 2.652591
 169.380008 -1.992123 2.759186
 169.580008 -1.849195 2.904417
 169.780008 -2.053120 2.587636
 169.980008 -1.779857 2.836910
 170.180008 -1.876147 2.702407
 170.380008 -1.832388 2.774752
 170.580008 -1.710988 2.733686
 170.780008 -1.876766 2.758545
 170.980008 -1.946047 2.970179
 171.180008 -1.756796 2.637723
 171.380008 -2.055767 2.808317
 171.580008 -1.846670 2.748986
 171.780008 -1.833115 2.761403
 171.980008 -1.943098 2.569773
 172.180008 -1.654329 2.961895
 172.380008 -2.105740 2.569982
 172.580008 -1.523781 2.965247
 172.780008 -1.750163 2.716917
 172.980008 -1.872650 2.603850
 173.180008 -1.669618 2.949168
 173.380008 -1.854358 2.608649
 173.580008 -1.859799 2.787546
 173.780008 -1.634983 2.710895
 173.980008 -2.113791 2.712491
 174.180008 -1.648692 2.622411
 174.380008 -1.785313 2.856327
 174.580008 -1.933312 2.548338
 174.780008 -1.551282 2.980876
 174.980008 -2.140760 2.525215
 175.180008 -1.674924 2.802818
 175.380008 -1.862286 2.669465
 175.580008 -2.062711 2.578030
 175.780008 -1.427982 2.896348
 175.980008 -1.978342 2.579449
 176.180008 -1.631179 2.820885
 176.380008 -1.742114 2.681977
 176.580008 -1.909692 2.722430
 176.780008 -1.772360 2.584221
 176.980008 -1.840890 2.859975
 177.180008 -1.788343 2.366754
 177.380008 -1.643448 3.025963
 177.580008 -1.944814 2.543956
 177.780008 -1.509440 2.694680
 177.980008 -1.993419 2.803647
 178.180008 -1.679747 2.477983
 178.380008 -1.686150 2.890557
 178.580008 -2.029860 2.557329
 178.780008 -1.674108 2.916822
 178.980009 -1.968992 2.616420
 179.180009 -1.796257 2.779288
 179.380009 -1.923378 2.753747
 179.580009 -1.930176 2.747119
 179.780009 -1.821647 2.653374
 179.980009 -1.860175 2.840557
 180.180009 -1.773802 2.574387
 180.380009 -1.668746 2.827813
 180.580009 -1.939462 2.757535
 180.780009 -1.713738 2.609551
 180.980009 -1.970199 2.896423
 181.180009 -1.960826 2.578184
 181.380009 -1.740224 2.908838
 181.580009 -2.056863 2.477780
 181.780009 -1.752553 3.074167
 181.980009 -1.867484 2.506596
 182.180009 -2.055614 2.945920
 182.380009 -1.712108 2.677520
 182.580009 -2.040910 2.775393
 182.780009 -1.801652 2.786459
 182.980009 -1.817577 2.757732
 183.180009 -2.129647 2.735817
 183.380009 -1.741324 2.699476
 183.580009 -1.988719 2.708433
 183.780009 -1.897150 2.771808
 183.980009 -1.662503 2.721272
 184.180009 -2.123915 2.586627
 184.380009 -1.534673 2.864013
 184.580009 -1.945609 2.533375
 184.780009 -1.790516 2.777092
 184.980009 -1.661757 2.541576
 185.180009 -2.016633 2.865699
 185.380009 -1.765977 2.724668
 185.580009 -1.820985 2.665333
 185.780009 -1.916997 2.785005
 185.980009 -1.704084 2.553250
 186.180009 -1.828929 2.825762
 186.380009 -1.697342 2.709878
 186.580009 -1.853831 2.717237
 186.780009 -1.819965 2.656765
 186.980009 -1.673555 2.647728
 187.180009 -1.963445 2.658865
 187.380009 -1.580777 2.747599
 187.580009 -1.802721 2.509253
 187.780009 -1.886332 2.765637
 187.980009 -1.707575 2.601292
 188.180009 -2.080800 2.829829
 188.380009 -1.734311 2.701997
 188.580009 -1.898812 2.589634
 188.780009 -1.951520 2.670459
 188.980009 -1.586636 2.557798
 189.180009 -1.971938 2.945746
 189.380009 -1.543139 2.376486
 189.580009 -1.763295 2.814850
 189.780009 -1.813395 2.468283
 189.980009 -1.490951 2.662460
 190.180009 -1.914960 2.771711
 190.380009 -1.660982 2.626876
 190.580009 -1.848595 2.809728
 190.780009 -1.815793 2.738286
 190.980009 -1.761370 2.589631
 191.180009 -2.082491 2.844244
 191.380009 -1.806168 2.479010
 191.580009 -1.946416 2.881154
 191.780009 -1.763324 2.716800
 191.980009 -2.018525 2.445220
 192.180009 -1.730752 3.072114
 192.380009 -1.899732 2.446559
 192.580009 -1.875587 2.899166
 192.780009 -1.658482 2.650774
 192.980009 -1.876649 2.550965
 193.180009 -1.677853 2.988440
 193.380009 -1.748827 2.484946
 193.580009 -1.925297 2.780881
 193.780009 -1.643571 2.760467
 193.980009 -1.817264 2.561909
 194.180009 -1.798285 2.817292
 194.380009 -1.512457 2.628282
 194.580009 -1.924014 2.731415
 194.780009 -1.396371 2.615495
 194.980009 -1.821966 2.719591
 195.180009 -1.659813 2.552402
 195.380009 -1.528697 2.730819
 195.580009 -2.025057 2.671504
 195.780009 -1.516928 2.606705
 195.980009 -1.932143 2.856899
 196.180009 -1.778632 2.651806
 196.380009 -1.743008 2.727657
 196.580009 -2.019972 2.759967
 196.780009 -1.687386 2.574770
 196.980009 -1.901809 2.842991
 197.180009 -1.636660 2.557218
 197.380009 -1.722145 2.856357
 197.580009 -1.758420 2.589118
 197.780009 -1.551104 2.650244
 197.980009 -1.847944 2.825038
 198.180009 -1.505177 2.435282
 198.380009 -1.934697 2.893620
 198.580009 -1.798145 2.513905
 198.780009 -1.934110 2.722186
 198.980009 -1.941794 2.790970
 199.180009 -1.685966 2.551022
 199.380009 -1.898011 2.790663
 199.580009 -1.695206 2.616976
 199.780009 -1.898765 2.572855
 199.980009 -1.708614 2.848458
