#! FIELDS time phi psi
#! SET max_psi pi
 0.180000 -2.562753 2.702756
 0.380000 -1.685598 2.952020
 0.580000 -2.137342 3.099632
 0.780000 -2.526551 2.615300
 0.980000 -2.085463 -2.870837
 1.180000 -2.820598 2.533045
 1.380000 -2.156030 -2.906920
 1.580000 -2.292862 2.900347
 1.780000 -2.233394 3.046980
 1.980000 -2.111021 2.965553
 2.180000 -2.199597 2.887070
 2.380000 -2.593159 2.803888
 2.580000 -2.129877 3.022232
 2.780000 -2.674711 2.686898
 2.980000 -1.989774 2.992503
 3.180000 -2.188258 2.913560
 3.380000 -2.195149 2.919228
 3.580000 -2.085437 3.050439
 3.780000 -2.318739 2.893442
 3.980000 -2.394252 2.979427
 4.180000 -2.481656 3.019476
 4.380000 -2.613210 2.818780
 4.580000 -2.346244 3.084699
 4.780000 -2.456538 3.037700
 4.980000 -2.333250 2.910670
 5.180000 -2.235721 -3.133187
 5.380000 -2.269520 2.933621
 5.580000 -2.042736 3.084183
 5.780000 -2.181205 2.962938
 5.980000 -2.358212 3.095818
 6.180000 -2.198127 2.886379
 6.380000 -2.503989 2.969798
 6.580000 -2.509059 2.920527
 6.780000 -2.221137 -3.115052
 6.980000 -2.556285 2.840930
 7.180000 -2.303602 2.983185
 7.380000 -2.281219 3.019968
 7.580000 -2.204307 3.026415
 7.780000 -2.206828 2.979946
 7.980000 -2.305957 2.903382
 8.180000 -2.237574 3.008665
 8.380000 -2.334314 2.984601
 8.580000 -2.432694 2.834068
 8.780000 -2.304829 3.141577
 8.980000 -2.373058 2.781528
 9.180000 -2.248670 2.971731
 9.380000 -2.254448 3.029415
 9.580000 -2.180774 2.814670
 9.780000 -2.296074 3.100644
 9.980000 -2.110303 2.922077
 10.180000 -2.342127 2.990002
 10.380000 -2.306106 3.112884
 10.580001 -2.360705 2.769993
 10.780001 -2.476223 3.107164
 10.980001 -2.224868 2.811663
 11.180001 -2.295012 3.071914
 11.380001 -2.300687 2.771431
 11.580001 -2.149053 3.099539
 11.780001 -2.292830 2.825588
 11.980001 -2.227434 2.931259
 12.180001 -2.483398 2.988416
 12.380001 -2.383903 2.770321
 12.580001 -2.450036 2.932615
 12.780001 -2.242013 3.003313
 12.980001 -2.261835 2.737677
 13.180001 -2.388155 -3.135418
 13.380001 -2.203646 2.823198
 13.580001 -2.444886 3.009795
 13.780001 -2.222613 2.950923
 13.980001 -2.200388 2.939284
 14.180001 -2.396041 2.944664
 14.380001 -1.954713 2.965637
 14.580001 -2.437855 2.919906
 14.780001 -2.039525 2.979115
 14.980001 -2.322856 2.914773
 15.180001 -2.367906 2.890730
 15.380001 -2.102399 2.937673
 15.580001 -2.509788 3.101455
 15.780001 -2.052345 2.804796
 15.980001 -2.607854 -3.023110
 16.180001 -2.191278 2.792618
 16.380001 -2.557450 3.042305
 16.580001 -2.389686 3.014631
 16.780001 -2.246858 2.918901
 16.980001 -2.554700 3.056671
 17.180001 -2.033958 2.917236
 17.380001 -2.468017 3.062705
 17.580001 -2.018710 2.995617
 17.780001 -2.379126 2.978746
 17.980001 -2.213410 3.014179
 18.180001 -2.179528 2.845420
 18.380001 -2.503245 -3.137744
 18.580001 -2.133740 2.701213
 18.780001 -2.413510 -3.051321
 18.980001 -2.308580 2.793957
 19.180001 -2.180428 2.933608
 19.380001 -2.439167 3.034073
 19.580001 -2.033896 2.882078
 19.780001 -2.449230 3.078902
 19.980001 -2.260583 2.783533
 20.180001 -2.456692 2.977517
 20.380001 -2.455624 2.898631
 20.580001 -2.330094 2.876085
 20.780001 -2.609488 3.068876
 20.980001 -2.234506 2.724424
 21.180001 -2.458625 -3.115494
 21.380001 -2.079751 2.823044
 21.580001 -2.422952 3.017244
 21.780001 -2.308279 2.923834
 21.980001 -2.201808 2.952281
 22.180001 -2.674325 3.047849
 22.380001 -1.956610 2.829061
 22.580001 -2.524611 3.062177
 22.780001 -2.318939 2.810459
 22.980001 -2.071978 3.058862
 23.180001 -2.512743 2.951094
 23.380001 -1.950602 2.922962
 23.580001 -2.479016 3.130067
 23.780001 -2.263512 2.770243
 23.980001 -2.363196 -3.101751
 24.180001 -2.348868 2.867464
 24.380001 -2.327634 2.847820
 24.580001 -2.431227 -3.122727
 24.780001 -2.333935 2.724613
 24.980001 -2.438466 3.083243
 25.180001 -2.273988 2.778670
 25.380001 -2.276291 3.028326
 25.580001 -2.116950 3.002645
 25.780001 -2.323735 2.861907
 25.980001 -2.326702 3.073613
 26.180001 -2.181435 2.893656
 26.380001 -2.675438 3.035630
 26.580001 -1.946901 2.820928
 26.780001 -2.504008 3.131799
 26.980001 -2.134538 2.884344
 27.180001 -2.063279 2.990750
 27.380001 -2.527803 3.076774
 27.580001 -1.686798 2.880950
 27.780001 -2.612300 -3.139773
 27.980001 -2.123143 2.822131
 28.180001 -2.257685 3.045925
 28.380001 -2.524789 2.918699
 28.580001 -1.999563 3.025445
 28.780001 -2.486219 3.045259
 28.980001 -2.222801 2.961999
 29.180001 -2.391374 2.953009
 29.380001 -2.333979 2.971205
 29.580001 -2.377008 2.785812
 29.780001 -2.423373 -3.139770
 29.980001 -2.353456 2.632844
 30.180001 -2.382652 -3.034132
 30.380001 -2.217177 2.706589
 30.580001 -2.320743 2.981018
 30.780001 -2.206868 3.086774
 30.980001 -2.329310 2.779904
 31.180001 -2.500971 3.019782
 31.380001 -2.014890 2.928952
 31.580001 -2.687640 2.967283
 31.780002 -2.199313 2.988752
 31.980002 -2.245043 2.935670
 32.180002 -2.510548 2.983101
 32.380002 -2.072259 2.938169
 32.580002 -2.443260 -3.135852
 32.780002 -2.183763 2.966973
 32.980002 -2.467973 3.032438
 33.180002 -2.413093 3.096673
 33.380002 -2.369360 2.913730
 33.580002 -2.475767 -3.105680
 33.780002 -2.432267 2.835357
 33.980002 -2.439795 -3.035056
 34.180002 -2.407487 2.793656
 34.380002 -2.241226 -3.037093
 34.580002 -2.320620 2.932901
 34.780002 -2.169232 2.944872
 34.980002 -2.473329 2.974309
 35.180002 -2.121326 2.933232
 35.380002 -2.447489 2.930767
 35.580002 -2.126013 3.076850
 35.780002 -2.307792 2.728995
 35.980002 -2.293402 -3.129797
 36.180002 -2.181652 2.646675
 36.380002 -2.392325 3.086675
 36.580002 -2.149181 2.899141
 36.780002 -2.396415 2.839343
 36.980002 -2.261312 3.050965
 37.180002 -2.274131 2.822048
 37.380002 -2.416560 3.005821
 37.580002 -2.323062 2.909252
 37.780002 -2.373817 3.004429
 37.980002 -2.303829 2.934642
 38.180002 -2.316075 2.900149
 38.380002 -2.353186 2.962572
 38.580002 -2.249923 2.893382
 38.780002 -2.440944 3.048681
 38.980002 -2.228702 2.854715
 39.180002 -2.415952 3.074385
 39.380002 -2.331958 2.985406
 39.580002 -2.151341 2.939020
 39.780002 -2.463070 -3.117579
 39.980002 -2.202271 2.864649
 40.180002 -2.486597 3.083168
 40.380002 -2.322984 2.924915
 40.580002 -2.492932 2.958503
 40.780002 -2.265698 3.058266
 40.980002 -2.167203 2.991128
 41.180002 -2.373957 3.115290
 41.380002 -2.128644 2.930471
 41.580002 -2.526817 3.128250
 41.780002 -2.277622 2.930610
 41.980002 -2.423086 3.100254
 42.180002 -2.323375 3.047687
 42.380002 -2.160587 2.977821
 42.580002 -2.379216 3.067371
 42.780002 -2.124981 2.936703
 42.980002 -2.366595 3.108171
 43.180002 -2.180311 3.016314
 43.380002 -2.357957 3.053067
 43.580002 -2.266168 3.086100
 43.780002 -2.235506 2.928520
 43.980002 -2.538843 3.042438
 44.180002 -2.331528 2.927192
 44.380002 -2.546912 3.084738
 44.580002 -2.256257 2.873174
 44.780002 -2.334943 3.131852
 44.980002 -2.398070 2.919451
 45.180002 -2.353150 2.986940
 45.380002 -2.410660 3.020829
 45.580002 -2.341729 2.919927
 45.780002 -2.303008 2.967330
 45.980002 -2.236442 2.977954
 46.180002 -2.493914 2.792679
 46.380002 -2.258305 2.969197
 46.580002 -2.350221 2.829641
 46.780002 -2.337872 2.873204
 46.980002 -2.167981 2.965501
 47.180002 -2.311011 2.844699
 47.380002 -2.157807 2.957281
 47.580002 -2.301812 2.871906
 47.780002 -2.359802 2.936386
 47.980002 -2.439577 2.776814
 48.180002 -2.472469 3.049145
 48.380002 -2.332180 2.772458
 48.580002 -2.325358 -3.080296
 48.780002 -2.245490 2.741377
 48.980002 -2.286220 3.016915
 49.180002 -2.276988 3.079670
 49.380002 -2.422560 2.955289
 49.580002 -2.519208 3.114969
 49.780002 -2.323738 2.918425
 49.980002 -2.590931 -3.141506
 50.180002 -2.298492 3.106143
 50.380002 -2.427176 3.051484
 50.580002 -2.392145 -3.041646
 50.780002 -2.182449 2.854683
 50.980002 -2.381585 -3.105468
 51.180002 -2.291777 2.975406
 51.380002 -2.339062 2.940578
 51.580002 -2.573831 2.969299
 51.780002 -2.237527 3.054917
 51.980002 -2.417196 2.974554
 52.180002 -2.214088 3.139141
 52.380002 -2.297261 2.995045
 52.580002 -2.482532 3.054046
 52.780003 -2.424747 2.935527
 52.980003 -2.304437 3.125942
 53.180003 -2.259755 2.848633
 53.380003 -2.239124 3.122456
 53.580003 -2.322235 2.720498
 53.780003 -2.269202 3.012242
 53.980003 -2.232070 2.895975
 54.180003 -2.343017 2.922525
 54.380003 -2.340460 2.921527
 54.580003 -2.346361 2.896270
 54.780003 -2.363053 2.900819
 54.980003 -2.199752 2.953345
 55.180003 -2.116046 2.866381
 55.380003 -2.240002 3.013332
 55.580003 -2.100733 2.929257
 55.780003 -2.151977 2.978906
 55.980003 -2.194392 3.062135
 56.180003 -2.336737 2.838845
 56.380003 -2.410372 3.057548
 56.580003 -2.392101 2.916667
 56.780003 -2.314683 3.033709
 56.980003 -2.377598 2.897674
 57.180003 -2.322136 3.021975
 57.380003 -2.270241 2.895545
 57.580003 -2.260874 3.058241
 57.780003 -2.301902 2.870970
 57.980003 -1.890602 3.093107
 58.180003 -2.572706 2.836228
 58.380003 -2.138229 2.885612
 58.580003 -2.391213 3.058184
 58.780003 -2.440504 2.742392
 58.980003 -2.202065 2.961462
 59.180003 -2.441266 3.051807
 59.380003 -2.193214 2.732649
 59.580003 -2.317866 -3.040619
 59.780003 -2.334149 2.804679
 59.980003 -2.343373 3.017351
 60.180003 -2.510603 3.096750
 60.380003 -2.368010 2.829355
 60.580003 -2.431043 3.097897
 60.780003 -2.245436 2.949389
 60.980003 -2.292785 2.994022
 61.180003 -2.213557 3.024074
 61.380003 -2.309846 2.951241
 61.580003 -2.344239 2.932757
 61.780003 -2.339669 3.023456
 61.980003 -2.396331 2.949648
 62.180003 -2.279812 2.910015
 62.380003 -2.486919 2.951623
 62.580003 -2.164488 3.019817
 62.780003 -2.455982 2.881798
 62.980003 -2.251840 3.038059
 63.180003 -2.213376 2.941584
 63.380003 -2.514119 3.098882
 63.580003 -2.229517 2.845877
 63.780003 -2.678022 -3.058283
 63.980003 -2.313675 2.790307
 64.180003 -2.394764 -3.103879
 64.380003 -2.488366 2.932915
 64.580003 -2.231876 3.019479
 64.780003 -2.541373 3.010416
 64.980003 -2.264716 3.102997
 65.180003 -2.375112 2.871647
 65.380003 -2.165102 3.138913
 65.580003 -2.302550 2.641506
 65.780003 -2.256031 -3.141161
 65.980003 -2.243911 2.688466
 66.180003 -2.381335 -3.096261
 66.380003 -2.287846 2.689278
 66.580003 -2.259792 2.962812
 66.780003 -2.483566 2.781363
 66.980003 -2.072808 2.801088
 67.180003 -2.385694 3.098229
 67.380003 -2.087269 2.813708
 67.580003 -2.470980 2.966733
 67.780003 -2.151612 2.954343
 67.980003 -2.377417 2.904774
 68.180003 -2.562557 2.943517
 68.380003 -2.052796 2.832348
 68.580003 -2.382117 3.048225
 68.780003 -2.053171 2.880064
 68.980003 -2.369200 2.956669
 69.180003 -2.218645 2.853404
 69.380003 -2.309107 2.937260
 69.580003 -2.544442 2.854144
 69.780003 -2.174012 2.913052
 69.980003 -2.417529 3.000897
 70.180003 -2.212372 2.708920
 70.380003 -2.125532 -3.068364
 70.580003 -2.250423 2.816862
 70.780003 -2.211540 3.028109
 70.980003 -2.443581 2.970919
 71.180003 -2.390723 2.852527
 71.380003 -2.572742 3.006630
 71.580003 -2.410545 2.861066
 71.780003 -2.388621 2.985830
 71.980003 -2.189939 3.021856
 72.180003 -2.201445 2.879544
 72.380003 -2.103340 -3.093964
 72.580003 -2.282869 2.866390
 72.780003 -2.407740 3.135985
 72.980003 -2.239370 2.788260
 73.180003 -2.765828 3.098968
 73.380003 -2.304450 2.827852
 73.580003 -2.491587 -3.043860
 73.780004 -2.314929 2.827535
 73.980004 -2.087192 -3.112254
 74.180004 -2.364349 2.922038
 74.380004 -2.104594 3.035891
 74.580004 -2.533713 2.989531
 74.780004 -2.333436 2.878195
 74.980004 -2.539057 3.063355
 75.180004 -2.500183 2.978011
 75.380004 -2.419536 2.868550
 75.580004 -2.340677 3.115212
 75.780004 -2.241530 2.740497
 75.980004 -2.381963 -3.124616
 76.180004 -2.043796 2.927153
 76.380004 -2.550425 2.918543
 76.580004 -2.352683 2.952934
 76.780004 -2.355348 2.826218
 76.980004 -2.650687 3.059897
 77.180004 -2.089484 2.726220
 77.380004 -2.352809 3.103860
 77.580004 -2.173334 2.799154
 77.780004 -2.107151 2.845965
 77.980004 -2.154906 2.976923
 78.180004 -2.124556 2.799833
 78.380004 -2.559829 2.967217
 78.580004 -2.196864 2.825572
 78.780004 -2.536953 2.941943
 78.980004 -2.219776 2.778522
 79.180004 -2.248750 2.996136
 79.380004 -2.300179 2.930041
 79.580004 -2.078481 2.817957
 79.780004 -2.489019 3.126997
 79.980004 -2.155901 2.753868
 80.180004 -2.620782 3.050113
 80.380004 -2.459779 2.869434
 80.580004 -2.187961 2.867164
 80.780004 -2.458722 3.124606
 80.980004 -2.117383 2.875581
 81.180004 -2.405147 3.141346
 81.380004 -2.210983 2.992868
 81.580004 -2.645125 2.883464
 81.780004 -2.301307 3.060572
 81.980004 -2.529508 2.966511
 82.180004 -2.374504 3.069595
 82.380004 -2.132215 2.877044
 82.580004 -2.413861 -2.996806
 82.780004 -2.072623 2.822390
 82.980004 -2.438823 2.981423
 83.180004 -2.229119 -3.050845
 83.380004 -2.275436 2.772764
 83.580004 -2.656002 3.070581
 83.780004 -2.155136 2.982271
 83.980004 -2.477496 3.035529
 84.180004 -2.207296 2.975427
 84.380004 -2.175854 3.080258
 84.580004 -2.434011 3.032834
 84.780004 -2.093417 2.849056
 84.980004 -2.529371 -3.115519
 85.180004 -2.170552 2.723180
 85.380004 -2.391267 3.089830
 85.580004 -2.318166 2.898544
 85.780004 -2.184299 2.858576
 85.980004 -2.347970 -3.035702
 86.180004 -2.155459 2.623880
 86.380004 -2.554469 -3.128296
 86.580004 -2.252533 2.753280
 86.780004 -2.673224 2.896461
 86.980004 -2.320714 2.855421
 87.180004 -2.221252 2.903505
 87.380004 -2.380298 3.057171
 87.580004 -1.914532 2.774357
 87.780004 -2.555949 3.064224
 87.980004 -2.116076 2.859634
 88.180004 -2.550761 3.047115
 88.380004 -2.415591 2.789823
 88.580004 -2.121397 2.970532
 88.780004 -2.459773 3.048194
 88.980004 -2.045920 2.734361
 89.180004 -2.614362 -3.137435
 89.380004 -2.203462 2.711769
 89.580004 -2.376882 3.019284
 89.780004 -2.374940 2.837685
 89.980004 -2.150491 2.945256
 90.180004 -2.384684 3.033071
 90.380004 -2.065776 2.874175
 90.580004 -2.294398 3.123118
 90.780004 -2.141800 2.970775
 90.980004 -2.449162 2.809252
 91.180004 -2.362476 -3.095370
 91.380004 -2.322712 2.782845
 91.580004 -2.524791 3.068716
 91.780004 -2.130484 3.052974
 91.980004 -2.618293 2.805856
 92.180004 -2.200384 3.102823
 92.380004 -2.023113 2.936097
 92.580004 -2.424154 3.003541
 92.780004 -2.035241 3.007882
 92.980004 -2.293627 2.888449
 93.180004 -2.300951 3.012126
 93.380004 -2.197512 2.966203
 93.580004 -2.789687 2.781483
 93.780004 -2.079153 2.954810
 93.980004 -2.354485 3.068414
 94.180004 -2.288610 2.934317
 94.380004 -1.950186 3.021821
 94.580004 -2.262907 2.961558
 94.780005 -2.326697 2.851233
 94.980005 -2.384473 -3.131522
 95.180005 -2.651891 2.685678
 95.380005 -2.372292 -3.012046
 95.580005 -2.379116 2.766378
 95.780005 -2.261848 3.030085
 95.980005 -2.056680 3.128429
 96.180005 -2.234867 2.776945
 96.380005 -2.415341 3.010147
 96.580005 -2.062777 2.954593
 96.780005 -2.652679 2.817243
 96.980005 -2.116201 2.985006
 97.180005 -2.233974 2.867382
 97.380005 -2.435646 2.916941
 97.580005 -1.899817 2.970708
 97.780005 -2.547438 2.826523
 97.980005 -2.255218 2.859587
 98.180005 -2.376597 3.083187
 98.380005 -2.487211 2.775503
 98.580005 -2.127987 3.019798
 98.780005 -2.432323 2.980301
 98.980005 -2.171351 2.796581
 99.180005 -2.218245 -2.988069
 99.380005 -2.379558 2.693814
 99.580005 -2.189899 -3.065661
 99.780005 -2.308088 2.878958
 99.980005 -2.331063 3.029809
 100.180005 -2.326919 3.059565
 100.380005 -2.271445 2.974866
 100.580005 -2.525987 3.045267
 100.780005 -2.183230 3.002374
 100.980005 -2.560741 2.899360
 101.180005 -2.143263 -3.058123
 101.380005 -2.225067 2.770699
 101.580005 -2.555251 -3.126205
 101.780005 -1.953283 2.790028
 101.980005 -2.588895 3.034255
 102.180005 -2.343613 2.928206
 102.380005 -2.172536 3.030749
 102.580005 -2.644912 2.858261
 102.780005 -1.991751 2.896432
 102.980005 -2.246349 -3.094504
 103.180005 -2.204322 2.721567
 103.380005 -2.311406 -3.093688
 103.580005 -2.322305 2.866710
 103.780005 -2.463687 2.778809
 103.980005 -2.461441 3.017449
 104.180005 -2.347397 2.773773
 104.380005 -2.367324 2.976136
 104.580005 -2.162202 2.770101
 104.780005 -2.243698 2.940614
 104.980005 -2.075310 3.022961
 105.180005 -2.327200 2.783236
 105.380005 -2.409540 3.052015
 105.580005 -2.195431 2.778865
 105.780005 -2.563320 3.031765
 105.980005 -2.243033 2.848770
 106.180005 -2.416789 -3.114809
 106.380005 -2.431817 2.850597
 106.580005 -2.325404 3.028253
 106.780005 -2.455987 -3.132635
 106.980005 -2.123522 2.862675
 107.180005 -2.619763 3.119230
 107.380005 -1.999689 2.880943
 107.580005 -2.447667 2.940223
 107.780005 -2.206579 3.134504
 107.980005 -2.179353 2.718099
 108.180005 -2.558681 3.130834
 108.380005 -2.069709 2.697784
 108.580005 -2.446185 3.037439
 108.780005 -2.248224 2.911569
 108.980005 -2.184775 2.895070
 109.180005 -2.431540 3.076617
 109.380005 -2.059322 2.737035
 109.580005 -2.482141 3.103325
 109.780005 -2.144830 2.735788
 109.980005 -2.404876 3.045023
 110.180005 -2.157538 2.900911
 110.380005 -2.296756 2.718287
 110.580005 -2.510357 3.083678
 110.780005 -2.052149 2.763333
 110.980005 -2.584480 3.058716
 111.180005 -2.150370 2.775304
 111.380005 -2.295782 2.983747
 111.580005 -2.322631 2.968252
 111.780005 -2.065406 2.583398
 111.980005 -2.285390 -2.972775
 112.180005 -1.892803 2.677758
 112.380005 -2.465155 2.982335
 112.580005 -2.333365 2.929155
 112.780005 -2.402011 2.852264
 112.980005 -2.602299 2.942036
 113.180005 -2.115260 2.875696
 113.380005 -2.526039 3.086593
 113.580005 -2.225761 2.776082
 113.780005 -2.278652 3.096087
 113.980005 -2.271871 2.954562
 114.180005 -2.287286 2.932277
 114.380005 -2.562898 2.982470
 114.580005 -2.385918 2.851940
 114.780005 -2.494528 3.012152
 114.980005 -2.314850 2.982420
 115.180005 -2.335973 2.990347
 115.380005 -2.280931 3.044827
 115.580005 -2.327372 2.910295
 115.780005 -2.241069 3.066243
 115.980006 -2.099917 2.894732
 116.180006 -2.262690 3.119825
 116.380006 -2.194829 2.960708
 116.580006 -2.240529 2.941464
 116.780006 -2.426959 -3.099429
 116.980006 -2.138678 2.886332
 117.180006 -2.503458 -3.086494
 117.380006 -2.352349 2.947614
 117.580006 -2.346506 3.088558
 117.780006 -2.540938 3.009336
 117.980006 -2.207474 3.107344
 118.180006 -2.487190 2.999989
 118.380006 -2.380363 2.978708
 118.580006 -2.358621 2.980904
 118.780006 -2.400735 3.014746
 118.980006 -2.237601 2.824346
 119.180006 -2.340357 3.042266
 119.380006 -2.094009 2.749170
 119.580006 -2.220225 2.948165
 119.780006 -2.032227 2.767120
 119.980006 -2.188318 2.894552
 120.180006 -2.419105 2.877375
 120.380006 -2.107139 2.921028
 120.580006 -2.518625 2.929504
 120.780006 -2.086987 2.875016
 120.980006 -2.397921 3.021877
 121.180006 -2.129934 -3.130999
 121.380006 -2.272644 2.802989
 121.580006 -2.318322 -2.981245
 121.780006 -2.097962 2.822297
 121.980006 -2.544069 3.090839
 122.180006 -2.288332 2.904455
 122.380006 -2.477748 3.000260
 122.580006 -2.439572 2.980600
 122.780006 -2.247085 3.118293
 122.980006 -2.518379 2.887898
 123.180006 -2.202600 3.049863
 123.380006 -2.472551 2.981023
 123.580006 -2.451346 2.872213
 123.780006 -2.178360 3.122912
 123.980006 -2.334786 2.950200
 124.180006 -2.293034 2.980743
 124.380006 -2.229411 -3.126575
 124.580006 -2.225452 2.799356
 124.780006 -2.480961 -3.134899
 124.980006 -2.134496 2.769304
 125.180006 -2.474778 2.885328
 125.380006 -2.204997 3.051979
 125.580006 -2.184729 2.799828
 125.780006 -2.461080 3.031638
 125.980006 -2.075456 2.893964
 126.180006 -2.425211 2.955867
 126.380006 -2.239690 2.834708
 126.580006 -2.107988 3.080524
 126.780006 -2.363160 2.821201
 126.980006 -2.145984 3.075562
 127.180006 -2.508158 2.841638
 127.380006 -2.428958 2.995037
 127.580006 -2.476120 2.900607
 127.780006 -2.328660 3.066090
 127.980006 -2.361583 2.813173
 128.180006 -2.188539 -3.071187
 128.380006 -2.213981 2.884455
 128.580006 -2.320800 -2.966756
 128.780006 -2.176393 2.912139
 128.980006 -2.433369 3.050449
 129.180006 -2.243100 3.042796
 129.380006 -2.176300 2.974909
 129.580006 -2.473054 3.095597
 129.780006 -2.087952 2.843742
 129.980006 -2.423382 3.035777
 130.180006 -2.259426 2.846779
 130.380006 -2.091628 3.070993
 130.580006 -2.448195 2.843247
 130.780006 -2.070134 2.972518
 130.980006 -2.500532 3.014333
 131.180006 -2.149432 2.867864
 131.380006 -2.294703 2.946399
 131.580006 -2.236506 3.064579
 131.780006 -2.248196 2.702223
 131.980006 -2.309773 -3.024524
 132.180006 -2.069722 2.656606
 132.380006 -2.506463 3.123377
 132.580006 -2.107739 2.914023
 132.780006 -2.455491 2.856180
 132.980006 -2.327536 3.114274
 133.180006 -2.087957 2.904038
 133.380006 -2.575159 -3.116265
 133.580006 -2.019056 3.073963
 133.780006 -2.568231 2.965214
 133.980006 -2.393733 3.054737
 134.180006 -2.159449 3.058932
 134.380006 -2.634971 3.015961
 134.580006 -2.072031 3.085683
 134.780006 -2.474210 2.877201
 134.980006 -2.262625 2.993382
 135.180006 -2.201207 2.768626
 135.380006 -2.408293 3.132534
 135.580006 -2.046106 2.630669
 135.780006 -2.537048 3.047213
 135.980006 -2.344633 2.682475
 136.180006 -2.263338 3.029261
 136.380006 -2.516898 2.918047
 136.580006 -2.142051 2.811390
 136.780006 -2.457551 3.050924
 136.980007 -2.187048 2.802117
 137.180007 -2.363557 2.971556
 137.380007 -2.131792 2.995058
 137.580007 -2.279814 2.640362
 137.780007 -2.536912 3.130746
 137.980007 -2.148356 2.715841
 138.180007 -2.574453 3.040954
 138.380007 -2.041268 2.754089
 138.580007 -2.399816 3.052856
 138.780007 -2.180226 2.987306
 138.980007 -2.106286 2.967700
 139.180007 -2.505419 3.136449
 139.380007 -1.937411 2.833449
 139.580007 -2.685412 3.045279
 139.780007 -2.101315 2.825695
 139.980007 -2.388728 3.078344
 140.180007 -2.410519 2.916847
 140.380007 -2.195559 2.933852
 140.580007 -2.505072 -3.078457
 140.780007 -2.095522 2.860409
 140.980007 -2.603230 3.078118
 141.180007 -2.376139 2.954697
 141.380007 -2.303549 2.951021
 141.580007 -2.416573 3.017889
 141.780007 -2.204740 2.939589
 141.980007 -2.258754 -3.108411
 142.180007 -2.200261 2.902149
 142.380007 -2.447004 -3.141268
 142.580007 -2.268388 2.828360
 142.780007 -2.537143 2.960703
 142.980007 -2.358208 3.006451
 143.180007 -2.268449 2.898061
 143.380007 -2.436579 2.951044
 143.580007 -2.009728 2.982976
 143.780007 -2.376432 2.903984
 143.980007 -2.174817 3.002797
 144.180007 -2.146903 2.906541
 144.380007 -2.481688 2.936011
 144.580007 -2.052165 2.809371
 144.780007 -2.590860 3.131990
 144.980007 -2.130720 2.689165
 145.180007 -2.186182 3.124222
 145.380007 -2.261708 2.926684
 145.580007 -1.957733 3.006661
 145.780007 -2.476161 2.930467
 145.980007 -2.083829 2.988810
 146.180007 -2.344757 2.995185
 146.380007 -2.431990 2.918983
 146.580007 -2.212027 3.056444
 146.780007 -2.426341 3.012347
 146.980007 -2.416363 2.855149
 147.180007 -2.371215 -3.079252
 147.380007 -2.446715 2.832443
 147.580007 -2.514985 3.021775
 147.780007 -2.158991 3.011469
 147.980007 -2.421111 2.852596
 148.180007 -2.222277 3.072652
 148.380007 -2.186913 2.894341
 148.580007 -2.491228 3.057823
 148.780007 -2.051518 2.827061
 148.980007 -2.380896 3.023274
 149.180007 -2.335811 2.934786
 149.380007 -2.069192 2.963625
 149.580007 -2.613608 2.927561
 149.780007 -1.905004 2.898637
 149.980007 -2.469684 3.009258
 150.180007 -2.282746 2.808585
 150.380007 -2.212074 3.097344
 150.580007 -2.566767 2.827504
 150.780007 -2.205227 2.966069
 150.980007 -2.529826 3.055525
 151.180007 -2.296369 2.753466
 151.380007 -2.310634 -3.023735
 151.580007 -2.361574 2.870073
 151.780007 -2.124193 2.934668
 151.980007 -2.422782 3.010331
 152.180007 -1.974203 2.866749
 152.380007 -2.561215 2.901170
 152.580007 -2.194227 2.873855
 152.780007 -2.260936 2.958240
 152.980007 -2.297097 2.850484
 153.180007 -1.985070 3.043372
 153.380007 -2.467040 2.879217
 153.580007 -2.054350 2.932012
 153.780007 -2.443217 2.894146
 153.980007 -2.287047 2.958158
 154.180007 -2.329797 2.885832
 154.380007 -2.363382 3.090541
 154.580007 -2.250823 2.778700
 154.780007 -2.340443 3.110927
 154.980007 -2.219216 2.831685
 155.180007 -2.207216 2.960872
 155.380007 -2.347959 3.037207
 155.580007 -2.091328 2.815183
 155.780007 -2.341417 3.077752
 155.980007 -2.160320 2.828343
 156.180007 -2.329785 3.003395
 156.380007 -2.427985 2.924030
 156.580007 -2.342413 2.902551
 156.780007 -2.353003 3.009969
 156.980007 -2.168999 2.915680
 157.180007 -2.456895 3.141116
 157.380007 -2.300721 2.850807
 157.580007 -2.474109 3.038224
 157.780007 -2.282285 3.084543
 157.980008 -2.207823 2.932062
 158.180008 -2.466443 -3.132095
 158.380008 -2.255857 2.825101
 158.580008 -2.506682 -3.105557
 158.780008 -2.167496 2.802139
 158.980008 -2.268200 -3.081235
 159.180008 -2.276798 2.942233
 159.380008 -2.076943 2.887069
 159.580008 -2.516484 3.079150
 159.780008 -2.145923 2.876557
 159.980008 -2.507336 3.033897
 160.180008 -2.277267 3.006627
 160.380008 -2.326292 2.812220
 160.580008 -2.364362 -2.985361
 160.780008 -2.221776 2.677539
 160.980008 -2.401985 -3.038978
 161.180008 -2.240314 2.810219
 161.380008 -2.418183 2.978167
 161.580008 -2.330223 2.985529
 161.780008 -2.159887 2.926927
 161.980008 -2.361058 2.974355
 162.180008 -1.993720 2.948882
 162.380008 -2.365337 2.864962
 162.580008 -1.982945 3.047267
 162.780008 -2.179729 2.856977
 162.980008 -2.423169 3.021982
 163.180008 -2.122426 2.832738
 163.380008 -2.544002 3.081700
 163.580008 -2.247798 2.951073
 163.780008 -2.427560 3.051063
 163.980008 -2.491485 2.893786
 164.180008 -2.205270 3.044726
 164.380008 -2.469202 2.972614
 164.580008 -2.025106 2.992191
 164.780008 -2.406378 3.063184
 164.980008 -2.303420 2.961304
 165.180008 -2.391739 2.960828
 165.380008 -2.479644 3.116849
 165.580008 -2.416972 2.794165
 165.780008 -2.530384 3.116289
 165.980008 -2.270822 2.794381
 166.180008 -2.410017 3.028597
 166.380008 -2.064810 3.030736
 166.580008 -2.265537 2.870285
 166.780008 -2.158684 3.097269
 166.980008 -2.004963 2.891896
 167.180008 -2.582850 2.915492
 167.380008 -2.159684 3.032365
 167.580008 -2.473239 2.798293
 167.780008 -2.351762 3.037823
 167.980008 -2.143412 2.983033
 168.180008 -2.352908 2.934164
 168.380008 -2.103351 2.976021
 168.580008 -2.292551 2.965894
 168.780008 -2.407978 2.841100
 168.980008 -2.237697 2.971554
 169.180008 -2.502640 2.873572
 169.380008 -2.227498 2.904765
 169.580008 -2.293027 2.930645
 169.780008 -2.251415 2.853367
 169.980008 -2.152928 2.945902
 170.180008 -2.266042 2.929280
 170.380008 -2.113943 2.954146
 170.580008 -2.325369 2.953021
 170.780008 -2.325787 2.789735
 170.980008 -2.409707 3.093617
 171.180008 -2.447845 2.825081
 171.380008 -2.360968 2.954596
 171.580008 -2.353162 -3.136003
 171.780008 -2.305857 2.736887
 171.980008 -2.525850 3.136264
 172.180008 -2.144329 2.962633
 172.380008 -2.578014 2.938550
 172.580008 -2.239439 3.010695
 172.780008 -2.104657 3.013790
 172.980008 -2.520772 2.933138
 173.180008 -1.989196 2.928902
 173.380008 -2.456390 3.033884
 173.580008 -2.275665 2.817251
 173.780008 -2.230028 3.109770
 173.980008 -2.384453 2.889168
 174.180008 -2.160030 2.974119
 174.380008 -2.269850 2.998679
 174.580008 -2.311284 2.973643
 174.780008 -2.206949 3.117669
 174.980008 -2.378245 2.902397
 175.180008 -2.359529 3.051085
 175.380008 -2.213611 3.088062
 175.580008 -2.423863 2.840224
 175.780008 -2.249521 -3.017555
 175.980008 -2.273652 2.651741
 176.180008 -2.478369 3.070019
 176.380008 -2.229146 2.930453
 176.580008 -2.511729 2.854068
 176.780008 -2.320175 2.945308
 176.980008 -2.192932 2.978735
 177.180008 -2.401966 2.857264
 177.380008 -2.034774 3.058663
 177.580008 -2.481675 2.881084
 177.780008 -2.384799 2.881865
 177.980008 -2.149622 2.951348
 178.180008 -2.445713 2.982984
 178.380008 -2.177727 2.944829
 178.580008 -2.264053 3.033702
 178.780008 -2.404075 2.875537
 178.980009 -2.245341 2.975478
 179.180009 -2.437065 2.963671
 179.380009 -2.408044 2.800102
 179.580009 -2.360058 3.135061
 179.780009 -2.291953 2.878123
 179.980009 -2.300048 3.005740
 180.180009 -2.221641 3.083970
 180.380009 -2.449210 2.832024
 180.580009 -2.604024 3.000293
 180.780009 -2.200349 2.980191
 180.980009 -2.635804 2.888629
 181.180009 -2.269110 3.022295
 181.380009 -2.310240 2.954182
 181.580009 -2.385400 3.079576
 181.780009 -2.066996 2.786257
 181.980009 -2.434896 3.076759
 182.180009 -2.258449 2.815348
 182.380009 -2.415038 2.955779
 182.580009 -2.566721 2.966829
 182.780009 -2.305471 2.849847
 182.980009 -2.507184 2.969969
 183.180009 -2.102985 2.933846
 183.380009 -2.154939 2.920980
 183.580009 -2.245464 3.007755
 183.780009 -2.128741 2.867941
 183.980009 -2.492203 3.126659
 184.180009 -2.186701 2.792556
 184.380009 -2.551166 3.083701
 184.580009 -2.413537 2.785484
 184.780009 -2.362357 3.034420
 184.980009 -2.456811 3.005409
 185.180009 -2.255778 2.953392
 185.380009 -2.364800 3.111732
 185.580009 -2.247071 2.867648
 185.780009 -2.514662 3.065596
 185.980009 -2.277865 3.081232
 186.180009 -2.277596 3.018007
 186.380009 -2.468679 3.066088
 186.580009 -2.230065 2.972485
 186.780009 -2.451358 3.007036
 186.980009 -2.286500 3.086473
 187.180009 -2.257151 3.004508
 187.380009 -2.473101 3.061851
 187.580009 -2.314041 3.050117
 187.780009 -2.168641 3.044344
 187.980009 -2.346178 3.025313
 188.180009 -2.086560 -3.121830
 188.380009 -2.343438 2.843170
 188.580009 -2.382369 3.044612
 188.780009 -2.353555 2.965212
 188.980009 -2.391773 2.886427
 189.180009 -2.533548 2.992294
 189.380009 -2.225795 2.935268
 189.580009 -2.446858 2.969360
 189.780009 -2.250166 2.983498
 189.980009 -2.319094 3.002010
 190.180009 -2.235718 2.912355
 190.380009 -2.288667 2.940277
 190.580009 -2.368618 2.829906
 190.780009 -2.323902 2.871265
 190.980009 -2.305222 2.911289
 191.180009 -2.362652 2.842165
 191.380009 -2.159981 2.956353
 191.580009 -2.277507 2.890761
 191.780009 -2.204907 2.881137
 191.980009 -2.201099 2.932582
 192.180009 -2.414188 2.735556
 192.380009 -2.227110 3.038055
 192.580009 -2.404918 2.755066
 192.780009 -2.350268 2.858688
 192.980009 -2.126559 3.052983
 193.180009 -2.446471 2.804614
 193.380009 -2.147652 3.016171
 193.580009 -2.373857 2.964587
 193.780009 -2.375982 2.838328
 193.980009 -2.368922 2.932879
 194.180009 -2.438642 3.014471
 194.380009 -2.372494 2.714802
 194.580009 -2.170374 -3.056645
 194.780009 -2.300962 2.706372
 194.980009 -2.167049 3.076181
 195.180009 -2.244059 2.963088
 195.380009 -2.281590 2.959517
 195.580009 -2.365759 3.051626
 195.780009 -2.329500 2.907279
 195.980009 -2.551896 2.989817
 196.180009 -2.329569 3.007379
 196.380009 -2.359424 2.896787
 196.580009 -2.291808 3.076015
 196.780009 -2.234749 2.897302
 196.980009 -2.349642 3.043790
 197.180009 -2.230002 2.926495
 197.380009 -2.550471 3.026667
 197.580009 -2.348083 2.930240
 197.780009 -2.406932 3.007507
 197.980009 -2.516494 2.831598
 198.180009 -2.082976 3.066166
 198.380009 -2.361558 3.062459
 198.580009 -2.134300 2.796553
 198.780009 -2.262762 -3.126489
 198.980009 -2.245324 2.814556
 199.180009 -2.271516 3.026088
 199.380009 -2.324830 3.025460
 199.580009 -2.220921 2.794808
 199.780009 -2.491309 3.053859
 199.980009 -2.110500 2.850416
