#! FIELDS time phi psi
#! SET max_psi pi
 0.180000 1.443939 2.398757
 0.380000 2.525475 2.074465
 0.580000 2.431901 2.069327
 0.780000 1.846060 2.321777
 0.980000 1.709234 2.463255
 1.180000 2.506711 2.115477
 1.380000 2.485596 2.548634
 1.580000 1.770017 2.196419
 1.780000 1.956554 1.756534
 1.980000 2.515937 2.113682
 2.180000 2.324250 2.510383
 2.380000 2.216952 1.855783
 2.580000 1.935048 2.056742
 2.780000 2.152439 2.359999
 2.980000 2.225560 1.903185
 3.180000 2.044135 2.132885
 3.380000 2.078718 2.577317
 3.580000 1.856429 1.990262
 3.780000 2.026109 2.144021
 3.980000 2.278830 2.440178
 4.180000 2.210595 2.015064
 4.380000 1.840047 2.113540
 4.580000 2.127820 2.471376
 4.780000 2.356616 1.819793
 4.980000 2.157905 1.935384
 5.180000 1.983602 2.424577
 5.380000 2.188562 1.981056
 5.580000 2.020911 1.918566
 5.780000 1.811444 2.425020
 5.980000 2.443794 2.040269
 6.180000 2.315435 1.919061
 6.380000 1.866704 2.632757
 6.580000 2.223169 2.074186
 6.780000 2.082354 1.874561
 6.980000 1.967401 2.298277
 7.180000 2.060502 2.271322
 7.380000 2.322817 1.728509
 7.580000 2.169172 2.184521
 7.780000 1.916564 2.400973
 7.980000 2.210964 1.938187
 8.180000 2.098920 2.146500
 8.380000 2.326551 2.353394
 8.580000 2.374537 1.813507
 8.780000 2.016022 2.241172
 8.980000 1.954443 2.370324
 9.180000 2.337371 1.854535
 9.380000 2.243348 2.036770
 9.580000 1.944126 2.597167
 9.780000 1.942529 1.878045
 9.980000 1.906101 1.987386
 10.180000 2.124946 2.461934
 10.380000 2.553055 1.886704
 10.580001 2.261285 1.854258
 10.780001 1.676757 2.500330
 10.980001 2.005173 1.781292
 11.180001 2.286933 1.846699
 11.380001 2.116861 2.464244
 11.580001 2.127399 2.302496
 11.780001 2.135550 1.825817
 11.980001 2.046316 2.312184
 12.180001 2.237848 2.126851
 12.380001 2.236705 1.960943
 12.580001 1.996454 2.309222
 12.780001 1.777381 2.283382
 12.980001 2.140719 1.866480
 13.180001 1.956904 2.068889
 13.380001 1.928316 2.204888
 13.580001 2.102282 1.984543
 13.780001 2.168014 2.227446
 13.980001 1.906109 2.325406
 14.180001 1.943160 1.942440
 14.380001 2.028910 1.899853
 14.580001 1.966365 2.086116
 14.780001 2.085796 2.108530
 14.980001 2.284658 1.929693
 15.180001 2.031218 2.291463
 15.380001 1.927487 2.347747
 15.580001 2.354172 1.948424
 15.780001 2.347651 1.835128
 15.980001 1.901555 2.325001
 16.180001 2.061639 2.204726
 16.380001 2.169814 1.947318
 16.580001 1.780086 2.309776
 16.780001 2.201707 2.120663
 16.980001 2.269384 1.891699
 17.180001 1.681746 2.381173
 17.380001 1.966307 2.045222
 17.580001 2.599928 1.882521
 17.780001 2.233403 2.399253
 17.980001 1.922823 2.194397
 18.180001 1.937099 1.622857
 18.380001 2.061032 2.330390
 18.580001 2.041075 2.273502
 18.780001 2.262768 2.024691
 18.980001 2.108955 2.277552
 19.180001 1.900662 2.380282
 19.380001 2.220993 1.872849
 19.580001 2.395871 2.106034
 19.780001 1.935505 2.546827
 19.980001 1.989264 2.023769
 20.180001 2.286954 1.857292
 20.380001 2.148553 2.303181
 20.580001 2.303840 2.078484
 20.780001 2.372488 2.063334
 20.980001 2.115829 2.390654
 21.180001 1.907919 2.118007
 21.380001 2.231790 1.921185
 21.580001 2.090836 2.343144
 21.780001 1.963235 2.305581
 21.980001 2.023660 1.899992
 22.180001 2.236462 2.190976
 22.380001 2.064442 2.342360
 22.580001 2.258332 2.084157
 22.780001 2.152862 2.235462
 22.980001 1.878585 2.223207
 23.180001 1.986984 2.232807
 23.380001 2.280807 2.203542
 23.580001 2.339806 2.330726
 23.780001 2.171032 2.047750
 23.980001 2.205502 2.088525
 24.180001 1.998877 2.396569
 24.380001 2.172733 2.052407
 24.580001 2.228339 2.047633
 24.780001 2.159116 2.301141
 24.980001 2.045298 2.152933
 25.180001 1.984954 2.001467
 25.380001 2.158982 2.246341
 25.580001 2.257075 2.298336
 25.780001 2.078457 1.901924
 25.980001 1.982233 2.232792
 26.180001 1.790125 2.408892
 26.380001 2.276036 1.939509
 26.580001 2.204227 1.995009
 26.780001 2.267625 2.540626
 26.980001 2.105129 2.173911
 27.180001 1.972798 1.888372
 27.380001 2.233688 2.362764
 27.580001 2.112017 2.317058
 27.780001 2.095201 2.092010
 27.980001 2.004082 2.160915
 28.180001 2.136405 2.265245
 28.380001 2.343677 2.041765
 28.580001 2.137661 2.124088
 28.780001 2.112289 2.353701
 28.980001 2.123633 2.161038
 29.180001 2.273767 2.073294
 29.380001 2.116902 2.268068
 29.580001 2.082656 2.197727
 29.780001 2.062909 2.040738
 29.980001 2.333167 2.244987
 30.180001 2.186835 2.299846
 30.380001 2.064108 2.237468
 30.580001 2.060749 2.112098
 30.780001 2.030306 2.380334
 30.980001 2.131023 2.188036
 31.180001 2.231666 2.092621
 31.380001 2.141942 2.352018
 31.580001 1.944942 2.293738
 31.780002 2.065797 2.100626
 31.980002 2.498075 2.299947
 32.180002 2.121431 2.258457
 32.380002 2.132219 2.107735
 32.580002 2.259749 2.161206
 32.780002 1.951231 2.416652
 32.980002 2.371916 2.147303
 33.180002 2.413316 2.183417
 33.380002 2.042732 2.168065
 33.580002 1.859001 2.425957
 33.780002 2.321058 2.125554
 33.980002 2.440115 2.141339
 34.180002 1.820530 2.234278
 34.380002 1.967863 2.331576
 34.580002 2.225604 2.140981
 34.780002 2.168743 2.212040
 34.980002 2.341280 2.242293
 35.180002 1.934070 2.164761
 35.380002 1.869438 2.143799
 35.580002 2.204974 2.341710
 35.780002 2.492692 2.217158
 35.980002 2.130424 2.135696
 36.180002 1.774232 2.290111
 36.380002 2.189770 2.341437
 36.580002 2.351215 1.925069
 36.780002 2.276048 2.196048
 36.980002 2.228447 2.326320
 37.180002 1.840078 2.023009
 37.380002 2.037805 2.115888
 37.580002 2.429527 2.330048
 37.780002 2.515004 2.203913
 37.980002 1.758652 2.123956
 38.180002 1.776017 2.297844
 38.380002 2.260957 2.274188
 38.580002 2.385256 1.889431
 38.780002 1.974032 2.281138
 38.980002 1.933731 2.181521
 39.180002 1.942563 2.012983
 39.380002 2.461547 2.223533
 39.580002 2.497357 2.388061
 39.780002 1.820224 1.995312
 39.980002 1.732304 2.022668
 40.180002 2.446808 2.262351
 40.380002 2.569671 2.217496
 40.580002 1.840151 2.235388
 40.780002 1.918361 2.201770
 40.980002 2.079367 2.139773
 41.180002 2.313263 2.084802
 41.380002 1.916262 2.347735
 41.580002 1.935177 2.137626
 41.780002 2.222194 2.010017
 41.980002 2.339539 2.359572
 42.180002 2.259970 2.105426
 42.380002 1.738857 1.997277
 42.580002 2.205480 2.284930
 42.780002 2.593545 2.454878
 42.980002 2.334363 1.894180
 43.180002 1.537766 2.074675
 43.380002 2.269930 2.491042
 43.580002 2.679300 2.190699
 43.780002 2.145503 2.154373
 43.980002 1.654290 2.306058
 44.180002 2.042323 2.213799
 44.380002 2.487423 2.076660
 44.580002 2.438579 2.499756
 44.780002 2.147759 2.212491
 44.980002 1.777605 2.024108
 45.180002 2.202337 2.154038
 45.380002 2.545317 2.378160
 45.580002 2.409216 2.106648
 45.780002 1.778380 2.176407
 45.980002 2.091534 2.360487
 46.180002 2.726865 2.194927
 46.380002 2.492575 2.278547
 46.580002 1.711485 2.351053
 46.780002 2.085190 2.035689
 46.980002 2.264165 2.105152
 47.180002 2.502228 2.474328
 47.380002 2.432238 2.088181
 47.580002 1.940295 1.959339
 47.780002 1.679642 2.364076
 47.980002 2.421887 2.248542
 48.180002 2.482093 1.890204
 48.380002 1.790020 2.326707
 48.580002 1.663089 2.200883
 48.780002 2.465204 1.604679
 48.980002 2.390384 2.186617
 49.180002 2.132277 2.330143
 49.380002 2.081397 1.597923
 49.580002 2.043320 2.182048
 49.780002 2.066145 2.489450
 49.980002 2.542675 1.935261
 50.180002 2.225216 1.983420
 50.380002 1.795260 2.466014
 50.580002 2.055734 2.025511
 50.780002 2.574410 1.944868
 50.980002 2.080133 2.359417
 51.180002 1.702184 2.314215
 51.380002 1.866125 1.883189
 51.580002 2.277507 2.128513
 51.780002 2.256414 2.587749
 51.980002 2.356858 1.928996
 52.180002 1.891567 2.017293
 52.380002 1.941175 2.448959
 52.580002 2.402162 2.057673
 52.780003 2.559335 1.972954
 52.980003 1.893002 2.499508
 53.180003 1.986546 2.048973
 53.380003 2.286976 1.827925
 53.580003 2.299232 2.437136
 53.780003 2.580538 2.276656
 53.980003 2.100310 1.771470
 54.180003 1.801993 2.104225
 54.380003 1.983678 2.419642
 54.580003 2.287623 2.004482
 54.780003 2.314469 2.048823
 54.980003 1.874652 2.377077
 55.180003 2.089539 2.093328
 55.380003 2.271907 1.947918
 55.580003 2.084916 2.515655
 55.780003 2.003015 2.128391
 55.980003 2.090107 1.817121
 56.180003 2.072290 2.295599
 56.380003 2.309979 2.438985
 56.580003 2.349311 2.136324
 56.780003 2.077284 2.084358
 56.980003 1.817767 2.239460
 57.180003 2.024702 1.996679
 57.380003 2.267480 2.231951
 57.580003 2.254919 2.431726
 57.780003 2.050379 2.056567
 57.980003 1.860570 1.920276
 58.180003 1.909677 2.354498
 58.380003 2.195021 2.242911
 58.580003 2.518320 2.082003
 58.780003 2.099738 2.233844
 58.980003 2.032134 2.280655
 59.180003 2.161779 2.007956
 59.380003 2.356219 2.242917
 59.580003 2.268577 2.317744
 59.780003 2.149164 1.900183
 59.980003 1.940649 2.136415
 60.180003 2.236214 2.427074
 60.380003 2.573175 2.229779
 60.580003 2.148428 1.834550
 60.780003 1.945586 2.334900
 60.980003 1.929680 2.216140
 61.180003 2.347228 1.944460
 61.380003 2.187564 2.198705
 61.580003 2.111915 2.381500
 61.780003 1.955832 1.967203
 61.980003 2.010463 2.136689
 62.180003 2.211416 2.481942
 62.380003 2.324176 2.100626
 62.580003 2.087286 1.838753
 62.780003 2.064591 2.395888
 62.980003 2.253986 2.311000
 63.180003 2.360191 2.064046
 63.380003 1.932243 2.231310
 63.580003 2.018531 2.235238
 63.780003 2.250038 1.790502
 63.980003 2.249476 2.236501
 64.180003 2.035390 2.425802
 64.380003 1.953900 1.888720
 64.580003 2.123279 1.967116
 64.780003 2.155182 2.323271
 64.980003 2.356908 2.136650
 65.180003 1.975254 2.119357
 65.380003 2.046870 2.375421
 65.580003 2.203614 2.122880
 65.780003 2.212498 1.885275
 65.980003 2.272930 2.409055
 66.180003 2.193004 2.169183
 66.380003 2.066170 2.077579
 66.580003 2.079968 2.249640
 66.780003 2.202026 2.261245
 66.980003 1.912317 2.096062
 67.180003 2.080617 2.388020
 67.380003 2.040897 2.228713
 67.580003 1.984349 1.983757
 67.780003 1.823853 2.129178
 67.980003 2.140466 2.425736
 68.180003 2.151438 2.117113
 68.380003 2.171869 1.924525
 68.580003 2.169819 2.326969
 68.780003 1.881778 2.183410
 68.980003 1.977540 2.208989
 69.180003 2.293377 2.466042
 69.380003 2.088442 2.035358
 69.580003 2.004484 2.136434
 69.780003 2.122820 2.404809
 69.980003 2.203968 2.304467
 70.180003 2.055230 2.039458
 70.380003 2.264812 2.200065
 70.580003 2.005328 2.141472
 70.780003 1.952473 2.296642
 70.980003 2.224596 2.360383
 71.180003 2.304266 2.232127
 71.380003 1.873846 1.984311
 71.580003 1.958048 2.095943
 71.780003 2.093597 2.258250
 71.980003 2.090150 2.406489
 72.180003 2.195314 2.137612
 72.380003 2.134379 2.201401
 72.580003 1.841044 1.967826
 72.780003 2.156215 2.075587
 72.980003 2.448209 2.548591
 73.180003 1.738362 2.166170
 73.380003 1.807950 1.937308
 73.580003 2.433403 2.334844
 73.780004 2.122261 2.234554
 73.980004 1.905964 2.273540
 74.180004 2.119808 2.211461
 74.380004 1.950879 2.002576
 74.580004 2.238750 2.291454
 74.780004 2.405383 2.457544
 74.980004 2.055512 2.201741
 75.180004 1.795883 2.212571
 75.380004 2.339181 2.177218
 75.580004 2.424298 2.081566
 75.780004 1.765332 2.328604
 75.980004 2.004406 2.245767
 76.180004 2.146869 2.184275
 76.380004 2.227652 2.214831
 76.580004 2.265824 2.285178
 76.780004 1.945505 2.071681
 76.980004 1.850503 2.080816
 77.180004 2.640906 2.483925
 77.380004 2.523557 2.201316
 77.580004 1.757829 2.174773
 77.780004 1.802413 2.232706
 77.980004 2.323729 2.266763
 78.180004 2.377322 2.109309
 78.380004 1.831729 2.222508
 78.580004 2.150454 2.060796
 78.780004 2.073386 2.116525
 78.980004 2.354934 2.252183
 79.180004 2.345627 2.301927
 79.380004 1.598205 1.979535
 79.580004 1.946265 2.223427
 79.780004 2.393336 2.421376
 79.980004 2.416776 1.980011
 80.180004 1.623609 2.128825
 80.380004 2.107733 2.413396
 80.580004 2.321049 2.271895
 80.780004 2.121254 2.041316
 80.980004 1.998777 2.317214
 81.180004 1.911147 2.135714
 81.380004 2.103781 2.192760
 81.580004 2.269331 2.484801
 81.780004 2.256338 2.232229
 81.980004 1.723328 2.017866
 82.180004 1.958000 2.074012
 82.380004 2.513638 2.557129
 82.580004 2.373026 2.099839
 82.780004 1.824995 2.125141
 82.980004 2.018832 2.220926
 83.180004 2.101938 1.971696
 83.380004 2.157543 2.183805
 83.580004 2.231432 2.415945
 83.780004 2.065631 2.177064
 83.980004 1.881418 2.020634
 84.180004 2.199932 2.181184
 84.380004 2.326603 2.186753
 84.580004 1.875379 2.385876
 84.780004 2.018739 2.389146
 84.980004 2.283962 2.102942
 85.180004 2.188798 2.052990
 85.380004 2.009274 2.238848
 85.580004 2.203467 2.251763
 85.780004 1.877789 2.241198
 85.980004 2.325965 2.171235
 86.180004 2.475660 2.082435
 86.380004 2.196643 2.228664
 86.580004 1.850570 2.210313
 86.780004 2.220945 2.087452
 86.980004 2.176970 2.081171
 87.180004 1.953550 2.070569
 87.380004 2.131847 2.218897
 87.580004 1.893453 2.211900
 87.780004 1.740009 2.191496
 87.980004 2.550081 2.151967
 88.180004 2.392041 2.135671
 88.380004 2.029345 2.390016
 88.580004 1.773117 2.177956
 88.780004 2.198194 2.215947
 88.980004 2.386137 2.165123
 89.180004 2.148605 2.242389
 89.380004 2.231583 2.337881
 89.580004 1.960352 2.317178
 89.780004 2.038085 2.241013
 89.980004 2.323515 2.185405
 90.180004 2.033870 2.286445
 90.380004 1.964530 2.358413
 90.580004 1.929370 2.298642
 90.780004 2.416662 2.181272
 90.980004 2.568844 2.198312
 91.180004 2.172493 2.395300
 91.380004 1.998997 2.154888
 91.580004 2.019032 1.977671
 91.780004 2.079462 2.287926
 91.980004 2.539589 2.271006
 92.180004 2.321938 2.162835
 92.380004 2.246829 2.197322
 92.580004 2.026122 2.338485
 92.780004 1.957597 2.189105
 92.980004 2.409281 2.271976
 93.180004 2.379916 2.297967
 93.380004 2.300449 2.248149
 93.580004 1.921643 1.972114
 93.780004 1.987960 2.196880
 93.980004 2.441732 2.377277
 94.180004 2.705918 2.082550
 94.380004 2.115213 2.041794
 94.580004 2.101716 2.330291
 94.780005 1.884684 2.059784
 94.980005 2.046482 2.052470
 95.180005 2.454899 2.254891
 95.380005 2.293454 2.339502
 95.580005 2.067158 2.233383
 95.780005 2.012676 1.964322
 95.980005 2.047856 2.230005
 96.180005 2.384016 2.475386
 96.380005 2.389798 2.280335
 96.580005 1.917574 2.082471
 96.780005 1.753133 2.259543
 96.980005 2.330308 2.224549
 97.180005 2.483604 2.342115
 97.380005 2.157611 2.274113
 97.580005 2.113671 2.063842
 97.780005 2.108657 2.024024
 97.980005 2.171194 2.246335
 98.180005 2.408043 2.295944
 98.380005 2.218923 2.087888
 98.580005 1.737498 2.169450
 98.780005 1.783244 2.135532
 98.980005 2.223061 2.097457
 99.180005 2.390801 2.350935
 99.380005 2.065411 2.113712
 99.580005 2.067315 1.984608
 99.780005 1.993436 2.181476
 99.980005 2.280824 2.328058
 100.180005 2.437132 2.143485
 100.380005 2.127819 2.043045
 100.580005 1.837472 2.452560
 100.780005 2.087943 2.221589
 100.980005 2.281847 2.154117
 101.180005 2.148475 2.229530
 101.380005 1.958787 2.299439
 101.580005 2.024043 2.115609
 101.780005 2.043272 2.190536
 101.980005 2.129763 2.260015
 102.180005 2.147568 1.949755
 102.380005 2.072420 2.307119
 102.580005 1.979737 2.325486
 102.780005 2.076568 2.049957
 102.980005 2.287695 2.074728
 103.180005 2.110406 2.317026
 103.380005 2.040755 2.189420
 103.580005 2.051415 1.979754
 103.780005 2.119521 2.400370
 103.980005 2.050284 2.169314
 104.180005 2.142117 1.931605
 104.380005 2.122594 2.359683
 104.580005 1.882111 2.244802
 104.780005 2.208847 1.905335
 104.980005 2.277545 2.257332
 105.180005 2.177610 2.358003
 105.380005 1.978854 1.835665
 105.580005 2.048346 2.237758
 105.780005 2.169332 2.355788
 105.980005 2.241204 1.828829
 106.180005 2.244366 2.185739
 106.380005 2.134558 2.378177
 106.580005 2.155099 1.948751
 106.780005 2.024621 2.050008
 106.980005 2.125842 2.542344
 107.180005 2.227728 2.098939
 107.380005 2.057840 1.985759
 107.580005 2.061726 2.363330
 107.780005 2.204257 2.224995
 107.980005 2.189714 1.969773
 108.180005 1.941711 2.366977
 108.380005 1.959279 2.141564
 108.580005 2.248161 1.951424
 108.780005 2.280599 2.361967
 108.980005 2.362673 2.301445
 109.180005 2.041765 1.833976
 109.380005 1.884803 2.104116
 109.580005 1.880230 2.364162
 109.780005 2.408708 2.056617
 109.980005 2.246279 2.109059
 110.180005 1.899535 2.449418
 110.380005 1.965174 2.021820
 110.580005 2.280231 2.021215
 110.780005 2.013606 2.377117
 110.980005 2.149345 2.354650
 111.180005 2.053970 1.996290
 111.380005 2.079579 2.218267
 111.580005 2.051090 2.461598
 111.780005 2.312735 2.165916
 111.980005 1.995612 2.057632
 112.180005 1.791747 2.454645
 112.380005 2.053563 2.092709
 112.580005 2.270510 2.043696
 112.780005 2.238241 2.384313
 112.980005 2.150268 2.295153
 113.180005 1.945889 1.959089
 113.380005 2.045835 2.207392
 113.580005 2.453624 2.414339
 113.780005 2.286391 1.972200
 113.980005 1.809030 2.120087
 114.180005 1.938612 2.484015
 114.380005 2.326867 1.982128
 114.580005 2.288104 2.148907
 114.780005 1.811091 2.443549
 114.980005 2.126734 2.016869
 115.180005 2.298177 2.020941
 115.380005 2.116116 2.466701
 115.580005 2.221068 2.079850
 115.780005 2.038575 1.934538
 115.980006 1.882988 2.263568
 116.180006 2.352315 2.278747
 116.380006 2.426239 1.853359
 116.580006 1.985063 2.274696
 116.780006 1.921672 2.361911
 116.980006 2.359346 2.118482
 117.180006 2.237691 2.082226
 117.380006 1.880298 2.299784
 117.580006 2.000292 2.097629
 117.780006 2.227952 2.058863
 117.980006 1.995943 2.308258
 118.180006 2.237190 2.138244
 118.380006 2.050302 2.027729
 118.580006 1.888491 2.194668
 118.780006 2.249496 2.135640
 118.980006 2.270679 2.024173
 119.180006 2.027269 2.383216
 119.380006 1.936364 2.210747
 119.580006 2.444568 2.060771
 119.780006 2.208021 2.133360
 119.980006 2.121109 2.440493
 120.180006 2.148926 1.900632
 120.380006 2.000776 2.198355
 120.580006 2.007266 2.435723
 120.780006 2.322640 1.824802
 120.980006 2.250127 1.767326
 121.180006 1.712541 2.388047
 121.380006 2.193258 2.053369
 121.580006 2.343719 1.958373
 121.780006 2.154495 2.355080
 121.980006 1.656515 2.215921
 122.180006 2.149893 1.966638
 122.380006 2.461943 2.313116
 122.580006 2.177965 2.367171
 122.780006 2.076933 1.972840
 122.980006 2.076790 2.055238
 123.180006 2.041182 2.453631
 123.380006 2.334332 1.996315
 123.580006 2.408867 2.096080
 123.780006 1.976831 2.314747
 123.980006 1.776781 2.002100
 124.180006 2.173692 1.858915
 124.380006 2.259250 2.538527
 124.580006 2.009015 2.196817
 124.780006 2.032901 1.951513
 124.980006 2.153250 2.242365
 125.180006 2.005909 2.363938
 125.380006 2.226289 2.062051
 125.580006 2.223872 2.189855
 125.780006 1.910395 2.255850
 125.980006 2.147227 2.162651
 126.180006 2.304848 2.263850
 126.380006 1.950822 2.322398
 126.580006 2.059399 2.051456
 126.780006 2.199558 2.190263
 126.980006 2.126656 2.363735
 127.180006 2.143194 2.317881
 127.380006 2.315783 2.039115
 127.580006 1.844964 2.195711
 127.780006 1.906638 2.183835
 127.980006 2.167386 2.175879
 128.180006 2.232948 2.135642
 128.380006 1.750804 2.397013
 128.580006 2.215302 1.938275
 128.780006 2.305578 1.959413
 128.980006 1.893578 2.401275
 129.180006 2.165409 2.150723
 129.380006 2.172898 1.885053
 129.580006 1.990489 2.261735
 129.780006 2.021131 2.454191
 129.980006 2.359123 2.052116
 130.180006 1.958699 1.977286
 130.380006 2.041925 2.364136
 130.580006 2.333336 2.145872
 130.780006 2.252198 2.179523
 130.980006 1.881432 2.392289
 131.180006 2.223270 2.193939
 131.380006 2.233429 2.070494
 131.580006 1.803159 2.374271
 131.780006 2.343153 2.343456
 131.980006 2.193454 1.907567
 132.180006 1.995416 2.040781
 132.380006 2.167013 2.476896
 132.580006 2.205439 2.056263
 132.780006 2.293159 2.035436
 132.980006 2.105406 2.305248
 133.180006 2.258803 2.178714
 133.380006 2.038270 2.018383
 133.580006 1.920846 2.351355
 133.780006 2.392322 2.274127
 133.980006 2.088345 2.027574
 134.180006 2.238895 2.396285
 134.380006 2.239801 2.359123
 134.580006 2.001037 2.011667
 134.780006 2.093897 2.114668
 134.980006 2.118512 2.314549
 135.180006 2.205332 2.239310
 135.380006 1.932457 2.043622
 135.580006 2.037950 2.297439
 135.780006 2.148962 2.247876
 135.980006 2.083027 2.084702
 136.180006 1.994945 2.418508
 136.380006 2.060867 2.256340
 136.580006 2.097717 2.133010
 136.780006 2.145583 2.225944
 136.980007 2.094152 2.338286
 137.180007 2.092247 2.131741
 137.380007 2.123747 2.034957
 137.580007 2.176400 2.304169
 137.780007 2.182439 2.119305
 137.980007 2.106945 1.975144
 138.180007 2.042924 2.302364
 138.380007 2.175688 2.196998
 138.580007 2.090467 2.000514
 138.780007 2.214642 2.321354
 138.980007 2.047944 2.296506
 139.180007 1.980225 2.073228
 139.380007 1.945361 2.194816
 139.580007 2.165924 2.420249
 139.780007 2.144566 2.261577
 139.980007 2.058677 2.156488
 140.180007 2.036114 2.383619
 140.380007 2.029012 2.167538
 140.580007 2.240439 2.053499
 140.780007 2.191920 2.305427
 140.980007 2.113696 2.269519
 141.180007 1.852130 2.053050
 141.380007 2.074968 2.217302
 141.580007 2.087986 2.259352
 141.780007 2.429528 2.203969
 141.980007 2.246006 2.340512
 142.180007 2.029172 2.368768
 142.380007 1.890583 2.177224
 142.580007 2.207047 2.137827
 142.780007 2.337804 2.373990
 142.980007 2.316175 2.173642
 143.180007 1.949354 2.181189
 143.380007 1.925493 2.428522
 143.580007 2.111019 2.201371
 143.780007 2.299098 2.030808
 143.980007 2.244350 2.249598
 144.180007 2.202147 2.247335
 144.380007 2.110745 1.987998
 144.580007 1.945869 2.220443
 144.780007 2.404034 2.227172
 144.980007 2.382812 2.186789
 145.180007 2.165975 2.411444
 145.380007 1.999803 2.207418
 145.580007 2.004975 2.036207
 145.780007 2.366036 2.141214
 145.980007 2.275566 2.428307
 146.180007 2.203528 2.240507
 146.380007 1.889345 2.077428
 146.580007 1.896783 2.262039
 146.780007 2.257535 2.268510
 146.980007 2.395868 2.235077
 147.180007 2.202902 2.285135
 147.380007 2.036110 2.183899
 147.580007 1.881490 2.004651
 147.780007 2.373307 2.183378
 147.980007 2.230226 2.403636
 148.180007 2.130453 2.171807
 148.380007 2.002850 1.968939
 148.580007 2.020924 2.258031
 148.780007 2.288242 2.199012
 148.980007 2.234611 2.005008
 149.180007 1.875289 2.266725
 149.380007 1.767118 2.377716
 149.580007 2.156744 1.841926
 149.780007 2.545404 2.227408
 149.980007 2.192847 2.319699
 150.180007 1.917008 1.913543
 150.380007 1.959989 2.103774
 150.580007 2.049936 2.393351
 150.780007 2.378826 2.057538
 150.980007 2.116728 2.050435
 151.180007 1.851473 2.316919
 151.380007 1.871979 2.143748
 151.580007 2.421997 2.051800
 151.780007 2.276292 2.484743
 151.980007 1.850973 2.341140
 152.180007 2.042740 1.871676
 152.380007 2.386600 2.092971
 152.580007 2.298014 2.440692
 152.780007 2.249691 2.061455
 152.980007 1.971153 2.034306
 153.180007 2.098069 2.342810
 153.380007 2.469540 2.224501
 153.580007 2.298459 1.998916
 153.780007 1.844438 2.298955
 153.980007 1.970979 2.102684
 154.180007 2.339296 2.094995
 154.380007 2.511424 2.363681
 154.580007 2.140239 2.390338
 154.780007 1.970339 1.932070
 154.980007 2.120905 2.037525
 155.180007 1.961013 2.483907
 155.380007 2.411596 2.218918
 155.580007 2.101271 1.997583
 155.780007 1.899982 2.225757
 155.980007 2.076194 2.241202
 156.180007 2.371763 2.207066
 156.380007 2.244578 2.481834
 156.580007 1.835796 2.000709
 156.780007 1.910197 1.702885
 156.980007 2.344719 2.312429
 157.180007 2.364008 2.368810
 157.380007 2.459883 2.059975
 157.580007 1.803937 2.146472
 157.780007 1.783048 2.265147
 157.980008 2.193092 1.954939
 158.180008 2.593339 2.217001
 158.380008 2.279692 2.362739
 158.580008 2.047278 1.750434
 158.780008 2.010655 1.907551
 158.980008 2.121404 2.462062
 159.180008 2.802384 2.031387
 159.380008 2.066722 1.925235
 159.580008 1.805955 2.397820
 159.780008 2.108136 2.167470
 159.980008 2.728516 2.113010
 160.180008 2.125342 2.239842
 160.380008 1.823834 2.276814
 160.580008 2.045170 1.899486
 160.780008 2.542520 2.063636
 160.980008 2.267304 2.397725
 161.180008 2.137523 1.901150
 161.380008 1.885366 1.953361
 161.580008 2.028886 2.444846
 161.780008 2.657148 2.090226
 161.980008 2.416620 2.229916
 162.180008 1.772885 2.493050
 162.380008 2.056860 2.148907
 162.580008 2.630886 1.903977
 162.780008 1.979064 2.563802
 162.980008 1.799667 1.949911
 163.180008 2.110451 1.684230
 163.380008 2.274585 2.504809
 163.580008 2.562005 2.176068
 163.780008 2.080221 1.828551
 163.980008 1.711691 2.048212
 164.180008 2.332543 2.460191
 164.380008 2.766779 2.266091
 164.580008 2.209255 2.237020
 164.780008 1.591902 2.263927
 164.980008 2.448816 2.099813
 165.180008 2.719195 2.115943
 165.380008 1.741750 2.374642
 165.580008 2.120139 2.186688
 165.780008 2.220804 2.139981
 165.980008 2.375825 2.279208
 166.180008 2.394233 2.360905
 166.380008 2.092012 1.896597
 166.580008 1.823793 2.215524
 166.780008 2.227320 2.393685
 166.980008 2.634127 2.116642
 167.180008 2.235377 2.182193
 167.380008 1.674746 2.299982
 167.580008 2.395327 1.997431
 167.780008 2.708053 2.286932
 167.980008 2.089403 2.285199
 168.180008 1.893391 2.076724
 168.380008 2.035675 2.051052
 168.580008 2.166404 2.301570
 168.780008 2.402900 2.118712
 168.980008 2.044068 1.978925
 169.180008 1.803674 2.353808
 169.380008 2.083081 2.150738
 169.580008 2.482700 2.067032
 169.780008 2.082903 2.386754
 169.980008 1.840437 2.091828
 170.180008 2.359976 1.994453
 170.380008 2.443485 2.331535
 170.580008 2.160761 2.117161
 170.780008 1.843357 1.825225
 170.980008 1.972215 2.298967
 171.180008 2.183056 2.308527
 171.380008 2.349434 1.793773
 171.580008 2.067503 2.139712
 171.780008 1.822027 2.472320
 171.980008 2.055577 2.019446
 172.180008 2.410081 2.068875
 172.380008 2.168124 2.550236
 172.580008 1.713924 1.886252
 172.780008 2.251462 1.918056
 172.980008 2.234927 2.457139
 173.180008 2.542249 2.136452
 173.380008 1.910258 1.768633
 173.580008 1.855683 2.421234
 173.780008 2.241983 2.247812
 173.980008 2.518106 1.769870
 174.180008 1.983134 2.343822
 174.380008 1.835573 2.304238
 174.580008 2.236018 1.960173
 174.780008 2.337535 2.041112
 174.980008 2.153768 2.479817
 175.180008 1.996683 2.025890
 175.380008 1.738662 1.970489
 175.580008 2.271384 2.484620
 175.780008 2.482640 2.274209
 175.980008 2.224417 2.131231
 176.180008 1.834561 2.162481
 176.380008 2.021753 2.192714
 176.580008 2.357788 2.189093
 176.780008 2.276616 2.243431
 176.980008 2.160699 2.239996
 177.180008 1.938379 2.081208
 177.380008 1.884489 2.109141
 177.580008 2.186928 2.305403
 177.780008 2.272416 2.246312
 177.980008 1.926573 2.228961
 178.180008 2.019651 2.146161
 178.380008 2.243994 2.086387
 178.580008 2.425639 2.223139
 178.780008 2.168310 2.474598
 178.980009 2.087513 2.148505
 179.180009 2.151830 2.083690
 179.380009 1.976688 2.143397
 179.580009 2.579299 2.366812
 179.780009 2.193163 2.204977
 179.980009 1.955226 2.238884
 180.180009 2.070042 2.107083
 180.380009 2.360049 2.159787
 180.580009 2.064823 2.257860
 180.780009 1.968297 2.238312
 180.980009 2.276424 2.143808
 181.180009 2.035304 2.136618
 181.380009 2.286268 2.218250
 181.580009 2.162789 2.226777
 181.780009 2.132078 2.152264
 181.980009 1.829386 2.277751
 182.180009 2.226668 2.281742
 182.380009 2.120995 2.216047
 182.580009 2.112265 2.225038
 182.780009 2.030062 2.302496
 182.980009 2.057543 2.066504
 183.180009 2.079445 2.178540
 183.380009 2.109146 2.282920
 183.580009 2.140477 2.236317
 183.780009 1.992272 2.050154
 183.980009 2.151411 2.241034
 184.180009 2.242358 2.205965
 184.380009 2.134610 2.026813
 184.580009 2.115800 2.260100
 184.780009 2.088008 2.346708
 184.980009 1.882936 2.136779
 185.180009 1.972600 2.101170
 185.380009 2.110073 2.254727
 185.580009 2.290516 2.336888
 185.780009 2.226476 2.313628
 185.980009 2.043394 2.252402
 186.180009 1.930809 2.088100
 186.380009 2.249767 2.160656
 186.580009 2.409923 2.431325
 186.780009 2.260940 2.207957
 186.980009 1.986710 1.975560
 187.180009 2.071588 2.349176
 187.380009 2.196818 2.302117
 187.580009 2.162288 2.162810
 187.780009 2.060279 2.190947
 187.980009 1.853155 2.237310
 188.180009 2.023610 2.158835
 188.380009 2.407260 2.258043
 188.580009 2.116700 2.333015
 188.780009 1.847566 2.017143
 188.980009 2.023847 1.930778
 189.180009 2.151132 2.333915
 189.380009 2.179789 2.155277
 189.580009 2.209389 1.923123
 189.780009 2.114828 2.211918
 189.980009 1.926366 2.209961
 190.180009 2.028182 2.126066
 190.380009 2.474015 2.274573
 190.580009 2.113299 2.483469
 190.780009 2.067806 2.286523
 190.980009 2.177572 1.917540
 191.180009 2.089060 2.119847
 191.380009 2.202984 2.338653
 191.580009 2.350862 2.167747
 191.780009 2.103047 2.179685
 191.980009 1.690372 2.387730
 192.180009 2.176120 1.953852
 192.380009 2.363171 1.972099
 192.580009 2.311483 2.506528
 192.780009 2.039163 2.292561
 192.980009 1.990127 1.886096
 193.180009 2.056655 2.165638
 193.380009 2.168074 2.374446
 193.580009 2.353938 2.129893
 193.780009 2.139447 2.222137
 193.980009 1.808640 2.276485
 194.180009 2.128840 2.043580
 194.380009 2.213414 2.084273
 194.580009 2.275696 2.407668
 194.780009 2.098322 2.231460
 194.980009 2.224958 1.983956
 195.180009 2.216620 2.272529
 195.380009 2.170209 2.077040
 195.580009 2.431760 2.213708
 195.780009 2.175502 2.309030
 195.980009 1.982597 2.194590
 196.180009 2.056883 2.045310
 196.380009 2.206702 2.346361
 196.580009 2.301578 2.384474
 196.780009 1.967753 1.924300
 196.980009 2.047814 2.176965
 197.180009 1.985462 2.300780
 197.380009 2.196809 2.230091
 197.580009 2.246945 2.140863
 197.780009 2.147019 2.190828
 197.980009 1.937395 2.128476
 198.180009 2.159053 2.216442
 198.380009 2.585227 2.228986
 198.580009 2.363970 2.163309
 198.780009 1.936354 2.133655
 198.980009 2.002687 2.153603
 199.180009 2.153946 2.124935
 199.380009 2.199179 2.425208
 199.580009 2.362766 2.213414
 199.780009 2.067762 2.115278
 199.980009 1.893476 2.290854
