#! FIELDS time phi psi
#! SET max_psi pi
 0.180000 -2.631543 1.140840
 0.380000 -2.385630 -0.049861
 0.580000 -2.526984 0.838598
 0.780000 -2.848778 -0.104861
 0.980000 -2.592620 0.637540
 1.180000 -2.319048 0.151537
 1.380000 -2.692672 0.560499
 1.580000 -2.281962 0.155171
 1.780000 -2.909570 0.453648
 1.980000 -2.299528 0.219799
 2.180000 -2.683520 0.550087
 2.380000 -2.554079 0.017115
 2.580000 -2.604141 0.590989
 2.780000 -2.506242 0.324629
 2.980000 -2.820707 0.499021
 3.180000 -2.638730 0.125677
 3.380000 -2.428727 0.575725
 3.580000 -2.366461 0.306637
 3.780000 -2.960234 0.317636
 3.980000 -2.613954 0.315712
 4.180000 -2.584695 0.512677
 4.380000 -2.558093 0.210736
 4.580000 -2.699446 0.426259
 4.780000 -2.397639 0.205277
 4.980000 -2.390477 0.611739
 5.180000 -2.420530 0.089234
 5.380000 -2.733496 0.503606
 5.580000 -2.397499 0.384476
 5.780000 -2.588161 0.355643
 5.980000 -2.501986 0.314965
 6.180000 -2.630052 0.424341
 6.380000 -2.341539 0.331609
 6.580000 -2.676541 0.540848
 6.780000 -2.607618 0.301669
 6.980000 -2.644164 0.510634
 7.180000 -2.469484 0.288643
 7.380000 -2.708667 0.425159
 7.580000 -2.344386 0.241811
 7.780000 -2.513839 0.493458
 7.980000 -2.499647 0.209737
 8.180000 -2.675279 0.436411
 8.380000 -2.499935 0.446505
 8.580000 -2.699908 0.406432
 8.780000 -2.571119 0.343533
 8.980000 -2.511404 0.408351
 9.180000 -2.422052 0.357880
 9.380000 -2.676275 0.385221
 9.580000 -2.485941 0.302667
 9.780000 -2.644228 0.320985
 9.980000 -2.426894 0.473869
 10.180000 -2.383109 0.443704
 10.380000 -2.606234 0.468107
 10.580001 -2.603161 0.232756
 10.780001 -2.604481 0.426549
 10.980001 -2.671110 0.365707
 11.180001 -2.660493 0.381874
 11.380001 -2.741890 0.417347
 11.580001 -2.436381 0.461669
 11.780001 -2.660280 0.348765
 11.980001 -2.531712 0.374455
 12.180001 -2.330537 0.289351
 12.380001 -2.551958 0.474125
 12.580001 -2.388443 0.282772
 12.780001 -2.803861 0.299089
 12.980001 -2.529242 0.434924
 13.180001 -2.737230 0.290492
 13.380001 -2.566191 0.434493
 13.580001 -2.459695 0.360666
 13.780001 -2.493966 0.318050
 13.980001 -2.566644 0.473181
 14.180001 -2.551790 0.121079
 14.380001 -2.683525 0.635314
 14.580001 -2.466343 0.145744
 14.780001 -2.630185 0.581179
 14.980001 -2.575508 0.051409
 15.180001 -2.647479 0.579050
 15.380001 -2.520307 0.264483
 15.580001 -2.662374 0.346824
 15.780001 -2.563972 0.375891
 15.980001 -2.436895 0.306534
 16.180001 -2.487202 0.442841
 16.380001 -2.726368 0.304827
 16.580001 -2.515141 0.224741
 16.780001 -2.517639 0.571639
 16.980001 -2.692973 0.169609
 17.180001 -2.499449 0.458595
 17.380001 -2.687608 0.310769
 17.580001 -2.440267 0.315717
 17.780001 -2.793276 0.651448
 17.980001 -2.659302 0.169472
 18.180001 -2.514429 0.518852
 18.380001 -2.612125 0.299142
 18.580001 -2.533225 0.395510
 18.780001 -2.399121 0.410824
 18.980001 -2.502112 0.265143
 19.180001 -2.327057 0.484916
 19.380001 -2.723853 0.298416
 19.580001 -2.190064 0.482527
 19.780001 -2.804618 0.358867
 19.980001 -2.463432 0.237507
 20.180001 -2.441365 0.587255
 20.380001 -2.605918 0.360366
 20.580001 -2.301533 0.395240
 20.780001 -2.744440 0.271462
 20.980001 -2.332680 0.373015
 21.180001 -2.533100 0.608488
 21.380001 -2.719118 0.061900
 21.580001 -2.448164 0.631983
 21.780001 -2.528742 0.253971
 21.980001 -2.514780 0.439208
 22.180001 -2.537144 0.259849
 22.380001 -2.496378 0.552191
 22.580001 -2.331335 0.376405
 22.780001 -2.762822 0.370995
 22.980001 -2.496172 0.247229
 23.180001 -2.638420 0.552162
 23.380001 -2.671010 0.301410
 23.580001 -2.524653 0.468078
 23.780001 -2.730852 0.202262
 23.980001 -2.289607 0.554813
 24.180001 -2.663997 0.186765
 24.380001 -2.584476 0.445991
 24.580001 -2.316347 0.382849
 24.780001 -2.685645 0.465964
 24.980001 -2.329901 0.289563
 25.180001 -2.753393 0.409525
 25.380001 -2.435899 0.328937
 25.580001 -2.562472 0.433329
 25.780001 -2.603138 0.352283
 25.980001 -2.388159 0.441492
 26.180001 -2.682731 0.263430
 26.380001 -2.320468 0.388462
 26.580001 -2.571620 0.331346
 26.780001 -2.501811 0.395897
 26.980001 -2.441855 0.447177
 27.180001 -2.600873 0.249287
 27.380001 -2.534483 0.545136
 27.580001 -2.722742 0.258890
 27.780001 -2.615073 0.486946
 27.980001 -2.546249 0.379175
 28.180001 -2.720896 0.330333
 28.380001 -2.491889 0.431226
 28.580001 -2.643535 0.254126
 28.780001 -2.504469 0.468023
 28.980001 -2.625726 0.298808
 29.180001 -2.659434 0.550794
 29.380001 -2.458850 0.387375
 29.580001 -2.776001 0.386587
 29.780001 -2.418084 0.465345
 29.980001 -2.748077 0.335746
 30.180001 -2.459256 0.393635
 30.380001 -2.677517 0.460168
 30.580001 -2.531744 0.166301
 30.780001 -2.320692 0.444158
 30.980001 -2.582668 0.412236
 31.180001 -2.492747 0.349952
 31.380001 -2.690573 0.377874
 31.580001 -2.670410 0.376212
 31.780002 -2.484961 0.447059
 31.980002 -2.738787 0.330864
 32.180002 -2.473236 0.425883
 32.380002 -2.549498 0.354660
 32.580002 -2.499306 0.399739
 32.780002 -2.377875 0.218470
 32.980002 -2.720336 0.454561
 33.180002 -2.381242 0.381246
 33.380002 -2.700373 0.415075
 33.580002 -2.505664 0.340322
 33.780002 -2.552752 0.363469
 33.980002 -2.420100 0.359047
 34.180002 -2.456642 0.484154
 34.380002 -2.554030 0.199702
 34.580002 -2.476559 0.616270
 34.780002 -2.421657 0.178208
 34.980002 -2.719603 0.498550
 35.180002 -2.414672 0.169873
 35.380002 -2.516737 0.444213
 35.580002 -2.387272 0.371287
 35.780002 -2.794427 0.209231
 35.980002 -2.419593 0.612758
 36.180002 -2.624476 0.335447
 36.380002 -2.542947 0.401819
 36.580002 -2.544253 0.502322
 36.780002 -2.495958 0.324013
 36.980002 -2.507599 0.534134
 37.180002 -2.671043 0.219297
 37.380002 -2.466108 0.352956
 37.580002 -2.644025 0.453835
 37.780002 -2.422206 0.265275
 37.980002 -2.497422 0.495134
 38.180002 -2.629295 0.248145
 38.380002 -2.429316 0.477063
 38.580002 -2.713358 0.418516
 38.780002 -2.456501 0.310751
 38.980002 -2.603061 0.482712
 39.180002 -2.559926 0.427374
 39.380002 -2.415627 0.350945
 39.580002 -2.648173 0.384108
 39.780002 -2.360919 0.200320
 39.980002 -2.505505 0.683808
 40.180002 -2.576185 0.139001
 40.380002 -2.449940 0.418157
 40.580002 -2.691294 0.352147
 40.780002 -2.382710 0.360368
 40.980002 -2.520261 0.493637
 41.180002 -2.721702 0.307149
 41.380002 -2.368781 0.535130
 41.580002 -2.699353 0.344448
 41.780002 -2.522174 0.394488
 41.980002 -2.631380 0.331904
 42.180002 -2.420296 0.291615
 42.380002 -2.302478 0.532873
 42.580002 -2.648745 0.130004
 42.780002 -2.361769 0.536769
 42.980002 -2.673137 0.243485
 43.180002 -2.687243 0.417562
 43.380002 -2.591767 0.427830
 43.580002 -2.637726 0.195405
 43.780002 -2.490007 0.637457
 43.980002 -2.709699 -0.037547
 44.180002 -2.619741 0.609944
 44.380002 -2.417317 0.241560
 44.580002 -2.716859 0.492308
 44.780002 -2.314921 0.240297
 44.980002 -2.698848 0.512009
 45.180002 -2.270046 0.255238
 45.380002 -2.831904 0.410365
 45.580002 -2.600461 0.314860
 45.780002 -2.370912 0.551749
 45.980002 -2.510601 -0.076752
 46.180002 -2.585380 0.646300
 46.380002 -2.487614 0.046567
 46.580002 -2.472119 0.567046
 46.780002 -2.353592 0.305141
 46.980002 -2.836590 0.263313
 47.180002 -2.269589 0.536643
 47.380002 -2.675593 0.316639
 47.580002 -2.456855 0.281855
 47.780002 -2.747131 0.497457
 47.980002 -2.849415 -0.198349
 48.180002 -2.522596 0.764276
 48.380002 -2.446594 0.177486
 48.580002 -2.847659 0.351154
 48.780002 -1.963976 0.469533
 48.980002 -2.783819 0.395438
 49.180002 -2.293241 0.422098
 49.380002 -2.810047 0.419621
 49.580002 -2.602957 0.283240
 49.780002 -2.378585 0.563767
 49.980002 -2.672848 0.212281
 50.180002 -2.350385 0.530429
 50.380002 -2.637675 0.368411
 50.580002 -2.586884 0.329083
 50.780002 -2.516414 0.481039
 50.980002 -2.734258 0.173473
 51.180002 -2.382762 0.559981
 51.380002 -2.630257 0.182164
 51.580002 -2.555508 0.648769
 51.780002 -2.573477 0.210918
 51.980002 -2.715516 0.426725
 52.180002 -2.372486 0.249594
 52.380002 -2.664571 0.276167
 52.580002 -2.398052 0.418375
 52.780003 -2.532588 0.394502
 52.980003 -2.511738 0.278105
 53.180003 -2.678301 0.487477
 53.380003 -2.409342 0.210371
 53.580003 -2.728106 0.540495
 53.780003 -2.495984 0.123697
 53.980003 -2.678466 0.661305
 54.180003 -2.465381 0.197173
 54.380003 -2.737940 0.608306
 54.580003 -2.467693 0.072196
 54.780003 -2.601272 0.568099
 54.980003 -2.469499 0.168871
 55.180003 -2.712491 0.467100
 55.380003 -2.461744 0.340770
 55.580003 -2.672018 0.525864
 55.780003 -2.356356 0.217572
 55.980003 -2.709705 0.495943
 56.180003 -2.377069 0.239049
 56.380003 -2.770755 0.672348
 56.580003 -2.485422 0.189454
 56.780003 -2.506174 0.470198
 56.980003 -2.519219 0.211852
 57.180003 -2.507924 0.496566
 57.380003 -2.429357 0.246713
 57.580003 -2.650952 0.443779
 57.780003 -2.352705 0.317659
 57.980003 -2.806783 0.439686
 58.180003 -2.357758 0.275181
 58.380003 -2.793145 0.443225
 58.580003 -2.593967 0.294016
 58.780003 -2.801576 0.575320
 58.980003 -2.621616 0.025264
 59.180003 -2.663625 0.673480
 59.380003 -2.630479 -0.008047
 59.580003 -2.609172 0.622875
 59.780003 -2.453931 0.133159
 59.980003 -2.787754 0.528405
 60.180003 -2.282657 0.334602
 60.380003 -2.798830 0.470743
 60.580003 -2.201072 0.295492
 60.780003 -2.673626 0.466956
 60.980003 -2.445284 0.227443
 61.180003 -2.431984 0.591406
 61.380003 -2.595719 0.156733
 61.580003 -2.460645 0.674326
 61.780003 -2.604626 0.140227
 61.980003 -2.665984 0.548520
 62.180003 -2.535761 0.232815
 62.380003 -2.712813 0.450361
 62.580003 -2.273346 0.378851
 62.780003 -2.767233 0.433865
 62.980003 -2.223182 0.258598
 63.180003 -2.561251 0.525971
 63.380003 -2.484488 0.347488
 63.580003 -2.511643 0.397715
 63.780003 -2.777856 0.154675
 63.980003 -2.403534 0.561269
 64.180003 -2.749510 0.229551
 64.380003 -2.641337 0.549642
 64.580003 -2.469529 0.201266
 64.780003 -2.661755 0.580185
 64.980003 -2.542994 0.249821
 65.180003 -2.765743 0.329699
 65.380003 -2.518717 0.384080
 65.580003 -2.364972 0.460905
 65.780003 -2.744788 0.317917
 65.980003 -2.488038 0.507941
 66.180003 -2.604127 0.345665
 66.380003 -2.626073 0.507957
 66.580003 -2.714617 0.219876
 66.780003 -2.461126 0.445681
 66.980003 -2.480801 0.400526
 67.180003 -2.754872 0.356895
 67.380003 -2.371873 0.442252
 67.580003 -2.723328 0.330161
 67.780003 -2.511615 0.267745
 67.980003 -2.634940 0.474088
 68.180003 -2.488400 0.158262
 68.380003 -2.454557 0.620941
 68.580003 -2.601009 0.156635
 68.780003 -2.549442 0.487373
 68.980003 -2.481836 0.393171
 69.180003 -2.679014 0.313158
 69.380003 -2.412606 0.493112
 69.580003 -2.553139 0.295240
 69.780003 -2.501257 0.482894
 69.980003 -2.449700 0.346628
 70.180003 -2.604368 0.272043
 70.380003 -2.482551 0.523148
 70.580003 -2.639998 0.118991
 70.780003 -2.379487 0.627932
 70.980003 -2.650830 0.201464
 71.180003 -2.455933 0.337838
 71.380003 -2.538662 0.515093
 71.580003 -2.414368 0.203766
 71.780003 -2.552691 0.619381
 71.980003 -2.512524 0.120405
 72.180003 -2.474760 0.741512
 72.380003 -2.503216 0.174285
 72.580003 -2.606518 0.334252
 72.780003 -2.473708 0.539763
 72.980003 -2.693201 0.373967
 73.180003 -2.350404 0.546815
 73.380003 -2.852113 0.230379
 73.580003 -2.351835 0.311528
 73.780004 -2.565903 0.470142
 73.980004 -2.534223 0.163222
 74.180004 -2.511135 0.561155
 74.380004 -2.445908 0.329068
 74.580004 -2.421579 0.464290
 74.780004 -2.542340 0.284486
 74.980004 -2.571064 0.345991
 75.180004 -2.360853 0.584733
 75.380004 -2.891443 0.171045
 75.580004 -2.433259 0.215257
 75.780004 -2.533894 0.614121
 75.980004 -2.410636 0.196270
 76.180004 -2.657058 0.543741
 76.380004 -2.501149 0.146796
 76.580004 -2.299705 0.466410
 76.780004 -2.657121 0.302806
 76.980004 -2.561649 0.306161
 77.180004 -2.492093 0.477953
 77.380004 -2.675330 0.324937
 77.580004 -2.410661 0.364204
 77.780004 -2.715519 0.296532
 77.980004 -2.363125 0.331938
 78.180004 -2.661301 0.414158
 78.380004 -2.716189 0.206422
 78.580004 -2.379171 0.529533
 78.780004 -2.532664 0.283340
 78.980004 -2.494637 0.424157
 79.180004 -2.607609 0.275999
 79.380004 -2.470524 0.337562
 79.580004 -2.390115 0.486904
 79.780004 -2.773255 0.266374
 79.980004 -2.562796 0.393029
 80.180004 -2.566275 0.392285
 80.380004 -2.605807 0.308068
 80.580004 -2.524531 0.511260
 80.780004 -2.523526 0.164243
 80.980004 -2.377554 0.570058
 81.180004 -2.460782 0.066130
 81.380004 -2.624004 0.400533
 81.580004 -2.386150 0.403204
 81.780004 -2.561876 0.355126
 81.980004 -2.492297 0.316284
 82.180004 -2.701131 0.485662
 82.380004 -2.338540 0.218271
 82.580004 -2.797386 0.540009
 82.780004 -2.573601 0.092339
 82.980004 -2.650718 0.708252
 83.180004 -2.504212 0.084841
 83.380004 -2.656795 0.429875
 83.580004 -2.556130 0.174332
 83.780004 -2.535491 0.591974
 83.980004 -2.385573 0.218915
 84.180004 -2.853080 0.337348
 84.380004 -2.435427 0.405431
 84.580004 -2.393434 0.371722
 84.780004 -2.539962 0.318222
 84.980004 -2.465132 0.403467
 85.180004 -2.622330 0.237335
 85.380004 -2.536840 0.419447
 85.580004 -2.602271 0.372484
 85.780004 -2.630557 0.325370
 85.980004 -2.570597 0.454642
 86.180004 -2.689665 0.344470
 86.380004 -2.356100 0.459852
 86.580004 -2.681579 0.279577
 86.780004 -2.361427 0.329105
 86.980004 -2.628032 0.486312
 87.180004 -2.482240 0.143134
 87.380004 -2.535189 0.532556
 87.580004 -2.613766 0.226858
 87.780004 -2.526714 0.534528
 87.980004 -2.732247 0.287381
 88.180004 -2.572976 0.180182
 88.380004 -2.468862 0.572210
 88.580004 -2.736269 0.177670
 88.780004 -2.439851 0.394372
 88.980004 -2.662240 0.398577
 89.180004 -2.395809 0.357699
 89.380004 -2.535893 0.439776
 89.580004 -2.629429 0.201582
 89.780004 -2.437284 0.527159
 89.980004 -2.805548 0.155685
 90.180004 -2.578469 0.595168
 90.380004 -2.636540 0.054324
 90.580004 -2.648589 0.400646
 90.780004 -2.334453 0.410848
 90.980004 -2.952766 0.306516
 91.180004 -2.158659 0.353378
 91.380004 -2.745862 0.509839
 91.580004 -2.487418 0.123764
 91.780004 -2.387826 0.827668
 91.980004 -2.587720 -0.152424
 92.180004 -2.491015 0.540538
 92.380004 -2.532247 0.064925
 92.580004 -2.801960 0.551708
 92.780004 -2.219797 0.276437
 92.980004 -2.924909 0.531382
 93.180004 -2.164418 0.248793
 93.380004 -2.668467 0.556016
 93.580004 -2.275885 0.097597
 93.780004 -2.685448 0.637398
 93.980004 -2.555635 0.123944
 94.180004 -2.404580 0.627850
 94.380004 -2.639550 0.132829
 94.580004 -2.542928 0.667414
 94.780005 -2.571211 0.100181
 94.980005 -2.701633 0.665222
 95.180005 -2.407661 0.177514
 95.380005 -2.736032 0.498868
 95.580005 -2.281108 0.261372
 95.780005 -2.732944 0.468990
 95.980005 -2.180203 0.338927
 96.180005 -2.570592 0.487529
 96.380005 -2.454499 0.133835
 96.580005 -2.644674 0.631895
 96.780005 -2.537762 0.100858
 96.980005 -2.696145 0.555669
 97.180005 -2.462857 0.117873
 97.380005 -2.479790 0.674495
 97.580005 -2.343419 -0.006533
 97.780005 -2.915446 0.447272
 97.980005 -2.359959 0.252619
 98.180005 -2.654155 0.507173
 98.380005 -2.371745 0.122089
 98.580005 -2.720989 0.387883
 98.780005 -2.498119 0.353092
 98.980005 -2.548897 0.441365
 99.180005 -2.625344 0.224224
 99.380005 -2.640711 0.490197
 99.580005 -2.477240 0.255504
 99.780005 -2.653585 0.343713
 99.980005 -2.571574 0.364147
 100.180005 -2.599973 0.313919
 100.380005 -2.481440 0.478293
 100.580005 -2.533553 0.240417
 100.780005 -2.676135 0.406303
 100.980005 -2.481161 0.249242
 101.180005 -2.487731 0.318173
 101.380005 -2.601374 0.354560
 101.580005 -2.487050 0.161902
 101.780005 -2.348321 0.588914
 101.980005 -2.510443 0.308011
 102.180005 -2.624955 0.352469
 102.380005 -2.470264 0.416976
 102.580005 -2.519745 0.325612
 102.780005 -2.599339 0.489986
 102.980005 -2.558807 0.239059
 103.180005 -2.385862 0.439353
 103.380005 -2.750790 0.391418
 103.580005 -2.506262 0.386137
 103.780005 -2.593400 0.476773
 103.980005 -2.579408 0.240515
 104.180005 -2.598820 0.483526
 104.380005 -2.642585 0.209971
 104.580005 -2.324817 0.524465
 104.780005 -2.623019 0.361410
 104.980005 -2.524586 0.281546
 105.180005 -2.502536 0.479901
 105.380005 -2.638491 0.311809
 105.580005 -2.350437 0.336734
 105.780005 -2.850177 0.435918
 105.980005 -2.283379 0.325573
 106.180005 -2.782352 0.580434
 106.380005 -2.601504 0.095762
 106.580005 -2.378414 0.571817
 106.780005 -2.609161 0.303234
 106.980005 -2.437327 0.406410
 107.180005 -2.619933 0.306065
 107.380005 -2.509030 0.375720
 107.580005 -2.473074 0.418286
 107.780005 -2.814881 0.259815
 107.980005 -2.292823 0.470111
 108.180005 -2.690163 0.317031
 108.380005 -2.443415 0.339726
 108.580005 -2.506321 0.419946
 108.780005 -2.486440 0.225987
 108.980005 -2.324416 0.521213
 109.180005 -2.623102 -0.028949
 109.380005 -2.408836 0.580474
 109.580005 -2.492705 0.268546
 109.780005 -2.610840 0.477214
 109.980005 -2.272624 0.235066
 110.180005 -2.838937 0.496827
 110.380005 -2.179970 0.355050
 110.580005 -2.784448 0.299870
 110.780005 -2.435837 0.485758
 110.980005 -2.489586 0.358348
 111.180005 -2.669830 0.347619
 111.380005 -2.443984 0.460450
 111.580005 -2.644593 0.252863
 111.780005 -2.627310 0.636290
 111.980005 -2.457945 0.131089
 112.180005 -2.763233 0.570795
 112.380005 -2.455216 0.262694
 112.580005 -2.578073 0.569739
 112.780005 -2.516759 0.263777
 112.980005 -2.487506 0.340753
 113.180005 -2.572327 0.394671
 113.380005 -2.501295 0.455584
 113.580005 -2.435488 0.289075
 113.780005 -2.695243 0.456119
 113.980005 -2.257891 0.353167
 114.180005 -2.810199 0.525739
 114.380005 -2.546160 0.217905
 114.580005 -2.676426 0.469228
 114.780005 -2.658931 0.331849
 114.980005 -2.474936 0.398287
 115.180005 -2.680948 0.232878
 115.380005 -2.507178 0.500332
 115.580005 -2.498763 0.377289
 115.780005 -2.830386 0.416517
 115.980006 -2.289180 0.331492
 116.180006 -2.813725 0.400047
 116.380006 -2.282823 0.390041
 116.580006 -2.734899 0.438440
 116.780006 -2.680553 0.312060
 116.980006 -2.438147 0.472127
 117.180006 -2.797307 0.330187
 117.380006 -2.306928 0.434652
 117.580006 -2.691751 0.436804
 117.780006 -2.629096 0.372412
 117.980006 -2.568908 0.458229
 118.180006 -2.576769 0.227201
 118.380006 -2.397648 0.577928
 118.580006 -2.646897 0.263927
 118.780006 -2.492414 0.514579
 118.980006 -2.509209 0.242282
 119.180006 -2.829064 0.458422
 119.380006 -2.349323 0.386495
 119.580006 -2.678941 0.386186
 119.780006 -2.559370 0.457818
 119.980006 -2.551024 0.373824
 120.180006 -2.799005 0.417004
 120.380006 -2.384172 0.456612
 120.580006 -2.856067 0.370838
 120.780006 -2.471636 0.367693
 120.980006 -2.633183 0.499318
 121.180006 -2.664780 0.198809
 121.380006 -2.313483 0.558765
 121.580006 -2.514415 0.245977
 121.780006 -2.627319 0.505714
 121.980006 -2.331885 0.239260
 122.180006 -2.662073 0.565113
 122.380006 -2.405031 0.253916
 122.580006 -2.766491 0.359025
 122.780006 -2.409847 0.457623
 122.980006 -2.689771 0.341943
 123.180006 -2.715661 0.337582
 123.380006 -2.461270 0.307161
 123.580006 -2.349192 0.287454
 123.780006 -2.613943 0.642274
 123.980006 -2.421081 0.025472
 124.180006 -2.600303 0.725383
 124.380006 -2.412575 0.190152
 124.580006 -2.766529 0.395291
 124.780006 -2.518133 0.362255
 124.980006 -2.598604 0.375907
 125.180006 -2.435330 0.312137
 125.380006 -2.693873 0.381293
 125.580006 -2.593417 0.311623
 125.780006 -2.516221 0.502350
 125.980006 -2.517197 0.110974
 126.180006 -2.725030 0.558034
 126.380006 -2.449281 0.074933
 126.580006 -2.722229 0.585296
 126.780006 -2.413594 0.130647
 126.980006 -2.820437 0.696572
 127.180006 -2.406329 -0.004227
 127.380006 -2.670235 0.777406
 127.580006 -2.283589 0.097131
 127.780006 -2.555926 0.583257
 127.980006 -2.500086 0.110589
 128.180006 -2.547738 0.752071
 128.380006 -2.546294 0.057405
 128.580006 -2.762631 0.550450
 128.780006 -2.464765 0.277333
 128.980006 -2.563682 0.507352
 129.180006 -2.434460 0.324814
 129.380006 -2.701115 0.350439
 129.580006 -2.511273 0.305428
 129.780006 -2.522549 0.433687
 129.980006 -2.681841 0.339039
 130.180006 -2.498480 0.349706
 130.380006 -2.565424 0.461300
 130.580006 -2.414387 0.252157
 130.780006 -2.814321 0.443570
 130.980006 -2.491097 0.388256
 131.180006 -2.525891 0.432652
 131.380006 -2.718521 0.285166
 131.580006 -2.637800 0.313272
 131.780006 -2.306708 0.321127
 131.980006 -2.671803 0.471998
 132.180006 -2.345291 0.259611
 132.380006 -2.645823 0.391283
 132.580006 -2.344993 0.243230
 132.780006 -2.618639 0.453358
 132.980006 -2.576264 0.174427
 133.180006 -2.547109 0.481978
 133.380006 -2.460359 0.289072
 133.580006 -2.627776 0.474967
 133.780006 -2.549698 0.250976
 133.980006 -2.594018 0.393298
 134.180006 -2.360551 0.349133
 134.380006 -2.712675 0.375439
 134.580006 -2.390215 0.201159
 134.780006 -2.557282 0.472710
 134.980006 -2.525123 0.386871
 135.180006 -2.599369 0.313004
 135.380006 -2.552207 0.259661
 135.580006 -2.446952 0.451743
 135.780006 -2.504187 0.359248
 135.980006 -2.646658 0.375315
 136.180006 -2.404713 0.343914
 136.380006 -2.631019 0.332149
 136.580006 -2.526430 0.347041
 136.780006 -2.496027 0.425491
 136.980007 -2.549677 0.347045
 137.180007 -2.491826 0.471805
 137.380007 -2.637277 0.385576
 137.580007 -2.655054 0.407482
 137.780007 -2.432995 0.284871
 137.980007 -2.675936 0.568240
 138.180007 -2.457987 0.220479
 138.380007 -2.759760 0.552747
 138.580007 -2.496192 0.186194
 138.780007 -2.707183 0.580683
 138.980007 -2.557530 0.049191
 139.180007 -2.669972 0.689526
 139.380007 -2.366719 0.133606
 139.580007 -2.739344 0.619544
 139.780007 -2.434362 0.095234
 139.980007 -2.765203 0.643589
 140.180007 -2.308137 0.172362
 140.380007 -2.738743 0.664842
 140.580007 -2.372886 0.025988
 140.780007 -2.657427 0.541073
 140.980007 -2.403207 0.206310
 141.180007 -2.545126 0.652250
 141.380007 -2.640326 0.104173
 141.580007 -2.526807 0.651142
 141.780007 -2.426879 0.261773
 141.980007 -2.668620 0.334113
 142.180007 -2.319540 0.315394
 142.380007 -2.621904 0.536171
 142.580007 -2.451471 0.311976
 142.780007 -2.776648 0.353712
 142.980007 -2.445220 0.173619
 143.180007 -2.353677 0.592845
 143.380007 -2.761316 0.118812
 143.580007 -2.500404 0.558724
 143.780007 -2.514424 0.173593
 143.980007 -2.575278 0.616098
 144.180007 -2.464297 0.187503
 144.380007 -2.806281 0.490424
 144.580007 -2.264300 0.320112
 144.780007 -2.718312 0.428004
 144.980007 -2.524368 0.124303
 145.180007 -2.660446 0.547467
 145.380007 -2.480061 0.209828
 145.580007 -2.591795 0.554298
 145.780007 -2.546471 0.154370
 145.980007 -2.512274 0.496130
 146.180007 -2.432327 0.348083
 146.380007 -2.825686 0.486397
 146.580007 -2.382894 0.190840
 146.780007 -2.627599 0.483228
 146.980007 -2.626384 0.227999
 147.180007 -2.645761 0.520931
 147.380007 -2.607806 0.342503
 147.580007 -2.459056 0.655638
 147.780007 -2.748557 0.104061
 147.980007 -2.690515 0.531452
 148.180007 -2.381573 0.312234
 148.380007 -2.685211 0.456797
 148.580007 -2.383651 0.195783
 148.780007 -2.725839 0.457842
 148.980007 -2.455881 0.411902
 149.180007 -2.513656 0.326200
 149.380007 -2.677702 0.341750
 149.580007 -2.416013 0.454256
 149.780007 -2.749503 0.336945
 149.980007 -2.290273 0.293077
 150.180007 -2.601486 0.563606
 150.380007 -2.489297 0.164838
 150.580007 -2.348190 0.504970
 150.780007 -2.627190 0.065204
 150.980007 -2.450379 0.587348
 151.180007 -2.457999 0.107842
 151.380007 -2.802050 0.516737
 151.580007 -2.342225 0.332678
 151.780007 -2.769940 0.386262
 151.980007 -2.316165 0.271741
 152.180007 -2.884106 0.581844
 152.380007 -2.404638 0.166593
 152.580007 -2.346273 0.509999
 152.780007 -2.568933 0.227396
 152.980007 -2.413935 0.473242
 153.180007 -2.635278 0.166109
 153.380007 -2.493414 0.491891
 153.580007 -2.393905 0.303006
 153.780007 -2.702627 0.452231
 153.980007 -2.378583 0.367183
 154.180007 -2.691423 0.396961
 154.380007 -2.344576 0.336191
 154.580007 -2.600896 0.408925
 154.780007 -2.559312 0.255700
 154.980007 -2.346268 0.509132
 155.180007 -2.616071 0.084773
 155.380007 -2.533291 0.587063
 155.580007 -2.422115 0.262724
 155.780007 -2.757005 0.451052
 155.980007 -2.504109 0.327753
 156.180007 -2.845760 0.469564
 156.380007 -2.392750 0.269470
 156.580007 -2.846560 0.439925
 156.780007 -2.389656 0.360783
 156.980007 -2.501148 0.418974
 157.180007 -2.522586 0.412719
 157.380007 -2.401638 0.423887
 157.580007 -2.502613 0.279726
 157.780007 -2.528384 0.538997
 157.980008 -2.330709 0.184910
 158.180008 -2.798869 0.562197
 158.380008 -2.409777 0.191038
 158.580008 -2.677758 0.538519
 158.780008 -2.580994 0.281274
 158.980008 -2.418241 0.408994
 159.180008 -2.661961 0.436889
 159.380008 -2.451868 0.342762
 159.580008 -2.693708 0.324574
 159.780008 -2.586517 0.473732
 159.980008 -2.546444 0.391272
 160.180008 -2.660309 0.181334
 160.380008 -2.517450 0.491225
 160.580008 -2.595288 0.371737
 160.780008 -2.671476 0.385640
 160.980008 -2.453137 0.236641
 161.180008 -2.568474 0.501577
 161.380008 -2.310729 0.383404
 161.580008 -2.774957 0.458076
 161.780008 -2.575342 0.279474
 161.980008 -2.561238 0.428328
 162.180008 -2.625924 0.288112
 162.380008 -2.781264 0.401458
 162.580008 -2.478922 0.430200
 162.780008 -2.789674 0.450782
 162.980008 -2.600410 0.182615
 163.180008 -2.693761 0.513626
 163.380008 -2.397506 0.183544
 163.580008 -2.596989 0.564980
 163.780008 -2.458497 0.236956
 163.980008 -2.439247 0.414542
 164.180008 -2.562010 0.368090
 164.380008 -2.645081 0.371570
 164.580008 -2.545763 0.541030
 164.780008 -2.623715 0.198789
 164.980008 -2.537100 0.328846
 165.180008 -2.804982 0.389730
 165.380008 -2.508436 0.280582
 165.580008 -2.467617 0.471790
 165.780008 -2.666741 0.375312
 165.980008 -2.665284 0.252456
 166.180008 -2.606742 0.472915
 166.380008 -2.733856 0.241926
 166.580008 -2.508521 0.426788
 166.780008 -2.666935 0.365686
 166.980008 -2.425303 0.423157
 167.180008 -2.697831 0.376836
 167.380008 -2.608056 0.340485
 167.580008 -2.409674 0.458760
 167.780008 -2.634348 0.339164
 167.980008 -2.426812 0.316135
 168.180008 -2.787976 0.484146
 168.380008 -2.454291 0.273789
 168.580008 -2.664790 0.553864
 168.780008 -2.508667 0.190899
 168.980008 -2.539934 0.591138
 169.180008 -2.660755 0.109906
 169.380008 -2.518263 0.565688
 169.580008 -2.632652 0.239524
 169.780008 -2.595012 0.487684
 169.980008 -2.471507 0.286427
 170.180008 -2.727774 0.281465
 170.380008 -2.293365 0.416936
 170.580008 -2.772462 0.305187
 170.780008 -2.344529 0.333298
 170.980008 -2.522846 0.494063
 171.180008 -2.591476 0.286112
 171.380008 -2.534279 0.397731
 171.580008 -2.724401 0.362325
 171.780008 -2.529687 0.577647
 171.980008 -2.688811 0.166097
 172.180008 -2.498766 0.494615
 172.380008 -2.319164 0.209216
 172.580008 -2.576704 0.443954
 172.780008 -2.421709 0.398299
 172.980008 -2.629202 0.227738
 173.180008 -2.549335 0.465297
 173.380008 -2.806952 0.337332
 173.580008 -2.480058 0.329663
 173.780008 -2.628625 0.430258
 173.980008 -2.679415 0.305380
 174.180008 -2.472229 0.319775
 174.380008 -2.642565 0.493728
 174.580008 -2.441369 0.344190
 174.780008 -2.603016 0.227136
 174.980008 -2.342440 0.302064
 175.180008 -2.544482 0.513641
 175.380008 -2.425378 0.158468
 175.580008 -2.534663 0.503598
 175.780008 -2.508181 0.188909
 175.980008 -2.708328 0.667912
 176.180008 -2.605739 0.143333
 176.380008 -2.405457 0.433840
 176.580008 -2.570860 0.376534
 176.780008 -2.550291 0.401721
 176.980008 -2.498135 0.352404
 177.180008 -2.636854 0.428253
 177.380008 -2.249748 0.298534
 177.580008 -2.686961 0.432636
 177.780008 -2.373434 0.377337
 177.980008 -2.705528 0.477391
 178.180008 -2.698209 0.262311
 178.380008 -2.395768 0.491341
 178.580008 -2.766977 0.159737
 178.780008 -2.631642 0.499621
 178.980009 -2.450611 0.272621
 179.180009 -2.610046 0.560266
 179.380009 -2.130408 0.320505
 179.580009 -2.831780 0.416587
 179.780009 -2.331858 0.398165
 179.980009 -2.695185 0.327386
 180.180009 -2.582147 0.236596
 180.380009 -2.423733 0.485112
 180.580009 -2.624084 0.267187
 180.780009 -2.455021 0.510500
 180.980009 -2.622349 0.401137
 181.180009 -2.476956 0.349076
 181.380009 -2.344863 0.372642
 181.580009 -2.705633 0.289494
 181.780009 -2.428826 0.531060
 181.980009 -2.557872 0.238884
 182.180009 -2.741868 0.581355
 182.380009 -2.479115 0.211453
 182.580009 -2.794318 0.286346
 182.780009 -2.289286 0.433410
 182.980009 -2.704254 0.413357
 183.180009 -2.632904 0.334712
 183.380009 -2.432712 0.415471
 183.580009 -2.603437 0.334503
 183.780009 -2.261423 0.441660
 183.980009 -2.644397 0.319574
 184.180009 -2.415005 0.528650
 184.380009 -2.534035 0.341947
 184.580009 -2.755800 0.223076
 184.780009 -2.335900 0.474018
 184.980009 -2.590154 0.302142
 185.180009 -2.431325 0.442584
 185.380009 -2.555817 0.326138
 185.580009 -2.729405 0.302690
 185.780009 -2.342220 0.504566
 185.980009 -2.594932 0.096897
 186.180009 -2.563173 0.566865
 186.380009 -2.448358 0.195879
 186.580009 -2.645932 0.541924
 186.780009 -2.203322 0.291453
 186.980009 -2.808178 0.377096
 187.180009 -2.298431 0.250750
 187.380009 -2.629407 0.552453
 187.580009 -2.394172 0.170943
 187.780009 -2.439240 0.528293
 187.980009 -2.433672 0.149363
 188.180009 -2.519060 0.655769
 188.380009 -2.608710 0.000075
 188.580009 -2.708010 0.639284
 188.780009 -2.138415 0.148329
 188.980009 -2.810008 0.600405
 189.180009 -2.213588 0.161437
 189.380009 -2.728586 0.545063
 189.580009 -2.517539 0.333784
 189.780009 -2.672665 0.333557
 189.980009 -2.503976 0.325632
 190.180009 -2.638830 0.412057
 190.380009 -2.426411 0.209575
 190.580009 -2.656229 0.640373
 190.780009 -2.331473 0.153075
 190.980009 -2.690006 0.514713
 191.180009 -2.461902 0.073334
 191.380009 -2.612117 0.471441
 191.580009 -2.420559 0.346100
 191.780009 -2.597153 0.373712
 191.980009 -2.440742 0.269282
 192.180009 -2.611472 0.433835
 192.380009 -2.364958 0.318252
 192.580009 -2.812014 0.558884
 192.780009 -2.354363 0.128107
 192.980009 -2.471943 0.646088
 193.180009 -2.670558 0.078249
 193.380009 -2.506427 0.480448
 193.580009 -2.571371 0.263223
 193.780009 -2.588812 0.432596
 193.980009 -2.464537 0.294266
 194.180009 -2.597500 0.334232
 194.380009 -2.270304 0.365627
 194.580009 -2.670336 0.485884
 194.780009 -2.297887 0.240016
 194.980009 -2.596979 0.658095
 195.180009 -2.536573 0.193835
 195.380009 -2.696477 0.685892
 195.580009 -2.693161 0.108511
 195.780009 -2.462560 0.612544
 195.980009 -2.548408 0.274186
 196.180009 -2.752387 0.353398
 196.380009 -2.290889 0.484739
 196.580009 -2.805519 0.273559
 196.780009 -2.297827 0.317680
 196.980009 -2.673747 0.409644
 197.180009 -2.500393 0.411708
 197.380009 -2.484236 0.471228
 197.580009 -2.718882 0.375589
 197.780009 -2.507827 0.439909
 197.980009 -2.549621 0.311722
 198.180009 -2.522092 0.414284
 198.380009 -2.287088 0.390013
 198.580009 -2.791287 0.341792
 198.780009 -2.406114 0.357116
 198.980009 -2.670240 0.331364
 199.180009 -2.489906 0.343893
 199.380009 -2.670857 0.487902
 199.580009 -2.718847 0.322573
 199.780009 -2.547163 0.538034
 199.980009 -2.655062 0.125603
