#! FIELDS time phi psi
#! SET max_psi pi
 0.180000 2.785013 -0.930880
 0.380000 -2.945950 -0.598161
 0.580000 -2.610708 -0.824698
 0.780000 -2.976894 -0.786114
 0.980000 3.111769 -0.785683
 1.180000 -2.873589 -0.886687
 1.380000 3.114385 -0.970309
 1.580000 -3.091106 -0.960178
 1.780000 2.930311 -0.899346
 1.980000 -3.112696 -1.004566
 2.180000 -3.052492 -0.967575
 2.380000 3.102811 -1.007680
 2.580000 3.130426 -0.891050
 2.780000 -3.026734 -0.883817
 2.980000 -2.869269 -0.944269
 3.180000 -3.012472 -0.891564
 3.380000 3.110077 -0.815592
 3.580000 -3.059049 -0.952572
 3.780000 -2.984469 -0.958841
 3.980000 -3.057970 -1.028106
 4.180000 -3.137996 -0.866597
 4.380000 -3.000979 -0.924827
 4.580000 -3.074404 -1.043301
 4.780000 -2.863336 -0.944936
 4.980000 -3.123916 -0.807554
 5.180000 -2.953727 -0.968646
 5.380000 -3.018413 -0.985573
 5.580000 -3.089766 -0.878002
 5.780000 3.034676 -0.827713
 5.980000 -3.134673 -0.991548
 6.180000 3.134610 -1.082649
 6.380000 -3.123571 -0.910232
 6.580000 -3.093030 -0.764205
 6.780000 -3.132348 -1.121131
 6.980000 -3.131474 -0.805548
 7.180000 3.100886 -0.960089
 7.380000 -2.897093 -0.665468
 7.580000 3.105268 -1.081831
 7.780000 -2.957204 -0.963177
 7.980000 3.064243 -0.878290
 8.180000 -3.012371 -0.811494
 8.380000 -2.887277 -0.972787
 8.580000 -3.023726 -0.977125
 8.780000 -3.079660 -0.770920
 8.980000 -3.107135 -0.947154
 9.180000 -2.969798 -0.834888
 9.380000 -3.117074 -0.969951
 9.580000 -3.058717 -0.856098
 9.780000 -3.140391 -1.053846
 9.980000 3.132805 -0.788020
 10.180000 -3.019040 -0.999653
 10.380000 -3.127297 -0.942272
 10.580001 -3.100566 -0.984580
 10.780001 3.050841 -0.953691
 10.980001 3.118780 -1.027968
 11.180001 3.131490 -1.111770
 11.380001 3.060886 -0.855731
 11.580001 3.027210 -0.992899
 11.780001 -3.065863 -0.681468
 11.980001 -2.919453 -0.951125
 12.180001 -3.102659 -0.653134
 12.380001 -2.919127 -0.978291
 12.580001 -3.004439 -0.554980
 12.780001 -2.860975 -1.121934
 12.980001 2.905751 -0.834173
 13.180001 -2.973338 -1.078140
 13.380001 2.826587 -0.933005
 13.580001 -2.912439 -1.071792
 13.780001 2.751050 -0.932336
 13.980001 -3.007588 -0.919394
 14.180001 3.014248 -0.920629
 14.380001 -3.069033 -1.145547
 14.580001 -3.141222 -0.712879
 14.780001 3.000147 -1.053737
 14.980001 -2.865557 -0.781783
 15.180001 3.117127 -1.099950
 15.380001 -3.084367 -0.823288
 15.580001 3.103814 -1.052975
 15.780001 -3.005112 -0.975467
 15.980001 3.129575 -0.833642
 16.180001 -3.069365 -1.031096
 16.380001 -3.125231 -0.799024
 16.580001 -2.978368 -0.984073
 16.780001 -3.063576 -0.691781
 16.980001 -2.943591 -0.854409
 17.180001 -2.904534 -0.853125
 17.380001 -3.029992 -0.969688
 17.580001 -3.090199 -0.814123
 17.780001 -3.096287 -1.148426
 17.980001 -2.977909 -0.875900
 18.180001 3.112869 -1.006372
 18.380001 -3.125033 -0.917025
 18.580001 3.114377 -1.043326
 18.780001 -3.089499 -0.839876
 18.980001 -3.081677 -1.086491
 19.180001 3.100017 -0.864912
 19.380001 -3.034851 -1.176393
 19.580001 3.089306 -0.728811
 19.780001 -2.981098 -1.204829
 19.980001 -3.065678 -0.775575
 20.180001 -2.788787 -1.124672
 20.380001 3.124174 -0.715182
 20.580001 -2.922614 -1.090167
 20.780001 -2.951757 -0.774355
 20.980001 -3.039534 -1.044063
 21.180001 2.933129 -0.796342
 21.380001 3.073521 -1.143952
 21.580001 2.928564 -0.787384
 21.780001 -3.061435 -1.095625
 21.980001 3.116611 -0.672883
 22.180001 -2.861836 -1.188424
 22.380001 -3.101414 -0.616397
 22.580001 -2.853875 -0.988314
 22.780001 3.111533 -0.685253
 22.980001 -2.958776 -1.057049
 23.180001 -3.039259 -0.727523
 23.380001 -3.015612 -0.849230
 23.580001 3.066230 -0.780058
 23.780001 -2.995860 -1.102278
 23.980001 3.140400 -0.880097
 24.180001 2.947830 -1.051851
 24.380001 2.973944 -0.782993
 24.580001 -2.955902 -1.150678
 24.780001 3.120494 -0.855026
 24.980001 3.000567 -0.936378
 25.180001 -2.985645 -0.769258
 25.380001 -3.001397 -1.260815
 25.580001 3.112085 -0.702825
 25.780001 -3.116634 -1.020925
 25.980001 -3.118831 -0.706892
 26.180001 -2.788633 -1.134725
 26.380001 3.034769 -0.869270
 26.580001 -2.836779 -0.885444
 26.780001 2.926897 -0.714609
 26.980001 -2.855981 -1.312555
 27.180001 -3.137711 -0.644825
 27.380001 -3.028944 -1.034856
 27.580001 -3.007636 -0.688334
 27.780001 -2.990203 -1.024661
 27.980001 -2.999399 -0.844761
 28.180001 -3.003690 -0.955091
 28.380001 -3.088173 -0.759962
 28.580001 3.078634 -1.078718
 28.780001 -3.123152 -0.980931
 28.980001 2.759526 -1.068960
 29.180001 -3.128213 -0.872629
 29.380001 -3.129019 -1.031283
 29.580001 -3.128076 -0.818384
 29.780001 -3.125293 -0.956950
 29.980001 -3.040937 -0.815536
 30.180001 -2.890145 -0.793051
 30.380001 -3.126524 -0.728514
 30.580001 -3.017997 -1.032205
 30.780001 -2.935353 -0.774621
 30.980001 -3.000026 -0.876272
 31.180001 -3.035669 -0.961607
 31.380001 -3.003895 -0.902414
 31.580001 3.109144 -0.803138
 31.780002 -3.006727 -1.078502
 31.980002 -3.024899 -0.855329
 32.180002 -3.122845 -1.032659
 32.380002 -3.111652 -0.810744
 32.580002 -3.125390 -1.017597
 32.780002 -3.081237 -0.933690
 32.980002 -2.985994 -0.975514
 33.180002 3.090780 -0.771441
 33.380002 3.129463 -0.955117
 33.580002 -3.105779 -0.862469
 33.780002 -3.089800 -1.085608
 33.980002 3.067891 -0.849200
 34.180002 -3.141044 -0.933848
 34.380002 3.045583 -1.095535
 34.580002 -2.954566 -0.843025
 34.780002 3.023485 -1.056715
 34.980002 -3.039204 -0.824188
 35.180002 -3.001217 -0.980835
 35.380002 -2.998639 -0.815896
 35.580002 -3.124335 -0.906976
 35.780002 -3.041785 -0.700298
 35.980002 -3.032196 -0.972823
 36.180002 3.138561 -0.880492
 36.380002 -3.008392 -0.962365
 36.580002 3.032825 -0.940587
 36.780002 -3.020928 -0.919789
 36.980002 -3.113581 -1.048542
 37.180002 -2.890598 -0.734151
 37.380002 -3.089521 -0.972608
 37.580002 3.123111 -0.741808
 37.780002 -2.992923 -0.993089
 37.980002 -3.083905 -0.882001
 38.180002 -2.915442 -1.024638
 38.380002 2.948498 -0.803358
 38.580002 -3.023215 -1.090351
 38.780002 3.065602 -0.886770
 38.980002 -3.017348 -1.190740
 39.180002 2.866946 -0.931780
 39.380002 -3.099484 -1.013236
 39.580002 -3.091740 -0.833964
 39.780002 -3.108519 -1.030616
 39.980002 3.112611 -0.651730
 40.180002 -2.944846 -0.942089
 40.380002 -2.854384 -0.773383
 40.580002 -3.000448 -0.825168
 40.780002 3.129896 -0.908745
 40.980002 -3.044121 -0.773141
 41.180002 -2.957146 -0.982982
 41.380002 -3.135223 -0.822078
 41.580002 3.030780 -1.153187
 41.780002 2.899099 -0.974202
 41.980002 -2.942193 -1.030800
 42.180002 3.133740 -0.918551
 42.380002 3.052173 -1.024711
 42.580002 -3.114022 -0.862965
 42.780002 3.093828 -1.057697
 42.980002 -2.859120 -0.739683
 43.180002 3.032480 -0.867261
 43.380002 -3.005259 -0.962221
 43.580002 -2.939473 -0.854623
 43.780002 -3.069673 -0.818706
 43.980002 -2.978402 -0.881197
 44.180002 -3.063008 -0.876245
 44.380002 -2.960524 -0.868880
 44.580002 3.056466 -0.856509
 44.780002 -3.065480 -1.003238
 44.980002 3.063535 -0.971452
 45.180002 -2.977594 -0.919875
 45.380002 3.048105 -0.950167
 45.580002 -3.088620 -0.994125
 45.780002 3.106236 -1.049157
 45.980002 2.985635 -0.744497
 46.180002 -2.884710 -0.874692
 46.380002 3.134127 -0.872368
 46.580002 3.132568 -1.150629
 46.780002 -3.102975 -0.634209
 46.980002 -3.075529 -1.031187
 47.180002 -3.102962 -0.725970
 47.380002 -3.079562 -1.162782
 47.580002 3.084221 -0.747776
 47.780002 -3.087667 -0.984882
 47.980002 -3.130856 -0.705510
 48.180002 -2.963753 -1.146168
 48.380002 -3.106304 -0.943647
 48.580002 -2.879212 -0.894842
 48.780002 -3.135890 -0.706156
 48.980002 -3.019880 -0.997490
 49.180002 -2.973682 -0.942524
 49.380002 -2.981986 -0.866277
 49.580002 -2.838491 -0.747299
 49.780002 3.096509 -0.721929
 49.980002 -2.904232 -0.972611
 50.180002 -3.138126 -0.918303
 50.380002 -3.028636 -0.915820
 50.580002 2.894849 -0.990512
 50.780002 -3.139972 -0.949878
 50.980002 3.141361 -0.907586
 51.180002 3.124174 -1.009926
 51.380002 -3.077899 -0.802882
 51.580002 -3.047529 -0.730324
 51.780002 -2.889996 -0.977695
 51.980002 -3.102137 -0.949310
 52.180002 -2.861174 -0.680453
 52.380002 2.976107 -0.876956
 52.580002 -3.037327 -0.858554
 52.780003 -2.971238 -0.940998
 52.980003 -3.076713 -0.899003
 53.180003 -3.073788 -0.942199
 53.380003 -3.086780 -0.778951
 53.580003 -2.972398 -1.127452
 53.780003 3.078060 -0.697037
 53.980003 -2.861149 -0.931145
 54.180003 -3.136790 -0.807661
 54.380003 -3.107706 -0.991183
 54.580003 2.958048 -0.777289
 54.780003 3.103528 -1.188331
 54.980003 3.014305 -0.797104
 55.180003 3.098147 -1.308090
 55.380003 3.066343 -0.655495
 55.580003 -3.136481 -1.131695
 55.780003 -2.821809 -0.645845
 55.980003 3.129086 -1.151838
 56.180003 3.136639 -0.611470
 56.380003 -3.131946 -1.057966
 56.580003 -2.996883 -0.787345
 56.780003 -3.005489 -1.131496
 56.980003 3.009885 -0.649487
 57.180003 -3.085297 -1.006063
 57.380003 -3.028730 -0.862021
 57.580003 -3.070218 -1.088080
 57.780003 3.033361 -0.809531
 57.980003 -3.125593 -1.035103
 58.180003 3.081035 -0.858306
 58.380003 -2.888391 -0.964704
 58.580003 -2.993736 -0.716734
 58.780003 -3.092307 -1.077564
 58.980003 3.126195 -0.695164
 59.180003 -3.046053 -0.996078
 59.380003 -3.087023 -0.814923
 59.580003 -3.074919 -0.862484
 59.780003 3.137678 -0.920397
 59.980003 3.091971 -0.976503
 60.180003 -2.910079 -0.913826
 60.380003 3.133903 -0.874984
 60.580003 3.130640 -1.009211
 60.780003 2.987846 -0.928832
 60.980003 -2.959705 -0.978746
 61.180003 3.070874 -0.678478
 61.380003 3.032271 -0.988547
 61.580003 -3.054490 -0.831445
 61.780003 -3.097062 -1.171025
 61.980003 -2.942442 -0.628127
 62.180003 2.923186 -1.027402
 62.380003 -3.082486 -0.959223
 62.580003 3.141071 -0.936977
 62.780003 3.111295 -0.895771
 62.980003 -3.050211 -0.899857
 63.180003 3.116840 -0.939170
 63.380003 -2.804061 -0.727426
 63.580003 -3.018829 -0.950956
 63.780003 -2.929712 -0.665107
 63.980003 3.113324 -0.983470
 64.180003 -3.094020 -0.984657
 64.380003 -3.000358 -0.757076
 64.580003 2.874136 -1.109145
 64.780003 3.138197 -1.018193
 64.980003 2.989486 -1.015880
 65.180003 -2.999897 -0.747360
 65.380003 -3.052071 -0.913030
 65.580003 -3.099883 -0.925515
 65.780003 -2.907760 -1.053139
 65.980003 3.008554 -0.508755
 66.180003 -2.906829 -0.933338
 66.380003 -3.082117 -0.973244
 66.580003 -2.942567 -1.009179
 66.780003 2.876346 -0.584259
 66.980003 -3.090826 -1.171327
 67.180003 -3.105211 -0.920086
 67.380003 2.883462 -1.084326
 67.580003 -3.019292 -0.617546
 67.780003 2.982584 -1.406805
 67.980003 3.091602 -0.840663
 68.180003 -3.041881 -1.002581
 68.380003 2.937398 -0.726583
 68.580003 -2.827447 -1.102386
 68.780003 2.912896 -0.854653
 68.980003 -2.937866 -0.878032
 69.180003 3.124505 -0.691140
 69.380003 -2.822880 -1.116122
 69.580003 3.139473 -0.839638
 69.780003 -2.986741 -0.881362
 69.980003 3.055669 -0.738294
 70.180003 -3.022278 -0.989119
 70.380003 -2.993823 -1.015973
 70.580003 2.833128 -0.870530
 70.780003 -2.939031 -0.779756
 70.980003 -3.124566 -1.037862
 71.180003 -2.999642 -0.969622
 71.380003 2.999194 -0.927577
 71.580003 3.005902 -0.839148
 71.780003 -2.913757 -0.780145
 71.980003 -2.968592 -1.080788
 72.180003 -3.014371 -0.984070
 72.380003 3.125917 -0.670291
 72.580003 -3.072581 -0.779165
 72.780003 -2.845994 -1.082857
 72.980003 -3.065209 -0.868608
 73.180003 3.035851 -0.738153
 73.380003 3.102730 -0.878128
 73.580003 -3.056626 -1.033092
 73.780004 -3.102844 -1.007906
 73.980004 3.092239 -0.850320
 74.180004 -3.064781 -0.984423
 74.380004 -3.026154 -0.952924
 74.580004 -3.029027 -0.950904
 74.780004 2.874572 -0.857455
 74.980004 -3.094875 -0.840357
 75.180004 -2.992264 -1.066256
 75.380004 -2.827996 -0.928481
 75.580004 3.065533 -0.806333
 75.780004 -3.077208 -0.856530
 75.980004 -2.906571 -1.016617
 76.180004 -2.953000 -0.882294
 76.380004 3.117748 -0.881938
 76.580004 -3.052445 -0.707002
 76.780004 -2.870968 -1.069601
 76.980004 3.083458 -0.878069
 77.180004 3.053224 -0.815561
 77.380004 2.949776 -0.904916
 77.580004 -2.868970 -0.958032
 77.780004 2.989146 -1.050545
 77.980004 -3.127538 -0.726686
 78.180004 2.995697 -0.915207
 78.380004 -2.853682 -0.923487
 78.580004 -3.124101 -0.838718
 78.780004 -3.007735 -0.866322
 78.980004 3.115187 -0.900305
 79.180004 -3.012730 -0.950785
 79.380004 -3.003481 -0.805006
 79.580004 -3.051488 -0.836060
 79.780004 -3.069897 -0.945388
 79.980004 -2.879736 -1.151421
 80.180004 -3.088063 -0.751918
 80.380004 2.946534 -0.904153
 80.580004 -3.025035 -0.914679
 80.780004 -3.056987 -1.137753
 80.980004 2.984401 -0.823711
 81.180004 3.124965 -0.912575
 81.380004 -2.989423 -0.814753
 81.580004 -2.897216 -1.081066
 81.780004 3.081206 -0.806211
 81.980004 -2.955573 -0.878184
 82.180004 -3.040316 -0.690252
 82.380004 -2.841855 -0.943959
 82.580004 -3.037012 -0.873707
 82.780004 -3.057168 -0.840259
 82.980004 -2.890933 -0.867048
 83.180004 -2.972636 -0.953827
 83.380004 -3.108984 -0.899368
 83.580004 2.898330 -1.074783
 83.780004 -2.965578 -0.900804
 83.980004 2.977521 -0.915263
 84.180004 3.003521 -1.003986
 84.380004 2.971491 -0.986961
 84.580004 2.931909 -0.947342
 84.780004 -3.061827 -0.977202
 84.980004 2.908043 -0.994800
 85.180004 -2.926322 -0.804149
 85.380004 3.105554 -0.977515
 85.580004 -2.938545 -0.838310
 85.780004 -3.122556 -0.844465
 85.980004 3.009847 -0.887143
 86.180004 -2.920992 -0.876358
 86.380004 3.137060 -1.037720
 86.580004 -2.828001 -0.607202
 86.780004 2.870176 -0.944300
 86.980004 -2.831499 -1.012078
 87.180004 3.010713 -0.866077
 87.380004 2.998565 -0.971950
 87.580004 -2.754947 -0.689585
 87.780004 2.962600 -1.177144
 87.980004 -3.047875 -0.745453
 88.180004 2.870572 -1.004357
 88.380004 -2.945355 -0.825431
 88.580004 3.116402 -1.047713
 88.780004 2.991453 -0.928367
 88.980004 3.075353 -0.872615
 89.180004 3.006407 -0.972447
 89.380004 -2.920636 -1.050080
 89.580004 2.979028 -1.011580
 89.780004 -2.978615 -0.711508
 89.980004 -3.111408 -0.932005
 90.180004 -3.005060 -0.897148
 90.380004 -3.026247 -0.843915
 90.580004 3.065293 -0.768587
 90.780004 -2.798197 -0.846618
 90.980004 3.011201 -1.053360
 91.180004 -2.795549 -0.974764
 91.380004 2.827442 -0.915579
 91.580004 -2.993857 -1.038295
 91.780004 3.028703 -0.940810
 91.980004 -2.883931 -1.032212
 92.180004 3.034119 -0.779793
 92.380004 -3.123513 -1.014361
 92.580004 -3.122346 -0.633627
 92.780004 -2.910959 -1.048270
 92.980004 -3.085428 -0.655604
 93.180004 2.947621 -1.041524
 93.380004 -3.088005 -0.886436
 93.580004 3.068186 -1.090144
 93.780004 2.933121 -0.881915
 93.980004 2.976884 -1.029256
 94.180004 3.026207 -0.952900
 94.380004 -2.945160 -0.829779
 94.580004 3.094288 -0.999678
 94.780005 3.109083 -0.667022
 94.980005 -2.838356 -1.093638
 95.180005 -2.876420 -0.731688
 95.380005 -3.092757 -0.906116
 95.580005 3.045617 -0.711411
 95.780005 -2.755404 -1.042502
 95.980005 3.077848 -0.797159
 96.180005 -3.139441 -1.048928
 96.380005 2.991992 -0.884283
 96.580005 -3.004729 -1.020224
 96.780005 3.113337 -0.940109
 96.980005 3.108304 -0.884165
 97.180005 -3.137091 -0.864224
 97.380005 -3.087462 -1.119601
 97.580005 -2.859659 -0.703048
 97.780005 2.943729 -0.953846
 97.980005 -3.061890 -0.779386
 98.180005 -2.982865 -1.089971
 98.380005 3.115579 -0.870449
 98.580005 3.065285 -0.934623
 98.780005 3.066665 -0.793565
 98.980005 -2.904463 -1.025385
 99.180005 3.055094 -0.817705
 99.380005 -3.057028 -0.857344
 99.580005 3.129698 -0.814959
 99.780005 -2.840090 -0.953238
 99.980005 3.134668 -0.943185
 100.180005 -3.062317 -0.812719
 100.380005 -3.047191 -0.827725
 100.580005 -3.113260 -1.042976
 100.780005 -3.002992 -0.924756
 100.980005 3.069393 -0.940143
 101.180005 -3.115032 -0.913879
 101.380005 -3.088517 -0.931570
 101.580005 -2.918927 -0.967488
 101.780005 -3.066730 -1.006933
 101.980005 2.987095 -0.701420
 102.180005 -3.063769 -0.852081
 102.380005 -2.940743 -0.966510
 102.580005 -2.811545 -0.748308
 102.780005 2.741851 -0.807957
 102.980005 -2.979512 -0.999037
 103.180005 -3.095829 -0.974610
 103.380005 -3.096188 -0.798863
 103.580005 -2.991558 -0.761891
 103.780005 3.138438 -1.107348
 103.980005 -2.845405 -0.811539
 104.180005 -2.892459 -0.861382
 104.380005 -3.063142 -0.769080
 104.580005 -3.104814 -1.042261
 104.780005 3.098523 -0.786776
 104.980005 -3.031889 -1.053908
 105.180005 3.044728 -0.886183
 105.380005 -3.049541 -1.054214
 105.580005 2.865054 -0.744819
 105.780005 -2.968488 -1.151280
 105.980005 3.072774 -0.767209
 106.180005 -2.977270 -1.091681
 106.380005 3.130212 -0.608634
 106.580005 -3.077618 -1.125293
 106.780005 -3.072544 -0.631543
 106.980005 -3.008291 -0.963366
 107.180005 -3.105755 -0.883282
 107.380005 -3.098167 -0.957537
 107.580005 3.127290 -0.831652
 107.780005 -3.007896 -0.992218
 107.980005 -3.132647 -0.862468
 108.180005 -3.093818 -1.134596
 108.380005 -3.010082 -0.602875
 108.580005 -3.016811 -1.185413
 108.780005 -3.044832 -0.799515
 108.980005 -2.963651 -0.862842
 109.180005 3.049251 -0.856040
 109.380005 -2.873609 -1.080581
 109.580005 3.066316 -0.711272
 109.780005 -3.111441 -1.046409
 109.980005 3.116645 -0.659318
 110.180005 -2.945992 -1.315292
 110.380005 2.933391 -0.637311
 110.580005 -3.106635 -1.131835
 110.780005 3.093300 -0.739627
 110.980005 -2.959558 -1.148788
 111.180005 2.943102 -0.837146
 111.380005 3.052151 -1.033425
 111.580005 -2.870287 -0.720519
 111.780005 -3.110512 -1.131397
 111.980005 3.062041 -0.664030
 112.180005 -3.000771 -1.084865
 112.380005 -2.882432 -0.725510
 112.580005 -3.055479 -0.959496
 112.780005 2.973667 -0.751132
 112.980005 -2.953583 -1.017336
 113.180005 -3.096841 -0.896369
 113.380005 -3.055876 -1.012919
 113.580005 2.907224 -0.869141
 113.780005 -2.999786 -0.918660
 113.980005 -3.076899 -0.976697
 114.180005 -3.039371 -0.841613
 114.380005 3.084445 -0.954032
 114.580005 -3.103200 -0.856998
 114.780005 -3.024658 -0.942349
 114.980005 3.091497 -0.991103
 115.180005 -2.935223 -1.006910
 115.380005 2.938108 -0.769212
 115.580005 -3.039384 -0.903091
 115.780005 -3.065242 -0.940168
 115.980006 -2.867386 -1.066968
 116.180006 3.092298 -0.694423
 116.380006 -3.013437 -0.860346
 116.580006 -3.055294 -0.731674
 116.780006 -2.887491 -1.006909
 116.980006 -3.079390 -0.786518
 117.180006 -3.088540 -0.942628
 117.380006 -3.095101 -0.761605
 117.580006 3.077609 -1.206510
 117.780006 3.078272 -0.821196
 117.980006 2.976242 -1.031382
 118.180006 -3.093394 -0.838073
 118.380006 -3.122555 -1.049736
 118.580006 3.048535 -0.823020
 118.780006 -3.126823 -0.896206
 118.980006 -3.035981 -0.858417
 119.180006 -2.848460 -1.165816
 119.380006 -3.106940 -0.581719
 119.580006 -2.997074 -0.947567
 119.780006 -3.088480 -0.770171
 119.980006 -2.844018 -1.106244
 120.180006 3.042827 -0.860534
 120.380006 -3.087362 -0.948203
 120.580006 3.012694 -0.874591
 120.780006 -3.126758 -1.083789
 120.980006 3.012737 -0.947502
 121.180006 2.982652 -0.868890
 121.380006 3.140350 -0.914937
 121.580006 3.133531 -1.029461
 121.780006 2.996196 -1.009693
 121.980006 3.077699 -0.813011
 122.180006 -2.941247 -0.805199
 122.380006 -3.023981 -0.981447
 122.580006 -2.951686 -0.937672
 122.780006 -2.972304 -0.602394
 122.980006 -2.985382 -0.962852
 123.180006 -3.015505 -0.888175
 123.380006 -2.997772 -1.082831
 123.580006 3.033693 -0.879512
 123.780006 3.094168 -1.024134
 123.980006 3.072788 -0.998521
 124.180006 3.006769 -1.172325
 124.380006 3.124905 -0.767790
 124.580006 3.132449 -0.895923
 124.780006 -3.111635 -0.861793
 124.980006 -2.979958 -0.933790
 125.180006 -3.059044 -0.823551
 125.380006 -2.932163 -0.882928
 125.580006 -3.133244 -0.882979
 125.780006 -3.012432 -1.031974
 125.980006 -3.063028 -0.803107
 126.180006 3.113099 -0.984114
 126.380006 -3.024352 -0.906455
 126.580006 -3.094454 -0.997743
 126.780006 -3.004170 -0.958958
 126.980006 -3.083330 -0.766257
 127.180006 -2.946994 -0.942937
 127.380006 -3.003113 -0.917579
 127.580006 -2.964274 -0.894452
 127.780006 -2.914694 -0.750884
 127.980006 -2.987433 -0.935109
 128.180006 -3.006918 -0.715886
 128.380006 -3.133102 -1.019288
 128.580006 -3.058749 -0.819251
 128.780006 3.076441 -1.020025
 128.980006 3.046553 -1.102819
 129.180006 -3.111342 -0.979872
 129.380006 3.057246 -0.770515
 129.580006 -3.023807 -1.023608
 129.780006 -3.083411 -0.977315
 129.980006 -2.939920 -0.816020
 130.180006 -2.917227 -0.728994
 130.380006 -2.950632 -0.924304
 130.580006 -3.082870 -0.925931
 130.780006 -3.004763 -0.793266
 130.980006 -2.915483 -0.881562
 131.180006 -3.137099 -0.989995
 131.380006 3.138219 -0.743245
 131.580006 -3.021454 -0.990835
 131.780006 -3.085923 -0.764982
 131.980006 -2.932903 -1.071437
 132.180006 2.985347 -0.819426
 132.380006 -2.981419 -0.919914
 132.580006 -3.115092 -0.921730
 132.780006 -2.940739 -0.958724
 132.980006 3.086922 -0.804250
 133.180006 -3.097974 -0.903704
 133.380006 3.085929 -0.950012
 133.580006 -3.079846 -0.873684
 133.780006 3.132832 -0.943955
 133.980006 -3.114395 -0.912546
 134.180006 2.924124 -0.887886
 134.380006 -2.988639 -1.026985
 134.580006 -3.130402 -0.841528
 134.780006 -3.119979 -0.955032
 134.980006 3.094049 -0.870503
 135.180006 -2.980764 -1.180236
 135.380006 -3.038082 -0.773411
 135.580006 3.140627 -1.053690
 135.780006 -3.116207 -0.798547
 135.980006 -2.943056 -1.129737
 136.180006 3.075005 -0.806567
 136.380006 3.107419 -1.121044
 136.580006 3.124030 -0.801281
 136.780006 -2.813158 -1.055097
 136.980007 3.111326 -0.786187
 137.180007 -3.032208 -1.029990
 137.380007 -3.098849 -0.788630
 137.580007 -3.006304 -1.034621
 137.780007 3.080176 -0.913603
 137.980007 -3.057868 -1.002426
 138.180007 3.113924 -0.929695
 138.380007 3.134104 -1.047041
 138.580007 3.117592 -0.964381
 138.780007 -3.080041 -0.909801
 138.980007 -3.114337 -0.865675
 139.180007 -3.069493 -0.843794
 139.380007 -2.996037 -0.859878
 139.580007 -3.022684 -0.872777
 139.780007 -2.897835 -0.871027
 139.980007 -3.132794 -0.851349
 140.180007 -2.945926 -0.926893
 140.380007 -3.022352 -0.864163
 140.580007 -3.100566 -0.995521
 140.780007 -3.072356 -0.743151
 140.980007 3.115097 -1.046127
 141.180007 -3.027299 -0.964635
 141.380007 3.030287 -0.894660
 141.580007 -3.119564 -0.892368
 141.780007 2.919434 -0.994867
 141.980007 -3.034208 -0.903620
 142.180007 -3.077080 -0.861858
 142.380007 -3.050840 -1.051188
 142.580007 -2.949407 -0.901346
 142.780007 -2.890277 -0.895620
 142.980007 -3.053132 -0.909133
 143.180007 -3.129557 -0.980986
 143.380007 -3.008892 -0.773131
 143.580007 -2.942415 -0.999953
 143.780007 -3.090074 -0.746694
 143.980007 -3.097009 -1.051237
 144.180007 2.999759 -0.878813
 144.380007 -2.867336 -0.897064
 144.580007 3.131469 -0.905971
 144.780007 -3.087112 -1.061316
 144.980007 -2.965257 -0.798451
 145.180007 3.036929 -0.937091
 145.380007 -3.003197 -0.875876
 145.580007 3.064561 -1.104715
 145.780007 -3.010170 -0.822963
 145.980007 2.975675 -0.903824
 146.180007 -2.933692 -0.937342
 146.380007 -3.104995 -1.064678
 146.580007 3.051599 -0.840489
 146.780007 3.125811 -0.928662
 146.980007 -3.058480 -0.968048
 147.180007 -2.921535 -0.866909
 147.380007 3.129909 -0.869926
 147.580007 3.009344 -0.891178
 147.780007 -2.911986 -0.955554
 147.980007 -2.960439 -0.885272
 148.180007 3.136727 -0.901511
 148.380007 -3.109833 -0.950004
 148.580007 -2.967508 -1.043616
 148.780007 -3.042296 -0.791411
 148.980007 3.091910 -1.001715
 149.180007 -3.088943 -0.982397
 149.380007 -2.880839 -0.891047
 149.580007 -3.067507 -0.899685
 149.780007 2.955849 -0.937258
 149.980007 -3.057371 -0.987109
 150.180007 -3.002925 -0.804384
 150.380007 -3.102638 -0.937680
 150.580007 3.086470 -0.760792
 150.780007 -3.106400 -1.104972
 150.980007 -3.130140 -0.763238
 151.180007 -3.099473 -0.901119
 151.380007 3.063958 -1.014048
 151.580007 -2.968511 -0.911691
 151.780007 -3.117184 -0.836988
 151.980007 2.974481 -0.963575
 152.180007 -3.000588 -0.890351
 152.380007 -3.134988 -1.037216
 152.580007 -2.867956 -0.856290
 152.780007 3.042705 -0.874925
 152.980007 -3.074193 -0.972254
 153.180007 -3.001922 -0.847565
 153.380007 -3.010937 -0.978872
 153.580007 3.032491 -0.941881
 153.780007 -2.992017 -0.934073
 153.980007 -3.065514 -0.915956
 154.180007 -3.086581 -0.921754
 154.380007 3.128749 -0.813642
 154.580007 -3.075571 -1.011866
 154.780007 -2.788913 -0.835152
 154.980007 3.027959 -0.892980
 155.180007 -3.069732 -0.911993
 155.380007 -2.950050 -0.850268
 155.580007 -2.980410 -1.047248
 155.780007 -2.968843 -0.752193
 155.980007 3.083627 -0.805207
 156.180007 -2.941283 -1.044742
 156.380007 -3.021395 -0.957443
 156.580007 -3.078316 -0.976678
 156.780007 3.039594 -0.865937
 156.980007 -3.000873 -0.931327
 157.180007 -3.086759 -0.979104
 157.380007 3.092265 -1.057787
 157.580007 3.011447 -0.849680
 157.780007 3.104103 -1.109109
 157.980008 -2.958587 -0.879043
 158.180008 3.096826 -1.043511
 158.380008 3.097607 -0.634859
 158.580008 -2.952739 -1.161416
 158.780008 -3.116291 -0.866800
 158.980008 3.120697 -1.056734
 159.180008 2.884111 -0.634705
 159.380008 -2.860393 -1.186210
 159.580008 3.083108 -0.965137
 159.780008 -3.056370 -0.896660
 159.980008 2.940883 -0.688505
 160.180008 -2.839245 -1.176303
 160.380008 -3.126463 -0.825455
 160.580008 -3.136096 -0.871814
 160.780008 3.038804 -0.654971
 160.980008 -2.984825 -1.097972
 161.180008 -3.065523 -0.890809
 161.380008 2.956309 -0.878846
 161.580008 3.137798 -0.742874
 161.780008 -2.981817 -1.186004
 161.980008 -3.023280 -0.796992
 162.180008 3.046583 -0.970322
 162.380008 -2.956615 -0.701981
 162.580008 -2.946346 -0.956612
 162.780008 -3.109834 -0.957312
 162.980008 -3.025648 -0.770543
 163.180008 -2.990804 -0.962982
 163.380008 -2.975118 -0.820904
 163.580008 3.115557 -1.025989
 163.780008 -3.053715 -0.684448
 163.980008 -3.111533 -1.006557
 164.180008 -3.007929 -0.948766
 164.380008 -3.044938 -0.926211
 164.580008 3.071850 -0.882257
 164.780008 -2.880616 -1.025773
 164.980008 -3.078803 -1.040176
 165.180008 -3.074943 -0.860642
 165.380008 -3.137668 -0.871172
 165.580008 -2.883153 -0.979633
 165.780008 -3.068008 -0.922601
 165.980008 -3.103835 -0.825567
 166.180008 -3.117068 -0.858926
 166.380008 -2.932597 -0.836883
 166.580008 -2.973432 -0.952820
 166.780008 3.042723 -0.722744
 166.980008 -3.123989 -0.990770
 167.180008 -3.081072 -0.846695
 167.380008 -2.932213 -1.024024
 167.580008 3.062312 -0.821264
 167.780008 -3.048998 -0.951466
 167.980008 -3.015859 -0.887833
 168.180008 -2.975104 -0.909122
 168.380008 3.067509 -0.857122
 168.580008 -2.955647 -0.934622
 168.780008 -3.113834 -0.820585
 168.980008 -3.081391 -1.174690
 169.180008 -3.131821 -0.822101
 169.380008 -3.125233 -0.965893
 169.580008 3.114734 -0.845511
 169.780008 3.078349 -1.129878
 169.980008 3.119211 -0.714322
 170.180008 3.075108 -1.122764
 170.380008 -3.042172 -0.686987
 170.580008 -3.125059 -1.015086
 170.780008 -2.940081 -0.809819
 170.980008 -3.023141 -1.052390
 171.180008 3.078515 -0.736521
 171.380008 -2.901639 -1.066895
 171.580008 2.774212 -0.767584
 171.780008 -2.936467 -0.867451
 171.980008 3.023966 -0.877899
 172.180008 -2.842186 -1.065675
 172.380008 -3.131323 -0.656926
 172.580008 -3.010842 -1.039791
 172.780008 3.063152 -0.676469
 172.980008 -2.998770 -1.129460
 173.180008 -3.039402 -0.696506
 173.380008 -3.037762 -0.995830
 173.580008 -3.049613 -0.894027
 173.780008 -3.136697 -1.089205
 173.980008 -2.986286 -0.792323
 174.180008 3.027567 -1.038162
 174.380008 -3.094849 -0.875591
 174.580008 3.130720 -1.161071
 174.780008 3.047083 -0.859238
 174.980008 3.108538 -0.957861
 175.180008 3.026865 -0.950088
 175.380008 -3.128838 -0.990863
 175.580008 2.953996 -0.925630
 175.780008 -2.970139 -0.931359
 175.980008 2.988445 -0.946744
 176.180008 -2.948300 -0.924309
 176.380008 3.010328 -0.864226
 176.580008 -2.855029 -0.843374
 176.780008 -2.991471 -0.710631
 176.980008 -3.085071 -1.008617
 177.180008 -3.010603 -0.679280
 177.380008 -2.945276 -0.832875
 177.580008 -2.864142 -0.864057
 177.780008 -3.106657 -0.803360
 177.980008 -3.015717 -0.922596
 178.180008 3.068775 -0.925506
 178.380008 -3.023417 -1.038096
 178.580008 2.981816 -0.834844
 178.780008 -2.967418 -1.041260
 178.980009 3.111903 -0.992829
 179.180009 3.110650 -0.995747
 179.380009 -3.091591 -0.912136
 179.580009 3.101461 -0.915235
 179.780009 -2.969799 -0.716008
 179.980009 3.050347 -0.977691
 180.180009 -3.026306 -0.833156
 180.380009 3.083658 -0.926766
 180.580009 3.102776 -0.822469
 180.780009 -2.946231 -1.020651
 180.980009 3.120859 -0.839059
 181.180009 -3.001939 -0.979550
 181.380009 3.100525 -0.750916
 181.580009 -2.926037 -1.110351
 181.780009 3.138453 -0.792102
 181.980009 -3.009622 -0.948268
 182.180009 -3.127967 -0.685872
 182.380009 -2.898333 -1.073122
 182.580009 -3.101799 -0.715115
 182.780009 3.031798 -0.944565
 182.980009 -3.026712 -0.817964
 183.180009 3.073575 -0.998772
 183.380009 3.113714 -0.978911
 183.580009 3.130707 -0.871685
 183.780009 3.058454 -0.918022
 183.980009 -2.956155 -0.937788
 184.180009 -3.102316 -0.937182
 184.380009 -2.868123 -0.736401
 184.580009 -2.986495 -0.865017
 184.780009 -2.908418 -1.031087
 184.980009 -3.059156 -0.731910
 185.180009 -3.097938 -0.926798
 185.380009 3.126585 -0.981986
 185.580009 -3.067103 -1.038514
 185.780009 -3.137439 -0.887342
 185.980009 3.051760 -0.977340
 186.180009 3.006270 -0.954116
 186.380009 -3.078063 -0.907416
 186.580009 -2.982672 -1.002075
 186.780009 3.115775 -0.728768
 186.980009 -3.098211 -0.800928
 187.180009 -2.976332 -0.887423
 187.380009 -2.926195 -0.809246
 187.580009 -2.990175 -0.905940
 187.780009 -3.068279 -0.825051
 187.980009 -2.927110 -0.951994
 188.180009 3.119407 -1.003706
 188.380009 -3.001966 -0.988098
 188.580009 3.048282 -0.775066
 188.780009 -2.765834 -1.064075
 188.980009 -3.129882 -0.871693
 189.180009 -2.940891 -0.834282
 189.380009 -3.084138 -0.733773
 189.580009 -3.038159 -1.055162
 189.780009 -3.033991 -0.765152
 189.980009 -3.108365 -0.936643
 190.180009 -3.092209 -0.941122
 190.380009 -3.117683 -0.900855
 190.580009 -3.134895 -1.065913
 190.780009 3.027116 -0.949961
 190.980009 -3.076626 -0.913304
 191.180009 3.017463 -1.145792
 191.380009 -3.025364 -0.897719
 191.580009 2.983145 -1.129410
 191.780009 -3.063665 -0.809352
 191.980009 3.079014 -0.948835
 192.180009 3.102417 -0.853139
 192.380009 -3.124318 -1.038000
 192.580009 3.092004 -0.587429
 192.780009 3.138866 -1.017512
 192.980009 -3.073491 -0.704769
 193.180009 -2.773691 -0.986845
 193.380009 3.048158 -0.847328
 193.580009 -2.938694 -0.847953
 193.780009 3.031824 -0.880863
 193.980009 -2.825534 -0.933888
 194.180009 3.058444 -0.798492
 194.380009 3.041720 -0.923042
 194.580009 -3.019690 -0.862082
 194.780009 3.016166 -0.979931
 194.980009 -2.946282 -0.808756
 195.180009 2.939430 -0.859836
 195.380009 -2.839442 -0.969400
 195.580009 3.094539 -0.938684
 195.780009 -3.064611 -0.929667
 195.980009 3.015342 -0.795739
 196.180009 3.137436 -0.924194
 196.380009 -2.973625 -0.927271
 196.580009 2.976470 -1.025475
 196.780009 -3.052747 -0.982496
 196.980009 3.041636 -0.990893
 197.180009 -2.951018 -0.952602
 197.380009 3.073208 -0.917586
 197.580009 -3.036857 -0.930034
 197.780009 -3.016227 -0.810752
 197.980009 -2.923349 -1.034003
 198.180009 -3.041581 -0.720250
 198.380009 3.116981 -0.901413
 198.580009 -2.876211 -0.787680
 198.780009 -3.054777 -1.073204
 198.980009 3.126137 -0.915339
 199.180009 3.100754 -0.975562
 199.380009 -3.089891 -0.893026
 199.580009 -2.988653 -1.034976
 199.780009 3.115985 -0.925054
 199.980009 3.136153 -0.922404
