#! FIELDS time phi psi
#! SET max_psi pi
 0.180000 -1.902734 1.935111
 0.380000 -1.989734 0.367295
 0.580000 -1.757722 1.458464
 0.780000 -2.093409 0.855953
 0.980000 -2.059463 1.229785
 1.180000 -1.994636 1.119829
 1.380000 -2.062767 1.032764
 1.580000 -1.940531 1.192349
 1.780000 -2.120449 0.836009
 1.980000 -2.050209 1.440424
 2.180000 -1.854053 0.575379
 2.380000 -2.086160 1.428522
 2.580000 -1.980724 0.800361
 2.780000 -2.153875 1.453716
 2.980000 -1.833382 0.912659
 3.180000 -2.298843 1.132005
 3.380000 -1.876285 1.169867
 3.580000 -2.416248 0.952134
 3.780000 -1.934351 1.167455
 3.980000 -2.121098 0.947685
 4.180000 -2.202895 1.036328
 4.380000 -1.833751 1.237991
 4.580000 -2.298431 0.962944
 4.780000 -1.931541 1.139751
 4.980000 -2.092162 1.084900
 5.180000 -2.005890 1.047745
 5.380000 -2.010982 1.206291
 5.580000 -2.025234 0.945175
 5.780000 -2.007679 1.221524
 5.980000 -2.116902 0.874847
 6.180000 -2.118834 1.299578
 6.380000 -2.270597 0.959008
 6.580000 -2.070951 1.161376
 6.780000 -2.115183 1.137202
 6.980000 -2.141536 1.108591
 7.180000 -1.849689 1.165611
 7.380000 -2.200542 1.033546
 7.580000 -1.912011 1.137620
 7.780000 -2.195271 1.105555
 7.980000 -2.231344 1.054986
 8.180000 -1.822970 1.111493
 8.380000 -2.199208 1.049796
 8.580000 -2.058581 1.130535
 8.780000 -1.911876 1.165707
 8.980000 -2.108623 1.017966
 9.180000 -2.268149 1.384364
 9.380000 -1.914585 0.940695
 9.580000 -2.112762 1.332051
 9.780000 -1.947908 0.717246
 9.980000 -1.905546 1.520755
 10.180000 -2.234793 0.656983
 10.380000 -1.970055 1.359120
 10.580001 -1.985469 1.010118
 10.780001 -2.452698 1.009154
 10.980001 -1.759517 1.190382
 11.180001 -2.084478 0.983884
 11.380001 -2.156851 1.156167
 11.580001 -1.907813 1.082572
 11.780001 -2.025360 1.096193
 11.980001 -2.146075 0.948169
 12.180001 -2.002149 1.186054
 12.380001 -2.078076 1.064834
 12.580001 -2.165150 1.109743
 12.780001 -1.840153 0.977142
 12.980001 -2.234971 1.331634
 13.180001 -1.882690 0.778570
 13.380001 -2.079624 1.455536
 13.580001 -2.004186 0.734343
 13.780001 -2.052148 1.474300
 13.980001 -1.815077 0.932488
 14.180001 -2.137749 1.197637
 14.380001 -2.007725 0.996055
 14.580001 -1.919016 1.179713
 14.780001 -2.238653 1.032003
 14.980001 -1.921357 1.001738
 15.180001 -2.006817 1.276897
 15.380001 -2.247684 0.866114
 15.580001 -1.866793 1.320415
 15.780001 -2.007390 0.918717
 15.980001 -2.107133 1.302889
 16.180001 -1.767227 0.938338
 16.380001 -2.215174 1.213424
 16.580001 -2.186812 0.867157
 16.780001 -2.006365 1.232367
 16.980001 -2.022201 1.051047
 17.180001 -2.431813 1.029653
 17.380001 -1.777037 1.215489
 17.580001 -2.319434 1.053823
 17.780001 -2.020789 1.038415
 17.980001 -1.878313 1.283612
 18.180001 -2.361416 0.962324
 18.380001 -1.968819 1.153754
 18.580001 -2.086004 1.032134
 18.780001 -2.204777 1.099567
 18.980001 -2.116170 1.184077
 19.180001 -1.992863 1.044887
 19.380001 -2.120843 1.177373
 19.580001 -1.964050 0.911999
 19.780001 -1.832018 1.378298
 19.980001 -2.089529 0.847115
 20.180001 -1.716540 1.309182
 20.380001 -2.107244 0.933931
 20.580001 -2.313870 1.056539
 20.780001 -1.871831 1.121283
 20.980001 -2.279814 0.947371
 21.180001 -1.991182 1.135015
 21.380001 -1.919002 1.095855
 21.580001 -2.006045 1.058004
 21.780001 -2.130177 1.074340
 21.980001 -1.837326 0.988119
 22.180001 -2.067983 1.209202
 22.380001 -2.127764 1.029264
 22.580001 -1.731103 1.116937
 22.780001 -2.336882 1.049787
 22.980001 -1.966373 1.107566
 23.180001 -2.034467 1.135694
 23.380001 -2.354219 0.853453
 23.580001 -1.947963 1.181763
 23.780001 -1.942821 0.979193
 23.980001 -2.162713 1.191700
 24.180001 -2.069769 1.219034
 24.380001 -1.955135 0.919594
 24.580001 -2.176300 1.279923
 24.780001 -1.912535 0.912547
 24.980001 -2.033124 1.298179
 25.180001 -2.017692 0.764979
 25.380001 -2.010286 1.465417
 25.580001 -2.211524 0.862385
 25.780001 -2.198269 1.268250
 25.980001 -1.930276 0.930371
 26.180001 -2.120245 1.139009
 26.380001 -1.966853 1.162703
 26.580001 -1.993407 0.979219
 26.780001 -2.025047 1.282379
 26.980001 -1.858643 0.687539
 27.180001 -2.032317 1.369969
 27.380001 -2.321521 0.825967
 27.580001 -1.694020 1.123182
 27.780001 -1.919375 1.118666
 27.980001 -2.152253 0.985325
 28.180001 -1.986153 1.245502
 28.380001 -2.118145 0.903839
 28.580001 -2.181527 1.150065
 28.780001 -2.037158 1.020757
 28.980001 -1.965889 1.042396
 29.180001 -2.110029 1.103644
 29.380001 -1.727333 0.902260
 29.580001 -2.114955 1.305329
 29.780001 -2.140913 0.891209
 29.980001 -1.817293 1.199166
 30.180001 -2.113649 0.817017
 30.380001 -2.128030 1.264204
 30.580001 -1.920564 1.057476
 30.780001 -2.168188 0.963210
 30.980001 -1.971945 1.113852
 31.180001 -1.985507 1.083984
 31.380001 -2.011156 1.094539
 31.580001 -2.083262 0.979277
 31.780002 -1.939241 1.096508
 31.980002 -2.196984 1.094136
 32.180002 -1.883854 1.090480
 32.380002 -2.000365 1.055222
 32.580002 -2.298433 1.094502
 32.780002 -1.744102 1.064212
 32.980002 -2.088457 1.086311
 33.180002 -2.139592 0.951320
 33.380002 -1.765650 1.203771
 33.580002 -2.169210 1.008196
 33.780002 -2.093750 1.031664
 33.980002 -1.832879 1.143926
 34.180002 -2.106231 0.920996
 34.380002 -2.113277 1.226080
 34.580002 -1.845763 0.997267
 34.780002 -2.289690 1.185099
 34.980002 -1.952408 0.947616
 35.180002 -1.821792 1.145120
 35.380002 -2.157095 1.111088
 35.580002 -1.953776 0.938268
 35.780002 -1.889297 1.113682
 35.980002 -2.264897 0.980625
 36.180002 -1.853744 1.203247
 36.380002 -2.147790 1.076647
 36.580002 -2.047946 0.917704
 36.780002 -1.786891 1.130907
 36.980002 -2.041480 1.115256
 37.180002 -2.150511 0.958034
 37.380002 -1.937441 1.107644
 37.580002 -2.110407 0.998867
 37.780002 -2.271570 1.176417
 37.980002 -1.858375 1.088924
 38.180002 -2.106920 1.118383
 38.380002 -1.971098 0.992953
 38.580002 -1.957267 1.235597
 38.780002 -2.034088 0.871476
 38.980002 -2.037490 1.098213
 39.180002 -1.994175 1.095674
 39.380002 -2.119794 1.029487
 39.580002 -2.076759 1.039529
 39.780002 -1.892265 1.106311
 39.980002 -2.268146 0.969836
 40.180002 -1.962827 1.196302
 40.380002 -1.890280 1.044529
 40.580002 -2.143117 1.071339
 40.780002 -2.017013 1.045253
 40.980002 -1.844128 1.018904
 41.180002 -2.033433 1.159768
 41.380002 -2.175744 0.948654
 41.580002 -1.907730 1.045650
 41.780002 -2.124719 1.092349
 41.980002 -2.029993 0.991761
 42.180002 -1.942737 1.066269
 42.380002 -1.990695 0.911767
 42.580002 -2.017486 1.165216
 42.780002 -1.928560 1.037879
 42.980002 -2.049868 0.933990
 43.180002 -1.949064 1.275002
 43.380002 -1.930750 0.846221
 43.580002 -2.337508 1.153049
 43.780002 -2.018399 0.934165
 43.980002 -2.034019 1.270417
 44.180002 -2.071272 0.943862
 44.380002 -1.824401 1.100574
 44.580002 -1.970446 1.171480
 44.780002 -2.091454 0.847628
 44.980002 -1.985005 1.313222
 45.180002 -2.067878 0.821481
 45.380002 -2.296658 1.248348
 45.580002 -1.792523 0.983241
 45.780002 -2.228169 1.407083
 45.980002 -1.995809 0.988873
 46.180002 -1.900221 1.142713
 46.380002 -2.236459 1.073702
 46.580002 -1.986341 1.029416
 46.780002 -1.851494 1.226846
 46.980002 -2.237552 0.809798
 47.180002 -2.004029 1.402313
 47.380002 -2.076550 0.851187
 47.580002 -2.404515 1.341565
 47.780002 -1.802000 0.961197
 47.980002 -2.238932 1.290886
 48.180002 -1.919624 0.952625
 48.380002 -2.102855 1.293994
 48.580002 -2.073430 0.929950
 48.780002 -2.367061 1.239982
 48.980002 -2.098535 1.156196
 49.180002 -2.216317 1.103337
 49.380002 -2.205239 1.170360
 49.580002 -2.014691 1.072099
 49.780002 -2.266051 1.264858
 49.980002 -2.032879 0.878281
 50.180002 -2.177089 1.412958
 50.380002 -2.150077 0.821205
 50.580002 -2.213400 1.431421
 50.780002 -1.942329 0.786941
 50.980002 -2.250444 1.405543
 51.180002 -2.135129 0.955673
 51.380002 -2.091962 1.149052
 51.580002 -2.205918 1.158865
 51.780002 -2.077136 0.949235
 51.980002 -2.099296 1.457088
 52.180002 -2.020533 0.696885
 52.380002 -1.948550 1.419771
 52.580002 -2.119808 0.927177
 52.780003 -2.158691 1.235388
 52.980003 -1.840138 0.918021
 53.180003 -2.165914 1.272881
 53.380003 -1.921029 0.952056
 53.580003 -2.096456 1.235862
 53.780003 -2.050146 0.897145
 53.980003 -2.208038 1.291571
 54.180003 -2.045966 0.878745
 54.380003 -2.192725 1.198185
 54.580003 -2.030236 0.879475
 54.780003 -2.176980 1.363713
 54.980003 -2.141300 0.957403
 55.180003 -1.866248 1.124022
 55.380003 -2.148364 1.287986
 55.580003 -2.109607 0.825139
 55.780003 -1.979792 1.472947
 55.980003 -2.161400 0.832090
 56.180003 -2.103428 1.456274
 56.380003 -1.989440 0.692636
 56.580003 -2.254152 1.276430
 56.780003 -2.183330 0.923194
 56.980003 -2.079874 1.194279
 57.180003 -1.981932 1.095187
 57.380003 -2.094998 1.103786
 57.580003 -1.801611 1.120057
 57.780003 -2.133235 1.222696
 57.980003 -2.088387 0.795149
 58.180003 -2.209025 1.245571
 58.380003 -2.114794 0.865736
 58.580003 -2.210900 1.196752
 58.780003 -1.932465 1.000153
 58.980003 -1.942814 1.228423
 59.180003 -2.179833 1.022570
 59.380003 -1.825329 1.105376
 59.580003 -2.159144 1.264636
 59.780003 -2.304371 0.871466
 59.980003 -1.972426 1.261269
 60.180003 -1.973162 0.723958
 60.380003 -2.143851 1.492594
 60.580003 -1.952241 0.854368
 60.780003 -2.030835 1.234077
 60.980003 -2.144814 1.038925
 61.180003 -2.107837 1.305607
 61.380003 -2.045718 0.983653
 61.580003 -2.182030 0.951490
 61.780003 -1.980113 1.298952
 61.980003 -2.147873 0.922213
 62.180003 -2.027236 1.176504
 62.380003 -2.079459 0.991828
 62.580003 -2.186870 1.294526
 62.780003 -2.123741 0.890852
 62.980003 -2.040277 1.095379
 63.180003 -1.975962 1.178121
 63.380003 -2.206703 1.011646
 63.580003 -1.863005 1.055456
 63.780003 -2.072229 1.214214
 63.980003 -2.314766 1.132566
 64.180003 -1.940203 1.093447
 64.380003 -2.197410 1.076158
 64.580003 -2.105078 1.024754
 64.780003 -2.108237 1.223234
 64.980003 -2.023238 1.059999
 65.180003 -2.080201 1.094679
 65.380003 -2.068810 1.104458
 65.580003 -2.250409 1.312476
 65.780003 -2.000037 0.920656
 65.980003 -1.909776 1.303745
 66.180003 -2.065777 0.920039
 66.380003 -2.008947 1.215013
 66.580003 -1.885946 0.903020
 66.780003 -2.240595 1.314539
 66.980003 -2.045186 0.923122
 67.180003 -1.896219 1.182045
 67.380003 -2.057107 1.161761
 67.580003 -2.066384 1.105790
 67.780003 -1.970838 1.126881
 67.980003 -2.112921 1.042998
 68.180003 -1.967387 1.205110
 68.380003 -1.866858 0.861435
 68.580003 -2.120662 1.207712
 68.780003 -2.015754 0.973742
 68.980003 -2.049162 1.184007
 69.180003 -2.186315 1.080536
 69.380003 -1.951358 1.112145
 69.580003 -1.961858 1.157526
 69.780003 -2.027239 1.008481
 69.980003 -2.002914 1.139652
 70.180003 -2.048477 1.025394
 70.380003 -2.083822 1.206186
 70.580003 -1.913891 0.920098
 70.780003 -2.023852 1.261415
 70.980003 -2.077476 0.947384
 71.180003 -1.990433 1.193185
 71.380003 -2.146457 0.980467
 71.580003 -2.159982 1.153123
 71.780003 -2.074012 1.236945
 71.980003 -2.336938 0.948377
 72.180003 -2.032453 1.195708
 72.380003 -2.030756 1.101676
 72.580003 -2.210193 1.092294
 72.780003 -1.959682 1.122642
 72.980003 -2.066940 1.174921
 73.180003 -2.199204 1.043487
 73.380003 -2.064557 1.297846
 73.580003 -1.925816 0.964384
 73.780004 -2.206169 1.275143
 73.980004 -1.918629 0.978889
 74.180004 -2.141284 1.193606
 74.380004 -2.262892 0.990510
 74.580004 -1.879748 1.129340
 74.780004 -2.224612 1.039990
 74.980004 -2.248493 1.031527
 75.180004 -1.772296 1.103824
 75.380004 -2.245324 1.120645
 75.580004 -2.191515 0.994928
 75.780004 -1.768805 1.162606
 75.980004 -2.452797 1.007751
 76.180004 -2.062946 1.071287
 76.380004 -1.949072 1.257684
 76.580004 -2.336880 0.976783
 76.780004 -1.700116 1.195303
 76.980004 -2.043470 0.994788
 77.180004 -2.271848 1.212898
 77.380004 -1.649735 1.088316
 77.580004 -2.273796 1.037344
 77.780004 -2.261260 1.083821
 77.980004 -1.853792 1.216116
 78.180004 -2.308735 0.949032
 78.380004 -2.157276 1.159923
 78.580004 -1.799379 1.008982
 78.780004 -2.378030 1.170146
 78.980004 -1.770964 1.069204
 79.180004 -1.937644 1.139699
 79.380004 -2.451080 0.995567
 79.580004 -1.856061 1.165137
 79.780004 -2.155160 1.057120
 79.980004 -2.347774 1.113375
 80.180004 -1.833669 0.955995
 80.380004 -2.198303 1.228690
 80.580004 -2.057189 0.995934
 80.780004 -1.691912 1.142413
 80.980004 -2.189235 1.075279
 81.180004 -2.091829 1.010538
 81.380004 -1.953966 1.305708
 81.580004 -2.158702 0.793706
 81.780004 -2.071572 1.293874
 81.980004 -1.880931 0.957076
 82.180004 -2.143208 1.240882
 82.380004 -2.033518 1.018956
 82.580004 -2.159364 1.239396
 82.780004 -2.129012 0.944180
 82.980004 -2.102517 1.101163
 83.180004 -1.909737 1.098300
 83.380004 -2.289380 1.036958
 83.580004 -1.854136 0.966623
 83.780004 -2.087037 1.279602
 83.980004 -2.364369 0.906499
 84.180004 -1.720058 1.317455
 84.380004 -2.181308 0.787501
 84.580004 -1.955640 1.198295
 84.780004 -1.991623 1.151623
 84.980004 -2.223377 0.959671
 85.180004 -2.025773 1.279934
 85.380004 -2.139388 0.866238
 85.580004 -2.210385 1.346637
 85.780004 -1.920605 0.953468
 85.980004 -1.984891 1.306816
 86.180004 -1.988497 0.939895
 86.380004 -1.898809 1.175075
 86.580004 -2.078798 1.043818
 86.780004 -2.096422 1.152682
 86.980004 -1.956033 1.108898
 87.180004 -2.494833 1.091662
 87.380004 -1.801920 1.014410
 87.580004 -2.377416 1.196703
 87.780004 -2.123124 1.007819
 87.980004 -1.895823 1.237325
 88.180004 -2.465090 1.107315
 88.380004 -1.789251 0.984388
 88.580004 -2.074585 1.203247
 88.780004 -2.102984 0.945884
 88.980004 -1.953108 1.277055
 89.180004 -2.194939 0.777274
 89.380004 -2.078527 1.317503
 89.580004 -1.847479 0.861145
 89.780004 -2.166531 1.333577
 89.980004 -2.054811 0.878819
 90.180004 -1.844902 1.225071
 90.380004 -2.015801 1.035349
 90.580004 -2.015954 1.033009
 90.780004 -1.949750 1.202795
 90.980004 -2.190143 0.859514
 91.180004 -2.078907 1.340944
 91.380004 -2.013967 0.924181
 91.580004 -2.380946 1.154316
 91.780004 -1.852814 0.911579
 91.980004 -2.163099 1.152963
 92.180004 -2.093305 1.098495
 92.380004 -1.851670 1.186757
 92.580004 -2.016106 0.972896
 92.780004 -2.205317 1.315022
 92.980004 -1.909826 0.915071
 93.180004 -2.186602 1.141620
 93.380004 -2.124413 0.924059
 93.580004 -1.904575 1.099679
 93.780004 -2.280919 1.200699
 93.980004 -2.073568 0.904671
 94.180004 -1.902797 1.273064
 94.380004 -2.173409 0.883318
 94.580004 -1.961574 1.127520
 94.780005 -1.672537 1.014800
 94.980005 -2.205348 1.138168
 95.180005 -1.909906 0.953290
 95.380005 -1.858694 1.191321
 95.580005 -2.262401 0.970852
 95.780005 -2.011168 1.194559
 95.980005 -2.020180 0.905644
 96.180005 -2.334475 0.999815
 96.380005 -1.768879 1.101512
 96.580005 -2.202922 1.119085
 96.780005 -1.955108 1.043434
 96.980005 -1.821866 1.192661
 97.180005 -2.175533 0.947080
 97.380005 -2.095267 1.072539
 97.580005 -1.944097 0.968072
 97.780005 -2.093535 1.104453
 97.980005 -2.164665 1.240525
 98.180005 -1.895390 0.837772
 98.380005 -2.138545 1.292405
 98.580005 -2.030589 0.780547
 98.780005 -1.992372 1.312476
 98.980005 -2.031612 0.940430
 99.180005 -2.101629 1.148909
 99.380005 -1.872254 1.087770
 99.580005 -2.288514 1.110941
 99.780005 -1.936986 1.009822
 99.980005 -1.981050 1.083072
 100.180005 -2.205035 1.036514
 100.380005 -1.991067 1.035239
 100.580005 -1.860142 1.176521
 100.780005 -1.928891 1.014363
 100.980005 -2.174440 1.157835
 101.180005 -1.852870 1.007634
 101.380005 -2.106708 1.197835
 101.580005 -1.992299 0.830273
 101.780005 -1.897792 1.534863
 101.980005 -1.973021 0.714603
 102.180005 -2.056316 1.388624
 102.380005 -1.822568 0.783551
 102.580005 -2.278338 1.362537
 102.780005 -1.802794 0.862534
 102.980005 -2.044113 1.384474
 103.180005 -2.115420 0.769883
 103.380005 -1.947168 1.183199
 103.580005 -2.022118 0.887281
 103.780005 -2.330452 0.988090
 103.980005 -1.708105 1.234236
 104.180005 -2.019345 0.918541
 104.380005 -2.112620 1.145709
 104.580005 -1.782586 0.988302
 104.780005 -2.159965 1.108084
 104.980005 -1.973375 0.920234
 105.180005 -1.982265 1.246103
 105.380005 -2.093675 0.911112
 105.580005 -2.009873 1.329661
 105.780005 -1.910054 0.847946
 105.980005 -2.164384 1.206157
 106.180005 -1.969430 1.104873
 106.380005 -2.087303 1.146061
 106.580005 -2.064016 0.963514
 106.780005 -2.159210 1.230958
 106.980005 -1.928223 1.132546
 107.180005 -2.055593 0.946794
 107.380005 -2.071365 1.253634
 107.580005 -1.971419 0.989568
 107.780005 -2.394731 1.236086
 107.980005 -1.872370 0.848777
 108.180005 -2.149658 1.514964
 108.380005 -1.936938 0.605964
 108.580005 -2.215852 1.404760
 108.780005 -1.748722 0.769475
 108.980005 -2.493360 1.419988
 109.180005 -1.932646 0.818903
 109.380005 -2.195391 1.347790
 109.580005 -2.115728 0.924939
 109.780005 -1.890547 1.320394
 109.980005 -2.129368 0.902375
 110.180005 -2.081902 1.056952
 110.380005 -1.939619 1.265882
 110.580005 -2.197900 0.886722
 110.780005 -2.182922 1.395308
 110.980005 -1.827364 0.869892
 111.180005 -2.190650 1.403354
 111.380005 -1.916361 0.734557
 111.580005 -2.138387 1.518609
 111.780005 -2.105449 0.708383
 111.980005 -1.995871 1.469849
 112.180005 -1.964946 0.682202
 112.380005 -2.203521 1.461740
 112.580005 -1.709824 0.929043
 112.780005 -2.317241 1.246949
 112.980005 -1.963765 0.980851
 113.180005 -2.094743 1.211858
 113.380005 -2.228320 0.955839
 113.580005 -2.067497 1.078026
 113.780005 -1.969771 1.066411
 113.980005 -2.077479 1.220927
 114.180005 -1.948658 1.041002
 114.380005 -1.876826 1.233563
 114.580005 -2.186908 1.105157
 114.780005 -1.993118 1.058646
 114.980005 -2.069493 1.173411
 115.180005 -2.292022 0.803019
 115.380005 -1.918277 1.253458
 115.580005 -1.913342 0.906885
 115.780005 -2.323545 1.317894
 115.980006 -1.671202 1.049477
 116.180006 -2.074329 1.096157
 116.380006 -2.123184 1.096494
 116.580006 -2.014401 1.065568
 116.780006 -2.125474 1.068815
 116.980006 -2.223464 0.864786
 117.180006 -1.925774 1.287784
 117.380006 -1.995767 1.004623
 117.580006 -2.337017 1.097370
 117.780006 -1.773902 1.116021
 117.980006 -2.232780 1.110336
 118.180006 -2.067642 1.052953
 118.380006 -2.005054 1.246627
 118.580006 -2.153962 0.928817
 118.780006 -2.029264 1.180561
 118.980006 -1.901917 0.991703
 119.180006 -2.227075 1.071447
 119.380006 -2.082169 0.976652
 119.580006 -1.968495 1.267244
 119.780006 -2.164605 0.906924
 119.980006 -1.937577 1.153248
 120.180006 -1.852607 1.126464
 120.380006 -2.151297 0.965556
 120.580006 -2.083355 1.182639
 120.780006 -1.939203 1.009487
 120.980006 -2.177703 1.311082
 121.180006 -2.229685 0.885055
 121.380006 -1.759671 1.146272
 121.580006 -2.339053 1.089223
 121.780006 -2.032845 0.990087
 121.980006 -1.803284 1.291237
 122.180006 -2.462070 0.754817
 122.380006 -1.754832 1.370557
 122.580006 -2.111550 0.932598
 122.780006 -2.527339 1.048841
 122.980006 -1.494155 1.177934
 123.180006 -2.570241 1.002481
 123.380006 -1.882847 1.114751
 123.580006 -1.786775 1.233554
 123.780006 -2.383717 0.860773
 123.980006 -2.016159 1.307051
 124.180006 -2.127550 0.721826
 124.380006 -2.320281 1.244716
 124.580006 -1.732560 1.026119
 124.780006 -2.237646 1.194715
 124.980006 -2.015664 1.141968
 125.180006 -1.935863 1.138208
 125.380006 -2.338449 1.095797
 125.580006 -1.717995 1.059024
 125.780006 -2.212721 1.003632
 125.980006 -2.307246 1.001757
 126.180006 -1.764168 1.139068
 126.380006 -2.328642 1.080450
 126.580006 -1.972034 0.966082
 126.780006 -1.872462 1.406178
 126.980006 -2.281663 0.827960
 127.180006 -1.896125 1.236426
 127.380006 -2.034047 1.036790
 127.580006 -2.376633 1.092377
 127.780006 -1.851663 1.155043
 127.980006 -2.205685 1.043539
 128.180006 -2.173800 1.093271
 128.380006 -1.858012 1.207471
 128.580006 -2.263103 0.962572
 128.780006 -2.143748 1.236263
 128.980006 -1.914962 1.073465
 129.180006 -2.291749 1.018110
 129.380006 -2.012871 1.283617
 129.580006 -1.931694 0.943463
 129.780006 -2.443170 1.271402
 129.980006 -1.898662 0.909539
 130.180006 -2.243451 1.329007
 130.380006 -2.231862 0.852772
 130.580006 -2.029527 1.290221
 130.780006 -2.132674 0.997274
 130.980006 -2.307374 1.198004
 131.180006 -1.809854 1.133976
 131.380006 -2.095310 1.173581
 131.580006 -2.171816 1.197608
 131.780006 -1.911233 1.035551
 131.980006 -2.365027 1.111505
 132.180006 -2.173764 0.930288
 132.380006 -1.894071 1.174059
 132.580006 -2.197713 0.940999
 132.780006 -2.055125 1.285386
 132.980006 -1.827425 1.117548
 133.180006 -2.346717 1.146916
 133.380006 -2.038462 1.106872
 133.580006 -1.963179 1.137640
 133.780006 -2.111517 1.129395
 133.980006 -2.059142 1.109511
 134.180006 -1.969687 1.024045
 134.380006 -2.251751 1.136358
 134.580006 -2.149227 0.958964
 134.780006 -1.989390 1.191116
 134.980006 -2.279878 1.005219
 135.180006 -1.911814 1.214157
 135.380006 -1.908132 1.116306
 135.580006 -2.252413 1.005424
 135.780006 -2.026227 1.252506
 135.980006 -1.947218 0.925300
 136.180006 -2.183097 1.178116
 136.380006 -1.939211 1.029996
 136.580006 -1.995548 1.122317
 136.780006 -2.187776 1.109476
 136.980007 -2.117130 1.073272
 137.180007 -2.081133 1.159209
 137.380007 -2.263636 0.960316
 137.580007 -1.915772 1.178572
 137.780007 -1.964285 1.095294
 137.980007 -2.180434 1.007433
 138.180007 -1.943304 1.208508
 138.380007 -2.141142 0.952151
 138.580007 -2.335357 1.242066
 138.780007 -1.966835 0.987001
 138.980007 -2.116474 1.271356
 139.180007 -2.290547 0.897095
 139.380007 -1.908636 1.311811
 139.580007 -2.114957 1.064929
 139.780007 -2.219672 1.001207
 139.980007 -1.893928 1.233018
 140.180007 -2.313340 0.926532
 140.380007 -2.049690 1.211540
 140.580007 -2.128622 0.984423
 140.780007 -2.297811 1.146348
 140.980007 -1.851426 1.108636
 141.180007 -2.228534 0.918705
 141.380007 -2.078107 1.235708
 141.580007 -2.120348 0.989112
 141.780007 -2.156330 1.184304
 141.980007 -2.126362 1.129546
 142.180007 -2.063629 1.161315
 142.380007 -2.091002 1.295491
 142.580007 -2.056135 0.820508
 142.780007 -2.044638 1.328655
 142.980007 -2.155615 0.926863
 143.180007 -2.161016 1.252066
 143.380007 -1.888922 0.885021
 143.580007 -2.168056 1.220988
 143.780007 -1.976813 1.007284
 143.980007 -2.047846 1.167364
 144.180007 -2.110893 0.948942
 144.380007 -2.031537 1.136760
 144.580007 -2.130548 1.150527
 144.780007 -2.016690 1.021036
 144.980007 -1.982708 1.141743
 145.180007 -2.003815 1.014136
 145.380007 -2.166393 1.133400
 145.580007 -1.777958 0.868903
 145.780007 -2.022333 1.228163
 145.980007 -2.078242 0.874468
 146.180007 -1.742088 1.237253
 146.380007 -2.045089 0.679949
 146.580007 -2.113173 1.411672
 146.780007 -1.923277 0.931714
 146.980007 -2.116524 1.065275
 147.180007 -2.163448 1.065384
 147.380007 -2.036954 1.055288
 147.580007 -1.962269 1.307972
 147.780007 -1.976726 0.905072
 147.980007 -1.780174 1.393498
 148.180007 -2.071275 0.821761
 148.380007 -2.111418 1.191074
 148.580007 -1.970540 0.979791
 148.780007 -2.445415 1.160424
 148.980007 -1.814785 0.957305
 149.180007 -2.227590 1.252740
 149.380007 -2.054473 0.887122
 149.580007 -2.065432 1.200068
 149.780007 -2.002734 0.853512
 149.980007 -2.309612 1.163047
 150.180007 -1.953083 1.082505
 150.380007 -2.086055 1.201605
 150.580007 -2.212274 1.014247
 150.780007 -1.816347 1.245407
 150.980007 -2.302893 0.995922
 151.180007 -1.966831 1.027614
 151.380007 -1.890483 1.337017
 151.580007 -2.160710 0.935099
 151.780007 -1.934162 1.256632
 151.980007 -2.072975 0.835377
 152.180007 -2.273678 1.354993
 152.380007 -1.958003 0.861188
 152.580007 -2.034463 1.264189
 152.780007 -2.176361 0.947372
 152.980007 -1.959242 1.203379
 153.180007 -1.765777 1.140659
 153.380007 -2.438770 0.952124
 153.580007 -1.869427 1.122311
 153.780007 -1.982236 1.109344
 153.980007 -2.227406 1.134249
 154.180007 -1.918794 1.072267
 154.380007 -2.067382 1.024629
 154.580007 -2.123995 1.209348
 154.780007 -1.913041 0.974789
 154.980007 -2.062250 1.122272
 155.180007 -2.283949 0.968600
 155.380007 -1.803248 1.158129
 155.580007 -1.994796 1.104574
 155.780007 -2.278178 1.020917
 155.980007 -1.752691 1.193092
 156.180007 -2.173091 0.922173
 156.380007 -2.175557 1.061499
 156.580007 -1.846788 1.250874
 156.780007 -2.163534 0.883932
 156.980007 -2.025393 1.130900
 157.180007 -1.836005 1.233884
 157.380007 -2.130804 0.877179
 157.580007 -2.039264 1.149005
 157.780007 -1.971151 1.016639
 157.980008 -2.231975 1.084943
 158.180008 -1.922975 0.999078
 158.380008 -1.998023 1.193192
 158.580008 -2.311464 0.956663
 158.780008 -1.703509 1.151878
 158.980008 -2.044296 1.027348
 159.180008 -2.287460 1.035840
 159.380008 -1.631188 1.027612
 159.580008 -2.316093 1.076450
 159.780008 -1.956998 1.094755
 159.980008 -2.016663 1.147782
 160.180008 -2.154749 0.955064
 160.380008 -1.894143 1.124612
 160.580008 -2.163470 1.105997
 160.780008 -2.008601 1.028334
 160.980008 -1.804289 1.072257
 161.180008 -2.220074 1.128356
 161.380008 -2.035955 0.964466
 161.580008 -1.671085 0.977117
 161.780008 -2.241537 1.220021
 161.980008 -2.107722 0.989319
 162.180008 -1.841863 1.077627
 162.380008 -2.137355 1.000177
 162.580008 -2.040212 1.088652
 162.780008 -1.756248 1.073160
 162.980008 -2.372361 1.108708
 163.180008 -1.918017 1.053441
 163.380008 -1.942980 1.177262
 163.580008 -2.185656 1.007065
 163.780008 -1.875003 1.141763
 163.980008 -2.099743 1.078518
 164.180008 -2.123885 0.962689
 164.380008 -1.780007 1.219748
 164.580008 -2.231253 1.005408
 164.780008 -2.056919 1.082896
 164.980008 -1.857967 1.123587
 165.180008 -2.165887 1.031589
 165.380008 -2.182244 1.164122
 165.580008 -1.935849 0.926729
 165.780008 -2.171635 1.189661
 165.980008 -1.880907 1.065168
 166.180008 -1.960221 1.091168
 166.380008 -2.165699 1.171377
 166.580008 -1.856215 1.014120
 166.780008 -2.138997 1.239859
 166.980008 -2.193464 0.975689
 167.180008 -1.851666 1.065269
 167.380008 -2.072365 1.065922
 167.580008 -2.183662 1.034775
 167.780008 -1.641343 1.055807
 167.980008 -2.253645 1.252054
 168.180008 -2.127126 0.947818
 168.380008 -1.928599 1.301138
 168.580008 -2.299843 0.773566
 168.780008 -1.968847 1.158467
 168.980008 -1.930948 1.153551
 169.180008 -2.204908 0.939756
 169.380008 -1.884687 1.246540
 169.580008 -2.053206 0.943927
 169.780008 -2.301499 1.259073
 169.980008 -1.792236 0.881451
 170.180008 -2.309572 1.312502
 170.380008 -1.912297 0.929402
 170.580008 -1.982822 1.370021
 170.780008 -1.944790 0.840783
 170.980008 -2.184330 1.217701
 171.180008 -1.870246 1.006660
 171.380008 -2.141976 1.154167
 171.580008 -2.223171 0.985959
 171.780008 -1.833081 1.148589
 171.980008 -2.276575 1.140743
 172.180008 -1.872301 0.896124
 172.380008 -2.050033 1.331261
 172.580008 -2.105600 0.736097
 172.780008 -2.013677 1.391196
 172.980008 -1.913239 0.751902
 173.180008 -2.364984 1.454288
 173.380008 -1.780712 0.909852
 173.580008 -2.118996 1.427576
 173.780008 -1.950924 0.793567
 173.980008 -2.009074 1.269814
 174.180008 -2.156511 1.060278
 174.380008 -2.070732 0.973583
 174.580008 -1.995248 1.227914
 174.780008 -2.205848 0.941886
 174.980008 -1.928458 1.294843
 175.180008 -1.882660 0.974013
 175.380008 -2.364947 1.229778
 175.580008 -1.847621 1.044554
 175.780008 -2.095137 1.180262
 175.980008 -2.207970 0.875581
 176.180008 -2.198903 1.284352
 176.380008 -1.826433 0.924744
 176.580008 -2.318742 1.267153
 176.780008 -1.942312 0.763331
 176.980008 -1.994060 1.453455
 177.180008 -2.083916 0.745646
 177.380008 -1.887943 1.415972
 177.580008 -2.056252 0.985157
 177.780008 -2.276821 1.217881
 177.980008 -1.812224 1.092064
 178.180008 -2.206707 1.168359
 178.380008 -2.209635 1.150448
 178.580008 -1.887060 0.990350
 178.780008 -2.158298 1.038443
 178.980009 -2.233735 1.149356
 179.180009 -1.883812 1.035072
 179.380009 -2.227389 1.094018
 179.580009 -2.114034 1.084733
 179.780009 -1.833094 1.129820
 179.980009 -2.173820 1.071008
 180.180009 -2.100604 1.063910
 180.380009 -1.966254 1.205834
 180.580009 -2.154693 0.996403
 180.780009 -2.126459 1.198779
 180.980009 -1.859444 0.954677
 181.180009 -2.238160 1.135398
 181.380009 -2.080579 1.072754
 181.580009 -1.914968 1.069257
 181.780009 -2.184233 1.066407
 181.980009 -2.106416 1.168129
 182.180009 -2.104439 1.061188
 182.380009 -2.076955 1.126346
 182.580009 -2.072372 1.118547
 182.780009 -2.077352 1.066031
 182.980009 -2.140720 1.162762
 183.180009 -1.904413 1.051805
 183.380009 -2.088760 1.127430
 183.580009 -2.107548 0.969737
 183.780009 -1.909996 1.182382
 183.980009 -2.145901 0.821470
 184.180009 -2.055626 1.196168
 184.380009 -1.823069 0.987742
 184.580009 -2.194227 1.159801
 184.780009 -1.991089 0.967380
 184.980009 -2.087430 1.248285
 185.180009 -1.927851 1.045151
 185.380009 -2.328665 1.090971
 185.580009 -1.938645 0.908695
 185.780009 -2.225098 1.262416
 185.980009 -2.103584 0.950527
 186.180009 -1.867601 1.190630
 186.380009 -2.190038 0.860350
 186.580009 -1.971677 1.052794
 186.780009 -1.761413 1.162665
 186.980009 -2.176196 0.994576
 187.180009 -1.922771 1.178040
 187.380009 -1.934164 0.946985
 187.580009 -2.072322 1.168874
 187.780009 -1.960545 0.936479
 187.980009 -2.003132 1.200565
 188.180009 -2.116981 0.942927
 188.380009 -1.939352 1.120866
 188.580009 -1.949554 1.051286
 188.780009 -2.270927 1.020109
 188.980009 -1.803591 1.063851
 189.180009 -2.152668 1.128301
 189.380009 -2.043269 0.902871
 189.580009 -1.867329 1.246607
 189.780009 -2.142842 0.782236
 189.980009 -1.830379 1.304922
 190.180009 -2.042503 0.828283
 190.380009 -2.093104 1.242756
 190.580009 -1.961286 0.958582
 190.780009 -2.191492 1.067751
 190.980009 -2.050925 1.256692
 191.180009 -1.836840 0.824983
 191.380009 -1.985639 1.267590
 191.580009 -2.097634 0.826497
 191.780009 -2.083577 1.257050
 191.980009 -2.099821 0.903098
 192.180009 -2.228205 1.105178
 192.380009 -1.821882 1.136644
 192.580009 -2.308743 1.032501
 192.780009 -1.847844 1.124261
 192.980009 -1.865649 1.163307
 193.180009 -2.308467 0.986144
 193.380009 -1.945504 1.057963
 193.580009 -2.004653 0.977665
 193.780009 -2.229665 1.228058
 193.980009 -1.915945 0.995750
 194.180009 -2.013848 1.149483
 194.380009 -2.159031 1.063896
 194.580009 -1.812168 1.073959
 194.780009 -2.317770 1.180840
 194.980009 -2.096391 0.788891
 195.180009 -1.747698 1.290557
 195.380009 -2.322516 0.805850
 195.580009 -1.873874 1.131328
 195.780009 -1.775822 1.194932
 195.980009 -2.236027 1.019522
 196.180009 -1.924292 1.175976
 196.380009 -2.111322 1.026097
 196.580009 -2.299274 0.878385
 196.780009 -1.768286 1.152088
 196.980009 -2.148556 0.944695
 197.180009 -2.243299 1.174192
 197.380009 -1.795881 1.092804
 197.580009 -2.124600 1.094733
 197.780009 -2.230142 1.027649
 197.980009 -1.701820 1.194549
 198.180009 -2.225216 0.990444
 198.380009 -2.183644 1.230002
 198.580009 -1.935007 1.004519
 198.780009 -2.147525 1.127955
 198.980009 -2.147881 1.084210
 199.180009 -2.002588 0.971607
 199.380009 -2.113087 1.225501
 199.580009 -2.027230 0.846478
 199.780009 -1.930260 1.317179
 199.980009 -2.232323 0.986868
