#! FIELDS time phi psi
#! SET max_psi pi
 0.180000 -2.769839 1.481197
 0.380000 -2.372192 0.118204
 0.580000 -2.759575 1.242539
 0.780000 -2.651781 0.052046
 0.980000 -2.900315 1.114420
 1.180000 -2.611353 0.170325
 1.380000 -2.778543 0.981117
 1.580000 -2.704288 0.401073
 1.780000 -2.803629 0.672589
 1.980000 -2.493410 0.742839
 2.180000 -2.992398 0.384608
 2.380000 -2.493936 0.744758
 2.580000 -2.961305 0.383842
 2.780000 -2.658753 0.907310
 2.980000 -2.963925 0.247311
 3.180000 -2.785885 0.698141
 3.380000 -2.558819 0.599680
 3.580000 -2.876949 0.617144
 3.780000 -2.585580 0.635455
 3.980000 -2.681494 0.471877
 4.180000 -2.655529 0.808150
 4.380000 -3.028191 0.493643
 4.580000 -2.509577 0.575434
 4.780000 -2.736885 0.775428
 4.980000 -2.695923 0.445931
 5.180000 -2.781102 0.789228
 5.380000 -2.702839 0.272385
 5.580000 -2.586692 1.097960
 5.780000 -2.878315 0.199096
 5.980000 -2.734008 0.965529
 6.180000 -2.765555 0.428490
 6.380000 -2.722472 0.847891
 6.580000 -2.851403 0.521653
 6.780000 -2.864475 0.395460
 6.980000 -2.528514 0.902781
 7.180000 -2.575222 0.395226
 7.380000 -2.754455 0.823309
 7.580000 -2.632621 0.330087
 7.780000 -2.737190 0.936444
 7.980000 -2.731088 0.401625
 8.180000 -2.986863 0.774682
 8.380000 -2.621065 0.524915
 8.580000 -2.761874 0.560569
 8.780000 -2.671113 0.750085
 8.980000 -2.743367 0.520712
 9.180000 -2.656582 0.852584
 9.380000 -2.784249 0.354012
 9.580000 -2.841463 0.781935
 9.780000 -2.651416 0.473354
 9.980000 -2.937652 0.643485
 10.180000 -2.621177 0.631191
 10.380000 -2.964448 0.496179
 10.580001 -2.430204 0.723944
 10.780001 -2.750559 0.631893
 10.980001 -2.648383 0.507621
 11.180001 -2.896778 0.659324
 11.380001 -2.730557 0.426292
 11.580001 -2.720752 0.879148
 11.780001 -2.812692 0.280487
 11.980001 -2.623037 0.870654
 12.180001 -2.698075 0.465094
 12.380001 -2.492326 0.814480
 12.580001 -2.811062 0.480521
 12.780001 -2.617886 0.544458
 12.980001 -2.749221 0.859073
 13.180001 -2.730136 0.376713
 13.380001 -2.851364 0.928399
 13.580001 -2.669258 0.341974
 13.780001 -2.721211 1.023775
 13.980001 -2.760589 0.364511
 14.180001 -2.798802 0.832683
 14.380001 -2.538375 0.624974
 14.580001 -2.794894 0.425904
 14.780001 -2.694612 0.810665
 14.980001 -2.674269 0.393954
 15.180001 -2.864036 0.846367
 15.380001 -2.751004 0.487065
 15.580001 -2.814789 0.712677
 15.780001 -2.655746 0.590093
 15.980001 -2.678602 0.648497
 16.180001 -2.780562 0.528800
 16.380001 -2.715509 0.550531
 16.580001 -2.576056 0.739588
 16.780001 -2.860651 0.467557
 16.980001 -2.666548 0.657113
 17.180001 -2.677399 0.631089
 17.380001 -2.814469 0.622276
 17.580001 -2.831018 0.566544
 17.780001 -2.702748 0.605760
 17.980001 -2.670711 0.661578
 18.180001 -2.670177 0.676543
 18.380001 -2.781568 0.485224
 18.580001 -2.750700 0.769269
 18.780001 -2.723890 0.391746
 18.980001 -2.950684 0.709566
 19.180001 -2.646598 0.526680
 19.380001 -2.816188 0.723801
 19.580001 -2.885675 0.484110
 19.780001 -2.787194 0.776367
 19.980001 -2.699906 0.492046
 20.180001 -2.716227 0.676568
 20.380001 -2.966663 0.466007
 20.580001 -2.782210 0.563778
 20.780001 -2.545193 0.764030
 20.980001 -3.026463 0.469881
 21.180001 -2.665946 0.739933
 21.380001 -2.758696 0.551162
 21.580001 -2.672945 0.704710
 21.780001 -2.816855 0.507188
 21.980001 -2.792845 0.759645
 22.180001 -2.742836 0.515159
 22.380001 -2.863332 0.667325
 22.580001 -2.814593 0.659246
 22.780001 -2.733258 0.518067
 22.980001 -2.853061 0.788025
 23.180001 -2.828084 0.445461
 23.380001 -2.642987 0.809138
 23.580001 -2.821988 0.508609
 23.780001 -2.567049 0.739141
 23.980001 -2.883032 0.382575
 24.180001 -2.735304 0.779957
 24.380001 -2.894485 0.616101
 24.580001 -2.983369 0.466380
 24.780001 -2.729596 0.717656
 24.980001 -2.794575 0.428469
 25.180001 -2.749161 0.730136
 25.380001 -2.774132 0.436191
 25.580001 -2.609201 0.820179
 25.780001 -2.973784 0.519539
 25.980001 -2.606566 0.601083
 26.180001 -2.795111 0.610534
 26.380001 -2.683005 0.555772
 26.580001 -2.933022 0.797048
 26.780001 -2.645185 0.262785
 26.980001 -2.692567 0.945368
 27.180001 -2.690116 0.364685
 27.380001 -2.689310 0.649431
 27.580001 -2.735859 0.599251
 27.780001 -2.617416 0.569105
 27.980001 -2.841795 0.580135
 28.180001 -2.759554 0.467721
 28.380001 -2.592758 0.792803
 28.580001 -2.625107 0.334484
 28.780001 -2.805041 0.792318
 28.980001 -2.546262 0.561994
 29.180001 -2.846626 0.787328
 29.380001 -2.741045 0.486688
 29.580001 -2.764820 0.638596
 29.780001 -2.906471 0.552176
 29.980001 -2.738159 0.580377
 30.180001 -2.866172 0.746885
 30.380001 -2.780803 0.568085
 30.580001 -2.677254 0.706773
 30.780001 -2.560669 0.365750
 30.980001 -2.821685 0.684709
 31.180001 -2.638900 0.477567
 31.380001 -2.882620 0.786060
 31.580001 -2.552808 0.669058
 31.780002 -2.837210 0.652075
 31.980002 -2.670325 0.618563
 32.180002 -2.699060 0.523139
 32.380002 -2.629829 0.707922
 32.580002 -2.683161 0.435349
 32.780002 -2.710531 0.683294
 32.980002 -2.744629 0.673413
 33.180002 -2.762870 0.583713
 33.380002 -2.836550 0.756251
 33.580002 -2.808788 0.517694
 33.780002 -2.890089 0.734622
 33.980002 -2.790521 0.516997
 34.180002 -2.826290 0.730127
 34.380002 -2.825167 0.446340
 34.580002 -2.753371 0.783932
 34.780002 -2.607194 0.538860
 34.980002 -2.953342 0.515531
 35.180002 -2.635553 0.717941
 35.380002 -2.842762 0.598354
 35.580002 -2.741237 0.808018
 35.780002 -2.695426 0.462088
 35.980002 -2.755173 0.765153
 36.180002 -2.531163 0.445746
 36.380002 -2.617036 0.646413
 36.580002 -2.622019 0.599999
 36.780002 -2.783398 0.529610
 36.980002 -2.706920 0.760499
 37.180002 -2.876909 0.543005
 37.380002 -2.795124 0.669458
 37.580002 -2.942267 0.516109
 37.780002 -2.675226 0.742142
 37.980002 -2.694154 0.610904
 38.180002 -2.909874 0.714423
 38.380002 -2.574402 0.610908
 38.580002 -2.907555 0.567234
 38.780002 -2.592342 0.693471
 38.980002 -2.982063 0.447733
 39.180002 -2.740530 0.654359
 39.380002 -2.925301 0.644385
 39.580002 -2.588159 0.428742
 39.780002 -2.842914 0.767290
 39.980002 -2.495109 0.180404
 40.180002 -2.821927 1.126110
 40.380002 -2.473496 0.389355
 40.580002 -2.834327 0.979355
 40.780002 -2.778484 0.335901
 40.980002 -2.713630 0.712573
 41.180002 -2.721267 0.623769
 41.380002 -2.794995 0.489519
 41.580002 -2.564592 0.787170
 41.780002 -2.852518 0.321350
 41.980002 -2.494702 0.850471
 42.180002 -2.766351 0.295523
 42.380002 -2.747327 1.000826
 42.580002 -2.505469 0.267852
 42.780002 -3.014021 0.867162
 42.980002 -2.259650 0.431441
 43.180002 -2.967032 0.872978
 43.380002 -2.374706 0.326191
 43.580002 -3.138737 0.912200
 43.780002 -2.574508 0.311537
 43.980002 -3.117572 0.937308
 44.180002 -2.551542 0.141467
 44.380002 -2.848547 0.959196
 44.580002 -2.588873 0.261728
 44.780002 -2.795850 1.050774
 44.980002 -2.673219 0.264099
 45.180002 -2.680602 1.075753
 45.380002 -2.717007 0.081807
 45.580002 -2.500018 0.781291
 45.780002 -2.947071 0.359010
 45.980002 -2.672561 0.621296
 46.180002 -2.623581 0.755386
 46.380002 -2.855583 0.298928
 46.580002 -2.593641 0.989543
 46.780002 -2.643021 0.209082
 46.980002 -2.963383 0.971390
 47.180002 -2.592909 0.432251
 47.380002 -2.836493 0.715093
 47.580002 -2.542663 0.494427
 47.780002 -2.826187 0.634399
 47.980002 -2.761263 0.818274
 48.180002 -2.556734 0.590171
 48.380002 -2.917963 0.880730
 48.580002 -2.700117 0.464434
 48.780002 -2.583749 0.822129
 48.980002 -2.806167 0.514068
 49.180002 -2.805872 0.683430
 49.380002 -2.610260 0.726488
 49.580002 -2.954823 0.585415
 49.780002 -2.346964 0.809132
 49.980002 -3.000560 0.510114
 50.180002 -2.564979 0.799440
 50.380002 -2.925305 0.575762
 50.580002 -2.907462 0.690105
 50.780002 -2.668076 0.677150
 50.980002 -2.691587 0.552424
 51.180002 -2.887571 0.726096
 51.380002 -2.603065 0.564168
 51.580002 -2.757449 0.839404
 51.780002 -2.736421 0.410783
 51.980002 -2.808761 0.682126
 52.180002 -2.784438 0.633527
 52.380002 -2.547608 0.659838
 52.580002 -2.946766 0.624385
 52.780003 -2.565386 0.511865
 52.980003 -2.802703 0.922064
 53.180003 -2.545756 0.317776
 53.380003 -2.876142 0.937434
 53.580003 -2.500751 0.362251
 53.780003 -2.971064 0.722159
 53.980003 -2.554581 0.487968
 54.180003 -2.882766 0.707043
 54.380003 -2.682262 0.563675
 54.580003 -2.811385 0.527266
 54.780003 -2.780240 0.763591
 54.980003 -2.599827 0.526351
 55.180003 -2.787341 0.853641
 55.380003 -2.756217 0.518181
 55.580003 -2.679080 0.612607
 55.780003 -2.794870 0.676675
 55.980003 -2.807652 0.453445
 56.180003 -2.654544 0.776371
 56.380003 -2.821008 0.324935
 56.580003 -2.528482 0.907159
 56.780003 -2.900083 0.382104
 56.980003 -2.555255 0.790689
 57.180003 -2.802265 0.618652
 57.380003 -2.844958 0.569516
 57.580003 -2.756126 0.693711
 57.780003 -2.829550 0.517386
 57.980003 -2.704040 0.863467
 58.180003 -2.759970 0.409601
 58.380003 -2.650777 0.789865
 58.580003 -2.787370 0.441553
 58.780003 -2.556548 0.696481
 58.980003 -2.722615 0.510176
 59.180003 -2.682727 0.626342
 59.380003 -2.689621 0.639368
 59.580003 -2.805235 0.482688
 59.780003 -2.694678 0.832524
 59.980003 -2.816538 0.513033
 60.180003 -2.631731 0.871459
 60.380003 -2.914946 0.449033
 60.580003 -2.663078 0.752296
 60.780003 -2.826365 0.557950
 60.980003 -2.887042 0.639487
 61.180003 -2.635768 0.697084
 61.380003 -2.869731 0.371888
 61.580003 -2.868320 0.859571
 61.780003 -2.636050 0.403610
 61.980003 -2.861628 0.900454
 62.180003 -2.825719 0.420478
 62.380003 -2.733616 0.686504
 62.580003 -2.753051 0.646494
 62.780003 -2.797897 0.444704
 62.980003 -2.730326 0.824635
 63.180003 -2.775320 0.441862
 63.380003 -2.559179 0.784708
 63.580003 -2.875898 0.340724
 63.780003 -2.554682 0.743864
 63.980003 -2.783029 0.628265
 64.180003 -2.865441 0.614016
 64.380003 -2.894526 0.769727
 64.580003 -2.842140 0.432822
 64.780003 -2.770690 0.875496
 64.980003 -3.039380 0.354782
 65.180003 -2.709649 0.780954
 65.380003 -2.795851 0.524523
 65.580003 -2.869629 0.587145
 65.780003 -2.808754 0.653871
 65.980003 -2.779612 0.571239
 66.180003 -2.663867 0.775454
 66.380003 -2.845385 0.503420
 66.580003 -2.667393 0.841703
 66.780003 -2.713760 0.421827
 66.980003 -2.877250 0.649997
 67.180003 -2.700916 0.645768
 67.380003 -2.817961 0.566789
 67.580003 -2.598590 0.734061
 67.780003 -2.790249 0.502064
 67.980003 -2.651157 0.710321
 68.180003 -2.752740 0.367118
 68.380003 -2.710591 0.778166
 68.580003 -2.982466 0.442134
 68.780003 -2.757026 0.671125
 68.980003 -2.735711 0.647999
 69.180003 -2.703420 0.573446
 69.380003 -2.766053 0.672539
 69.580003 -2.600471 0.433456
 69.780003 -2.882139 0.868832
 69.980003 -2.701076 0.422531
 70.180003 -2.831828 0.793203
 70.380003 -2.896648 0.565414
 70.580003 -2.879698 0.622729
 70.780003 -2.799764 0.609163
 70.980003 -2.753065 0.565050
 71.180003 -2.676584 0.745145
 71.380003 -2.789078 0.478067
 71.580003 -2.669775 0.745723
 71.780003 -2.721193 0.573056
 71.980003 -2.780536 0.528231
 72.180003 -2.864146 0.654388
 72.380003 -2.720828 0.570427
 72.580003 -2.686233 0.749719
 72.780003 -2.809418 0.402361
 72.980003 -2.633484 0.615829
 73.180003 -2.500210 0.610293
 73.380003 -2.663078 0.690952
 73.580003 -2.705748 0.617864
 73.780004 -2.663592 0.676389
 73.980004 -2.950267 0.558708
 74.180004 -2.792741 0.528805
 74.380004 -2.798855 0.722968
 74.580004 -2.908764 0.465788
 74.780004 -2.669117 0.807190
 74.980004 -2.807398 0.415877
 75.180004 -2.570043 0.697216
 75.380004 -2.862760 0.615971
 75.580004 -2.743826 0.584871
 75.780004 -2.813564 0.685399
 75.980004 -2.822962 0.492139
 76.180004 -2.800645 0.689234
 76.380004 -2.841390 0.492358
 76.580004 -2.659017 0.706725
 76.780004 -2.854350 0.585478
 76.980004 -2.687043 0.591971
 77.180004 -2.904523 0.719281
 77.380004 -2.624620 0.418249
 77.580004 -2.885693 0.758673
 77.780004 -2.545263 0.412589
 77.980004 -2.817991 0.769140
 78.180004 -2.619646 0.434712
 78.380004 -2.814069 0.714619
 78.580004 -2.763879 0.567570
 78.780004 -2.720557 0.726727
 78.980004 -2.914084 0.497218
 79.180004 -2.624810 0.730634
 79.380004 -2.778463 0.548507
 79.580004 -2.763937 0.490001
 79.780004 -2.812384 0.771879
 79.980004 -2.668987 0.572873
 80.180004 -2.931904 0.634497
 80.380004 -2.615952 0.495556
 80.580004 -2.793223 0.776654
 80.780004 -2.811381 0.601043
 80.980004 -2.703672 0.581865
 81.180004 -2.733912 0.616248
 81.380004 -2.668604 0.633537
 81.580004 -2.760575 0.565679
 81.780004 -2.993312 0.485763
 81.980004 -2.716605 0.714769
 82.180004 -2.666417 0.592548
 82.380004 -3.082680 0.380587
 82.580004 -2.603214 0.559844
 82.780004 -2.696973 0.865747
 82.980004 -2.756523 0.400086
 83.180004 -2.818227 0.737742
 83.380004 -2.733866 0.497412
 83.580004 -2.668541 0.709453
 83.780004 -2.998001 0.574393
 83.980004 -2.689193 0.500712
 84.180004 -2.735951 0.834007
 84.380004 -2.583845 0.436027
 84.580004 -2.808379 0.832214
 84.780004 -2.633531 0.311238
 84.980004 -2.725957 1.035159
 85.180004 -2.696649 0.289942
 85.380004 -2.799077 0.964727
 85.580004 -2.663131 0.342129
 85.780004 -2.775658 0.809385
 85.980004 -2.811719 0.505163
 86.180004 -2.784001 0.616112
 86.380004 -2.635596 0.788014
 86.580004 -2.928137 0.334220
 86.780004 -2.552600 0.848288
 86.980004 -2.891956 0.412196
 87.180004 -2.859369 0.607078
 87.380004 -2.951404 0.717009
 87.580004 -2.709776 0.431022
 87.780004 -2.606151 0.799145
 87.980004 -2.932898 0.463492
 88.180004 -2.557566 0.803449
 88.380004 -2.924030 0.550797
 88.580004 -2.717590 0.654954
 88.780004 -2.907871 0.490266
 88.980004 -2.750465 0.614399
 89.180004 -2.819531 0.780513
 89.380004 -2.897566 0.366485
 89.580004 -2.718877 0.967181
 89.780004 -2.679684 0.413621
 89.980004 -2.694464 0.863838
 90.180004 -2.783750 0.374645
 90.380004 -2.635637 0.780334
 90.580004 -2.707743 0.644078
 90.780004 -3.028139 0.431979
 90.980004 -2.600342 0.913861
 91.180004 -2.810566 0.279743
 91.380004 -2.730055 0.798529
 91.580004 -2.749660 0.379031
 91.780004 -2.618693 0.871817
 91.980004 -2.740905 0.469342
 92.180004 -2.697736 0.659657
 92.380004 -2.659707 0.664381
 92.580004 -2.772632 0.570066
 92.780004 -2.617808 0.719580
 92.980004 -3.041146 0.389404
 93.180004 -2.427713 0.882471
 93.380004 -2.838044 0.464264
 93.580004 -2.539189 0.720577
 93.780004 -2.892993 0.574207
 93.980004 -2.684493 0.633248
 94.180004 -2.894316 0.636130
 94.380004 -2.894068 0.383152
 94.580004 -2.576845 0.857845
 94.780005 -2.801016 0.527428
 94.980005 -2.775960 0.666570
 95.180005 -2.896506 0.580167
 95.380005 -2.712686 0.650572
 95.580005 -2.859182 0.638387
 95.780005 -2.881675 0.417139
 95.980005 -2.756065 0.813970
 96.180005 -2.791684 0.473952
 96.380005 -2.795448 0.690853
 96.580005 -2.853179 0.518347
 96.780005 -2.750794 0.705726
 96.980005 -2.887083 0.474232
 97.180005 -2.864156 0.711244
 97.380005 -2.674174 0.649484
 97.580005 -2.847598 0.626065
 97.780005 -2.598564 0.590707
 97.980005 -2.853166 0.543660
 98.180005 -2.482993 0.667945
 98.380005 -2.784249 0.525953
 98.580005 -2.798292 0.654252
 98.780005 -2.806926 0.558174
 98.980005 -2.655951 0.715385
 99.180005 -2.979850 0.607370
 99.380005 -2.699515 0.516548
 99.580005 -2.715213 0.688591
 99.780005 -2.666035 0.507914
 99.980005 -2.775491 0.738441
 100.180005 -2.705419 0.401953
 100.380005 -2.681760 0.760896
 100.580005 -2.843804 0.357932
 100.780005 -2.968297 0.648457
 100.980005 -2.483728 0.583030
 101.180005 -2.848676 0.660861
 101.380005 -2.621706 0.479500
 101.580005 -2.722137 0.619286
 101.780005 -2.599037 0.814412
 101.980005 -2.857274 0.537909
 102.180005 -2.878489 0.662698
 102.380005 -2.748689 0.591599
 102.580005 -2.836044 0.596882
 102.780005 -2.799585 0.587592
 102.980005 -2.824731 0.687353
 103.180005 -2.598795 0.684418
 103.380005 -3.004295 0.531381
 103.580005 -2.367592 0.583383
 103.780005 -2.858361 0.687032
 103.980005 -2.658956 0.501914
 104.180005 -3.051989 0.737835
 104.380005 -2.529015 0.449682
 104.580005 -2.763842 0.686316
 104.780005 -2.671886 0.394776
 104.980005 -2.545459 0.718022
 105.180005 -2.645901 0.602442
 105.380005 -2.662918 0.597892
 105.580005 -2.788240 0.596115
 105.780005 -2.446045 0.605979
 105.980005 -2.774078 0.686581
 106.180005 -2.693752 0.511716
 106.380005 -2.681383 0.662367
 106.580005 -2.605209 0.597116
 106.780005 -2.710517 0.566034
 106.980005 -2.791529 0.568188
 107.180005 -2.542302 0.727276
 107.380005 -2.885247 0.667883
 107.580005 -2.670582 0.481858
 107.780005 -2.712545 0.760149
 107.980005 -2.717072 0.430775
 108.180005 -2.838678 0.778146
 108.380005 -2.745581 0.443923
 108.580005 -2.865640 0.773528
 108.780005 -2.829687 0.460908
 108.980005 -2.824181 0.645489
 109.180005 -2.775506 0.680875
 109.380005 -2.644758 0.404766
 109.580005 -2.724960 0.690489
 109.780005 -2.630597 0.558868
 109.980005 -2.662989 0.734981
 110.180005 -2.788259 0.607802
 110.380005 -2.606089 0.676582
 110.580005 -2.843169 0.520001
 110.780005 -2.751129 0.643905
 110.980005 -2.806340 0.508401
 111.180005 -2.817177 0.728627
 111.380005 -2.675608 0.485832
 111.580005 -2.895114 0.667033
 111.780005 -2.590945 0.710696
 111.980005 -2.735954 0.562457
 112.180005 -2.728409 0.603118
 112.380005 -2.785697 0.561603
 112.580005 -2.798821 0.698908
 112.780005 -2.777705 0.476933
 112.980005 -2.825759 0.800908
 113.180005 -2.785903 0.459349
 113.380005 -2.753030 0.716573
 113.580005 -2.639270 0.544742
 113.780005 -2.807750 0.644305
 113.980005 -2.608152 0.641624
 114.180005 -2.769946 0.544658
 114.380005 -2.851524 0.639126
 114.580005 -2.654492 0.517752
 114.780005 -2.922661 0.692163
 114.980005 -2.639565 0.549528
 115.180005 -2.807689 0.659958
 115.380005 -2.618871 0.500158
 115.580005 -2.745762 0.616757
 115.780005 -2.696482 0.518528
 115.980006 -2.723759 0.710556
 116.180006 -2.821587 0.645715
 116.380006 -2.899212 0.493801
 116.580006 -2.835922 0.645476
 116.780006 -2.728273 0.559914
 116.980006 -2.873711 0.598702
 117.180006 -2.630631 0.660161
 117.380006 -2.657796 0.722790
 117.580006 -2.887831 0.585628
 117.780006 -2.793005 0.624699
 117.980006 -2.840084 0.451574
 118.180006 -2.885396 0.782030
 118.380006 -2.813345 0.478135
 118.580006 -2.974818 0.820318
 118.780006 -2.582724 0.591697
 118.980006 -2.614107 0.701287
 119.180006 -2.845378 0.673208
 119.380006 -2.768851 0.522793
 119.580006 -2.800169 0.820121
 119.780006 -2.923126 0.503692
 119.980006 -2.658619 0.635408
 120.180006 -2.938616 0.545633
 120.380006 -2.461467 0.793338
 120.580006 -2.735643 0.478049
 120.780006 -2.818452 0.661523
 120.980006 -2.820773 0.694051
 121.180006 -2.836640 0.552851
 121.380006 -2.739127 0.696948
 121.580006 -2.687675 0.483553
 121.780006 -2.732028 0.610987
 121.980006 -2.733112 0.583259
 122.180006 -2.754925 0.634940
 122.380006 -2.681520 0.582740
 122.580006 -2.774890 0.533902
 122.780006 -2.863625 0.773611
 122.980006 -2.752641 0.298706
 123.180006 -2.672479 0.874347
 123.380006 -2.741097 0.366111
 123.580006 -2.447811 0.728450
 123.780006 -2.623008 0.436689
 123.980006 -2.683334 0.790761
 124.180006 -2.782435 0.495523
 124.380006 -2.875514 0.724621
 124.580006 -2.808442 0.719885
 124.780006 -2.802363 0.455045
 124.980006 -2.847676 0.818950
 125.180006 -2.665461 0.481545
 125.380006 -2.683527 0.752999
 125.580006 -2.669358 0.427398
 125.780006 -2.588590 0.799994
 125.980006 -2.838643 0.377280
 126.180006 -2.939660 0.674307
 126.380006 -2.651153 0.693906
 126.580006 -2.917922 0.674971
 126.780006 -2.292191 0.662957
 126.980006 -3.038277 0.707164
 127.180006 -2.407495 0.462675
 127.380006 -2.890603 0.891158
 127.580006 -2.556269 0.301071
 127.780006 -2.771996 0.944897
 127.980006 -2.716001 0.262270
 128.180006 -2.869055 0.955643
 128.380006 -2.719862 0.499943
 128.580006 -2.916599 0.785996
 128.780006 -2.746356 0.451501
 128.980006 -2.691600 0.711685
 129.180006 -2.833510 0.600118
 129.380006 -2.570739 0.582497
 129.580006 -2.704058 0.718996
 129.780006 -2.805679 0.510232
 129.980006 -2.681809 0.725661
 130.180006 -2.857275 0.395344
 130.380006 -2.709276 0.840609
 130.580006 -2.735030 0.330174
 130.780006 -2.894066 0.781316
 130.980006 -2.414982 0.611497
 131.180006 -2.917928 0.655036
 131.380006 -2.471963 0.641743
 131.580006 -2.708848 0.614553
 131.780006 -2.730180 0.581348
 131.980006 -2.653068 0.640500
 132.180006 -2.813450 0.721248
 132.380006 -2.838772 0.635366
 132.580006 -2.677154 0.615516
 132.780006 -2.816972 0.724946
 132.980006 -2.527847 0.571871
 133.180006 -2.699057 0.780173
 133.380006 -2.822717 0.505654
 133.580006 -2.420799 0.770338
 133.780006 -2.868757 0.554782
 133.980006 -2.672615 0.659105
 134.180006 -3.018266 0.577532
 134.380006 -2.904536 0.615864
 134.580006 -2.660453 0.604606
 134.780006 -2.917023 0.539847
 134.980006 -2.635712 0.563586
 135.180006 -2.690921 0.711938
 135.380006 -2.672872 0.576849
 135.580006 -2.841242 0.662931
 135.780006 -2.732203 0.556642
 135.980006 -2.927140 0.544264
 136.180006 -2.802957 0.672490
 136.380006 -2.792633 0.562194
 136.580006 -2.645377 0.665857
 136.780006 -2.555466 0.593861
 136.980007 -2.745636 0.597638
 137.180007 -2.394900 0.608306
 137.380007 -2.871536 0.684407
 137.580007 -2.677767 0.442362
 137.780007 -2.822404 0.769363
 137.980007 -2.745028 0.555823
 138.180007 -2.828053 0.671729
 138.380007 -2.714692 0.586177
 138.580007 -2.784762 0.493908
 138.780007 -2.519868 0.761380
 138.980007 -2.746895 0.384759
 139.180007 -2.670447 0.806160
 139.380007 -2.814247 0.492791
 139.580007 -3.016867 0.700708
 139.780007 -2.745823 0.570326
 139.980007 -3.075317 0.593721
 140.180007 -2.754697 0.590107
 140.380007 -2.785303 0.553783
 140.580007 -2.643498 0.694265
 140.780007 -2.852702 0.529123
 140.980007 -2.670450 0.810272
 141.180007 -2.807345 0.394707
 141.380007 -3.016901 0.674713
 141.580007 -2.636800 0.542823
 141.780007 -3.033170 0.590260
 141.980007 -2.535999 0.598700
 142.180007 -2.790011 0.444232
 142.380007 -2.526371 0.691937
 142.580007 -2.758502 0.606200
 142.780007 -2.802408 0.705934
 142.980007 -2.537939 0.675056
 143.180007 -2.835687 0.567440
 143.380007 -2.693658 0.538259
 143.580007 -2.746479 0.551413
 143.780007 -2.775335 0.649031
 143.980007 -2.612216 0.510131
 144.180007 -2.815396 0.635643
 144.380007 -2.621570 0.596742
 144.580007 -2.663380 0.722205
 144.780007 -2.901340 0.609473
 144.980007 -2.776624 0.578368
 145.180007 -2.847575 0.568333
 145.380007 -2.822547 0.611082
 145.580007 -2.645930 0.653065
 145.780007 -2.733139 0.524118
 145.980007 -2.726471 0.767987
 146.180007 -2.538882 0.526376
 146.380007 -2.993991 0.573389
 146.580007 -2.544830 0.655588
 146.780007 -2.943463 0.646954
 146.980007 -2.865591 0.466497
 147.180007 -2.827453 0.680616
 147.380007 -2.758147 0.549695
 147.580007 -2.732469 0.666655
 147.780007 -2.629962 0.502103
 147.980007 -2.705032 0.755322
 148.180007 -2.664065 0.537790
 148.380007 -2.851371 0.718138
 148.580007 -2.731702 0.532358
 148.780007 -2.508883 0.830904
 148.980007 -2.968716 0.504384
 149.180007 -2.539556 0.656059
 149.380007 -2.807497 0.791854
 149.580007 -2.681748 0.448603
 149.780007 -2.645390 0.751111
 149.980007 -2.742268 0.400454
 150.180007 -2.615708 0.904537
 150.380007 -2.787234 0.383507
 150.580007 -2.843733 0.753264
 150.780007 -2.770307 0.510815
 150.980007 -2.754379 0.656633
 151.180007 -2.913725 0.534395
 151.380007 -2.467696 0.587932
 151.580007 -2.928516 0.739766
 151.780007 -2.646599 0.535902
 151.980007 -2.749755 0.843631
 152.180007 -2.849684 0.371074
 152.380007 -2.827536 0.796648
 152.580007 -2.839944 0.354549
 152.780007 -2.910245 0.757201
 152.980007 -2.702157 0.527991
 153.180007 -2.802549 0.675179
 153.380007 -2.598261 0.620650
 153.580007 -2.532394 0.646625
 153.780007 -2.864986 0.537483
 153.980007 -2.715216 0.720917
 154.180007 -2.739745 0.586097
 154.380007 -2.931035 0.595532
 154.580007 -2.612930 0.651852
 154.780007 -2.626658 0.612163
 154.980007 -2.851867 0.637207
 155.180007 -2.536689 0.606808
 155.380007 -2.739405 0.729345
 155.580007 -2.769399 0.497678
 155.780007 -2.666209 0.567489
 155.980007 -2.820220 0.686282
 156.180007 -2.714439 0.518981
 156.380007 -3.083688 0.713202
 156.580007 -2.581275 0.532858
 156.780007 -2.853114 0.717798
 156.980007 -2.498870 0.596771
 157.180007 -2.939419 0.735723
 157.380007 -2.611819 0.611823
 157.580007 -2.873670 0.580667
 157.780007 -2.840096 0.719571
 157.980008 -2.721226 0.643912
 158.180008 -3.043462 0.710217
 158.380008 -2.553101 0.587525
 158.580008 -2.926567 0.710567
 158.780008 -2.435887 0.475051
 158.980008 -2.981216 0.725129
 159.180008 -2.376972 0.519285
 159.380008 -2.906266 0.801004
 159.580008 -2.623973 0.280969
 159.780008 -2.897993 1.086215
 159.980008 -2.661333 0.209818
 160.180008 -2.712900 1.155873
 160.380008 -2.738838 0.134710
 160.580008 -2.662211 1.030797
 160.780008 -2.672774 0.350464
 160.980008 -2.750879 0.561621
 161.180008 -2.639521 0.663119
 161.380008 -2.691874 0.315470
 161.580008 -2.636305 1.035400
 161.780008 -2.789476 0.202368
 161.980008 -2.847179 1.029498
 162.180008 -2.696616 0.349839
 162.380008 -2.880984 0.883422
 162.580008 -2.628696 0.431829
 162.780008 -2.867029 0.790016
 162.980008 -2.709421 0.629471
 163.180008 -2.922552 0.603897
 163.380008 -2.558168 0.597396
 163.580008 -2.875665 0.604468
 163.780008 -2.602756 0.602095
 163.980008 -2.898579 0.607737
 164.180008 -2.657278 0.704988
 164.380008 -2.784879 0.615538
 164.580008 -2.842860 0.699025
 164.780008 -2.690822 0.596124
 164.980008 -2.861084 0.692258
 165.180008 -2.603153 0.529312
 165.380008 -3.052407 0.577652
 165.580008 -2.577256 0.631116
 165.780008 -2.807954 0.695272
 165.980008 -2.669863 0.563603
 166.180008 -2.894437 0.687718
 166.380008 -2.612415 0.617479
 166.580008 -2.989718 0.683329
 166.780008 -2.715670 0.492129
 166.980008 -2.771167 0.778373
 167.180008 -2.766271 0.498820
 167.380008 -2.638387 0.609529
 167.580008 -2.851008 0.582278
 167.780008 -2.548699 0.681407
 167.980008 -2.879100 0.548877
 168.180008 -2.566306 0.664153
 168.380008 -2.862251 0.628001
 168.580008 -2.426894 0.554035
 168.780008 -2.950686 0.732538
 168.980008 -2.452377 0.354226
 169.180008 -2.714233 1.033365
 169.380008 -2.557712 0.151236
 169.580008 -2.791819 1.030444
 169.780008 -2.600207 0.267923
 169.980008 -2.765905 0.862093
 170.180008 -2.846467 0.330016
 170.380008 -2.811626 0.799048
 170.580008 -2.686890 0.605695
 170.780008 -2.863384 0.545597
 170.980008 -2.514443 0.849703
 171.180008 -2.804229 0.435718
 171.380008 -2.706460 0.940732
 171.580008 -2.824832 0.326512
 171.780008 -2.907241 0.683016
 171.980008 -2.764171 0.482722
 172.180008 -2.818979 0.662007
 172.380008 -2.691817 0.671285
 172.580008 -2.674327 0.547876
 172.780008 -2.478417 0.775790
 172.980008 -2.860261 0.378556
 173.180008 -2.551431 0.689567
 173.380008 -2.826690 0.621354
 173.580008 -2.903450 0.465906
 173.780008 -2.704893 0.841630
 173.980008 -2.970189 0.391601
 174.180008 -2.308960 0.827935
 174.380008 -2.849811 0.446840
 174.580008 -2.596779 0.681321
 174.780008 -2.903255 0.627188
 174.980008 -2.855876 0.487613
 175.180008 -2.716687 0.689234
 175.380008 -2.924582 0.418851
 175.580008 -2.847358 0.906264
 175.780008 -2.613783 0.270237
 175.980008 -2.813081 1.008364
 176.180008 -2.725781 0.408534
 176.380008 -2.622193 0.844999
 176.580008 -3.019945 0.506762
 176.780008 -2.651349 0.746585
 176.980008 -2.844244 0.693514
 177.180008 -2.747908 0.571916
 177.380008 -2.587752 0.776245
 177.580008 -2.726794 0.519842
 177.780008 -2.663636 0.714812
 177.980008 -2.746793 0.309290
 178.180008 -2.876640 0.823656
 178.380008 -2.674497 0.482242
 178.580008 -3.072506 0.835674
 178.780008 -2.601745 0.304194
 178.980009 -2.800607 0.746153
 179.180009 -2.694409 0.594020
 179.380009 -2.642834 0.631630
 179.580009 -2.670868 0.731859
 179.780009 -2.838435 0.469153
 179.980009 -2.717810 0.714453
 180.180009 -2.887967 0.543930
 180.380009 -2.710394 0.711966
 180.580009 -2.700186 0.574772
 180.780009 -2.830087 0.663408
 180.980009 -2.736017 0.634676
 181.180009 -2.625501 0.568563
 181.380009 -2.764400 0.744431
 181.580009 -2.696230 0.464076
 181.780009 -2.607974 0.765619
 181.980009 -2.724912 0.535104
 182.180009 -2.717185 0.683609
 182.380009 -2.812240 0.526964
 182.580009 -2.776751 0.615037
 182.780009 -2.735215 0.568088
 182.980009 -2.654962 0.655384
 183.180009 -2.842941 0.486333
 183.380009 -2.652088 0.500806
 183.580009 -2.662675 0.827354
 183.780009 -2.788003 0.440167
 183.980009 -2.795057 0.747472
 184.180009 -2.772001 0.545662
 184.380009 -2.498639 0.714605
 184.580009 -2.966225 0.498791
 184.780009 -2.773823 0.602692
 184.980009 -2.695860 0.847155
 185.180009 -2.736384 0.391439
 185.380009 -2.728763 0.717483
 185.580009 -2.646307 0.552737
 185.780009 -2.618137 0.734246
 185.980009 -2.726685 0.552668
 186.180009 -2.770816 0.571947
 186.380009 -2.898684 0.679414
 186.580009 -2.629690 0.475822
 186.780009 -3.007286 0.793434
 186.980009 -2.582501 0.286511
 187.180009 -2.922715 1.034433
 187.380009 -2.634027 0.197544
 187.580009 -2.958193 0.910390
 187.780009 -2.661678 0.358113
 187.980009 -2.827629 0.787658
 188.180009 -2.705052 0.402037
 188.380009 -3.002055 0.690217
 188.580009 -2.620698 0.688278
 188.780009 -2.852840 0.421387
 188.980009 -2.743580 0.683151
 189.180009 -2.449376 0.497296
 189.380009 -2.717806 0.696878
 189.580009 -2.668920 0.361663
 189.780009 -2.805983 0.633256
 189.980009 -2.777308 0.550202
 190.180009 -2.721387 0.733716
 190.380009 -2.674073 0.436672
 190.580009 -2.909078 0.776796
 190.780009 -2.472356 0.496368
 190.980009 -2.799684 0.694737
 191.180009 -2.641445 0.495453
 191.380009 -2.689133 0.598603
 191.580009 -2.894686 0.652402
 191.780009 -2.804988 0.500549
 191.980009 -2.753777 0.646763
 192.180009 -2.803912 0.576117
 192.380009 -2.717221 0.693800
 192.580009 -2.759720 0.578848
 192.780009 -2.836747 0.718253
 192.980009 -2.697651 0.423276
 193.180009 -2.942735 0.629212
 193.380009 -2.607244 0.694294
 193.580009 -2.900899 0.473311
 193.780009 -2.927793 0.676288
 193.980009 -2.666173 0.641916
 194.180009 -2.899443 0.610118
 194.380009 -2.662396 0.496332
 194.580009 -2.599084 0.709490
 194.780009 -2.569023 0.619313
 194.980009 -2.846172 0.545140
 195.180009 -2.728211 0.699286
 195.380009 -2.863560 0.600459
 195.580009 -2.716184 0.641423
 195.780009 -2.917450 0.465092
 195.980009 -2.719406 0.712906
 196.180009 -2.674695 0.595310
 196.380009 -2.793850 0.508760
 196.580009 -2.599124 0.599007
 196.780009 -2.753034 0.579840
 196.980009 -2.898421 0.663529
 197.180009 -2.744570 0.405881
 197.380009 -2.787346 0.860557
 197.580009 -2.772893 0.380264
 197.780009 -2.644753 0.769591
 197.980009 -2.740651 0.301454
 198.180009 -2.530708 0.836285
 198.380009 -2.739504 0.500974
 198.580009 -2.795454 0.726806
 198.780009 -2.739401 0.663088
 198.980009 -2.834675 0.504806
 199.180009 -2.791667 0.779683
 199.380009 -2.800613 0.504505
 199.580009 -2.811063 0.734606
 199.780009 -2.681366 0.468451
 199.980009 -2.823194 0.885684
