#! FIELDS time phi psi
#! SET max_psi pi
 0.180000 -1.171580 2.077905
 0.380000 -1.369731 1.229699
 0.580000 -1.486545 1.684726
 0.780000 -1.529930 1.408030
 0.980000 -1.267572 1.466243
 1.180000 -1.663594 1.502258
 1.380000 -1.636861 1.550994
 1.580000 -1.189882 1.525456
 1.780000 -1.144762 1.434146
 1.980000 -1.517737 1.731157
 2.180000 -1.433585 1.382303
 2.380000 -1.383120 1.545655
 2.580000 -1.383308 1.381485
 2.780000 -1.338966 1.435497
 2.980000 -1.495966 1.456534
 3.180000 -1.428494 1.662454
 3.380000 -1.056554 1.328328
 3.580000 -1.290452 1.525251
 3.780000 -1.374768 1.459940
 3.980000 -1.444502 1.401318
 4.180000 -1.340627 1.519280
 4.380000 -1.302989 1.311254
 4.580000 -1.479198 1.652249
 4.780000 -1.415061 1.298121
 4.980000 -1.235587 1.540849
 5.180000 -1.307326 1.434750
 5.380000 -1.484562 1.493929
 5.580000 -1.411457 1.507547
 5.780000 -1.183921 1.381530
 5.980000 -1.314676 1.509343
 6.180000 -1.481798 1.532494
 6.380000 -1.213702 1.418468
 6.580000 -1.381201 1.604050
 6.780000 -1.197304 1.287979
 6.980000 -1.461146 1.473349
 7.180000 -1.446616 1.481251
 7.380000 -1.386570 1.365111
 7.580000 -1.248195 1.578932
 7.780000 -1.307935 1.251734
 7.980000 -1.370061 1.595469
 8.180000 -1.332121 1.304288
 8.380000 -1.272938 1.582788
 8.580000 -1.308787 1.393117
 8.780000 -1.288678 1.467026
 8.980000 -1.304538 1.504208
 9.180000 -1.208368 1.329925
 9.380000 -1.151709 1.649667
 9.580000 -1.309100 1.207178
 9.780000 -1.445332 1.671725
 9.980000 -1.449691 1.391140
 10.180000 -1.346153 1.553216
 10.380000 -1.405449 1.348084
 10.580001 -1.260503 1.444958
 10.780001 -1.295131 1.401026
 10.980001 -1.271026 1.493244
 11.180001 -1.336016 1.442402
 11.380001 -1.274952 1.441811
 11.580001 -1.344940 1.385084
 11.780001 -1.304898 1.519441
 11.980001 -1.395991 1.564434
 12.180001 -1.482424 1.467760
 12.380001 -1.378578 1.514203
 12.580001 -1.288771 1.310209
 12.780001 -1.166410 1.729646
 12.980001 -1.475956 1.178623
 13.180001 -1.335350 1.796914
 13.380001 -1.333845 1.166821
 13.580001 -1.407236 1.770669
 13.780001 -1.492146 1.395608
 13.980001 -1.460531 1.656110
 14.180001 -1.256979 1.373190
 14.380001 -1.205114 1.422354
 14.580001 -1.228680 1.412746
 14.780001 -1.559093 1.410208
 14.980001 -1.457883 1.672125
 15.180001 -1.365675 1.369040
 15.380001 -1.169315 1.581535
 15.580001 -1.261559 1.161518
 15.780001 -1.372162 1.763955
 15.980001 -1.257906 1.223627
 16.180001 -1.334377 1.787969
 16.380001 -1.451833 1.257835
 16.580001 -1.315894 1.675787
 16.780001 -1.233888 1.263630
 16.980001 -1.440826 1.598817
 17.180001 -1.453078 1.423361
 17.380001 -1.333626 1.388657
 17.580001 -1.247825 1.630527
 17.780001 -1.280575 1.169876
 17.980001 -1.345977 1.682363
 18.180001 -1.381779 1.313947
 18.380001 -1.321182 1.623889
 18.580001 -1.467932 1.184992
 18.780001 -1.447949 1.647297
 18.980001 -1.264463 1.278949
 19.180001 -1.319022 1.683288
 19.380001 -1.494398 1.278974
 19.580001 -1.261942 1.678114
 19.780001 -1.310397 1.236820
 19.980001 -1.330703 1.625190
 20.180001 -1.527925 1.288480
 20.380001 -1.255163 1.543240
 20.580001 -1.395397 1.434923
 20.780001 -1.202524 1.447178
 20.980001 -1.380748 1.582582
 21.180001 -1.334767 1.329466
 21.380001 -1.410608 1.662166
 21.580001 -1.489881 1.264915
 21.780001 -1.433771 1.610795
 21.980001 -1.432542 1.490240
 22.180001 -1.314243 1.622279
 22.380001 -1.401025 1.342863
 22.580001 -1.215894 1.622563
 22.780001 -1.426604 1.266825
 22.980001 -1.252487 1.751140
 23.180001 -1.369069 1.228349
 23.380001 -1.242378 1.749942
 23.580001 -1.371594 1.311134
 23.780001 -1.476503 1.667343
 23.980001 -1.397487 1.247499
 24.180001 -1.411040 1.593629
 24.380001 -1.383980 1.316686
 24.580001 -1.364773 1.454426
 24.780001 -1.414968 1.489374
 24.980001 -1.284018 1.378131
 25.180001 -1.215597 1.628237
 25.380001 -1.355746 1.300480
 25.580001 -1.389619 1.668869
 25.780001 -1.412273 1.308983
 25.980001 -1.320912 1.609011
 26.180001 -1.416484 1.161434
 26.380001 -1.328150 1.790059
 26.580001 -1.443777 1.086530
 26.780001 -1.180720 1.851158
 26.980001 -1.327057 1.243020
 27.180001 -1.198386 1.597135
 27.380001 -1.469496 1.392159
 27.580001 -1.317867 1.690767
 27.780001 -1.436380 1.381839
 27.980001 -1.280193 1.483025
 28.180001 -1.253264 1.390314
 28.380001 -1.346181 1.336557
 28.580001 -1.545243 1.600292
 28.780001 -1.529195 1.316370
 28.980001 -1.450770 1.809087
 29.180001 -1.302854 1.124512
 29.380001 -1.262897 1.765624
 29.580001 -1.227529 1.203521
 29.780001 -1.273931 1.914756
 29.980001 -1.557384 1.226085
 30.180001 -1.296820 1.605724
 30.380001 -1.394655 1.272163
 30.580001 -1.139162 1.561032
 30.780001 -1.708055 1.414031
 30.980001 -1.475145 1.621629
 31.180001 -1.269845 1.414068
 31.380001 -1.424287 1.477651
 31.580001 -1.259658 1.562065
 31.780002 -1.335016 1.324116
 31.980002 -1.288825 1.737236
 32.180002 -1.474171 1.103716
 32.380002 -1.371066 1.760117
 32.580002 -1.246627 1.113308
 32.780002 -1.253942 1.734129
 32.980002 -1.518109 1.271353
 33.180002 -1.389051 1.590675
 33.380002 -1.460873 1.401656
 33.580002 -1.247589 1.642837
 33.780002 -1.270004 1.239982
 33.980002 -1.271244 1.628805
 34.180002 -1.320363 1.327042
 34.380002 -1.273975 1.541954
 34.580002 -1.503355 1.507359
 34.780002 -1.263850 1.255002
 34.980002 -1.393997 1.670761
 35.180002 -1.325928 1.289497
 35.380002 -1.420722 1.786107
 35.580002 -1.337136 1.270078
 35.780002 -1.191093 1.905229
 35.980002 -1.386822 1.280143
 36.180002 -1.223895 1.531764
 36.380002 -1.406575 1.383950
 36.580002 -1.403995 1.561274
 36.780002 -1.623014 1.457171
 36.980002 -1.475493 1.363712
 37.180002 -1.356896 1.494818
 37.380002 -1.289191 1.323792
 37.580002 -1.516901 1.729803
 37.780002 -1.438027 1.219545
 37.980002 -1.346645 1.804934
 38.180002 -1.241356 1.176386
 38.380002 -1.389268 1.643494
 38.580002 -1.468009 1.383378
 38.780002 -1.270747 1.571556
 38.980002 -1.287749 1.413203
 39.180002 -1.557979 1.351860
 39.380002 -1.344093 1.671420
 39.580002 -1.133295 1.252909
 39.780002 -1.502989 1.683198
 39.980002 -1.544321 1.191274
 40.180002 -1.361972 1.603948
 40.380002 -1.163495 1.414110
 40.580002 -1.321191 1.436068
 40.780002 -1.309212 1.622107
 40.980002 -1.230140 1.450596
 41.180002 -1.281526 1.558587
 41.380002 -1.461178 1.251651
 41.580002 -1.330951 1.511703
 41.780002 -1.307934 1.414267
 41.980002 -1.476369 1.484013
 42.180002 -1.571458 1.535089
 42.380002 -1.347531 1.402234
 42.580002 -1.205930 1.594948
 42.780002 -1.308322 1.383106
 42.980002 -1.431420 1.643677
 43.180002 -1.421588 1.264954
 43.380002 -1.314746 1.551069
 43.580002 -1.284965 1.422383
 43.780002 -1.414064 1.360341
 43.980002 -1.410368 1.458507
 44.180002 -1.412681 1.334775
 44.380002 -1.323335 1.682988
 44.580002 -1.493322 1.302621
 44.780002 -1.367701 1.642417
 44.980002 -1.423559 1.243435
 45.180002 -1.338023 1.619669
 45.380002 -1.509968 1.223765
 45.580002 -1.444376 1.544857
 45.780002 -1.472477 1.370808
 45.980002 -1.246825 1.497339
 46.180002 -1.358463 1.516039
 46.380002 -1.598633 1.439462
 46.580002 -1.479107 1.570799
 46.780002 -1.250398 1.348253
 46.980002 -1.309267 1.604471
 47.180002 -1.434431 1.269489
 47.380002 -1.468868 1.608457
 47.580002 -1.195878 1.411236
 47.780002 -1.430756 1.490167
 47.980002 -1.451911 1.513484
 48.180002 -1.305572 1.355220
 48.380002 -1.338612 1.605289
 48.580002 -1.484775 1.321737
 48.780002 -1.635550 1.680460
 48.980002 -1.331561 1.341401
 49.180002 -1.206061 1.530596
 49.380002 -1.459222 1.384574
 49.580002 -1.442039 1.395196
 49.780002 -1.247233 1.633772
 49.980002 -1.299752 1.276262
 50.180002 -1.510626 1.694957
 50.380002 -1.371767 1.203248
 50.580002 -1.414970 1.711159
 50.780002 -1.316059 1.340224
 50.980002 -1.577722 1.574722
 51.180002 -1.354655 1.476116
 51.380002 -1.207994 1.336606
 51.580002 -1.264619 1.623618
 51.780002 -1.403212 1.280209
 51.980002 -1.451190 1.563042
 52.180002 -1.305131 1.349589
 52.380002 -1.201662 1.413298
 52.580002 -1.390186 1.544885
 52.780003 -1.405939 1.317559
 52.980003 -1.405829 1.650741
 53.180003 -1.278092 1.338722
 53.380003 -1.189698 1.497413
 53.580003 -1.360848 1.332316
 53.780003 -1.274886 1.409679
 53.980003 -1.282292 1.488298
 54.180003 -1.399710 1.376500
 54.380003 -1.410842 1.473097
 54.580003 -1.454335 1.327116
 54.780003 -1.412794 1.540135
 54.980003 -1.354373 1.446143
 55.180003 -1.444561 1.540901
 55.380003 -1.300581 1.440325
 55.580003 -1.368259 1.446791
 55.780003 -1.278949 1.443807
 55.980003 -1.356495 1.506459
 56.180003 -1.496130 1.462007
 56.380003 -1.500937 1.502835
 56.580003 -1.308457 1.476839
 56.780003 -1.291772 1.467007
 56.980003 -1.413727 1.390738
 57.180003 -1.495374 1.496105
 57.380003 -1.271826 1.508578
 57.580003 -1.278732 1.410922
 57.780003 -1.487047 1.455880
 57.980003 -1.444188 1.411120
 58.180003 -1.339046 1.521916
 58.380003 -1.279491 1.357345
 58.580003 -1.369887 1.436856
 58.780003 -1.440780 1.440971
 58.980003 -1.372317 1.549861
 59.180003 -1.454913 1.520093
 59.380003 -1.385659 1.441837
 59.580003 -1.319137 1.409191
 59.780003 -1.353093 1.439320
 59.980003 -1.404710 1.445665
 60.180003 -1.531992 1.387000
 60.380003 -1.349597 1.355194
 60.580003 -1.321214 1.387010
 60.780003 -1.252972 1.445288
 60.980003 -1.376750 1.474652
 61.180003 -1.292205 1.457268
 61.380003 -1.372777 1.403455
 61.580003 -1.331254 1.546132
 61.780003 -1.460606 1.396575
 61.980003 -1.528527 1.504989
 62.180003 -1.442406 1.377041
 62.380003 -1.249416 1.584468
 62.580003 -1.354176 1.494656
 62.780003 -1.600609 1.419020
 62.980003 -1.180005 1.471343
 63.180003 -1.229234 1.475506
 63.380003 -1.345083 1.427329
 63.580003 -1.479742 1.354433
 63.780003 -1.436348 1.593845
 63.980003 -1.290825 1.339905
 64.180003 -1.444083 1.467572
 64.380003 -1.505172 1.416969
 64.580003 -1.250888 1.507191
 64.780003 -1.213740 1.450580
 64.980003 -1.430079 1.506181
 65.180003 -1.595775 1.456503
 65.380003 -1.374867 1.666243
 65.580003 -1.249731 1.395166
 65.780003 -1.334666 1.632066
 65.980003 -1.353755 1.307159
 66.180003 -1.290847 1.543267
 66.380003 -1.169996 1.409276
 66.580003 -1.493829 1.466256
 66.780003 -1.670680 1.468017
 66.980003 -1.414170 1.410998
 67.180003 -1.219102 1.529566
 67.380003 -1.478324 1.327545
 67.580003 -1.325004 1.597540
 67.780003 -1.389849 1.235972
 67.980003 -1.302511 1.782401
 68.180003 -1.369466 1.084187
 68.380003 -1.468398 1.719391
 68.580003 -1.299230 1.212878
 68.780003 -1.402237 1.717898
 68.980003 -1.444434 1.299132
 69.180003 -1.253745 1.554160
 69.380003 -1.251479 1.519642
 69.580003 -1.408963 1.355384
 69.780003 -1.532626 1.571573
 69.980003 -1.602059 1.363232
 70.180003 -1.334407 1.556738
 70.380003 -1.304999 1.271490
 70.580003 -1.261563 1.667504
 70.780003 -1.290311 1.231508
 70.980003 -1.246713 1.845368
 71.180003 -1.202190 1.273722
 71.380003 -1.262876 1.609941
 71.580003 -1.292464 1.192361
 71.780003 -1.365980 1.546474
 71.980003 -1.497897 1.388862
 72.180003 -1.502828 1.480558
 72.380003 -1.458014 1.439208
 72.580003 -1.302025 1.361609
 72.780003 -1.220816 1.695012
 72.980003 -1.336046 1.367148
 73.180003 -1.405728 1.830372
 73.380003 -1.212038 1.161723
 73.580003 -1.073119 1.676149
 73.780004 -1.378419 1.174517
 73.980004 -1.456059 1.687212
 74.180004 -1.475711 1.327576
 74.380004 -1.216031 1.539551
 74.580004 -1.369902 1.409941
 74.780004 -1.413198 1.422918
 74.980004 -1.404166 1.579294
 75.180004 -1.391955 1.384714
 75.380004 -1.391351 1.623703
 75.580004 -1.486083 1.309464
 75.780004 -1.406517 1.563277
 75.980004 -1.349312 1.276626
 76.180004 -1.432365 1.700120
 76.380004 -1.395993 1.104702
 76.580004 -1.276869 1.539921
 76.780004 -1.396567 1.369062
 76.980004 -1.328272 1.507897
 77.180004 -1.565355 1.356819
 77.380004 -1.438140 1.503391
 77.580004 -1.263428 1.412455
 77.780004 -1.339700 1.528759
 77.980004 -1.433553 1.469894
 78.180004 -1.497871 1.431887
 78.380004 -1.258304 1.557491
 78.580004 -1.195926 1.422063
 78.780004 -1.441670 1.566681
 78.980004 -1.453054 1.411019
 79.180004 -1.300576 1.570414
 79.380004 -1.177314 1.288909
 79.580004 -1.332558 1.537051
 79.780004 -1.446634 1.370641
 79.980004 -1.241683 1.584409
 80.180004 -1.301208 1.399354
 80.380004 -1.302685 1.502390
 80.580004 -1.315780 1.411573
 80.780004 -1.283314 1.595216
 80.980004 -1.282319 1.458884
 81.180004 -1.460927 1.484025
 81.380004 -1.446363 1.477649
 81.580004 -1.384839 1.314559
 81.780004 -1.192351 1.495460
 81.980004 -1.333473 1.426246
 82.180004 -1.441085 1.476590
 82.380004 -1.264937 1.409352
 82.580004 -1.115387 1.537846
 82.780004 -1.250635 1.322617
 82.980004 -1.539181 1.618932
 83.180004 -1.510557 1.409224
 83.380004 -1.262469 1.496794
 83.580004 -1.264876 1.440824
 83.780004 -1.586231 1.561197
 83.980004 -1.463027 1.451911
 84.180004 -1.300901 1.444605
 84.380004 -1.269895 1.509927
 84.580004 -1.380336 1.328739
 84.780004 -1.482498 1.470280
 84.980004 -1.357688 1.429004
 85.180004 -1.497001 1.511985
 85.380004 -1.527056 1.508731
 85.580004 -1.463358 1.322036
 85.780004 -1.251734 1.570411
 85.980004 -1.282611 1.309323
 86.180004 -1.351973 1.602006
 86.380004 -1.392777 1.387211
 86.580004 -1.192412 1.612925
 86.780004 -1.280304 1.320062
 86.980004 -1.446248 1.567345
 87.180004 -1.464886 1.423221
 87.380004 -1.337234 1.467096
 87.580004 -1.334401 1.441103
 87.780004 -1.414035 1.335779
 87.980004 -1.316245 1.625501
 88.180004 -1.144952 1.293495
 88.380004 -1.413905 1.734072
 88.580004 -1.395872 1.191585
 88.780004 -1.363611 1.616613
 88.980004 -1.340471 1.261685
 89.180004 -1.451218 1.696040
 89.380004 -1.522441 1.214970
 89.580004 -1.227862 1.592666
 89.780004 -1.299472 1.292134
 89.980004 -1.315493 1.523351
 90.180004 -1.459786 1.416129
 90.380004 -1.362998 1.605969
 90.580004 -1.332854 1.519640
 90.780004 -1.338902 1.407413
 90.980004 -1.381271 1.685950
 91.180004 -1.393715 1.331692
 91.380004 -1.276323 1.584316
 91.580004 -1.573269 1.309377
 91.780004 -1.441350 1.759367
 91.980004 -1.340551 1.171853
 92.180004 -1.210185 1.557513
 92.380004 -1.436644 1.249146
 92.580004 -1.367041 1.635331
 92.780004 -1.345111 1.407595
 92.980004 -1.260300 1.432181
 93.180004 -1.438963 1.525758
 93.380004 -1.574841 1.491561
 93.580004 -1.332248 1.575082
 93.780004 -1.271877 1.243255
 93.980004 -1.291519 1.516328
 94.180004 -1.383994 1.377960
 94.380004 -1.327429 1.521261
 94.580004 -1.320116 1.388123
 94.780005 -1.420359 1.508074
 94.980005 -1.478169 1.445605
 95.180005 -1.238059 1.479396
 95.380005 -1.313749 1.457731
 95.580005 -1.276921 1.581439
 95.780005 -1.498781 1.233764
 95.980005 -1.340971 1.744704
 96.180005 -1.361536 1.456076
 96.380005 -1.440083 1.465374
 96.580005 -1.438813 1.503641
 96.780005 -1.242186 1.479605
 96.980005 -1.359008 1.565965
 97.180005 -1.345253 1.214053
 97.380005 -1.350190 1.576768
 97.580005 -1.547704 1.257502
 97.780005 -1.273388 1.649464
 97.980005 -1.477361 1.335378
 98.180005 -1.341136 1.614212
 98.380005 -1.238921 1.295277
 98.580005 -1.154174 1.602942
 98.780005 -1.422190 1.402364
 98.980005 -1.395636 1.496266
 99.180005 -1.421593 1.408306
 99.380005 -1.305930 1.456557
 99.580005 -1.374371 1.465790
 99.780005 -1.442648 1.476906
 99.980005 -1.443937 1.416354
 100.180005 -1.421339 1.489926
 100.380005 -1.310087 1.536933
 100.580005 -1.410053 1.358433
 100.780005 -1.254894 1.524478
 100.980005 -1.392316 1.239089
 101.180005 -1.334869 1.755295
 101.380005 -1.595721 1.206676
 101.580005 -1.314752 1.671287
 101.780005 -1.408809 1.285153
 101.980005 -1.315149 1.680558
 102.180005 -1.308689 1.274575
 102.380005 -1.255552 1.638313
 102.580005 -1.393164 1.278752
 102.780005 -1.728700 1.649437
 102.980005 -1.434203 1.348163
 103.180005 -1.245558 1.473657
 103.380005 -1.127417 1.274658
 103.580005 -1.400900 1.539572
 103.780005 -1.316968 1.420279
 103.980005 -1.375150 1.678612
 104.180005 -1.371142 1.531732
 104.380005 -1.457317 1.399978
 104.580005 -1.244138 1.559887
 104.780005 -1.331010 1.360404
 104.980005 -1.489582 1.584184
 105.180005 -1.455454 1.367369
 105.380005 -1.257216 1.365543
 105.580005 -1.136881 1.411134
 105.780005 -1.385467 1.451614
 105.980005 -1.375673 1.430251
 106.180005 -1.329183 1.523417
 106.380005 -1.249026 1.308628
 106.580005 -1.430913 1.592079
 106.780005 -1.454939 1.377647
 106.980005 -1.390191 1.669152
 107.180005 -1.306153 1.361968
 107.380005 -1.531626 1.588842
 107.580005 -1.386378 1.413288
 107.780005 -1.324521 1.508421
 107.980005 -1.328850 1.436503
 108.180005 -1.418847 1.391113
 108.380005 -1.351856 1.607268
 108.580005 -1.216151 1.428750
 108.780005 -1.399884 1.488092
 108.980005 -1.367948 1.341099
 109.180005 -1.491786 1.533423
 109.380005 -1.286717 1.377904
 109.580005 -1.325910 1.485781
 109.780005 -1.324952 1.387174
 109.980005 -1.406832 1.459457
 110.180005 -1.271497 1.457880
 110.380005 -1.430975 1.606647
 110.580005 -1.492538 1.481866
 110.780005 -1.415120 1.508860
 110.980005 -1.317849 1.317296
 111.180005 -1.296504 1.369149
 111.380005 -1.479065 1.412674
 111.580005 -1.444718 1.429028
 111.780005 -1.368181 1.449427
 111.980005 -1.111932 1.459158
 112.180005 -1.395032 1.492914
 112.380005 -1.426833 1.495742
 112.580005 -1.335308 1.551758
 112.780005 -1.204594 1.511828
 112.980005 -1.444535 1.303179
 113.180005 -1.432554 1.609452
 113.380005 -1.449148 1.171302
 113.580005 -1.252961 1.703360
 113.780005 -1.315754 1.080129
 113.980005 -1.323314 1.701408
 114.180005 -1.390840 1.311227
 114.380005 -1.239138 1.722349
 114.580005 -1.530399 1.471583
 114.780005 -1.351904 1.514748
 114.980005 -1.315674 1.322680
 115.180005 -1.310411 1.477377
 115.380005 -1.571087 1.472513
 115.580005 -1.475951 1.435312
 115.780005 -1.388621 1.454708
 115.980006 -1.170125 1.328442
 116.180006 -1.245236 1.702535
 116.380006 -1.419510 1.230684
 116.580006 -1.420555 1.557421
 116.780006 -1.522327 1.426909
 116.980006 -1.375424 1.659471
 117.180006 -1.525740 1.331143
 117.380006 -1.228289 1.507075
 117.580006 -1.324109 1.300789
 117.780006 -1.340368 1.605024
 117.980006 -1.465524 1.236704
 118.180006 -1.547261 1.726467
 118.380006 -1.233313 1.296838
 118.580006 -1.325602 1.511004
 118.780006 -1.254934 1.395474
 118.980006 -1.385958 1.410978
 119.180006 -1.315504 1.551168
 119.380006 -1.275015 1.517214
 119.580006 -1.338737 1.376627
 119.780006 -1.479980 1.546357
 119.980006 -1.325980 1.465310
 120.180006 -1.333674 1.383477
 120.380006 -1.366985 1.527423
 120.580006 -1.352023 1.272888
 120.780006 -1.200123 1.671089
 120.980006 -1.315446 1.211314
 121.180006 -1.348130 1.613771
 121.380006 -1.676758 1.318232
 121.580006 -1.344775 1.514381
 121.780006 -1.370060 1.484529
 121.980006 -1.284244 1.519277
 122.180006 -1.481993 1.399516
 122.380006 -1.429991 1.510651
 122.580006 -1.330708 1.605382
 122.780006 -1.377523 1.372142
 122.980006 -1.410186 1.545591
 123.180006 -1.248354 1.227639
 123.380006 -1.261522 1.742431
 123.580006 -1.576453 1.310135
 123.780006 -1.243046 1.625655
 123.980006 -1.323223 1.342627
 124.180006 -1.207805 1.617849
 124.380006 -1.537594 1.565440
 124.580006 -1.537624 1.500853
 124.780006 -1.398179 1.428205
 124.980006 -1.210306 1.338646
 125.180006 -1.260524 1.500443
 125.380006 -1.414733 1.330156
 125.580006 -1.351391 1.538245
 125.780006 -1.272528 1.333116
 125.980006 -1.334094 1.481519
 126.180006 -1.426863 1.441184
 126.380006 -1.392706 1.474865
 126.580006 -1.386743 1.604149
 126.780006 -1.442554 1.423462
 126.980006 -1.492877 1.706343
 127.180006 -1.179496 1.170662
 127.380006 -1.140290 1.578067
 127.580006 -1.293008 1.394576
 127.780006 -1.520819 1.455730
 127.980006 -1.505109 1.574536
 128.180006 -1.243174 1.319090
 128.380006 -1.134091 1.371906
 128.580006 -1.399319 1.412099
 128.780006 -1.464542 1.445468
 128.980006 -1.359531 1.455642
 129.180006 -1.468128 1.404636
 129.380006 -1.474799 1.358788
 129.580006 -1.526788 1.566252
 129.780006 -1.198147 1.357182
 129.980006 -1.313782 1.536609
 130.180006 -1.373029 1.412096
 130.380006 -1.506360 1.508690
 130.580006 -1.270530 1.646635
 130.780006 -1.528007 1.365692
 130.980006 -1.472524 1.676484
 131.180006 -1.445292 1.207462
 131.380006 -1.102108 1.653443
 131.580006 -1.339730 1.300945
 131.780006 -1.407975 1.419055
 131.980006 -1.501205 1.527889
 132.180006 -1.285076 1.389939
 132.380006 -1.363557 1.605461
 132.580006 -1.492198 1.372102
 132.780006 -1.342840 1.673315
 132.980006 -1.360750 1.356854
 133.180006 -1.437097 1.734579
 133.380006 -1.446612 1.080490
 133.580006 -1.450117 1.734509
 133.780006 -1.225903 1.315019
 133.980006 -1.431273 1.547822
 134.180006 -1.566921 1.337647
 134.380006 -1.446439 1.378575
 134.580006 -1.337318 1.534144
 134.780006 -1.622340 1.323437
 134.980006 -1.478748 1.678626
 135.180006 -1.401455 1.247895
 135.380006 -1.219078 1.645940
 135.580006 -1.307923 1.222946
 135.780006 -1.371914 1.586557
 135.980006 -1.525515 1.380073
 136.180006 -1.271086 1.566107
 136.380006 -1.419594 1.484149
 136.580006 -1.421530 1.461585
 136.780006 -1.475626 1.420659
 136.980007 -1.306666 1.501911
 137.180007 -1.214857 1.404320
 137.380007 -1.399048 1.406405
 137.580007 -1.327533 1.463617
 137.780007 -1.293819 1.291609
 137.980007 -1.345420 1.590903
 138.180007 -1.478650 1.351571
 138.380007 -1.462292 1.580440
 138.580007 -1.335466 1.501923
 138.780007 -1.252265 1.532655
 138.980007 -1.450239 1.382094
 139.180007 -1.293260 1.650433
 139.380007 -1.371125 1.329667
 139.580007 -1.450190 1.670233
 139.780007 -1.458099 1.158808
 139.980007 -1.333184 1.540359
 140.180007 -1.279561 1.382186
 140.380007 -1.448677 1.455342
 140.580007 -1.369058 1.577464
 140.780007 -1.395762 1.393154
 140.980007 -1.341843 1.564906
 141.180007 -1.471380 1.341798
 141.380007 -1.443779 1.608515
 141.580007 -1.590363 1.235997
 141.780007 -1.257241 1.658347
 141.980007 -1.337852 1.262420
 142.180007 -1.240122 1.626306
 142.380007 -1.336525 1.411361
 142.580007 -1.447262 1.757547
 142.780007 -1.452673 1.428268
 142.980007 -1.433360 1.537547
 143.180007 -1.327001 1.284667
 143.380007 -1.477302 1.511664
 143.580007 -1.513432 1.519959
 143.780007 -1.368505 1.275956
 143.980007 -1.283075 1.648536
 144.180007 -1.264628 1.141833
 144.380007 -1.294364 1.726458
 144.580007 -1.452428 1.266725
 144.780007 -1.435864 1.629372
 144.980007 -1.438310 1.413005
 145.180007 -1.434807 1.519113
 145.380007 -1.291768 1.405213
 145.580007 -1.265276 1.460102
 145.780007 -1.313861 1.450799
 145.980007 -1.427920 1.573950
 146.180007 -1.358718 1.351474
 146.380007 -1.297382 1.608848
 146.580007 -1.545291 1.211187
 146.780007 -1.488101 1.635435
 146.980007 -1.437930 1.288030
 147.180007 -1.373318 1.624005
 147.380007 -1.580547 1.402946
 147.580007 -1.353740 1.581702
 147.780007 -1.342891 1.542017
 147.980007 -1.497307 1.385097
 148.180007 -1.394864 1.499315
 148.380007 -1.313284 1.388673
 148.580007 -1.180770 1.558636
 148.780007 -1.739407 1.346131
 148.980007 -1.473307 1.474538
 149.180007 -1.430612 1.390557
 149.380007 -1.060802 1.368912
 149.580007 -1.558183 1.425755
 149.780007 -1.381825 1.594931
 149.980007 -1.296312 1.371778
 150.180007 -1.221455 1.475534
 150.380007 -1.434577 1.570760
 150.580007 -1.480883 1.355660
 150.780007 -1.257182 1.386833
 150.980007 -1.164061 1.391978
 151.180007 -1.358057 1.526574
 151.380007 -1.613549 1.383023
 151.580007 -1.340597 1.544264
 151.780007 -1.211724 1.390593
 151.980007 -1.329680 1.546914
 152.180007 -1.348154 1.322256
 152.380007 -1.324778 1.470064
 152.580007 -1.374509 1.489409
 152.780007 -1.369217 1.574639
 152.980007 -1.426477 1.306181
 153.180007 -1.415235 1.490569
 153.380007 -1.337242 1.395539
 153.580007 -1.298808 1.570622
 153.780007 -1.506818 1.544596
 153.980007 -1.309250 1.265762
 154.180007 -1.180174 1.567112
 154.380007 -1.217498 1.394966
 154.580007 -1.666039 1.586781
 154.780007 -1.543435 1.427299
 154.980007 -1.082113 1.448908
 155.180007 -1.404215 1.388145
 155.380007 -1.546773 1.486416
 155.580007 -1.225772 1.443995
 155.780007 -1.214776 1.547266
 155.980007 -1.599443 1.366672
 156.180007 -1.641683 1.509129
 156.380007 -1.289948 1.462492
 156.580007 -1.070888 1.474369
 156.780007 -1.531626 1.350167
 156.980007 -1.332512 1.465558
 157.180007 -1.367180 1.678855
 157.380007 -1.164707 1.429612
 157.580007 -1.355164 1.438251
 157.780007 -1.380564 1.484041
 157.980008 -1.339296 1.371766
 158.180008 -1.357310 1.598961
 158.380008 -1.359618 1.395015
 158.580008 -1.464591 1.421136
 158.780008 -1.455121 1.437241
 158.980008 -1.218566 1.481046
 159.180008 -1.299369 1.560951
 159.380008 -1.472807 1.204543
 159.580008 -1.534652 1.661924
 159.780008 -1.165968 1.421163
 159.980008 -1.530724 1.536146
 160.180008 -1.491725 1.382283
 160.380008 -1.265860 1.602815
 160.580008 -1.200590 1.542838
 160.780008 -1.569624 1.394751
 160.980008 -1.462925 1.509370
 161.180008 -1.383200 1.400818
 161.380008 -1.098289 1.573696
 161.580008 -1.481660 1.328307
 161.780008 -1.424259 1.625691
 161.980008 -1.349075 1.376655
 162.180008 -1.207523 1.553332
 162.380008 -1.397569 1.272843
 162.580008 -1.323329 1.440897
 162.780008 -1.352370 1.438998
 162.980008 -1.313661 1.400871
 163.180008 -1.432876 1.658468
 163.380008 -1.509484 1.191581
 163.580008 -1.329425 1.623609
 163.780008 -1.316001 1.326343
 163.980008 -1.382647 1.600449
 164.180008 -1.562709 1.296349
 164.380008 -1.068959 1.561370
 164.580008 -1.310044 1.331954
 164.780008 -1.422810 1.642593
 164.980008 -1.482971 1.427825
 165.180008 -1.187488 1.465704
 165.380008 -1.495055 1.590485
 165.580008 -1.453211 1.338924
 165.780008 -1.478129 1.601203
 165.980008 -1.184928 1.236973
 166.180008 -1.347597 1.624090
 166.380008 -1.459079 1.238753
 166.580008 -1.472703 1.701751
 166.780008 -1.167752 1.352788
 166.980008 -1.294227 1.466404
 167.180008 -1.536166 1.446867
 167.380008 -1.371861 1.460779
 167.580008 -1.428639 1.550572
 167.780008 -1.316141 1.369178
 167.980008 -1.336122 1.492489
 168.180008 -1.327163 1.246810
 168.380008 -1.359090 1.691070
 168.580008 -1.430222 1.312530
 168.780008 -1.404201 1.494613
 168.980008 -1.512147 1.357158
 169.180008 -1.218079 1.466602
 169.380008 -1.457438 1.583058
 169.580008 -1.455663 1.508568
 169.780008 -1.334793 1.405855
 169.980008 -1.156479 1.443034
 170.180008 -1.257501 1.439417
 170.380008 -1.555524 1.476763
 170.580008 -1.342327 1.439004
 170.780008 -1.266568 1.373578
 170.980008 -1.262603 1.413529
 171.180008 -1.566279 1.416084
 171.380008 -1.391703 1.644906
 171.580008 -1.280024 1.395412
 171.780008 -1.255730 1.515081
 171.980008 -1.328450 1.360207
 172.180008 -1.297047 1.596928
 172.380008 -1.394091 1.340320
 172.580008 -1.337762 1.605376
 172.780008 -1.350901 1.219429
 172.980008 -1.324802 1.510254
 173.180008 -1.397483 1.368658
 173.380008 -1.440912 1.494389
 173.580008 -1.382981 1.489088
 173.780008 -1.314160 1.316919
 173.980008 -1.298960 1.421188
 174.180008 -1.364741 1.393877
 174.380008 -1.408308 1.530084
 174.580008 -1.462045 1.427700
 174.780008 -1.248944 1.435010
 174.980008 -1.342586 1.448099
 175.180008 -1.361034 1.421135
 175.380008 -1.471902 1.437567
 175.580008 -1.487264 1.561136
 175.780008 -1.352319 1.470372
 175.980008 -1.407435 1.566129
 176.180008 -1.304281 1.348690
 176.380008 -1.392912 1.663084
 176.580008 -1.277869 1.337325
 176.780008 -1.430755 1.600040
 176.980008 -1.357740 1.277735
 177.180008 -1.264181 1.432496
 177.380008 -1.347020 1.504696
 177.580008 -1.334140 1.354388
 177.780008 -1.501025 1.575787
 177.980008 -1.172816 1.360783
 178.180008 -1.366018 1.480165
 178.380008 -1.298624 1.392244
 178.580008 -1.403894 1.439708
 178.780008 -1.513134 1.404428
 178.980009 -1.362367 1.428406
 179.180009 -1.344660 1.480323
 179.380009 -1.152265 1.293849
 179.580009 -1.308317 1.488543
 179.780009 -1.458589 1.399358
 179.980009 -1.402759 1.535020
 180.180009 -1.318895 1.518539
 180.380009 -1.181735 1.442890
 180.580009 -1.213343 1.339137
 180.780009 -1.449654 1.672085
 180.980009 -1.562517 1.395272
 181.180009 -1.397416 1.505725
 181.380009 -1.373812 1.381021
 181.580009 -1.341424 1.379966
 181.780009 -1.506513 1.487153
 181.980009 -1.514961 1.489494
 182.180009 -1.414933 1.465622
 182.380009 -1.405434 1.387076
 182.580009 -1.298106 1.460999
 182.780009 -1.329590 1.312392
 182.980009 -1.439570 1.578372
 183.180009 -1.435764 1.295011
 183.380009 -1.337526 1.521004
 183.580009 -1.259638 1.373203
 183.780009 -1.258000 1.350504
 183.980009 -1.380968 1.467118
 184.180009 -1.436877 1.349840
 184.380009 -1.294642 1.508635
 184.580009 -1.379282 1.325964
 184.780009 -1.367827 1.594549
 184.980009 -1.444914 1.267823
 185.180009 -1.234940 1.605922
 185.380009 -1.293834 1.348464
 185.580009 -1.252105 1.472081
 185.780009 -1.482857 1.367439
 185.980009 -1.315168 1.512553
 186.180009 -1.401878 1.415861
 186.380009 -1.431096 1.559917
 186.580009 -1.421894 1.364265
 186.780009 -1.354912 1.518472
 186.980009 -1.097532 1.371457
 187.180009 -1.396452 1.453639
 187.380009 -1.389775 1.533124
 187.580009 -1.506675 1.396496
 187.780009 -1.327924 1.588842
 187.980009 -1.278908 1.320672
 188.180009 -1.400659 1.538931
 188.380009 -1.421506 1.302654
 188.580009 -1.342367 1.675019
 188.780009 -1.264636 1.229770
 188.980009 -1.404416 1.617584
 189.180009 -1.450093 1.305708
 189.380009 -1.192598 1.483691
 189.580009 -1.358254 1.449443
 189.780009 -1.503708 1.484638
 189.980009 -1.596540 1.445187
 190.180009 -1.341652 1.381908
 190.380009 -1.306951 1.586958
 190.580009 -1.288693 1.267179
 190.780009 -1.300787 1.676235
 190.980009 -1.368919 1.327442
 191.180009 -1.150869 1.557734
 191.380009 -1.374933 1.429562
 191.580009 -1.397161 1.384042
 191.780009 -1.601664 1.627644
 191.980009 -1.268727 1.344178
 192.180009 -1.397204 1.656367
 192.380009 -1.377638 1.322010
 192.580009 -1.320317 1.529460
 192.780009 -1.124908 1.499916
 192.980009 -1.213356 1.425569
 193.180009 -1.555705 1.708812
 193.380009 -1.354133 1.180093
 193.580009 -1.357876 1.668087
 193.780009 -1.364890 1.168249
 193.980009 -1.559543 1.683536
 194.180009 -1.520437 1.345293
 194.380009 -1.159977 1.525864
 194.580009 -1.318337 1.416150
 194.780009 -1.346376 1.406030
 194.980009 -1.451008 1.637763
 195.180009 -1.253814 1.363541
 195.380009 -1.472435 1.749142
 195.580009 -1.494081 1.274733
 195.780009 -1.341160 1.658958
 195.980009 -1.414656 1.288079
 196.180009 -1.499295 1.784745
 196.380009 -1.547135 1.101693
 196.580009 -1.331883 1.830790
 196.780009 -1.189076 1.264659
 196.980009 -1.324439 1.457566
 197.180009 -1.506425 1.443875
 197.380009 -1.317311 1.566220
 197.580009 -1.244269 1.532894
 197.780009 -1.381790 1.402184
 197.980009 -1.405015 1.666479
 198.180009 -1.348974 1.379790
 198.380009 -1.428698 1.711487
 198.580009 -1.574458 1.209666
 198.780009 -1.412556 1.549477
 198.980009 -1.321702 1.303195
 199.180009 -1.331404 1.628095
 199.380009 -1.564708 1.348936
 199.580009 -1.257744 1.595316
 199.780009 -1.202829 1.504273
 199.980009 -1.403593 1.427679
