#! FIELDS time phi psi
#! SET max_psi pi
 0.180000 2.798328 -3.068136
 0.380000 -2.767936 -2.247665
 0.580000 -2.537768 -2.123343
 0.780000 -2.729296 -2.582400
 0.980000 -2.847561 -2.036063
 1.180000 -2.750556 -2.369645
 1.380000 -2.740687 -2.195912
 1.580000 -2.838084 -2.238366
 1.780000 -2.815409 -2.452193
 1.980000 -2.733093 -1.968858
 2.180000 -2.945419 -2.457000
 2.380000 -2.734968 -2.237703
 2.580000 -2.880960 -1.974150
 2.780000 -2.791598 -2.539227
 2.980000 -2.835001 -2.032644
 3.180000 -2.704107 -2.220663
 3.380000 -2.763722 -2.418346
 3.580000 -2.964712 -1.915853
 3.780000 -2.844511 -2.720306
 3.980000 -2.789912 -2.181999
 4.180000 -2.984083 -2.275149
 4.380000 -2.912725 -2.450051
 4.580000 -2.757578 -2.208552
 4.780000 -2.811348 -2.510035
 4.980000 -3.094833 -2.078503
 5.180000 -2.750879 -2.407811
 5.380000 -2.847345 -2.462747
 5.580000 -2.850743 -1.934890
 5.780000 -2.796049 -2.418497
 5.980000 -2.819600 -2.013476
 6.180000 -2.657961 -2.160423
 6.380000 -2.808428 -2.211152
 6.580000 -2.682497 -1.891464
 6.780000 -2.865291 -2.601709
 6.980000 -2.812720 -2.052781
 7.180000 -2.861649 -2.401545
 7.380000 -2.861663 -2.273210
 7.580000 -2.983173 -2.321120
 7.780000 -2.903877 -2.485698
 7.980000 -2.829337 -2.179917
 8.180000 -2.857802 -2.369688
 8.380000 -3.027724 -2.214424
 8.580000 -2.795624 -2.084991
 8.780000 -2.787952 -2.493105
 8.980000 -2.859724 -2.102254
 9.180000 -2.658709 -2.121092
 9.380000 -2.809236 -2.268330
 9.580000 -2.614961 -2.018894
 9.780000 -2.722016 -2.414090
 9.980000 -2.739638 -2.124910
 10.180000 -2.819944 -2.260406
 10.380000 -2.653353 -2.231522
 10.580001 -2.935283 -2.169331
 10.780001 -2.882652 -2.377872
 10.980001 -2.866861 -2.196112
 11.180001 -2.823037 -2.395542
 11.380001 -2.963938 -2.379519
 11.580001 -2.949986 -2.140661
 11.780001 -2.849757 -2.543923
 11.980001 -3.034397 -2.245421
 12.180001 -2.826512 -2.347841
 12.380001 -2.823999 -2.360833
 12.580001 -2.732095 -2.088301
 12.780001 -3.000046 -2.435601
 12.980001 -2.866929 -2.013120
 13.180001 -2.646273 -2.345958
 13.380001 -2.797241 -2.154152
 13.580001 -2.644959 -2.185063
 13.780001 -2.649034 -2.262747
 13.980001 -2.703981 -2.131129
 14.180001 -2.952411 -2.280997
 14.380001 -2.684253 -2.279948
 14.580001 -2.727501 -2.160358
 14.780001 -2.876118 -2.376121
 14.980001 -2.855845 -2.184305
 15.180001 -2.807583 -2.391091
 15.380001 -2.973980 -2.333017
 15.580001 -2.962188 -2.322867
 15.780001 -2.828685 -2.464451
 15.980001 -2.893701 -2.222115
 16.180001 -2.802418 -2.242402
 16.380001 -2.893940 -2.372939
 16.580001 -2.709477 -2.048207
 16.780001 -2.814190 -2.385102
 16.980001 -2.905653 -1.977055
 17.180001 -2.783572 -2.313912
 17.380001 -2.606024 -2.195728
 17.580001 -2.759350 -2.273125
 17.780001 -2.906184 -2.259776
 17.980001 -2.841561 -2.382052
 18.180001 -2.776146 -2.226827
 18.380001 -2.975329 -2.343360
 18.580001 -2.729708 -2.284492
 18.780001 -2.964049 -2.350122
 18.980001 -2.724198 -2.329679
 19.180001 -2.847936 -2.178777
 19.380001 -2.827903 -2.410191
 19.580001 -2.891310 -2.079687
 19.780001 -2.415209 -2.136035
 19.980001 -2.805212 -2.369171
 20.180001 -2.964005 -2.185483
 20.380001 -2.926266 -2.213628
 20.580001 -2.519922 -2.207524
 20.780001 -2.514603 -2.173181
 20.980001 -2.957197 -2.305455
 21.180001 -2.852806 -2.104803
 21.380001 -2.750772 -2.357915
 21.580001 -2.794864 -2.222199
 21.780001 -3.033068 -2.143279
 21.980001 -2.816983 -2.516738
 22.180001 -2.947873 -2.151579
 22.380001 -2.880405 -2.316727
 22.580001 -2.886755 -2.329159
 22.780001 -2.888713 -2.005101
 22.980001 -2.717364 -2.619555
 23.180001 -2.771480 -1.955309
 23.380001 -2.816856 -2.438642
 23.580001 -2.858810 -2.267825
 23.780001 -2.721065 -1.990424
 23.980001 -2.583523 -2.746688
 24.180001 -2.956369 -2.050274
 24.380001 -2.890326 -2.422713
 24.580001 -2.834844 -2.367279
 24.780001 -2.781961 -2.157509
 24.980001 -2.867969 -2.485046
 25.180001 -2.799417 -1.943114
 25.380001 -2.847578 -2.539936
 25.580001 -2.789010 -2.262841
 25.780001 -3.006854 -2.254628
 25.980001 -2.692530 -2.492531
 26.180001 -2.931635 -1.817193
 26.380001 -2.851068 -2.834399
 26.580001 -2.865181 -1.779715
 26.780001 -2.878850 -2.454761
 26.980001 -2.662740 -2.492224
 27.180001 -2.883722 -1.887644
 27.380001 -2.641271 -2.782497
 27.580001 -2.938868 -1.913284
 27.780001 -2.633522 -2.271168
 27.980001 -2.979743 -2.387167
 28.180001 -2.636750 -2.012569
 28.380001 -2.701224 -2.565829
 28.580001 -2.940635 -1.890145
 28.780001 3.120832 -2.548720
 28.980001 -2.689298 -2.048172
 29.180001 -2.810091 -2.302961
 29.380001 -2.751008 -2.425036
 29.580001 3.126174 -2.163460
 29.780001 -2.703329 -2.514343
 29.980001 -3.022028 -2.266911
 30.180001 -2.850857 -2.344040
 30.380001 -3.008924 -2.428718
 30.580001 -2.890716 -2.172206
 30.780001 -2.630261 -2.329103
 30.980001 -3.003074 -2.172695
 31.180001 -2.697922 -2.164866
 31.380001 -2.630431 -2.188710
 31.580001 -2.641707 -2.288639
 31.780002 -2.688691 -2.325545
 31.980002 -2.959160 -2.168576
 32.180002 -2.839474 -2.334729
 32.380002 -2.606736 -2.083345
 32.580002 -2.791253 -2.432126
 32.780002 -2.845048 -2.149857
 32.980002 -2.840733 -2.074782
 33.180002 -2.838783 -2.399903
 33.380002 -2.621920 -2.302241
 33.580002 -3.005740 -2.095311
 33.780002 -2.746987 -2.195264
 33.980002 -2.836584 -2.297989
 34.180002 -2.836587 -2.433087
 34.380002 -2.909061 -2.128790
 34.580002 -2.984371 -2.241363
 34.780002 -2.640273 -2.432021
 34.980002 -2.881248 -2.240315
 35.180002 -2.943867 -2.242456
 35.380002 -2.903441 -2.196544
 35.580002 -2.563681 -2.225341
 35.780002 -2.962206 -2.268093
 35.980002 -2.837533 -2.083921
 36.180002 -2.775470 -2.304407
 36.380002 -2.800475 -2.193562
 36.580002 -2.731980 -2.220117
 36.780002 -2.804718 -2.270089
 36.980002 -2.807545 -2.295478
 37.180002 -2.912899 -2.355875
 37.380002 -2.899483 -2.378576
 37.580002 -2.867082 -2.186405
 37.780002 -2.754535 -2.439947
 37.980002 -2.985592 -2.379906
 38.180002 -2.577110 -2.161225
 38.380002 -2.861777 -2.213181
 38.580002 -2.808137 -2.212423
 38.780002 -2.713386 -2.092617
 38.980002 -2.754543 -2.217867
 39.180002 -2.558763 -2.154454
 39.380002 -2.681157 -2.163735
 39.580002 -2.823835 -2.333201
 39.780002 -3.053508 -2.086089
 39.980002 -2.631030 -2.471582
 40.180002 -2.901475 -2.287874
 40.380002 -2.987887 -2.307453
 40.580002 2.987591 -2.369284
 40.780002 -2.828741 -2.423590
 40.980002 -2.862538 -2.347416
 41.180002 -3.016050 -2.116936
 41.380002 -2.719671 -2.434882
 41.580002 -2.691370 -2.059219
 41.780002 -2.759661 -2.234604
 41.980002 -2.914264 -2.443934
 42.180002 -2.748538 -1.879216
 42.380002 -2.665816 -2.418345
 42.580002 -2.781092 -2.116771
 42.780002 -2.812457 -2.187680
 42.980002 -2.661625 -2.309743
 43.180002 -2.698234 -2.022923
 43.380002 -2.831724 -2.523897
 43.580002 3.141496 -2.166455
 43.780002 -2.743066 -2.474995
 43.980002 -2.662876 -2.342862
 44.180002 3.128663 -2.117770
 44.380002 -2.847188 -2.665976
 44.580002 -2.843638 -2.034208
 44.780002 -2.835076 -2.436560
 44.980002 -2.973187 -2.275092
 45.180002 -2.888681 -2.117744
 45.380002 -2.628478 -2.456659
 45.580002 -2.799035 -2.021458
 45.780002 -2.879312 -2.204704
 45.980002 -2.557128 -2.535496
 46.180002 -2.793159 -1.755940
 46.380002 -2.637872 -2.648872
 46.580002 -2.942746 -2.188924
 46.780002 -2.906014 -2.087714
 46.980002 -2.777861 -2.582977
 47.180002 -2.944751 -1.940799
 47.380002 -2.734211 -2.474549
 47.580002 -2.980265 -2.312321
 47.780002 -2.620875 -2.190083
 47.980002 -2.860427 -2.406679
 48.180002 -2.964675 -2.151502
 48.380002 -2.980141 -2.283028
 48.580002 -2.584701 -2.424406
 48.780002 -2.687793 -2.010603
 48.980002 -3.020577 -2.411248
 49.180002 -2.733234 -1.855759
 49.380002 -2.805267 -2.619909
 49.580002 -2.778405 -2.075911
 49.780002 -3.099618 -2.133289
 49.980002 -2.719523 -2.579377
 50.180002 -2.861862 -2.010675
 50.380002 -2.765718 -2.421686
 50.580002 -3.027432 -2.412982
 50.780002 -2.732146 -1.972369
 50.980002 -2.877870 -2.630218
 51.180002 -2.873194 -2.038361
 51.380002 -2.778858 -2.325966
 51.580002 -2.860435 -2.348979
 51.780002 -2.793551 -2.161743
 51.980002 -2.796806 -2.316704
 52.180002 -2.690143 -2.186408
 52.380002 -2.687450 -2.258063
 52.580002 -2.738175 -2.552267
 52.780003 -2.733728 -1.870690
 52.980003 -2.651687 -2.533952
 53.180003 -2.774575 -2.058612
 53.380003 -2.663064 -2.195105
 53.580003 -2.912358 -2.373031
 53.780003 -3.045489 -2.097080
 53.980003 -2.642678 -2.460780
 54.180003 -2.745257 -2.252342
 54.380003 -2.922790 -2.247494
 54.580003 -2.936532 -2.324286
 54.780003 -2.732326 -2.236141
 54.980003 -2.883263 -2.463003
 55.180003 -3.012309 -2.080433
 55.380003 -2.795883 -2.381558
 55.580003 -2.791966 -2.463640
 55.780003 -2.723576 -2.006422
 55.980003 -2.812429 -2.434810
 56.180003 -2.804438 -2.119995
 56.380003 -2.826746 -2.390130
 56.580003 -2.769161 -2.209113
 56.780003 -2.844379 -2.038944
 56.980003 -2.880958 -2.346022
 57.180003 -2.837525 -2.207122
 57.380003 -2.831644 -2.274787
 57.580003 -2.698603 -2.191406
 57.780003 -2.745459 -2.204672
 57.980003 -2.916297 -2.417363
 58.180003 -2.871739 -1.973988
 58.380003 -2.700996 -2.530690
 58.580003 -3.002106 -2.348855
 58.780003 -3.071234 -2.191050
 58.980003 -2.762825 -2.553034
 59.180003 -2.762396 -1.980682
 59.380003 -2.899466 -2.619479
 59.580003 -2.903319 -2.199337
 59.780003 -2.680918 -2.031456
 59.980003 -2.685582 -2.443377
 60.180003 -2.784108 -1.946732
 60.380003 -2.772006 -2.320354
 60.580003 -2.793081 -2.127787
 60.780003 -2.635954 -2.091401
 60.980003 -2.674122 -2.678669
 61.180003 -2.862864 -2.038823
 61.380003 -2.897553 -2.428228
 61.580003 -3.016938 -2.312828
 61.780003 -2.853453 -2.309607
 61.980003 -3.082352 -2.502813
 62.180003 -2.948776 -2.197940
 62.380003 -2.848410 -2.416171
 62.580003 -2.899537 -2.247965
 62.780003 -2.718872 -2.062060
 62.980003 -2.772201 -2.276140
 63.180003 -2.387419 -1.979502
 63.380003 -2.868394 -2.285708
 63.580003 -2.623053 -2.056008
 63.780003 -2.795366 -2.188816
 63.980003 -2.463128 -2.257768
 64.180003 -2.924121 -2.227465
 64.380003 -2.939612 -2.293773
 64.580003 -2.980716 -2.262136
 64.780003 -2.725654 -2.380643
 64.980003 -3.017326 -2.334229
 65.180003 -2.837341 -2.313024
 65.380003 -3.053004 -2.539919
 65.580003 -2.784329 -1.960063
 65.780003 -2.953710 -2.413839
 65.980003 -2.874551 -2.069118
 66.180003 -2.696383 -2.309952
 66.380003 -2.742569 -2.252902
 66.580003 -2.769425 -2.025663
 66.780003 -2.785226 -2.248858
 66.980003 -2.656356 -2.105367
 67.180003 -2.586014 -2.283057
 67.380003 -2.796840 -2.358144
 67.580003 -2.920932 -2.223097
 67.780003 -3.026147 -2.173297
 67.980003 -2.740757 -2.376771
 68.180003 -2.852866 -2.212553
 68.380003 -2.997375 -2.351391
 68.580003 -2.769277 -2.183498
 68.780003 -2.720244 -2.321053
 68.980003 -2.694860 -2.285132
 69.180003 -3.003518 -2.250907
 69.380003 -2.665516 -2.194920
 69.580003 -2.721291 -2.241912
 69.780003 -2.725834 -2.315061
 69.980003 -2.962925 -2.213355
 70.180003 -2.615521 -2.262731
 70.380003 -2.746688 -2.181584
 70.580003 -2.988271 -2.308057
 70.780003 -2.694830 -2.188924
 70.980003 -2.810566 -2.298589
 71.180003 -2.973303 -2.447310
 71.380003 -3.054489 -2.298319
 71.580003 -2.887070 -2.395316
 71.780003 -2.925706 -2.354781
 71.980003 -2.915170 -2.226250
 72.180003 -2.961337 -2.437463
 72.380003 -2.803540 -2.096888
 72.580003 -2.705424 -2.252399
 72.780003 -2.925531 -2.294217
 72.980003 -2.697060 -2.101947
 73.180003 -2.453874 -2.101833
 73.380003 -2.468570 -2.151464
 73.580003 -2.881747 -2.221622
 73.780004 -2.795597 -2.146809
 73.980004 -2.612196 -2.176275
 74.180004 -2.742405 -2.267605
 74.380004 -2.892262 -2.325146
 74.580004 -2.988618 -2.119340
 74.780004 -2.879584 -2.488753
 74.980004 -2.853297 -2.342030
 75.180004 -3.059096 -2.206556
 75.380004 -2.991618 -2.413569
 75.580004 -2.714500 -2.340019
 75.780004 -2.835617 -2.146192
 75.980004 -2.871668 -2.293003
 76.180004 -2.766127 -2.215401
 76.380004 -2.751066 -2.222040
 76.580004 -2.954931 -2.392770
 76.780004 -2.831614 -2.002307
 76.980004 -2.722953 -2.463985
 77.180004 -2.673710 -2.164396
 77.380004 -2.847964 -2.221594
 77.580004 -2.751476 -2.396947
 77.780004 -2.858390 -2.107020
 77.980004 -2.809798 -2.401138
 78.180004 -2.891281 -2.274011
 78.380004 -2.792844 -2.232452
 78.580004 -2.758883 -2.500979
 78.780004 -2.953742 -2.081744
 78.980004 -3.108651 -2.463966
 79.180004 -2.591039 -2.238474
 79.380004 -2.926888 -2.122022
 79.580004 -2.582345 -2.417471
 79.780004 -2.845359 -2.029044
 79.980004 -2.790948 -2.222993
 80.180004 -2.851847 -2.231750
 80.380004 -2.754834 -2.114463
 80.580004 -2.666761 -2.471442
 80.780004 -3.072158 -2.126977
 80.980004 -2.813000 -2.435999
 81.180004 -2.898726 -2.463092
 81.380004 -2.893007 -2.160488
 81.580004 -3.043349 -2.376809
 81.780004 -2.692194 -2.240830
 81.980004 -2.960692 -2.309936
 82.180004 -2.901058 -2.496976
 82.380004 -2.821413 -1.928685
 82.580004 -2.753764 -2.438135
 82.780004 -2.773978 -2.105626
 82.980004 -2.806617 -2.205317
 83.180004 -2.930332 -2.289993
 83.380004 -2.750702 -1.977473
 83.580004 -2.517021 -2.595601
 83.780004 -2.973662 -2.165611
 83.980004 -3.003674 -2.292724
 84.180004 -2.845424 -2.491067
 84.380004 -2.837047 -2.110335
 84.580004 -3.017908 -2.338819
 84.780004 -2.784298 -2.388188
 84.980004 -2.728651 -1.898158
 85.180004 -2.635762 -2.498661
 85.380004 -2.718244 -2.054102
 85.580004 -2.709376 -2.214089
 85.780004 -2.791413 -2.319464
 85.980004 -2.795763 -1.994055
 86.180004 -2.716397 -2.406354
 86.380004 -2.966260 -2.169845
 86.580004 -2.634060 -2.231347
 86.780004 -2.804502 -2.511712
 86.980004 -3.009532 -2.063444
 87.180004 -3.028858 -2.633786
 87.380004 -2.779153 -2.304322
 87.580004 -2.975530 -2.237797
 87.780004 -2.799591 -2.435051
 87.980004 -3.058146 -2.094604
 88.180004 -2.637925 -2.652998
 88.380004 -2.954366 -1.865847
 88.580004 -2.780948 -2.175789
 88.780004 -2.661385 -2.386189
 88.980004 -2.800851 -1.851232
 89.180004 -2.667812 -2.528631
 89.380004 -2.735976 -1.922594
 89.580004 -2.632003 -2.459631
 89.780004 -2.814404 -2.302703
 89.980004 -2.883285 -2.019789
 90.180004 -2.673557 -2.632836
 90.380004 -2.855533 -2.097693
 90.580004 -3.121410 -2.290841
 90.780004 -2.754925 -2.649132
 90.980004 -2.860434 -1.847442
 91.180004 -3.040920 -2.571757
 91.380004 -2.770332 -2.224558
 91.580004 -2.646682 -2.132257
 91.780004 -2.918366 -2.601432
 91.980004 -3.021086 -1.772979
 92.180004 -2.750605 -2.586818
 92.380004 -2.693982 -2.027117
 92.580004 -2.896157 -2.281265
 92.780004 -2.634903 -2.437049
 92.980004 -2.769816 -1.877075
 93.180004 -2.749847 -2.601964
 93.380004 -2.915629 -2.226936
 93.580004 -2.697020 -2.203917
 93.780004 -3.018996 -2.551608
 93.980004 -3.036137 -2.126214
 94.180004 -2.894070 -2.556332
 94.380004 -2.659872 -2.246176
 94.580004 -2.809856 -2.208412
 94.780005 -2.902298 -2.537298
 94.980005 -2.958278 -2.097101
 95.180005 -2.735351 -2.505692
 95.380005 -2.815169 -2.091211
 95.580005 -2.802486 -2.230295
 95.780005 -2.689173 -2.505496
 95.980005 -2.954616 -1.795678
 96.180005 -2.727913 -2.622765
 96.380005 -2.929624 -2.056193
 96.580005 -2.853584 -2.365771
 96.780005 -2.641700 -2.397059
 96.980005 -2.943855 -1.968424
 97.180005 -2.892580 -2.470948
 97.380005 -2.728038 -1.961092
 97.580005 -2.714373 -2.463424
 97.780005 -2.892963 -2.212703
 97.980005 -2.686423 -2.043653
 98.180005 -2.576749 -2.518420
 98.380005 -2.977986 -2.143054
 98.580005 -2.757639 -2.324354
 98.780005 -2.921528 -2.276908
 98.980005 -2.813053 -2.187517
 99.180005 -2.795143 -2.484200
 99.380005 -2.852050 -2.085276
 99.580005 -3.048702 -2.416981
 99.780005 -2.825924 -2.342012
 99.980005 -2.809268 -2.067352
 100.180005 -2.767118 -2.588714
 100.380005 -3.005176 -2.242017
 100.580005 -2.733624 -2.307267
 100.780005 -2.714760 -2.319014
 100.980005 -2.967370 -2.303341
 101.180005 -2.912026 -2.469431
 101.380005 -2.707913 -2.129881
 101.580005 -2.623223 -2.198692
 101.780005 -2.970213 -2.465566
 101.980005 -2.756324 -1.958638
 102.180005 -2.787832 -2.356743
 102.380005 -2.569279 -2.154031
 102.580005 -2.929796 -2.249122
 102.780005 -2.904925 -2.368868
 102.980005 -2.870821 -2.143156
 103.180005 -2.741824 -2.395944
 103.380005 -3.092881 -2.208233
 103.580005 -2.693028 -2.149226
 103.780005 -2.991987 -2.594400
 103.980005 -2.668877 -2.179411
 104.180005 -2.875573 -2.065401
 104.380005 -2.563198 -2.247691
 104.580005 -2.805020 -2.324186
 104.780005 -2.594349 -2.301964
 104.980005 -3.034515 -2.121840
 105.180005 -2.740046 -2.314787
 105.380005 -2.848269 -2.400038
 105.580005 -2.923497 -2.122722
 105.780005 -2.985095 -2.380155
 105.980005 -2.730921 -2.289847
 106.180005 -2.666241 -2.200550
 106.380005 -2.716629 -2.267510
 106.580005 -3.042115 -2.036703
 106.780005 -2.761037 -2.299915
 106.980005 -2.590590 -2.300097
 107.180005 -2.760866 -2.068165
 107.380005 -2.748642 -2.308228
 107.580005 -2.830021 -2.306551
 107.780005 -2.706270 -2.160166
 107.980005 -2.792671 -2.329326
 108.180005 -2.820615 -2.174920
 108.380005 -2.754158 -2.285862
 108.580005 -2.988705 -2.291613
 108.780005 -2.993026 -2.298304
 108.980005 -2.630630 -2.148105
 109.180005 -2.957822 -2.423175
 109.380005 -2.721531 -2.316692
 109.580005 -2.890202 -2.142232
 109.780005 -2.790271 -2.372835
 109.980005 -2.783502 -2.083657
 110.180005 -2.749266 -2.248047
 110.380005 -2.903145 -2.421114
 110.580005 -2.883551 -2.020130
 110.780005 -2.810187 -2.426832
 110.980005 -2.725611 -2.027609
 111.180005 -2.743183 -2.178633
 111.380005 -2.797163 -2.401895
 111.580005 -2.907824 -1.959585
 111.780005 -2.679490 -2.457667
 111.980005 -2.541390 -2.196293
 112.180005 -3.087958 -2.158343
 112.380005 -2.721775 -2.566524
 112.580005 -2.883444 -1.902914
 112.780005 -2.775548 -2.475141
 112.980005 -2.912013 -2.169558
 113.180005 -2.927273 -2.101442
 113.380005 -2.897402 -2.540057
 113.580005 -2.858787 -1.975341
 113.780005 -2.802392 -2.456393
 113.980005 -2.888169 -2.188944
 114.180005 -2.830944 -2.100739
 114.380005 -2.808875 -2.681720
 114.580005 -2.925749 -2.024429
 114.780005 -2.862745 -2.338947
 114.980005 -2.755483 -2.265997
 115.180005 -2.730944 -2.158568
 115.380005 -2.871717 -2.473113
 115.580005 -3.017994 -2.099779
 115.780005 -2.509584 -2.226250
 115.980006 -2.660371 -2.283915
 116.180006 -2.913268 -2.105791
 116.380006 -2.948848 -2.323785
 116.580006 -2.778222 -2.161522
 116.780006 -2.733366 -2.466422
 116.980006 -2.965733 -2.326717
 117.180006 -2.826051 -2.135173
 117.380006 -2.718850 -2.309916
 117.580006 -2.963740 -2.198293
 117.780006 -2.903969 -2.467644
 117.980006 -2.755785 -2.142131
 118.180006 -2.818957 -2.159204
 118.380006 -2.803541 -2.235229
 118.580006 -2.601053 -2.163621
 118.780006 -2.775474 -2.364955
 118.980006 -2.730583 -2.030505
 119.180006 -2.785768 -2.275454
 119.380006 -2.590042 -2.271916
 119.580006 -2.753494 -2.209057
 119.780006 -2.905977 -2.296020
 119.980006 -2.887897 -2.079011
 120.180006 -2.654017 -2.506057
 120.380006 -2.976776 -2.308808
 120.580006 -2.882889 -2.169449
 120.780006 -2.757596 -2.301933
 120.980006 -2.918668 -2.119665
 121.180006 -2.778247 -2.480005
 121.380006 -2.588736 -2.053293
 121.580006 -3.141222 -2.343725
 121.780006 -2.785175 -2.153934
 121.980006 -2.674032 -2.283174
 122.180006 -2.695474 -2.342600
 122.380006 -3.109486 -2.306205
 122.580006 -2.766196 -2.308497
 122.780006 -2.747963 -2.044803
 122.980006 -2.934763 -2.498751
 123.180006 -2.799217 -2.246827
 123.380006 -2.869443 -2.248685
 123.580006 -2.731887 -2.443341
 123.780006 -2.934830 -2.168162
 123.980006 -2.589287 -2.323567
 124.180006 -2.889625 -2.236476
 124.380006 -2.606258 -2.027875
 124.580006 -2.764246 -2.523527
 124.780006 -2.767852 -1.895367
 124.980006 -2.948590 -2.475733
 125.180006 -2.899039 -2.166844
 125.380006 -2.730228 -2.283664
 125.580006 -2.858643 -2.361660
 125.780006 -2.908108 -2.157317
 125.980006 -2.786506 -2.424554
 126.180006 -2.651641 -2.183133
 126.380006 -3.001039 -2.298641
 126.580006 -2.841609 -2.330488
 126.780006 -2.832323 -2.138991
 126.980006 -2.634974 -2.412694
 127.180006 -3.044703 -2.311815
 127.380006 -2.925716 -2.129246
 127.580006 -2.828228 -2.594784
 127.780006 -2.629592 -2.054092
 127.980006 -3.021797 -2.371800
 128.180006 -2.867939 -2.268784
 128.380006 -2.758056 -2.127644
 128.580006 -2.629030 -2.425938
 128.780006 -2.928533 -2.158350
 128.980006 -2.737079 -2.264392
 129.180006 -2.786458 -2.338907
 129.380006 -2.943108 -2.141724
 129.580006 -2.672900 -2.497319
 129.780006 -2.696977 -2.000855
 129.980006 -2.915726 -2.408223
 130.180006 -2.886674 -2.391693
 130.380006 -2.576394 -1.995554
 130.580006 -2.865504 -2.579689
 130.780006 -2.953263 -2.076221
 130.980006 -2.752788 -2.393685
 131.180006 -2.626146 -2.257820
 131.380006 -2.970704 -2.210241
 131.580006 -2.806706 -2.521736
 131.780006 -2.857854 -1.980319
 131.980006 -2.909296 -2.500508
 132.180006 -2.759390 -2.151172
 132.380006 -3.059801 -2.372309
 132.580006 -2.918124 -2.456397
 132.780006 -2.793088 -1.871287
 132.980006 -2.902836 -2.736816
 133.180006 -2.894920 -1.930576
 133.380006 -2.790812 -2.369691
 133.580006 -2.652505 -2.329362
 133.780006 -2.985903 -2.048835
 133.980006 -2.573926 -2.468211
 134.180006 -2.892096 -1.942582
 134.380006 -2.697711 -2.357513
 134.580006 -2.956929 -2.325090
 134.780006 -2.828332 -1.927836
 134.980006 -3.005598 -2.594999
 135.180006 -2.882270 -2.052093
 135.380006 -2.792200 -2.235662
 135.580006 -2.828978 -2.533543
 135.780006 -2.936274 -2.002326
 135.980006 -2.946931 -2.641244
 136.180006 -2.795091 -2.129903
 136.380006 -2.954666 -2.324218
 136.580006 -2.857352 -2.435681
 136.780006 -2.723035 -2.071824
 136.980007 -2.829618 -2.503481
 137.180007 -2.783038 -2.067912
 137.380007 -2.898423 -2.290365
 137.580007 -2.512937 -2.204619
 137.780007 -2.714037 -2.128727
 137.980007 -2.781441 -2.347558
 138.180007 -2.945799 -2.035001
 138.380007 -2.733725 -2.265536
 138.580007 -2.772069 -2.257418
 138.780007 -2.743759 -2.222741
 138.980007 -2.811375 -2.471486
 139.180007 -2.807930 -2.111570
 139.380007 -2.900727 -2.395114
 139.580007 -2.685972 -2.514066
 139.780007 -3.116946 -2.213917
 139.980007 -2.822299 -2.400387
 140.180007 -2.848340 -2.363254
 140.380007 -2.934219 -2.083309
 140.580007 -2.930588 -2.421215
 140.780007 -2.693378 -2.083464
 140.980007 -2.688857 -2.389520
 141.180007 -2.877827 -2.111524
 141.380007 -2.649781 -2.032335
 141.580007 -2.694721 -2.429530
 141.780007 -2.731206 -2.121189
 141.980007 -2.893667 -2.176425
 142.180007 -2.508408 -2.381408
 142.380007 -2.949894 -2.017455
 142.580007 -2.824523 -2.650988
 142.780007 -2.947926 -1.992879
 142.980007 -2.948204 -2.517860
 143.180007 -3.077781 -2.453219
 143.380007 -3.022089 -1.895920
 143.580007 -2.833011 -2.678845
 143.780007 -2.932362 -2.089093
 143.980007 -2.599780 -2.359273
 144.180007 -2.838298 -2.300294
 144.380007 -2.832202 -1.996685
 144.580007 -2.756444 -2.584567
 144.780007 -2.778936 -2.001981
 144.980007 -2.676401 -2.135637
 145.180007 -2.692919 -2.472668
 145.380007 -2.865499 -1.938552
 145.580007 -2.752060 -2.457837
 145.780007 -2.963941 -2.056459
 145.980007 -2.794009 -2.237829
 146.180007 -2.841131 -2.370547
 146.380007 3.102005 -2.077252
 146.580007 -2.814453 -2.616828
 146.780007 -2.934463 -2.213149
 146.980007 -2.670004 -2.221012
 147.180007 -3.045535 -2.526472
 147.380007 -2.792424 -1.942376
 147.580007 -2.830496 -2.616065
 147.780007 -2.727951 -2.070267
 147.980007 -2.913973 -2.143913
 148.180007 -2.788974 -2.332384
 148.380007 -2.579346 -1.996215
 148.580007 -2.778738 -2.495893
 148.780007 -2.952252 -1.975691
 148.980007 -2.984250 -2.203413
 149.180007 -2.535131 -2.320607
 149.380007 -2.935349 -2.149163
 149.580007 -2.973577 -2.455930
 149.780007 -2.852576 -1.884919
 149.980007 -2.729329 -2.508755
 150.180007 -2.940790 -2.505592
 150.380007 -2.968297 -1.975624
 150.580007 -2.944966 -2.587466
 150.780007 -2.792707 -2.186423
 150.980007 -2.905088 -2.425893
 151.180007 -3.009879 -2.288679
 151.380007 -2.877053 -2.091931
 151.580007 -2.880068 -2.560498
 151.780007 -2.902969 -2.013530
 151.980007 -2.902900 -2.297744
 152.180007 -2.687870 -2.206565
 152.380007 -2.744922 -2.125518
 152.580007 -2.667998 -2.408895
 152.780007 -2.759950 -1.964644
 152.980007 -2.786991 -2.544845
 153.180007 -2.765111 -2.052562
 153.380007 -2.787198 -2.429186
 153.580007 -2.700050 -2.341534
 153.780007 -2.960226 -2.041097
 153.980007 -2.918518 -2.644810
 154.180007 -2.898452 -1.974950
 154.380007 -3.060178 -2.532694
 154.580007 -2.819785 -2.480962
 154.780007 -2.578860 -2.107819
 154.980007 -2.992446 -2.437074
 155.180007 -2.869503 -2.144399
 155.380007 -2.782219 -2.186315
 155.580007 -2.796725 -2.371998
 155.780007 -2.850742 -2.226818
 155.980007 -2.861183 -2.196202
 156.180007 -2.692543 -2.380757
 156.380007 -2.847850 -2.075078
 156.580007 -3.086515 -2.473916
 156.780007 -2.899320 -2.254524
 156.980007 -2.654799 -2.119780
 157.180007 -3.118356 -2.587971
 157.380007 -2.868222 -2.172101
 157.580007 -2.929407 -2.393186
 157.780007 -2.959241 -2.497564
 157.980008 -3.043706 -2.205139
 158.180008 -2.939822 -2.428398
 158.380008 -2.784043 -2.196951
 158.580008 -2.875989 -2.128543
 158.780008 -2.847786 -2.551175
 158.980008 -2.644251 -1.924402
 159.180008 -2.480849 -2.234509
 159.380008 -2.982288 -2.489291
 159.580008 -3.063077 -2.101795
 159.780008 -2.814086 -2.507210
 159.980008 -2.675141 -2.240892
 160.180008 -2.810643 -2.130513
 160.380008 -2.792029 -2.496416
 160.580008 -2.616118 -1.840674
 160.780008 -2.934143 -2.472455
 160.980008 -2.838208 -2.181505
 161.180008 -2.844387 -2.289831
 161.380008 -2.722712 -2.333747
 161.580008 -2.859352 -2.180703
 161.780008 -2.740331 -2.312911
 161.980008 -2.939547 -2.206927
 162.180008 -2.808060 -2.141803
 162.380008 -2.868243 -2.328979
 162.580008 -2.795571 -2.105754
 162.780008 -2.862019 -2.356368
 162.980008 -2.843526 -2.203412
 163.180008 -2.760434 -2.123937
 163.380008 -2.916343 -2.716360
 163.580008 -2.714725 -1.890234
 163.780008 -2.885567 -2.420173
 163.980008 -2.753665 -2.135768
 164.180008 -2.891125 -2.233487
 164.380008 -2.551735 -2.285203
 164.580008 -2.707486 -2.048892
 164.780008 -2.745154 -2.258335
 164.980008 -2.892794 -2.254037
 165.180008 -2.600790 -1.972259
 165.380008 -2.844781 -2.472073
 165.580008 -2.902009 -2.117035
 165.780008 -2.929854 -2.300503
 165.980008 -2.656044 -2.182060
 166.180008 -2.819027 -2.239315
 166.380008 -2.954321 -2.583397
 166.580008 -2.776322 -2.000441
 166.780008 -2.955805 -2.564787
 166.980008 -2.666076 -2.158818
 167.180008 -3.069950 -2.391282
 167.380008 -2.710080 -2.402898
 167.580008 -2.921020 -1.969257
 167.780008 -2.773980 -2.624061
 167.980008 -2.919314 -2.084840
 168.180008 -2.540108 -2.335787
 168.380008 -2.982363 -2.327944
 168.580008 -2.824365 -2.047717
 168.780008 -2.834615 -2.590166
 168.980008 -2.688077 -1.927616
 169.180008 -2.934559 -2.331023
 169.380008 -2.816915 -2.283783
 169.580008 -2.567500 -2.031633
 169.780008 -2.792957 -2.523928
 169.980008 -2.754905 -2.007848
 170.180008 -2.983866 -2.222616
 170.380008 -2.764806 -2.460254
 170.580008 -2.871127 -2.055240
 170.780008 -2.845786 -2.547770
 170.980008 -2.853564 -2.239320
 171.180008 -2.880317 -2.153241
 171.380008 -2.635755 -2.386647
 171.580008 -2.814367 -2.251751
 171.780008 -2.628025 -2.234122
 171.980008 -2.774579 -2.255327
 172.180008 -3.004763 -1.963064
 172.380008 -2.808823 -2.327151
 172.580008 -2.598184 -2.157458
 172.780008 -2.482099 -2.293992
 172.980008 -2.791734 -2.219423
 173.180008 -2.956187 -2.271432
 173.380008 -2.853386 -2.169572
 173.580008 -2.705319 -2.337839
 173.780008 -2.791579 -2.210293
 173.980008 -2.991135 -2.437624
 174.180008 -2.791644 -2.034548
 174.380008 -2.595458 -2.373077
 174.580008 -2.717731 -2.459696
 174.780008 -2.915236 -1.952303
 174.980008 -2.728688 -2.371953
 175.180008 -2.941458 -2.224406
 175.380008 -2.973812 -2.349532
 175.580008 -2.868966 -2.434796
 175.780008 -2.825162 -2.151236
 175.980008 -3.026612 -2.501132
 176.180008 -2.879655 -2.093284
 176.380008 -2.677378 -2.414447
 176.580008 -2.858302 -2.388204
 176.780008 -2.928467 -2.103482
 176.980008 -2.803680 -2.410184
 177.180008 -2.639565 -2.146288
 177.380008 -2.727481 -2.253718
 177.580008 -2.825758 -2.335810
 177.780008 -2.993074 -2.172524
 177.980008 -2.617511 -2.534064
 178.180008 -2.816471 -2.134243
 178.380008 -2.876645 -2.222262
 178.580008 -2.848386 -2.435539
 178.780008 -2.772847 -2.103862
 178.980009 -2.773594 -2.390732
 179.180009 -2.787861 -2.179170
 179.380009 -2.777265 -2.164973
 179.580009 -2.905989 -2.566266
 179.780009 -2.680121 -2.051270
 179.980009 -2.974436 -2.194990
 180.180009 -2.863144 -2.571982
 180.380009 -2.767203 -1.933803
 180.580009 -2.794939 -2.363309
 180.780009 -2.963896 -2.194383
 180.980009 -2.829879 -2.216921
 181.180009 -2.633741 -2.573340
 181.380009 -3.038169 -1.926640
 181.580009 -2.700701 -2.416463
 181.780009 -2.813845 -2.144409
 181.980009 -2.607757 -2.230853
 182.180009 -2.873765 -2.297286
 182.380009 -2.791398 -2.005218
 182.580009 -2.829949 -2.591709
 182.780009 -2.834039 -2.113226
 182.980009 -2.710219 -2.308571
 183.180009 -2.878294 -2.397942
 183.380009 -2.892663 -2.098923
 183.580009 -3.015975 -2.562007
 183.780009 -2.791099 -2.006164
 183.980009 -2.966230 -2.412298
 184.180009 -2.801002 -2.292882
 184.380009 -2.658844 -1.980127
 184.580009 -2.883024 -2.613512
 184.780009 -2.954789 -2.062674
 184.980009 -2.796595 -2.345956
 185.180009 -2.556510 -2.198895
 185.380009 -3.053775 -2.247983
 185.580009 -2.664212 -2.424142
 185.780009 -2.952071 -2.065308
 185.980009 -2.741035 -2.295822
 186.180009 -2.810647 -2.373106
 186.380009 -2.841114 -2.024128
 186.580009 -2.864746 -2.517223
 186.780009 -2.870619 -2.045364
 186.980009 -2.872687 -2.385533
 187.180009 -2.696550 -2.217728
 187.380009 -2.770664 -2.118776
 187.580009 -2.741999 -2.299928
 187.780009 -2.817637 -2.207419
 187.980009 -2.722399 -2.189832
 188.180009 -2.865057 -2.264565
 188.380009 -2.874002 -2.276289
 188.580009 -2.861372 -2.298662
 188.780009 -2.918297 -2.117365
 188.980009 -2.839670 -2.407080
 189.180009 -2.886315 -2.186588
 189.380009 -2.718468 -2.213454
 189.580009 -2.850547 -2.310316
 189.780009 -2.905235 -2.152877
 189.980009 -2.725364 -2.333117
 190.180009 -2.883577 -2.292867
 190.380009 -2.868310 -2.251941
 190.580009 -2.771052 -2.341100
 190.780009 -2.682530 -2.147738
 190.980009 -2.873466 -2.367954
 191.180009 -3.006125 -2.211345
 191.380009 -2.788232 -2.236305
 191.580009 -2.766624 -2.312410
 191.780009 -2.882875 -2.223370
 191.980009 -2.704815 -2.339378
 192.180009 -2.893714 -2.068329
 192.380009 -2.704731 -2.263030
 192.580009 -2.802228 -2.254247
 192.780009 -2.669205 -2.188238
 192.980009 -2.969212 -2.290851
 193.180009 -2.907967 -2.265341
 193.380009 -2.637606 -2.507310
 193.580009 -2.853001 -2.120235
 193.780009 -3.052253 -2.284560
 193.980009 -2.728717 -2.302197
 194.180009 -2.759028 -2.159824
 194.380009 -2.736106 -2.388752
 194.580009 -2.853657 -2.156613
 194.780009 -2.644853 -2.123334
 194.980009 -2.758092 -2.378834
 195.180009 -2.744088 -2.033343
 195.380009 -2.753850 -2.375100
 195.580009 -2.667870 -2.238434
 195.780009 -2.868159 -2.095714
 195.980009 -2.761772 -2.317914
 196.180009 -2.659961 -2.062387
 196.380009 -3.016280 -2.570858
 196.580009 -2.793912 -1.838039
 196.780009 -2.861267 -2.412112
 196.980009 -2.683652 -2.500838
 197.180009 -3.110500 -2.053657
 197.380009 -2.499616 -2.592825
 197.580009 -2.971050 -2.155110
 197.780009 -2.720853 -2.154083
 197.980009 -3.035205 -2.557396
 198.180009 -3.001700 -1.722220
 198.380009 -2.686284 -2.666955
 198.580009 -3.001109 -1.893076
 198.780009 -2.643389 -2.482172
 198.980009 -2.665731 -2.188780
 199.180009 -2.640747 -2.065193
 199.380009 -2.755089 -2.186774
 199.580009 -2.746213 -1.926196
 199.780009 -2.774004 -2.392825
 199.980009 -2.750837 -2.090028
