#! FIELDS time phi psi
#! SET max_psi pi
 0.180000 -2.312237 2.292651
 0.380000 -1.329435 2.393100
 0.580000 -1.783378 2.649805
 0.780000 -2.040080 2.024986
 0.980000 -1.355760 3.036946
 1.180000 -2.183151 1.971891
 1.380000 -1.347589 2.656035
 1.580000 -1.691386 2.508843
 1.780000 -1.819081 2.158710
 1.980000 -1.659765 2.900311
 2.180000 -2.074285 1.981090
 2.380000 -1.623830 2.844376
 2.580000 -2.081918 2.289165
 2.780000 -1.743560 2.683260
 2.980000 -1.993645 2.496508
 3.180000 -1.723690 2.600815
 3.380000 -1.949037 2.532342
 3.580000 -1.969999 2.630503
 3.780000 -1.775751 2.495942
 3.980000 -1.887969 2.462124
 4.180000 -1.527885 2.665481
 4.380000 -1.991630 2.381139
 4.580000 -1.559442 2.747259
 4.780000 -1.918788 2.041988
 4.980000 -1.760997 2.962348
 5.180000 -1.759272 2.195125
 5.380000 -1.784918 2.535417
 5.580000 -1.738679 2.583361
 5.780000 -1.751117 2.125616
 5.980000 -1.745354 2.878282
 6.180000 -1.889324 2.159217
 6.380000 -1.687951 2.542126
 6.580000 -1.861012 2.545219
 6.780000 -1.724144 2.300843
 6.980000 -1.747376 2.598639
 7.180000 -1.688950 2.393810
 7.380000 -1.601940 2.511053
 7.580000 -1.636580 2.486400
 7.780000 -1.585785 2.536106
 7.980000 -1.653032 2.416265
 8.180000 -1.593849 2.545131
 8.380000 -1.795586 2.374751
 8.580000 -1.708955 2.726583
 8.780000 -1.770053 2.107623
 8.980000 -1.743937 2.635927
 9.180000 -1.662819 2.498031
 9.380000 -1.642929 2.239241
 9.580000 -1.774546 2.678470
 9.780000 -1.682820 2.262256
 9.980000 -1.694576 2.640225
 10.180000 -1.842437 2.214811
 10.380000 -1.538171 2.590021
 10.580001 -2.067220 2.426081
 10.780001 -1.477282 2.476762
 10.980001 -1.922088 2.349913
 11.180001 -1.727674 2.591098
 11.380001 -1.721971 2.371335
 11.580001 -1.992178 2.595242
 11.780001 -1.667670 2.369036
 11.980001 -1.832021 2.547264
 12.180001 -1.913609 2.580963
 12.380001 -1.664674 2.291625
 12.580001 -2.076424 2.691037
 12.780001 -1.756666 2.355080
 12.980001 -1.805260 2.723071
 13.180001 -1.767188 2.323903
 13.380001 -1.575082 2.556774
 13.580001 -1.896209 2.444473
 13.780001 -1.524292 2.501624
 13.980001 -1.809581 2.494577
 14.180001 -1.901983 2.370401
 14.380001 -1.562072 2.599839
 14.580001 -2.041026 2.336649
 14.780001 -1.603011 2.634825
 14.980001 -1.898775 2.500109
 15.180001 -1.745479 2.474228
 15.380001 -1.728506 2.404203
 15.580001 -1.930085 2.602074
 15.780001 -1.572833 2.258149
 15.980001 -1.969570 2.736098
 16.180001 -1.628866 2.526737
 16.380001 -1.818127 2.319801
 16.580001 -1.711067 2.654918
 16.780001 -1.602130 2.173078
 16.980001 -1.759756 2.738775
 17.180001 -1.680364 2.410228
 17.380001 -1.690793 2.354895
 17.580001 -1.887393 2.773060
 17.780001 -1.612336 2.149012
 17.980001 -1.890605 2.647436
 18.180001 -1.709954 2.385490
 18.380001 -1.554691 2.249142
 18.580001 -1.986551 2.795674
 18.780001 -1.394086 2.196898
 18.980001 -1.782199 2.493485
 19.180001 -1.781492 2.599228
 19.380001 -1.676288 2.260950
 19.580001 -1.993226 2.693441
 19.780001 -1.869538 2.252465
 19.980001 -1.864939 2.489396
 20.180001 -1.985946 2.688343
 20.380001 -1.807143 2.178704
 20.580001 -1.749151 2.790455
 20.780001 -1.727324 2.247298
 20.980001 -1.662073 2.585004
 21.180001 -1.925641 2.526131
 21.380001 -1.534956 2.281267
 21.580001 -1.796424 2.599894
 21.780001 -1.664561 2.520273
 21.980001 -1.663725 2.286712
 22.180001 -1.586179 2.760279
 22.380001 -1.540971 2.121309
 22.580001 -1.704419 2.532192
 22.780001 -1.773050 2.654580
 22.980001 -1.672395 2.044873
 23.180001 -1.881970 2.813811
 23.380001 -1.871624 2.156144
 23.580001 -1.825749 2.575022
 23.780001 -1.993663 2.541126
 23.980001 -1.642120 2.347982
 24.180001 -1.917028 2.579601
 24.380001 -1.560514 2.611928
 24.580001 -1.830455 2.291822
 24.780001 -1.722269 2.683994
 24.980001 -1.694576 2.271330
 25.180001 -1.960653 2.748709
 25.380001 -1.677448 2.592743
 25.580001 -1.989459 2.171846
 25.780001 -1.662084 2.882699
 25.980001 -1.804247 2.179090
 26.180001 -1.971813 2.758559
 26.380001 -1.753369 2.366153
 26.580001 -1.970122 2.285129
 26.780001 -1.856745 2.748183
 26.980001 -1.744160 2.402538
 27.180001 -2.027872 2.425923
 27.380001 -1.534526 2.678846
 27.580001 -1.849897 2.137510
 27.780001 -1.865019 2.666193
 27.980001 -1.501735 2.429190
 28.180001 -1.893561 2.385102
 28.380001 -1.598019 2.742693
 28.580001 -1.653557 2.239482
 28.780001 -1.899326 2.495878
 28.980001 -1.402087 2.573764
 29.180001 -1.824648 2.206187
 29.380001 -1.751876 2.690994
 29.580001 -1.635815 2.383960
 29.780001 -1.934574 2.443610
 29.980001 -1.755386 2.749610
 30.180001 -1.715082 2.228593
 30.380001 -2.000459 2.627137
 30.580001 -1.647130 2.580498
 30.780001 -1.822391 2.168207
 30.980001 -1.873747 2.778362
 31.180001 -1.598375 2.351495
 31.380001 -2.084430 2.541335
 31.580001 -1.693058 2.658105
 31.780002 -1.790597 2.284446
 31.980002 -1.874929 2.654203
 32.180002 -1.483115 2.501452
 32.380002 -2.000276 2.295550
 32.580002 -1.474526 2.656298
 32.780002 -1.702683 2.305200
 32.980002 -1.881382 2.643380
 33.180002 -1.558219 2.297398
 33.380002 -2.020287 2.598303
 33.580002 -1.744287 2.479192
 33.780002 -1.765268 2.406168
 33.980002 -1.822796 2.499078
 34.180002 -1.673884 2.439361
 34.380002 -1.919189 2.468558
 34.580002 -1.647590 2.668182
 34.780002 -1.658516 2.187445
 34.980002 -1.935742 2.671757
 35.180002 -1.654896 2.414565
 35.380002 -1.812506 2.486040
 35.580002 -1.918026 2.569374
 35.780002 -1.584509 2.453353
 35.980002 -2.073212 2.577098
 36.180002 -1.717740 2.499620
 36.380002 -1.731584 2.482287
 36.580002 -2.059432 2.696886
 36.780002 -1.482108 2.459880
 36.980002 -2.072791 2.578885
 37.180002 -1.700317 2.553717
 37.380002 -1.808998 2.386273
 37.580002 -2.131327 2.674624
 37.780002 -1.753416 2.341493
 37.980002 -1.955126 2.558981
 38.180002 -1.947427 2.515200
 38.380002 -1.776939 2.566938
 38.580002 -2.114488 2.554713
 38.780002 -1.575328 2.479802
 38.980002 -1.917860 2.581087
 39.180002 -1.991365 2.425280
 39.380002 -1.529321 2.654667
 39.580002 -2.191226 2.379521
 39.780002 -1.667294 2.769846
 39.980002 -1.844412 2.291921
 40.180002 -2.153135 2.624822
 40.380002 -1.626503 2.466223
 40.580002 -1.939989 2.598603
 40.780002 -1.768278 2.432440
 40.980002 -1.521864 2.564032
 41.180002 -1.954903 2.501814
 41.380002 -1.469154 2.462027
 41.580002 -1.856990 2.521429
 41.780002 -1.911790 2.384520
 41.980002 -1.560245 2.604431
 42.180002 -2.280749 2.356018
 42.380002 -1.559870 2.544726
 42.580002 -1.940729 2.427333
 42.780002 -1.888691 2.456773
 42.980002 -1.577816 2.517045
 43.180002 -2.119489 2.515245
 43.380002 -1.720941 2.352738
 43.580002 -1.781621 2.647872
 43.780002 -1.835481 2.517047
 43.980002 -1.746257 2.575260
 44.180002 -1.627049 2.631328
 44.380002 -1.963733 2.311386
 44.580002 -1.570098 2.533374
 44.780002 -1.947151 2.535325
 44.980002 -1.746073 2.412951
 45.180002 -1.807705 2.633919
 45.380002 -2.048043 2.250082
 45.580002 -1.751701 2.710377
 45.780002 -2.048132 2.339479
 45.980002 -1.762412 2.640366
 46.180002 -1.858238 2.593762
 46.380002 -2.089695 2.345701
 46.580002 -1.808373 2.672179
 46.780002 -2.019770 2.547472
 46.980002 -1.948729 2.640149
 47.180002 -1.963625 2.506209
 47.380002 -2.050858 2.446435
 47.580002 -1.935983 2.553128
 47.780002 -1.870798 2.537557
 47.980002 -2.059026 2.495699
 48.180002 -1.573292 2.626774
 48.380002 -1.918834 2.354426
 48.580002 -1.687606 2.540237
 48.780002 -1.567432 2.404881
 48.980002 -1.862358 2.408295
 49.180002 -1.516573 2.523921
 49.380002 -1.614544 2.479431
 49.580002 -1.653709 2.494168
 49.780002 -1.608169 2.428858
 49.980002 -1.674652 2.545682
 50.180002 -1.754222 2.437476
 50.380002 -1.541965 2.456707
 50.580002 -2.082387 2.450292
 50.780002 -1.582975 2.596985
 50.980002 -1.832382 2.545346
 51.180002 -1.848906 2.358130
 51.380002 -1.621000 2.565563
 51.580002 -1.953354 2.465058
 51.780002 -1.606859 2.477528
 51.980002 -1.913719 2.490868
 52.180002 -1.755082 2.670800
 52.380002 -1.984221 2.213786
 52.580002 -1.822620 2.797730
 52.780003 -1.772272 2.321574
 52.980003 -1.881886 2.554070
 53.180003 -1.863484 2.541454
 53.380003 -1.888569 2.351621
 53.580003 -1.818037 2.822052
 53.780003 -1.833292 2.460498
 53.980003 -1.942673 2.574976
 54.180003 -1.827091 2.538523
 54.380003 -1.683837 2.355027
 54.580003 -1.948220 2.566947
 54.780003 -1.628423 2.464737
 54.980003 -2.029100 2.511284
 55.180003 -1.788449 2.466422
 55.380003 -1.541625 2.543810
 55.580003 -2.157896 2.371613
 55.780003 -1.389719 2.671334
 55.980003 -1.888045 2.304627
 56.180003 -1.815715 2.494860
 56.380003 -1.398425 2.356563
 56.580003 -1.966471 2.620445
 56.780003 -1.577013 2.372434
 56.980003 -1.570766 2.493680
 57.180003 -1.877566 2.529539
 57.380003 -1.550069 2.222915
 57.580003 -1.826383 2.785232
 57.780003 -1.633097 2.204764
 57.980003 -1.567486 2.632989
 58.180003 -1.916275 2.441955
 58.380003 -1.548220 2.491185
 58.580003 -1.982815 2.611640
 58.780003 -1.829883 2.454531
 58.980003 -1.776168 2.381287
 59.180003 -2.058624 2.555043
 59.380003 -1.631427 2.473598
 59.580003 -1.947256 2.504282
 59.780003 -1.766808 2.493927
 59.980003 -1.659913 2.373583
 60.180003 -2.001587 2.699041
 60.380003 -1.623781 2.272196
 60.580003 -1.833488 2.760959
 60.780003 -1.984946 2.402115
 60.980003 -1.711215 2.671735
 61.180003 -2.042139 2.551058
 61.380003 -1.651567 2.544090
 61.580003 -1.928933 2.444038
 61.780003 -1.813960 2.491866
 61.980003 -1.764763 2.483221
 62.180003 -1.911241 2.537094
 62.380003 -1.745249 2.487168
 62.580003 -1.904087 2.510112
 62.780003 -1.778331 2.711953
 62.980003 -1.766837 2.360022
 63.180003 -1.997126 2.595397
 63.380003 -1.606842 2.387969
 63.580003 -1.835037 2.553451
 63.780003 -1.766658 2.499052
 63.980003 -1.697155 2.430205
 64.180003 -2.059166 2.842988
 64.380003 -1.581110 2.227895
 64.580003 -1.852313 2.544275
 64.780003 -1.789273 2.497827
 64.980003 -1.656113 2.321017
 65.180003 -2.183913 2.704755
 65.380003 -1.544050 2.269534
 65.580003 -1.767456 2.657965
 65.780003 -1.756577 2.553055
 65.980003 -1.569969 2.334160
 66.180003 -2.108566 2.578001
 66.380003 -1.574459 2.461086
 66.580003 -1.872304 2.409193
 66.780003 -1.876409 2.682909
 66.980003 -1.682590 2.083449
 67.180003 -1.915980 2.728128
 67.380003 -1.601118 2.402921
 67.580003 -1.741981 2.428429
 67.780003 -2.003895 2.675788
 67.980003 -1.418588 2.122047
 68.180003 -1.841894 2.730311
 68.380003 -1.769328 2.358677
 68.580003 -1.614719 2.528477
 68.780003 -1.968245 2.506764
 68.980003 -1.612279 2.362324
 69.180003 -1.821568 2.503448
 69.380003 -1.789662 2.575431
 69.580003 -1.666156 2.377594
 69.780003 -1.845293 2.591624
 69.980003 -1.494890 2.378871
 70.180003 -1.924075 2.485392
 70.380003 -1.738685 2.590415
 70.580003 -1.623551 2.344366
 70.780003 -1.897443 2.639191
 70.980003 -1.541152 2.332449
 71.180003 -1.717751 2.439790
 71.380003 -1.747773 2.580520
 71.580003 -1.673668 2.145637
 71.780003 -1.817815 2.722699
 71.980003 -1.774005 2.200403
 72.180003 -1.663898 2.497775
 72.380003 -1.933956 2.584581
 72.580003 -1.560254 2.271244
 72.780003 -1.812578 2.749878
 72.980003 -1.707780 2.404142
 73.180003 -1.803927 2.478283
 73.380003 -1.950576 2.517946
 73.580003 -1.687039 2.284842
 73.780004 -1.867397 2.588399
 73.980004 -1.643279 2.479187
 74.180004 -1.827111 2.309239
 74.380004 -1.646769 2.676678
 74.580004 -1.704105 2.159681
 74.780004 -1.783927 2.663772
 74.980004 -1.534515 2.312016
 75.180004 -1.680218 2.393561
 75.380004 -1.660408 2.694388
 75.580004 -1.681724 2.212545
 75.780004 -1.740141 2.702923
 75.980004 -1.711805 2.283520
 76.180004 -1.748183 2.516897
 76.380004 -1.878921 2.564679
 76.580004 -1.629231 2.428465
 76.780004 -1.975927 2.587058
 76.980004 -1.681952 2.413522
 77.180004 -1.880874 2.619712
 77.380004 -1.879484 2.439061
 77.580004 -1.733022 2.391029
 77.780004 -1.940006 2.611670
 77.980004 -1.751554 2.522853
 78.180004 -1.845518 2.313779
 78.380004 -1.888294 2.669406
 78.580004 -1.768457 2.326006
 78.780004 -1.879754 2.642469
 78.980004 -1.919055 2.341566
 79.180004 -1.761199 2.380597
 79.380004 -2.031946 2.818165
 79.580004 -1.744545 2.180230
 79.780004 -1.826817 2.672285
 79.980004 -1.888615 2.524724
 80.180004 -1.718110 2.343776
 80.380004 -1.943906 2.679115
 80.580004 -1.577873 2.511221
 80.780004 -1.989383 2.421209
 80.980004 -1.687175 2.668546
 81.180004 -1.663217 2.320029
 81.380004 -2.035161 2.559803
 81.580004 -1.506017 2.538617
 81.780004 -2.041874 2.368004
 81.980004 -1.738263 2.641268
 82.180004 -1.737526 2.160875
 82.380004 -1.991610 2.793725
 82.580004 -1.737177 2.332537
 82.780004 -1.817581 2.551311
 82.980004 -1.921199 2.581780
 83.180004 -1.458695 2.214615
 83.380004 -2.124444 2.658107
 83.580004 -1.589285 2.300333
 83.780004 -1.853918 2.620559
 83.980004 -1.869023 2.547384
 84.180004 -1.584421 2.346973
 84.380004 -1.988616 2.717944
 84.580004 -1.768473 2.406204
 84.780004 -1.703872 2.424879
 84.980004 -1.865314 2.708365
 85.180004 -1.664911 2.178145
 85.380004 -1.890891 2.809293
 85.580004 -1.774646 2.383105
 85.780004 -1.832608 2.355640
 85.980004 -1.936979 2.758862
 86.180004 -1.626940 2.194884
 86.380004 -1.890223 2.645948
 86.580004 -1.765434 2.369324
 86.780004 -1.647412 2.395007
 86.980004 -1.838149 2.632024
 87.180004 -1.646236 2.391136
 87.380004 -1.807620 2.503108
 87.580004 -1.748878 2.442316
 87.780004 -1.629530 2.424926
 87.980004 -1.891283 2.636027
 88.180004 -1.618039 2.269278
 88.380004 -1.839610 2.600761
 88.580004 -1.829939 2.603779
 88.780004 -1.641958 2.257528
 88.980004 -1.935787 2.800306
 89.180004 -1.553694 2.120798
 89.380004 -1.752115 2.595630
 89.580004 -1.772964 2.414044
 89.780004 -1.600400 2.428733
 89.980004 -1.903750 2.720763
 90.180004 -1.563550 2.181389
 90.380004 -1.948823 2.596533
 90.580004 -1.858587 2.626633
 90.780004 -1.586249 2.071614
 90.980004 -2.087577 2.817883
 91.180004 -1.536510 2.192906
 91.380004 -1.797631 2.473690
 91.580004 -1.911461 2.628043
 91.780004 -1.587445 2.011323
 91.980004 -2.170172 2.933093
 92.180004 -1.653708 2.202481
 92.380004 -1.863602 2.414555
 92.580004 -1.995625 2.558828
 92.780004 -1.481387 2.307846
 92.980004 -1.917281 2.702471
 93.180004 -1.509272 2.352322
 93.380004 -1.761064 2.496572
 93.580004 -2.147432 2.417243
 93.780004 -1.350229 2.423690
 93.980004 -1.954726 2.600613
 94.180004 -1.562661 2.358429
 94.380004 -1.774107 2.469222
 94.580004 -1.769001 2.639235
 94.780005 -1.621474 2.224943
 94.980005 -1.907753 2.793878
 95.180005 -1.937223 2.279417
 95.380005 -1.763605 2.582202
 95.580005 -1.956507 2.683187
 95.780005 -1.842190 2.192509
 95.980005 -1.785066 2.856944
 96.180005 -2.040013 2.300543
 96.380005 -1.732844 2.515717
 96.580005 -1.861316 2.553534
 96.780005 -1.746944 2.436605
 96.980005 -1.861334 2.573049
 97.180005 -1.829274 2.555041
 97.380005 -1.720591 2.290723
 97.580005 -1.794191 2.794698
 97.780005 -1.624751 2.238378
 97.980005 -1.604962 2.526838
 98.180005 -1.765398 2.571940
 98.380005 -1.554904 2.164819
 98.580005 -1.609114 2.876800
 98.780005 -1.869459 2.032619
 98.980005 -1.491274 2.648154
 99.180005 -2.018334 2.482694
 99.380005 -1.680357 2.356381
 99.580005 -1.978110 2.661748
 99.780005 -1.959365 2.396156
 99.980005 -1.693202 2.309992
 100.180005 -2.040268 2.802174
 100.380005 -1.705065 2.389219
 100.580005 -2.018768 2.588463
 100.780005 -1.803567 2.538155
 100.980005 -1.834187 2.342353
 101.180005 -1.916723 2.796244
 101.380005 -1.801874 2.202895
 101.580005 -1.764494 2.644956
 101.780005 -1.921331 2.439512
 101.980005 -1.502935 2.445001
 102.180005 -1.930793 2.652541
 102.380005 -1.632450 2.433719
 102.580005 -1.590003 2.500338
 102.780005 -1.901532 2.429950
 102.980005 -1.271312 2.513201
 103.180005 -1.914018 2.556606
 103.380005 -1.567105 2.482129
 103.580005 -1.840567 2.472127
 103.780005 -1.979916 2.472381
 103.980005 -1.726451 2.337216
 104.180005 -2.022086 2.645494
 104.380005 -1.736899 2.358795
 104.580005 -1.916638 2.408834
 104.780005 -1.863203 2.612793
 104.980005 -1.642743 2.185980
 105.180005 -1.935251 2.702917
 105.380005 -1.656540 2.394864
 105.580005 -1.759289 2.635273
 105.780005 -1.824289 2.339437
 105.980005 -1.465016 2.538496
 106.180005 -1.805677 2.457377
 106.380005 -1.452514 2.399114
 106.580005 -1.683124 2.467761
 106.780005 -1.747460 2.498854
 106.980005 -1.512051 2.347313
 107.180005 -1.964124 2.623666
 107.380005 -1.661991 2.248292
 107.580005 -1.789373 2.595268
 107.780005 -1.833580 2.588901
 107.980005 -1.860157 2.212092
 108.180005 -1.798531 2.863740
 108.380005 -1.890471 2.092593
 108.580005 -1.801956 2.601153
 108.780005 -2.036818 2.577724
 108.980005 -1.849689 2.285268
 109.180005 -1.988390 2.977133
 109.380005 -1.884176 2.354603
 109.580005 -1.810861 2.527994
 109.780005 -1.838352 2.610805
 109.980005 -1.696809 2.347827
 110.180005 -1.891461 2.695291
 110.380005 -1.868956 2.469785
 110.580005 -1.897246 2.360164
 110.780005 -1.726994 2.788789
 110.980005 -1.666366 2.113397
 111.180005 -1.559309 2.720359
 111.380005 -1.729190 2.418811
 111.580005 -1.605764 2.302373
 111.780005 -1.586932 2.727912
 111.980005 -1.789691 2.107473
 112.180005 -1.543682 2.686149
 112.380005 -1.826928 2.361341
 112.580005 -1.723995 2.519648
 112.780005 -1.859428 2.488599
 112.980005 -1.883399 2.396108
 113.180005 -1.752555 2.459707
 113.380005 -1.922100 2.513583
 113.580005 -1.736800 2.321943
 113.780005 -1.684959 2.663488
 113.980005 -1.767567 2.320212
 114.180005 -1.728350 2.456699
 114.380005 -1.598783 2.596065
 114.580005 -1.879472 2.461023
 114.780005 -1.528713 2.516700
 114.980005 -1.833752 2.377427
 115.180005 -1.633634 2.538248
 115.380005 -1.646538 2.540701
 115.580005 -1.822369 2.400987
 115.780005 -1.480243 2.435981
 115.980006 -1.738783 2.443662
 116.180006 -1.827100 2.346382
 116.380006 -1.630477 2.691081
 116.580006 -2.004984 2.315464
 116.780006 -1.599679 2.341565
 116.980006 -1.800238 2.739244
 117.180006 -1.861871 2.185202
 117.380006 -1.762261 2.633260
 117.580006 -2.079280 2.404897
 117.780006 -1.631636 2.527653
 117.980006 -2.029195 2.552336
 118.180006 -1.940568 2.488688
 118.380006 -1.798767 2.528469
 118.580006 -1.961886 2.698064
 118.780006 -1.788088 2.444481
 118.980006 -1.808825 2.576824
 119.180006 -1.863054 2.509872
 119.380006 -1.815577 2.432256
 119.580006 -1.762599 2.782693
 119.780006 -1.867932 2.207371
 119.980006 -1.522013 2.645857
 120.180006 -1.760008 2.323502
 120.380006 -1.613322 2.487166
 120.580006 -1.767614 2.566940
 120.780006 -1.774058 2.337235
 120.980006 -1.688550 2.369380
 121.180006 -1.728571 2.538377
 121.380006 -1.593531 2.429381
 121.580006 -1.703670 2.429361
 121.780006 -1.762277 2.452470
 121.980006 -1.705573 2.405429
 122.180006 -1.817545 2.694859
 122.380006 -1.747158 2.326778
 122.580006 -1.694611 2.572697
 122.780006 -1.810989 2.441092
 122.980006 -1.608145 2.409500
 123.180006 -1.711299 2.671642
 123.380006 -1.633943 2.356166
 123.580006 -1.733127 2.399531
 123.780006 -1.863433 2.585868
 123.980006 -1.499316 2.404456
 124.180006 -1.856525 2.582563
 124.380006 -1.490353 2.404076
 124.580006 -1.709228 2.307602
 124.780006 -1.748294 2.655702
 124.980006 -1.741408 2.308289
 125.180006 -1.843029 2.525043
 125.380006 -1.812610 2.362934
 125.580006 -1.710629 2.567286
 125.780006 -1.976923 2.401229
 125.980006 -1.631540 2.519293
 126.180006 -1.753103 2.475753
 126.380006 -1.738449 2.394242
 126.580006 -1.502052 2.455461
 126.780006 -1.789610 2.542003
 126.980006 -1.690295 2.436242
 127.180006 -1.625948 2.556211
 127.380006 -1.915000 2.497316
 127.580006 -1.618056 2.395658
 127.780006 -1.815784 2.768724
 127.980006 -1.869029 2.217725
 128.180006 -1.584045 2.770111
 128.380006 -2.014613 2.452460
 128.580006 -1.850820 2.520183
 128.780006 -1.710025 2.637377
 128.980006 -2.097602 2.391080
 129.180006 -1.659666 2.600894
 129.380006 -2.091643 2.442507
 129.580006 -1.782478 2.607985
 129.780006 -1.895374 2.382502
 129.980006 -1.899566 2.647426
 130.180006 -1.876698 2.404839
 130.380006 -1.865864 2.597164
 130.580006 -2.131944 2.329544
 130.780006 -1.671364 2.618984
 130.980006 -2.053590 2.348172
 131.180006 -1.618897 2.603890
 131.380006 -1.750033 2.535360
 131.580006 -1.937961 2.411670
 131.780006 -1.468974 2.653386
 131.980006 -1.960840 2.325625
 132.180006 -1.558114 2.652522
 132.380006 -1.760722 2.312452
 132.580006 -1.689234 2.668960
 132.780006 -1.823949 2.280529
 132.980006 -1.658944 2.650251
 133.180006 -1.731179 2.364340
 133.380006 -1.601878 2.459984
 133.580006 -1.827337 2.585086
 133.780006 -1.703240 2.388966
 133.980006 -1.709374 2.503377
 134.180006 -1.881930 2.415309
 134.380006 -1.732471 2.655930
 134.580006 -1.905994 2.426444
 134.780006 -1.844278 2.583794
 134.980006 -1.886192 2.384405
 135.180006 -1.806074 2.646513
 135.380006 -1.777330 2.506176
 135.580006 -1.906741 2.624045
 135.780006 -1.781401 2.510170
 135.980006 -1.936677 2.395219
 136.180006 -1.844443 2.603256
 136.380006 -1.891913 2.359312
 136.580006 -1.863095 2.719005
 136.780006 -1.865433 2.251578
 136.980007 -1.798149 2.620951
 137.180007 -1.702884 2.405380
 137.380007 -1.755571 2.467079
 137.580007 -1.845152 2.600353
 137.780007 -1.613984 2.290156
 137.980007 -1.789914 2.591263
 138.180007 -1.677145 2.518605
 138.380007 -1.597200 2.447340
 138.580007 -1.925224 2.500363
 138.780007 -1.421193 2.578788
 138.980007 -2.136874 2.342990
 139.180007 -1.526926 2.555822
 139.380007 -1.895788 2.224789
 139.580007 -1.860379 2.661317
 139.780007 -1.649454 2.370565
 139.980007 -1.931981 2.528518
 140.180007 -1.792196 2.503731
 140.380007 -1.802062 2.334073
 140.580007 -1.950312 2.673169
 140.780007 -1.903708 2.362456
 140.980007 -1.825624 2.592267
 141.180007 -1.844441 2.388900
 141.380007 -1.515938 2.534999
 141.580007 -1.932074 2.485185
 141.780007 -1.541256 2.572469
 141.980007 -1.761636 2.340112
 142.180007 -1.816894 2.537043
 142.380007 -1.715200 2.567542
 142.580007 -1.906492 2.461887
 142.780007 -1.578912 2.542311
 142.980007 -2.060711 2.287590
 143.180007 -1.758791 2.676224
 143.380007 -1.728765 2.181716
 143.580007 -1.847715 2.862819
 143.780007 -1.718311 2.254443
 143.980007 -1.882436 2.644956
 144.180007 -1.713232 2.489700
 144.380007 -1.777119 2.317696
 144.580007 -1.699004 2.625978
 144.780007 -1.738823 2.350630
 144.980007 -1.780336 2.688271
 145.180007 -1.754054 2.421031
 145.380007 -1.774652 2.399540
 145.580007 -1.913710 2.549421
 145.780007 -1.678741 2.565771
 145.980007 -1.875737 2.490548
 146.180007 -1.644700 2.495850
 146.380007 -1.879987 2.368648
 146.580007 -1.917458 2.530282
 146.780007 -1.773464 2.645590
 146.980007 -1.878677 2.264682
 147.180007 -1.800801 2.745643
 147.380007 -1.741992 2.191079
 147.580007 -1.843384 2.779150
 147.780007 -1.708090 2.142304
 147.980007 -1.616117 2.687190
 148.180007 -1.829573 2.503474
 148.380007 -1.605776 2.299701
 148.580007 -1.833527 2.682195
 148.780007 -1.548848 2.276900
 148.980007 -1.630293 2.584790
 149.180007 -1.776586 2.443922
 149.380007 -1.383175 2.287724
 149.580007 -1.775702 2.657345
 149.780007 -1.509112 2.243238
 149.980007 -1.697562 2.484833
 150.180007 -1.852293 2.563226
 150.380007 -1.554411 2.138007
 150.580007 -1.783932 2.895859
 150.780007 -1.808472 2.188862
 150.980007 -1.744776 2.566751
 151.180007 -1.863583 2.512287
 151.380007 -1.743462 2.298914
 151.580007 -1.869600 2.682116
 151.780007 -1.771669 2.195540
 151.980007 -1.875773 2.571348
 152.180007 -1.787065 2.549203
 152.380007 -1.659872 2.388390
 152.580007 -1.937192 2.511605
 152.780007 -1.427656 2.421225
 152.980007 -1.897091 2.383443
 153.180007 -1.602647 2.494451
 153.380007 -1.605848 2.493337
 153.580007 -1.844814 2.460526
 153.780007 -1.479743 2.435094
 153.980007 -1.786262 2.575773
 154.180007 -1.741515 2.235230
 154.380007 -1.617392 2.585868
 154.580007 -1.891929 2.553052
 154.780007 -1.800399 2.220520
 154.980007 -1.732611 2.735639
 155.180007 -1.997480 2.309748
 155.380007 -1.806033 2.500393
 155.580007 -1.784488 2.659211
 155.780007 -1.925364 2.216478
 155.980007 -1.714620 2.708779
 156.180007 -1.755064 2.429245
 156.380007 -1.906673 2.484180
 156.580007 -1.671666 2.705287
 156.780007 -1.898464 2.349476
 156.980007 -1.775357 2.687255
 157.180007 -1.682117 2.503538
 157.380007 -1.932008 2.285095
 157.580007 -1.565503 2.752457
 157.780007 -1.715261 2.292068
 157.980008 -1.857057 2.690679
 158.180008 -1.547744 2.427503
 158.380008 -1.923562 2.354086
 158.580008 -1.748967 2.734565
 158.780008 -1.763774 2.334621
 158.980008 -2.001669 2.609162
 159.180008 -1.679118 2.402223
 159.380008 -1.809827 2.362335
 159.580008 -2.008608 2.638387
 159.780008 -1.595339 2.462936
 159.980008 -1.974012 2.488533
 160.180008 -1.642786 2.341950
 160.380008 -1.575268 2.554911
 160.580008 -2.017073 2.594787
 160.780008 -1.448820 2.431858
 160.980008 -1.921849 2.423827
 161.180008 -1.775815 2.493874
 161.380008 -1.614248 2.608227
 161.580008 -2.070801 2.310926
 161.780008 -1.437406 2.527802
 161.980008 -1.751909 2.405178
 162.180008 -1.747726 2.533187
 162.380008 -1.629878 2.405764
 162.580008 -1.815975 2.506640
 162.780008 -1.813876 2.335502
 162.980008 -1.703072 2.611220
 163.180008 -1.917562 2.390625
 163.380008 -1.695291 2.433614
 163.580008 -1.661693 2.498399
 163.780008 -1.897660 2.353830
 163.980008 -1.526598 2.667485
 164.180008 -1.873067 2.312920
 164.380008 -1.532995 2.592090
 164.580008 -1.762318 2.462452
 164.780008 -1.671181 2.520680
 164.980008 -1.557346 2.484413
 165.180008 -1.836940 2.335244
 165.380008 -1.741656 2.589633
 165.580008 -1.745738 2.389775
 165.780008 -1.776822 2.622549
 165.980008 -1.693936 2.367603
 166.180008 -1.748265 2.602790
 166.380008 -1.839742 2.371585
 166.580008 -1.636847 2.597425
 166.780008 -1.961023 2.422689
 166.980008 -1.726776 2.444480
 167.180008 -1.741261 2.498293
 167.380008 -1.885663 2.387000
 167.580008 -1.660136 2.653632
 167.780008 -1.894696 2.225191
 167.980008 -1.691867 2.691432
 168.180008 -1.826015 2.289531
 168.380008 -1.748885 2.576256
 168.580008 -1.901431 2.417979
 168.780008 -1.754446 2.620359
 168.980008 -1.916758 2.486429
 169.180008 -1.687026 2.483981
 169.380008 -1.760957 2.468368
 169.580008 -1.801213 2.569640
 169.780008 -1.708669 2.397922
 169.980008 -1.720872 2.457359
 170.180008 -1.672790 2.723483
 170.380008 -1.844717 2.209853
 170.580008 -1.621750 2.737383
 170.780008 -1.984774 2.288986
 170.980008 -1.673714 2.529632
 171.180008 -1.812143 2.543020
 171.380008 -1.674182 2.335857
 171.580008 -1.827766 2.736388
 171.780008 -1.735323 2.333139
 171.980008 -1.890268 2.631933
 172.180008 -1.998241 2.403414
 172.380008 -1.804920 2.621494
 172.580008 -2.045143 2.311294
 172.780008 -1.691651 2.797944
 172.980008 -1.981818 2.332740
 173.180008 -1.768621 2.756326
 173.380008 -1.924930 2.288024
 173.580008 -1.851268 2.525679
 173.780008 -1.696370 2.524054
 173.980008 -1.813949 2.409713
 174.180008 -1.783583 2.828566
 174.380008 -1.760337 2.184762
 174.580008 -1.940682 2.715203
 174.780008 -1.815476 2.433706
 174.980008 -1.832225 2.403109
 175.180008 -1.853269 2.553057
 175.380008 -1.588014 2.522649
 175.580008 -1.944455 2.409219
 175.780008 -1.622806 2.653922
 175.980008 -1.746232 2.251793
 176.180008 -2.013231 2.675601
 176.380008 -1.585428 2.325419
 176.580008 -1.980544 2.501274
 176.780008 -1.521222 2.553512
 176.980008 -1.738269 2.278117
 177.180008 -1.919190 2.712112
 177.380008 -1.512911 2.345975
 177.580008 -1.964106 2.429942
 177.780008 -1.711979 2.467539
 177.980008 -1.561038 2.431853
 178.180008 -1.903502 2.555086
 178.380008 -1.657741 2.493216
 178.580008 -1.775253 2.505975
 178.780008 -1.921699 2.421947
 178.980009 -1.715006 2.490838
 179.180009 -1.875923 2.476824
 179.380009 -1.709301 2.546371
 179.580009 -1.632251 2.472845
 179.780009 -1.724406 2.485717
 179.980009 -1.801407 2.447450
 180.180009 -1.879813 2.654365
 180.380009 -1.740301 2.327333
 180.580009 -1.874868 2.561349
 180.780009 -1.763328 2.566036
 180.980009 -1.761139 2.263049
 181.180009 -1.699152 2.778803
 181.380009 -1.876877 2.186895
 181.580009 -1.616872 2.612027
 181.780009 -2.090823 2.352844
 181.980009 -1.657519 2.420654
 182.180009 -1.894127 2.644342
 182.380009 -1.720989 2.420291
 182.580009 -1.732376 2.485363
 182.780009 -1.871095 2.550715
 182.980009 -1.747925 2.556523
 183.180009 -2.093286 2.465682
 183.380009 -1.765779 2.574689
 183.580009 -1.828024 2.484067
 183.780009 -1.950670 2.630756
 183.980009 -1.617915 2.390262
 184.180009 -2.085117 2.778241
 184.380009 -1.973110 2.437428
 184.580009 -1.954866 2.530537
 184.780009 -2.027478 2.630416
 184.980009 -1.868988 2.314450
 185.180009 -1.963824 2.747975
 185.380009 -1.841083 2.356949
 185.580009 -1.798136 2.453207
 185.780009 -1.837736 2.595769
 185.980009 -1.797097 2.395380
 186.180009 -1.950800 2.622415
 186.380009 -1.870025 2.482413
 186.580009 -1.883505 2.440782
 186.780009 -1.980369 2.664482
 186.980009 -1.702176 2.359010
 187.180009 -1.976359 2.522100
 187.380009 -1.720560 2.428502
 187.580009 -1.902630 2.545084
 187.780009 -1.801935 2.681704
 187.980009 -1.697484 2.450029
 188.180009 -1.970225 2.590992
 188.380009 -1.481280 2.444631
 188.580009 -1.704793 2.542025
 188.780009 -1.983988 2.297192
 188.980009 -1.406335 2.512048
 189.180009 -1.909368 2.579984
 189.380009 -1.707332 2.298390
 189.580009 -1.798464 2.723023
 189.780009 -1.938065 2.447475
 189.980009 -1.715341 2.422773
 190.180009 -1.921905 2.498754
 190.380009 -1.771131 2.421622
 190.580009 -1.827559 2.707943
 190.780009 -1.876458 2.478407
 190.980009 -1.747491 2.549315
 191.180009 -1.888374 2.568753
 191.380009 -1.861144 2.394352
 191.580009 -1.674745 2.599033
 191.780009 -1.886988 2.483488
 191.980009 -1.762104 2.457145
 192.180009 -1.812508 2.657550
 192.380009 -1.924821 2.387329
 192.580009 -1.460322 2.605105
 192.780009 -1.941377 2.409965
 192.980009 -1.621417 2.458587
 193.180009 -1.795964 2.607965
 193.380009 -1.759730 2.476164
 193.580009 -1.650454 2.458557
 193.780009 -1.889043 2.514032
 193.980009 -1.724601 2.625994
 194.180009 -1.851984 2.497365
 194.380009 -1.756369 2.513492
 194.580009 -1.825818 2.403393
 194.780009 -1.911786 2.731562
 194.980009 -1.800291 2.369550
 195.180009 -1.891336 2.630172
 195.380009 -1.915203 2.465311
 195.580009 -1.957359 2.469245
 195.780009 -2.085169 2.548334
 195.980009 -1.827112 2.584082
 196.180009 -1.991019 2.707216
 196.380009 -1.989904 2.365909
 196.580009 -1.699511 2.562379
 196.780009 -2.066965 2.456994
 196.980009 -1.604716 2.561005
 197.180009 -2.132076 2.450334
 197.380009 -1.672632 2.469797
 197.580009 -1.732461 2.340160
 197.780009 -1.862878 2.586237
 197.980009 -1.536620 2.691370
 198.180009 -2.042504 2.363728
 198.380009 -1.617622 2.548971
 198.580009 -1.633546 2.377444
 198.780009 -1.923903 2.656899
 198.980009 -1.490960 2.342419
 199.180009 -1.745622 2.543402
 199.380009 -1.990691 2.472978
 199.580009 -1.623586 2.416024
 199.780009 -1.983448 2.632529
 199.980009 -1.683774 2.353098
