#! FIELDS time phi psi
#! SET max_psi pi
 0.180000 -2.756977 1.717321
 0.380000 -2.858064 2.658993
 0.580000 -2.953653 2.845601
 0.780000 -2.862214 1.970445
 0.980000 -3.138838 2.708094
 1.180000 -2.531093 2.136128
 1.380000 -2.940686 2.743420
 1.580000 -2.923898 2.412834
 1.780000 -3.083343 2.098414
 1.980000 -2.887065 2.694514
 2.180000 -3.093957 2.053547
 2.380000 -3.017200 2.584846
 2.580000 -3.032870 2.261436
 2.780000 3.030127 2.294105
 2.980000 3.085509 2.217582
 3.180000 -2.892470 2.224120
 3.380000 -3.104821 2.575881
 3.580000 3.077994 2.002076
 3.780000 3.091995 2.269502
 3.980000 -2.965783 2.276591
 4.180000 3.130816 2.439559
 4.380000 3.136678 2.280669
 4.580000 -2.984885 2.178490
 4.780000 -2.930327 2.586771
 4.980000 -2.920944 2.193243
 5.180000 3.047540 2.448981
 5.380000 -3.033438 2.087939
 5.580000 -3.022325 2.618410
 5.780000 -2.981483 2.174503
 5.980000 -2.856918 2.384443
 6.180000 -2.904698 2.526060
 6.380000 -2.928744 2.296025
 6.580000 -3.061679 2.418574
 6.780000 -2.705534 2.179925
 6.980000 -2.993398 2.704637
 7.180000 -2.949640 2.255525
 7.380000 -2.930923 2.568920
 7.580000 -2.763145 2.313515
 7.780000 -2.786366 2.517697
 7.980000 -2.902731 2.496211
 8.180000 -2.765862 2.198277
 8.380000 -2.999632 2.719003
 8.580000 -2.773563 2.116872
 8.780000 -3.121452 2.653616
 8.980000 -2.916674 2.281088
 9.180000 -2.988495 2.520091
 9.380000 -2.822721 2.292679
 9.580000 -2.978749 2.378806
 9.780000 -3.035574 2.449761
 9.980000 -2.926901 2.334225
 10.180000 -2.964620 2.357613
 10.380000 -3.002840 2.302253
 10.580001 -2.920720 2.441379
 10.780001 -3.020392 2.517317
 10.980001 -3.013563 2.031664
 11.180001 -3.076293 2.602868
 11.380001 -2.831397 2.246728
 11.580001 3.103825 2.416638
 11.780001 -2.854875 2.169890
 11.980001 -3.128950 2.430131
 12.180001 -2.833319 2.295402
 12.380001 -3.037061 2.309825
 12.580001 -3.016280 2.347549
 12.780001 -3.043326 2.275005
 12.980001 -2.983325 2.527502
 13.180001 -3.011988 2.037625
 13.380001 -3.126680 2.439892
 13.580001 -3.014022 2.266837
 13.780001 -3.104569 2.304986
 13.980001 3.104885 2.411905
 14.180001 -3.067846 2.149424
 14.380001 -3.057849 2.634615
 14.580001 3.094175 2.026506
 14.780001 -2.974161 2.396978
 14.980001 -3.137023 2.435708
 15.180001 -2.906162 2.295808
 15.380001 -3.050895 2.423060
 15.580001 -2.900956 2.058537
 15.780001 -2.963560 2.721011
 15.980001 -2.945926 1.896816
 16.180001 3.036721 2.581534
 16.380001 -2.877229 2.217252
 16.580001 -3.122290 2.484443
 16.780001 -2.951660 2.338901
 16.980001 -2.971103 2.261095
 17.180001 -2.975071 2.564027
 17.380001 -3.037710 2.135323
 17.580001 -3.137171 2.542778
 17.780001 -2.932862 1.915882
 17.980001 -3.122496 2.568621
 18.180001 -2.943057 2.364782
 18.380001 -3.108998 2.145604
 18.580001 3.135861 2.454048
 18.780001 -3.010843 2.248604
 18.980001 3.097025 2.498318
 19.180001 -2.940855 2.007990
 19.380001 -3.062247 2.617706
 19.580001 -2.927101 2.101184
 19.780001 -2.958706 2.429365
 19.980001 -2.961255 2.476652
 20.180001 -2.893428 2.218472
 20.380001 -2.901802 2.636720
 20.580001 -2.836723 2.142919
 20.780001 -2.831562 2.691851
 20.980001 -2.822734 2.336237
 21.180001 -2.930765 2.439572
 21.380001 -2.841197 2.388796
 21.580001 -2.648429 2.551283
 21.780001 -2.873664 2.457786
 21.980001 -2.933740 2.494636
 22.180001 -2.869987 2.533591
 22.380001 -2.784047 2.321463
 22.580001 -2.849919 2.561004
 22.780001 -2.981432 2.205490
 22.980001 -2.921602 2.615600
 23.180001 -2.939387 2.505252
 23.380001 -2.869254 2.109310
 23.580001 -2.924342 2.640646
 23.780001 -2.822210 2.183276
 23.980001 3.102261 2.787165
 24.180001 -3.007910 2.064135
 24.380001 -3.042631 2.537446
 24.580001 -2.871903 2.513629
 24.780001 3.103855 2.266490
 24.980001 -3.009362 2.552606
 25.180001 -3.004974 2.225566
 25.380001 -2.864051 2.661941
 25.580001 -2.826080 2.262337
 25.780001 3.116191 2.458877
 25.980001 -3.027643 2.481011
 26.180001 -2.988182 2.386323
 26.380001 -2.887521 2.363620
 26.580001 3.122607 2.206920
 26.780001 -2.935181 2.501599
 26.980001 3.086223 2.435696
 27.180001 -3.058064 2.230017
 27.380001 -3.069091 2.510338
 27.580001 -2.951438 2.278341
 27.780001 -2.789583 2.509009
 27.980001 -3.007376 2.298805
 28.180001 -3.076005 2.441647
 28.380001 -3.085310 2.390423
 28.580001 -2.653033 2.347764
 28.780001 -3.119182 2.536046
 28.980001 -2.922879 2.270261
 29.180001 -3.133046 2.643029
 29.380001 3.108491 2.109182
 29.580001 -2.963615 2.597563
 29.780001 -3.056683 2.442080
 29.980001 -2.959021 2.330067
 30.180001 -3.103054 2.468613
 30.380001 -2.970775 2.198646
 30.580001 -3.090221 2.605426
 30.780001 -2.955360 2.369682
 30.980001 -2.957011 2.529795
 31.180001 -3.027097 2.421253
 31.380001 -2.889742 2.541791
 31.580001 -3.007900 2.531846
 31.780002 -2.998420 2.354974
 31.980002 -2.969323 2.599309
 32.180002 -2.940124 2.146905
 32.380002 -2.945749 2.694303
 32.580002 -3.086644 2.148524
 32.780002 -3.022056 2.587481
 32.980002 -2.899197 2.397993
 33.180002 -2.842028 2.425498
 33.380002 -3.046700 2.424863
 33.580002 -2.915369 2.356237
 33.780002 -2.973029 2.663459
 33.980002 -2.813462 2.272011
 34.180002 -2.977197 2.650505
 34.380002 -2.972561 2.270352
 34.580002 -3.124436 2.490710
 34.780002 -3.086115 2.235468
 34.980002 -2.892927 2.557903
 35.180002 -2.852663 2.384004
 35.380002 -3.041235 2.279539
 35.580002 -3.031211 2.551455
 35.780002 -2.903519 2.285861
 35.980002 3.125329 2.476201
 36.180002 -2.897828 2.305979
 36.380002 -2.963411 2.595641
 36.580002 -2.865299 2.356486
 36.780002 -2.837311 2.382854
 36.980002 -2.969106 2.466326
 37.180002 -2.844667 2.308210
 37.380002 -3.089376 2.506405
 37.580002 -2.781136 2.179039
 37.780002 -2.964120 2.708038
 37.980002 -3.001880 2.195529
 38.180002 -2.982134 2.506127
 38.380002 -2.939456 2.343396
 38.580002 -2.761737 2.374674
 38.780002 -2.991192 2.443836
 38.980002 -2.954798 2.248777
 39.180002 -3.023464 2.571291
 39.380002 -2.977442 2.206691
 39.580002 -3.025498 2.527122
 39.780002 -2.931033 2.292852
 39.980002 -2.882558 2.452046
 40.180002 -2.973722 2.398745
 40.380002 -2.919665 2.177262
 40.580002 -3.116364 2.666406
 40.780002 -2.904015 2.144229
 40.980002 3.097852 2.502135
 41.180002 -3.095992 2.250350
 41.380002 -2.800368 2.458753
 41.580002 -2.916448 2.506473
 41.780002 -2.990745 2.128599
 41.980002 -2.991855 2.681839
 42.180002 -2.861007 2.073445
 42.380002 -3.039912 2.594913
 42.580002 -2.939328 2.242881
 42.780002 -2.947488 2.515413
 42.980002 -3.089739 2.384404
 43.180002 -3.011506 2.260033
 43.380002 -2.888291 2.517337
 43.580002 -2.866115 2.234764
 43.780002 3.133286 2.415738
 43.980002 -3.058504 2.279415
 44.180002 -2.953626 2.418653
 44.380002 -2.946291 2.419098
 44.580002 -2.806085 2.344384
 44.780002 -3.062676 2.477244
 44.980002 -2.860702 2.338169
 45.180002 3.130862 2.554880
 45.380002 -2.750604 2.204732
 45.580002 -2.860636 2.480991
 45.780002 -3.006577 2.382494
 45.980002 -2.823535 2.359464
 46.180002 -2.986363 2.518364
 46.380002 -2.766045 2.206867
 46.580002 -3.006456 2.661864
 46.780002 -2.986317 2.149275
 46.980002 -2.979267 2.584789
 47.180002 -2.990465 2.376343
 47.380002 -2.919911 2.440053
 47.580002 3.068199 2.489669
 47.780002 -2.892263 2.314774
 47.980002 -2.934635 2.704053
 48.180002 -2.806308 2.137748
 48.380002 -3.030467 2.755161
 48.580002 -2.914441 2.055788
 48.780002 3.088625 2.718856
 48.980002 -2.865051 2.303460
 49.180002 -2.968666 2.384892
 49.380002 -2.838683 2.582718
 49.580002 -2.980549 2.204048
 49.780002 -2.993700 2.581704
 49.980002 -2.916843 2.250268
 50.180002 -2.725600 2.686459
 50.380002 -2.875428 2.272873
 50.580002 -2.946742 2.553135
 50.780002 -2.755879 2.448331
 50.980002 -2.827734 2.469297
 51.180002 -2.714280 2.448889
 51.380002 -3.020334 2.228752
 51.580002 -3.017600 2.532547
 51.780002 -3.074856 2.178493
 51.980002 -2.763119 2.640411
 52.180002 -2.999412 2.343674
 52.380002 -3.069335 2.327908
 52.580002 -2.862952 2.491649
 52.780003 -2.921209 2.215929
 52.980003 -3.011957 2.592764
 53.180003 -2.926142 2.175610
 53.380003 -3.057486 2.517593
 53.580003 -2.852904 2.170324
 53.780003 -2.990455 2.555799
 53.980003 -3.036787 2.401133
 54.180003 -2.974522 2.344364
 54.380003 -3.073367 2.473793
 54.580003 -2.823512 2.177804
 54.780003 -3.054303 2.665487
 54.980003 -3.113662 2.166415
 55.180003 -3.073389 2.488970
 55.380003 -2.887684 2.447962
 55.580003 -2.986523 2.324927
 55.780003 -3.126972 2.539552
 55.980003 -3.014466 2.234065
 56.180003 -3.005061 2.580255
 56.380003 -2.763200 2.254229
 56.580003 -3.109929 2.485965
 56.780003 -2.848061 2.277477
 56.980003 -3.023539 2.563330
 57.180003 -2.866838 2.426775
 57.380003 -2.819954 2.362554
 57.580003 -2.922893 2.460226
 57.780003 -2.908504 2.201276
 57.980003 -2.980359 2.643999
 58.180003 -2.876532 2.302742
 58.380003 -3.063852 2.387275
 58.580003 -2.900240 2.417935
 58.780003 -2.878290 2.449886
 58.980003 -2.923857 2.291379
 59.180003 -2.771161 2.350508
 59.380003 -2.903872 2.463914
 59.580003 -2.954286 2.374555
 59.780003 -2.974678 2.503646
 59.980003 -2.741154 2.328819
 60.180003 -2.932501 2.592955
 60.380003 -2.871737 2.232952
 60.580003 -2.796525 2.541274
 60.780003 -2.846457 2.437666
 60.980003 -2.888681 2.335377
 61.180003 -2.857111 2.441962
 61.380003 -2.922044 2.312922
 61.580003 -2.857905 2.531632
 61.780003 -3.008897 2.417237
 61.980003 -2.875791 2.290002
 62.180003 -3.053862 2.481611
 62.380003 -2.958628 2.410757
 62.580003 -3.011348 2.381582
 62.780003 -3.093254 2.349753
 62.980003 -2.982881 2.408009
 63.180003 -3.031210 2.417773
 63.380003 -2.976620 2.226507
 63.580003 -3.080349 2.444805
 63.780003 3.018561 2.239672
 63.980003 -3.036444 2.221186
 64.180003 3.076509 2.425195
 64.380003 -2.921163 2.258882
 64.580003 -3.078464 2.609439
 64.780003 -2.932515 2.212766
 64.980003 -2.864378 2.489738
 65.180003 -3.089259 2.459492
 65.380003 -3.031009 2.405213
 65.580003 -2.964153 2.508327
 65.780003 -2.846037 2.233193
 65.980003 -3.131122 2.724228
 66.180003 -2.934692 2.116248
 66.380003 3.065986 2.578096
 66.580003 -2.911665 2.279779
 66.780003 3.110504 2.330277
 66.980003 -2.912999 2.456764
 67.180003 -2.921127 2.226240
 67.380003 -3.001831 2.518416
 67.580003 -2.884319 2.273110
 67.780003 -2.797454 2.579492
 67.980003 -2.704611 2.379719
 68.180003 -2.716108 2.489517
 68.380003 -2.949296 2.578684
 68.580003 -2.785265 2.306551
 68.780003 -2.986501 2.539183
 68.980003 -2.820687 2.522200
 69.180003 -3.094111 2.397617
 69.380003 -3.113767 2.384450
 69.580003 -2.542911 2.526277
 69.780003 -2.868888 2.434081
 69.980003 -3.026239 2.450938
 70.180003 -2.957850 2.555909
 70.380003 -2.815544 2.409311
 70.580003 -3.103013 2.348986
 70.780003 -2.931082 2.342835
 70.980003 -2.851274 2.426945
 71.180003 -3.072857 2.367688
 71.380003 -3.102968 2.236605
 71.580003 -3.063073 2.463071
 71.780003 -2.995161 2.315245
 71.980003 -3.069081 2.233629
 72.180003 -2.974490 2.341023
 72.380003 -2.903818 2.554375
 72.580003 -3.071164 2.286232
 72.780003 -2.922023 2.488956
 72.980003 -2.964303 2.534744
 73.180003 -3.115498 2.221468
 73.380003 -2.937527 2.559095
 73.580003 3.087200 2.067850
 73.780004 -2.973470 2.535332
 73.980004 -2.994584 2.322478
 74.180004 3.023871 2.298570
 74.380004 3.108827 2.345891
 74.580004 3.082692 2.206356
 74.780004 -3.131017 2.561130
 74.980004 -3.052161 1.983894
 75.180004 -3.115173 2.437220
 75.380004 -3.022253 2.240755
 75.580004 -3.000743 2.423156
 75.780004 -2.965199 2.315979
 75.980004 -3.063648 2.414160
 76.180004 -3.031310 2.526521
 76.380004 -3.111598 2.173502
 76.580004 -2.879730 2.481970
 76.780004 -2.863885 2.356153
 76.980004 3.138035 2.359158
 77.180004 -2.905118 2.372032
 77.380004 -2.886374 2.529001
 77.580004 -2.880108 2.388145
 77.780004 -3.015650 2.536778
 77.980004 -3.035746 2.399624
 78.180004 -2.823386 2.520096
 78.380004 -2.830683 2.423242
 78.580004 -2.772388 2.278041
 78.780004 -2.879310 2.594535
 78.980004 -2.677001 2.263096
 79.180004 -2.968238 2.477170
 79.380004 -2.809752 2.311086
 79.580004 -2.759067 2.669526
 79.780004 -2.904830 2.419815
 79.980004 -2.941263 2.286024
 80.180004 -2.785710 2.527613
 80.380004 -2.748376 2.337016
 80.580004 -2.888542 2.445573
 80.780004 -2.917974 2.219541
 80.980004 -2.816477 2.487918
 81.180004 -2.900030 2.321538
 81.380004 -3.005704 2.417189
 81.580004 -2.960988 2.409801
 81.780004 -2.823387 2.482715
 81.980004 -2.910374 2.460222
 82.180004 -3.058877 2.286665
 82.380004 -2.804174 2.509963
 82.580004 -3.019321 2.419843
 82.780004 -2.937991 2.349769
 82.980004 -3.018436 2.445992
 83.180004 -2.884037 2.269556
 83.380004 -3.057653 2.504831
 83.580004 -2.911339 2.383605
 83.780004 -2.859006 2.391034
 83.980004 -2.785495 2.435191
 84.180004 -2.948972 2.331787
 84.380004 3.115366 2.578771
 84.580004 -3.009977 2.215414
 84.780004 -2.897445 2.628272
 84.980004 -2.785933 2.180112
 85.180004 -3.025601 2.632026
 85.380004 -2.790006 2.326079
 85.580004 -3.086304 2.547938
 85.780004 -2.884102 2.347046
 85.980004 -2.814757 2.368091
 86.180004 -3.011214 2.550225
 86.380004 -2.957534 2.196602
 86.580004 -3.024180 2.539454
 86.780004 -2.923381 2.195007
 86.980004 -3.028120 2.567325
 87.180004 -2.847301 2.424681
 87.380004 -2.860241 2.247283
 87.580004 -2.901728 2.511335
 87.780004 -2.838483 2.289865
 87.980004 -2.943953 2.498305
 88.180004 -3.008742 2.169631
 88.380004 -2.916975 2.555470
 88.580004 -2.906179 2.457227
 88.780004 -3.060742 2.263805
 88.980004 -2.999754 2.475401
 89.180004 -3.114930 2.113140
 89.380004 -2.914858 2.501011
 89.580004 -3.113310 2.154978
 89.780004 -2.935317 2.376363
 89.980004 -3.090605 2.509160
 90.180004 -2.930396 2.031419
 90.380004 -3.099261 2.780036
 90.580004 -2.942614 2.038809
 90.780004 -3.006649 2.660832
 90.980004 -2.841255 2.245045
 91.180004 -3.058559 2.438968
 91.380004 -3.069242 2.578836
 91.580004 -3.037570 2.157408
 91.780004 -3.079371 2.829478
 91.980004 -2.811728 1.965618
 92.180004 -3.078636 2.677930
 92.380004 -2.987013 2.290127
 92.580004 -2.974470 2.501510
 92.780004 -2.855148 2.574431
 92.980004 -2.958341 2.146196
 93.180004 -2.861001 2.810609
 93.380004 -3.125051 2.078867
 93.580004 -3.048031 2.831111
 93.780004 -3.129254 2.202657
 93.980004 -2.888039 2.572938
 94.180004 -2.872361 2.533881
 94.380004 -2.651327 2.180547
 94.580004 -2.834654 2.872544
 94.780005 -2.903774 1.985421
 94.980005 -3.015330 2.837710
 95.180005 -2.933144 2.127845
 95.380005 -2.820922 2.613452
 95.580005 -3.086021 2.376786
 95.780005 -2.789831 2.270749
 95.980005 -2.918623 2.550843
 96.180005 -2.711947 2.067875
 96.380005 -3.024110 2.746843
 96.580005 -2.916018 2.175645
 96.780005 -3.055345 2.700529
 96.980005 -2.732937 2.323742
 97.180005 -2.847084 2.569349
 97.380005 -3.098578 2.521641
 97.580005 -2.832862 2.339539
 97.780005 3.141070 2.514545
 97.980005 -2.747729 2.294994
 98.180005 -2.946092 2.675331
 98.380005 -2.900518 2.206461
 98.580005 -3.057549 2.742819
 98.780005 -2.890131 2.336347
 98.980005 -3.100885 2.465980
 99.180005 -2.924789 2.478439
 99.380005 -3.044775 2.289744
 99.580005 -2.799255 2.527553
 99.780005 -2.983466 2.117628
 99.980005 -2.921424 2.540250
 100.180005 -3.019546 2.331945
 100.380005 -3.121653 2.330239
 100.580005 -2.783071 2.297306
 100.780005 -3.052006 2.519848
 100.980005 -2.893810 2.348532
 101.180005 3.116789 2.452418
 101.380005 -2.869982 2.335919
 101.580005 -2.878878 2.438978
 101.780005 -2.959835 2.365276
 101.980005 -3.041134 2.393269
 102.180005 -3.059731 2.405109
 102.380005 -2.797104 2.439923
 102.580005 -2.939641 2.319780
 102.780005 -2.857957 2.498411
 102.980005 -3.027118 2.401418
 103.180005 -2.957908 2.553274
 103.380005 -2.830853 2.366417
 103.580005 -2.779251 2.430913
 103.780005 -2.834138 2.572024
 103.980005 -2.999327 2.474488
 104.180005 -2.937756 2.475554
 104.380005 -2.709205 2.539484
 104.580005 -2.926154 2.486821
 104.780005 -2.808352 2.446073
 104.980005 -3.139772 2.441748
 105.180005 -2.784971 2.431698
 105.380005 -3.048396 2.458229
 105.580005 -3.019589 2.243984
 105.780005 -3.014127 2.461840
 105.980005 -2.966674 2.462325
 106.180005 -2.953908 2.183582
 106.380005 -3.028569 2.553208
 106.580005 -2.992111 2.234323
 106.780005 -3.119527 2.579083
 106.980005 -2.955763 2.251831
 107.180005 -2.978355 2.580612
 107.380005 -2.972840 2.360385
 107.580005 -2.985823 2.378788
 107.780005 -3.003461 2.380466
 107.980005 -2.914064 2.369734
 108.180005 -2.956049 2.440061
 108.380005 -3.112981 2.269214
 108.580005 -2.866530 2.498769
 108.780005 -2.943707 2.327832
 108.980005 -3.012334 2.411458
 109.180005 -2.978910 2.425746
 109.380005 -2.962794 2.279020
 109.580005 -2.964682 2.526136
 109.780005 -3.073713 2.165068
 109.980005 -2.893569 2.544966
 110.180005 -3.069259 2.219678
 110.380005 -3.071185 2.348235
 110.580005 3.123685 2.463682
 110.780005 -2.996011 2.156204
 110.980005 -3.043337 2.566280
 111.180005 -3.059754 2.165621
 111.380005 -2.963363 2.434475
 111.580005 -3.060220 2.362540
 111.780005 -3.056079 2.251418
 111.980005 3.114988 2.380959
 112.180005 -3.029936 2.201278
 112.380005 -3.061411 2.366749
 112.580005 -2.939810 2.367942
 112.780005 3.113003 2.263655
 112.980005 -2.872532 2.359539
 113.180005 -3.089197 2.348041
 113.380005 -2.932427 2.325889
 113.580005 3.138137 2.434140
 113.780005 -3.015269 2.251941
 113.980005 -3.014723 2.468483
 114.180005 -3.057061 2.407302
 114.380005 -2.874008 2.357276
 114.580005 3.035027 2.434511
 114.780005 3.119357 2.171171
 114.980005 -3.053400 2.513837
 115.180005 -2.891171 2.143791
 115.380005 -3.113084 2.537216
 115.580005 -2.942292 2.330948
 115.780005 -3.122011 2.493000
 115.980006 -2.835110 2.293951
 116.180006 -2.990464 2.411533
 116.380006 -2.943199 2.467387
 116.580006 -2.939666 2.261123
 116.780006 -3.079122 2.272095
 116.980006 -3.000629 2.289124
 117.180006 -3.039863 2.456461
 117.380006 -3.042034 2.454046
 117.580006 -3.047395 2.231775
 117.780006 -2.991246 2.467800
 117.980006 -2.954095 2.324224
 118.180006 -3.003562 2.433530
 118.380006 -2.883279 2.361346
 118.580006 -3.009130 2.350340
 118.780006 -2.907145 2.424919
 118.980006 -2.993096 2.382357
 119.180006 -2.787918 2.480521
 119.380006 -2.912627 2.476726
 119.580006 -2.886170 2.381729
 119.780006 -2.958147 2.531058
 119.980006 -2.757501 2.317688
 120.180006 -2.949315 2.595825
 120.380006 -2.817331 2.179108
 120.580006 -3.068871 2.561988
 120.780006 -2.837847 2.231929
 120.980006 -3.041525 2.684071
 121.180006 -2.869113 2.366769
 121.380006 -2.924855 2.364370
 121.580006 -2.799512 2.690176
 121.780006 -3.097297 2.203903
 121.980006 -2.940126 2.495232
 122.180006 -2.920673 2.235872
 122.380006 -2.967598 2.467208
 122.580006 -2.825765 2.315537
 122.780006 -2.941801 2.446850
 122.980006 -2.869458 2.394198
 123.180006 -2.928443 2.406618
 123.380006 -2.786193 2.534683
 123.580006 -2.906152 2.227368
 123.780006 -2.914920 2.477886
 123.980006 -2.725377 2.308992
 124.180006 -2.904210 2.498455
 124.380006 -2.717590 2.357654
 124.580006 -2.824792 2.211155
 124.780006 -2.913309 2.506545
 124.980006 -2.776593 2.299133
 125.180006 -3.097102 2.484947
 125.380006 -2.900059 2.194444
 125.580006 -2.943526 2.576898
 125.780006 -2.890426 2.198637
 125.980006 -2.967247 2.486790
 126.180006 -3.016101 2.275272
 126.380006 -2.944759 2.346987
 126.580006 -3.045157 2.551974
 126.780006 -2.986816 2.030495
 126.980006 -3.003758 2.687447
 127.180006 -2.955996 2.244866
 127.380006 -3.041626 2.456064
 127.580006 -3.077210 2.507189
 127.780006 -2.974084 2.257542
 127.980006 -2.949037 2.525239
 128.180006 -2.890682 2.231387
 128.380006 3.071676 2.620930
 128.580006 -2.968814 2.339617
 128.780006 -3.051964 2.436869
 128.980006 -2.982193 2.269369
 129.180006 -3.101131 2.372746
 129.380006 3.108959 2.449454
 129.580006 -3.030301 2.218925
 129.780006 3.130076 2.414915
 129.980006 -3.012439 2.273396
 130.180006 -3.131910 2.455897
 130.380006 -2.999750 2.318889
 130.580006 -3.126561 2.242354
 130.780006 -3.028073 2.367328
 130.980006 3.125366 2.392166
 131.180006 -3.096404 2.254173
 131.380006 3.049883 2.442675
 131.580006 -2.905608 2.319921
 131.780006 -3.098909 2.267520
 131.980006 3.106707 2.265069
 132.180006 3.099207 2.326817
 132.380006 3.013428 2.274604
 132.580006 -2.912382 2.390667
 132.780006 -2.979729 2.367161
 132.980006 -2.895868 2.369990
 133.180006 3.086935 2.481766
 133.380006 -2.921907 2.141832
 133.580006 -3.026189 2.577459
 133.780006 -2.790123 2.193515
 133.980006 -3.133082 2.554426
 134.180006 -3.052421 2.185166
 134.380006 3.134788 2.498546
 134.580006 -3.031651 2.401620
 134.780006 -3.012178 2.267152
 134.980006 -2.958432 2.561306
 135.180006 -3.140983 2.146069
 135.380006 -3.109032 2.540555
 135.580006 -3.017678 2.112201
 135.780006 -2.917383 2.572383
 135.980006 -2.938234 2.154046
 136.180006 -3.140818 2.429192
 136.380006 -2.924924 2.456860
 136.580006 -2.946752 2.296404
 136.780006 -3.018431 2.532407
 136.980007 -2.894460 2.223057
 137.180007 -2.984560 2.542210
 137.380007 -2.985640 2.254526
 137.580007 -3.001102 2.423669
 137.780007 -3.070888 2.580934
 137.980007 -3.103827 2.134372
 138.180007 -2.998579 2.613360
 138.380007 -2.962078 2.177050
 138.580007 -3.060340 2.606808
 138.780007 -3.056196 2.330674
 138.980007 -3.091275 2.303809
 139.180007 -3.035246 2.510613
 139.380007 -3.041671 2.104145
 139.580007 -3.064920 2.527675
 139.780007 -3.104919 2.269086
 139.980007 -3.031980 2.394864
 140.180007 2.996032 2.480760
 140.380007 -2.901653 2.191143
 140.580007 -3.092275 2.541636
 140.780007 -2.894305 2.098326
 140.980007 -3.137103 2.570240
 141.180007 -2.956650 2.248083
 141.380007 -2.983841 2.457537
 141.580007 -2.989763 2.316279
 141.780007 -3.004508 2.357595
 141.980007 3.107181 2.573677
 142.180007 -3.040747 2.262101
 142.380007 -3.023541 2.558736
 142.580007 -3.059968 2.228682
 142.780007 3.082186 2.479233
 142.980007 -3.027219 2.223291
 143.180007 -2.943515 2.454107
 143.380007 -3.137418 2.429961
 143.580007 3.109428 2.219289
 143.780007 3.074627 2.470516
 143.980007 -2.969530 2.159381
 144.180007 -3.112803 2.539026
 144.380007 -2.991874 1.949058
 144.580007 -3.101427 2.587364
 144.780007 -2.887237 2.398753
 144.980007 -2.984001 2.388462
 145.180007 -2.838496 2.512934
 145.380007 -2.911697 2.196546
 145.580007 -2.922732 2.688168
 145.780007 -2.930520 2.103519
 145.980007 -2.873683 2.479109
 146.180007 -2.790241 2.565670
 146.380007 -2.767205 2.314453
 146.580007 -2.837288 2.646964
 146.780007 -2.742674 2.381715
 146.980007 -2.856141 2.661231
 147.180007 -2.799284 2.340908
 147.380007 -2.886280 2.463466
 147.580007 -2.732292 2.470765
 147.780007 -2.846505 2.429043
 147.980007 -3.046897 2.474454
 148.180007 -3.080615 2.232872
 148.380007 -2.932707 2.485007
 148.580007 -3.054096 2.416118
 148.780007 -3.109040 2.361469
 148.980007 -3.126802 2.399652
 149.180007 -2.893882 2.363451
 149.380007 -2.872612 2.555104
 149.580007 -2.995045 2.250282
 149.780007 -2.941486 2.268451
 149.980007 -2.834279 2.549537
 150.180007 -2.904344 2.312966
 150.380007 -3.124067 2.550228
 150.580007 -3.015072 2.099246
 150.780007 -3.077204 2.594363
 150.980007 -2.786516 2.255266
 151.180007 3.102683 2.409806
 151.380007 -3.009033 2.225891
 151.580007 -2.952519 2.500726
 151.780007 -2.825543 2.481579
 151.980007 -3.017020 2.097398
 152.180007 -2.886690 2.488099
 152.380007 -3.008359 2.349814
 152.580007 -3.120588 2.301702
 152.780007 -3.000405 2.518287
 152.980007 -2.988839 2.271888
 153.180007 -2.976045 2.392653
 153.380007 -2.931847 2.272672
 153.580007 -3.057441 2.535287
 153.780007 -2.944931 2.342377
 153.980007 -2.989808 2.299146
 154.180007 -3.056235 2.475943
 154.380007 -3.040592 2.400716
 154.580007 -3.119049 2.486523
 154.780007 -2.903703 2.394449
 154.980007 -2.925323 2.519746
 155.180007 -3.135216 2.345064
 155.380007 -3.030711 2.566941
 155.580007 -3.083595 2.418625
 155.780007 -2.837987 2.365461
 155.980007 -2.949188 2.525140
 156.180007 -2.930913 2.387334
 156.380007 -2.985571 2.665806
 156.580007 -2.913605 2.290380
 156.780007 -2.741628 2.563491
 156.980007 -2.941767 2.383439
 157.180007 -2.949795 2.337586
 157.380007 -2.912970 2.552666
 157.580007 -2.822178 2.251543
 157.780007 -2.927618 2.576210
 157.980008 -3.029791 2.276700
 158.180008 -2.885208 2.462824
 158.380008 -2.744847 2.499290
 158.580008 -2.873639 2.325873
 158.780008 -2.959162 2.565437
 158.980008 -2.834864 2.156758
 159.180008 -2.784605 2.481376
 159.380008 -2.966058 2.461047
 159.580008 -3.026973 2.153773
 159.780008 -3.026904 2.726625
 159.980008 -2.948016 1.987208
 160.180008 -3.081240 2.607668
 160.380008 -2.944087 2.180787
 160.580008 -3.022837 2.622589
 160.780008 -2.865381 2.316582
 160.980008 -3.010153 2.318004
 161.180008 -3.061788 2.545674
 161.380008 -3.076216 2.112807
 161.580008 3.140337 2.449225
 161.780008 -2.943524 2.144532
 161.980008 -2.999468 2.474309
 162.180008 3.037793 2.320180
 162.380008 3.140681 2.295122
 162.580008 -3.033046 2.488168
 162.780008 -3.017004 2.224653
 162.980008 -3.099272 2.506886
 163.180008 -3.073112 2.124254
 163.380008 -2.999976 2.381659
 163.580008 -2.890766 2.349272
 163.780008 -3.006838 2.384757
 163.980008 -2.930217 2.346859
 164.180008 2.889851 2.222028
 164.380008 -3.103178 2.265935
 164.580008 3.109437 2.423244
 164.780008 -2.912664 2.223328
 164.980008 3.104552 2.392077
 165.180008 2.942298 1.946867
 165.380008 2.966157 2.457796
 165.580008 -2.983891 2.315439
 165.780008 -3.036371 2.223431
 165.980008 3.100846 2.441765
 166.180008 -2.971096 2.238254
 166.380008 3.103660 2.502072
 166.580008 -2.989388 1.973398
 166.780008 -3.041023 2.591051
 166.980008 -2.865058 2.317168
 167.180008 -3.015497 2.346807
 167.380008 -3.111089 2.371931
 167.580008 -2.946225 2.291816
 167.780008 -3.103719 2.558470
 167.980008 -2.879711 1.978974
 168.180008 3.048795 2.658026
 168.380008 -2.945303 2.008370
 168.580008 -3.006140 2.565153
 168.780008 -2.763468 2.334474
 168.980008 -2.911703 2.209913
 169.180008 -2.936352 2.728570
 169.380008 -2.910778 1.949359
 169.580008 -2.939084 2.667756
 169.780008 -2.762298 2.135486
 169.980008 -2.946489 2.658682
 170.180008 -2.948628 2.240925
 170.380008 -2.909989 2.489139
 170.580008 -2.815883 2.471057
 170.780008 -2.950577 2.287111
 170.980008 -3.053868 2.404155
 171.180008 -2.785604 2.255716
 171.380008 -2.767751 2.649495
 171.580008 -2.878259 2.180747
 171.780008 -2.942474 2.469440
 171.980008 -2.864583 2.541127
 172.180008 -2.778417 2.481309
 172.380008 -3.052932 2.386768
 172.580008 -3.016109 2.357094
 172.780008 -2.869423 2.578014
 172.980008 -3.075404 2.455949
 173.180008 -2.814971 2.324298
 173.380008 -2.992078 2.502065
 173.580008 -2.855893 2.334238
 173.780008 -2.980154 2.672644
 173.980008 -3.000165 2.255580
 174.180008 -2.847234 2.570928
 174.380008 -2.910758 2.445710
 174.580008 -2.960693 2.272481
 174.780008 -3.048746 2.590701
 174.980008 -2.775308 2.404223
 175.180008 -2.960281 2.463099
 175.380008 -2.952275 2.331281
 175.580008 -2.950798 2.630895
 175.780008 -2.862218 2.349919
 175.980008 -2.772339 2.634987
 176.180008 -2.811235 2.416500
 176.380008 -2.869899 2.530075
 176.580008 -2.896863 2.565433
 176.780008 -2.874228 2.454711
 176.980008 -2.789803 2.647812
 177.180008 -2.834612 2.394605
 177.380008 -2.872219 2.583763
 177.580008 -2.862003 2.587720
 177.780008 -3.031873 2.505748
 177.980008 -2.778653 2.545507
 178.180008 -2.891320 2.405803
 178.380008 -2.913419 2.354787
 178.580008 -2.828038 2.555796
 178.780008 -2.929235 2.413085
 178.980009 -3.121824 2.445667
 179.180009 -2.828129 2.439284
 179.380009 -2.866095 2.526938
 179.580009 -2.810273 2.383834
 179.780009 -2.996097 2.421731
 179.980009 -2.807313 2.439035
 180.180009 -2.786712 2.296293
 180.380009 -2.969257 2.441727
 180.580009 -2.872425 2.302141
 180.780009 -2.933435 2.615290
 180.980009 -2.797740 2.218720
 181.180009 -2.923188 2.516336
 181.380009 -2.888620 2.375078
 181.580009 -2.864223 2.291718
 181.780009 -2.911065 2.342482
 181.980009 -2.935464 2.089517
 182.180009 -3.014592 2.498262
 182.380009 -2.811623 2.251470
 182.580009 3.128811 2.417963
 182.780009 -2.973495 2.287014
 182.980009 3.116170 2.484540
 183.180009 -2.978844 2.294620
 183.380009 -3.022273 2.467663
 183.580009 -2.837623 2.495739
 183.780009 -2.929167 2.272765
 183.980009 -3.072681 2.547045
 184.180009 -2.987963 2.228665
 184.380009 -2.998371 2.627390
 184.580009 -2.705338 2.275277
 184.780009 3.083331 2.423998
 184.980009 -3.007223 2.322437
 185.180009 3.114111 2.345473
 185.380009 -3.009587 2.396601
 185.580009 -3.096566 2.310503
 185.780009 -3.128044 2.367708
 185.980009 -3.141355 2.346346
 186.180009 3.110503 2.293162
 186.380009 -2.925018 2.359786
 186.580009 -3.110077 2.416851
 186.780009 3.105358 2.037636
 186.980009 3.036036 2.405808
 187.180009 3.056632 2.211024
 187.380009 2.994909 2.328068
 187.580009 -3.097458 2.073120
 187.780009 3.030069 2.384468
 187.980009 -3.059266 2.212771
 188.180009 -3.137039 2.268851
 188.380009 -3.126149 2.423054
 188.580009 -3.104629 2.339472
 188.780009 3.029807 2.358578
 188.980009 -3.097892 2.230295
 189.180009 3.088984 2.523600
 189.380009 -3.016395 2.366598
 189.580009 -3.055425 2.331807
 189.780009 -2.807402 2.401755
 189.980009 -2.984082 2.514190
 190.180009 -2.964194 2.260236
 190.380009 -2.822067 2.556391
 190.580009 -2.806596 2.450932
 190.780009 -2.907247 2.577736
 190.980009 -2.896208 2.342796
 191.180009 -2.815326 2.597924
 191.380009 -2.842075 2.389494
 191.580009 -2.869588 2.438472
 191.780009 -2.790594 2.426643
 191.980009 -2.809434 2.623088
 192.180009 -2.899861 2.378605
 192.380009 -2.697251 2.488799
 192.580009 -2.909439 2.580501
 192.780009 -2.816688 2.348459
 192.980009 -3.073961 2.520253
 193.180009 -3.023215 2.209342
 193.380009 -3.003130 2.533688
 193.580009 -2.984131 2.409808
 193.780009 -3.096815 2.210451
 193.980009 -2.947215 2.505771
 194.180009 -3.109302 2.189067
 194.380009 3.134056 2.487616
 194.580009 -3.019680 2.287137
 194.780009 3.094203 2.395500
 194.980009 -3.049840 2.312496
 195.180009 3.097695 2.261393
 195.380009 -2.990934 2.475392
 195.580009 3.140547 2.081239
 195.780009 -2.989204 2.391570
 195.980009 -3.000679 2.288683
 196.180009 -2.930383 2.284525
 196.380009 -3.045595 2.582343
 196.580009 -2.778207 2.134954
 196.780009 -2.975417 2.594625
 196.980009 -2.905194 2.292473
 197.180009 -2.991947 2.659769
 197.380009 -3.141321 2.206894
 197.580009 -2.736343 2.574776
 197.780009 -2.986421 2.473316
 197.980009 -2.825060 2.204990
 198.180009 -3.066119 2.612480
 198.380009 -2.947599 2.165837
 198.580009 3.003875 2.605021
 198.780009 -2.771866 2.196617
 198.980009 3.132839 2.569752
 199.180009 -2.838176 2.241380
 199.380009 -3.081603 2.552652
 199.580009 -2.915347 2.312076
 199.780009 -3.050479 2.518710
 199.980009 -2.900720 2.350353
