#! FIELDS time phi psi
#! SET max_psi pi
 0.180000 0.292644 1.467111
 0.380000 0.168946 0.669062
 0.580000 0.439361 1.244899
 0.780000 -0.177660 0.778713
 0.980000 -0.238780 0.943742
 1.180000 0.573517 0.996140
 1.380000 0.645003 0.970806
 1.580000 -0.390343 1.170614
 1.780000 -0.501755 0.711305
 1.980000 0.415997 1.206087
 2.180000 0.246932 0.677846
 2.380000 -0.055687 1.524158
 2.580000 0.296317 0.408643
 2.780000 0.508671 1.447191
 2.980000 0.099515 0.653373
 3.180000 0.126273 1.453814
 3.380000 -0.227169 0.625460
 3.580000 -0.040081 1.516804
 3.780000 0.588028 0.442816
 3.980000 0.413776 1.261321
 4.180000 0.208731 0.848097
 4.380000 0.102066 1.114567
 4.580000 -0.060272 0.841416
 4.780000 0.044700 1.187759
 4.980000 0.344104 0.720618
 5.180000 0.162543 1.321817
 5.380000 0.511131 0.635770
 5.580000 0.382309 1.118419
 5.780000 0.231146 0.934257
 5.980000 0.255453 1.086469
 6.180000 -0.086632 0.833457
 6.380000 0.042793 1.245994
 6.580000 0.361600 0.947668
 6.780000 0.496832 0.770623
 6.980000 0.186072 1.162589
 7.180000 0.288639 0.914915
 7.380000 0.192372 1.025089
 7.580000 -0.156342 1.031307
 7.780000 0.282113 1.100406
 7.980000 0.467457 0.762664
 8.180000 0.141402 1.322882
 8.380000 0.243780 0.831999
 8.580000 0.358590 1.125742
 8.780000 -0.182337 0.874834
 8.980000 0.094149 1.156795
 9.180000 0.353229 0.805091
 9.380000 0.351986 1.297889
 9.580000 0.053119 0.770329
 9.780000 0.057729 1.141462
 9.980000 0.498863 0.979599
 10.180000 0.084557 1.082287
 10.380000 -0.092022 1.045383
 10.580001 0.303053 0.862562
 10.780001 0.256477 0.996336
 10.980001 0.099247 1.083666
 11.180001 0.038181 0.968376
 11.380001 0.428451 1.083665
 11.580001 0.232019 0.903774
 11.780001 0.088769 1.039059
 11.980001 0.304802 0.927676
 12.180001 0.344182 1.001630
 12.380001 0.302414 0.963405
 12.580001 -0.099168 1.026603
 12.780001 0.335779 1.020003
 12.980001 0.251343 0.939872
 13.180001 -0.054365 1.209559
 13.380001 0.337696 0.803492
 13.580001 0.420262 1.009316
 13.780001 -0.007745 1.141172
 13.980001 0.105872 0.930895
 14.180001 0.301991 1.092134
 14.380001 0.613927 0.758174
 14.580001 -0.005740 1.183706
 14.780001 -0.137147 1.014445
 14.980001 0.407775 1.037271
 15.180001 0.199530 1.006305
 15.380001 -0.104807 1.105949
 15.580001 0.034804 1.031210
 15.780001 0.574311 0.900505
 15.980001 0.115081 1.028199
 16.180001 0.051965 1.034714
 16.380001 0.177991 0.959559
 16.580001 0.287207 1.022637
 16.780001 0.035184 0.976795
 16.980001 0.019560 1.041967
 17.180001 0.445625 1.068012
 17.380001 0.392378 0.854498
 17.580001 0.093782 1.097351
 17.780001 0.165326 0.744789
 17.980001 0.363404 0.990894
 18.180001 -0.078087 1.093766
 18.380001 0.108058 1.160482
 18.580001 0.559207 0.660224
 18.780001 0.182380 1.168146
 18.980001 0.136807 0.836421
 19.180001 0.179058 1.204632
 19.380001 0.216794 0.738350
 19.580001 0.185334 1.228769
 19.780001 0.183647 0.556535
 19.980001 0.187199 1.310326
 20.180001 0.077081 0.723378
 20.380001 0.310352 1.306287
 20.580001 0.052587 0.439741
 20.780001 0.124124 1.370458
 20.980001 0.219877 0.801986
 21.180001 0.070581 1.400207
 21.380001 0.092692 0.663191
 21.580001 0.045183 1.445388
 21.780001 0.280295 0.824653
 21.980001 0.315895 1.041062
 22.180001 0.119509 1.052936
 22.380001 0.323976 0.936166
 22.580001 0.289200 0.977815
 22.780001 0.172493 1.079784
 22.980001 0.380414 0.984107
 23.180001 0.202425 1.066685
 23.380001 0.326112 0.992785
 23.580001 0.046029 1.145759
 23.780001 0.148318 0.995174
 23.980001 0.353285 1.079214
 24.180001 0.192190 0.878224
 24.380001 0.314187 1.081500
 24.580001 0.348791 0.895887
 24.780001 0.072229 1.093383
 24.980001 0.212508 0.784989
 25.180001 0.051604 1.130240
 25.380001 -0.087198 1.018167
 25.580001 0.467088 0.931149
 25.780001 0.263160 1.055943
 25.980001 0.475919 0.831267
 26.180001 0.257020 1.145107
 26.380001 0.008152 1.120465
 26.580001 0.349667 0.925354
 26.780001 0.188183 1.082093
 26.980001 0.172832 1.128603
 27.180001 0.356622 0.977724
 27.380001 0.309532 1.037906
 27.580001 0.315714 1.141205
 27.780001 0.025614 0.946215
 27.980001 0.229313 1.070021
 28.180001 0.020845 1.119636
 28.380001 0.132378 0.882524
 28.580001 0.225121 1.079510
 28.780001 0.271412 0.927918
 28.980001 0.432081 1.069433
 29.180001 0.217313 1.034251
 29.380001 0.206896 1.147597
 29.580001 0.357514 0.799802
 29.780001 -0.015978 1.219130
 29.980001 0.164276 0.873869
 30.180001 0.384748 1.143793
 30.380001 0.131952 0.819803
 30.580001 0.270864 1.083529
 30.780001 0.154993 0.830817
 30.980001 0.162918 1.062985
 31.180001 0.097562 0.883626
 31.380001 0.027427 1.281114
 31.580001 0.290845 0.786443
 31.780002 0.226549 1.200124
 31.980002 0.318721 0.859575
 32.180002 0.467854 1.020352
 32.380002 0.121794 1.027108
 32.580002 0.081156 1.157688
 32.780002 0.188109 0.764117
 32.980002 0.205041 1.095396
 33.180002 0.304891 0.936926
 33.380002 0.261122 1.098214
 33.580002 0.238171 0.858289
 33.780002 0.225083 1.176920
 33.980002 -0.091283 0.820360
 34.180002 0.065510 1.323492
 34.380002 0.133922 0.759866
 34.580002 0.417802 1.282960
 34.780002 0.320996 0.627981
 34.980002 0.039917 1.357111
 35.180002 0.185143 0.757995
 35.380002 0.363431 1.181793
 35.580002 -0.090842 0.852082
 35.780002 0.188214 1.157774
 35.980002 0.126339 0.751124
 36.180002 0.424842 1.244240
 36.380002 0.142071 0.886444
 36.580002 -0.098640 1.293706
 36.780002 0.226180 0.837781
 36.980002 0.395526 1.090087
 37.180002 0.095070 0.977542
 37.380002 0.273030 1.118715
 37.580002 0.311523 0.892597
 37.780002 0.166042 1.145356
 37.980002 0.077531 0.941814
 38.180002 0.282169 1.002515
 38.380002 0.412231 0.819744
 38.580002 0.075762 1.198269
 38.780002 0.184520 0.943564
 38.980002 0.419174 1.043649
 39.180002 0.263989 1.085752
 39.380002 0.094534 1.009097
 39.580002 0.069810 1.107721
 39.780002 0.103907 1.084852
 39.980002 0.212552 0.932083
 40.180002 0.207315 0.915772
 40.380002 0.368916 1.054055
 40.580002 0.246683 1.109332
 40.780002 0.068272 1.046273
 40.980002 0.182361 1.029188
 41.180002 0.426546 0.935629
 41.380002 0.325174 1.066664
 41.580002 0.204721 0.837852
 41.780002 0.194641 1.235341
 41.980002 0.216834 0.839384
 42.180002 0.206893 1.208012
 42.380002 -0.119392 0.900616
 42.580002 0.259445 1.155475
 42.780002 0.181749 0.952432
 42.980002 0.086924 1.294532
 43.180002 0.163863 0.634990
 43.380002 0.033673 1.355018
 43.580002 0.328098 0.883940
 43.780002 0.372536 1.216168
 43.980002 -0.012569 0.759306
 44.180002 0.239567 1.175440
 44.380002 0.325304 0.918058
 44.580002 0.076808 1.160143
 44.780002 -0.220338 0.868985
 44.980002 0.180101 1.262511
 45.180002 0.317977 0.707750
 45.380002 0.259514 1.390473
 45.580002 0.258390 0.843939
 45.780002 0.231044 1.230099
 45.980002 0.033632 0.796709
 46.180002 0.361789 1.184532
 46.380002 0.360499 0.988052
 46.580002 0.356598 0.926294
 46.780002 -0.183005 1.012035
 46.980002 0.043933 1.040775
 47.180002 0.279553 1.019402
 47.380002 0.141154 1.013009
 47.580002 -0.103587 1.090206
 47.780002 0.287649 0.991597
 47.980002 0.589987 0.930834
 48.180002 0.159635 0.990020
 48.380002 -0.106321 1.271650
 48.580002 0.461910 0.975072
 48.780002 0.402833 0.995049
 48.980002 -0.159635 1.078365
 49.180002 0.288731 0.987916
 49.380002 0.453631 0.925893
 49.580002 0.059450 1.082009
 49.780002 0.033287 1.040157
 49.980002 0.453944 0.877869
 50.180002 0.210084 1.107002
 50.380002 -0.054628 0.967636
 50.580002 0.281453 1.193033
 50.780002 0.445796 0.866325
 50.980002 0.108551 0.970952
 51.180002 0.178010 1.071678
 51.380002 0.436554 0.976541
 51.580002 0.341595 1.018547
 51.780002 0.018554 0.930312
 51.980002 0.187264 1.080271
 52.180002 0.424230 0.982065
 52.380002 0.063860 1.000909
 52.580002 0.225676 1.068530
 52.780003 0.611960 0.922451
 52.980003 0.176177 1.048727
 53.180003 -0.350468 1.098693
 53.380003 0.095134 0.976765
 53.580003 0.486333 0.890958
 53.780003 0.303646 1.091904
 53.980003 0.234737 0.892176
 54.180003 0.174060 1.150706
 54.380003 0.262415 0.915898
 54.580003 0.184321 1.212460
 54.780003 0.051294 1.010115
 54.980003 0.410554 1.057078
 55.180003 0.206364 0.910248
 55.380003 0.176621 1.186204
 55.580003 0.261494 0.809096
 55.780003 0.398091 1.181537
 55.980003 -0.106911 0.911060
 56.180003 0.086419 1.195173
 56.380003 0.342357 0.735946
 56.580003 0.257399 1.326896
 56.780003 0.066644 0.766885
 56.980003 0.026360 1.253429
 57.180003 0.411318 0.920504
 57.380003 0.285568 0.970326
 57.580003 -0.135538 1.145744
 57.780003 0.087398 0.969800
 57.980003 0.522539 0.996806
 58.180003 0.061252 1.053817
 58.380003 0.181328 1.063141
 58.580003 0.371274 1.073210
 58.780003 0.021094 0.859804
 58.980003 -0.087399 1.325654
 59.180003 0.166223 0.735632
 59.380003 0.308700 1.195638
 59.580003 0.064179 0.947267
 59.780003 0.199702 1.181909
 59.980003 0.573604 0.766201
 60.180003 0.013886 1.201860
 60.380003 -0.075792 1.099045
 60.580003 0.320627 0.998324
 60.780003 0.303535 0.896428
 60.980003 -0.099112 1.155041
 61.180003 0.087281 0.921391
 61.380003 0.438216 1.139095
 61.580003 0.286981 0.904365
 61.780003 -0.004994 1.088594
 61.980003 0.403776 0.895508
 62.180003 0.162469 1.073574
 62.380003 0.031266 1.131827
 62.580003 0.308828 0.922864
 62.780003 0.277196 1.109437
 62.980003 0.148920 1.042477
 63.180003 0.120921 0.968520
 63.380003 0.310267 1.000810
 63.580003 0.300272 1.015224
 63.780003 -0.008176 0.967915
 63.980003 -0.053218 1.207746
 64.180003 0.665135 0.911910
 64.380003 0.344886 1.058941
 64.580003 -0.415485 0.957399
 64.780003 0.042616 1.059009
 64.980003 0.573880 0.871971
 65.180003 0.051191 1.128245
 65.380003 -0.151816 0.956048
 65.580003 0.312986 0.969568
 65.780003 0.434561 0.848866
 65.980003 -0.010460 1.178005
 66.180003 0.116345 0.847145
 66.380003 0.447963 1.241961
 66.580003 0.001553 0.630241
 66.780003 -0.183037 1.332921
 66.980003 0.329878 0.977332
 67.180003 0.317554 0.940238
 67.380003 -0.053952 1.090879
 67.580003 0.117782 1.008806
 67.780003 0.687084 1.119157
 67.980003 0.077853 0.799468
 68.180003 -0.291824 1.384103
 68.380003 0.501538 0.630753
 68.580003 0.153051 1.274934
 68.780003 -0.045136 1.042978
 68.980003 0.291591 1.065962
 69.180003 0.445577 0.961374
 69.380003 -0.032095 1.016524
 69.580003 0.010638 1.147836
 69.780003 0.238212 0.944426
 69.980003 0.538310 1.067326
 70.180003 0.014414 0.815523
 70.380003 -0.164242 1.141397
 70.580003 0.331087 0.949260
 70.780003 0.341418 1.070599
 70.980003 -0.036463 0.929979
 71.180003 -0.134521 1.120616
 71.380003 0.387888 1.043773
 71.580003 0.404727 0.867379
 71.780003 -0.124035 1.198059
 71.980003 0.147798 0.934630
 72.180003 0.543861 1.029530
 72.380003 0.027696 0.882419
 72.580003 -0.135059 1.163374
 72.780003 0.375036 0.831499
 72.980003 0.347121 1.026558
 73.180003 -0.121976 1.007698
 73.380003 -0.173209 1.047483
 73.580003 0.609539 1.023372
 73.780004 0.090013 1.023677
 73.980004 -0.249943 0.991039
 74.180004 0.190173 1.029986
 74.380004 0.451118 0.876858
 74.580004 0.101076 1.235889
 74.780004 0.025324 0.951791
 74.980004 0.177964 0.937921
 75.180004 0.409526 0.929281
 75.380004 0.129142 0.978794
 75.580004 0.219425 1.069016
 75.780004 0.592150 0.826775
 75.980004 -0.049880 1.059388
 76.180004 -0.054604 1.095609
 76.380004 0.280311 0.965457
 76.580004 0.378884 1.049850
 76.780004 0.087059 0.935861
 76.980004 0.020634 0.968173
 77.180004 0.347016 0.902606
 77.380004 0.209221 1.097745
 77.580004 -0.103343 1.041271
 77.780004 0.085457 1.116408
 77.980004 0.344652 0.853870
 78.180004 0.413973 1.000646
 78.380004 -0.011921 1.083193
 78.580004 0.257107 1.058617
 78.780004 0.380749 0.955071
 78.980004 -0.103065 1.146852
 79.180004 0.047641 1.101850
 79.380004 0.490569 0.900167
 79.580004 0.167494 1.097162
 79.780004 -0.162943 0.945346
 79.980004 0.401855 1.007073
 80.180004 0.414003 0.918277
 80.380004 -0.059968 1.235896
 80.580004 -0.335345 0.774232
 80.780004 0.062037 1.189759
 80.980004 0.336483 0.907056
 81.180004 0.188722 0.982943
 81.380004 -0.041354 1.186809
 81.580004 0.578881 0.917749
 81.780004 0.447948 1.050152
 81.980004 0.069719 0.971121
 82.180004 0.024151 1.020040
 82.380004 0.131426 1.080953
 82.580004 0.040889 0.955309
 82.780004 0.222614 1.019162
 82.980004 0.509679 0.856961
 83.180004 0.328024 1.018618
 83.380004 -0.102790 1.094621
 83.580004 0.026488 0.927032
 83.780004 0.081587 1.120323
 83.980004 0.307487 0.863668
 84.180004 0.358428 1.005848
 84.380004 0.333932 0.982073
 84.580004 0.311364 0.979045
 84.780004 0.113024 1.051485
 84.980004 -0.101333 1.110979
 85.180004 0.207870 0.980517
 85.380004 0.307237 0.937927
 85.580004 0.169748 1.173555
 85.780004 0.629469 0.756854
 85.980004 0.270719 1.245649
 86.180004 0.017283 0.902884
 86.380004 0.356266 0.967892
 86.580004 0.112933 0.976327
 86.780004 0.096537 1.229919
 86.980004 0.284150 0.809677
 87.180004 0.212979 1.252141
 87.380004 0.473912 0.882794
 87.580004 0.203122 1.056553
 87.780004 -0.032780 1.073300
 87.980004 0.218424 1.007049
 88.180004 0.246006 0.977700
 88.380004 0.233424 1.137343
 88.580004 0.285194 0.919887
 88.780004 0.405823 1.083970
 88.980004 0.207289 0.943262
 89.180004 0.102119 0.977528
 89.380004 0.068847 1.103517
 89.580004 0.082678 0.936079
 89.780004 0.423685 1.070390
 89.980004 0.202318 0.973601
 90.180004 0.413894 1.018562
 90.380004 0.130703 0.999929
 90.580004 0.088332 1.093634
 90.780004 0.358885 0.991624
 90.980004 0.086015 1.024428
 91.180004 0.270286 1.150296
 91.380004 0.365998 0.876869
 91.580004 0.236265 1.171758
 91.780004 0.145647 0.926076
 91.980004 0.275781 1.128248
 92.180004 0.125321 0.837361
 92.380004 0.232160 1.206973
 92.580004 0.428352 0.978640
 92.780004 0.350303 1.020823
 92.980004 0.439423 0.981422
 93.180004 0.280914 1.016817
 93.380004 0.033405 1.037278
 93.580004 0.059040 1.148528
 93.780004 0.131201 0.900539
 93.980004 0.093495 1.161350
 94.180004 0.337807 0.989195
 94.380004 0.579191 0.884183
 94.580004 0.195178 1.043020
 94.780005 0.125276 1.014249
 94.980005 0.117052 1.099842
 95.180005 0.219904 1.074825
 95.380005 0.269692 1.062318
 95.580005 0.295125 1.010759
 95.780005 0.521831 1.022558
 95.980005 0.336152 0.950378
 96.180005 0.077484 1.057961
 96.380005 0.116554 1.138180
 96.580005 0.246769 0.844993
 96.780005 0.122171 1.157116
 96.980005 0.217223 0.895193
 97.180005 0.443834 0.979518
 97.380005 -0.022620 1.126220
 97.580005 0.243309 0.919571
 97.780005 0.333328 0.825763
 97.980005 0.077744 1.093140
 98.180005 0.165266 0.963883
 98.380005 0.108451 1.107518
 98.580005 0.212203 0.865794
 98.780005 0.313021 1.030390
 98.980005 0.159688 0.848550
 99.180005 -0.004322 1.206910
 99.380005 0.078442 0.884197
 99.580005 0.225465 1.077665
 99.780005 0.283963 0.868843
 99.980005 0.280849 1.184955
 100.180005 0.162454 0.800266
 100.380005 0.115962 1.208252
 100.580005 0.391265 0.620023
 100.780005 0.212913 1.213306
 100.980005 0.181542 0.797143
 101.180005 0.027740 1.293077
 101.380005 0.200523 0.679651
 101.580005 0.352807 1.138369
 101.780005 0.166993 0.893707
 101.980005 0.288524 1.113450
 102.180005 0.137318 0.895052
 102.380005 0.213858 1.213716
 102.580005 0.362840 0.791389
 102.780005 0.337401 1.168040
 102.980005 -0.149761 1.051399
 103.180005 0.242227 1.003101
 103.380005 0.357274 0.882995
 103.580005 0.163934 1.114898
 103.780005 0.448370 0.829126
 103.980005 0.124532 1.173258
 104.180005 0.171484 1.012871
 104.380005 0.207897 1.076095
 104.580005 -0.029934 1.014686
 104.780005 0.200458 1.088154
 104.980005 0.326806 0.972357
 105.180005 0.228396 1.037177
 105.380005 0.315141 1.014853
 105.580005 0.379375 0.926956
 105.780005 0.079093 1.124889
 105.980005 0.175697 0.907597
 106.180005 -0.029777 1.213028
 106.380005 0.151177 1.070136
 106.580005 0.372092 0.912209
 106.780005 0.201787 1.141794
 106.980005 0.576769 0.928719
 107.180005 0.258707 1.034105
 107.380005 0.000129 0.924635
 107.580005 0.221340 1.091439
 107.780005 0.452537 0.904435
 107.980005 0.226194 1.023077
 108.180005 0.235898 0.978699
 108.380005 0.529763 1.010379
 108.580005 0.151309 0.934695
 108.780005 0.020313 1.192797
 108.980005 0.123403 0.900724
 109.180005 0.101641 1.139332
 109.380005 0.120248 0.934502
 109.580005 0.220119 1.129796
 109.780005 0.274977 1.106879
 109.980005 0.255415 1.039530
 110.180005 0.438249 1.054945
 110.380005 0.249362 0.791833
 110.580005 -0.188736 1.268799
 110.780005 0.176753 0.971106
 110.980005 0.438070 0.996778
 111.180005 0.166525 0.988167
 111.380005 0.248441 0.988244
 111.580005 0.613910 1.012994
 111.780005 0.103511 0.879041
 111.980005 -0.043393 1.298947
 112.180005 0.158313 0.878920
 112.380005 0.218710 1.205490
 112.580005 -0.120319 0.824468
 112.780005 0.240818 1.301895
 112.980005 0.429602 0.722720
 113.180005 0.249624 1.308674
 113.380005 -0.111785 0.707349
 113.580005 0.001060 1.246850
 113.780005 0.222609 0.915239
 113.980005 0.225894 1.158915
 114.180005 -0.062603 0.919865
 114.380005 0.200677 1.162597
 114.580005 0.433998 0.987830
 114.780005 0.081771 0.906648
 114.980005 0.055238 1.136733
 115.180005 0.407703 0.871528
 115.380005 0.322235 1.176633
 115.580005 0.060479 1.057881
 115.780005 0.547180 0.917276
 115.980006 0.307034 0.994594
 116.180006 -0.060354 1.149367
 116.380006 -0.191978 0.904236
 116.580006 0.322673 1.132929
 116.780006 0.230639 0.830527
 116.980006 0.009945 1.249564
 117.180006 0.365837 0.796846
 117.380006 0.555280 1.044165
 117.580006 0.034603 1.091515
 117.780006 -0.162996 1.042354
 117.980006 0.282127 0.921370
 118.180006 0.131895 1.004040
 118.380006 -0.093889 1.260729
 118.580006 0.421636 0.817467
 118.780006 0.666639 0.888368
 118.980006 0.176014 1.192792
 119.180006 0.134551 0.938995
 119.380006 0.151923 1.013581
 119.580006 0.139700 1.061449
 119.780006 -0.079940 1.084578
 119.980006 0.174944 1.095931
 120.180006 0.505404 0.896047
 120.380006 0.181477 1.229249
 120.580006 0.327677 0.909191
 120.780006 0.234962 1.216746
 120.980006 0.196952 0.988576
 121.180006 0.096231 0.953624
 121.380006 0.046977 1.145545
 121.580006 0.269944 1.031644
 121.780006 0.255220 1.034457
 121.980006 0.152772 1.068527
 122.180006 0.424375 0.898557
 122.380006 0.084268 1.063490
 122.580006 0.036621 1.091562
 122.780006 0.354984 0.862749
 122.980006 0.305337 1.204187
 123.180006 0.208875 0.866285
 123.380006 0.481263 1.055104
 123.580006 0.403642 0.993623
 123.780006 0.260888 0.993960
 123.980006 -0.263210 0.992507
 124.180006 0.090649 1.118279
 124.380006 0.607969 0.796505
 124.580006 0.121484 1.134874
 124.780006 0.096837 0.981960
 124.980006 0.410575 1.013301
 125.180006 0.230463 1.034205
 125.380006 -0.084948 1.164383
 125.580006 0.293894 0.913879
 125.780006 0.442849 1.112353
 125.980006 0.053604 1.064340
 126.180006 0.192204 1.103272
 126.380006 0.478781 0.902473
 126.580006 0.230205 1.113217
 126.780006 -0.152349 0.963419
 126.980006 -0.235607 1.069612
 127.180006 0.550646 1.065391
 127.380006 0.318125 0.850687
 127.580006 -0.084631 1.171996
 127.780006 0.207258 1.071635
 127.980006 0.237104 0.926236
 128.180006 0.136479 1.219094
 128.380006 -0.235434 0.956148
 128.580006 0.382678 1.085815
 128.780006 0.465249 0.897372
 128.980006 0.063666 1.139454
 129.180006 0.091851 1.063712
 129.380006 0.334533 1.014414
 129.580006 0.327415 1.053396
 129.780006 -0.089321 0.842280
 129.980006 -0.041537 1.201341
 130.180006 0.485443 0.783992
 130.380006 -0.016966 1.222211
 130.580006 -0.104922 0.621954
 130.780006 0.082099 1.241570
 130.980006 0.495941 0.652580
 131.180006 0.190903 1.265724
 131.380006 -0.366704 0.958603
 131.580006 0.220579 1.070481
 131.780006 0.463699 0.825838
 131.980006 0.057830 1.155422
 132.180006 0.103021 1.060889
 132.380006 0.180347 1.054746
 132.580006 0.370641 0.918698
 132.780006 0.189677 1.154144
 132.980006 0.037087 0.987432
 133.180006 0.190164 1.069046
 133.380006 0.288472 0.953456
 133.580006 0.370496 1.150576
 133.780006 0.447663 0.755903
 133.980006 0.220642 1.200361
 134.180006 0.153624 0.935442
 134.380006 0.258028 1.022023
 134.580006 0.137151 1.094285
 134.780006 0.209514 1.046090
 134.980006 0.254198 0.950948
 135.180006 0.340923 1.010797
 135.380006 0.330356 0.999117
 135.580006 0.075540 0.987178
 135.780006 0.205886 1.107224
 135.980006 0.180186 0.839908
 136.180006 -0.118572 1.288117
 136.380006 0.230604 0.895605
 136.580006 0.427042 0.963426
 136.780006 0.197003 0.908114
 136.980007 0.126892 1.191532
 137.180007 0.171476 0.702691
 137.380007 0.280852 1.249875
 137.580007 0.299895 0.944402
 137.780007 0.260721 1.017322
 137.980007 0.219542 0.968910
 138.180007 0.493216 0.968506
 138.380007 0.050231 0.954017
 138.580007 -0.066702 1.266077
 138.780007 0.234048 0.975796
 138.980007 0.176631 1.103231
 139.180007 0.046529 1.019616
 139.380007 0.313991 1.098090
 139.580007 0.345526 0.869199
 139.780007 0.266753 1.081235
 139.980007 0.142402 1.018423
 140.180007 0.178607 0.915159
 140.380007 0.376549 0.901263
 140.580007 0.028240 1.202054
 140.780007 0.271546 0.851757
 140.980007 0.410922 1.075178
 141.180007 0.361236 0.958384
 141.380007 0.159151 0.962898
 141.580007 0.194981 1.062540
 141.780007 0.216730 1.000732
 141.980007 0.145219 1.017852
 142.180007 0.175427 0.985304
 142.380007 0.287578 1.013958
 142.580007 0.366290 1.000469
 142.780007 0.139945 1.018280
 142.980007 0.189387 1.015861
 143.180007 0.404770 0.846529
 143.380007 -0.077711 1.136614
 143.580007 0.000515 0.995609
 143.780007 0.318456 1.114366
 143.980007 0.504366 0.714744
 144.180007 0.208713 1.056169
 144.380007 0.113396 0.884771
 144.580007 0.166304 1.045324
 144.780007 0.028127 0.987388
 144.980007 0.071039 1.059282
 145.180007 0.077957 1.072191
 145.380007 0.447709 0.865713
 145.580007 0.309282 1.093269
 145.780007 0.105391 0.897182
 145.980007 0.189901 1.035297
 146.180007 0.257193 0.988536
 146.380007 0.009165 1.060356
 146.580007 0.204742 0.874234
 146.780007 0.391507 1.040213
 146.980007 0.275270 0.978760
 147.180007 0.372263 1.061557
 147.380007 0.057757 0.994980
 147.580007 0.109718 1.216970
 147.780007 0.195922 0.738498
 147.980007 -0.009420 1.256037
 148.180007 0.310375 0.940746
 148.380007 0.691592 1.001736
 148.580007 0.068454 0.927096
 148.780007 0.010922 1.159588
 148.980007 -0.088994 1.005725
 149.180007 0.244741 1.007431
 149.380007 0.224781 0.976394
 149.580007 -0.000756 1.156176
 149.780007 0.633182 0.819286
 149.980007 0.302072 1.031836
 150.180007 -0.226559 1.088276
 150.380007 0.120911 0.918615
 150.580007 0.296400 0.977749
 150.780007 0.251399 0.986912
 150.980007 0.028766 0.998010
 151.180007 0.476688 1.007872
 151.380007 0.533031 0.769729
 151.580007 -0.179801 1.188749
 151.780007 0.168026 0.933639
 151.980007 0.218116 1.105661
 152.180007 0.185946 0.830271
 152.380007 0.218405 1.236613
 152.580007 0.299514 0.843620
 152.780007 0.372206 1.043023
 152.980007 0.090933 0.971502
 153.180007 0.011295 1.095804
 153.380007 0.083924 1.033102
 153.580007 0.091443 0.996358
 153.780007 0.341511 1.006236
 153.980007 0.466004 0.859867
 154.180007 0.259042 1.033296
 154.380007 -0.024195 1.029033
 154.580007 0.319612 1.058675
 154.780007 0.263419 0.870135
 154.980007 0.097639 1.152885
 155.180007 0.198216 0.784709
 155.380007 0.307769 1.122192
 155.580007 0.165692 0.949410
 155.780007 0.224136 1.030015
 155.980007 0.293062 0.792466
 156.180007 -0.035741 1.163521
 156.380007 -0.124201 0.899871
 156.580007 0.283876 1.041669
 156.780007 0.623943 0.826252
 156.980007 0.175488 1.032966
 157.180007 0.297158 1.025220
 157.380007 0.199477 1.028161
 157.580007 0.276308 1.044851
 157.780007 -0.101792 0.948488
 157.980008 0.060221 1.134930
 158.180008 0.487496 0.834428
 158.380008 0.123715 1.110767
 158.580008 -0.008243 1.125560
 158.780008 0.400218 0.916028
 158.980008 0.002949 0.955392
 159.180008 -0.099802 1.039231
 159.380008 0.261788 0.913117
 159.580008 0.368666 1.025960
 159.780008 0.341268 0.904284
 159.980008 0.173413 1.045770
 160.180008 0.385245 0.986402
 160.380008 0.331037 0.996377
 160.580008 -0.243892 1.065703
 160.780008 0.022882 1.112002
 160.980008 0.436147 0.831604
 161.180008 0.052309 1.186510
 161.380008 -0.013519 0.988999
 161.580008 0.283459 1.093674
 161.780008 0.338574 0.873109
 161.980008 0.069229 1.108935
 162.180008 -0.133239 1.122872
 162.380008 0.148757 1.155940
 162.580008 0.464660 0.802142
 162.780008 0.165835 1.089946
 162.980008 0.138587 0.965481
 163.180008 0.407201 1.146189
 163.380008 0.299554 0.780698
 163.580008 -0.084668 1.264545
 163.780008 0.336084 0.796568
 163.980008 0.308543 1.078425
 164.180008 0.235328 0.930306
 164.380008 0.158867 0.936789
 164.580008 0.236629 1.039457
 164.780008 0.296310 0.875747
 164.980008 0.298349 1.162045
 165.180008 0.231570 0.732686
 165.380008 0.165704 1.076929
 165.580008 0.178043 0.834645
 165.780008 0.478927 1.061331
 165.980008 0.332676 0.789816
 166.180008 0.240969 1.206465
 166.380008 0.217298 0.738387
 166.580008 -0.020612 1.259024
 166.780008 0.108660 1.017676
 166.980008 0.462463 1.015738
 167.180008 0.109995 0.812082
 167.380008 0.013538 1.134692
 167.580008 0.237045 0.845419
 167.780008 0.571400 0.851987
 167.980008 0.123229 1.049207
 168.180008 0.146500 1.071831
 168.380008 0.504805 0.771115
 168.580008 0.159277 1.381889
 168.780008 -0.123611 0.748434
 168.980008 0.147198 1.258313
 169.180008 0.248914 0.762230
 169.380008 0.075980 1.378304
 169.580008 0.074713 0.800135
 169.780008 0.378713 1.292231
 169.980008 0.234287 0.752425
 170.180008 0.073291 1.184753
 170.380008 0.183178 0.927378
 170.580008 0.310717 1.077544
 170.780008 -0.071006 0.944530
 170.980008 0.213864 1.174735
 171.180008 0.535464 0.781840
 171.380008 0.495046 0.956232
 171.580008 -0.098488 1.193570
 171.780008 0.139818 1.056852
 171.980008 0.389380 0.699219
 172.180008 0.077924 1.011633
 172.380008 0.146898 0.845536
 172.580008 0.168944 1.347229
 172.780008 0.621931 0.750773
 172.980008 0.059048 1.157791
 173.180008 -0.415868 0.836854
 173.380008 0.002696 1.306484
 173.580008 0.678146 0.628158
 173.780008 0.400115 1.159438
 173.980008 -0.135169 0.972556
 174.180008 0.319698 1.010167
 174.380008 0.417443 1.031029
 174.580008 -0.372390 1.004406
 174.780008 -0.217822 1.106617
 174.980008 0.553773 0.915381
 175.180008 0.396821 0.923150
 175.380008 -0.012954 1.065105
 175.580008 -0.424865 0.897720
 175.780008 0.398430 1.139171
 175.980008 0.122786 0.914115
 176.180008 -0.614836 0.884215
 176.380008 0.277692 1.173021
 176.580008 0.767198 0.784792
 176.780008 -0.337447 1.147942
 176.980008 -0.384964 0.904662
 177.180008 0.715203 0.889322
 177.380008 0.386243 1.027614
 177.580008 -0.241440 0.994641
 177.780008 -0.359800 1.049495
 177.980008 0.617494 0.902054
 178.180008 0.109148 1.156783
 178.380008 -0.371501 0.862355
 178.580008 0.131141 1.060931
 178.780008 0.549428 0.894507
 178.980009 0.128985 0.980057
 179.180009 -0.441762 1.037789
 179.380009 0.319636 1.153609
 179.580009 0.587402 0.686574
 179.780009 -0.262260 1.360837
 179.980009 -0.142659 0.788116
 180.180009 0.437302 1.087239
 180.380009 0.303707 0.872684
 180.580009 -0.160204 1.125711
 180.780009 0.450364 0.885236
 180.980009 0.521212 1.018737
 181.180009 0.248525 1.023365
 181.380009 0.101094 0.995301
 181.580009 0.215983 1.099780
 181.780009 0.098828 0.916970
 181.980009 0.022331 0.992379
 182.180009 0.061687 1.104268
 182.380009 0.561229 0.881121
 182.580009 0.161727 0.992746
 182.780009 -0.052422 1.047241
 182.980009 0.406227 1.069181
 183.180009 0.341699 0.886984
 183.380009 -0.040591 1.262707
 183.580009 0.254557 0.873767
 183.780009 0.554912 0.981400
 183.980009 0.205036 1.004096
 184.180009 -0.039938 1.036320
 184.380009 0.107500 1.045441
 184.580009 0.134122 0.974316
 184.780009 0.170831 1.208300
 184.980009 0.511457 0.691059
 185.180009 0.449027 1.094395
 185.380009 0.226261 1.055187
 185.580009 0.404969 1.018893
 185.780009 0.151192 0.913615
 185.980009 -0.070918 1.165597
 186.180009 0.253227 0.972992
 186.380009 0.324875 1.004610
 186.580009 0.171809 1.029837
 186.780009 0.441533 0.957029
 186.980009 0.288067 0.868946
 187.180009 0.075364 1.215938
 187.380009 -0.064499 0.864460
 187.580009 0.135931 1.218915
 187.780009 0.244655 0.828822
 187.980009 0.429076 1.165591
 188.180009 0.349323 0.974457
 188.380009 0.191712 1.190595
 188.580009 0.238512 0.734008
 188.780009 0.209507 1.126521
 188.980009 0.076623 1.098108
 189.180009 0.228611 0.996310
 189.380009 0.210565 1.055248
 189.580009 0.392782 1.012412
 189.780009 0.375429 0.992879
 189.980009 0.149162 1.102173
 190.180009 0.078878 0.991324
 190.380009 0.281079 0.979916
 190.580009 -0.075197 1.191414
 190.780009 0.261249 0.925776
 190.980009 0.620438 0.926313
 191.180009 0.479573 0.915797
 191.380009 0.153916 1.112229
 191.580009 0.144834 1.059945
 191.780009 0.123343 1.046665
 191.980009 0.007195 0.969700
 192.180009 0.252457 1.097842
 192.380009 0.488753 0.910929
 192.580009 0.369834 0.997719
 192.780009 0.107193 1.052029
 192.980009 0.165300 1.105970
 193.180009 0.013138 0.884523
 193.380009 -0.028696 1.279065
 193.580009 0.300955 0.863617
 193.780009 0.373759 1.176271
 193.980009 0.091658 0.905187
 194.180009 0.227413 1.135488
 194.380009 0.295298 0.922604
 194.580009 0.111509 1.062326
 194.780009 -0.155791 1.108026
 194.980009 0.237717 1.095390
 195.180009 0.613882 0.883530
 195.380009 0.183150 0.951462
 195.580009 0.166948 1.028228
 195.780009 0.351074 1.054604
 195.980009 0.155358 1.036975
 196.180009 -0.083779 1.031098
 196.380009 -0.086614 0.944196
 196.580009 0.763128 0.972211
 196.780009 0.396693 0.942259
 196.980009 -0.066112 1.111814
 197.180009 -0.000368 1.062290
 197.380009 0.039310 0.980601
 197.580009 0.060705 1.159020
 197.780009 0.225050 0.953503
 197.980009 0.606842 0.991515
 198.180009 0.451339 0.910331
 198.380009 -0.088602 1.132259
 198.580009 -0.414658 1.098749
 198.780009 0.320737 1.049940
 198.980009 0.235929 0.988211
 199.180009 -0.065051 1.131444
 199.380009 0.458438 0.905797
 199.580009 0.456953 1.035314
 199.780009 0.123034 1.112205
 199.980009 -0.179718 0.822158
