#! FIELDS time phi psi
#! SET max_psi pi
 0.180000 0.158142 -3.094104
 0.380000 0.340731 -2.645562
 0.580000 0.119095 -2.090817
 0.780000 0.273395 3.114866
 0.980000 0.017926 -2.006492
 1.180000 0.064604 -2.830875
 1.380000 -0.202036 -2.885074
 1.580000 -1.170254 -2.951863
 1.780000 -0.586075 2.587046
 1.980000 -0.865980 -2.842714
 2.180000 -0.659964 2.741781
 2.380000 -0.712026 2.931589
 2.580000 -1.030720 -3.067806
 2.780000 -0.802141 2.565381
 2.980000 -0.988522 -2.687188
 3.180000 -0.878573 2.635810
 3.380000 -1.005125 -3.018010
 3.580000 -0.825056 3.119961
 3.780000 -0.894180 3.105482
 3.980000 -0.825611 -3.016078
 4.180000 -0.972771 3.043201
 4.380000 -1.086970 3.117802
 4.580000 -1.111129 2.994883
 4.780000 -1.139630 3.080592
 4.980000 -0.746373 2.971606
 5.180000 -0.824451 2.986156
 5.380000 -0.627142 3.077348
 5.580000 -0.650858 2.865576
 5.780000 -0.845136 2.988920
 5.980000 -0.907946 3.060447
 6.180000 -0.877677 2.763650
 6.380000 -0.898418 -3.015617
 6.580000 -0.745964 2.815439
 6.780000 -0.768547 3.022556
 6.980000 -0.857879 3.089402
 7.180000 -0.943866 2.946915
 7.380000 -0.888926 -3.133085
 7.580000 -0.884368 2.894325
 7.780000 -0.895600 3.129187
 7.980000 -0.789938 2.941571
 8.180000 -1.087083 -3.130530
 8.380000 -0.692324 2.950287
 8.580000 -0.820502 2.947460
 8.780000 -0.834831 -2.930574
 8.980000 -0.896197 2.834338
 9.180000 -1.020802 -2.952914
 9.380000 -0.885781 2.870830
 9.580000 -0.988265 3.029411
 9.780000 -0.949887 3.020738
 9.980000 -0.833432 2.870880
 10.180000 -0.726657 3.075844
 10.380000 -0.812625 2.946808
 10.580001 -0.605841 2.978700
 10.780001 -0.887653 3.012889
 10.980001 -1.014640 3.036027
 11.180001 -0.970508 3.010197
 11.380001 -1.076907 3.004305
 11.580001 -0.740145 3.073812
 11.780001 -0.821051 2.844494
 11.980001 -0.748015 -3.126980
 12.180001 -0.570372 2.885357
 12.380001 -1.087688 -3.121501
 12.580001 -0.797866 2.944488
 12.780001 -0.970902 2.997526
 12.980001 -0.815056 3.129865
 13.180001 -0.863455 2.849719
 13.380001 -0.960362 -3.137453
 13.580001 -0.979411 2.918274
 13.780001 -0.789352 3.014601
 13.980001 -0.930240 3.011313
 14.180001 -0.829113 3.068848
 14.380001 -0.809870 3.055455
 14.580001 -0.770311 2.872611
 14.780001 -0.975490 3.006616
 14.980001 -0.832300 2.985170
 15.180001 -0.985950 2.989031
 15.380001 -0.698524 3.085939
 15.580001 -0.808471 2.980993
 15.780001 -0.899506 2.856821
 15.980001 -0.931080 -3.128748
 16.180001 -0.994194 2.826052
 16.380001 -0.667905 3.048491
 16.580001 -0.927147 2.911680
 16.780001 -0.648818 3.028070
 16.980001 -0.739864 2.961031
 17.180001 -1.023019 3.063894
 17.380001 -0.824171 2.921570
 17.580001 -0.975855 3.112781
 17.780001 -0.961521 2.881601
 17.980001 -0.817927 3.015683
 18.180001 -0.879078 2.906176
 18.380001 -0.705450 3.070399
 18.580001 -0.698547 2.970075
 18.780001 -0.787446 3.055795
 18.980001 -0.677501 2.958282
 19.180001 -0.962559 2.800629
 19.380001 -0.826377 -3.104336
 19.580001 -1.005140 2.711580
 19.780001 -0.804112 -2.857029
 19.980001 -1.078311 2.870195
 20.180001 -0.830106 -3.114117
 20.380001 -1.016928 3.118981
 20.580001 -0.737435 2.965525
 20.780001 -0.826274 -3.104425
 20.980001 -0.711874 2.960317
 21.180001 -0.915115 3.138888
 21.380001 -0.683621 2.745038
 21.580001 -0.956977 3.093785
 21.780001 -0.708512 2.751456
 21.980001 -0.778189 3.067033
 22.180001 -0.793177 2.850201
 22.380001 -0.687560 2.986430
 22.580001 -0.811868 2.986931
 22.780001 -0.788303 2.936552
 22.980001 -0.927904 -3.139006
 23.180001 -0.820379 3.053010
 23.380001 -0.947561 -3.110503
 23.580001 -0.926531 3.088891
 23.780001 -0.845516 2.984548
 23.980001 -0.895830 -3.063722
 24.180001 -0.839610 2.767855
 24.380001 -0.864979 -3.136848
 24.580001 -0.968398 2.862677
 24.780001 -0.812889 3.052995
 24.980001 -0.884340 2.906824
 25.180001 -0.750205 3.079456
 25.380001 -0.720887 2.850252
 25.580001 -1.083925 3.063523
 25.780001 -0.817732 3.037648
 25.980001 -1.093070 2.973492
 26.180001 -0.713408 3.075052
 26.380001 -0.901853 2.881815
 26.580001 -0.573776 3.139034
 26.780001 -0.998067 2.804629
 26.980001 -0.809982 3.051271
 27.180001 -1.017038 3.046393
 27.380001 -0.713706 2.896835
 27.580001 -0.944402 3.112473
 27.780001 -0.663534 2.951172
 27.980001 -0.820980 2.982881
 28.180001 -0.845542 2.927612
 28.380001 -0.785738 2.867549
 28.580001 -1.021341 3.091553
 28.780001 -0.822239 2.952852
 28.980001 -0.920296 3.075348
 29.180001 -0.560883 3.018998
 29.380001 -0.881956 3.038434
 29.580001 -0.760581 3.044234
 29.780001 -1.117800 2.934460
 29.980001 -0.733083 3.073564
 30.180001 -1.086244 2.888164
 30.380001 -0.699368 3.140934
 30.580001 -0.985281 2.950743
 30.780001 -0.948525 -3.106146
 30.980001 -0.837445 3.030218
 31.180001 -0.956659 2.949744
 31.380001 -0.577697 2.933330
 31.580001 -0.894765 2.932186
 31.780002 -0.652869 2.921927
 31.980002 -0.957647 3.039899
 32.180002 -0.771515 2.881334
 32.380002 -1.028836 2.997852
 32.580002 -0.806212 3.113570
 32.780002 -0.843053 3.002330
 32.980002 -0.745860 3.031667
 33.180002 -0.934722 3.092466
 33.380002 -0.646029 3.006484
 33.580002 -1.096476 2.875989
 33.780002 -0.863875 3.051342
 33.980002 -1.106051 2.893760
 34.180002 -0.909578 3.103554
 34.380002 -0.897742 2.931637
 34.580002 -0.464373 2.960980
 34.780002 -0.961517 3.049702
 34.980002 -0.793682 3.013272
 35.180002 -0.855894 2.895740
 35.380002 -0.967176 2.969531
 35.580002 -0.821009 3.047955
 35.780002 -0.735342 2.861991
 35.980002 -0.724453 -3.121457
 36.180002 -0.884183 2.923948
 36.380002 -0.782161 3.137054
 36.580002 -0.903647 2.886448
 36.780002 -0.923159 3.093632
 36.980002 -0.969442 2.975691
 37.180002 -0.824419 3.087962
 37.380002 -0.968491 2.964915
 37.580002 -0.847678 3.081092
 37.780002 -0.772865 2.923982
 37.980002 -0.743804 3.005922
 38.180002 -0.891693 2.959211
 38.380002 -0.884466 2.859278
 38.580002 -1.073309 -2.977222
 38.780002 -0.758915 2.749550
 38.980002 -0.965452 -2.939137
 39.180002 -0.613980 2.807216
 39.380002 -0.796141 3.111830
 39.580002 -0.871639 2.994775
 39.780002 -0.882641 2.850489
 39.980002 -0.928204 -2.885563
 40.180002 -0.827334 2.679463
 40.380002 -1.095202 -2.954619
 40.580002 -0.761120 2.931939
 40.780002 -0.894074 2.911246
 40.980002 -0.599435 -3.095418
 41.180002 -0.867025 2.930803
 41.380002 -0.851676 -3.099021
 41.580002 -0.965664 2.947614
 41.780002 -0.828623 2.923786
 41.980002 -0.682686 3.082929
 42.180002 -0.629526 2.738583
 42.380002 -0.568637 3.119541
 42.580002 -0.942756 2.861844
 42.780002 -0.939585 -3.099145
 42.980002 -1.092932 2.909756
 43.180002 -0.922940 -3.114079
 43.380002 -1.037372 2.862923
 43.580002 -0.729538 3.039031
 43.780002 -1.037857 3.064505
 43.980002 -0.575478 3.079319
 44.180002 -0.982323 -3.131156
 44.380002 -0.888678 3.056104
 44.580002 -0.901076 3.081921
 44.780002 -1.055447 2.945834
 44.980002 -0.785472 3.009976
 45.180002 -0.927883 2.827358
 45.380002 -0.364335 2.997899
 45.580002 -0.738342 2.923339
 45.780002 -0.385416 2.951905
 45.980002 -1.046648 3.034273
 46.180002 -0.978698 2.944642
 46.380002 -1.068928 -3.084849
 46.580002 -1.062202 2.994310
 46.780002 -0.882188 -2.997899
 46.980002 -0.895408 2.952033
 47.180002 -0.778511 3.134913
 47.380002 -0.851772 3.106090
 47.580002 -0.903669 2.839949
 47.780002 -0.978390 3.134817
 47.980002 -1.016451 2.755114
 48.180002 -0.919811 -3.089857
 48.380002 -0.782840 2.849657
 48.580002 -0.739843 -3.108993
 48.780002 -0.934898 3.045963
 48.980002 -0.804427 2.985278
 49.180002 -1.080456 -2.967799
 49.380002 -0.694924 2.775673
 49.580002 -1.051895 -2.983356
 49.780002 -0.833033 2.878514
 49.980002 -1.103589 3.081326
 50.180002 -0.740335 3.055881
 50.380002 -0.840208 2.887146
 50.580002 -0.681438 -3.080850
 50.780002 -0.835785 2.817880
 50.980002 -0.880197 -3.131023
 51.180002 -0.959410 2.930068
 51.380002 -1.112786 2.968424
 51.580002 -0.828792 3.112978
 51.780002 -0.802350 2.848870
 51.980002 -0.532404 -3.060345
 52.180002 -0.919218 2.968783
 52.380002 -0.872123 3.083150
 52.580002 -0.900003 -3.071647
 52.780003 -0.856141 2.815441
 52.980003 -1.108106 -2.753266
 53.180003 -0.829159 2.690541
 53.380003 -0.943059 -3.071319
 53.580003 -0.804889 3.081535
 53.780003 -0.654464 2.790217
 53.980003 -0.761579 -2.920616
 54.180003 -0.570586 2.584190
 54.380003 -1.034927 -3.011904
 54.580003 -0.861460 2.819307
 54.780003 -1.054401 2.914095
 54.980003 -0.871687 -3.099095
 55.180003 -0.894872 2.806371
 55.380003 -0.793678 -2.887754
 55.580003 -0.943556 2.795804
 55.780003 -0.930778 -3.122726
 55.980003 -0.915548 -3.108215
 56.180003 -0.813888 2.823362
 56.380003 -0.843824 -2.829034
 56.580003 -0.923845 2.835825
 56.780003 -0.779497 2.999981
 56.980003 -1.042354 3.077980
 57.180003 -0.672335 2.784978
 57.380003 -0.783095 -3.136702
 57.580003 -0.730420 2.940124
 57.780003 -0.829368 3.083154
 57.980003 -1.051564 3.023471
 58.180003 -1.030673 3.037418
 58.380003 -0.975734 2.882945
 58.580003 -1.066844 3.115367
 58.780003 -0.708517 2.971793
 58.980003 -0.669804 2.973273
 59.180003 -0.799810 3.135733
 59.380003 -0.714228 2.937048
 59.580003 -0.934145 2.975952
 59.780003 -0.934656 3.124180
 59.980003 -0.857056 2.645042
 60.180003 -0.780846 -2.949108
 60.380003 -0.917301 2.635090
 60.580003 -0.693972 -3.084502
 60.780003 -1.107464 3.026304
 60.980003 -0.838296 2.876304
 61.180003 -0.839716 -3.035268
 61.380003 -0.817324 2.791860
 61.580003 -0.847713 -2.922564
 61.780003 -0.813651 2.905171
 61.980003 -1.108803 3.044705
 62.180003 -0.829572 3.096601
 62.380003 -0.900844 2.809442
 62.580003 -0.879145 -3.019834
 62.780003 -0.687152 2.766504
 62.980003 -1.035091 -2.919360
 63.180003 -0.731784 2.819257
 63.380003 -1.021836 3.040190
 63.580003 -0.745830 2.896938
 63.780003 -0.841342 2.858834
 63.980003 -0.809370 3.085309
 64.180003 -0.757897 2.864247
 64.380003 -0.811784 3.027950
 64.580003 -1.030568 3.025676
 64.780003 -0.989109 3.060409
 64.980003 -1.085972 2.970826
 65.180003 -0.914828 3.083347
 65.380003 -0.793583 2.918676
 65.580003 -0.722923 3.077978
 65.780003 -0.765882 3.136129
 65.980003 -0.718261 2.926434
 66.180003 -0.988680 -3.022075
 66.380003 -0.834258 2.845356
 66.580003 -1.025690 -3.114401
 66.780003 -1.057233 2.906550
 66.980003 -0.786639 2.958459
 67.180003 -0.633240 2.933754
 67.380003 -0.674465 2.954490
 67.580003 -0.596604 2.945361
 67.780003 -0.736706 2.986268
 67.980003 -0.930966 2.968400
 68.180003 -0.995415 3.036688
 68.380003 -1.068816 2.868142
 68.580003 -1.048502 -3.044675
 68.780003 -0.940091 2.861864
 68.980003 -0.782222 -3.005386
 69.180003 -0.906465 2.897348
 69.380003 -0.623646 3.085768
 69.580003 -1.008706 3.028130
 69.780003 -0.659539 2.966974
 69.980003 -1.072202 3.079109
 70.180003 -0.851544 2.987923
 70.380003 -0.750822 2.998837
 70.580003 -0.919268 3.008621
 70.780003 -0.874257 3.036897
 70.980003 -0.920079 2.966034
 71.180003 -0.850834 3.049612
 71.380003 -0.854590 2.948423
 71.580003 -0.673232 2.918536
 71.780003 -0.854488 3.018822
 71.980003 -0.502756 2.808771
 72.180003 -0.869692 2.990407
 72.380003 -0.812978 2.983287
 72.580003 -0.913283 2.858640
 72.780003 -0.968607 -3.054503
 72.980003 -0.885261 2.839149
 73.180003 -0.899200 -3.039557
 73.380003 -0.961945 2.971515
 73.580003 -0.974601 -3.101450
 73.780004 -0.928046 3.013613
 73.980004 -0.929263 3.010568
 74.180004 -0.862174 3.073704
 74.380004 -0.880705 2.935827
 74.580004 -0.674807 3.091448
 74.780004 -0.737215 2.870392
 74.980004 -0.743032 3.024611
 75.180004 -0.869583 2.981684
 75.380004 -0.848345 2.944220
 75.580004 -0.927686 3.069827
 75.780004 -0.930175 2.933143
 75.980004 -0.870113 3.085495
 76.180004 -0.826145 2.976604
 76.380004 -0.857893 3.007708
 76.580004 -0.806093 3.053274
 76.780004 -0.887664 3.005170
 76.980004 -0.578720 2.927035
 77.180004 -1.025018 3.059793
 77.380004 -0.662875 2.801436
 77.580004 -0.865802 3.034432
 77.780004 -0.849562 2.959188
 77.980004 -0.697761 3.019511
 78.180004 -0.854494 2.972050
 78.380004 -0.664094 2.970515
 78.580004 -0.857863 2.966664
 78.780004 -0.962423 2.999124
 78.980004 -0.917996 3.041625
 79.180004 -0.981092 2.997949
 79.380004 -1.027176 3.107195
 79.580004 -0.852196 2.970601
 79.780004 -0.898043 3.047729
 79.980004 -0.773243 2.946251
 80.180004 -0.885863 3.027383
 80.380004 -0.864720 2.989503
 80.580004 -0.863059 2.966194
 80.780004 -0.759789 2.970248
 80.980004 -0.838200 2.983853
 81.180004 -0.822580 3.021909
 81.380004 -0.861985 3.052544
 81.580004 -0.837903 3.024281
 81.780004 -0.741927 2.965204
 81.980004 -0.891451 3.001698
 82.180004 -0.802716 2.938189
 82.380004 -0.967442 3.042884
 82.580004 -0.949596 3.091530
 82.780004 -0.825960 2.888626
 82.980004 -0.970502 3.121280
 83.180004 -0.793235 2.959570
 83.380004 -0.917008 2.857462
 83.580004 -0.868662 -3.033685
 83.780004 -0.987146 2.960461
 83.980004 -0.814071 3.076957
 84.180004 -0.936847 2.984687
 84.380004 -0.700402 2.812768
 84.580004 -1.006751 3.083817
 84.780004 -0.795381 2.843362
 84.980004 -0.886426 -3.106327
 85.180004 -0.753656 2.803006
 85.380004 -0.849932 -3.001565
 85.580004 -0.776880 2.792538
 85.780004 -1.090201 3.025535
 85.980004 -0.724634 3.059949
 86.180004 -1.040430 2.861945
 86.380004 -0.779590 -3.037584
 86.580004 -1.027500 2.942947
 86.780004 -0.953040 3.112511
 86.980004 -0.930286 2.892382
 87.180004 -0.770156 2.915782
 87.380004 -0.853970 -3.139631
 87.580004 -0.756068 2.849581
 87.780004 -0.971859 -3.103942
 87.980004 -0.805347 2.892440
 88.180004 -0.870499 2.971312
 88.380004 -1.006388 3.128488
 88.580004 -0.837983 2.825634
 88.780004 -0.786668 -3.091031
 88.980004 -0.785866 2.825943
 89.180004 -0.814607 2.980137
 89.380004 -0.869481 2.853404
 89.580004 -0.870165 3.001834
 89.780004 -0.737619 2.970246
 89.980004 -0.839098 2.984971
 90.180004 -0.889850 -3.049609
 90.380004 -0.753253 2.831380
 90.580004 -0.945601 -3.094609
 90.780004 -0.939724 2.924925
 90.980004 -0.915478 2.947821
 91.180004 -0.759370 3.115309
 91.380004 -0.867864 2.841686
 91.580004 -0.941348 -3.140361
 91.780004 -0.724875 2.762187
 91.980004 -0.794448 3.038552
 92.180004 -0.764226 2.920209
 92.380004 -0.787156 2.975398
 92.580004 -0.737142 2.921914
 92.780004 -0.857003 3.055818
 92.980004 -0.980180 2.988888
 93.180004 -0.992754 2.966541
 93.380004 -1.002428 -3.135912
 93.580004 -0.852389 2.905664
 93.780004 -0.864686 -3.080284
 93.980004 -0.803053 3.007764
 94.180004 -0.894371 -3.062580
 94.380004 -0.824725 3.067647
 94.580004 -0.946678 3.087462
 94.780005 -0.934251 3.107792
 94.980005 -0.836118 2.860939
 95.180005 -0.825048 -3.136874
 95.380005 -0.856052 2.825876
 95.580005 -0.829124 3.124322
 95.780005 -0.803295 2.752964
 95.980005 -0.787526 3.020674
 96.180005 -0.668604 2.891648
 96.380005 -0.687341 2.946504
 96.580005 -0.791674 3.055295
 96.780005 -0.939928 3.016318
 96.980005 -0.857347 3.072292
 97.180005 -1.144871 3.080783
 97.380005 -1.104213 2.920214
 97.580005 -0.933145 -3.019285
 97.780005 -1.023092 2.870446
 97.980005 -0.733500 3.136549
 98.180005 -0.947292 3.039906
 98.380005 -0.842066 3.033336
 98.580005 -0.930136 3.010014
 98.780005 -0.743223 2.752830
 98.980005 -0.834676 3.011695
 99.180005 -0.755078 2.950701
 99.380005 -0.777119 3.065081
 99.580005 -0.843056 2.887885
 99.780005 -0.929045 3.120217
 99.980005 -0.911381 2.896369
 100.180005 -1.052972 -3.112701
 100.380005 -1.024562 3.066905
 100.580005 -0.834882 2.909836
 100.780005 -1.032009 -3.066709
 100.980005 -0.745176 2.778401
 101.180005 -0.977160 -3.069021
 101.380005 -0.691951 2.732135
 101.580005 -0.878910 3.031847
 101.780005 -0.699005 2.922241
 101.980005 -0.792167 3.035529
 102.180005 -0.708135 2.906678
 102.380005 -0.962005 3.085447
 102.580005 -0.890919 3.003100
 102.780005 -0.934728 3.048685
 102.980005 -1.062015 3.064826
 103.180005 -0.833893 3.032894
 103.380005 -0.986620 2.968214
 103.580005 -0.738823 3.075868
 103.780005 -0.991631 3.068731
 103.980005 -0.925921 3.086254
 104.180005 -0.861499 2.976196
 104.380005 -0.965193 2.892513
 104.580005 -1.083206 2.983013
 104.780005 -0.754351 2.947792
 104.980005 -0.859115 2.948683
 105.180005 -0.706684 3.024495
 105.380005 -0.821118 2.869638
 105.580005 -0.816633 3.062708
 105.780005 -0.809285 2.786126
 105.980005 -0.962642 -3.056529
 106.180005 -0.915083 2.800520
 106.380005 -0.878426 3.131582
 106.580005 -0.925877 2.964308
 106.780005 -0.891200 3.123693
 106.980005 -0.834692 3.047754
 107.180005 -0.980225 3.065267
 107.380005 -0.732654 3.053207
 107.580005 -0.915272 2.791058
 107.780005 -0.811590 -2.959755
 107.980005 -0.901287 2.726789
 108.180005 -1.004035 -3.002780
 108.380005 -0.913107 2.730020
 108.580005 -0.948116 3.083006
 108.780005 -0.917039 3.120551
 108.980005 -0.735387 2.828260
 109.180005 -1.079255 -3.067216
 109.380005 -0.792940 2.827069
 109.580005 -0.923834 -3.136833
 109.780005 -0.791595 2.926422
 109.980005 -0.940881 3.123251
 110.180005 -0.744125 2.806186
 110.380005 -0.998846 3.064407
 110.580005 -0.615553 2.847258
 110.780005 -0.824358 3.056740
 110.980005 -0.756149 3.122367
 111.180005 -0.757678 2.930455
 111.380005 -0.872140 -3.080772
 111.580005 -0.828600 2.766853
 111.780005 -1.068732 -3.108273
 111.980005 -1.043457 2.899034
 112.180005 -0.934624 3.052966
 112.380005 -0.994815 2.902357
 112.580005 -0.817915 3.075261
 112.780005 -0.630957 2.903605
 112.980005 -0.826536 3.128557
 113.180005 -0.680502 2.959454
 113.380005 -0.906614 3.021914
 113.580005 -0.827826 3.073465
 113.780005 -0.840216 2.808242
 113.980005 -1.086607 -3.089693
 114.180005 -0.828036 2.822769
 114.380005 -0.894235 -3.114819
 114.580005 -0.869754 2.969916
 114.780005 -0.718090 3.033009
 114.980005 -0.888112 3.116404
 115.180005 -0.803947 2.891574
 115.380005 -0.939545 -3.065317
 115.580005 -1.060307 2.839478
 115.780005 -0.770475 3.117091
 115.980006 -0.937118 2.716175
 116.180006 -0.890321 -2.889783
 116.380006 -0.800187 2.698053
 116.580006 -0.875358 -3.071805
 116.780006 -0.862288 2.935592
 116.980006 -0.634355 2.878285
 117.180006 -0.784581 -3.089524
 117.380006 -0.677782 2.844744
 117.580006 -0.999797 -3.111107
 117.780006 -1.096135 2.864026
 117.980006 -1.115481 3.106946
 118.180006 -1.020865 2.966564
 118.380006 -0.780858 2.908253
 118.580006 -0.624872 2.990495
 118.780006 -0.697926 2.921121
 118.980006 -0.612326 2.967624
 119.180006 -0.911747 2.894465
 119.380006 -1.079790 3.025377
 119.580006 -0.972127 2.933881
 119.780006 -1.047083 2.965269
 119.980006 -0.812645 -3.116062
 120.180006 -0.720614 2.775827
 120.380006 -0.705751 -3.046352
 120.580006 -0.952156 2.921134
 120.780006 -0.962703 3.035778
 120.980006 -1.301017 -3.059807
 121.180006 -0.800945 2.840337
 121.380006 -1.085378 -2.974573
 121.580006 -0.615378 2.853211
 121.780006 -0.890533 -3.053003
 121.980006 -0.822955 2.944180
 122.180006 -0.876717 2.939338
 122.380006 -0.772248 3.016282
 122.580006 -0.792659 2.836707
 122.780006 -0.617722 2.986473
 122.980006 -0.783063 2.754882
 123.180006 -0.680779 3.080974
 123.380006 -0.931131 2.928123
 123.580006 -0.886839 2.993719
 123.780006 -0.813155 -3.074486
 123.980006 -0.958651 2.909319
 124.180006 -0.757464 -3.117106
 124.380006 -1.138874 3.043036
 124.580006 -0.940000 -3.137004
 124.780006 -1.186235 3.042854
 124.980006 -0.865636 3.123193
 125.180006 -0.945913 2.968804
 125.380006 -0.576037 3.048614
 125.580006 -0.895421 2.948631
 125.780006 -0.573394 2.897467
 125.980006 -1.038647 3.125126
 126.180006 -0.713706 2.935900
 126.380006 -0.784295 3.121642
 126.580006 -0.885463 2.982325
 126.780006 -0.724104 2.967021
 126.980006 -0.980472 2.992275
 127.180006 -0.908222 2.942670
 127.380006 -1.073061 2.994209
 127.580006 -0.936421 3.000411
 127.780006 -0.910213 3.054818
 127.980006 -0.714601 2.913385
 128.180006 -0.966724 -3.067397
 128.380006 -0.807267 2.744994
 128.580006 -1.053369 -3.053173
 128.780006 -1.113754 2.944582
 128.980006 -0.667262 2.933251
 129.180006 -0.969513 3.122588
 129.380006 -0.652706 2.822756
 129.580006 -0.889215 3.085599
 129.780006 -0.917822 2.918402
 129.980006 -0.956812 3.056189
 130.180006 -0.704400 2.816524
 130.380006 -0.974537 3.071191
 130.580006 -0.571157 2.918561
 130.780006 -0.924457 3.097903
 130.980006 -0.782557 2.949088
 131.180006 -1.047575 3.071783
 131.380006 -0.840395 2.932385
 131.580006 -1.166677 2.991277
 131.780006 -0.738086 3.062747
 131.980006 -0.845171 2.868322
 132.180006 -0.794235 -3.034735
 132.380006 -0.673189 2.754551
 132.580006 -1.226354 3.081771
 132.780006 -0.735967 2.883799
 132.980006 -1.163177 2.827923
 133.180006 -0.583254 -2.833084
 133.380006 -0.760631 2.764674
 133.580006 -0.642272 3.034063
 133.780006 -0.792958 -3.101404
 133.980006 -0.762361 2.782189
 134.180006 -0.729909 -2.933989
 134.380006 -0.895137 2.724171
 134.580006 -0.891344 3.115661
 134.780006 -1.074756 2.880961
 134.980006 -0.881842 2.983902
 135.180006 -0.976050 3.119973
 135.380006 -0.735536 2.907465
 135.580006 -0.887857 -2.957144
 135.780006 -0.804969 2.878905
 135.980006 -0.983258 2.999422
 136.180006 -0.842189 2.909783
 136.380006 -1.001766 2.923183
 136.580006 -0.834337 -3.086092
 136.780006 -0.882154 2.876967
 136.980007 -0.771487 -2.986306
 137.180007 -0.960530 2.940280
 137.380007 -0.836313 2.975996
 137.580007 -1.038692 -3.125892
 137.780007 -0.955154 2.800219
 137.980007 -0.839754 -2.950428
 138.180007 -1.025464 2.823500
 138.380007 -0.745697 -3.080719
 138.580007 -1.015529 2.788513
 138.780007 -0.673259 3.102750
 138.980007 -0.922893 2.908175
 139.180007 -0.634453 2.975255
 139.380007 -0.733844 3.002569
 139.580007 -0.825536 2.856355
 139.780007 -0.834431 -3.015356
 139.980007 -1.020942 2.873821
 140.180007 -0.871344 -3.080633
 140.380007 -0.973955 2.931599
 140.580007 -0.867890 3.018763
 140.780007 -1.025096 3.067053
 140.980007 -0.690380 2.779812
 141.180007 -0.827776 -3.136594
 141.380007 -0.680462 2.815092
 141.580007 -0.870298 3.105600
 141.780007 -0.828755 2.975335
 141.980007 -0.970599 2.945294
 142.180007 -0.881552 -3.139686
 142.380007 -0.924694 2.818177
 142.580007 -0.824366 -3.046586
 142.780007 -0.761101 2.800440
 142.980007 -0.837747 -3.038810
 143.180007 -0.665123 2.877489
 143.380007 -0.839300 3.043146
 143.580007 -0.643504 2.955718
 143.780007 -0.778470 2.834944
 143.980007 -0.969164 -3.060809
 144.180007 -0.923433 2.844788
 144.380007 -1.061000 -3.071246
 144.580007 -0.940296 2.933840
 144.780007 -0.940537 3.134065
 144.980007 -0.859710 2.824611
 145.180007 -0.966086 -3.117656
 145.380007 -0.787618 2.886171
 145.580007 -0.970776 -3.084915
 145.780007 -0.844336 3.008952
 145.980007 -0.709212 3.007573
 146.180007 -0.748581 3.097754
 146.380007 -0.753384 2.849819
 146.580007 -0.862056 3.113469
 146.780007 -0.899481 2.830289
 146.980007 -0.745639 2.923646
 147.180007 -0.941287 3.069411
 147.380007 -0.641852 2.926985
 147.580007 -0.786568 3.062165
 147.780007 -0.775189 2.985944
 147.980007 -0.800999 -3.140607
 148.180007 -0.982937 2.990463
 148.380007 -0.908744 3.007054
 148.580007 -1.013512 -3.072404
 148.780007 -0.906438 2.887978
 148.980007 -0.935983 -3.019063
 149.180007 -0.998213 2.992433
 149.380007 -0.902363 3.009566
 149.580007 -1.010238 3.038675
 149.780007 -0.615430 2.684669
 149.980007 -0.687273 3.093352
 150.180007 -0.897274 2.863546
 150.380007 -0.872905 -3.128103
 150.580007 -1.087319 2.960654
 150.780007 -1.047291 3.122278
 150.980007 -1.155889 3.067431
 151.180007 -0.929465 3.137962
 151.380007 -0.823804 3.000083
 151.580007 -0.686997 -3.132762
 151.780007 -0.639885 3.037619
 151.980007 -0.832889 2.993020
 152.180007 -0.875893 3.015082
 152.380007 -1.168032 3.006677
 152.580007 -0.977816 2.950285
 152.780007 -1.081252 3.029628
 152.980007 -0.695661 2.938156
 153.180007 -0.593423 3.015902
 153.380007 -0.716020 2.904172
 153.580007 -0.805899 3.122735
 153.780007 -1.009276 3.006965
 153.980007 -0.965909 3.080403
 154.180007 -1.291658 3.129136
 154.380007 -0.961240 3.040966
 154.580007 -0.863546 3.057337
 154.780007 -0.764553 3.006169
 154.980007 -0.644788 2.964234
 155.180007 -0.605539 2.906531
 155.380007 -0.640114 2.849308
 155.580007 -0.886535 2.958896
 155.780007 -0.879205 2.966756
 155.980007 -1.032464 -3.118160
 156.180007 -1.035729 3.048156
 156.380007 -0.809251 3.038591
 156.580007 -0.999201 -3.127711
 156.780007 -0.759760 2.954679
 156.980007 -0.772408 3.107424
 157.180007 -0.796913 2.840418
 157.380007 -0.892246 -3.093278
 157.580007 -0.769129 2.858587
 157.780007 -0.779053 3.025201
 157.980008 -0.886006 2.994213
 158.180008 -0.776681 2.978473
 158.380008 -0.686155 3.020296
 158.580008 -0.701338 2.868475
 158.780008 -0.697352 -3.135175
 158.980008 -0.955773 2.916928
 159.180008 -1.045830 -3.106590
 159.380008 -1.118691 3.009996
 159.580008 -1.055361 3.030315
 159.780008 -1.129517 -3.095056
 159.980008 -0.751274 2.820731
 160.180008 -0.928971 -3.022043
 160.380008 -0.710917 2.854709
 160.580008 -0.875318 -3.099614
 160.780008 -0.806125 2.903154
 160.980008 -0.851105 2.873748
 161.180008 -0.654916 3.137820
 161.380008 -0.718601 2.588059
 161.580008 -0.635977 -2.998076
 161.780008 -0.898024 2.797458
 161.980008 -0.959429 -3.108572
 162.180008 -1.007448 3.111006
 162.380008 -0.922864 2.908041
 162.580008 -0.878372 -3.070181
 162.780008 -0.986647 2.974166
 162.980008 -0.779776 3.137325
 163.180008 -0.958886 2.960567
 163.380008 -0.872587 3.037072
 163.580008 -0.954925 3.008557
 163.780008 -0.763359 2.853943
 163.980008 -0.821692 3.011705
 164.180008 -0.554886 2.816326
 164.380008 -0.911018 3.129696
 164.580008 -0.732423 2.893543
 164.780008 -1.103620 2.938049
 164.980008 -1.025029 -3.040395
 165.180008 -0.960173 2.672976
 165.380008 -1.048138 -2.642906
 165.580008 -1.031813 2.810519
 165.780008 -0.904235 -3.015875
 165.980008 -0.884033 3.101820
 166.180008 -0.680498 2.926869
 166.380008 -0.790953 3.138855
 166.580008 -0.892703 2.824212
 166.780008 -0.875568 3.099882
 166.980008 -1.065548 2.942005
 167.180008 -0.828170 2.889861
 167.380008 -1.011025 3.046017
 167.580008 -0.811385 2.864672
 167.780008 -0.642741 3.107486
 167.980008 -0.718982 2.936482
 168.180008 -0.693065 3.080733
 168.380008 -0.878858 3.009169
 168.580008 -0.891890 2.958241
 168.780008 -1.089243 -3.088932
 168.980008 -0.950474 2.840062
 169.180008 -0.981090 -2.970787
 169.380008 -0.702867 2.758291
 169.580008 -0.890455 -3.127808
 169.780008 -0.813570 3.081239
 169.980008 -0.925984 2.947327
 170.180008 -0.851119 -3.036880
 170.380008 -0.936382 2.814944
 170.580008 -1.015027 -3.104513
 170.780008 -0.805018 2.888281
 170.980008 -0.912507 2.959713
 171.180008 -0.673723 3.044254
 171.380008 -0.802849 2.896297
 171.580008 -0.622212 -3.141408
 171.780008 -0.915928 2.890826
 171.980008 -0.881401 3.101412
 172.180008 -1.053360 2.953062
 172.380008 -0.781884 2.885043
 172.580008 -0.971216 -3.141112
 172.780008 -0.594991 2.883155
 172.980008 -0.943165 -3.098442
 173.180008 -0.880226 2.912447
 173.380008 -1.035163 3.096555
 173.580008 -0.969200 2.988961
 173.780008 -1.011460 2.972964
 173.980008 -0.889915 3.098795
 174.180008 -0.884948 2.969315
 174.380008 -0.766410 -3.134457
 174.580008 -0.935165 2.951758
 174.780008 -0.610378 3.066255
 174.980008 -0.841043 2.949912
 175.180008 -0.664743 2.878943
 175.380008 -0.825501 3.056985
 175.580008 -0.653889 2.772212
 175.780008 -0.861057 -3.097348
 175.980008 -0.826612 2.847113
 176.180008 -0.599083 3.034139
 176.380008 -0.965513 3.016181
 176.580008 -0.859696 2.947649
 176.780008 -1.118335 -3.106012
 176.980008 -0.858551 2.856606
 177.180008 -1.197770 3.104296
 177.380008 -0.787952 2.914109
 177.580008 -0.910132 2.951017
 177.780008 -0.617957 3.030508
 177.980008 -0.656551 2.979774
 178.180008 -0.805234 2.991260
 178.380008 -0.907342 2.957067
 178.580008 -1.058803 2.925884
 178.780008 -0.848623 2.888032
 178.980009 -0.818568 3.100073
 179.180009 -0.659245 2.932225
 179.380009 -0.867503 3.049672
 179.580009 -0.652813 2.984348
 179.780009 -0.988386 2.950277
 179.980009 -0.801230 3.091110
 180.180009 -1.043328 2.910029
 180.380009 -0.813712 -3.086745
 180.580009 -1.010035 2.932791
 180.780009 -0.730452 -3.086958
 180.980009 -1.071740 3.086552
 181.180009 -0.825129 3.106434
 181.380009 -0.904727 3.063217
 181.580009 -0.885087 2.915323
 181.780009 -0.926966 -3.037957
 181.980009 -0.545295 2.733012
 182.180009 -0.826978 3.085151
 182.380009 -0.736063 2.961753
 182.580009 -0.791877 2.809137
 182.780009 -0.857822 3.137751
 182.980009 -0.734949 2.767725
 183.180009 -0.934324 -2.998701
 183.380009 -0.903088 2.977009
 183.580009 -0.980724 -3.134832
 183.780009 -0.956003 3.093512
 183.980009 -1.088188 2.928428
 184.180009 -0.809858 -2.992264
 184.380009 -0.902612 2.825505
 184.580009 -0.593556 -3.114364
 184.780009 -0.971037 2.937509
 184.980009 -0.625084 2.914525
 185.180009 -1.049126 3.135327
 185.380009 -0.820283 2.802347
 185.580009 -0.861613 -3.048221
 185.780009 -0.898284 2.792300
 185.980009 -0.766134 3.137385
 186.180009 -0.967166 3.092701
 186.380009 -0.825138 2.897767
 186.580009 -0.749487 3.107086
 186.780009 -0.793119 2.946990
 186.980009 -0.834142 -3.073553
 187.180009 -0.849171 2.895383
 187.380009 -1.088821 -3.055539
 187.580009 -0.853328 2.921762
 187.780009 -0.982035 2.953031
 187.980009 -0.787514 -3.067920
 188.180009 -0.745987 2.860344
 188.380009 -0.834570 -3.047809
 188.580009 -0.804493 2.848184
 188.780009 -0.794323 2.939457
 188.980009 -0.978387 3.104195
 189.180009 -0.798016 2.874751
 189.380009 -0.798048 3.120620
 189.580009 -0.932723 2.921094
 189.780009 -0.714837 3.065377
 189.980009 -0.897281 2.974980
 190.180009 -0.850732 2.991140
 190.380009 -0.879480 3.090992
 190.580009 -0.797768 2.901525
 190.780009 -0.907392 -2.983481
 190.980009 -0.666733 2.880679
 191.180009 -0.965495 -3.118417
 191.380009 -0.740863 3.024361
 191.580009 -0.902114 2.861219
 191.780009 -0.977220 -3.067896
 191.980009 -1.022057 2.831411
 192.180009 -0.829125 -3.090419
 192.380009 -0.991568 2.891759
 192.580009 -0.935737 3.112096
 192.780009 -0.804292 2.906841
 192.980009 -0.878779 2.994381
 193.180009 -0.780084 3.092935
 193.380009 -0.807519 2.842631
 193.580009 -0.874987 -3.123322
 193.780009 -0.701361 2.822162
 193.980009 -0.849591 3.015899
 194.180009 -0.797622 2.910340
 194.380009 -0.823568 2.919907
 194.580009 -0.819148 2.987242
 194.780009 -0.890402 2.945701
 194.980009 -0.793903 2.999443
 195.180009 -0.901373 2.995651
 195.380009 -0.991730 3.067566
 195.580009 -0.905627 3.007554
 195.780009 -1.042796 3.060937
 195.980009 -0.857578 2.951016
 196.180009 -0.898516 3.004983
 196.380009 -0.796093 3.070709
 196.580009 -0.812116 2.990951
 196.780009 -0.758024 3.076306
 196.980009 -0.840433 3.072567
 197.180009 -0.945058 3.027263
 197.380009 -1.052867 3.079037
 197.580009 -0.937754 2.944402
 197.780009 -0.825974 3.114002
 197.980009 -0.801898 2.926442
 198.180009 -0.657526 3.132181
 198.380009 -0.812937 2.976337
 198.580009 -0.914065 3.036721
 198.780009 -0.951917 2.978875
 198.980009 -0.882093 3.012340
 199.180009 -0.959152 2.970946
 199.380009 -0.951034 2.964371
 199.580009 -0.866417 3.128522
 199.780009 -0.672251 2.934928
 199.980009 -0.923361 -3.129469
