#! FIELDS time phi psi
#! SET max_psi pi
 0.180000 2.136788 1.911321
 0.380000 2.735829 2.877225
 0.580000 1.661064 2.404687
 0.780000 2.023612 2.648394
 0.980000 2.185807 3.052370
 1.180000 2.484492 1.946770
 1.380000 2.345504 3.080522
 1.580000 1.895095 2.272441
 1.780000 1.994829 2.795233
 1.980000 2.657652 2.838803
 2.180000 2.052695 2.448779
 2.380000 1.802868 3.065848
 2.580000 2.339805 2.252296
 2.780000 2.428194 3.140191
 2.980000 2.367847 2.403681
 3.180000 1.627915 3.086016
 3.380000 1.699681 2.502348
 3.580000 2.360006 2.499065
 3.780000 2.238818 2.704512
 3.980000 2.144824 2.381976
 4.180000 1.966806 3.037612
 4.380000 2.045277 2.156130
 4.580000 2.384663 2.903693
 4.780000 2.282143 2.477080
 4.980000 1.989181 2.884996
 5.180000 2.225547 2.899328
 5.380000 2.028278 2.440145
 5.580000 2.272074 2.802208
 5.780000 2.264923 2.410414
 5.980000 1.866828 3.060240
 6.180000 2.250353 2.361656
 6.380000 1.989248 3.062978
 6.580000 2.549666 2.350700
 6.780000 2.282051 2.848964
 6.980000 1.573149 2.561162
 7.180000 2.157574 2.553614
 7.380000 2.590441 2.886019
 7.580000 2.128468 2.444627
 7.780000 1.804183 3.041473
 7.980000 2.045251 2.483043
 8.180000 2.551254 2.878431
 8.380000 2.451845 2.621044
 8.580000 1.678897 2.678143
 8.780000 2.098518 2.848860
 8.980000 2.445366 2.562822
 9.180000 2.303539 2.849281
 9.380000 2.016257 2.492774
 9.580000 1.854798 2.861109
 9.780000 2.397160 2.560508
 9.980000 2.423526 2.631327
 10.180000 2.094872 2.777377
 10.380000 1.975885 2.500994
 10.580001 2.097998 2.901063
 10.780001 2.079030 2.443760
 10.980001 2.397473 2.838180
 11.180001 2.526941 2.516966
 11.380001 2.157373 2.875959
 11.580001 2.214600 2.600735
 11.780001 2.069000 2.903639
 11.980001 2.232026 2.588658
 12.180001 2.516933 2.689879
 12.380001 1.982484 2.635641
 12.580001 2.041615 2.517480
 12.780001 1.959766 2.797709
 12.980001 2.340299 2.456249
 13.180001 2.256034 2.869484
 13.380001 2.122071 2.426876
 13.580001 2.042204 2.756790
 13.780001 1.948703 2.600426
 13.980001 2.412911 2.682333
 14.180001 2.447947 2.885380
 14.380001 2.110254 2.514521
 14.580001 1.913283 2.905487
 14.780001 2.023926 2.514603
 14.980001 2.182957 2.886447
 15.180001 2.444809 2.534483
 15.380001 2.230720 2.759252
 15.580001 2.057896 2.690209
 15.780001 1.962751 2.362182
 15.980001 2.079723 -3.127153
 16.180001 2.340368 2.337677
 16.380001 2.344601 3.074039
 16.580001 2.326781 2.478887
 16.780001 2.259300 2.771418
 16.980001 2.278323 2.725197
 17.180001 2.274210 2.545875
 17.380001 2.056204 2.818490
 17.580001 2.278139 2.518264
 17.780001 2.453730 2.965040
 17.980001 2.199758 2.386674
 18.180001 2.322644 2.902701
 18.380001 2.058622 2.449219
 18.580001 2.284059 3.045422
 18.780001 2.474837 2.644972
 18.980001 2.172345 2.794692
 19.180001 2.187792 2.736668
 19.380001 2.123692 2.650054
 19.580001 2.333411 2.948223
 19.780001 2.376469 2.431133
 19.980001 2.127559 2.970644
 20.180001 2.207202 2.289347
 20.380001 2.132001 2.812658
 20.580001 2.140857 2.490530
 20.780001 2.313806 2.696519
 20.980001 2.090691 2.680616
 21.180001 2.182056 2.323693
 21.380001 2.209944 3.002500
 21.580001 2.270617 2.135299
 21.780001 2.269698 3.113211
 21.980001 2.102629 2.508226
 22.180001 2.135990 2.736909
 22.380001 2.290612 2.815525
 22.580001 2.307808 2.446749
 22.780001 2.024079 3.010112
 22.980001 2.350973 2.475140
 23.180001 2.305512 2.883518
 23.380001 2.273977 2.435032
 23.580001 2.227352 2.814265
 23.780001 2.062166 2.629323
 23.980001 2.022103 2.566262
 24.180001 1.996491 2.901237
 24.380001 2.489956 2.348036
 24.580001 2.406187 2.893051
 24.780001 2.172963 2.463751
 24.980001 1.923986 2.780547
 25.180001 2.175483 2.721330
 25.380001 2.222371 2.604710
 25.580001 2.174201 2.914937
 25.780001 2.421374 2.516449
 25.980001 1.999286 2.806799
 26.180001 2.362726 2.614756
 26.380001 2.216267 2.821265
 26.580001 2.552614 2.496824
 26.780001 2.447329 2.988393
 26.980001 1.759335 2.478161
 27.180001 2.030004 2.775092
 27.380001 2.170349 2.626221
 27.580001 2.572882 2.504933
 27.780001 2.441608 3.003443
 27.980001 1.878147 2.396775
 28.180001 2.101945 3.018906
 28.380001 2.108270 2.483996
 28.580001 2.506427 2.828226
 28.780001 2.531883 2.627896
 28.980001 1.707202 2.848071
 29.180001 2.009799 2.764173
 29.380001 2.200331 2.701204
 29.580001 2.468893 2.816791
 29.780001 2.481369 2.479196
 29.980001 1.819020 2.637401
 30.180001 2.045851 2.747182
 30.380001 2.124681 2.621307
 30.580001 2.399756 2.643842
 30.780001 2.345984 2.689851
 30.980001 1.803877 2.543552
 31.180001 2.152369 2.773099
 31.380001 2.704559 2.463271
 31.580001 2.207397 2.849484
 31.780002 2.083261 2.783764
 31.980002 1.676780 2.684092
 32.180002 2.437690 2.796170
 32.380002 2.854115 2.563437
 32.580002 2.007669 2.704478
 32.780002 1.787894 2.550768
 32.980002 2.238475 2.800672
 33.180002 2.531743 2.680151
 33.380002 2.234946 2.921074
 33.580002 1.793609 2.593114
 33.780002 2.160408 2.779378
 33.980002 2.739292 2.697662
 34.180002 2.289239 2.668445
 34.380002 1.874357 2.862475
 34.580002 1.900159 2.528603
 34.780002 2.478463 2.866407
 34.980002 2.511979 2.370201
 35.180002 1.796501 2.739803
 35.380002 1.851602 2.664606
 35.580002 2.348444 2.481784
 35.780002 2.694548 2.871202
 35.980002 2.071177 2.571468
 36.180002 1.610542 2.949687
 36.380002 2.447147 2.468878
 36.580002 2.667097 2.678861
 36.780002 1.813559 2.679298
 36.980002 2.029240 2.623054
 37.180002 2.444573 2.933358
 37.380002 2.653690 2.480194
 37.580002 2.035739 2.972324
 37.780002 1.635639 2.344411
 37.980002 2.365514 2.825417
 38.180002 2.593426 2.607999
 38.380002 1.926459 2.701704
 38.580002 1.640603 2.827548
 38.780002 2.281821 2.510146
 38.980002 2.568836 2.749610
 39.180002 1.806129 2.504205
 39.380002 1.965935 2.866418
 39.580002 2.224473 2.550937
 39.780002 2.738618 2.787544
 39.980002 1.904547 2.801318
 40.180002 1.687186 2.551866
 40.380002 2.543440 2.981322
 40.580002 2.786030 2.471112
 40.780002 1.963860 2.993671
 40.980002 1.791898 2.501828
 41.180002 2.200433 2.756864
 41.380002 2.641112 2.562746
 41.580002 2.092365 2.562768
 41.780002 1.856373 2.832031
 41.980002 2.036397 2.512428
 42.180002 2.712850 2.802280
 42.380002 2.113103 2.525311
 42.580002 1.751752 2.708550
 42.780002 2.031871 2.646985
 42.980002 2.496037 2.422013
 43.180002 2.369921 2.960764
 43.380002 1.957794 2.417085
 43.580002 1.677082 2.900283
 43.780002 2.333452 2.526701
 43.980002 2.580300 2.724838
 44.180002 2.357164 2.745080
 44.380002 1.972118 2.524116
 44.580002 1.904287 2.964696
 44.780002 2.092235 2.441982
 44.980002 2.418861 3.011300
 45.180002 2.454550 2.376374
 45.380002 1.875183 2.945264
 45.580002 2.032477 2.585656
 45.780002 2.403658 2.656069
 45.980002 2.473105 2.797955
 46.180002 1.990736 2.519657
 46.380002 1.784396 2.921349
 46.580002 2.295792 2.509362
 46.780002 2.555877 2.620676
 46.980002 2.081058 2.608686
 47.180002 1.809133 2.621485
 47.380002 2.003232 2.757482
 47.580002 2.756165 2.551256
 47.780002 2.479234 2.821120
 47.980002 1.597202 2.529181
 48.180002 2.038446 2.952254
 48.380002 2.635106 2.550381
 48.580002 2.367335 2.865866
 48.780002 2.164175 2.677058
 48.980002 1.728681 2.708909
 49.180002 2.744817 2.631674
 49.380002 2.146338 2.587253
 49.580002 1.574643 2.702421
 49.780002 2.485654 2.453219
 49.980002 2.556220 2.703755
 50.180002 1.808137 2.550013
 50.380002 1.906625 2.794104
 50.580002 2.255401 2.590027
 50.780002 2.443359 2.728112
 50.980002 2.371110 2.769887
 51.180002 2.009707 2.644842
 51.380002 1.991375 2.797761
 51.580002 2.444554 2.570241
 51.780002 2.555764 2.936287
 51.980002 2.136624 2.561092
 52.180002 1.835813 2.761778
 52.380002 1.965191 2.696638
 52.580002 2.593243 2.699062
 52.780003 2.423506 2.709882
 52.980003 1.845955 2.574436
 53.180003 1.901016 2.739436
 53.380003 2.345810 2.512231
 53.580003 2.436399 2.861105
 53.780003 2.150450 2.637671
 53.980003 1.801730 2.592712
 54.180003 2.146448 2.801645
 54.380003 2.502428 2.546303
 54.580003 2.133809 2.841877
 54.780003 2.110167 2.673273
 54.980003 1.850481 2.787469
 55.180003 2.550951 2.663023
 55.380003 2.573063 2.859767
 55.580003 1.977964 2.533519
 55.780003 2.008870 2.814487
 55.980003 2.045282 2.694834
 56.180003 2.371852 2.598555
 56.380003 2.428696 2.906717
 56.580003 2.172493 2.525346
 56.780003 1.810587 2.925493
 56.980003 2.190125 2.430496
 57.180003 2.231647 2.779147
 57.380003 2.553347 2.486737
 57.580003 2.097739 2.806930
 57.780003 2.017068 2.673074
 57.980003 2.225543 2.684427
 58.180003 2.285764 2.729398
 58.380003 2.517593 2.750291
 58.580003 2.033857 2.747715
 58.780003 1.994461 2.742435
 58.980003 2.425078 2.781162
 59.180003 2.413098 2.727810
 59.380003 2.227752 2.892248
 59.580003 1.929722 2.649304
 59.780003 2.058610 2.799924
 59.980003 2.520650 2.540043
 60.180003 2.271432 2.596296
 60.380003 2.055879 2.728980
 60.580003 1.990748 2.516616
 60.780003 2.132766 2.950773
 60.980003 2.455991 2.343743
 61.180003 2.239533 2.949474
 61.380003 1.919833 2.553916
 61.580003 2.038135 2.860575
 61.780003 2.430710 2.670246
 61.980003 2.588320 2.685770
 62.180003 2.139874 2.692040
 62.380003 1.778922 2.572158
 62.580003 1.988361 2.836215
 62.780003 2.515411 2.515896
 62.980003 2.610256 2.831121
 63.180003 2.015338 2.405236
 63.380003 1.970990 2.933037
 63.580003 2.069359 2.480830
 63.780003 2.545262 2.826045
 63.980003 2.489686 2.621632
 64.180003 1.737498 2.674544
 64.380003 1.915642 2.778470
 64.580003 2.310704 2.543396
 64.780003 2.621622 2.939292
 64.980003 2.097172 2.539135
 65.180003 1.736140 2.753066
 65.380003 2.255635 2.591169
 65.580003 2.529191 2.754330
 65.780003 2.344932 2.691258
 65.980003 2.050617 2.715550
 66.180003 1.834024 2.723354
 66.380003 2.199015 2.586501
 66.580003 2.254934 2.678183
 66.780003 2.355334 2.669283
 66.980003 2.049249 2.745793
 67.180003 2.102567 2.848988
 67.380003 2.528243 2.660338
 67.580003 2.190695 2.831679
 67.780003 2.195239 2.624481
 67.980003 1.815979 2.715518
 68.180003 2.337939 2.677256
 68.380003 2.469613 2.751306
 68.580003 1.985105 2.573532
 68.780003 2.079726 2.775898
 68.980003 1.945077 2.623290
 69.180003 2.422021 2.533206
 69.380003 2.409108 2.675941
 69.580003 1.698377 2.588252
 69.780003 2.224731 2.703908
 69.980003 2.404854 2.504258
 70.180003 2.352671 2.720855
 70.380003 2.138968 2.704499
 70.580003 1.636368 2.674443
 70.780003 2.416659 2.763409
 70.980003 2.551971 2.671165
 71.180003 2.370556 2.780623
 71.380003 1.978113 2.756983
 71.580003 1.791404 2.571918
 71.780003 2.234885 2.825952
 71.980003 2.422370 2.583306
 72.180003 2.322059 2.829311
 72.380003 2.107755 2.592213
 72.580003 2.113132 2.833366
 72.780003 2.295379 2.515718
 72.980003 2.271602 2.681856
 73.180003 2.038067 2.695628
 73.380003 1.989621 2.664221
 73.580003 2.032013 2.805269
 73.780004 2.298226 2.611527
 73.980004 2.248462 2.791687
 74.180004 2.188139 2.501985
 74.380004 2.167629 2.933147
 74.580004 2.172285 2.525774
 74.780004 2.402975 2.835997
 74.980004 2.442308 2.682475
 75.180004 2.290360 2.543141
 75.380004 2.199069 2.899398
 75.580004 2.046108 2.596349
 75.780004 2.311679 2.871030
 75.980004 2.478154 2.538807
 76.180004 2.264783 2.857919
 76.380004 2.294805 2.624737
 76.580004 1.911901 2.794095
 76.780004 2.288504 2.722504
 76.980004 2.381079 2.637492
 77.180004 2.224009 2.723057
 77.380004 2.251764 2.500730
 77.580004 1.868336 2.825882
 77.780004 2.703875 2.583732
 77.980004 2.414863 2.798682
 78.180004 2.102435 2.519972
 78.380004 2.077198 2.783313
 78.580004 1.744802 2.546268
 78.780004 2.404667 2.717942
 78.980004 2.266735 2.754733
 79.180004 2.448890 2.605090
 79.380004 2.517464 2.948431
 79.580004 2.273939 2.566353
 79.780004 2.278612 2.928409
 79.980004 2.360080 2.537901
 80.180004 2.142011 2.810281
 80.380004 1.962226 2.721496
 80.580004 2.071801 2.632575
 80.780004 2.434101 2.916693
 80.980004 2.335970 2.504149
 81.180004 2.165337 2.718897
 81.380004 2.014073 2.664749
 81.580004 2.121682 2.712670
 81.780004 2.354259 2.706361
 81.980004 2.267101 2.703837
 82.180004 2.218922 2.604684
 82.380004 1.953733 2.636052
 82.580004 1.908348 2.649490
 82.780004 2.268661 2.765923
 82.980004 2.396325 2.694373
 83.180004 2.364029 2.580009
 83.380004 2.063460 2.689943
 83.580004 1.965582 2.634103
 83.780004 2.196640 2.761769
 83.980004 2.437127 2.448327
 84.180004 2.246580 2.905304
 84.380004 1.982101 2.655119
 84.580004 1.905507 2.567304
 84.780004 2.385329 2.988285
 84.980004 2.612578 2.401283
 85.180004 2.099510 3.123664
 85.380004 1.904415 2.308665
 85.580004 2.068334 2.982963
 85.780004 2.333654 2.444239
 85.980004 2.342730 2.694016
 86.180004 2.115073 2.749524
 86.380004 2.083782 2.564609
 86.580004 2.156483 2.972982
 86.780004 2.395272 2.365368
 86.980004 2.192465 3.029675
 87.180004 2.150388 2.467154
 87.380004 1.950736 2.811349
 87.580004 2.368099 2.698208
 87.780004 2.459885 2.535447
 87.980004 2.112434 2.815123
 88.180004 2.262987 2.562646
 88.380004 1.750661 2.953070
 88.580004 2.238765 2.529999
 88.780004 2.368520 2.774508
 88.980004 2.243369 2.456391
 89.180004 2.227452 2.740713
 89.380004 1.935776 2.700749
 89.580004 2.350056 2.743585
 89.780004 2.500935 2.834980
 89.980004 2.381722 2.538764
 90.180004 2.185687 2.806537
 90.380004 1.945600 2.626546
 90.580004 2.236061 2.675762
 90.780004 2.501049 2.896119
 90.980004 2.395882 2.553528
 91.180004 2.269339 2.815766
 91.380004 2.059578 2.534232
 91.580004 2.249178 2.838383
 91.780004 2.501786 2.685241
 91.980004 2.248560 2.627227
 92.180004 2.216505 2.722221
 92.380004 2.005396 2.480082
 92.580004 2.356253 2.890884
 92.780004 2.096350 2.549033
 92.980004 2.172913 2.943895
 93.180004 2.272643 2.513448
 93.380004 2.160789 2.708816
 93.580004 2.255941 2.737612
 93.780004 2.049192 2.679466
 93.980004 2.207442 2.793429
 94.180004 2.131883 2.618232
 94.380004 2.142854 2.669376
 94.580004 2.236723 2.540875
 94.780005 2.206949 2.721432
 94.980005 2.294200 2.670575
 95.180005 1.984888 2.683321
 95.380005 2.209347 2.647226
 95.580005 2.045715 2.605217
 95.780005 2.371803 2.862034
 95.980005 2.399035 2.628119
 96.180005 2.158386 2.812384
 96.380005 2.411782 2.687016
 96.580005 2.222798 2.686840
 96.780005 2.312017 2.738302
 96.980005 2.229634 2.722136
 97.180005 2.235895 2.704091
 97.380005 2.458750 2.770549
 97.580005 2.120624 2.749230
 97.780005 2.264181 2.760952
 97.980005 2.354990 2.696533
 98.180005 2.259890 2.565327
 98.380005 2.353305 2.684395
 98.580005 2.030976 2.611340
 98.780005 2.219105 2.698879
 98.980005 2.123416 2.784682
 99.180005 2.260185 2.577368
 99.380005 2.458798 2.769218
 99.580005 2.082061 2.587305
 99.780005 2.240609 2.706530
 99.980005 2.221538 2.703105
 100.180005 2.175215 2.676364
 100.380005 2.402505 2.806299
 100.580005 2.152943 2.597636
 100.780005 2.190751 2.785698
 100.980005 2.311736 2.667912
 101.180005 2.202183 2.700299
 101.380005 2.432673 2.876426
 101.580005 2.015772 2.675090
 101.780005 2.199396 2.797922
 101.980005 2.347819 2.663361
 102.180005 2.317755 2.645582
 102.380005 2.493769 2.749975
 102.580005 2.016902 2.565873
 102.780005 2.209446 2.828288
 102.980005 2.280742 2.598666
 103.180005 2.328653 2.796442
 103.380005 2.340934 2.651553
 103.580005 1.942771 2.663768
 103.780005 2.123510 2.712435
 103.980005 2.212257 2.621426
 104.180005 2.526899 2.704010
 104.380005 2.378513 2.709591
 104.580005 1.878720 2.606469
 104.780005 2.037781 2.682539
 104.980005 2.257191 2.654578
 105.180005 2.408300 2.709742
 105.380005 2.351438 2.801931
 105.580005 1.977754 2.578412
 105.780005 1.955290 2.853303
 105.980005 2.287207 2.566011
 106.180005 2.415324 2.638183
 106.380005 2.319096 2.733489
 106.580005 1.939593 2.698219
 106.780005 2.120528 2.804504
 106.980005 2.280859 2.601013
 107.180005 2.291067 2.798820
 107.380005 2.125352 2.500781
 107.580005 1.909976 2.865615
 107.780005 2.172435 2.538268
 107.980005 2.371372 2.703602
 108.180005 2.252534 2.679585
 108.380005 2.158364 2.675428
 108.580005 2.064468 2.726239
 108.780005 2.211996 2.735337
 108.980005 2.441363 2.774382
 109.180005 2.320250 2.691691
 109.380005 2.052531 2.664120
 109.580005 2.133211 2.799042
 109.780005 2.102512 2.629075
 109.980005 2.413701 2.870880
 110.180005 2.281844 2.549352
 110.380005 2.076707 2.483860
 110.580005 2.010892 2.761791
 110.780005 2.228075 2.563276
 110.980005 2.323123 2.686029
 111.180005 2.195886 2.531281
 111.380005 2.036195 2.720861
 111.580005 2.020900 2.526566
 111.780005 2.172777 2.852752
 111.980005 2.381393 2.613309
 112.180005 2.524318 2.702745
 112.380005 2.059346 2.729970
 112.580005 2.159889 2.525891
 112.780005 2.273054 2.892962
 112.980005 2.306940 2.620753
 113.180005 2.402355 2.840177
 113.380005 2.158402 2.592069
 113.580005 2.044009 2.773843
 113.780005 2.131970 2.679779
 113.980005 2.384659 2.684667
 114.180005 2.411945 2.681396
 114.380005 2.118842 2.481224
 114.580005 2.085696 2.839692
 114.780005 2.231465 2.496182
 114.980005 2.244901 2.838521
 115.180005 2.214185 2.588100
 115.380005 2.149936 2.801650
 115.580005 2.115353 2.651172
 115.780005 2.291676 2.619249
 115.980006 2.469287 2.775792
 116.180006 2.231182 2.518836
 116.380006 2.162251 2.806696
 116.580006 2.050375 2.679451
 116.780006 2.147370 2.678402
 116.980006 2.485434 2.578566
 117.180006 2.400392 2.852671
 117.380006 2.258681 2.601968
 117.580006 2.061804 2.843027
 117.780006 2.038455 2.513575
 117.980006 1.993025 2.538351
 118.180006 2.160632 2.819052
 118.380006 2.496744 2.429860
 118.580006 2.151190 3.020531
 118.780006 2.181424 2.378784
 118.980006 2.165408 2.871280
 119.180006 2.303446 2.655372
 119.380006 2.587984 2.863510
 119.580006 2.035575 2.752994
 119.780006 2.047621 2.752693
 119.980006 2.302480 2.751880
 120.180006 2.325602 2.637583
 120.380006 2.552069 2.917460
 120.580006 2.245234 2.557047
 120.780006 2.099729 3.048925
 120.980006 2.029342 2.375213
 121.180006 2.256832 2.833744
 121.380006 2.406780 2.607362
 121.580006 2.241312 2.617446
 121.780006 2.233254 2.613851
 121.980006 2.015921 2.576980
 122.180006 2.023950 2.761788
 122.380006 2.157353 2.692176
 122.580006 2.347725 2.612147
 122.780006 2.407253 2.845257
 122.980006 2.179112 2.705035
 123.180006 2.130358 2.705970
 123.380006 2.325388 2.746646
 123.580006 2.423419 2.681614
 123.780006 2.392393 2.669592
 123.980006 1.796652 2.658188
 124.180006 1.892094 2.702484
 124.380006 2.207274 2.557586
 124.580006 2.450809 2.724478
 124.780006 2.330121 2.558072
 124.980006 1.865709 2.790516
 125.180006 2.040366 2.589855
 125.380006 2.386517 2.718885
 125.580006 2.360522 2.665499
 125.780006 2.266845 2.754708
 125.980006 1.822802 2.680773
 126.180006 2.074992 2.754155
 126.380006 2.327906 2.830306
 126.580006 2.452305 2.665668
 126.780006 2.190974 2.867682
 126.980006 1.777012 2.577270
 127.180006 2.173390 2.755098
 127.380006 2.598934 2.749786
 127.580006 2.387183 2.670162
 127.780006 1.886818 2.658132
 127.980006 2.016611 2.575011
 128.180006 2.432785 2.802285
 128.380006 2.474258 2.516211
 128.580006 2.100874 2.799652
 128.780006 1.875686 2.650054
 128.980006 2.189170 2.623980
 129.180006 2.577928 2.646333
 129.380006 2.068692 2.660262
 129.580006 1.845814 2.728482
 129.780006 2.090372 2.646965
 129.980006 2.556915 2.736280
 130.180006 2.319912 2.678069
 130.380006 1.866958 2.730939
 130.580006 2.052686 2.681248
 130.780006 2.662676 2.749472
 130.980006 2.371941 2.737633
 131.180006 1.921130 2.743301
 131.380006 2.109723 2.731747
 131.580006 2.291307 2.663827
 131.780006 2.462568 2.724485
 131.980006 2.254557 2.671525
 132.180006 1.825614 2.773370
 132.380006 1.938922 2.725231
 132.580006 2.414040 2.603265
 132.780006 2.586897 2.553807
 132.980006 2.038605 2.721699
 133.180006 1.784979 2.545713
 133.380006 2.100196 2.830014
 133.580006 2.585539 2.606713
 133.780006 2.264650 2.760079
 133.980006 1.840216 2.579699
 134.180006 2.005638 2.647434
 134.380006 2.588412 2.634893
 134.580006 2.427318 2.705544
 134.780006 1.853988 2.819763
 134.980006 1.874655 2.600734
 135.180006 2.494778 2.869679
 135.380006 2.656340 2.480460
 135.580006 1.863106 2.793526
 135.780006 1.766767 2.681478
 135.980006 2.428345 2.677307
 136.180006 2.740953 2.787162
 136.380006 1.996638 2.749004
 136.580006 1.869287 2.823989
 136.780006 2.733814 2.581529
 136.980007 2.407898 2.736277
 137.180007 1.644564 2.467053
 137.380007 1.997085 2.754221
 137.580007 2.688944 2.504459
 137.780007 2.192812 2.742015
 137.980007 1.942094 2.726501
 138.180007 1.924972 2.703479
 138.380007 2.680316 2.678196
 138.580007 2.228939 2.600159
 138.780007 1.639263 2.732746
 138.980007 2.339018 2.575215
 139.180007 2.784713 2.741938
 139.380007 1.882201 2.633177
 139.580007 1.872458 2.828425
 139.780007 2.405381 2.744374
 139.980007 2.603842 2.721687
 140.180007 2.058126 2.707909
 140.380007 1.712375 2.671774
 140.580007 2.581443 2.750121
 140.780007 2.614483 2.660733
 140.980007 1.708171 2.662640
 141.180007 1.872853 2.788981
 141.380007 2.744069 2.638172
 141.580007 2.380252 2.779860
 141.780007 1.796271 2.708607
 141.980007 1.820153 2.674221
 142.180007 2.562487 2.523610
 142.380007 2.539432 2.634841
 142.580007 1.734633 2.827434
 142.780007 2.166051 2.552852
 142.980007 2.652350 2.947490
 143.180007 2.376475 2.634889
 143.380007 1.681878 2.702964
 143.580007 1.860775 2.847529
 143.780007 2.652295 2.517524
 143.980007 2.427768 2.858826
 144.180007 2.094157 2.606794
 144.380007 1.810849 2.975360
 144.580007 2.274198 2.564297
 144.780007 2.738913 2.811167
 144.980007 1.861460 2.344036
 145.180007 1.853019 2.764062
 145.380007 2.090466 2.680638
 145.580007 2.568315 2.513726
 145.780007 2.228066 2.878939
 145.980007 1.667443 2.379228
 146.180007 2.079074 2.908525
 146.380007 2.754158 2.500505
 146.580007 2.184281 3.076008
 146.780007 1.867940 2.453659
 146.980007 2.263629 2.781574
 147.180007 2.583995 2.675367
 147.380007 2.199689 2.794217
 147.580007 1.677957 2.846463
 147.780007 2.016636 2.631050
 147.980007 2.598778 2.744433
 148.180007 2.227793 2.497342
 148.380007 1.885792 2.867990
 148.580007 2.067459 2.656487
 148.780007 2.487376 2.569501
 148.980007 2.187614 2.632798
 149.180007 1.756749 2.577324
 149.380007 1.815104 2.666574
 149.580007 2.644481 2.623302
 149.780007 2.597683 2.900669
 149.980007 2.042010 2.636847
 150.180007 2.070785 2.873147
 150.380007 2.144899 2.697240
 150.580007 2.530360 2.652668
 150.780007 2.226690 2.876937
 150.980007 1.992240 2.583607
 151.180007 2.263358 2.923692
 151.380007 2.524208 2.461917
 151.580007 2.513411 2.848335
 151.780007 2.020099 2.739280
 151.980007 1.794077 2.606171
 152.180007 2.209117 2.749404
 152.380007 2.460102 2.550693
 152.580007 2.188240 2.680504
 152.780007 2.073097 2.658908
 152.980007 1.748328 2.798230
 153.180007 2.490580 2.499174
 153.380007 2.348920 2.887343
 153.580007 1.859318 2.392066
 153.780007 2.043092 2.906607
 153.980007 2.324499 2.658960
 154.180007 2.624833 2.679016
 154.380007 2.189389 2.861691
 154.580007 1.782787 2.261305
 154.780007 2.260051 2.989082
 154.980007 2.505073 2.192413
 155.180007 2.156356 3.030061
 155.380007 1.986084 2.652883
 155.580007 1.829867 2.630179
 155.780007 2.525955 2.676333
 155.980007 2.288405 2.622849
 156.180007 1.865009 2.876804
 156.380007 2.210739 2.448133
 156.580007 2.287615 3.015779
 156.780007 2.464410 2.412795
 156.980007 1.878678 2.976945
 157.180007 1.693122 2.487027
 157.380007 2.578549 2.729753
 157.580007 2.501964 2.800460
 157.780007 1.973348 2.679120
 157.980008 1.934685 2.964077
 158.180008 2.188093 2.507863
 158.380008 2.582403 2.804402
 158.580008 2.178180 2.505939
 158.780008 1.800821 2.771334
 158.980008 2.255004 2.650217
 159.180008 2.392383 2.672381
 159.380008 2.246360 2.674618
 159.580008 1.992151 2.567439
 159.780008 1.857374 2.920563
 159.980008 2.383674 2.408312
 160.180008 2.379981 2.857940
 160.380008 2.129045 2.595925
 160.580008 1.943260 2.992538
 160.780008 1.916641 2.590207
 160.980008 2.602210 2.817629
 161.180008 2.380444 2.813613
 161.380008 1.796066 2.648017
 161.580008 1.966953 2.890591
 161.780008 2.015611 2.620830
 161.980008 2.528087 2.767572
 162.180008 2.362206 2.738164
 162.380008 2.018570 2.453184
 162.580008 1.971737 2.812181
 162.780008 2.211236 2.561069
 162.980008 2.226424 2.682703
 163.180008 2.270994 2.666726
 163.380008 2.016738 2.562838
 163.580008 2.072656 2.756043
 163.780008 2.413622 2.632312
 163.980008 2.395268 2.641450
 164.180008 2.211222 2.673619
 164.380008 1.737973 2.650044
 164.580008 1.992556 2.723334
 164.780008 2.453379 2.805331
 164.980008 2.521292 2.712653
 165.180008 2.268776 2.835608
 165.380008 1.954991 2.733639
 165.580008 2.004392 2.656222
 165.780008 2.253124 2.802643
 165.980008 2.427969 2.648789
 166.180008 2.201519 2.776587
 166.380008 2.162192 2.521563
 166.580008 1.955635 2.875219
 166.780008 2.239703 2.553662
 166.980008 2.373269 2.773226
 167.180008 2.036589 2.511078
 167.380008 2.127674 2.691984
 167.580008 1.940214 2.724151
 167.780008 2.310909 2.565263
 167.980008 2.384420 2.936304
 168.180008 2.338834 2.287576
 168.380008 2.214474 -3.031593
 168.580008 1.980103 2.243699
 168.780008 2.373713 2.815435
 168.980008 2.155648 2.763260
 169.180008 2.327289 2.392813
 169.380008 2.239630 3.046059
 169.580008 1.954392 2.338411
 169.780008 2.301735 2.920698
 169.980008 2.259722 2.242304
 170.180008 2.177807 2.968555
 170.380008 2.358826 2.567262
 170.580008 1.949416 2.580910
 170.780008 2.243122 2.959505
 170.980008 2.241448 2.384475
 171.180008 2.232841 2.928742
 171.380008 2.525428 2.542241
 171.580008 2.122814 2.841287
 171.780008 2.009480 2.618978
 171.980008 2.034675 2.670378
 172.180008 2.156933 2.486123
 172.380008 2.387234 2.684403
 172.580008 1.978892 2.705526
 172.780008 2.236671 2.549533
 172.980008 2.070973 2.726740
 173.180008 2.203501 2.557725
 173.380008 2.182774 2.662376
 173.580008 2.093898 2.723706
 173.780008 2.170430 2.632210
 173.980008 2.336615 2.746413
 174.180008 2.207934 2.559367
 174.380008 2.332010 2.858150
 174.580008 2.250045 2.606734
 174.780008 1.841466 2.768788
 174.980008 2.351974 2.767264
 175.180008 2.094830 2.620741
 175.380008 2.253522 2.826036
 175.580008 2.362487 2.694706
 175.780008 1.785719 2.833871
 175.980008 2.481706 2.617860
 176.180008 2.313130 2.961083
 176.380008 2.001060 2.328600
 176.580008 2.015603 2.946968
 176.780008 1.770564 2.534755
 176.980008 2.318871 2.587098
 177.180008 2.248157 2.749755
 177.380008 2.066963 2.469466
 177.580008 2.042348 2.794805
 177.780008 1.795345 2.494334
 177.980008 2.459436 2.761629
 178.180008 2.421262 2.711224
 178.380008 2.109288 2.715101
 178.580008 2.054776 2.840346
 178.780008 1.932502 2.575683
 178.980009 2.434154 2.911497
 179.180009 2.484783 2.618492
 179.380009 1.811352 2.768172
 179.580009 1.935680 2.685665
 179.780009 2.107817 2.810414
 179.980009 2.354560 2.691961
 180.180009 2.396499 2.745341
 180.380009 1.877368 2.643507
 180.580009 1.884784 2.727615
 180.780009 2.163479 2.656387
 180.980009 2.364076 2.608739
 181.180009 2.306015 2.751848
 181.380009 1.854111 2.677686
 181.580009 1.988487 2.751626
 181.780009 2.443047 2.753305
 181.980009 2.597353 2.526335
 182.180009 1.686091 2.867193
 182.380009 1.973655 2.622892
 182.580009 2.498056 2.817345
 182.780009 2.440459 2.541916
 182.980009 1.877529 2.788709
 183.180009 1.665842 2.576146
 183.380009 2.384992 2.821182
 183.580009 2.656342 2.611941
 183.780009 1.950539 2.789164
 183.980009 1.822950 2.750127
 184.180009 2.388903 2.577615
 184.380009 2.573030 2.732786
 184.580009 2.105779 2.570877
 184.780009 1.660054 2.868577
 184.980009 2.414787 2.509605
 185.180009 2.558044 2.652976
 185.380009 1.871528 2.605402
 185.580009 1.868971 2.644116
 185.780009 2.239110 2.715225
 185.980009 2.595309 2.670178
 186.180009 2.101659 2.749976
 186.380009 1.909244 2.535585
 186.580009 2.281779 2.823187
 186.780009 2.367076 2.614527
 186.980009 2.247849 2.763613
 187.180009 2.179773 2.728563
 187.380009 1.839210 2.535991
 187.580009 2.408922 2.950911
 187.780009 1.980815 2.594210
 187.980009 2.120355 2.698036
 188.180009 2.498988 2.884293
 188.380009 2.111598 2.474884
 188.580009 2.267633 2.892628
 188.780009 1.930535 2.482031
 188.980009 2.137757 2.797678
 189.180009 2.658442 2.666981
 189.380009 2.179582 2.525110
 189.580009 2.272671 2.830820
 189.780009 1.973585 2.608295
 189.980009 2.142142 2.831844
 190.180009 2.461165 2.677626
 190.380009 2.226068 2.678806
 190.580009 2.320066 2.730625
 190.780009 2.001540 2.795665
 190.980009 1.970220 2.691952
 191.180009 2.314007 2.746556
 191.380009 2.333900 2.665114
 191.580009 2.324410 2.682442
 191.780009 1.868130 2.747499
 191.980009 1.908100 2.598159
 192.180009 2.564710 2.691554
 192.380009 2.376334 2.787994
 192.580009 2.071507 2.575793
 192.780009 1.878301 2.873592
 192.980009 1.898492 2.510341
 193.180009 2.512803 2.638855
 193.380009 2.297699 2.751740
 193.580009 2.217043 2.534731
 193.780009 2.108321 2.884874
 193.980009 1.847071 2.468566
 194.180009 2.292756 2.728136
 194.380009 2.371477 2.634673
 194.580009 2.275027 2.783574
 194.780009 2.187720 2.722897
 194.980009 1.922957 2.641218
 195.180009 2.129043 2.828314
 195.380009 2.468443 2.536230
 195.580009 2.218125 2.837702
 195.780009 2.310611 2.727809
 195.980009 2.074982 2.734816
 196.180009 2.134802 2.736046
 196.380009 2.434971 2.724119
 196.580009 1.896477 2.687161
 196.780009 2.112296 2.652938
 196.980009 2.193199 2.692889
 197.180009 2.130257 2.484701
 197.380009 2.432253 2.868115
 197.580009 1.955727 2.419713
 197.780009 2.033317 2.788477
 197.980009 2.176055 2.635845
 198.180009 2.315304 2.743330
 198.380009 2.342667 2.700814
 198.580009 2.074203 2.666770
 198.780009 1.970251 2.720100
 198.980009 2.326737 2.737370
 199.180009 2.237797 2.789496
 199.380009 2.351414 2.621436
 199.580009 2.121688 2.836595
 199.780009 2.197404 2.638183
 199.980009 2.382965 2.828977
