#! FIELDS time phi psi
#! SET max_psi pi
 0.180000 -1.726964 -1.712120
 0.380000 -2.174534 -1.726109
 0.580000 -1.461281 -1.088546
 0.780000 -1.951283 -1.425158
 0.980000 -1.748967 -1.919719
 1.180000 -1.221303 -0.779227
 1.380000 -1.842159 -1.705122
 1.580000 -1.893090 -1.597316
 1.780000 -1.551333 -1.043248
 1.980000 -2.105069 -1.563559
 2.180000 -1.862224 -1.673140
 2.380000 -1.413514 -1.042827
 2.580000 -1.882477 -1.778037
 2.780000 -1.842988 -1.375030
 2.980000 -1.586323 -1.087730
 3.180000 -1.952286 -2.044568
 3.380000 -2.029446 -1.224329
 3.580000 -1.483963 -1.490329
 3.780000 -2.293556 -1.613614
 3.980000 -1.730705 -1.305178
 4.180000 -1.628002 -1.561123
 4.380000 -2.234568 -1.537734
 4.580000 -1.530037 -1.407028
 4.780000 -1.835023 -1.629515
 4.980000 -1.947651 -1.642084
 5.180000 -1.405136 -1.403789
 5.380000 -2.080866 -1.400656
 5.580000 -1.762147 -1.574488
 5.780000 -1.550904 -1.306990
 5.980000 -2.079069 -1.352607
 6.180000 -1.650972 -1.833308
 6.380000 -1.882615 -0.890353
 6.580000 -1.904782 -1.866187
 6.780000 -1.798041 -1.272451
 6.980000 -1.688820 -1.328934
 7.180000 -1.803142 -1.663082
 7.380000 -1.752837 -1.331744
 7.580000 -1.774478 -1.393467
 7.780000 -1.984455 -1.767149
 7.980000 -1.859134 -1.309317
 8.180000 -1.717631 -1.554410
 8.380000 -1.987204 -1.653351
 8.580000 -1.669688 -1.278152
 8.780000 -1.790802 -1.714403
 8.980000 -1.985445 -1.429836
 9.180000 -1.505570 -1.474664
 9.380000 -2.214879 -1.503328
 9.580000 -1.652014 -1.739600
 9.780000 -1.677691 -1.111162
 9.980000 -2.025316 -1.591679
 10.180000 -1.616506 -1.618077
 10.380000 -1.803080 -1.270474
 10.580001 -2.069623 -1.814032
 10.780001 -1.658106 -1.333118
 10.980001 -1.632078 -1.345331
 11.180001 -1.783785 -1.720332
 11.380001 -1.757972 -1.341778
 11.580001 -1.636394 -1.239172
 11.780001 -1.866214 -1.824831
 11.980001 -1.628633 -1.316687
 12.180001 -1.598039 -1.441455
 12.380001 -2.112704 -1.531704
 12.580001 -1.564235 -1.481740
 12.780001 -1.848418 -1.491989
 12.980001 -2.033801 -1.460043
 13.180001 -1.501551 -1.572476
 13.380001 -1.882236 -1.572874
 13.580001 -2.135038 -1.507393
 13.780001 -1.775262 -1.560391
 13.980001 -2.106125 -1.437027
 14.180001 -1.874330 -1.689669
 14.380001 -1.739965 -1.587570
 14.580001 -2.172725 -1.555718
 14.780001 -1.700862 -1.605464
 14.980001 -1.951137 -1.419234
 15.180001 -1.853714 -1.584509
 15.380001 -1.525981 -1.453918
 15.580001 -2.032192 -1.444504
 15.780001 -1.788243 -1.677015
 15.980001 -1.651488 -1.329364
 16.180001 -1.865033 -1.533502
 16.380001 -1.746381 -1.471511
 16.580001 -1.758933 -1.403237
 16.780001 -1.789935 -1.557073
 16.980001 -1.719161 -1.509888
 17.180001 -1.693504 -1.252442
 17.380001 -1.729096 -1.748877
 17.580001 -1.835628 -1.213285
 17.780001 -1.666407 -1.540203
 17.980001 -1.717422 -1.591729
 18.180001 -1.866600 -1.232154
 18.380001 -1.633846 -1.564316
 18.580001 -2.100922 -1.631143
 18.780001 -1.779715 -1.372977
 18.980001 -1.734985 -1.622023
 19.180001 -2.088220 -1.484605
 19.380001 -1.484917 -1.489929
 19.580001 -1.881374 -1.606977
 19.780001 -2.082017 -1.520862
 19.980001 -1.570313 -1.473832
 20.180001 -2.033500 -1.412116
 20.380001 -1.766188 -1.651885
 20.580001 -1.516408 -1.302241
 20.780001 -2.152534 -1.577336
 20.980001 -1.677826 -1.635916
 21.180001 -1.653855 -1.165681
 21.380001 -2.141101 -1.591754
 21.580001 -1.737209 -1.504838
 21.780001 -1.684058 -1.304176
 21.980001 -1.906350 -1.680168
 22.180001 -1.704685 -1.403179
 22.380001 -1.838054 -1.212880
 22.580001 -1.781427 -1.861495
 22.780001 -1.830494 -1.251844
 22.980001 -1.819369 -1.561811
 23.180001 -1.963190 -1.663503
 23.380001 -1.642917 -1.252489
 23.580001 -1.783641 -1.581179
 23.780001 -2.032646 -1.549940
 23.980001 -1.510233 -1.398016
 24.180001 -1.680500 -1.518250
 24.380001 -2.110209 -1.514309
 24.580001 -1.658100 -1.335114
 24.780001 -1.854592 -1.603446
 24.980001 -1.815821 -1.410509
 25.180001 -1.600461 -1.489838
 25.380001 -2.099353 -1.494054
 25.580001 -1.671634 -1.623233
 25.780001 -1.662513 -1.263003
 25.980001 -2.019814 -1.618617
 26.180001 -1.740251 -1.527474
 26.380001 -1.774440 -1.334557
 26.580001 -2.117681 -1.670477
 26.780001 -1.518660 -1.269840
 26.980001 -1.570951 -1.309249
 27.180001 -1.738745 -1.761976
 27.380001 -1.738723 -1.243830
 27.580001 -1.694470 -1.425551
 27.780001 -1.813280 -1.648707
 27.980001 -1.596305 -1.176872
 28.180001 -1.719436 -1.674084
 28.380001 -1.962113 -1.380407
 28.580001 -1.538806 -1.427881
 28.780001 -1.812667 -1.621420
 28.980001 -1.802527 -1.347376
 29.180001 -1.841332 -1.389853
 29.380001 -1.917085 -1.687422
 29.580001 -1.777315 -1.329786
 29.780001 -1.563506 -1.606678
 29.980001 -2.069619 -1.537241
 30.180001 -1.576448 -1.485447
 30.380001 -1.742340 -1.643573
 30.580001 -2.070061 -1.484496
 30.780001 -1.465462 -1.493611
 30.980001 -1.998988 -1.427106
 31.180001 -1.898275 -1.716780
 31.380001 -1.621267 -1.338662
 31.580001 -2.000568 -1.410395
 31.780002 -1.591661 -1.738041
 31.980002 -1.874013 -1.310453
 32.180002 -2.047522 -1.563621
 32.380002 -1.701690 -1.510771
 32.580002 -1.803531 -1.285523
 32.780002 -1.768771 -1.685104
 32.980002 -2.051850 -1.413329
 33.180002 -1.952834 -1.436247
 33.380002 -1.758323 -1.675766
 33.580002 -1.891990 -1.260079
 33.780002 -1.742816 -1.543279
 33.980002 -1.872347 -1.574041
 34.180002 -1.720150 -1.340487
 34.380002 -1.863546 -1.703136
 34.580002 -1.806355 -1.302255
 34.780002 -1.702078 -1.590419
 34.980002 -1.970234 -1.492285
 35.180002 -1.740848 -1.334499
 35.380002 -1.715624 -1.556777
 35.580002 -1.927579 -1.618842
 35.780002 -1.571830 -1.346640
 35.980002 -1.769186 -1.652240
 36.180002 -1.937054 -1.405407
 36.380002 -1.476688 -1.544471
 36.580002 -1.937294 -1.535035
 36.780002 -1.720328 -1.384389
 36.980002 -1.829833 -1.523548
 37.180002 -1.825003 -1.533001
 37.380002 -1.532172 -1.556176
 37.580002 -2.167852 -1.352713
 37.780002 -1.694877 -1.777402
 37.980002 -1.961509 -1.342327
 38.180002 -1.990906 -1.577968
 38.380002 -1.638675 -1.565651
 38.580002 -1.886534 -1.314719
 38.780002 -1.691182 -1.772279
 38.980002 -1.835692 -1.393150
 39.180002 -1.887502 -1.628915
 39.380002 -1.668146 -1.476844
 39.580002 -1.927977 -1.435476
 39.780002 -1.733813 -1.684111
 39.980002 -1.744773 -1.493463
 40.180002 -1.964890 -1.280626
 40.380002 -1.583393 -1.848569
 40.580002 -1.827354 -1.099693
 40.780002 -1.730546 -1.678230
 40.980002 -1.768005 -1.408604
 41.180002 -1.863086 -1.352608
 41.380002 -1.600871 -1.732959
 41.580002 -2.013055 -1.347740
 41.780002 -1.777362 -1.412360
 41.980002 -1.794597 -1.635577
 42.180002 -1.893764 -1.346640
 42.380002 -1.516362 -1.536463
 42.580002 -2.071926 -1.558956
 42.780002 -1.731343 -1.447464
 42.980002 -1.660829 -1.640190
 43.180002 -2.039648 -1.488112
 43.380002 -1.634746 -1.509617
 43.580002 -1.738703 -1.568933
 43.780002 -2.132203 -1.529372
 43.980002 -1.633725 -1.540945
 44.180002 -1.831680 -1.472590
 44.380002 -1.936257 -1.654260
 44.580002 -1.483008 -1.429698
 44.780002 -1.904740 -1.523621
 44.980002 -1.929702 -1.608402
 45.180002 -1.708430 -1.259834
 45.380002 -1.874536 -1.635834
 45.580002 -1.920854 -1.377528
 45.780002 -1.631347 -1.488085
 45.980002 -1.972483 -1.545812
 46.180002 -1.712896 -1.553450
 46.380002 -1.625552 -1.188429
 46.580002 -1.989264 -1.674603
 46.780002 -1.665375 -1.436737
 46.980002 -1.945183 -1.429628
 47.180002 -1.894689 -1.778529
 47.380002 -1.693586 -1.296513
 47.580002 -1.811530 -1.479953
 47.780002 -1.833460 -1.646982
 47.980002 -1.858364 -1.337687
 48.180002 -1.772138 -1.479103
 48.380002 -1.837077 -1.688540
 48.580002 -1.682038 -1.147794
 48.780002 -1.769010 -1.813229
 48.980002 -1.869448 -1.414381
 49.180002 -1.730988 -1.378764
 49.380002 -1.724337 -1.713478
 49.580002 -1.926531 -1.450859
 49.780002 -1.660337 -1.295377
 49.980002 -1.946699 -1.759992
 50.180002 -1.819237 -1.400561
 50.380002 -1.621840 -1.333478
 50.580002 -1.920312 -1.650789
 50.780002 -1.771783 -1.413734
 50.980002 -1.604023 -1.462507
 51.180002 -1.993591 -1.526025
 51.380002 -1.643791 -1.334737
 51.580002 -1.604585 -1.536081
 51.780002 -2.119689 -1.512318
 51.980002 -1.495638 -1.453649
 52.180002 -1.812329 -1.533294
 52.380002 -1.967450 -1.540616
 52.580002 -1.585459 -1.455839
 52.780003 -2.003530 -1.546388
 52.980003 -1.898000 -1.594546
 53.180003 -1.656642 -1.436381
 53.380003 -1.913655 -1.559023
 53.580003 -1.708970 -1.651086
 53.780003 -1.787809 -1.446813
 53.980003 -1.993923 -1.512380
 54.180003 -1.567302 -1.613084
 54.380003 -1.838917 -1.321135
 54.580003 -1.903587 -1.645518
 54.780003 -1.769542 -1.573401
 54.980003 -1.887075 -1.304612
 55.180003 -1.723140 -1.713347
 55.380003 -1.778165 -1.427170
 55.580003 -1.865434 -1.297754
 55.780003 -1.611143 -1.696020
 55.980003 -1.940236 -1.275174
 56.180003 -1.726956 -1.556602
 56.380003 -1.951285 -1.454612
 56.580003 -1.757978 -1.350856
 56.780003 -1.577288 -1.586879
 56.980003 -2.087148 -1.455521
 57.180003 -1.640677 -1.551583
 57.380003 -1.753159 -1.577123
 57.580003 -1.974784 -1.415756
 57.780003 -1.611387 -1.549272
 57.980003 -2.067713 -1.638856
 58.180003 -1.910172 -1.503851
 58.380003 -1.799406 -1.530654
 58.580003 -1.904615 -1.533524
 58.780003 -1.724112 -1.588560
 58.980003 -1.638692 -1.483503
 59.180003 -2.027574 -1.581403
 59.380003 -1.549450 -1.509846
 59.580003 -1.814564 -1.442752
 59.780003 -1.846234 -1.498694
 59.980003 -1.587252 -1.619690
 60.180003 -1.798371 -1.322823
 60.380003 -1.705949 -1.741666
 60.580003 -1.900484 -1.213148
 60.780003 -1.690947 -1.703819
 60.980003 -1.973543 -1.357473
 61.180003 -1.520052 -1.591346
 61.380003 -1.649580 -1.435415
 61.580003 -1.871887 -1.564344
 61.780003 -1.702142 -1.503490
 61.980003 -1.708852 -1.396761
 62.180003 -1.646697 -1.717809
 62.380003 -1.652401 -1.226596
 62.580003 -1.914946 -1.605831
 62.780003 -1.836322 -1.468996
 62.980003 -1.819805 -1.517286
 63.180003 -1.714062 -1.447316
 63.380003 -1.851965 -1.638843
 63.580003 -2.057490 -1.323652
 63.780003 -1.729706 -1.814468
 63.980003 -2.112036 -1.304257
 64.180003 -1.648132 -1.810354
 64.380003 -1.869633 -1.213036
 64.580003 -1.823889 -1.635503
 64.780003 -1.650705 -1.516331
 64.980003 -1.777378 -1.431208
 65.180003 -1.692184 -1.636618
 65.380003 -1.976619 -1.358839
 65.580003 -1.805913 -1.641493
 65.780003 -1.733083 -1.577620
 65.980003 -1.770296 -1.192298
 66.180003 -1.645236 -1.603672
 66.380003 -1.804204 -1.497720
 66.580003 -1.850813 -1.339827
 66.780003 -1.742630 -1.622992
 66.980003 -1.852794 -1.359555
 67.180003 -1.474397 -1.556921
 67.380003 -1.914793 -1.388817
 67.580003 -1.806278 -1.354964
 67.780003 -1.540462 -1.649326
 67.980003 -2.046124 -1.249121
 68.180003 -1.691933 -1.765608
 68.380003 -1.911692 -1.538509
 68.580003 -1.746259 -1.431672
 68.780003 -1.828417 -1.661449
 68.980003 -2.049551 -1.443693
 69.180003 -2.037814 -1.461418
 69.380003 -1.761204 -1.634618
 69.580003 -2.200316 -1.447064
 69.780003 -1.761364 -1.520112
 69.980003 -1.771960 -1.600401
 70.180003 -2.001788 -1.372573
 70.380003 -1.866941 -1.645712
 70.580003 -1.940892 -1.407971
 70.780003 -1.767454 -1.654461
 70.980003 -1.678715 -1.467495
 71.180003 -1.754530 -1.408892
 71.380003 -1.860202 -1.510033
 71.580003 -1.709305 -1.510147
 71.780003 -1.790286 -1.347640
 71.980003 -1.826075 -1.454687
 72.180003 -1.769425 -1.682108
 72.380003 -1.869881 -1.402366
 72.580003 -1.786343 -1.674696
 72.780003 -1.860062 -1.442319
 72.980003 -1.852702 -1.511370
 73.180003 -1.786736 -1.598540
 73.380003 -2.117016 -1.501705
 73.580003 -1.746792 -1.564631
 73.780004 -1.852718 -1.514782
 73.980004 -1.813539 -1.396527
 74.180004 -1.708118 -1.554696
 74.380004 -1.939154 -1.588013
 74.580004 -1.704319 -1.325178
 74.780004 -1.798276 -1.527628
 74.980004 -1.851379 -1.461846
 75.180004 -1.649991 -1.540522
 75.380004 -2.019966 -1.408440
 75.580004 -1.793144 -1.470429
 75.780004 -1.635290 -1.414229
 75.980004 -2.039874 -1.450600
 76.180004 -1.579704 -1.557122
 76.380004 -1.661349 -1.272674
 76.580004 -2.061500 -1.666017
 76.780004 -1.729282 -1.329828
 76.980004 -1.717088 -1.380921
 77.180004 -1.751962 -1.608943
 77.380004 -1.708464 -1.467377
 77.580004 -1.738325 -1.247442
 77.780004 -1.843407 -1.706221
 77.980004 -1.554440 -1.337685
 78.180004 -1.588533 -1.406266
 78.380004 -1.981225 -1.646169
 78.580004 -1.725301 -1.343622
 78.780004 -1.813208 -1.484435
 78.980004 -2.016843 -1.625161
 79.180004 -1.625303 -1.262558
 79.380004 -1.689579 -1.550566
 79.580004 -1.953006 -1.655696
 79.780004 -1.766562 -1.192254
 79.980004 -1.792599 -1.750785
 80.180004 -1.977229 -1.393036
 80.380004 -1.662385 -1.479878
 80.580004 -2.107470 -1.488372
 80.780004 -1.817776 -1.568875
 80.980004 -1.624502 -1.471311
 81.180004 -2.102290 -1.567002
 81.380004 -1.714988 -1.523040
 81.580004 -1.790681 -1.336735
 81.780004 -1.852944 -1.772179
 81.980004 -1.699350 -1.259317
 82.180004 -1.707106 -1.477569
 82.380004 -1.897244 -1.511977
 82.580004 -1.609357 -1.284593
 82.780004 -1.764056 -1.647991
 82.980004 -1.834973 -1.586799
 83.180004 -1.485215 -1.153776
 83.380004 -1.750018 -1.790134
 83.580004 -1.969745 -1.389556
 83.780004 -1.695757 -1.388491
 83.980004 -1.868840 -1.698048
 84.180004 -2.072140 -1.454026
 84.380004 -1.669931 -1.493614
 84.580004 -1.998252 -1.704638
 84.780004 -1.861087 -1.457963
 84.980004 -1.800309 -1.507685
 85.180004 -1.919983 -1.659116
 85.380004 -1.749853 -1.406860
 85.580004 -1.650986 -1.572498
 85.780004 -1.917232 -1.480441
 85.980004 -1.740218 -1.424405
 86.180004 -1.661677 -1.474707
 86.380004 -1.833675 -1.519629
 86.580004 -1.655110 -1.375291
 86.780004 -1.679211 -1.362074
 86.980004 -1.732529 -1.713817
 87.180004 -1.861681 -1.324260
 87.380004 -1.782246 -1.533731
 87.580004 -1.908652 -1.485577
 87.780004 -1.898265 -1.490438
 87.980004 -1.699118 -1.607425
 88.180004 -2.144416 -1.509971
 88.380004 -1.906965 -1.517926
 88.580004 -1.754516 -1.633863
 88.780004 -2.113436 -1.503713
 88.980004 -1.636301 -1.605459
 89.180004 -1.883123 -1.462390
 89.380004 -2.059286 -1.456110
 89.580004 -1.560670 -1.537023
 89.780004 -1.794417 -1.437336
 89.980004 -1.837396 -1.662351
 90.180004 -1.703674 -1.244991
 90.380004 -1.904279 -1.516022
 90.580004 -1.795461 -1.599806
 90.780004 -1.570044 -1.365088
 90.980004 -1.946314 -1.440989
 91.180004 -1.917464 -1.716272
 91.380004 -1.670647 -1.241881
 91.580004 -1.849544 -1.742991
 91.780004 -1.696037 -1.453284
 91.980004 -1.776340 -1.298469
 92.180004 -1.861979 -1.716461
 92.380004 -1.703527 -1.351244
 92.580004 -1.853795 -1.516859
 92.780004 -1.718223 -1.692234
 92.980004 -1.627661 -1.239539
 93.180004 -1.734136 -1.606952
 93.380004 -1.926957 -1.637612
 93.580004 -1.429899 -1.232483
 93.780004 -2.019650 -1.509656
 93.980004 -1.904846 -1.685096
 94.180004 -1.793988 -1.200856
 94.380004 -2.078184 -1.645713
 94.580004 -1.853290 -1.554239
 94.780005 -1.641958 -1.168009
 94.980005 -2.071465 -1.737879
 95.180005 -1.764646 -1.446099
 95.380005 -1.689008 -1.269096
 95.580005 -2.027258 -1.627251
 95.780005 -1.617848 -1.405081
 95.980005 -1.641749 -1.401018
 96.180005 -1.871467 -1.608361
 96.380005 -1.604410 -1.356019
 96.580005 -1.864112 -1.408984
 96.780005 -2.018411 -1.550730
 96.980005 -1.728238 -1.441410
 97.180005 -1.872651 -1.474627
 97.380005 -1.999186 -1.751993
 97.580005 -1.616831 -1.310589
 97.780005 -1.822599 -1.523499
 97.980005 -1.896559 -1.691123
 98.180005 -1.750615 -1.292485
 98.380005 -1.875676 -1.466092
 98.580005 -1.734016 -1.653224
 98.780005 -1.675638 -1.356054
 98.980005 -1.898477 -1.604729
 99.180005 -1.763947 -1.514158
 99.380005 -1.565401 -1.306476
 99.580005 -1.902939 -1.631853
 99.780005 -1.891157 -1.460611
 99.980005 -1.608232 -1.404398
 100.180005 -1.876606 -1.539403
 100.380005 -2.002365 -1.582735
 100.580005 -1.582931 -1.194982
 100.780005 -1.799676 -1.647588
 100.980005 -1.968860 -1.481806
 101.180005 -1.623512 -1.428902
 101.380005 -2.047377 -1.476564
 101.580005 -1.709115 -1.646517
 101.780005 -1.612198 -1.200452
 101.980005 -1.977441 -1.689943
 102.180005 -1.760362 -1.554377
 102.380005 -1.822912 -1.131268
 102.580005 -1.774637 -1.892316
 102.780005 -1.900475 -1.385309
 102.980005 -1.898465 -1.349156
 103.180005 -1.854855 -1.762351
 103.380005 -1.870346 -1.243447
 103.580005 -1.474322 -1.463283
 103.780005 -2.180728 -1.812456
 103.980005 -1.675679 -1.226685
 104.180005 -1.606561 -1.498820
 104.380005 -2.313382 -1.644666
 104.580005 -1.526449 -1.338227
 104.780005 -1.547676 -1.556627
 104.980005 -2.163556 -1.687021
 105.180005 -1.426592 -1.430047
 105.380005 -1.788914 -1.329013
 105.580005 -1.985378 -1.772315
 105.780005 -1.483990 -1.241172
 105.980005 -1.994976 -1.444190
 106.180005 -1.726245 -1.731841
 106.380005 -1.573007 -1.029642
 106.580005 -1.761485 -1.531556
 106.780005 -1.908643 -1.582046
 106.980005 -1.655798 -1.157426
 107.180005 -1.894313 -1.835716
 107.380005 -1.989157 -1.442026
 107.580005 -1.538367 -1.348833
 107.780005 -2.158805 -1.810801
 107.980005 -1.810208 -1.359050
 108.180005 -1.577390 -1.378749
 108.380005 -2.051157 -1.796839
 108.580005 -1.802789 -1.381654
 108.780005 -1.586705 -1.430572
 108.980005 -1.899148 -1.633136
 109.180005 -1.504425 -1.401901
 109.380005 -1.692133 -1.487566
 109.580005 -2.092422 -1.622111
 109.780005 -1.659604 -1.329945
 109.980005 -1.881112 -1.574868
 110.180005 -1.871918 -1.700626
 110.380005 -1.493417 -1.182583
 110.580005 -1.972083 -1.535445
 110.780005 -2.052267 -1.768289
 110.980005 -1.524722 -1.187142
 111.180005 -1.890773 -1.580785
 111.380005 -1.864456 -1.626578
 111.580005 -1.514195 -1.041497
 111.780005 -1.910770 -1.655414
 111.980005 -1.788657 -1.585660
 112.180005 -1.647627 -1.148029
 112.380005 -1.881472 -1.755082
 112.580005 -1.906971 -1.423141
 112.780005 -1.657909 -1.377228
 112.980005 -1.905486 -1.664547
 113.180005 -1.803264 -1.497186
 113.380005 -1.754867 -1.344836
 113.580005 -1.954916 -1.649557
 113.780005 -1.810758 -1.445154
 113.980005 -1.586237 -1.513523
 114.180005 -2.022747 -1.606239
 114.380005 -1.765804 -1.359069
 114.580005 -1.587231 -1.626091
 114.780005 -2.086953 -1.490965
 114.980005 -1.477792 -1.484975
 115.180005 -2.059759 -1.452951
 115.380005 -1.730407 -1.704625
 115.580005 -1.645869 -1.348648
 115.780005 -2.011974 -1.557985
 115.980006 -1.716792 -1.596565
 116.180006 -1.844588 -1.340685
 116.380006 -1.978324 -1.714877
 116.580006 -1.758722 -1.565659
 116.780006 -1.837348 -1.365930
 116.980006 -1.760661 -1.616202
 117.180006 -1.716534 -1.467560
 117.380006 -1.740544 -1.364796
 117.580006 -1.743944 -1.714409
 117.780006 -1.730593 -1.335723
 117.980006 -1.769944 -1.519858
 118.180006 -2.002414 -1.530827
 118.380006 -1.504397 -1.380137
 118.580006 -1.835090 -1.526676
 118.780006 -1.835574 -1.554025
 118.980006 -1.708585 -1.430727
 119.180006 -2.067183 -1.421176
 119.380006 -1.634964 -1.841340
 119.580006 -1.781751 -1.116645
 119.780006 -1.840780 -1.704424
 119.980006 -1.646653 -1.455676
 120.180006 -1.643812 -1.420248
 120.380006 -1.912669 -1.602668
 120.580006 -1.855889 -1.484172
 120.780006 -1.823761 -1.246069
 120.980006 -1.774562 -1.733862
 121.180006 -1.860400 -1.401292
 121.380006 -1.699196 -1.373959
 121.580006 -1.914781 -1.645112
 121.780006 -1.933883 -1.313245
 121.980006 -1.594314 -1.454808
 122.180006 -2.023715 -1.562349
 122.380006 -1.678595 -1.232171
 122.580006 -1.668673 -1.561361
 122.780006 -2.167286 -1.459777
 122.980006 -1.502866 -1.298432
 123.180006 -1.693900 -1.658731
 123.380006 -2.005830 -1.427094
 123.580006 -1.340201 -1.412806
 123.780006 -2.205508 -1.627059
 123.980006 -1.911542 -1.561299
 124.180006 -1.307325 -1.367192
 124.380006 -2.114110 -1.496257
 124.580006 -1.599978 -1.740713
 124.780006 -1.606523 -1.240365
 124.980006 -2.158165 -1.740295
 125.180006 -1.865346 -1.532491
 125.380006 -1.667471 -1.311612
 125.580006 -2.005587 -1.829019
 125.780006 -1.675506 -1.509781
 125.980006 -1.875765 -1.061914
 126.180006 -1.938410 -1.986846
 126.380006 -1.867248 -1.251670
 126.580006 -1.591345 -1.395412
 126.780006 -2.000290 -1.854156
 126.980006 -1.784466 -1.140309
 127.180006 -1.617079 -1.412853
 127.380006 -2.041388 -1.643149
 127.580006 -1.662828 -1.405166
 127.780006 -1.563710 -1.318932
 127.980006 -2.049249 -1.645026
 128.180006 -1.401578 -1.281034
 128.380006 -1.675287 -1.449388
 128.580006 -2.167049 -1.624882
 128.780006 -1.446318 -1.374268
 128.980006 -1.945814 -1.429975
 129.180006 -2.072956 -1.554957
 129.380006 -1.513009 -1.279611
 129.580006 -1.970611 -1.463859
 129.780006 -1.890325 -1.694131
 129.980006 -1.680833 -1.245161
 130.180006 -2.065478 -1.694331
 130.380006 -1.817797 -1.446202
 130.580006 -1.620211 -1.369589
 130.780006 -1.857530 -1.719612
 130.980006 -1.635980 -1.401361
 131.180006 -1.825689 -1.367288
 131.380006 -1.818081 -1.789223
 131.580006 -1.879207 -1.404325
 131.780006 -1.874558 -1.413634
 131.980006 -1.849496 -1.884339
 132.180006 -1.976746 -1.016908
 132.380006 -1.806073 -1.839077
 132.580006 -2.109248 -1.454050
 132.780006 -1.564431 -1.433969
 132.980006 -1.803303 -1.807066
 133.180006 -2.098236 -1.608755
 133.380006 -1.521233 -1.384455
 133.580006 -2.070087 -1.631824
 133.780006 -1.787254 -1.665597
 133.980006 -1.530212 -1.361998
 134.180006 -2.198718 -1.693687
 134.380006 -1.787214 -1.438197
 134.580006 -1.553651 -1.275526
 134.780006 -2.090643 -1.626991
 134.980006 -1.626245 -1.476307
 135.180006 -1.796683 -1.118396
 135.380006 -1.916012 -1.753769
 135.580006 -1.587451 -1.039464
 135.780006 -1.530671 -1.435553
 135.980006 -1.737146 -1.671840
 136.180006 -1.693941 -1.243499
 136.380006 -1.710451 -1.401993
 136.580006 -1.990407 -1.695840
 136.780006 -1.581759 -1.337790
 136.980007 -1.748727 -1.516646
 137.180007 -2.092683 -1.655551
 137.380007 -1.646558 -1.283705
 137.580007 -1.781544 -1.557383
 137.780007 -2.016683 -1.492750
 137.980007 -1.531153 -1.442508
 138.180007 -1.877335 -1.575129
 138.380007 -1.886594 -1.520213
 138.580007 -1.765711 -1.286395
 138.780007 -1.874277 -1.517459
 138.980007 -1.757030 -1.665158
 139.180007 -1.762404 -1.243426
 139.380007 -1.853126 -1.529307
 139.580007 -1.856272 -1.463643
 139.780007 -1.516478 -1.343013
 139.980007 -1.806303 -1.397541
 140.180007 -1.744270 -1.471346
 140.380007 -1.526465 -1.406688
 140.580007 -1.939878 -1.447548
 140.780007 -1.693870 -1.555424
 140.980007 -1.746862 -1.260150
 141.180007 -1.730984 -1.725752
 141.380007 -1.714909 -1.326406
 141.580007 -1.847330 -1.453877
 141.780007 -1.783046 -1.556915
 141.980007 -1.817831 -1.450804
 142.180007 -1.803242 -1.523039
 142.380007 -1.799415 -1.502806
 142.580007 -1.872260 -1.447192
 142.780007 -1.680445 -1.513509
 142.980007 -1.851336 -1.541496
 143.180007 -1.708251 -1.349433
 143.380007 -1.700732 -1.524924
 143.580007 -1.927207 -1.351990
 143.780007 -1.667573 -1.528101
 143.980007 -1.677211 -1.319810
 144.180007 -1.737720 -1.528848
 144.380007 -1.822316 -1.441712
 144.580007 -1.806810 -1.618369
 144.780007 -1.959988 -1.443670
 144.980007 -1.759498 -1.444649
 145.180007 -1.858661 -1.523961
 145.380007 -1.897115 -1.656351
 145.580007 -1.852988 -1.472690
 145.780007 -1.814811 -1.537846
 145.980007 -1.805892 -1.606699
 146.180007 -1.898244 -1.376886
 146.380007 -1.671785 -1.670456
 146.580007 -1.887631 -1.401156
 146.780007 -1.655382 -1.542298
 146.980007 -1.944281 -1.530113
 147.180007 -1.809779 -1.453685
 147.380007 -1.604168 -1.453090
 147.580007 -1.917081 -1.509048
 147.780007 -1.694118 -1.420068
 147.980007 -1.749809 -1.435854
 148.180007 -1.836955 -1.451242
 148.380007 -1.767009 -1.470966
 148.580007 -1.721746 -1.381925
 148.780007 -1.870094 -1.626490
 148.980007 -1.780927 -1.464727
 149.180007 -1.940357 -1.385946
 149.380007 -1.860134 -1.696363
 149.580007 -1.801937 -1.409858
 149.780007 -1.979564 -1.668786
 149.980007 -1.828896 -1.617969
 150.180007 -1.886735 -1.403618
 150.380007 -1.774028 -1.541609
 150.580007 -1.817893 -1.636208
 150.780007 -1.862812 -1.329251
 150.980007 -1.801523 -1.674323
 151.180007 -1.702528 -1.377722
 151.380007 -1.715526 -1.413354
 151.580007 -1.850798 -1.531314
 151.780007 -1.775735 -1.533635
 151.980007 -1.671033 -1.396413
 152.180007 -1.893470 -1.545170
 152.380007 -1.704894 -1.509536
 152.580007 -1.830501 -1.371937
 152.780007 -1.773956 -1.708355
 152.980007 -1.690652 -1.313089
 153.180007 -1.758435 -1.417644
 153.380007 -1.957726 -1.578512
 153.580007 -1.863849 -1.557099
 153.780007 -1.831663 -1.396571
 153.980007 -2.023203 -1.600868
 154.180007 -1.847840 -1.395684
 154.380007 -1.658796 -1.564102
 154.580007 -1.914643 -1.534474
 154.780007 -1.744193 -1.495304
 154.980007 -1.899932 -1.328930
 155.180007 -1.848771 -1.648399
 155.380007 -1.505988 -1.557107
 155.580007 -1.905913 -1.174555
 155.780007 -1.791443 -1.835451
 155.980007 -1.719120 -1.337931
 156.180007 -1.751524 -1.506365
 156.380007 -1.903192 -1.635902
 156.580007 -1.847379 -1.430246
 156.780007 -1.733113 -1.386726
 156.980007 -1.891093 -1.835159
 157.180007 -1.861908 -1.105448
 157.380007 -1.771858 -1.556397
 157.580007 -1.853236 -1.739414
 157.780007 -1.987328 -1.258458
 157.980008 -1.763576 -1.814618
 158.180008 -2.167432 -1.371944
 158.380008 -1.751680 -1.580364
 158.580008 -1.923442 -1.637704
 158.780008 -2.017813 -1.352845
 158.980008 -1.505460 -1.631951
 159.180008 -2.132248 -1.644590
 159.380008 -1.806143 -1.394870
 159.580008 -1.701528 -1.501449
 159.780008 -2.063778 -1.563985
 159.980008 -1.422556 -1.425661
 160.180008 -1.789852 -1.549992
 160.380008 -1.964624 -1.536200
 160.580008 -1.563135 -1.441978
 160.780008 -2.089086 -1.359456
 160.980008 -1.712881 -1.767321
 161.180008 -1.756743 -1.150086
 161.380008 -1.935844 -1.471019
 161.580008 -1.625529 -1.747344
 161.780008 -1.956724 -1.286484
 161.980008 -1.864124 -1.579102
 162.180008 -1.765013 -1.453701
 162.380008 -1.761009 -1.480974
 162.580008 -1.712479 -1.560837
 162.780008 -1.729245 -1.295402
 162.980008 -1.645517 -1.627569
 163.180008 -1.648602 -1.575739
 163.380008 -1.814887 -1.360662
 163.580008 -1.755951 -1.706823
 163.780008 -1.721411 -1.334744
 163.980008 -1.852630 -1.474380
 164.180008 -1.838138 -1.492525
 164.380008 -1.837355 -1.321058
 164.580008 -1.711903 -1.745801
 164.780008 -1.862552 -1.430036
 164.980008 -1.700705 -1.366193
 165.180008 -1.901544 -1.561150
 165.380008 -1.646340 -1.503462
 165.580008 -1.679752 -1.324382
 165.780008 -1.898514 -1.622301
 165.980008 -1.637512 -1.275884
 166.180008 -1.695477 -1.524171
 166.380008 -2.003020 -1.526864
 166.580008 -1.677212 -1.437046
 166.780008 -1.759591 -1.471342
 166.980008 -1.851295 -1.427061
 167.180008 -1.529898 -1.626863
 167.380008 -1.989457 -1.288794
 167.580008 -1.772161 -1.819156
 167.780008 -1.846058 -1.224298
 167.980008 -1.970532 -1.689536
 168.180008 -1.842429 -1.716724
 168.380008 -1.876573 -1.408684
 168.580008 -1.955772 -1.566073
 168.780008 -1.848242 -1.671542
 168.980008 -2.038294 -1.268474
 169.180008 -1.741672 -1.785623
 169.380008 -1.879123 -1.427077
 169.580008 -1.807464 -1.309022
 169.780008 -1.869112 -1.867131
 169.980008 -1.911809 -1.243831
 170.180008 -1.611012 -1.593788
 170.380008 -1.863814 -1.449563
 170.580008 -1.654393 -1.492169
 170.780008 -1.632821 -1.479691
 170.980008 -2.120085 -1.470524
 171.180008 -1.514102 -1.545546
 171.380008 -1.716432 -1.532209
 171.580008 -1.944696 -1.501955
 171.780008 -1.529196 -1.412966
 171.980008 -1.829216 -1.614975
 172.180008 -1.931766 -1.387604
 172.380008 -1.580134 -1.456145
 172.580008 -2.240259 -1.414692
 172.780008 -1.649320 -1.673431
 172.980008 -1.815858 -1.351953
 173.180008 -1.940227 -1.555805
 173.380008 -1.795851 -1.538216
 173.580008 -1.860963 -1.312776
 173.780008 -2.014490 -1.966180
 173.980008 -2.040999 -1.343157
 174.180008 -1.606040 -1.388034
 174.380008 -1.916989 -1.704706
 174.580008 -1.800940 -1.576659
 174.780008 -1.711115 -1.354034
 174.980008 -2.064497 -1.784847
 175.180008 -1.649532 -1.483593
 175.380008 -1.700219 -1.377110
 175.580008 -2.136819 -1.640303
 175.780008 -1.610073 -1.405262
 175.980008 -1.780227 -1.599869
 176.180008 -2.021702 -1.544820
 176.380008 -1.531641 -1.190747
 176.580008 -1.916659 -1.638833
 176.780008 -1.999858 -1.696225
 176.980008 -1.589955 -1.234956
 177.180008 -2.090611 -1.623398
 177.380008 -1.469012 -1.393529
 177.580008 -1.700103 -1.400118
 177.780008 -2.178806 -1.572386
 177.980008 -1.607142 -1.398006
 178.180008 -1.799182 -1.416149
 178.380008 -1.997651 -1.584501
 178.580008 -1.443775 -1.283310
 178.780008 -1.897731 -1.565256
 178.980009 -1.954073 -1.761800
 179.180009 -1.541809 -1.117987
 179.380009 -2.071667 -1.873066
 179.580009 -1.885583 -1.537812
 179.780009 -1.622376 -1.434640
 179.980009 -1.832274 -1.635798
 180.180009 -1.751500 -1.511024
 180.380009 -1.708022 -1.229816
 180.580009 -2.003164 -1.747886
 180.780009 -1.727648 -1.534247
 180.980009 -1.631682 -1.395146
 181.180009 -1.924006 -1.560114
 181.380009 -1.518468 -1.320152
 181.580009 -1.793373 -1.639830
 181.780009 -1.830275 -1.549102
 181.980009 -1.569871 -1.304864
 182.180009 -1.819483 -1.460491
 182.380009 -1.733522 -1.645607
 182.580009 -1.667248 -1.160341
 182.780009 -1.758969 -1.566212
 182.980009 -1.752864 -1.470761
 183.180009 -1.561876 -1.288576
 183.380009 -1.781050 -1.638726
 183.580009 -2.063048 -1.445394
 183.780009 -1.590292 -1.521013
 183.980009 -2.019400 -1.558647
 184.180009 -1.717091 -1.479132
 184.380009 -1.636924 -1.521417
 184.580009 -2.009241 -1.360522
 184.780009 -1.490134 -1.652469
 184.980009 -1.920648 -1.315017
 185.180009 -1.796792 -1.619498
 185.380009 -1.767895 -1.460913
 185.580009 -1.905275 -1.468711
 185.780009 -1.539356 -1.699138
 185.980009 -1.878795 -1.454231
 186.180009 -1.845288 -1.486128
 186.380009 -1.560993 -1.786098
 186.580009 -2.063779 -1.311098
 186.780009 -1.650230 -1.788222
 186.980009 -2.079754 -1.467697
 187.180009 -2.019596 -1.391181
 187.380009 -1.610278 -1.707330
 187.580009 -2.073637 -1.405540
 187.780009 -1.779601 -1.529415
 187.980009 -1.621004 -1.510600
 188.180009 -1.954336 -1.340945
 188.380009 -1.665383 -1.523509
 188.580009 -1.843756 -1.504532
 188.780009 -1.707466 -1.382259
 188.980009 -1.571513 -1.585810
 189.180009 -1.766071 -1.457308
 189.380009 -1.649615 -1.416518
 189.580009 -1.660870 -1.660051
 189.780009 -1.902286 -1.343044
 189.980009 -1.773653 -1.549115
 190.180009 -1.731191 -1.457032
 190.380009 -1.744269 -1.556815
 190.580009 -1.575263 -1.415804
 190.780009 -1.930741 -1.546515
 190.980009 -1.775079 -1.542077
 191.180009 -1.766997 -1.502785
 191.380009 -1.901883 -1.497938
 191.580009 -1.716727 -1.540368
 191.780009 -1.834196 -1.486158
 191.980009 -1.930045 -1.566048
 192.180009 -1.614285 -1.451710
 192.380009 -1.906105 -1.371431
 192.580009 -1.640094 -1.829680
 192.780009 -1.929456 -1.318967
 192.980009 -2.023613 -1.524649
 193.180009 -1.846692 -1.602974
 193.380009 -1.757487 -1.374973
 193.580009 -1.804594 -1.429399
 193.780009 -1.730078 -1.712236
 193.980009 -1.865570 -1.230158
 194.180009 -1.891965 -1.604403
 194.380009 -1.683996 -1.539305
 194.580009 -1.769703 -1.222213
 194.780009 -1.794662 -1.729850
 194.980009 -1.917494 -1.424918
 195.180009 -1.758942 -1.393520
 195.380009 -1.754596 -1.576043
 195.580009 -1.820568 -1.449537
 195.780009 -1.648131 -1.298671
 195.980009 -1.867413 -1.655514
 196.180009 -1.906527 -1.390781
 196.380009 -1.800919 -1.500978
 196.580009 -1.959813 -1.522904
 196.780009 -1.704010 -1.504795
 196.980009 -1.870279 -1.510445
 197.180009 -1.974244 -1.510539
 197.380009 -1.621510 -1.433867
 197.580009 -1.908554 -1.464522
 197.780009 -1.768967 -1.696016
 197.980009 -1.863690 -1.166790
 198.180009 -1.731481 -1.658951
 198.380009 -1.786666 -1.440017
 198.580009 -1.634715 -1.580747
 198.780009 -1.838970 -1.436875
 198.980009 -1.805790 -1.466746
 199.180009 -1.645633 -1.442069
 199.380009 -1.839535 -1.501357
 199.580009 -1.722911 -1.511101
 199.780009 -1.721313 -1.322035
 199.980009 -1.791967 -1.645787
