#! FIELDS time phi psi
#! SET max_psi pi
 0.180000 -0.855119 -3.033152
 0.380000 -1.262511 2.733038
 0.580000 -0.800014 -2.851742
 0.780000 -1.344595 -3.102919
 0.980000 -1.102022 2.521948
 1.180000 -1.250632 -2.316233
 1.380000 -1.312142 2.905540
 1.580000 -1.083680 2.971881
 1.780000 -1.141131 -2.879896
 1.980000 -0.865292 2.753354
 2.180000 -1.555996 -2.871416
 2.380000 -0.993080 2.750239
 2.580000 -1.312779 -3.099068
 2.780000 -0.738461 2.983733
 2.980000 -1.231104 3.083415
 3.180000 -1.225017 -3.135777
 3.380000 -1.232039 2.834847
 3.580000 -0.995501 -2.699130
 3.780000 -1.193240 2.765773
 3.980000 -1.327027 -3.093187
 4.180000 -1.348592 2.884263
 4.380000 -0.989776 -3.086491
 4.580000 -1.053196 2.909811
 4.780000 -1.035488 -3.120918
 4.980000 -1.354040 3.024263
 5.180000 -1.252828 3.020805
 5.380000 -1.143554 -2.943622
 5.580000 -1.111333 2.936993
 5.780000 -1.338096 -3.010377
 5.980000 -1.171266 3.010922
 6.180000 -1.226821 -3.074200
 6.380000 -0.970103 3.114921
 6.580000 -1.146923 2.981092
 6.780000 -1.177678 -3.090773
 6.980000 -1.365956 2.846673
 7.180000 -1.182431 -2.980298
 7.380000 -1.084666 2.832985
 7.580000 -1.083166 -2.946001
 7.780000 -1.256718 2.952818
 7.980000 -1.119450 3.124928
 8.180000 -1.066973 -3.137224
 8.380000 -1.024514 2.933965
 8.580000 -1.171514 -3.019071
 8.780000 -1.223219 2.792186
 8.980000 -1.118089 -3.053420
 9.180000 -1.091772 2.965067
 9.380000 -1.031590 3.128781
 9.580000 -1.230298 3.016104
 9.780000 -1.122209 2.940821
 9.980000 -1.180569 3.114668
 10.180000 -1.023714 2.983966
 10.380000 -1.005580 -3.100974
 10.580001 -1.184614 2.995522
 10.780001 -1.216509 -3.135591
 10.980001 -1.083658 2.943493
 11.180001 -1.186452 -3.064523
 11.380001 -1.210590 2.982685
 11.580001 -1.291687 -3.123739
 11.780001 -1.230141 -3.129574
 11.980001 -1.021372 3.092750
 12.180001 -1.158970 -3.055198
 12.380001 -1.327511 2.983607
 12.580001 -1.490734 -2.999394
 12.780001 -1.256543 3.132799
 12.980001 -1.147645 -3.139432
 13.180001 -1.149849 -3.059265
 13.380001 -1.337070 3.005326
 13.580001 -1.224631 3.119317
 13.780001 -1.216197 -3.136808
 13.980001 -1.235422 3.101770
 14.180001 -1.209213 -3.056138
 14.380001 -1.168257 -3.134455
 14.580001 -1.222188 3.101830
 14.780001 -1.126805 3.091347
 14.980001 -1.294672 3.077105
 15.180001 -1.099191 2.951614
 15.380001 -1.183738 -3.105627
 15.580001 -0.903290 2.873174
 15.780001 -1.001136 3.065178
 15.980001 -1.061488 3.021650
 16.180001 -1.091286 3.085316
 16.380001 -1.009201 2.890455
 16.580001 -1.225473 -3.131778
 16.780001 -1.197421 2.979958
 16.980001 -1.233753 3.012412
 17.180001 -1.043051 -3.101666
 17.380001 -1.208209 3.026373
 17.580001 -1.246108 -2.976661
 17.780001 -1.286083 2.828963
 17.980001 -1.162857 -2.920331
 18.180001 -1.165891 2.938210
 18.380001 -1.239534 -3.065605
 18.580001 -1.340816 3.039814
 18.780001 -1.221833 3.109981
 18.980001 -1.257919 -2.878725
 19.180001 -1.135649 2.943777
 19.380001 -1.357809 -2.954009
 19.580001 -1.425067 3.018839
 19.780001 -1.427965 3.053598
 19.980001 -1.260968 -3.097115
 20.180001 -1.167916 3.056498
 20.380001 -1.185764 -3.053881
 20.580001 -1.258036 3.047228
 20.780001 -1.390808 3.138403
 20.980001 -1.065254 -3.122794
 21.180001 -1.146405 2.940504
 21.380001 -0.987140 -3.098392
 21.580001 -1.328484 2.896791
 21.780001 -1.222398 -3.072150
 21.980001 -1.260327 3.067531
 22.180001 -1.199679 3.107312
 22.380001 -1.173158 -3.044972
 22.580001 -1.269545 3.068432
 22.780001 -1.058560 -3.066641
 22.980001 -1.147964 2.917053
 23.180001 -1.097543 3.130361
 23.380001 -1.237420 3.021054
 23.580001 -1.232805 3.041982
 23.780001 -1.037402 3.053019
 23.980001 -1.141694 3.070984
 24.180001 -1.028243 3.057877
 24.380001 -1.075042 2.932444
 24.580001 -1.054170 3.013017
 24.780001 -1.058352 3.064444
 24.980001 -1.114669 3.018613
 25.180001 -0.981744 3.053248
 25.380001 -1.080015 2.993927
 25.580001 -1.099083 3.108068
 25.780001 -1.219240 3.037903
 25.980001 -1.282872 2.996133
 26.180001 -1.280807 3.044951
 26.380001 -1.257191 3.081168
 26.580001 -1.058633 3.095478
 26.780001 -1.108506 3.090315
 26.980001 -1.108004 3.048839
 27.180001 -1.120097 3.052178
 27.380001 -1.311122 3.131600
 27.580001 -1.228205 3.094584
 27.780001 -1.211642 -3.076599
 27.980001 -1.091652 3.076753
 28.180001 -1.173463 3.099182
 28.380001 -1.217795 3.073208
 28.580001 -1.147686 2.962493
 28.780001 -1.159280 -3.114266
 28.980001 -1.100820 3.092163
 29.180001 -1.150096 3.097602
 29.380001 -1.234964 3.011680
 29.580001 -1.216540 -3.111717
 29.780001 -1.340261 3.135352
 29.980001 -1.163385 3.138816
 30.180001 -1.327014 3.017359
 30.380001 -1.072124 3.141375
 30.580001 -1.252337 3.067237
 30.780001 -1.101784 3.122182
 30.980001 -1.155548 2.943215
 31.180001 -1.143086 -3.091867
 31.380001 -1.160427 2.945704
 31.580001 -1.134165 3.080086
 31.780002 -1.220000 3.022724
 31.980002 -1.082042 3.049726
 32.180002 -1.100111 3.075071
 32.380002 -1.082014 3.071484
 32.580002 -1.352592 3.069326
 32.780002 -1.085979 2.980837
 32.980002 -1.364868 3.123471
 33.180002 -0.986030 3.043487
 33.380002 -1.255548 3.126242
 33.580002 -0.932642 2.938233
 33.780002 -1.218122 -3.131846
 33.980002 -1.023504 3.017399
 34.180002 -1.006591 2.956370
 34.380002 -1.124916 -3.120732
 34.580002 -1.126988 2.853776
 34.780002 -1.150248 -3.031134
 34.980002 -1.112443 2.903920
 35.180002 -1.006811 -2.992968
 35.380002 -1.442657 -3.140520
 35.580002 -1.122893 2.931593
 35.780002 -1.280510 -2.998769
 35.980002 -1.093967 2.980579
 36.180002 -1.375527 -3.058964
 36.380002 -1.251778 3.061772
 36.580002 -1.222933 -3.120285
 36.780002 -1.123191 -3.083700
 36.980002 -1.258838 3.096016
 37.180002 -1.212459 3.087367
 37.380002 -1.258867 3.090648
 37.580002 -0.936936 3.118556
 37.780002 -1.354096 -3.112490
 37.980002 -1.219161 3.129404
 38.180002 -1.460216 3.056165
 38.380002 -1.158868 -3.014969
 38.580002 -1.225701 3.094038
 38.780002 -1.229621 -3.057127
 38.980002 -1.279130 2.874541
 39.180002 -1.190966 -3.060293
 39.380002 -1.248302 3.091354
 39.580002 -1.047518 3.137607
 39.780002 -1.196317 3.133913
 39.980002 -1.187320 2.852999
 40.180002 -1.062726 -2.897350
 40.380002 -0.954091 2.784766
 40.580002 -0.911000 3.133637
 40.780002 -1.073989 2.858073
 40.980002 -1.087788 2.980003
 41.180002 -1.107402 3.102647
 41.380002 -0.941345 2.906240
 41.580002 -1.112189 -3.028906
 41.780002 -1.112869 2.771151
 41.980002 -1.404590 -2.957939
 42.180002 -1.158128 2.786435
 42.380002 -1.172924 -2.903758
 42.580002 -1.155498 3.021611
 42.780002 -1.180058 3.035884
 42.980002 -1.156352 -2.959424
 43.180002 -1.131126 2.814539
 43.380002 -1.148365 -2.941910
 43.580002 -1.283438 2.910435
 43.780002 -1.123854 -3.081701
 43.980002 -1.062913 -3.058021
 44.180002 -1.192145 2.967014
 44.380002 -1.254997 -2.908357
 44.580002 -1.186329 2.824869
 44.780002 -1.272600 -2.738344
 44.980002 -1.124830 2.859217
 45.180002 -1.306539 -2.967863
 45.380002 -1.199128 3.085760
 45.580002 -1.043084 2.993269
 45.780002 -1.099757 3.134311
 45.980002 -0.889813 2.845086
 46.180002 -1.252251 -3.117260
 46.380002 -1.097054 2.783720
 46.580002 -1.209229 -3.005305
 46.780002 -1.025603 2.941711
 46.980002 -1.330635 -3.067496
 47.180002 -1.060830 3.029409
 47.380002 -1.242130 3.140236
 47.580002 -1.135290 3.134867
 47.780002 -1.166210 3.076805
 47.980002 -1.334096 -3.067044
 48.180002 -1.118082 2.878090
 48.380002 -1.425620 -2.934887
 48.580002 -0.861751 2.907640
 48.780002 -1.156645 3.087239
 48.980002 -1.167017 -3.079934
 49.180002 -1.049018 2.936436
 49.380002 -1.242924 -3.073298
 49.580002 -1.083883 2.915336
 49.780002 -1.123289 3.131857
 49.980002 -1.063983 3.041418
 50.180002 -1.230349 -3.000542
 50.380002 -1.411320 3.138900
 50.580002 -1.254581 3.069406
 50.780002 -1.112367 -2.980675
 50.980002 -1.109953 2.844771
 51.180002 -1.314845 -2.847450
 51.380002 -1.337692 2.769072
 51.580002 -1.303658 -2.843380
 51.780002 -1.074572 2.854263
 51.980002 -1.129069 -3.073509
 52.180002 -1.245920 -3.078306
 52.380002 -0.945503 2.843906
 52.580002 -1.152444 -2.859958
 52.780003 -1.049664 2.724187
 52.980003 -1.369084 -3.083373
 53.180003 -0.988035 2.958743
 53.380003 -0.854358 3.001549
 53.580003 -1.009841 -3.134497
 53.780003 -1.135058 2.929258
 53.980003 -1.212780 -2.998256
 54.180003 -1.238191 2.808841
 54.380003 -1.070967 -3.048583
 54.580003 -1.138023 2.907139
 54.780003 -1.050180 3.109895
 54.980003 -1.166867 -3.106712
 55.180003 -1.009979 2.743108
 55.380003 -1.063819 -2.861771
 55.580003 -1.106238 2.765248
 55.780003 -1.116342 -3.011268
 55.980003 -1.211011 3.018315
 56.180003 -1.048214 3.029835
 56.380003 -1.286772 -3.043944
 56.580003 -1.239684 2.860578
 56.780003 -1.244961 -2.972274
 56.980003 -1.130394 2.878638
 57.180003 -1.033525 -3.062066
 57.380003 -1.208366 2.975342
 57.580003 -1.174343 3.068001
 57.780003 -1.137805 3.139692
 57.980003 -1.077214 2.997859
 58.180003 -1.209906 -3.097537
 58.380003 -1.127638 2.901488
 58.580003 -1.176286 -3.101488
 58.780003 -1.047671 2.907625
 58.980003 -1.109227 -3.113403
 59.180003 -1.210375 3.036417
 59.380003 -1.291021 3.031750
 59.580003 -1.061548 -3.100389
 59.780003 -1.088383 2.915738
 59.980003 -1.100539 -3.093476
 60.180003 -1.323759 2.973808
 60.380003 -1.239003 2.952230
 60.580003 -1.183687 -3.021321
 60.780003 -1.033421 3.018162
 60.980003 -1.230123 -3.001789
 61.180003 -1.218108 3.039029
 61.380003 -1.199266 3.024079
 61.580003 -1.098909 -3.043262
 61.780003 -1.136147 2.968118
 61.980003 -1.310800 -3.135736
 62.180003 -1.174850 3.035320
 62.380003 -1.013431 -3.097448
 62.580003 -1.134724 -3.139142
 62.780003 -1.241525 3.092031
 62.980003 -1.376285 3.056678
 63.180003 -1.323217 3.046124
 63.380003 -1.234051 -3.137072
 63.580003 -1.055514 3.047642
 63.780003 -1.211652 -3.083972
 63.980003 -1.223134 2.942137
 64.180003 -1.359084 -2.980476
 64.380003 -1.169324 2.881396
 64.580003 -1.155430 -2.997112
 64.780003 -1.096920 2.980310
 64.980003 -1.237072 2.940766
 65.180003 -1.053375 -3.102632
 65.380003 -1.045050 2.910328
 65.580003 -1.199195 -3.027728
 65.780003 -1.039285 2.779959
 65.980003 -1.147167 -2.960113
 66.180003 -0.987481 2.837368
 66.380003 -1.186420 -3.016531
 66.580003 -1.127541 2.982209
 66.780003 -1.030461 3.038867
 66.980003 -1.141759 -3.063203
 67.180003 -1.112436 2.899141
 67.380003 -1.280986 -2.924293
 67.580003 -1.171603 2.886448
 67.780003 -1.209743 -2.912286
 67.980003 -1.188131 2.965735
 68.180003 -1.283758 -2.997935
 68.380003 -1.153109 -3.072304
 68.580003 -1.154132 3.018948
 68.780003 -1.320391 -2.968395
 68.980003 -1.389988 2.873715
 69.180003 -1.225416 -2.965980
 69.380003 -1.141175 2.989839
 69.580003 -0.902120 -3.084285
 69.780003 -1.277517 3.043616
 69.980003 -1.137279 3.062530
 70.180003 -1.189802 -3.131863
 70.380003 -0.983930 2.896698
 70.580003 -1.181897 3.122371
 70.780003 -1.140816 2.902555
 70.980003 -1.303317 3.127071
 71.180003 -1.027875 3.048893
 71.380003 -1.089495 3.077029
 71.580003 -1.131257 3.098474
 71.780003 -1.171700 2.885264
 71.980003 -1.213915 -3.079660
 72.180003 -0.963914 2.836323
 72.380003 -1.036407 -3.054867
 72.580003 -1.215244 3.030041
 72.780003 -1.266154 3.047438
 72.980003 -1.261122 -3.046602
 73.180003 -1.192824 2.963588
 73.380003 -1.262739 -2.809844
 73.580003 -1.260856 2.932023
 73.780004 -1.433214 -3.034694
 73.980004 -1.144680 3.084181
 74.180004 -1.191267 -3.126339
 74.380004 -1.231667 -3.034183
 74.580004 -1.284934 2.961421
 74.780004 -1.259843 -2.912549
 74.980004 -1.103678 2.895078
 75.180004 -1.209919 -2.909985
 75.380004 -1.234296 2.921398
 75.580004 -1.291678 3.123503
 75.780004 -1.337076 -2.937615
 75.980004 -1.014425 2.820447
 76.180004 -1.243552 -2.827248
 76.380004 -1.190625 2.918390
 76.580004 -1.230944 3.057325
 76.780004 -1.058360 -3.137621
 76.980004 -0.916085 2.974515
 77.180004 -1.381375 -3.092030
 77.380004 -1.235788 2.815617
 77.580004 -1.201535 -2.924663
 77.780004 -1.052461 2.790272
 77.980004 -1.114582 -3.107021
 78.180004 -1.109819 2.974709
 78.380004 -0.804727 2.954934
 78.580004 -1.046220 -3.126124
 78.780004 -0.965724 2.755228
 78.980004 -1.301711 -3.061837
 79.180004 -1.004255 2.842298
 79.380004 -1.063646 -2.996030
 79.580004 -1.042640 2.973720
 79.780004 -1.274103 -3.121034
 79.980004 -1.207840 -3.112293
 80.180004 -1.127202 3.024327
 80.380004 -1.152733 -2.916711
 80.580004 -1.148057 2.768428
 80.780004 -1.221841 -3.010684
 80.980004 -1.194126 2.931320
 81.180004 -0.992693 3.096582
 81.380004 -1.219273 -3.060406
 81.580004 -1.126076 2.886759
 81.780004 -1.285603 -3.019213
 81.980004 -1.088490 2.933148
 82.180004 -1.071463 -3.068855
 82.380004 -1.260376 3.047402
 82.580004 -1.225531 2.971138
 82.780004 -1.182624 -3.025961
 82.980004 -1.039238 2.898339
 83.180004 -1.153656 -3.065022
 83.380004 -1.135044 3.001186
 83.580004 -1.285460 3.135086
 83.780004 -1.175721 3.051599
 83.980004 -1.256362 -3.097952
 84.180004 -1.018782 3.120439
 84.380004 -1.216981 2.944952
 84.580004 -1.268165 -3.092107
 84.780004 -1.209822 2.934549
 84.980004 -1.138408 -2.926763
 85.180004 -1.072111 2.974139
 85.380004 -1.129726 -3.021671
 85.580004 -1.196254 3.051396
 85.780004 -1.106577 2.969969
 85.980004 -1.170236 -2.870606
 86.180004 -1.217469 2.812796
 86.380004 -1.294263 -2.933762
 86.580004 -1.306076 2.903795
 86.780004 -1.053880 -3.055021
 86.980004 -1.010663 3.011983
 87.180004 -1.181796 3.074949
 87.380004 -1.373161 -2.991124
 87.580004 -1.283814 2.755372
 87.780004 -1.229454 -2.872013
 87.980004 -1.169600 2.902589
 88.180004 -1.066234 3.141148
 88.380004 -1.178318 3.131342
 88.580004 -1.021371 3.016164
 88.780004 -1.012408 -3.059346
 88.980004 -1.235267 2.912974
 89.180004 -1.454370 3.117347
 89.380004 -1.007127 2.849980
 89.580004 -1.100095 -3.070255
 89.780004 -0.971761 2.992737
 89.980004 -1.269795 3.013704
 90.180004 -1.153683 -3.086370
 90.380004 -1.267017 2.825028
 90.580004 -1.131364 -2.889084
 90.780004 -1.165086 2.829953
 90.980004 -1.170559 3.096082
 91.180004 -1.186122 3.113139
 91.380004 -1.092408 2.997250
 91.580004 -1.106237 -3.076693
 91.780004 -1.192108 2.955178
 91.980004 -1.386937 -3.139831
 92.180004 -1.236703 2.911593
 92.380004 -1.121790 -3.075545
 92.580004 -0.970369 3.088878
 92.780004 -1.133105 3.066660
 92.980004 -1.387161 3.048923
 93.180004 -1.284540 2.840033
 93.380004 -1.213870 -3.012416
 93.580004 -0.889257 2.813213
 93.780004 -1.103862 -3.064277
 93.980004 -1.190552 3.031932
 94.180004 -1.038179 2.980349
 94.380004 -1.240874 -3.021345
 94.580004 -1.036108 2.981441
 94.780005 -1.281134 -3.069451
 94.980005 -1.297845 3.015216
 95.180005 -1.197036 3.035562
 95.380005 -1.246458 -3.110198
 95.580005 -0.977170 3.041718
 95.780005 -1.125722 -3.122778
 95.980005 -1.174106 3.085916
 96.180005 -1.101824 3.065407
 96.380005 -1.170087 3.102874
 96.580005 -1.059349 3.050383
 96.780005 -1.115849 2.990908
 96.980005 -1.241514 3.100612
 97.180005 -1.184903 3.026457
 97.380005 -1.049680 -3.047631
 97.580005 -0.987007 3.083428
 97.780005 -1.255070 -3.134816
 97.980005 -1.271903 2.995731
 98.180005 -1.357197 -3.131149
 98.380005 -1.109682 2.995208
 98.580005 -1.149121 -2.985278
 98.780005 -1.158639 2.909719
 98.980005 -1.155116 -3.140644
 99.180005 -1.040073 3.066111
 99.380005 -0.947907 3.060746
 99.580005 -1.161490 3.068318
 99.780005 -1.255437 2.949336
 99.980005 -1.298895 3.051481
 100.180005 -1.047306 3.116527
 100.380005 -1.065514 3.052481
 100.580005 -1.188342 3.055566
 100.780005 -1.319597 2.953774
 100.980005 -1.179529 3.006340
 101.180005 -1.002198 -3.085469
 101.380005 -1.166617 3.125481
 101.580005 -1.258231 2.947338
 101.780005 -1.274016 -2.984431
 101.980005 -1.039114 2.769500
 102.180005 -0.961374 -2.928304
 102.380005 -1.465195 2.809234
 102.580005 -1.290442 3.062731
 102.780005 -1.253309 3.086936
 102.980005 -0.981706 3.073666
 103.180005 -1.218101 -3.021630
 103.380005 -1.312964 2.840162
 103.580005 -1.337184 -3.126188
 103.780005 -1.252857 3.042891
 103.980005 -1.008745 -3.128399
 104.180005 -1.212419 -3.128832
 104.380005 -1.296955 2.943169
 104.580005 -1.349886 -3.074411
 104.780005 -1.128376 2.921098
 104.980005 -1.003354 -2.943706
 105.180005 -1.300203 2.995760
 105.380005 -1.105429 3.032630
 105.580005 -1.322756 -3.077068
 105.780005 -0.901220 2.924404
 105.980005 -1.391670 -2.838918
 106.180005 -1.097150 2.931287
 106.380005 -1.378701 3.125858
 106.580005 -1.081550 -3.092343
 106.780005 -1.104982 3.070896
 106.980005 -1.297064 -3.055059
 107.180005 -1.305470 2.879894
 107.380005 -1.257279 -3.051726
 107.580005 -1.020912 2.945680
 107.780005 -1.200843 -3.021769
 107.980005 -1.052670 2.960466
 108.180005 -1.087623 3.101786
 108.380005 -1.051131 3.063358
 108.580005 -1.189325 3.034523
 108.780005 -1.007523 -3.105845
 108.980005 -1.101444 2.949127
 109.180005 -1.083495 -2.988936
 109.380005 -1.172682 2.889050
 109.580005 -1.121075 -3.100795
 109.780005 -1.106196 2.934735
 109.980005 -1.149259 3.016410
 110.180005 -1.300954 -3.129694
 110.380005 -0.899928 2.872344
 110.580005 -1.086444 -2.980611
 110.780005 -1.060071 2.912654
 110.980005 -1.373436 3.057259
 111.180005 -1.241276 3.137071
 111.380005 -1.083031 2.951886
 111.580005 -1.025374 -2.961665
 111.780005 -1.299218 3.015634
 111.980005 -1.232143 3.069850
 112.180005 -1.037109 -3.096028
 112.380005 -1.222879 3.099731
 112.580005 -1.169680 -3.120044
 112.780005 -1.444626 2.888741
 112.980005 -1.152918 -3.067687
 113.180005 -1.107933 2.997283
 113.380005 -0.965874 -3.100927
 113.580005 -1.223316 3.020012
 113.780005 -1.214468 3.036043
 113.980005 -1.244354 -3.097505
 114.180005 -1.070938 2.948929
 114.380005 -1.317213 -2.975277
 114.580005 -1.050687 3.001496
 114.780005 -1.283151 -3.120732
 114.980005 -1.134649 3.108654
 115.180005 -1.152715 2.976561
 115.380005 -1.190478 3.132579
 115.580005 -1.183409 2.949252
 115.780005 -0.970500 2.988511
 115.980006 -1.022918 3.097450
 116.180006 -0.738965 2.987022
 116.380006 -1.050777 3.033959
 116.580006 -1.056107 2.918542
 116.780006 -1.119281 2.930573
 116.980006 -1.116972 3.064161
 117.180006 -1.074029 2.958706
 117.380006 -1.072788 3.109168
 117.580006 -1.212065 3.006720
 117.780006 -0.913598 3.086683
 117.980006 -1.192204 2.988462
 118.180006 -0.969153 -3.102214
 118.380006 -1.389064 2.977927
 118.580006 -1.061289 3.085396
 118.780006 -1.229642 3.110981
 118.980006 -1.111353 3.122191
 119.180006 -1.207475 3.068658
 119.380006 -1.322419 -2.996789
 119.580006 -1.183892 3.074109
 119.780006 -1.223966 -3.016921
 119.980006 -1.246634 3.110081
 120.180006 -1.229219 3.086958
 120.380006 -1.309812 -3.059358
 120.580006 -1.067799 2.984767
 120.780006 -1.205321 -3.011008
 120.980006 -1.145094 2.950029
 121.180006 -1.243113 3.038702
 121.380006 -0.956870 3.063434
 121.580006 -0.948601 2.940896
 121.780006 -1.068979 3.120931
 121.980006 -1.153554 2.912833
 122.180006 -1.241221 3.059306
 122.380006 -1.107663 3.061027
 122.580006 -1.154595 2.998692
 122.780006 -1.210002 3.135580
 122.980006 -1.130794 2.996791
 123.180006 -1.253910 3.123892
 123.380006 -1.014861 2.930008
 123.580006 -1.239019 3.099221
 123.780006 -1.048450 2.993728
 123.980006 -0.988482 2.970516
 124.180006 -1.130232 -3.061083
 124.380006 -0.964313 2.826630
 124.580006 -1.142874 3.139322
 124.780006 -1.022305 2.942380
 124.980006 -1.112642 3.077136
 125.180006 -1.145240 2.982127
 125.380006 -1.300277 -3.133451
 125.580006 -1.235849 3.138819
 125.780006 -1.272158 -3.109613
 125.980006 -1.322434 -3.133815
 126.180006 -1.399085 3.048924
 126.380006 -1.343248 -3.032962
 126.580006 -1.211414 2.947751
 126.780006 -1.193031 -2.979086
 126.980006 -1.134411 3.084329
 127.180006 -1.128675 3.078941
 127.380006 -1.210994 -3.096092
 127.580006 -1.294871 2.998790
 127.780006 -1.281408 -3.071549
 127.980006 -1.118236 2.973889
 128.180006 -1.108792 -3.094949
 128.380006 -1.140082 3.028638
 128.580006 -1.108462 -3.115445
 128.780006 -1.270019 3.037428
 128.980006 -1.191409 -3.062754
 129.180006 -1.288513 2.910716
 129.380006 -1.222815 -3.059201
 129.580006 -1.027043 3.112376
 129.780006 -1.195775 3.109184
 129.980006 -1.210749 -3.124266
 130.180006 -1.233995 2.962784
 130.380006 -1.120571 3.044969
 130.580006 -1.009713 2.964793
 130.780006 -1.039996 3.005222
 130.980006 -1.193200 3.068600
 131.180006 -1.115419 3.019015
 131.380006 -1.103657 3.045144
 131.580006 -1.052149 3.086333
 131.780006 -1.021472 2.948657
 131.980006 -1.041317 2.998017
 132.180006 -1.064372 3.094566
 132.380006 -1.058568 3.000336
 132.580006 -1.163923 3.139412
 132.780006 -1.079250 2.890065
 132.980006 -1.327901 -3.083486
 133.180006 -1.000152 2.961205
 133.380006 -1.070930 -3.097600
 133.580006 -1.220239 3.047260
 133.780006 -1.242595 3.002247
 133.980006 -1.356889 -3.126209
 134.180006 -1.213773 3.046463
 134.380006 -1.239530 -3.073059
 134.580006 -1.201788 -3.110468
 134.780006 -1.354868 3.056219
 134.980006 -1.238065 -3.087484
 135.180006 -1.113259 2.981870
 135.380006 -1.112291 -3.113300
 135.580006 -1.299194 -3.137347
 135.780006 -1.224826 3.087240
 135.980006 -1.241896 3.053045
 136.180006 -1.129338 3.121336
 136.380006 -1.021350 3.067989
 136.580006 -1.152754 3.130324
 136.780006 -1.194619 3.022656
 136.980007 -1.276422 -3.082609
 137.180007 -1.230531 3.086010
 137.380007 -1.153915 3.098263
 137.580007 -1.367123 3.113285
 137.780007 -1.079429 3.025235
 137.980007 -1.181010 -3.103577
 138.180007 -1.112469 3.070210
 138.380007 -1.157502 2.989253
 138.580007 -1.153602 3.127730
 138.780007 -1.032235 2.990003
 138.980007 -1.065522 3.106026
 139.180007 -1.109932 3.036303
 139.380007 -1.104264 3.093907
 139.580007 -1.220109 2.995350
 139.780007 -1.243380 -3.120957
 139.980007 -1.117082 2.924043
 140.180007 -1.190206 -3.084147
 140.380007 -1.110998 3.052682
 140.580007 -1.115914 3.110675
 140.780007 -1.233721 -3.113481
 140.980007 -1.067845 2.934814
 141.180007 -1.090858 -3.132182
 141.380007 -1.113633 2.989591
 141.580007 -1.134657 3.006978
 141.780007 -1.305637 -3.091230
 141.980007 -1.014533 2.894068
 142.180007 -1.195044 -3.057706
 142.380007 -1.207340 2.991833
 142.580007 -1.080142 3.121375
 142.780007 -1.325219 3.007872
 142.980007 -0.963127 3.105113
 143.180007 -1.221449 3.008486
 143.380007 -1.097339 -3.011810
 143.580007 -1.296907 2.970799
 143.780007 -1.141932 3.081240
 143.980007 -1.174460 -3.077531
 144.180007 -0.923497 2.939056
 144.380007 -1.127180 -3.042598
 144.580007 -1.173346 2.902580
 144.780007 -1.262632 -3.063994
 144.980007 -1.127590 2.968651
 145.180007 -1.116355 3.049233
 145.380007 -1.274457 -3.067451
 145.580007 -1.113746 2.887371
 145.780007 -1.160084 -2.907851
 145.980007 -1.099685 2.935395
 146.180007 -1.362437 -3.087630
 146.380007 -1.290345 2.945950
 146.580007 -1.108172 -3.141243
 146.780007 -1.096652 3.110661
 146.980007 -1.236362 3.048354
 147.180007 -1.298055 3.137412
 147.380007 -1.086673 2.955805
 147.580007 -1.150938 -3.034105
 147.780007 -1.033513 2.902818
 147.980007 -1.331864 3.052039
 148.180007 -1.178874 2.865190
 148.380007 -1.110589 3.104489
 148.580007 -0.886215 3.102476
 148.780007 -1.078216 2.909042
 148.980007 -1.204513 3.079663
 149.180007 -1.247525 3.030755
 149.380007 -0.991625 -3.136231
 149.580007 -1.097345 3.037410
 149.780007 -1.222253 3.097911
 149.980007 -1.252732 2.879586
 150.180007 -1.095855 -3.116628
 150.380007 -0.924808 2.941776
 150.580007 -1.021845 -3.087401
 150.780007 -1.248266 3.087754
 150.980007 -1.139094 2.927566
 151.180007 -1.215876 -3.120993
 151.380007 -1.231441 2.934470
 151.580007 -1.098531 3.120943
 151.780007 -1.282200 3.080982
 151.980007 -1.079701 3.119864
 152.180007 -1.166939 3.069672
 152.380007 -1.075786 -3.072826
 152.580007 -1.176242 2.983852
 152.780007 -1.100546 3.000457
 152.980007 -0.993119 3.089838
 153.180007 -0.998480 2.837501
 153.380007 -1.181575 -3.055051
 153.580007 -1.092249 2.894671
 153.780007 -1.193701 3.102736
 153.980007 -1.109118 3.050358
 154.180007 -1.052786 2.912264
 154.380007 -1.190373 -2.998569
 154.580007 -0.999787 2.823454
 154.780007 -1.127145 -3.009443
 154.980007 -1.002082 2.799955
 155.180007 -1.190042 -3.106650
 155.380007 -1.162335 2.941993
 155.580007 -1.059174 3.091118
 155.780007 -1.166069 -3.087661
 155.980007 -1.085121 2.986931
 156.180007 -1.200518 -3.140297
 156.380007 -0.998869 2.939593
 156.580007 -1.084903 3.047047
 156.780007 -1.199914 3.085852
 156.980007 -1.164254 2.991248
 157.180007 -1.049590 -3.124898
 157.380007 -1.093559 2.940506
 157.580007 -0.950835 -3.133169
 157.780007 -1.328623 3.082299
 157.980008 -1.040967 3.018904
 158.180008 -1.245396 -3.074705
 158.380008 -0.997083 3.036695
 158.580008 -1.163472 3.091144
 158.780008 -1.286915 2.957503
 158.980008 -1.042627 -3.123547
 159.180008 -1.181345 3.129817
 159.380008 -1.115870 3.019920
 159.580008 -1.329400 -3.118842
 159.780008 -1.025230 2.886410
 159.980008 -1.203338 -3.003058
 160.180008 -1.072212 2.794089
 160.380008 -1.310182 -3.043758
 160.580008 -1.078160 2.852446
 160.780008 -1.134004 -2.966334
 160.980008 -0.950461 2.948089
 161.180008 -1.231795 2.868202
 161.380008 -1.184074 -2.802240
 161.580008 -1.063424 2.610303
 161.780008 -1.170011 -2.669144
 161.980008 -1.274792 2.813452
 162.180008 -1.235638 3.115859
 162.380008 -1.203151 -3.137167
 162.580008 -0.906918 2.888534
 162.780008 -1.280816 -2.911829
 162.980008 -1.026935 2.737661
 163.180008 -1.379468 -2.947900
 163.380008 -0.933206 2.776097
 163.580008 -1.143493 -3.134455
 163.780008 -1.055212 2.971103
 163.980008 -1.001888 2.981525
 164.180008 -1.216663 -3.082261
 164.380008 -1.044360 2.801090
 164.580008 -1.084753 -2.811468
 164.780008 -1.376911 2.771185
 164.980008 -1.181769 -2.986940
 165.180008 -1.224192 2.831855
 165.380008 -0.977957 -2.874141
 165.580008 -1.250393 3.094348
 165.780008 -1.312341 2.995646
 165.980008 -1.269056 -2.718079
 166.180008 -1.125088 2.997946
 166.380008 -1.330293 -3.056688
 166.580008 -1.281072 2.954300
 166.780008 -1.115748 3.079546
 166.980008 -0.904058 3.136097
 167.180008 -1.092935 2.993099
 167.380008 -1.365844 -2.992630
 167.580008 -1.192405 2.703304
 167.780008 -1.363224 -2.628973
 167.980008 -1.112518 2.651068
 168.180008 -1.329717 -2.758625
 168.380008 -1.188733 2.937493
 168.580008 -1.115455 -3.045606
 168.780008 -1.033221 3.134314
 168.980008 -1.183452 2.905406
 169.180008 -1.403399 -2.974334
 169.380008 -0.994478 2.778991
 169.580008 -1.190823 -2.853762
 169.780008 -1.053198 2.831076
 169.980008 -1.525886 -3.103789
 170.180008 -1.030588 2.905036
 170.380008 -0.987514 -3.053157
 170.580008 -1.074197 3.052309
 170.780008 -1.239282 2.956101
 170.980008 -1.292093 -3.064110
 171.180008 -1.156921 2.866359
 171.380008 -1.189342 -2.965306
 171.580008 -1.445405 2.957591
 171.780008 -1.349290 2.994622
 171.980008 -1.114064 -2.767707
 172.180008 -1.116396 2.842712
 172.380008 -1.321978 3.135465
 172.580008 -1.268467 -2.887820
 172.780008 -0.993506 2.808605
 172.980008 -1.137257 -2.910587
 173.180008 -1.396714 2.847660
 173.380008 -1.219776 2.971168
 173.580008 -1.108637 -3.005222
 173.780008 -0.899379 2.947235
 173.980008 -1.289194 -3.054258
 174.180008 -1.211233 2.797053
 174.380008 -1.331785 -2.923499
 174.580008 -0.913590 2.872925
 174.780008 -1.155348 -3.069654
 174.980008 -1.211271 2.883577
 175.180008 -1.251446 3.121735
 175.380008 -1.126657 -3.100558
 175.580008 -1.159858 3.005331
 175.780008 -1.267293 -3.068451
 175.980008 -1.030589 2.886374
 176.180008 -1.235707 -3.099919
 176.380008 -1.047838 2.926323
 176.580008 -1.268453 3.078918
 176.780008 -1.231767 -3.014511
 176.980008 -1.091323 2.971896
 177.180008 -1.215833 -3.115373
 177.380008 -1.182497 2.945786
 177.580008 -1.034027 -3.109921
 177.780008 -1.087652 3.114135
 177.980008 -1.180762 2.960912
 178.180008 -1.210783 -3.130898
 178.380008 -1.195373 2.898994
 178.580008 -0.932226 -3.017234
 178.780008 -1.230097 2.916516
 178.980009 -1.155224 3.056561
 179.180009 -1.245657 3.118514
 179.380009 -1.012769 3.135922
 179.580009 -1.160800 3.014146
 179.780009 -1.185739 3.037056
 179.980009 -1.236331 2.993796
 180.180009 -1.010430 -3.116148
 180.380009 -1.103858 2.895899
 180.580009 -1.085077 3.086848
 180.780009 -1.410163 3.022008
 180.980009 -0.883450 2.975342
 181.180009 -1.019734 3.042919
 181.380009 -0.905046 3.020175
 181.580009 -1.233219 3.006146
 181.780009 -1.187347 -3.135971
 181.980009 -1.098844 3.001376
 182.180009 -1.111125 -3.024663
 182.380009 -1.373488 3.032721
 182.580009 -1.223275 3.126235
 182.780009 -1.228915 3.024592
 182.980009 -0.994545 -3.105051
 183.180009 -1.272384 3.049538
 183.380009 -1.294428 3.074944
 183.580009 -1.286229 3.058474
 183.780009 -1.074322 3.075991
 183.980009 -1.093876 -3.007553
 184.180009 -1.309657 3.026825
 184.380009 -1.355343 3.051473
 184.580009 -1.311218 -3.108263
 184.780009 -0.979335 2.961788
 184.980009 -1.351872 -2.986437
 185.180009 -1.043790 2.884200
 185.380009 -1.247719 -3.103699
 185.580009 -1.067455 3.084652
 185.780009 -1.010339 3.018801
 185.980009 -1.120169 3.096881
 186.180009 -1.076191 2.980100
 186.380009 -1.207459 3.048867
 186.580009 -1.037569 3.120783
 186.780009 -1.068879 2.984503
 186.980009 -1.135657 3.058517
 187.180009 -1.248464 2.954870
 187.380009 -1.069496 -3.081215
 187.580009 -1.078098 2.929567
 187.780009 -0.977933 3.127980
 187.980009 -1.450851 3.079385
 188.180009 -1.102171 3.037154
 188.380009 -1.179483 -3.086752
 188.580009 -1.088475 3.066631
 188.780009 -1.179576 -3.132218
 188.980009 -1.141522 3.053288
 189.180009 -1.233512 3.083116
 189.380009 -1.206035 -3.073042
 189.580009 -1.219793 3.025996
 189.780009 -1.350465 -3.133726
 189.980009 -1.182028 3.008524
 190.180009 -1.130644 -3.117273
 190.380009 -0.991520 3.095659
 190.580009 -1.265862 2.973353
 190.780009 -1.185451 3.054131
 190.980009 -1.228513 2.905005
 191.180009 -0.905300 -3.039165
 191.380009 -1.100921 2.935203
 191.580009 -1.012112 3.057305
 191.780009 -1.198225 3.113188
 191.980009 -0.741693 2.812194
 192.180009 -1.142053 -3.079051
 192.380009 -1.011290 2.863938
 192.580009 -1.244987 3.108010
 192.780009 -0.893150 3.061529
 192.980009 -1.067870 3.035245
 193.180009 -1.203286 -3.049328
 193.380009 -1.481768 2.825598
 193.580009 -1.256250 -3.008232
 193.780009 -1.101432 2.967229
 193.980009 -1.144035 -2.941720
 194.180009 -1.239256 3.053475
 194.380009 -1.319870 3.051241
 194.580009 -1.098659 -2.896618
 194.780009 -1.147818 2.930728
 194.980009 -1.266505 -3.022785
 195.180009 -1.379722 3.108282
 195.380009 -1.233627 3.012924
 195.580009 -1.035484 -2.935155
 195.780009 -1.368645 2.917334
 195.980009 -1.237415 -2.900854
 196.180009 -1.432266 2.893446
 196.380009 -1.268624 -2.946028
 196.580009 -0.997151 2.913008
 196.780009 -1.137514 -3.128161
 196.980009 -1.289631 -2.868700
 197.180009 -1.072528 2.661639
 197.380009 -1.201766 -2.653939
 197.580009 -1.134067 2.746203
 197.780009 -1.337346 3.080496
 197.980009 -1.039177 -2.910457
 198.180009 -1.085671 2.860089
 198.380009 -1.300764 -3.062976
 198.580009 -1.407659 2.801035
 198.780009 -1.129802 -3.026540
 198.980009 -1.116758 3.037403
 199.180009 -1.129062 -2.979806
 199.380009 -1.198068 3.088755
 199.580009 -1.342988 2.920654
 199.780009 -0.999563 -2.888708
 199.980009 -1.224652 2.893589
