#! FIELDS time phi psi
#! SET max_psi pi
 0.180000 -0.612626 2.323677
 0.380000 -0.461935 1.543348
 0.580000 -0.611293 1.957584
 0.780000 -1.173457 1.572834
 0.980000 -0.664867 1.963203
 1.180000 -0.699215 1.516118
 1.380000 -0.860035 1.844595
 1.580000 -0.273891 1.579479
 1.780000 -0.925122 1.807452
 1.980000 -0.762880 1.502400
 2.180000 -0.778764 1.939662
 2.380000 -0.781128 1.503134
 2.580000 -0.722691 2.106029
 2.780000 -0.811834 1.368368
 2.980000 -0.796352 1.950480
 3.180000 -0.361584 1.478059
 3.380000 -0.780348 2.055919
 3.580000 -0.565037 1.412627
 3.780000 -0.526949 1.830395
 3.980000 -0.585469 1.491721
 4.180000 -0.709951 1.886000
 4.380000 -0.657767 1.590131
 4.580000 -0.551132 1.894367
 4.780000 -0.748021 1.462142
 4.980000 -0.831607 2.045960
 5.180000 -0.675298 1.496121
 5.380000 -0.970714 1.888082
 5.580000 -0.648187 1.702582
 5.780000 -0.857646 1.894657
 5.980000 -0.752813 1.526697
 6.180000 -0.561171 1.715569
 6.380000 -0.942721 1.727523
 6.580000 -0.726833 1.855102
 6.780000 -0.350789 1.510894
 6.980000 -0.622961 1.820888
 7.180000 -0.891810 1.612987
 7.380000 -0.739523 1.844728
 7.580000 -0.520949 1.562943
 7.780000 -0.575528 1.832511
 7.980000 -0.743473 1.607649
 8.180000 -0.731098 1.752341
 8.380000 -0.601554 1.620247
 8.580000 -0.599535 1.776614
 8.780000 -0.652755 1.668714
 8.980000 -0.475505 1.662937
 9.180000 -0.836198 1.645174
 9.380000 -0.637399 1.724232
 9.580000 -0.373390 1.572093
 9.780000 -0.679652 1.665435
 9.980000 -0.565953 1.693064
 10.180000 -0.707853 1.742779
 10.380000 -0.556314 1.562363
 10.580001 -0.651893 1.808730
 10.780001 -0.786726 1.581706
 10.980001 -0.692762 1.742419
 11.180001 -0.627603 1.777400
 11.380001 -0.811075 1.634323
 11.580001 -0.910327 1.801632
 11.780001 -0.645510 1.878993
 11.980001 -0.872867 1.498080
 12.180001 -0.585937 1.881972
 12.380001 -0.747462 1.684952
 12.580001 -0.954014 1.802058
 12.780001 -0.698134 1.640188
 12.980001 -0.782902 1.779795
 13.180001 -0.751624 1.585625
 13.380001 -0.654100 1.941414
 13.580001 -0.667568 1.547939
 13.780001 -0.723233 1.883538
 13.980001 -0.963039 1.688646
 14.180001 -0.816150 1.855672
 14.380001 -0.456587 1.569293
 14.580001 -0.772458 1.870334
 14.780001 -0.940701 1.641654
 14.980001 -0.688294 1.835239
 15.180001 -0.641676 1.609570
 15.380001 -0.846609 1.847179
 15.580001 -0.742688 1.612930
 15.780001 -0.809347 1.786012
 15.980001 -0.803193 1.680455
 16.180001 -0.776109 1.722938
 16.380001 -0.669489 1.522390
 16.580001 -0.625307 1.728347
 16.780001 -0.813098 1.600350
 16.980001 -0.774823 1.876131
 17.180001 -0.542843 1.668148
 17.380001 -0.682292 1.686566
 17.580001 -0.802176 1.628096
 17.780001 -0.599257 1.744857
 17.980001 -0.550468 1.611922
 18.180001 -0.571824 1.624579
 18.380001 -0.687188 1.663792
 18.580001 -0.692675 1.730411
 18.780001 -0.723248 1.707090
 18.980001 -0.674192 1.761877
 19.180001 -0.863821 1.710645
 19.380001 -0.721629 1.721580
 19.580001 -0.674376 1.635462
 19.780001 -0.690918 1.666898
 19.980001 -0.776947 1.800953
 20.180001 -0.592854 1.643161
 20.380001 -0.658177 1.680992
 20.580001 -0.554182 1.659596
 20.780001 -0.705381 1.635507
 20.980001 -0.646126 1.660690
 21.180001 -0.601970 1.739349
 21.380001 -0.555825 1.576541
 21.580001 -0.705618 1.702338
 21.780001 -0.558036 1.827625
 21.980001 -0.742817 1.472133
 22.180001 -0.559604 1.735757
 22.380001 -0.535949 1.611512
 22.580001 -0.835200 1.709643
 22.780001 -0.699294 1.619735
 22.980001 -0.574042 1.855438
 23.180001 -0.628442 1.527568
 23.380001 -0.837945 1.957119
 23.580001 -0.437086 1.569470
 23.780001 -0.642662 1.737212
 23.980001 -0.762649 1.611157
 24.180001 -0.845910 1.828922
 24.380001 -0.638031 1.569528
 24.580001 -0.612437 1.818345
 24.780001 -0.833868 1.571614
 24.980001 -0.758307 1.874086
 25.180001 -0.735936 1.698676
 25.380001 -0.798358 1.797248
 25.580001 -0.620080 1.682925
 25.780001 -0.845986 1.656680
 25.980001 -0.904302 1.826718
 26.180001 -0.835625 1.757305
 26.380001 -0.827843 1.658453
 26.580001 -0.386734 1.571638
 26.780001 -0.920857 1.907672
 26.980001 -0.767294 1.572725
 27.180001 -0.765071 1.895078
 27.380001 -0.566162 1.572512
 27.580001 -0.762886 1.810317
 27.780001 -0.468279 1.662615
 27.980001 -0.841623 1.758418
 28.180001 -0.565496 1.626930
 28.380001 -0.740577 1.632640
 28.580001 -0.765280 1.815781
 28.780001 -0.647798 1.718158
 28.980001 -0.895181 1.649235
 29.180001 -0.692370 1.769612
 29.380001 -0.696331 1.689446
 29.580001 -0.761879 1.610370
 29.780001 -0.601596 1.787066
 29.980001 -0.918426 1.760560
 30.180001 -0.709586 1.442056
 30.380001 -0.678991 1.960478
 30.580001 -0.698449 1.530326
 30.780001 -0.649236 1.743049
 30.980001 -0.602242 1.690289
 31.180001 -0.712208 1.656736
 31.380001 -0.722432 1.816567
 31.580001 -0.691076 1.719038
 31.780002 -0.651495 1.619041
 31.980002 -0.718133 1.821702
 32.180002 -0.874181 1.625774
 32.380002 -0.732884 1.743101
 32.580002 -0.484126 1.737472
 32.780002 -0.812928 1.784664
 32.980002 -0.787749 1.579964
 33.180002 -0.693072 1.915268
 33.380002 -0.650144 1.626851
 33.580002 -0.680299 1.821805
 33.780002 -0.721414 1.681969
 33.980002 -0.622824 1.739978
 34.180002 -0.710389 1.635492
 34.380002 -0.917689 1.804621
 34.580002 -0.574652 1.698060
 34.780002 -0.582334 1.757430
 34.980002 -0.747498 1.692668
 35.180002 -0.765980 1.781029
 35.380002 -0.901854 1.729355
 35.580002 -0.632371 1.650949
 35.780002 -0.586996 1.867553
 35.980002 -0.993795 1.707729
 36.180002 -0.844396 1.803310
 36.380002 -0.834382 1.724123
 36.580002 -0.810400 1.749767
 36.780002 -0.879278 1.816751
 36.980002 -0.842704 1.770882
 37.180002 -0.814633 1.662394
 37.380002 -0.826890 1.868576
 37.580002 -0.782446 1.522886
 37.780002 -0.569708 1.943693
 37.980002 -0.802404 1.612672
 38.180002 -0.850301 1.885398
 38.380002 -0.570549 1.700145
 38.580002 -0.673112 1.809199
 38.780002 -0.773670 1.677219
 38.980002 -0.801751 1.835397
 39.180002 -0.577164 1.474747
 39.380002 -0.313284 1.926645
 39.580002 -0.783289 1.531549
 39.780002 -0.587867 1.811048
 39.980002 -0.443311 1.583914
 40.180002 -0.762627 1.814687
 40.380002 -0.428020 1.514169
 40.580002 -0.587198 1.834439
 40.780002 -0.834143 1.709568
 40.980002 -0.537941 1.788157
 41.180002 -0.548981 1.534359
 41.380002 -0.446132 1.678107
 41.580002 -0.594790 1.681746
 41.780002 -0.696494 1.642431
 41.980002 -0.403885 1.512031
 42.180002 -0.807524 1.710004
 42.380002 -0.675406 1.739295
 42.580002 -0.525018 1.615539
 42.780002 -0.639728 1.630728
 42.980002 -0.490079 1.787518
 43.180002 -0.703655 1.667071
 43.380002 -0.706174 1.882557
 43.580002 -0.345247 1.462824
 43.780002 -0.787519 1.834175
 43.980002 -0.437352 1.525877
 44.180002 -0.637135 1.919463
 44.380002 -0.638095 1.459898
 44.580002 -0.463568 1.930974
 44.780002 -0.446842 1.371918
 44.980002 -0.648482 1.794308
 45.180002 -0.380274 1.634318
 45.380002 -0.957290 1.719127
 45.580002 -0.514307 1.451209
 45.780002 -0.604597 1.822688
 45.980002 -0.671279 1.454456
 46.180002 -0.741246 1.828835
 46.380002 -0.626190 1.635258
 46.580002 -0.618529 1.743053
 46.780002 -0.637525 1.767504
 46.980002 -0.839941 1.747610
 47.180002 -0.567637 1.573364
 47.380002 -0.600642 1.723286
 47.580002 -0.771390 1.617794
 47.780002 -0.741753 1.814783
 47.980002 -0.512966 1.725088
 48.180002 -0.633825 1.650915
 48.380002 -0.705223 1.866793
 48.580002 -0.812136 1.674733
 48.780002 -1.089088 1.838687
 48.980002 -0.671654 1.609361
 49.180002 -0.678067 1.745791
 49.380002 -0.614306 1.637560
 49.580002 -0.794267 1.799946
 49.780002 -0.818794 1.705062
 49.980002 -0.626302 1.817849
 50.180002 -0.748558 1.584909
 50.380002 -0.853750 1.880583
 50.580002 -0.602108 1.648550
 50.780002 -0.753469 1.768027
 50.980002 -0.774163 1.648781
 51.180002 -0.558367 1.838752
 51.380002 -0.843079 1.551398
 51.580002 -0.682530 1.802849
 51.780002 -0.608232 1.583565
 51.980002 -0.738458 1.913284
 52.180002 -0.969630 1.513750
 52.380002 -0.793315 1.921580
 52.580002 -0.525411 1.554539
 52.780003 -0.551337 1.945367
 52.980003 -0.830898 1.249027
 53.180003 -0.821617 2.085652
 53.380003 -0.888677 1.617713
 53.580003 -0.654743 2.048788
 53.780003 -0.700623 1.443679
 53.980003 -0.841403 1.878799
 54.180003 -0.773223 1.638816
 54.380003 -0.565100 1.905179
 54.580003 -0.686008 1.459287
 54.780003 -0.812817 2.018125
 54.980003 -0.967320 1.450167
 55.180003 -0.704070 1.904799
 55.380003 -0.533610 1.629093
 55.580003 -0.863410 1.869415
 55.780003 -0.799048 1.721818
 55.980003 -0.550744 1.759840
 56.180003 -0.827358 1.533910
 56.380003 -0.729471 1.994508
 56.580003 -0.697616 1.635068
 56.780003 -0.864399 1.855661
 56.980003 -0.891905 1.579322
 57.180003 -0.726380 1.812312
 57.380003 -0.573188 1.564592
 57.580003 -0.936584 1.785580
 57.780003 -0.794651 1.652195
 57.980003 -0.662388 1.756866
 58.180003 -0.688546 1.781855
 58.380003 -0.841276 1.648134
 58.580003 -0.606672 1.732846
 58.780003 -0.640722 1.722819
 58.980003 -0.793900 1.693123
 59.180003 -0.736911 1.672347
 59.380003 -0.551334 1.641511
 59.580003 -0.715259 1.675959
 59.780003 -0.850499 1.783467
 59.980003 -0.682354 1.707597
 60.180003 -0.713281 1.735126
 60.380003 -0.583896 1.715032
 60.580003 -0.547220 1.763016
 60.780003 -0.690011 1.613928
 60.980003 -0.610045 1.780113
 61.180003 -0.721134 1.704632
 61.380003 -0.605131 1.640385
 61.580003 -0.474302 1.651274
 61.780003 -0.810827 1.667676
 61.980003 -0.743257 1.734100
 62.180003 -0.711414 1.679626
 62.380003 -0.587653 1.646748
 62.580003 -0.688056 1.730311
 62.780003 -0.732880 1.760157
 62.980003 -0.775038 1.694699
 63.180003 -0.443805 1.608844
 63.380003 -0.724417 1.772427
 63.580003 -0.837609 1.550526
 63.780003 -0.583847 1.835356
 63.980003 -0.500811 1.575740
 64.180003 -0.510883 1.769455
 64.380003 -0.868870 1.661799
 64.580003 -0.775726 1.814545
 64.780003 -0.310434 1.623261
 64.980003 -0.683930 1.551954
 65.180003 -0.576714 1.839357
 65.380003 -0.629467 1.514739
 65.580003 -0.784766 1.681222
 65.780003 -0.579410 1.838287
 65.980003 -0.698805 1.593241
 66.180003 -0.592778 1.785599
 66.380003 -0.487778 1.734348
 66.580003 -0.965728 1.560493
 66.780003 -0.338077 1.665671
 66.980003 -0.683120 1.739275
 67.180003 -0.923282 1.634978
 67.380003 -0.638896 1.883382
 67.580003 -0.892512 1.547259
 67.780003 -0.670589 1.796114
 67.980003 -0.584749 1.648138
 68.180003 -1.035451 1.587751
 68.380003 -0.630993 1.736370
 68.580003 -0.967506 1.976899
 68.780003 -0.956977 1.442330
 68.980003 -0.793034 2.144376
 69.180003 -0.839837 1.518041
 69.380003 -0.716884 2.102799
 69.580003 -0.686880 1.393787
 69.780003 -0.649030 1.792576
 69.980003 -0.598672 1.590029
 70.180003 -0.934192 1.909044
 70.380003 -0.625749 1.505399
 70.580003 -0.426507 1.892177
 70.780003 -0.854693 1.540057
 70.980003 -0.649159 1.823826
 71.180003 -0.494807 1.620604
 71.380003 -0.833456 1.819229
 71.580003 -0.562048 1.464908
 71.780003 -0.647464 1.860948
 71.980003 -0.614540 1.538351
 72.180003 -0.483053 1.831008
 72.380003 -0.575898 1.533196
 72.580003 -0.462880 1.775638
 72.780003 -0.599486 1.625148
 72.980003 -0.870115 1.726540
 73.180003 -0.568427 1.635467
 73.380003 -0.625931 1.761516
 73.580003 -0.622234 1.505681
 73.780004 -0.687381 1.807300
 73.980004 -0.613764 1.557759
 74.180004 -0.776560 1.764129
 74.380004 -0.582302 1.693014
 74.580004 -0.796985 1.813508
 74.780004 -0.621414 1.651698
 74.980004 -0.703236 1.612369
 75.180004 -0.782964 1.692422
 75.380004 -0.584183 1.717904
 75.580004 -0.629569 1.660670
 75.780004 -0.553418 1.733125
 75.980004 -0.687136 1.730326
 76.180004 -0.682030 1.757486
 76.380004 -0.593810 1.666763
 76.580004 -0.679084 1.707565
 76.780004 -0.713494 1.624974
 76.980004 -0.673267 1.697320
 77.180004 -0.718539 1.821480
 77.380004 -0.723037 1.564619
 77.580004 -0.620247 1.838794
 77.780004 -0.821691 1.602157
 77.980004 -0.720974 1.826977
 78.180004 -0.917182 1.571867
 78.380004 -0.943546 1.821103
 78.580004 -0.734135 1.678165
 78.780004 -0.788960 1.852248
 78.980004 -0.757523 1.596119
 79.180004 -0.716066 1.826067
 79.380004 -0.898544 1.734795
 79.580004 -0.733757 1.839312
 79.780004 -0.720288 1.696807
 79.980004 -0.711194 1.733989
 80.180004 -0.833060 1.890375
 80.380004 -0.863613 1.689381
 80.580004 -0.576099 1.858744
 80.780004 -0.770271 1.733446
 80.980004 -0.715701 1.715446
 81.180004 -0.647764 1.726886
 81.380004 -0.606552 1.720159
 81.580004 -0.887617 1.727544
 81.780004 -0.870060 1.779961
 81.980004 -0.713975 1.560529
 82.180004 -0.590888 1.834626
 82.380004 -0.884278 1.750478
 82.580004 -0.599515 1.623367
 82.780004 -0.916552 1.751687
 82.980004 -0.754051 1.686460
 83.180004 -0.610797 1.650354
 83.380004 -0.586397 1.724500
 83.580004 -0.917396 1.522702
 83.780004 -0.893550 1.954992
 83.980004 -0.554333 1.587841
 84.180004 -0.646125 1.805133
 84.380004 -0.601088 1.686718
 84.580004 -0.652938 1.610310
 84.780004 -0.692492 1.763424
 84.980004 -0.607556 1.712631
 85.180004 -0.777382 1.715644
 85.380004 -0.465034 1.629155
 85.580004 -0.545151 1.694879
 85.780004 -0.673011 1.673135
 85.980004 -0.494766 1.880843
 86.180004 -0.487731 1.419902
 86.380004 -0.585632 1.694568
 86.580004 -0.598583 1.631480
 86.780004 -0.813638 1.662314
 86.980004 -0.276422 1.545293
 87.180004 -0.679202 1.921203
 87.380004 -0.983300 1.576368
 87.580004 -0.450305 1.879585
 87.780004 -0.636527 1.513151
 87.980004 -0.714654 1.676889
 88.180004 -0.531121 1.794022
 88.380004 -0.855597 1.523963
 88.580004 -0.778020 1.827333
 88.780004 -0.625271 1.784188
 88.980004 -1.004965 1.640358
 89.180004 -0.507548 1.800982
 89.380004 -0.887372 1.796186
 89.580004 -0.824216 1.546811
 89.780004 -0.737432 1.897537
 89.980004 -0.932390 1.496175
 90.180004 -0.642879 1.873716
 90.380004 -0.434197 1.649055
 90.580004 -0.846226 1.590258
 90.780004 -0.672478 1.957314
 90.980004 -0.987287 1.480757
 91.180004 -0.582247 1.838744
 91.380004 -0.419413 1.683986
 91.580004 -1.075337 1.582313
 91.780004 -0.426756 1.923789
 91.980004 -0.772863 1.645883
 92.180004 -0.546625 1.483737
 92.380004 -0.512428 1.969246
 92.580004 -0.981761 1.416731
 92.780004 -0.551232 1.768425
 92.980004 -0.522724 1.675446
 93.180004 -0.850787 1.584790
 93.380004 -0.204829 1.769463
 93.580004 -0.987147 1.593488
 93.780004 -0.898473 1.796015
 93.980004 -0.562456 1.786278
 94.180004 -0.854722 1.553249
 94.380004 -0.468606 1.715705
 94.580004 -0.687009 1.721829
 94.780005 -0.733105 1.646555
 94.980005 -0.439364 1.717376
 95.180005 -0.895034 1.596519
 95.380005 -0.578282 1.696948
 95.580005 -0.728015 1.878830
 95.780005 -0.937149 1.445748
 95.980005 -0.303536 1.805573
 96.180005 -0.643486 1.610522
 96.380005 -0.872564 1.650738
 96.580005 -0.314579 1.738487
 96.780005 -0.692464 1.624316
 96.980005 -0.650998 1.589760
 97.180005 -0.601829 1.850272
 97.380005 -0.783281 1.512223
 97.580005 -0.169144 1.769371
 97.780005 -0.764340 1.661662
 97.980005 -0.885190 1.596570
 98.180005 -0.401378 1.931168
 98.380005 -0.983902 1.460026
 98.580005 -0.715797 1.809577
 98.780005 -0.254658 1.602144
 98.980005 -0.986242 1.679949
 99.180005 -0.618508 1.707107
 99.380005 -0.706211 1.771689
 99.580005 -0.648302 1.550578
 99.780005 -0.494799 1.788474
 99.980005 -0.901943 1.576806
 100.180005 -0.370375 1.821441
 100.380005 -0.619002 1.696291
 100.580005 -1.032257 1.701611
 100.780005 -0.386130 1.701882
 100.980005 -0.726348 1.760738
 101.180005 -0.801668 1.300334
 101.380005 -0.440266 2.023956
 101.580005 -0.723121 1.498768
 101.780005 -0.484787 1.746211
 101.980005 -0.748622 1.727330
 102.180005 -1.018093 1.752833
 102.380005 -0.224610 1.615743
 102.580005 -0.848660 1.925933
 102.780005 -0.866728 1.448271
 102.980005 -0.453683 2.050575
 103.180005 -0.786350 1.420656
 103.380005 -0.810571 2.087514
 103.580005 -0.431141 1.508263
 103.780005 -0.937247 1.814461
 103.980005 -0.385667 1.561768
 104.180005 -0.660206 1.828605
 104.380005 -0.919899 1.367787
 104.580005 -0.679920 2.058696
 104.780005 -0.752535 1.315877
 104.980005 -0.734697 1.888253
 105.180005 -0.367015 1.561492
 105.380005 -1.015669 1.744461
 105.580005 -0.511735 1.761483
 105.780005 -0.465731 1.681581
 105.980005 -0.711754 1.415676
 106.180005 -0.754594 1.860126
 106.380005 -0.892592 1.758961
 106.580005 -0.495616 1.590484
 106.780005 -0.457109 1.751906
 106.980005 -0.871658 1.673381
 107.180005 -0.464682 1.889383
 107.380005 -0.842072 1.576024
 107.580005 -1.008364 1.716451
 107.780005 -0.517497 1.856429
 107.980005 -0.930367 1.731737
 108.180005 -0.661036 1.597216
 108.380005 -0.639547 1.816877
 108.580005 -0.978588 1.669759
 108.780005 -0.652479 1.712077
 108.980005 -0.853337 1.773151
 109.180005 -0.762951 1.598370
 109.380005 -0.508881 1.770496
 109.580005 -0.722381 1.581006
 109.780005 -0.632237 1.751733
 109.980005 -0.559795 1.645315
 110.180005 -0.853755 1.691806
 110.380005 -0.334526 1.644822
 110.580005 -0.724109 1.657091
 110.780005 -0.800515 1.768803
 110.980005 -0.550677 1.671769
 111.180005 -0.978228 1.760877
 111.380005 -0.712190 1.801514
 111.580005 -0.686436 1.661955
 111.780005 -0.910256 1.686712
 111.980005 -0.696835 1.848464
 112.180005 -0.743132 1.526238
 112.380005 -0.604816 1.604011
 112.580005 -0.686897 1.780855
 112.780005 -0.853779 1.625422
 112.980005 -0.608600 1.748111
 113.180005 -0.638989 1.653478
 113.380005 -0.977274 1.628037
 113.580005 -0.761535 1.834997
 113.780005 -0.856491 1.750625
 113.980005 -0.855982 1.756529
 114.180005 -0.638509 1.736042
 114.380005 -0.858621 1.736925
 114.580005 -0.828146 1.679516
 114.780005 -0.573700 1.756036
 114.980005 -0.819900 1.679065
 115.180005 -0.654571 1.799287
 115.380005 -0.624891 1.659207
 115.580005 -0.689428 1.756570
 115.780005 -0.628612 1.745348
 115.980006 -0.867616 1.774418
 116.180006 -0.457626 1.568457
 116.380006 -0.431773 1.755326
 116.580006 -0.924595 1.599856
 116.780006 -0.718527 1.935722
 116.980006 -0.507186 1.525987
 117.180006 -0.825107 1.870259
 117.380006 -0.714461 1.804858
 117.580006 -0.765239 1.741663
 117.780006 -0.612887 1.497727
 117.980006 -0.559635 1.823675
 118.180006 -0.807816 1.439757
 118.380006 -0.749572 1.707228
 118.580006 -0.605177 1.674756
 118.780006 -0.894414 1.789774
 118.980006 -0.646358 1.723824
 119.180006 -0.742898 1.774946
 119.380006 -1.038999 1.703548
 119.580006 -0.581398 1.848018
 119.780006 -0.703405 1.623163
 119.980006 -0.753725 1.599621
 120.180006 -0.771505 1.930174
 120.380006 -0.950030 1.543730
 120.580006 -0.594196 1.674622
 120.780006 -0.460809 1.594532
 120.980006 -0.857153 1.688854
 121.180006 -0.695030 1.709591
 121.380006 -0.675891 1.723927
 121.580006 -0.533388 1.502131
 121.780006 -0.579503 1.801206
 121.980006 -0.711417 1.677946
 122.180006 -0.707696 1.730677
 122.380006 -0.682919 1.788379
 122.580006 -0.881529 1.698019
 122.780006 -0.667565 1.707050
 122.980006 -0.631425 1.806907
 123.180006 -0.877754 1.691487
 123.380006 -0.876675 1.738881
 123.580006 -0.763556 1.813757
 123.780006 -0.773308 1.645596
 123.980006 -0.668905 1.746564
 124.180006 -0.804069 1.866236
 124.380006 -0.720160 1.583022
 124.580006 -0.636626 1.793354
 124.780006 -0.886942 1.765019
 124.980006 -0.799887 1.716305
 125.180006 -0.618192 1.827346
 125.380006 -0.907444 1.652368
 125.580006 -0.753707 1.820358
 125.780006 -0.795801 1.745187
 125.980006 -0.818638 1.880281
 126.180006 -0.594132 1.580408
 126.380006 -0.663389 1.808978
 126.580006 -0.764520 1.623635
 126.780006 -0.859172 1.869464
 126.980006 -0.658575 1.514185
 127.180006 -0.633851 1.998073
 127.380006 -0.876861 1.361402
 127.580006 -0.911400 2.060939
 127.780006 -0.651468 1.492037
 127.980006 -0.897311 1.938060
 128.180006 -0.692232 1.479091
 128.380006 -0.959746 2.093237
 128.580006 -0.913999 1.583882
 128.780006 -0.852668 2.038987
 128.980006 -0.904613 1.592142
 129.180006 -0.816795 1.876646
 129.380006 -0.779060 1.682391
 129.580006 -0.733908 1.881752
 129.780006 -0.638394 1.576186
 129.980006 -0.646576 1.982825
 130.180006 -0.724391 1.612982
 130.380006 -0.632139 1.730311
 130.580006 -0.673078 1.761968
 130.780006 -0.678262 1.764931
 130.980006 -0.735693 1.527511
 131.180006 -0.568330 1.775302
 131.380006 -0.841775 1.657223
 131.580006 -0.836478 1.720187
 131.780006 -0.686293 1.752298
 131.980006 -0.761853 1.662818
 132.180006 -0.778722 1.575912
 132.380006 -0.702046 1.768716
 132.580006 -0.798108 1.639984
 132.780006 -0.370903 1.745753
 132.980006 -0.689597 1.540395
 133.180006 -0.692867 1.660756
 133.380006 -0.398738 1.708902
 133.580006 -0.587137 1.646401
 133.780006 -0.556090 1.629745
 133.980006 -0.348983 1.800221
 134.180006 -0.575820 1.524692
 134.380006 -0.633136 1.874135
 134.580006 -0.409653 1.450234
 134.780006 -0.737148 1.767723
 134.980006 -0.264836 1.457259
 135.180006 -0.791336 1.802904
 135.380006 -0.844549 1.541603
 135.580006 -0.398426 1.918196
 135.780006 -0.795125 1.434383
 135.980006 -0.673260 1.851287
 136.180006 -0.673474 1.802341
 136.380006 -0.885828 1.528067
 136.580006 -0.531913 1.746555
 136.780006 -0.808475 1.679235
 136.980007 -0.847901 1.702773
 137.180007 -0.571591 1.826416
 137.380007 -0.889411 1.659995
 137.580007 -0.450272 1.664596
 137.780007 -0.785768 2.014602
 137.980007 -0.963684 1.363876
 138.180007 -0.505252 1.929723
 138.380007 -0.674260 1.495320
 138.580007 -0.706245 1.684213
 138.780007 -0.489221 1.800221
 138.980007 -1.042562 1.659779
 139.180007 -0.543826 1.725673
 139.380007 -0.408215 1.730694
 139.580007 -0.892255 1.489327
 139.780007 -0.703725 1.982611
 139.980007 -0.778141 1.550778
 140.180007 -0.589056 1.677220
 140.380007 -0.435153 1.825804
 140.580007 -1.000058 1.598928
 140.780007 -0.585822 1.729337
 140.980007 -0.539301 1.721082
 141.180007 -0.706420 1.637353
 141.380007 -0.634804 1.835784
 141.580007 -1.012846 1.521998
 141.780007 -0.749873 1.880547
 141.980007 -0.550900 1.647086
 142.180007 -0.919795 1.765272
 142.380007 -0.532219 1.596255
 142.580007 -0.758090 1.813130
 142.780007 -0.482310 1.569751
 142.980007 -0.414111 1.885818
 143.180007 -0.753862 1.406344
 143.380007 -0.717393 2.063097
 143.580007 -0.552658 1.457937
 143.780007 -0.771764 1.878281
 143.980007 -0.313125 1.548758
 144.180007 -0.726695 1.901885
 144.380007 -0.780712 1.742110
 144.580007 -0.832655 1.889970
 144.780007 -0.892698 1.499726
 144.980007 -0.791369 1.927940
 145.180007 -0.841414 1.696768
 145.380007 -0.995518 1.796990
 145.580007 -0.669405 1.692553
 145.780007 -1.104973 1.828838
 145.980007 -0.840619 1.679903
 146.180007 -0.524636 1.760281
 146.380007 -0.804852 1.544900
 146.580007 -0.413487 1.705869
 146.780007 -0.733207 1.752236
 146.980007 -0.853712 1.546263
 147.180007 -0.597174 1.778213
 147.380007 -0.773084 1.620738
 147.580007 -0.612717 1.761397
 147.780007 -0.473086 1.650545
 147.980007 -0.904644 1.694617
 148.180007 -0.587058 1.678465
 148.380007 -0.695668 1.751702
 148.580007 -0.703092 1.589080
 148.780007 -0.698979 1.960980
 148.980007 -0.839247 1.509889
 149.180007 -0.756259 1.903813
 149.380007 -0.418209 1.453132
 149.580007 -0.994174 1.780386
 149.780007 -0.451600 1.651303
 149.980007 -0.730227 1.741414
 150.180007 -0.833079 1.529443
 150.380007 -0.492127 1.962118
 150.580007 -1.064165 1.510738
 150.780007 -0.683917 1.813629
 150.980007 -0.429687 1.592295
 151.180007 -1.079900 1.774883
 151.380007 -0.655747 1.744227
 151.580007 -0.536684 1.790768
 151.780007 -0.763368 1.528929
 151.980007 -0.468831 1.954631
 152.180007 -0.940983 1.484317
 152.380007 -0.728977 1.934321
 152.580007 -0.518111 1.651217
 152.780007 -1.004398 1.761103
 152.980007 -0.432783 1.729824
 153.180007 -0.737130 1.909875
 153.380007 -0.823797 1.317398
 153.580007 -0.596112 2.090629
 153.780007 -0.795689 1.303186
 153.980007 -0.691991 1.955238
 154.180007 -0.491906 1.553437
 154.380007 -0.961068 1.911378
 154.580007 -0.661644 1.570861
 154.780007 -0.652625 1.836167
 154.980007 -0.832838 1.487609
 155.180007 -0.505583 2.019236
 155.380007 -0.930011 1.555440
 155.580007 -0.850463 1.826652
 155.780007 -0.618234 1.668575
 155.980007 -0.783707 1.771149
 156.180007 -0.660345 1.743063
 156.380007 -0.664166 1.751822
 156.580007 -0.913152 1.575654
 156.780007 -0.524506 1.872622
 156.980007 -0.708809 1.526520
 157.180007 -0.570977 1.726863
 157.380007 -0.727504 1.725049
 157.580007 -0.895593 1.685019
 157.780007 -0.735970 1.691679
 157.980008 -0.663932 1.698835
 158.180008 -0.767791 1.862754
 158.380008 -0.664801 1.680193
 158.580008 -0.731268 1.846124
 158.780008 -0.736089 1.486108
 158.980008 -0.854687 1.947406
 159.180008 -0.747607 1.534936
 159.380008 -0.801435 1.861606
 159.580008 -0.758567 1.659991
 159.780008 -0.857961 1.965819
 159.980008 -0.705734 1.567704
 160.180008 -0.791220 1.915601
 160.380008 -0.730341 1.519283
 160.580008 -0.794104 2.070845
 160.780008 -0.772416 1.601009
 160.980008 -0.748802 1.887601
 161.180008 -0.788772 1.541810
 161.380008 -0.836099 2.058556
 161.580008 -0.728248 1.341902
 161.780008 -0.866824 2.091663
 161.980008 -0.870711 1.526819
 162.180008 -0.758669 1.984124
 162.380008 -0.491841 1.323282
 162.580008 -0.779170 2.013171
 162.780008 -0.923637 1.598205
 162.980008 -0.631713 1.882039
 163.180008 -0.568013 1.531379
 163.380008 -0.721113 2.007199
 163.580008 -0.637194 1.514787
 163.780008 -0.559735 1.891626
 163.980008 -0.720713 1.617996
 164.180008 -0.598233 1.741248
 164.380008 -0.584624 1.770358
 164.580008 -0.700393 1.717985
 164.780008 -0.873068 1.502488
 164.980008 -0.750334 1.744638
 165.180008 -0.634239 1.601890
 165.380008 -0.656926 1.746961
 165.580008 -0.715791 1.658861
 165.780008 -0.720816 1.828500
 165.980008 -0.660145 1.644813
 166.180008 -0.679604 1.599635
 166.380008 -0.707577 1.924759
 166.580008 -0.737570 1.635506
 166.780008 -0.635944 1.823107
 166.980008 -0.488462 1.582706
 167.180008 -0.905128 1.936155
 167.380008 -0.800093 1.572058
 167.580008 -0.589198 1.759571
 167.780008 -0.607768 1.708109
 167.980008 -0.953517 1.859398
 168.180008 -0.931438 1.705984
 168.380008 -0.746335 1.636860
 168.580008 -0.771218 1.793998
 168.780008 -0.983512 1.734341
 168.980008 -0.607816 1.740825
 169.180008 -0.674531 1.647004
 169.380008 -0.804822 1.772817
 169.580008 -0.746656 1.643967
 169.780008 -0.830464 1.914796
 169.980008 -0.655846 1.669301
 170.180008 -0.692678 1.797986
 170.380008 -0.653350 1.568319
 170.580008 -0.491819 1.736720
 170.780008 -0.707111 1.533245
 170.980008 -0.674835 1.810299
 171.180008 -0.532927 1.614914
 171.380008 -0.847901 1.870880
 171.580008 -0.957083 1.568918
 171.780008 -0.641380 1.918824
 171.980008 -0.850745 1.443824
 172.180008 -0.699953 1.825460
 172.380008 -0.530695 1.625784
 172.580008 -0.796347 1.686852
 172.780008 -0.485538 1.616474
 172.980008 -0.627981 1.739620
 173.180008 -0.737830 1.510842
 173.380008 -0.498419 1.803392
 173.580008 -0.887441 1.575753
 173.780008 -0.520033 1.747655
 173.980008 -0.240666 1.611628
 174.180008 -0.641405 1.545560
 174.380008 -0.532755 1.876550
 174.580008 -0.668314 1.641925
 174.780008 -0.622876 1.798519
 174.980008 -0.350577 1.617951
 175.180008 -0.720553 1.640223
 175.380008 -0.651903 1.790627
 175.580008 -0.576059 1.666205
 175.780008 -0.808993 1.622161
 175.980008 -0.360750 1.717114
 176.180008 -0.537579 1.603268
 176.380008 -0.433543 1.442641
 176.580008 -0.305714 1.804050
 176.780008 -0.740909 1.519516
 176.980008 -0.529289 1.669002
 177.180008 -0.397161 1.720036
 177.380008 -0.722154 1.538959
 177.580008 -0.594346 1.728334
 177.780008 -0.592109 1.692027
 177.980008 -0.787861 1.691221
 178.180008 -0.571500 1.787286
 178.380008 -0.592815 1.652925
 178.580008 -0.590546 1.561878
 178.780008 -0.497839 1.791930
 178.980009 -0.808089 1.612063
 179.180009 -0.800872 1.725412
 179.380009 -0.681004 1.670755
 179.580009 -0.802674 1.635586
 179.780009 -0.666505 1.728395
 179.980009 -0.618405 1.776612
 180.180009 -0.854318 1.560114
 180.380009 -0.543473 1.966730
 180.580009 -0.742184 1.465752
 180.780009 -0.796330 1.654954
 180.980009 -0.645206 1.830372
 181.180009 -0.883109 1.700932
 181.380009 -0.707833 1.688975
 181.580009 -0.565581 1.920000
 181.780009 -0.753083 1.481659
 181.980009 -0.827843 2.033051
 182.180009 -0.797385 1.553221
 182.380009 -0.914406 1.823160
 182.580009 -0.817147 1.752256
 182.780009 -0.749009 1.681006
 182.980009 -0.542254 1.640736
 183.180009 -0.947690 1.846371
 183.380009 -1.045970 1.693168
 183.580009 -0.550950 1.799160
 183.780009 -0.728380 1.583700
 183.980009 -0.873704 1.867796
 184.180009 -0.573624 1.742537
 184.380009 -0.816660 1.770013
 184.580009 -0.873636 1.564241
 184.780009 -0.723920 1.874231
 184.980009 -0.623007 1.559264
 185.180009 -0.690757 1.787917
 185.380009 -0.852472 1.713447
 185.580009 -0.632423 1.772469
 185.780009 -0.651650 1.710105
 185.980009 -0.759890 1.781959
 186.180009 -0.584426 1.721600
 186.380009 -0.621989 1.711064
 186.580009 -0.611181 1.511505
 186.780009 -0.591221 1.829087
 186.980009 -0.734777 1.611862
 187.180009 -0.778841 1.862412
 187.380009 -0.834525 1.545931
 187.580009 -0.794631 1.992630
 187.780009 -0.632609 1.637097
 187.980009 -0.615957 1.914379
 188.180009 -0.882493 1.461517
 188.380009 -0.612400 1.982373
 188.580009 -0.955239 1.406571
 188.780009 -0.975170 1.893812
 188.980009 -0.349903 1.685015
 189.180009 -1.021732 1.780372
 189.380009 -0.846047 1.686602
 189.580009 -0.521449 1.838652
 189.780009 -0.911149 1.528155
 189.980009 -0.713620 1.849171
 190.180009 -0.686599 1.623351
 190.380009 -0.654765 1.591372
 190.580009 -0.422489 1.782703
 190.780009 -0.947900 1.574804
 190.980009 -0.742046 1.845996
 191.180009 -0.493307 1.729217
 191.380009 -0.893533 1.588274
 191.580009 -0.678807 1.692011
 191.780009 -0.488578 1.615497
 191.980009 -0.594724 1.573151
 192.180009 -0.451272 1.657552
 192.380009 -0.803153 1.776798
 192.580009 -0.711227 1.729055
 192.780009 -0.507879 1.661102
 192.980009 -0.779370 1.705077
 193.180009 -0.756274 1.678393
 193.380009 -0.611095 1.834113
 193.580009 -0.857136 1.586650
 193.780009 -0.674536 1.826238
 193.980009 -0.633311 1.608166
 194.180009 -0.960167 1.802775
 194.380009 -0.662483 1.673656
 194.580009 -0.808720 1.684989
 194.780009 -0.756115 1.664166
 194.980009 -0.752838 1.835905
 195.180009 -0.919749 1.636851
 195.380009 -0.711181 1.845341
 195.580009 -0.650229 1.705980
 195.780009 -0.994737 1.712610
 195.980009 -0.654197 1.699764
 196.180009 -0.699522 1.817635
 196.380009 -0.778833 1.597958
 196.580009 -0.707340 1.774053
 196.780009 -0.799346 1.737321
 196.980009 -0.728701 1.810946
 197.180009 -0.856377 1.796272
 197.380009 -0.703054 1.742042
 197.580009 -0.493300 1.711850
 197.780009 -0.723971 1.773602
 197.980009 -0.881669 1.673712
 198.180009 -0.678717 1.719335
 198.380009 -0.848727 1.625659
 198.580009 -0.681242 1.782146
 198.780009 -0.719523 1.597944
 198.980009 -0.770809 1.709003
 199.180009 -0.728168 1.808322
 199.380009 -0.736137 1.579378
 199.580009 -0.680298 1.723276
 199.780009 -0.635585 1.706908
 199.980009 -0.761589 1.588746
