#! FIELDS time phi psi
#! SET max_psi pi
 0.180000 -1.470171 -1.058029
 0.380000 -1.459295 -1.125606
 0.580000 -0.769894 -0.812877
 0.780000 -1.373934 -1.069152
 0.980000 -1.339711 -0.940622
 1.180000 -1.314510 -0.842826
 1.380000 -1.670634 -1.323673
 1.580000 -1.257531 -0.740885
 1.780000 -1.553015 -0.955358
 1.980000 -1.397457 -1.013170
 2.180000 -1.175287 -0.810107
 2.380000 -1.464146 -0.881364
 2.580000 -1.065239 -1.220553
 2.780000 -1.361363 -0.622668
 2.980000 -1.650307 -1.159109
 3.180000 -1.271378 -0.781426
 3.380000 -1.180126 -1.068113
 3.580000 -1.821002 -0.859125
 3.780000 -1.150399 -0.925087
 3.980000 -1.272469 -0.920139
 4.180000 -1.527379 -0.862323
 4.380000 -1.108277 -0.786548
 4.580000 -1.240679 -1.190660
 4.780000 -1.548851 -0.848358
 4.980000 -0.847477 -0.957622
 5.180000 -1.407994 -1.110254
 5.380000 -1.383161 -0.702941
 5.580000 -1.137555 -0.785177
 5.780000 -1.340252 -1.166253
 5.980000 -1.295888 -0.629714
 6.180000 -1.219264 -0.922293
 6.380000 -1.337431 -1.326482
 6.580000 -1.261752 -0.431160
 6.780000 -1.447253 -0.935490
 6.980000 -1.241860 -1.119273
 7.180000 -1.145417 -0.818087
 7.380000 -1.536608 -0.907994
 7.580000 -1.126203 -1.091004
 7.780000 -1.159581 -0.838543
 7.980000 -1.705975 -0.928151
 8.180000 -1.263034 -0.808996
 8.380000 -1.337085 -1.138371
 8.580000 -1.690393 -0.832746
 8.780000 -1.102794 -0.734260
 8.980000 -1.260475 -1.069370
 9.180000 -1.201668 -1.040923
 9.380000 -1.301540 -0.470601
 9.580000 -1.379447 -1.219061
 9.780000 -1.320836 -0.944069
 9.980000 -1.262631 -0.666792
 10.180000 -1.421880 -1.089627
 10.380000 -1.163861 -0.980578
 10.580001 -1.296155 -0.770666
 10.780001 -1.577573 -1.096207
 10.980001 -1.105288 -0.962543
 11.180001 -1.319484 -0.820874
 11.380001 -1.420473 -1.072266
 11.580001 -1.188671 -0.636772
 11.780001 -1.364744 -1.276871
 11.980001 -1.378262 -0.861727
 12.180001 -1.103603 -0.703699
 12.380001 -1.419839 -1.103375
 12.580001 -0.996176 -0.867426
 12.780001 -1.107188 -0.861335
 12.980001 -1.364679 -1.205391
 13.180001 -1.022959 -0.754819
 13.380001 -1.305796 -0.972172
 13.580001 -1.385783 -1.173500
 13.780001 -1.199507 -0.602392
 13.980001 -1.443808 -0.961538
 14.180001 -1.262608 -0.958112
 14.380001 -1.101872 -0.931148
 14.580001 -1.462443 -1.031398
 14.780001 -1.441626 -0.818346
 14.980001 -1.304617 -0.944710
 15.180001 -1.436572 -1.037248
 15.380001 -1.349614 -0.648288
 15.580001 -1.230454 -1.086474
 15.780001 -1.312531 -0.980685
 15.980001 -1.330012 -0.762808
 16.180001 -1.378314 -1.082620
 16.380001 -1.299971 -1.031511
 16.580001 -1.419073 -0.659102
 16.780001 -1.488415 -1.066770
 16.980001 -1.245576 -0.769851
 17.180001 -1.198257 -1.012466
 17.380001 -1.293398 -1.012450
 17.580001 -1.224541 -0.859249
 17.780001 -1.446426 -0.840147
 17.980001 -1.307697 -1.021343
 18.180001 -1.227108 -0.743806
 18.380001 -1.438428 -1.003262
 18.580001 -1.126079 -0.938731
 18.780001 -1.276151 -0.941820
 18.980001 -1.599710 -1.040902
 19.180001 -0.986968 -0.863870
 19.380001 -1.358272 -1.104935
 19.580001 -1.391194 -0.789240
 19.780001 -1.125678 -0.833925
 19.980001 -1.317872 -1.043280
 20.180001 -1.232205 -0.891819
 20.380001 -1.408698 -0.659696
 20.580001 -1.368793 -1.398229
 20.780001 -1.039482 -0.667572
 20.980001 -1.427609 -1.041353
 21.180001 -1.344435 -0.970052
 21.380001 -1.410505 -0.599378
 21.580001 -1.520258 -1.131501
 21.780001 -1.113969 -1.102783
 21.980001 -1.165054 -0.802085
 22.180001 -1.508322 -1.072543
 22.380001 -1.114452 -0.617189
 22.580001 -1.274274 -1.007598
 22.780001 -1.445518 -0.995525
 22.980001 -1.003015 -0.632217
 23.180001 -1.288858 -1.162792
 23.380001 -1.023479 -0.967643
 23.580001 -1.304084 -0.690060
 23.780001 -1.502410 -1.069297
 23.980001 -1.252820 -0.853078
 24.180001 -1.362498 -0.836817
 24.380001 -1.489116 -1.105864
 24.580001 -1.114744 -0.821328
 24.780001 -1.368794 -0.976018
 24.980001 -1.414660 -0.934931
 25.180001 -1.122587 -0.757394
 25.380001 -1.542325 -1.081520
 25.580001 -1.116932 -0.931311
 25.780001 -1.272782 -0.844472
 25.980001 -1.371522 -1.151981
 26.180001 -1.061186 -0.619728
 26.380001 -1.292673 -1.167231
 26.580001 -1.183952 -0.950259
 26.780001 -1.198088 -0.535700
 26.980001 -1.319604 -1.347798
 27.180001 -1.201268 -0.776904
 27.380001 -1.212209 -0.800484
 27.580001 -1.302230 -1.276416
 27.780001 -1.139303 -0.665259
 27.980001 -1.200992 -0.956944
 28.180001 -1.437642 -1.032807
 28.380001 -1.082113 -0.796000
 28.580001 -1.397426 -1.172744
 28.780001 -1.318746 -0.794989
 28.980001 -0.947138 -0.826750
 29.180001 -1.566462 -1.194204
 29.380001 -1.193980 -0.690379
 29.580001 -1.230664 -1.003347
 29.780001 -1.400438 -1.327818
 29.980001 -1.294966 -0.535456
 30.180001 -1.412066 -1.065904
 30.380001 -1.212299 -0.936879
 30.580001 -1.002404 -0.827836
 30.780001 -1.517287 -1.126118
 30.980001 -1.167146 -0.930370
 31.180001 -1.256524 -0.899996
 31.380001 -1.461790 -0.991975
 31.580001 -1.339595 -0.629532
 31.780002 -1.336647 -1.153019
 31.980002 -1.366193 -0.922991
 32.180002 -1.363516 -0.720385
 32.380002 -1.509300 -1.199861
 32.580002 -1.120249 -0.675579
 32.780002 -1.326716 -0.985727
 32.980002 -1.359761 -1.145848
 33.180002 -1.151626 -0.696579
 33.380002 -1.550605 -0.984463
 33.580002 -1.322292 -1.146575
 33.780002 -1.241070 -0.622755
 33.980002 -1.505406 -1.169880
 34.180002 -1.195194 -0.764285
 34.380002 -1.246167 -1.042660
 34.580002 -1.462287 -0.991795
 34.780002 -1.176124 -0.810580
 34.980002 -1.313199 -0.867403
 35.180002 -1.407220 -1.179555
 35.380002 -1.117627 -0.621045
 35.580002 -1.275486 -1.259318
 35.780002 -1.167655 -0.718851
 35.980002 -1.101474 -0.866529
 36.180002 -1.504510 -1.173478
 36.380002 -1.203913 -0.635642
 36.580002 -1.196993 -0.851853
 36.780002 -1.289267 -1.262364
 36.980002 -1.077724 -0.754387
 37.180002 -1.330171 -0.830584
 37.380002 -1.231138 -1.119216
 37.580002 -1.227192 -0.598699
 37.780002 -1.552186 -1.123699
 37.980002 -1.222139 -0.958319
 38.180002 -1.272222 -0.881615
 38.380002 -1.485873 -0.979767
 38.580002 -1.103074 -0.911879
 38.780002 -1.194466 -0.868283
 38.980002 -1.468934 -1.050626
 39.180002 -1.175669 -0.677787
 39.380002 -1.285062 -1.119203
 39.580002 -1.355614 -0.978762
 39.780002 -1.241013 -0.734530
 39.980002 -1.328079 -1.176171
 40.180002 -1.191989 -0.851590
 40.380002 -1.293569 -0.606643
 40.580002 -1.359694 -1.325932
 40.780002 -1.307094 -0.795659
 40.980002 -1.402162 -0.847783
 41.180002 -1.393333 -1.060920
 41.380002 -1.152333 -0.753261
 41.580002 -1.405648 -0.953142
 41.780002 -1.224506 -1.009663
 41.980002 -1.126120 -0.878336
 42.180002 -1.519655 -1.025245
 42.380002 -1.357055 -0.723087
 42.580002 -1.201536 -1.042542
 42.780002 -1.361902 -0.978334
 42.980002 -1.112206 -0.685300
 43.180002 -1.338892 -1.072955
 43.380002 -1.184375 -0.875683
 43.580002 -1.175673 -0.979688
 43.780002 -1.511258 -0.975691
 43.980002 -1.122288 -0.830786
 44.180002 -1.261276 -0.981810
 44.380002 -1.408270 -0.875553
 44.580002 -1.156301 -0.851224
 44.780002 -1.312913 -1.129865
 44.980002 -1.493630 -0.723530
 45.180002 -1.288415 -0.964005
 45.380002 -1.507368 -1.052286
 45.580002 -1.281278 -0.880999
 45.780002 -1.413608 -0.857699
 45.980002 -1.393048 -1.218316
 46.180002 -1.126208 -0.907416
 46.380002 -1.617105 -0.921282
 46.580002 -1.319211 -0.890585
 46.780002 -1.312100 -0.847046
 46.980002 -1.469026 -0.975344
 47.180002 -1.278650 -0.836903
 47.380002 -1.228377 -1.000053
 47.580002 -1.430464 -1.106711
 47.780002 -1.156592 -0.648946
 47.980002 -1.253075 -1.014815
 48.180002 -1.216307 -1.030191
 48.380002 -1.295995 -0.716655
 48.580002 -1.414393 -1.013502
 48.780002 -1.133596 -1.054309
 48.980002 -1.194924 -0.920223
 49.180002 -1.482471 -0.951472
 49.380002 -1.286876 -0.646239
 49.580002 -1.110420 -1.186139
 49.780002 -1.484142 -1.013176
 49.980002 -1.221737 -0.716640
 50.180002 -1.355493 -1.035279
 50.380002 -1.259905 -1.075465
 50.580002 -1.130158 -0.666395
 50.780002 -1.484942 -0.928902
 50.980002 -1.048164 -0.999994
 51.180002 -1.186575 -1.012662
 51.380002 -1.638313 -0.994573
 51.580002 -1.112988 -0.799697
 51.780002 -1.178348 -1.092362
 51.980002 -1.455623 -0.927732
 52.180002 -1.242278 -0.605931
 52.380002 -1.458621 -1.230143
 52.580002 -1.421092 -0.970224
 52.780003 -1.314531 -0.741494
 52.980003 -1.531124 -1.221902
 53.180003 -1.172516 -0.837226
 53.380003 -1.305923 -0.761244
 53.580003 -1.359235 -1.147041
 53.780003 -1.119499 -0.786203
 53.980003 -1.497624 -0.995332
 54.180003 -1.400379 -1.058320
 54.380003 -1.200798 -0.764934
 54.580003 -1.489700 -1.077254
 54.780003 -1.263801 -0.830799
 54.980003 -1.176353 -0.900099
 55.180003 -1.460263 -1.105279
 55.380003 -1.219575 -0.839230
 55.580003 -1.382554 -0.859853
 55.780003 -1.310050 -1.168485
 55.980003 -1.228662 -0.763894
 56.180003 -1.360345 -0.898488
 56.380003 -1.363636 -1.050605
 56.580003 -1.154365 -0.846771
 56.780003 -1.384864 -1.020683
 56.980003 -1.338904 -0.887566
 57.180003 -1.130324 -0.883814
 57.380003 -1.443891 -0.982214
 57.580003 -1.342923 -0.774673
 57.780003 -1.115205 -0.949954
 57.980003 -1.373391 -1.130723
 58.180003 -1.128669 -0.750617
 58.380003 -1.138664 -0.972474
 58.580003 -1.238256 -1.028772
 58.780003 -1.116407 -0.711874
 58.980003 -1.456365 -0.930280
 59.180003 -1.347998 -1.001731
 59.380003 -1.182301 -0.907485
 59.580003 -1.378872 -0.933957
 59.780003 -1.224699 -0.909623
 59.980003 -1.088585 -0.886592
 60.180003 -1.378755 -1.036684
 60.380003 -1.373720 -0.675441
 60.580003 -1.224976 -0.939277
 60.780003 -1.515835 -1.073082
 60.980003 -1.281888 -0.804530
 61.180003 -1.313411 -0.977187
 61.380003 -1.295252 -1.002681
 61.580003 -1.346940 -0.771839
 61.780003 -1.330191 -0.999194
 61.980003 -1.223084 -0.978938
 62.180003 -1.462625 -0.818236
 62.380003 -1.485941 -0.937081
 62.580003 -1.123703 -0.996586
 62.780003 -1.623929 -0.762691
 62.980003 -1.428372 -0.912518
 63.180003 -1.022671 -1.051563
 63.380003 -1.525980 -0.928789
 63.580003 -1.377130 -0.888893
 63.780003 -1.245865 -0.975867
 63.980003 -1.492110 -0.936765
 64.180003 -1.256660 -0.796240
 64.380003 -1.335628 -1.103008
 64.580003 -1.494550 -0.764348
 64.780003 -1.341006 -0.861593
 64.980003 -1.223999 -0.950681
 65.180003 -1.166732 -1.073480
 65.380003 -1.379986 -0.747698
 65.580003 -1.349749 -0.975298
 65.780003 -1.180687 -0.887143
 65.980003 -1.135542 -1.054033
 66.180003 -1.370391 -0.763223
 66.380003 -1.226457 -0.971042
 66.580003 -1.346473 -0.888598
 66.780003 -1.431130 -0.801795
 66.980003 -1.239110 -0.876277
 67.180003 -1.247838 -1.107030
 67.380003 -1.278207 -0.883557
 67.580003 -1.219469 -0.901433
 67.780003 -1.188609 -0.857518
 67.980003 -1.305989 -0.755115
 68.180003 -1.301070 -1.095870
 68.380003 -1.220888 -0.930824
 68.580003 -1.335498 -0.912363
 68.780003 -1.348517 -0.943892
 68.980003 -1.182131 -0.882638
 69.180003 -1.299527 -0.858033
 69.380003 -1.262409 -0.903676
 69.580003 -1.409205 -0.901864
 69.780003 -1.331547 -1.092095
 69.980003 -1.392387 -0.833950
 70.180003 -1.307941 -0.966303
 70.380003 -1.174262 -0.943205
 70.580003 -1.187615 -0.855357
 70.780003 -1.445811 -0.880119
 70.980003 -1.503977 -0.818823
 71.180003 -1.240487 -1.030967
 71.380003 -1.374036 -1.035647
 71.580003 -1.353513 -0.762040
 71.780003 -1.202010 -0.990771
 71.980003 -1.350767 -0.851201
 72.180003 -1.223315 -0.951404
 72.380003 -1.401501 -0.797158
 72.580003 -1.406289 -1.006357
 72.780003 -1.289123 -0.935811
 72.980003 -1.411969 -0.867327
 73.180003 -1.422443 -0.948995
 73.380003 -1.040876 -0.992657
 73.580003 -1.408514 -0.904901
 73.780004 -1.316956 -0.896570
 73.980004 -1.387225 -0.796413
 74.180004 -1.293529 -1.133592
 74.380004 -1.282625 -0.890494
 74.580004 -1.479182 -0.848400
 74.780004 -1.393659 -0.828847
 74.980004 -1.079398 -0.928373
 75.180004 -1.333393 -0.898723
 75.380004 -1.164328 -0.895185
 75.580004 -1.190308 -0.918547
 75.780004 -1.285119 -1.022218
 75.980004 -1.154209 -0.800979
 76.180004 -1.286146 -0.946366
 76.380004 -1.371694 -1.033510
 76.580004 -1.178260 -0.792226
 76.780004 -1.360546 -1.106951
 76.980004 -1.187473 -0.865559
 77.180004 -1.344803 -0.709721
 77.380004 -1.313524 -1.038355
 77.580004 -1.090251 -1.025928
 77.780004 -1.305397 -0.783304
 77.980004 -1.429949 -1.100343
 78.180004 -1.331278 -0.664942
 78.380004 -1.400396 -1.099102
 78.580004 -1.398063 -0.811243
 78.780004 -1.218445 -0.986584
 78.980004 -1.408125 -0.969357
 79.180004 -1.290974 -1.001611
 79.380004 -1.330452 -0.650489
 79.580004 -1.371286 -1.255283
 79.780004 -1.226189 -0.754795
 79.980004 -1.358630 -1.088799
 80.180004 -1.339031 -0.872997
 80.380004 -1.028577 -0.940269
 80.580004 -1.401049 -0.942847
 80.780004 -1.383722 -0.862934
 80.980004 -1.155421 -0.840576
 81.180004 -1.351636 -1.261444
 81.380004 -1.304686 -0.841218
 81.580004 -1.317936 -0.828908
 81.780004 -1.193103 -1.228090
 81.980004 -1.315398 -0.672317
 82.180004 -1.491950 -0.876711
 82.380004 -1.175509 -1.017172
 82.580004 -1.258196 -0.930238
 82.780004 -1.518225 -0.967670
 82.980004 -1.264605 -0.870615
 83.180004 -1.229918 -0.766258
 83.380004 -1.381466 -1.114579
 83.580004 -1.381463 -0.553170
 83.780004 -1.134719 -1.221387
 83.980004 -1.315848 -0.997649
 84.180004 -1.194477 -0.696953
 84.380004 -1.340685 -1.006139
 84.580004 -1.203599 -1.021219
 84.780004 -1.252794 -0.767274
 84.980004 -1.413808 -1.152492
 85.180004 -1.075028 -0.768241
 85.380004 -1.370888 -0.919041
 85.580004 -1.237453 -0.953532
 85.780004 -1.133209 -0.766381
 85.980004 -1.574137 -1.185336
 86.180004 -1.146952 -0.973487
 86.380004 -1.179043 -0.873363
 86.580004 -1.578612 -1.161235
 86.780004 -1.140406 -0.733553
 86.980004 -1.395726 -1.026905
 87.180004 -1.590529 -1.365986
 87.380004 -1.182561 -0.479510
 87.580004 -1.458966 -1.290047
 87.780004 -1.284626 -0.849108
 87.980004 -1.130729 -0.838813
 88.180004 -1.680521 -1.130256
 88.380004 -1.190840 -0.864091
 88.580004 -1.296378 -0.827210
 88.780004 -1.618193 -1.288350
 88.980004 -1.140938 -0.592218
 89.180004 -1.354157 -1.104988
 89.380004 -1.099038 -1.144939
 89.580004 -1.263110 -0.614597
 89.780004 -1.512720 -1.084802
 89.980004 -1.039360 -0.964269
 90.180004 -1.393858 -0.837573
 90.380004 -1.511961 -0.938575
 90.580004 -0.992971 -0.888959
 90.780004 -1.361929 -1.044672
 90.980004 -1.412580 -0.768129
 91.180004 -1.040130 -0.816080
 91.380004 -1.508186 -1.131397
 91.580004 -1.192059 -0.673131
 91.780004 -1.217934 -1.016491
 91.980004 -1.264149 -0.987254
 92.180004 -1.109043 -0.878170
 92.380004 -1.273904 -0.926677
 92.580004 -1.149810 -1.080511
 92.780004 -1.236078 -0.740755
 92.980004 -1.174870 -1.176411
 93.180004 -1.136203 -0.640252
 93.380004 -1.122609 -0.985368
 93.580004 -1.360897 -0.891861
 93.780004 -1.035672 -0.955143
 93.980004 -1.310599 -0.837171
 94.180004 -1.226072 -1.114548
 94.380004 -1.149159 -0.715319
 94.580004 -1.273140 -0.991456
 94.780005 -1.325563 -0.925663
 94.980005 -1.178818 -0.885841
 95.180005 -1.450394 -1.030623
 95.380005 -1.369724 -0.880811
 95.580005 -1.233152 -0.881769
 95.780005 -1.478198 -0.878669
 95.980005 -1.160824 -0.879310
 96.180005 -1.429486 -0.859044
 96.380005 -1.220638 -1.205924
 96.580005 -1.216085 -0.819102
 96.780005 -1.430867 -0.943863
 96.980005 -1.302751 -0.804829
 97.180005 -1.227828 -0.866774
 97.380005 -1.537131 -0.956974
 97.580005 -1.320958 -0.740595
 97.780005 -1.267422 -1.068037
 97.980005 -1.444101 -1.118462
 98.180005 -1.205522 -0.626054
 98.380005 -1.376805 -1.101147
 98.580005 -1.324311 -0.895632
 98.780005 -1.087987 -0.917083
 98.980005 -1.445260 -0.967925
 99.180005 -1.228898 -0.872367
 99.380005 -1.214510 -0.942767
 99.580005 -1.454487 -0.997786
 99.780005 -1.261647 -0.725339
 99.980005 -1.369321 -1.045141
 100.180005 -1.226407 -0.929513
 100.380005 -1.255974 -0.928054
 100.580005 -1.474807 -1.059693
 100.780005 -1.316739 -0.771155
 100.980005 -1.496822 -0.860008
 101.180005 -1.428974 -0.991712
 101.380005 -1.338771 -0.809521
 101.580005 -1.442250 -1.004033
 101.780005 -1.202299 -0.984549
 101.980005 -0.996235 -0.929794
 102.180005 -1.394060 -1.059671
 102.380005 -1.152881 -0.553692
 102.580005 -1.385422 -1.151362
 102.780005 -1.320249 -0.957224
 102.980005 -1.003998 -0.854802
 103.180005 -1.405115 -1.093501
 103.380005 -1.122284 -0.912738
 103.580005 -1.289112 -0.675265
 103.780005 -1.356158 -1.116564
 103.980005 -1.063006 -0.754226
 104.180005 -1.534536 -1.058769
 104.380005 -1.388420 -1.034511
 104.580005 -1.321180 -0.795958
 104.780005 -1.485182 -0.904861
 104.980005 -1.176570 -0.917218
 105.180005 -1.210159 -0.859413
 105.380005 -1.563606 -1.005871
 105.580005 -1.146422 -0.814438
 105.780005 -1.477212 -1.075699
 105.980005 -1.501366 -1.107116
 106.180005 -1.361929 -0.727752
 106.380005 -1.434127 -1.151609
 106.580005 -1.291200 -0.899770
 106.780005 -1.184134 -0.678402
 106.980005 -1.464813 -1.116546
 107.180005 -1.175114 -0.874605
 107.380005 -1.395859 -0.856728
 107.580005 -1.307178 -1.300275
 107.780005 -1.183701 -0.530284
 107.980005 -1.394673 -1.040856
 108.180005 -1.253680 -0.876801
 108.380005 -0.862314 -1.059038
 108.580005 -1.518119 -0.832066
 108.780005 -1.161039 -1.037610
 108.980005 -1.219315 -0.618954
 109.180005 -1.435394 -1.332685
 109.380005 -1.256460 -0.671328
 109.580005 -1.248465 -1.024219
 109.780005 -1.300369 -0.947332
 109.980005 -1.399878 -0.908448
 110.180005 -1.235835 -0.795106
 110.380005 -1.165137 -1.162246
 110.580005 -1.178766 -0.727371
 110.780005 -1.353122 -1.056734
 110.980005 -1.250285 -0.756467
 111.180005 -1.233310 -0.980078
 111.380005 -1.294076 -1.048470
 111.580005 -1.202326 -0.657421
 111.780005 -1.369997 -1.203380
 111.980005 -1.352634 -0.866935
 112.180005 -1.050892 -0.846904
 112.380005 -1.345311 -1.094441
 112.580005 -1.289762 -0.845470
 112.780005 -1.341611 -0.670772
 112.980005 -1.269306 -1.181792
 113.180005 -1.235682 -0.839645
 113.380005 -1.529630 -0.859301
 113.580005 -1.434750 -0.902955
 113.780005 -0.987484 -1.112814
 113.980005 -1.564729 -0.622108
 114.180005 -1.402095 -1.150520
 114.380005 -1.094085 -0.808122
 114.580005 -1.444801 -1.177265
 114.780005 -1.486172 -0.724384
 114.980005 -1.281830 -0.906656
 115.180005 -1.425065 -1.013370
 115.380005 -1.382471 -0.718005
 115.580005 -1.334590 -0.822986
 115.780005 -1.346451 -1.292582
 115.980006 -1.458577 -0.492038
 116.180006 -1.572838 -1.192856
 116.380006 -1.203756 -0.954425
 116.580006 -1.260979 -0.707368
 116.780006 -1.481791 -0.928073
 116.980006 -0.890032 -1.037124
 117.180006 -1.265547 -0.923706
 117.380006 -1.462502 -0.988458
 117.580006 -1.121972 -0.671859
 117.780006 -1.142523 -1.215293
 117.980006 -1.197782 -0.787096
 118.180006 -1.092817 -0.742391
 118.380006 -1.162897 -1.212189
 118.580006 -1.327886 -0.777481
 118.780006 -1.216093 -0.672967
 118.980006 -1.152727 -1.135036
 119.180006 -1.230767 -0.784740
 119.380006 -1.218250 -0.856599
 119.580006 -1.469455 -1.059639
 119.780006 -1.119694 -1.033539
 119.980006 -1.422445 -0.791947
 120.180006 -1.563973 -0.833210
 120.380006 -1.176181 -1.008366
 120.580006 -1.412460 -0.835749
 120.780006 -1.632756 -0.773970
 120.980006 -1.308814 -0.937929
 121.180006 -1.323207 -1.229896
 121.380006 -1.660702 -0.518446
 121.580006 -1.256923 -0.995721
 121.780006 -1.393542 -1.152780
 121.980006 -1.463930 -0.768697
 122.180006 -1.598785 -0.796166
 122.380006 -1.423135 -1.184867
 122.580006 -1.376019 -0.852315
 122.780006 -1.669505 -0.862332
 122.980006 -1.481110 -0.903337
 123.180006 -1.265709 -1.029085
 123.380006 -1.509913 -0.913264
 123.580006 -1.235907 -0.760751
 123.780006 -1.447944 -0.952830
 123.980006 -1.255704 -1.017267
 124.180006 -1.452559 -0.591808
 124.380006 -1.557705 -0.996481
 124.580006 -1.190402 -1.102459
 124.780006 -1.416956 -0.624392
 124.980006 -1.496642 -1.000534
 125.180006 -1.202531 -0.869724
 125.380006 -1.370166 -0.756843
 125.580006 -1.585986 -0.924516
 125.780006 -1.115198 -0.972904
 125.980006 -1.242868 -0.944413
 126.180006 -1.325707 -0.719867
 126.380006 -1.289005 -0.887942
 126.580006 -1.046223 -1.075441
 126.780006 -1.277765 -0.719379
 126.980006 -1.330693 -1.021650
 127.180006 -0.896178 -1.002157
 127.380006 -1.361693 -0.851360
 127.580006 -1.348195 -0.915103
 127.780006 -1.036325 -0.958708
 127.980006 -1.263816 -0.924811
 128.180006 -1.292524 -0.810597
 128.380006 -1.045431 -0.986403
 128.580006 -1.142668 -0.960015
 128.780006 -1.232308 -0.714966
 128.980006 -1.126539 -1.013045
 129.180006 -1.121645 -0.912647
 129.380006 -1.187864 -0.804466
 129.580006 -1.150171 -0.998428
 129.780006 -1.159408 -0.921095
 129.980006 -1.212449 -0.925625
 130.180006 -1.396997 -0.817872
 130.380006 -1.197619 -0.878994
 130.580006 -1.183532 -0.980258
 130.780006 -1.302844 -0.843944
 130.980006 -1.198942 -0.790040
 131.180006 -1.184293 -1.125286
 131.380006 -1.436737 -0.691029
 131.580006 -1.319303 -0.965814
 131.780006 -1.313643 -0.929029
 131.980006 -1.381606 -0.938473
 132.180006 -1.432488 -0.834525
 132.380006 -1.471753 -0.776856
 132.580006 -1.279576 -1.036954
 132.780006 -1.433993 -0.885345
 132.980006 -1.472503 -0.680467
 133.180006 -1.206135 -1.094970
 133.380006 -1.419125 -0.903436
 133.580006 -1.429837 -0.794053
 133.780006 -1.292178 -1.027082
 133.980006 -1.419098 -0.905314
 134.180006 -1.500133 -0.826555
 134.380006 -1.387780 -0.843315
 134.580006 -1.252669 -1.192800
 134.780006 -1.335909 -0.725588
 134.980006 -1.365320 -0.934158
 135.180006 -1.370479 -0.906491
 135.380006 -1.359290 -0.850654
 135.580006 -1.621325 -0.879486
 135.780006 -1.345726 -1.036859
 135.980006 -1.321059 -0.902603
 136.180006 -1.548353 -0.944302
 136.380006 -1.104914 -0.850032
 136.580006 -1.182682 -1.061542
 136.780006 -1.447360 -0.825885
 136.980007 -1.276132 -0.803305
 137.180007 -1.265889 -1.057771
 137.380007 -1.475772 -1.014402
 137.580007 -1.357268 -0.542822
 137.780007 -1.420217 -1.162010
 137.980007 -1.206517 -1.014938
 138.180007 -1.392015 -0.669739
 138.380007 -1.464370 -1.062424
 138.580007 -1.121455 -0.838491
 138.780007 -1.280031 -0.908709
 138.980007 -1.414085 -1.015443
 139.180007 -0.979808 -0.894454
 139.380007 -1.185108 -1.109239
 139.580007 -1.370538 -0.838515
 139.780007 -0.941729 -0.879842
 139.980007 -1.430917 -1.015272
 140.180007 -1.369351 -0.830700
 140.380007 -1.236153 -0.861120
 140.580007 -1.620402 -1.154850
 140.780007 -1.310780 -0.812826
 140.980007 -1.368207 -1.007501
 141.180007 -1.494738 -1.055437
 141.380007 -1.333594 -0.614803
 141.580007 -1.433883 -1.026061
 141.780007 -1.316990 -1.171733
 141.980007 -0.988579 -0.683215
 142.180007 -1.414456 -1.189402
 142.380007 -1.079276 -0.866991
 142.580007 -1.196688 -0.720062
 142.780007 -1.318633 -1.272463
 142.980007 -1.273621 -0.762451
 143.180007 -1.355100 -0.777842
 143.380007 -1.267815 -1.232869
 143.580007 -1.040249 -0.667755
 143.780007 -1.179541 -1.054749
 143.980007 -1.351820 -1.061747
 144.180007 -1.037344 -0.712465
 144.380007 -1.304990 -1.113538
 144.580007 -1.288751 -0.858870
 144.780007 -1.205571 -0.700179
 144.980007 -1.484751 -1.098552
 145.180007 -1.270218 -0.770110
 145.380007 -1.399173 -0.995691
 145.580007 -1.490241 -1.039469
 145.780007 -1.381008 -0.745458
 145.980007 -1.404612 -0.931850
 146.180007 -1.336737 -0.976080
 146.380007 -1.036147 -0.802608
 146.580007 -1.487503 -1.035981
 146.780007 -1.229213 -0.926882
 146.980007 -1.220951 -0.879331
 147.180007 -1.482384 -1.081117
 147.380007 -1.161279 -0.722329
 147.580007 -1.202261 -1.073310
 147.780007 -1.386712 -1.042807
 147.980007 -1.077993 -0.622678
 148.180007 -1.465340 -1.034797
 148.380007 -1.307756 -1.087179
 148.580007 -1.346461 -0.602463
 148.780007 -1.680955 -1.251579
 148.980007 -1.167769 -0.966140
 149.180007 -1.507204 -0.715116
 149.380007 -1.539107 -1.209668
 149.580007 -1.055362 -0.772829
 149.780007 -1.484792 -0.923789
 149.980007 -1.295820 -1.089014
 150.180007 -0.900628 -0.832098
 150.380007 -1.588168 -1.129054
 150.580007 -1.324477 -0.817105
 150.780007 -1.216017 -0.965639
 150.980007 -1.505465 -1.040839
 151.180007 -1.237661 -0.656724
 151.380007 -1.242324 -1.037207
 151.580007 -1.347720 -1.027209
 151.780007 -1.028692 -0.673590
 151.980007 -1.581695 -1.157697
 152.180007 -1.181230 -0.930853
 152.380007 -1.313233 -0.875836
 152.580007 -1.632554 -1.112532
 152.780007 -1.161334 -0.636462
 152.980007 -1.430064 -1.224403
 153.180007 -1.445475 -0.873153
 153.380007 -1.206324 -0.691299
 153.580007 -1.385774 -1.170949
 153.780007 -1.288231 -0.964470
 153.980007 -1.355351 -0.654185
 154.180007 -1.499542 -1.207426
 154.380007 -1.109985 -0.723250
 154.580007 -1.330776 -0.971670
 154.780007 -1.357717 -0.940168
 154.980007 -0.953984 -0.914375
 155.180007 -1.533393 -0.902297
 155.380007 -1.323082 -0.774339
 155.580007 -0.922014 -0.996921
 155.780007 -1.503625 -1.079522
 155.980007 -1.219385 -0.652933
 156.180007 -1.122583 -1.047731
 156.380007 -1.289735 -1.002375
 156.580007 -1.105454 -0.611261
 156.780007 -1.381787 -0.965562
 156.980007 -0.986974 -1.137986
 157.180007 -1.217723 -0.793437
 157.380007 -1.399610 -0.955944
 157.580007 -0.988023 -0.901802
 157.780007 -1.344858 -0.816109
 157.980008 -1.609939 -0.877365
 158.180008 -1.266363 -0.844831
 158.380008 -1.364461 -1.181716
 158.580008 -1.611688 -0.642963
 158.780008 -1.318150 -0.745917
 158.980008 -1.210411 -1.190847
 159.180008 -1.348440 -0.957536
 159.380008 -1.577759 -0.541643
 159.580008 -1.446351 -1.253518
 159.780008 -1.086461 -0.957492
 159.980008 -1.582537 -0.775673
 160.180008 -1.521983 -0.934809
 160.380008 -1.124580 -1.052763
 160.580008 -1.631767 -0.717242
 160.780008 -1.415874 -1.134716
 160.980008 -1.147539 -0.763648
 161.180008 -1.504238 -1.161109
 161.380008 -1.339416 -0.676399
 161.580008 -0.960423 -1.176728
 161.780008 -1.512813 -0.962284
 161.980008 -1.184179 -0.872454
 162.180008 -1.339200 -0.774971
 162.380008 -1.307806 -1.219118
 162.580008 -1.295724 -0.631029
 162.780008 -1.521288 -1.042201
 162.980008 -1.278183 -0.958459
 163.180008 -1.249478 -0.780849
 163.380008 -1.390974 -1.027122
 163.580008 -1.176455 -0.823324
 163.780008 -1.022861 -1.052449
 163.980008 -1.298235 -0.957258
 164.180008 -1.174517 -0.755430
 164.380008 -1.253924 -0.945916
 164.580008 -1.153005 -1.087632
 164.780008 -1.119104 -0.708587
 164.980008 -1.471122 -1.132261
 165.180008 -1.057059 -0.772353
 165.380008 -1.124506 -0.992028
 165.580008 -1.105898 -0.991685
 165.780008 -1.152559 -0.943588
 165.980008 -1.291015 -0.894691
 166.180008 -1.399655 -0.984311
 166.380008 -1.191423 -0.804299
 166.580008 -1.359333 -1.159930
 166.780008 -1.267475 -0.733527
 166.980008 -1.038966 -0.983999
 167.180008 -1.473080 -0.954501
 167.380008 -1.075786 -0.932517
 167.580008 -1.368803 -0.875113
 167.780008 -1.405286 -1.097516
 167.980008 -1.161369 -0.816943
 168.180008 -1.517706 -0.919170
 168.380008 -1.298308 -1.103292
 168.580008 -1.352717 -0.753734
 168.780008 -1.533379 -1.024792
 168.980008 -1.291921 -0.737907
 169.180008 -1.160497 -1.114508
 169.380008 -1.454677 -0.788829
 169.580008 -1.229918 -0.939095
 169.780008 -1.182705 -0.944656
 169.980008 -1.494082 -0.958828
 170.180008 -1.305676 -0.748232
 170.380008 -1.292683 -1.108156
 170.580008 -1.477095 -0.775297
 170.780008 -1.319227 -0.906865
 170.980008 -1.342183 -0.880543
 171.180008 -1.040062 -1.010423
 171.380008 -1.435142 -0.738534
 171.580008 -1.308903 -1.119212
 171.780008 -1.149336 -0.974514
 171.980008 -1.484664 -0.994685
 172.180008 -1.363461 -0.874410
 172.380008 -1.145035 -0.979529
 172.580008 -1.459372 -0.946099
 172.780008 -1.303275 -0.673038
 172.980008 -1.295476 -1.122076
 173.180008 -1.378727 -0.887883
 173.380008 -1.292339 -0.842938
 173.580008 -1.409950 -0.975017
 173.780008 -1.080991 -1.153214
 173.980008 -1.390574 -0.569922
 174.180008 -1.255405 -1.186938
 174.380008 -1.187153 -0.718406
 174.580008 -1.587338 -0.961156
 174.780008 -1.373634 -1.088980
 174.980008 -1.447228 -0.832534
 175.180008 -1.566514 -0.907511
 175.380008 -1.302064 -1.007675
 175.580008 -1.155005 -0.819760
 175.780008 -1.508304 -1.140770
 175.980008 -1.221219 -0.553520
 176.180008 -1.338272 -1.236137
 176.380008 -1.488025 -1.032289
 176.580008 -1.203115 -0.733402
 176.780008 -1.366947 -0.995384
 176.980008 -1.146262 -1.061530
 177.180008 -1.315013 -0.501256
 177.380008 -1.387397 -1.318857
 177.580008 -1.282495 -0.749119
 177.780008 -1.360307 -0.943051
 177.980008 -1.440514 -1.065323
 178.180008 -1.029852 -0.944810
 178.380008 -1.224650 -0.784645
 178.580008 -1.164700 -1.128078
 178.780008 -0.997498 -0.811828
 178.980009 -1.267347 -1.070112
 179.180009 -1.134237 -0.856543
 179.380009 -1.337650 -0.944650
 179.580009 -1.225702 -0.843381
 179.780009 -1.282201 -0.962053
 179.980009 -1.175382 -0.898229
 180.180009 -1.403397 -0.786981
 180.380009 -1.174494 -0.917238
 180.580009 -1.228675 -1.070889
 180.780009 -1.358754 -0.846065
 180.980009 -1.316811 -0.877391
 181.180009 -1.307461 -1.010726
 181.380009 -1.150962 -0.773381
 181.580009 -1.354686 -0.909276
 181.780009 -1.293850 -0.866925
 181.980009 -1.129576 -1.002479
 182.180009 -1.441075 -0.911090
 182.380009 -1.252418 -0.908344
 182.580009 -1.223887 -0.921442
 182.780009 -1.256488 -0.965722
 182.980009 -1.266796 -0.810512
 183.180009 -1.438852 -1.101087
 183.380009 -1.466006 -0.784806
 183.580009 -1.431737 -0.898348
 183.780009 -1.468719 -1.063368
 183.980009 -1.184336 -0.885188
 184.180009 -1.413456 -0.733471
 184.380009 -1.345811 -1.174894
 184.580009 -1.263180 -0.746572
 184.780009 -1.435493 -1.040065
 184.980009 -1.484888 -0.871142
 185.180009 -1.337897 -0.966597
 185.380009 -1.360837 -1.004339
 185.580009 -1.372844 -0.685699
 185.780009 -1.268788 -0.996041
 185.980009 -1.265574 -1.007256
 186.180009 -1.393696 -0.662030
 186.380009 -1.314515 -1.097662
 186.580009 -1.275104 -0.823338
 186.780009 -1.273046 -0.940765
 186.980009 -1.328256 -0.997817
 187.180009 -1.375002 -0.686373
 187.380009 -1.317813 -0.999299
 187.580009 -1.195842 -1.059510
 187.780009 -1.172058 -0.813552
 187.980009 -1.241689 -0.958239
 188.180009 -1.112422 -0.873577
 188.380009 -1.124104 -0.982003
 188.580009 -1.300838 -0.790246
 188.780009 -1.155224 -0.857395
 188.980009 -1.218687 -0.991629
 189.180009 -1.153815 -0.853022
 189.380009 -1.145616 -0.780135
 189.580009 -1.208965 -0.992689
 189.780009 -1.162413 -0.910085
 189.980009 -1.292916 -0.895086
 190.180009 -1.309743 -1.076011
 190.380009 -1.264007 -0.891116
 190.580009 -1.466029 -0.953292
 190.780009 -1.309957 -0.762159
 190.980009 -1.181940 -0.989956
 191.180009 -1.381863 -0.947944
 191.380009 -1.220651 -0.840246
 191.580009 -1.487615 -0.899294
 191.780009 -1.380618 -1.075817
 191.980009 -1.265887 -0.667653
 192.180009 -1.552735 -1.042895
 192.380009 -1.432110 -0.886737
 192.580009 -1.207244 -0.859086
 192.780009 -1.489307 -1.105502
 192.980009 -1.196647 -0.815328
 193.180009 -1.327818 -0.913724
 193.380009 -1.382385 -1.040893
 193.580009 -1.227091 -0.857519
 193.780009 -1.469801 -0.889550
 193.980009 -1.221364 -1.073481
 194.180009 -1.327625 -0.752218
 194.380009 -1.360324 -1.025808
 194.580009 -1.179485 -0.954145
 194.780009 -1.300032 -0.814820
 194.980009 -1.276986 -0.919199
 195.180009 -1.187889 -0.947235
 195.380009 -1.173018 -0.840732
 195.580009 -1.286863 -0.988199
 195.780009 -1.156957 -0.743005
 195.980009 -1.159866 -1.025825
 196.180009 -1.251801 -0.852781
 196.380009 -1.050580 -0.945484
 196.580009 -1.401606 -0.766128
 196.780009 -1.114643 -1.050204
 196.980009 -1.244308 -0.903759
 197.180009 -1.316934 -0.863574
 197.380009 -1.215312 -0.785108
 197.580009 -1.156018 -1.113885
 197.780009 -1.269439 -0.848642
 197.980009 -1.396623 -0.769773
 198.180009 -1.190103 -0.950545
 198.380009 -1.096416 -1.070850
 198.580009 -1.505392 -0.785975
 198.780009 -1.475694 -0.871784
 198.980009 -1.194434 -1.012184
 199.180009 -1.403016 -0.887132
 199.380009 -1.460907 -0.704038
 199.580009 -1.180280 -0.965152
 199.780009 -1.251597 -1.079131
 199.980009 -1.388344 -0.772986
