#! FIELDS time phi psi
#! SET max_psi pi
 0.180000 -1.661022 2.114691
 0.380000 -1.876171 0.835260
 0.580000 -1.570199 1.559763
 0.780000 -2.003442 1.239602
 0.980000 -1.790982 1.248891
 1.180000 -1.770506 1.551593
 1.380000 -1.823060 0.940793
 1.580000 -1.488114 1.579663
 1.780000 -2.099921 0.778418
 1.980000 -1.573424 1.612381
 2.180000 -1.960782 1.123188
 2.380000 -1.634428 1.302577
 2.580000 -1.764306 1.369433
 2.780000 -2.000265 1.226850
 2.980000 -1.681345 1.286237
 3.180000 -2.216404 1.181174
 3.380000 -1.739310 1.288234
 3.580000 -2.029712 1.388523
 3.780000 -1.807382 1.163927
 3.980000 -1.656282 1.378997
 4.180000 -2.033112 1.340803
 4.380000 -1.537391 1.337558
 4.580000 -2.141272 1.438428
 4.780000 -1.805338 1.102343
 4.980000 -1.976159 1.637193
 5.180000 -1.793752 1.024162
 5.380000 -1.603844 1.699262
 5.580000 -2.074339 1.053985
 5.780000 -1.644891 1.427272
 5.980000 -2.053305 1.225537
 6.180000 -1.853420 1.346140
 6.380000 -1.934419 1.291629
 6.580000 -2.100169 1.405976
 6.780000 -1.731972 1.137799
 6.980000 -1.954597 1.415811
 7.180000 -1.689826 1.147583
 7.380000 -1.936593 1.550369
 7.580000 -1.689426 0.988135
 7.780000 -1.894451 1.491742
 7.980000 -1.931115 1.175476
 8.180000 -1.909968 1.468733
 8.380000 -1.922809 1.371338
 8.580000 -1.596632 1.156332
 8.780000 -1.920545 1.449560
 8.980000 -1.796684 1.167135
 9.180000 -2.042508 1.356627
 9.380000 -1.818352 1.107396
 9.580000 -1.745053 1.381140
 9.780000 -1.820215 1.224920
 9.980000 -1.776156 1.320830
 10.180000 -1.854382 1.083650
 10.380000 -1.800816 1.426540
 10.580001 -1.809400 1.059754
 10.780001 -1.892088 1.432791
 10.980001 -1.659755 1.082408
 11.180001 -2.107466 1.354791
 11.380001 -1.611905 1.313436
 11.580001 -2.180351 1.204612
 11.780001 -1.702722 1.406683
 11.980001 -1.830671 1.269512
 12.180001 -1.971289 1.257986
 12.380001 -1.443271 1.401430
 12.580001 -2.193634 1.172760
 12.780001 -1.583083 1.376859
 12.980001 -2.191030 1.227691
 13.180001 -1.826551 1.257034
 13.380001 -1.917804 1.365958
 13.580001 -2.013777 1.156651
 13.780001 -1.423909 1.439014
 13.980001 -1.936913 1.154259
 14.180001 -1.471797 1.399675
 14.380001 -1.869931 1.243618
 14.580001 -1.721631 1.304833
 14.780001 -1.768954 1.212251
 14.980001 -1.992141 1.401615
 15.180001 -1.735794 1.160853
 15.380001 -1.857199 1.295359
 15.580001 -1.781989 1.297393
 15.780001 -1.832801 1.127102
 15.980001 -1.746569 1.475899
 16.180001 -1.758722 1.039260
 16.380001 -1.891480 1.545220
 16.580001 -1.772138 1.130326
 16.780001 -1.860998 1.491453
 16.980001 -1.749690 1.236302
 17.180001 -1.751439 1.292468
 17.380001 -1.883188 1.310601
 17.580001 -1.600382 1.283374
 17.780001 -1.905546 1.252637
 17.980001 -1.891740 1.301989
 18.180001 -1.879349 1.229762
 18.380001 -1.824714 1.208398
 18.580001 -1.719754 1.166795
 18.780001 -1.943344 1.274231
 18.980001 -1.707830 1.314205
 19.180001 -1.711432 1.260187
 19.380001 -1.843360 1.419977
 19.580001 -1.723015 1.200072
 19.780001 -1.953761 1.457052
 19.980001 -1.636295 1.253969
 20.180001 -1.881145 1.560476
 20.380001 -1.838770 1.064490
 20.580001 -1.578181 1.445860
 20.780001 -1.920899 1.231208
 20.980001 -1.704179 1.364541
 21.180001 -1.980344 1.273947
 21.380001 -1.767010 1.279259
 21.580001 -1.881651 1.406408
 21.780001 -1.925483 1.250147
 21.980001 -1.557280 1.375746
 22.180001 -2.051845 1.249114
 22.380001 -1.567247 1.313555
 22.580001 -1.850202 1.242757
 22.780001 -1.986144 1.304801
 22.980001 -1.598185 1.230694
 23.180001 -1.917071 1.249519
 23.380001 -1.645044 1.284448
 23.580001 -1.738072 1.298463
 23.780001 -1.823879 1.330117
 23.980001 -1.532393 1.238430
 24.180001 -1.828148 1.219597
 24.380001 -1.752390 1.296918
 24.580001 -1.801794 1.338761
 24.780001 -1.745671 1.120586
 24.980001 -1.811835 1.487483
 25.180001 -1.775375 1.183470
 25.380001 -1.608155 1.210837
 25.580001 -1.853629 1.431703
 25.780001 -1.770251 1.165027
 25.980001 -1.862774 1.388422
 26.180001 -1.821352 1.097215
 26.380001 -1.907077 1.337698
 26.580001 -1.845244 1.350166
 26.780001 -1.758110 1.305718
 26.980001 -1.707640 1.233348
 27.180001 -1.800108 1.367432
 27.380001 -1.916560 1.217145
 27.580001 -1.779586 1.380586
 27.780001 -1.891649 1.240898
 27.980001 -1.878517 1.387105
 28.180001 -1.620408 1.266523
 28.380001 -1.836592 1.237845
 28.580001 -1.612706 1.430014
 28.780001 -1.918135 1.180655
 28.980001 -1.905783 1.512485
 29.180001 -1.711871 1.165529
 29.380001 -2.037959 1.323376
 29.580001 -1.714244 1.342618
 29.780001 -2.056699 1.264026
 29.980001 -1.776244 1.234131
 30.180001 -1.881611 1.391119
 30.380001 -1.912636 1.109924
 30.580001 -1.591179 1.449442
 30.780001 -2.042557 1.049899
 30.980001 -1.628762 1.463601
 31.180001 -1.842083 1.041349
 31.380001 -1.879759 1.474964
 31.580001 -1.794483 1.242385
 31.780002 -1.915282 1.231931
 31.980002 -1.721046 1.427481
 32.180002 -1.826641 1.137844
 32.380002 -1.787203 1.560067
 32.580002 -1.715598 0.952749
 32.780002 -2.012790 1.765524
 32.980002 -1.818533 0.960865
 33.180002 -1.806807 1.588618
 33.380002 -1.757638 1.034535
 33.580002 -1.753328 1.574414
 33.780002 -1.736035 1.168877
 33.980002 -1.817903 1.560627
 34.180002 -1.753869 1.059012
 34.380002 -1.843002 1.548241
 34.580002 -1.826859 1.240956
 34.780002 -1.780850 1.320079
 34.980002 -1.800313 1.407314
 35.180002 -1.817697 1.097269
 35.380002 -1.777092 1.563140
 35.580002 -1.840720 1.014301
 35.780002 -1.844985 1.687170
 35.980002 -1.975912 1.045687
 36.180002 -1.722949 1.505830
 36.380002 -1.814346 1.123233
 36.580002 -1.863078 1.500795
 36.780002 -1.668323 1.183114
 36.980002 -1.798369 1.401421
 37.180002 -1.752694 1.278382
 37.380002 -1.885377 1.322209
 37.580002 -1.762625 1.219980
 37.780002 -1.905004 1.331957
 37.980002 -1.912373 1.308963
 38.180002 -1.816390 1.303750
 38.380002 -1.862319 1.307947
 38.580002 -1.732090 1.314887
 38.780002 -1.763637 1.365645
 38.980002 -1.703272 1.237156
 39.180002 -1.767791 1.503896
 39.380002 -1.841391 1.211653
 39.580002 -1.767364 1.512456
 39.780002 -1.964149 1.080445
 39.980002 -1.943524 1.572737
 40.180002 -1.711616 1.199098
 40.380002 -1.882330 1.423716
 40.580002 -1.611738 1.082745
 40.780002 -1.830392 1.566121
 40.980002 -1.907591 1.190250
 41.180002 -1.846148 1.369203
 41.380002 -1.882605 1.209617
 41.580002 -1.775443 1.231971
 41.780002 -1.821860 1.417101
 41.980002 -1.809381 1.102281
 42.180002 -1.713783 1.574991
 42.380002 -1.866251 1.018136
 42.580002 -1.743928 1.593974
 42.780002 -1.943628 1.067035
 42.980002 -1.873351 1.650444
 43.180002 -1.706978 1.153834
 43.380002 -2.037543 1.531327
 43.580002 -1.785032 1.184315
 43.780002 -2.026762 1.408027
 43.980002 -1.838062 1.217452
 44.180002 -2.033881 1.332328
 44.380002 -1.820933 1.212979
 44.580002 -1.839779 1.288711
 44.780002 -1.775236 1.365154
 44.980002 -1.700654 1.223343
 45.180002 -1.920235 1.539567
 45.380002 -1.722306 1.075644
 45.580002 -1.819310 1.556036
 45.780002 -1.759843 0.986473
 45.980002 -1.864930 1.765971
 46.180002 -1.656767 0.967842
 46.380002 -1.796844 1.496489
 46.580002 -1.681697 1.234639
 46.780002 -1.828483 1.284513
 46.980002 -1.702231 1.412791
 47.180002 -1.606369 1.040278
 47.380002 -1.935262 1.494272
 47.580002 -1.693844 1.043278
 47.780002 -2.000990 1.395801
 47.980002 -1.805517 1.172918
 48.180002 -1.904925 1.440517
 48.380002 -1.711442 1.163215
 48.580002 -1.800684 1.505941
 48.780002 -1.946175 0.947695
 48.980002 -1.700653 1.522170
 49.180002 -1.687746 1.138319
 49.380002 -1.902691 1.501078
 49.580002 -1.766056 1.384947
 49.780002 -2.016100 1.191526
 49.980002 -1.805829 1.520581
 50.180002 -1.812491 1.091385
 50.380002 -1.909747 1.457716
 50.580002 -1.656298 1.207121
 50.780002 -1.990666 1.363880
 50.980002 -1.786031 1.249395
 51.180002 -1.790005 1.270718
 51.380002 -1.922188 1.245875
 51.580002 -1.724332 1.340353
 51.780002 -1.944688 1.131037
 51.980002 -1.623333 1.283418
 52.180002 -1.922821 1.287247
 52.380002 -1.730807 1.226489
 52.580002 -1.617610 1.354919
 52.780003 -2.066270 1.154656
 52.980003 -1.606140 1.492061
 53.180003 -1.908603 1.152741
 53.380003 -1.696294 1.315189
 53.580003 -1.724991 1.395952
 53.780003 -1.882530 1.238560
 53.980003 -1.488639 1.392314
 54.180003 -2.017766 1.218439
 54.380003 -1.795232 1.438988
 54.580003 -1.793759 1.334233
 54.780003 -1.857554 1.166376
 54.980003 -1.647784 1.445160
 55.180003 -1.852055 1.104333
 55.380003 -1.615369 1.412308
 55.580003 -1.771617 1.131682
 55.780003 -1.804121 1.348735
 55.980003 -1.807757 1.248623
 56.180003 -1.850976 1.223092
 56.380003 -1.732057 1.192086
 56.580003 -1.904646 1.281946
 56.780003 -1.668345 1.152864
 56.980003 -1.697765 1.263594
 57.180003 -1.900690 1.329330
 57.380003 -1.776273 1.157899
 57.580003 -1.907829 1.392222
 57.780003 -1.779637 1.201074
 57.980003 -1.820080 1.389898
 58.180003 -1.798595 1.254273
 58.380003 -1.570125 1.348806
 58.580003 -1.694868 1.329664
 58.780003 -1.798737 1.279001
 58.980003 -1.690464 1.371860
 59.180003 -1.712128 1.233423
 59.380003 -1.861102 1.345039
 59.580003 -1.864668 1.370788
 59.780003 -1.743760 1.191959
 59.980003 -1.723147 1.344437
 60.180003 -1.858294 1.259667
 60.380003 -1.830062 1.431852
 60.580003 -1.769538 1.211636
 60.780003 -1.824150 1.301679
 60.980003 -1.896521 1.343257
 61.180003 -1.721642 1.256465
 61.380003 -1.825711 1.243088
 61.580003 -1.904013 1.266987
 61.780003 -1.777871 1.265751
 61.980003 -1.905308 1.221414
 62.180003 -1.829918 1.327475
 62.380003 -1.809651 1.216352
 62.580003 -1.695228 1.405003
 62.780003 -1.781260 1.194401
 62.980003 -1.652219 1.420057
 63.180003 -1.781005 1.155602
 63.380003 -1.660559 1.336174
 63.580003 -1.906054 1.255216
 63.780003 -1.904932 1.145947
 63.980003 -1.817083 1.423045
 64.180003 -1.714988 0.976852
 64.380003 -1.814828 1.634345
 64.580003 -1.639167 1.009702
 64.780003 -1.762088 1.532061
 64.980003 -1.708822 1.221367
 65.180003 -1.807977 1.356073
 65.380003 -1.851136 1.280965
 65.580003 -1.775970 1.361030
 65.780003 -1.911619 1.349667
 65.980003 -1.846097 1.210859
 66.180003 -1.830796 1.376863
 66.380003 -1.802501 1.247094
 66.580003 -1.758010 1.410739
 66.780003 -1.836458 1.156253
 66.980003 -1.658702 1.410504
 67.180003 -1.817355 1.118861
 67.380003 -1.845466 1.488376
 67.580003 -1.779446 1.012664
 67.780003 -2.023847 1.389325
 67.980003 -1.641614 1.138549
 68.180003 -2.083835 1.409316
 68.380003 -1.623364 1.314584
 68.580003 -1.911422 1.249129
 68.780003 -1.823709 1.341582
 68.980003 -1.746755 1.202265
 69.180003 -2.039724 1.461774
 69.380003 -1.707218 1.202625
 69.580003 -1.896379 1.332891
 69.780003 -1.685589 1.282573
 69.980003 -1.711129 1.445850
 70.180003 -1.760515 1.185160
 70.380003 -1.667793 1.399441
 70.580003 -1.896552 1.176072
 70.780003 -1.907862 1.415200
 70.980003 -1.828434 1.183269
 71.180003 -1.816674 1.319596
 71.380003 -1.804941 1.145408
 71.580003 -1.772399 1.411496
 71.780003 -1.792492 1.219125
 71.980003 -1.845172 1.299570
 72.180003 -1.732614 1.243131
 72.380003 -1.826361 1.304866
 72.580003 -1.858015 1.361966
 72.780003 -1.681269 1.215625
 72.980003 -1.858225 1.286625
 73.180003 -1.804048 1.409033
 73.380003 -1.943065 1.300400
 73.580003 -1.809420 1.327161
 73.780004 -1.787941 1.344558
 73.980004 -1.863976 1.310747
 74.180004 -1.597066 1.243128
 74.380004 -1.844293 1.330281
 74.580004 -1.758153 1.347160
 74.780004 -1.795090 1.356734
 74.980004 -1.885913 1.054297
 75.180004 -1.710989 1.336055
 75.380004 -1.925901 1.205422
 75.580004 -1.656699 1.291235
 75.780004 -1.703472 1.315717
 75.980004 -1.857557 1.235179
 76.180004 -1.719551 1.247058
 76.380004 -1.766337 1.133586
 76.580004 -1.832615 1.322075
 76.780004 -1.700983 1.203682
 76.980004 -1.880590 1.323538
 77.180004 -1.663892 1.104164
 77.380004 -1.771698 1.493002
 77.580004 -1.759117 1.004613
 77.780004 -1.639221 1.464224
 77.980004 -1.922022 1.031644
 78.180004 -1.652132 1.441491
 78.380004 -1.914572 1.175600
 78.580004 -1.791198 1.298105
 78.780004 -1.700247 1.360243
 78.980004 -2.092998 1.128202
 79.180004 -1.580185 1.365758
 79.380004 -2.037222 1.306487
 79.580004 -1.786351 1.214084
 79.780004 -1.814218 1.368786
 79.980004 -1.965551 1.180113
 80.180004 -1.702986 1.410250
 80.380004 -1.997689 1.267473
 80.580004 -1.860035 1.288305
 80.780004 -1.837775 1.554528
 80.980004 -1.856299 1.082806
 81.180004 -1.691628 1.568229
 81.380004 -1.869123 1.025851
 81.580004 -1.790655 1.607134
 81.780004 -1.831483 1.134554
 81.980004 -1.745426 1.379661
 82.180004 -1.776214 1.094965
 82.380004 -1.909440 1.567429
 82.580004 -1.705546 1.166877
 82.780004 -1.746607 1.464769
 82.980004 -1.708853 1.215359
 83.180004 -1.790681 1.319421
 83.380004 -1.776555 1.246736
 83.580004 -1.803637 1.147136
 83.780004 -1.981349 1.368787
 83.980004 -1.836632 1.078427
 84.180004 -1.831415 1.339274
 84.380004 -1.591628 1.179566
 84.580004 -1.712352 1.425448
 84.780004 -1.656861 1.155737
 84.980004 -1.746798 1.435977
 85.180004 -1.737391 1.094319
 85.380004 -1.882878 1.520628
 85.580004 -1.799425 1.175943
 85.780004 -1.761432 1.446609
 85.980004 -1.899002 1.248221
 86.180004 -1.708914 1.373308
 86.380004 -1.798053 1.301352
 86.580004 -1.919907 1.367682
 86.780004 -1.827229 1.427398
 86.980004 -1.908192 1.308968
 87.180004 -1.825709 1.193969
 87.380004 -1.738126 1.325926
 87.580004 -1.869312 1.350691
 87.780004 -1.645822 1.197906
 87.980004 -1.644289 1.207132
 88.180004 -1.893675 1.321395
 88.380004 -1.784659 1.175167
 88.580004 -1.767571 1.399532
 88.780004 -1.723934 1.197750
 88.980004 -1.867454 1.289390
 89.180004 -1.765977 1.390732
 89.380004 -1.861503 1.154681
 89.580004 -1.740163 1.369228
 89.780004 -1.963242 1.250231
 89.980004 -1.883381 1.380231
 90.180004 -1.536040 1.303574
 90.380004 -1.939755 1.275938
 90.580004 -1.677360 1.419130
 90.780004 -1.719127 1.234265
 90.980004 -1.813657 1.278487
 91.180004 -1.768762 1.293211
 91.380004 -1.964933 1.215539
 91.580004 -1.599905 1.223458
 91.780004 -1.634352 1.395976
 91.980004 -1.770728 1.036463
 92.180004 -1.667383 1.310065
 92.380004 -1.820482 1.248289
 92.580004 -1.771064 1.139392
 92.780004 -1.910086 1.416600
 92.980004 -1.877565 1.207622
 93.180004 -1.769398 1.263073
 93.380004 -1.790726 1.463768
 93.580004 -1.859231 1.207743
 93.780004 -1.697893 1.532776
 93.980004 -1.809559 1.221101
 94.180004 -1.897988 1.426356
 94.380004 -1.935631 1.318402
 94.580004 -1.937612 1.332729
 94.780005 -1.777445 1.308103
 94.980005 -1.858180 1.215474
 95.180005 -1.855119 1.331090
 95.380005 -1.600482 1.208687
 95.580005 -1.855406 1.350524
 95.780005 -1.785569 1.192399
 95.980005 -1.627612 1.262071
 96.180005 -1.878207 1.136204
 96.380005 -1.685536 1.444435
 96.580005 -1.940164 1.069131
 96.780005 -1.801968 1.493939
 96.980005 -1.774637 1.160774
 97.180005 -1.943058 1.373738
 97.380005 -1.643268 1.341267
 97.580005 -2.075140 1.303809
 97.780005 -1.715136 1.307532
 97.980005 -1.726504 1.420025
 98.180005 -1.997987 1.262158
 98.380005 -1.642365 1.422021
 98.580005 -2.061348 1.226575
 98.780005 -1.655534 1.156652
 98.980005 -1.845493 1.463690
 99.180005 -1.854096 1.065065
 99.380005 -1.738377 1.487114
 99.580005 -1.858227 1.098443
 99.780005 -1.691064 1.307392
 99.980005 -1.832595 1.276093
 100.180005 -1.750430 1.254201
 100.380005 -1.758927 1.224900
 100.580005 -1.730521 1.380715
 100.780005 -1.856745 1.188977
 100.980005 -1.723959 1.340334
 101.180005 -1.742006 1.338543
 101.380005 -1.778057 1.141139
 101.580005 -1.633495 1.483945
 101.780005 -1.792139 1.017364
 101.980005 -1.813139 1.494821
 102.180005 -1.782383 1.154720
 102.380005 -1.967560 1.266862
 102.580005 -1.570256 1.317790
 102.780005 -1.902949 1.101602
 102.980005 -1.631851 1.473550
 103.180005 -1.808902 1.135366
 103.380005 -1.771710 1.295410
 103.580005 -1.815609 1.304329
 103.780005 -1.896042 1.226649
 103.980005 -1.732589 1.131451
 104.180005 -1.914899 1.406680
 104.380005 -1.752162 1.204065
 104.580005 -1.641851 1.322528
 104.780005 -1.849455 1.262935
 104.980005 -1.746737 1.260231
 105.180005 -1.845012 1.420107
 105.380005 -1.852117 1.191507
 105.580005 -1.776934 1.441567
 105.780005 -1.934963 1.168032
 105.980005 -1.659628 1.425866
 106.180005 -1.768160 1.215986
 106.380005 -1.879893 1.408785
 106.580005 -1.900330 1.315040
 106.780005 -2.022097 1.263463
 106.980005 -1.743092 1.258730
 107.180005 -2.048632 1.340716
 107.380005 -1.776702 1.198079
 107.580005 -1.741781 1.415163
 107.780005 -1.719751 1.130681
 107.980005 -1.788975 1.370624
 108.180005 -1.823500 1.193615
 108.380005 -1.762320 1.323035
 108.580005 -1.861192 1.271373
 108.780005 -1.828413 1.348045
 108.980005 -1.784600 1.237293
 109.180005 -1.691030 1.437900
 109.380005 -1.786430 1.186144
 109.580005 -1.743044 1.414257
 109.780005 -1.796900 1.289279
 109.980005 -1.759376 1.169269
 110.180005 -1.888942 1.355001
 110.380005 -1.823855 1.066929
 110.580005 -1.754601 1.470557
 110.780005 -1.662550 1.065867
 110.980005 -1.773742 1.431458
 111.180005 -1.770859 1.220354
 111.380005 -1.771786 1.255873
 111.580005 -1.923300 1.286361
 111.780005 -1.614522 1.232875
 111.980005 -2.002870 1.298403
 112.180005 -1.530885 1.224436
 112.380005 -1.857909 1.487156
 112.580005 -1.843197 1.163707
 112.780005 -1.706583 1.455181
 112.980005 -1.834804 1.088856
 113.180005 -1.674718 1.455285
 113.380005 -1.928919 1.148024
 113.580005 -1.620338 1.410067
 113.780005 -1.829077 1.242743
 113.980005 -1.840708 1.330644
 114.180005 -1.731272 1.308015
 114.380005 -1.937955 1.248747
 114.580005 -1.737827 1.231959
 114.780005 -1.937832 1.279751
 114.980005 -1.795706 1.168181
 115.180005 -1.661898 1.381755
 115.380005 -1.833869 1.183122
 115.580005 -1.788143 1.252522
 115.780005 -1.889157 1.414949
 115.980006 -1.761819 1.088237
 116.180006 -1.694120 1.485174
 116.380006 -1.845023 1.149200
 116.580006 -1.549045 1.462580
 116.780006 -1.866020 1.211847
 116.980006 -1.602960 1.269137
 117.180006 -1.766941 1.390771
 117.380006 -1.559847 1.150362
 117.580006 -1.865430 1.441051
 117.780006 -1.951924 1.166393
 117.980006 -1.699301 1.289565
 118.180006 -1.980745 1.320907
 118.380006 -1.727645 1.275375
 118.580006 -1.719366 1.315998
 118.780006 -1.907102 1.265481
 118.980006 -1.820989 1.281229
 119.180006 -1.847008 1.384159
 119.380006 -1.780613 1.059351
 119.580006 -1.918881 1.449470
 119.780006 -1.842153 1.229938
 119.980006 -1.713338 1.283306
 120.180006 -1.814106 1.271706
 120.380006 -1.817328 1.421963
 120.580006 -1.854547 1.312371
 120.780006 -1.638409 1.322116
 120.980006 -1.781800 1.114645
 121.180006 -1.909474 1.462416
 121.380006 -1.701583 1.183428
 121.580006 -1.873414 1.445777
 121.780006 -1.676651 1.044546
 121.980006 -1.855185 1.442510
 122.180006 -1.692629 1.311274
 122.380006 -1.683220 1.147938
 122.580006 -1.834591 1.469409
 122.780006 -1.790865 1.084056
 122.980006 -1.785968 1.327817
 123.180006 -1.663971 1.252374
 123.380006 -1.895826 1.327708
 123.580006 -1.697866 1.161241
 123.780006 -1.728999 1.324170
 123.980006 -1.930404 1.261959
 124.180006 -1.724430 1.384897
 124.380006 -1.782739 1.213735
 124.580006 -1.782413 1.289438
 124.780006 -1.824406 1.384755
 124.980006 -1.850393 1.233368
 125.180006 -1.639040 1.327315
 125.380006 -1.801827 1.189485
 125.580006 -1.812510 1.449531
 125.780006 -1.930437 1.295111
 125.980006 -1.727253 1.270647
 126.180006 -1.887506 1.213994
 126.380006 -2.083253 1.293113
 126.580006 -1.753155 1.342671
 126.780006 -1.774848 1.283674
 126.980006 -1.856944 1.313793
 127.180006 -1.782420 1.361491
 127.380006 -1.815466 1.249944
 127.580006 -1.699334 1.364372
 127.780006 -1.708017 1.197966
 127.980006 -1.818307 1.315269
 128.180006 -1.607866 1.198419
 128.380006 -1.988792 1.312908
 128.580006 -1.794599 1.224606
 128.780006 -1.858874 1.333451
 128.980006 -1.871395 1.275572
 129.180006 -1.823558 1.241650
 129.380006 -1.900244 1.381189
 129.580006 -1.656510 1.162423
 129.780006 -1.957107 1.391550
 129.980006 -1.814507 1.334633
 130.180006 -1.888761 1.080423
 130.380006 -1.779526 1.442774
 130.580006 -1.699451 1.205954
 130.780006 -1.805377 1.295127
 130.980006 -1.737965 1.409795
 131.180006 -1.866661 1.168147
 131.380006 -1.730671 1.505076
 131.580006 -1.904435 0.969166
 131.780006 -1.948489 1.463523
 131.980006 -1.700194 1.182848
 132.180006 -2.307754 1.406273
 132.380006 -1.505238 1.462782
 132.580006 -1.839844 1.124172
 132.780006 -1.713425 1.572505
 132.980006 -1.637624 1.098695
 133.180006 -2.061773 1.516250
 133.380006 -1.402803 1.219595
 133.580006 -2.269090 1.347176
 133.780006 -1.728863 1.287971
 133.980006 -1.946960 1.279072
 134.180006 -1.892818 1.205884
 134.380006 -1.685594 1.354776
 134.580006 -2.097086 1.246802
 134.780006 -1.481587 1.380080
 134.980006 -1.995458 1.162268
 135.180006 -1.647245 1.225790
 135.380006 -1.814134 1.351099
 135.580006 -2.035088 1.213926
 135.780006 -1.626623 1.277255
 135.980006 -2.172768 1.241105
 136.180006 -1.573064 1.304129
 136.380006 -1.999353 1.321228
 136.580006 -1.722157 1.187868
 136.780006 -1.751057 1.478368
 136.980007 -1.954372 1.164766
 137.180007 -1.611250 1.337162
 137.380007 -2.090136 1.252683
 137.580007 -1.511019 1.236700
 137.780007 -1.926940 1.563530
 137.980007 -1.752359 1.013242
 138.180007 -1.717941 1.483043
 138.380007 -2.010948 1.123044
 138.580007 -1.763064 1.466705
 138.780007 -2.021004 1.230031
 138.980007 -1.651718 1.153724
 139.180007 -1.922410 1.396741
 139.380007 -1.873439 1.132375
 139.580007 -1.829676 1.260840
 139.780007 -1.825027 1.410985
 139.980007 -1.692014 1.013163
 140.180007 -1.855653 1.553370
 140.380007 -1.714988 1.157308
 140.580007 -1.746168 1.232807
 140.780007 -1.998356 1.445399
 140.980007 -1.863599 1.163754
 141.180007 -1.889484 1.507926
 141.380007 -1.694080 1.066425
 141.580007 -1.872189 1.485776
 141.780007 -1.815515 1.252282
 141.980007 -1.783353 1.327928
 142.180007 -1.810616 1.329387
 142.380007 -1.649326 1.259475
 142.580007 -1.918508 1.504046
 142.780007 -1.907528 1.255172
 142.980007 -2.055315 1.361337
 143.180007 -1.902270 1.333946
 143.380007 -2.032377 1.301440
 143.580007 -2.028711 1.451305
 143.780007 -1.641208 1.193771
 143.980007 -1.985213 1.359664
 144.180007 -1.726738 1.356293
 144.380007 -1.912155 1.260403
 144.580007 -1.771196 1.297437
 144.780007 -1.696520 1.321928
 144.980007 -1.998678 1.306180
 145.180007 -1.692353 1.234193
 145.380007 -1.798147 1.238934
 145.580007 -1.758784 1.219838
 145.780007 -1.793630 1.371940
 145.980007 -1.684518 1.228617
 146.180007 -1.635590 1.256118
 146.380007 -1.804428 1.272303
 146.580007 -1.809977 1.280684
 146.780007 -1.812667 1.270038
 146.980007 -1.824981 1.171789
 147.180007 -1.772510 1.299316
 147.380007 -1.965250 1.357161
 147.580007 -1.646772 1.258491
 147.780007 -1.765687 1.386687
 147.980007 -1.888082 1.222507
 148.180007 -1.857203 1.379508
 148.380007 -1.907384 1.242215
 148.580007 -1.678950 1.283924
 148.780007 -1.947063 1.386771
 148.980007 -1.729957 1.287238
 149.180007 -1.601192 1.174321
 149.380007 -1.957061 1.350305
 149.580007 -1.651335 1.221184
 149.780007 -1.872091 1.303335
 149.980007 -1.658770 1.108148
 150.180007 -1.952861 1.414373
 150.380007 -1.843283 1.343885
 150.580007 -1.766532 1.090599
 150.780007 -1.778648 1.482651
 150.980007 -1.731803 1.134931
 151.180007 -1.870858 1.411115
 151.380007 -1.743766 1.176333
 151.580007 -1.966358 1.296232
 151.780007 -1.832644 1.356391
 151.980007 -1.703996 1.180012
 152.180007 -1.751232 1.368030
 152.380007 -1.822407 1.437071
 152.580007 -1.876943 1.271747
 152.780007 -1.816505 1.338712
 152.980007 -1.807224 1.220299
 153.180007 -1.866948 1.341280
 153.380007 -1.912974 1.264037
 153.580007 -1.737275 1.328408
 153.780007 -1.820763 1.368188
 153.980007 -1.665177 1.232658
 154.180007 -1.784173 1.345393
 154.380007 -1.835448 1.241947
 154.580007 -1.871746 1.301099
 154.780007 -1.969157 1.171959
 154.980007 -1.798735 1.184876
 155.180007 -1.907056 1.353555
 155.380007 -1.646314 1.200022
 155.580007 -1.893475 1.370054
 155.780007 -1.713043 1.176719
 155.980007 -1.830201 1.403992
 156.180007 -1.931773 1.228738
 156.380007 -1.781490 1.368843
 156.580007 -1.810716 1.248478
 156.780007 -1.752141 1.282612
 156.980007 -1.591476 1.338050
 157.180007 -1.969380 1.239225
 157.380007 -1.500293 1.176133
 157.580007 -1.927223 1.376629
 157.780007 -1.885091 1.247997
 157.980008 -1.700088 1.279916
 158.180008 -1.959399 1.189329
 158.380008 -1.568303 1.241080
 158.580008 -1.826856 1.313974
 158.780008 -1.554423 1.201914
 158.980008 -1.655681 1.364316
 159.180008 -1.730664 1.168519
 159.380008 -1.815259 1.332291
 159.580008 -1.957132 1.195549
 159.780008 -1.833289 1.224212
 159.980008 -1.727728 1.295874
 160.180008 -1.811340 1.301929
 160.380008 -1.509977 1.147811
 160.580008 -1.875671 1.610384
 160.780008 -1.552675 0.985930
 160.980008 -1.855819 1.532480
 161.180008 -1.952725 1.152052
 161.380008 -1.742361 1.402025
 161.580008 -1.967668 1.321976
 161.780008 -1.688803 1.223549
 161.980008 -1.839715 1.399241
 162.180008 -1.836274 1.298049
 162.380008 -1.935935 1.232044
 162.580008 -1.990401 1.336812
 162.780008 -1.880022 1.230681
 162.980008 -1.948345 1.354322
 163.180008 -1.654141 1.276030
 163.380008 -1.760752 1.273937
 163.580008 -1.693766 1.449679
 163.780008 -1.645045 1.044088
 163.980008 -1.734750 1.410991
 164.180008 -1.931950 1.039615
 164.380008 -1.969966 1.369378
 164.580008 -1.571087 1.149232
 164.780008 -1.918172 1.241708
 164.980008 -1.700256 1.349704
 165.180008 -1.827521 1.212901
 165.380008 -1.733516 1.309227
 165.580008 -1.777262 1.396997
 165.780008 -1.935712 1.250545
 165.980008 -1.667592 1.394680
 166.180008 -1.791330 1.203085
 166.380008 -1.806801 1.408300
 166.580008 -1.880383 1.270132
 166.780008 -1.822982 1.333638
 166.980008 -1.655962 1.360252
 167.180008 -1.969967 1.233819
 167.380008 -1.745482 1.385187
 167.580008 -1.663768 1.242223
 167.780008 -1.815642 1.247908
 167.980008 -1.680505 1.333995
 168.180008 -1.911988 1.291682
 168.380008 -1.710061 1.233120
 168.580008 -1.823016 1.360112
 168.780008 -1.756152 1.171492
 168.980008 -1.789374 1.456998
 169.180008 -1.864348 1.096742
 169.380008 -1.615277 1.400878
 169.580008 -1.948195 1.046535
 169.780008 -1.791963 1.455013
 169.980008 -1.688914 1.217250
 170.180008 -1.777810 1.288860
 170.380008 -1.826028 1.337271
 170.580008 -1.972045 1.255989
 170.780008 -1.801002 1.461303
 170.980008 -1.810552 1.200141
 171.180008 -1.830560 1.452419
 171.380008 -1.653102 1.181626
 171.580008 -1.818204 1.442700
 171.780008 -1.613921 1.225710
 171.980008 -1.997140 1.445793
 172.180008 -1.751662 1.211757
 172.380008 -1.751087 1.260037
 172.580008 -1.787283 1.158956
 172.780008 -1.897012 1.402859
 172.980008 -1.663067 1.190530
 173.180008 -1.752592 1.378654
 173.380008 -1.793416 1.147785
 173.580008 -1.877810 1.574514
 173.780008 -1.622553 1.039688
 173.980008 -1.820460 1.570382
 174.180008 -1.812606 0.988003
 174.380008 -1.823880 1.615022
 174.580008 -1.704674 0.960836
 174.780008 -1.882545 1.475399
 174.980008 -1.799045 1.204006
 175.180008 -1.933030 1.354691
 175.380008 -1.744793 1.187234
 175.580008 -1.782235 1.443447
 175.780008 -1.940334 1.214077
 175.980008 -1.652026 1.410264
 176.180008 -1.640627 1.244305
 176.380008 -1.861063 1.334417
 176.580008 -1.778175 1.423144
 176.780008 -1.840557 1.122896
 176.980008 -1.729827 1.377613
 177.180008 -1.908329 1.094348
 177.380008 -1.858809 1.613725
 177.580008 -1.525223 1.058639
 177.780008 -1.807576 1.340684
 177.980008 -1.819084 1.322146
 178.180008 -1.854038 1.340379
 178.380008 -1.804843 1.069647
 178.580008 -1.858122 1.477703
 178.780008 -1.904420 1.250056
 178.980009 -1.745492 1.304259
 179.180009 -1.532975 1.269253
 179.380009 -2.067849 1.185123
 179.580009 -1.616351 1.420583
 179.780009 -1.893504 1.359211
 179.980009 -1.848255 1.213331
 180.180009 -1.793153 1.340327
 180.380009 -2.030544 1.359071
 180.580009 -1.603654 1.336109
 180.780009 -1.853398 1.390530
 180.980009 -1.755915 1.212722
 181.180009 -1.739799 1.354875
 181.380009 -1.942318 1.133096
 181.580009 -1.718886 1.462648
 181.780009 -1.917813 1.080291
 181.980009 -1.642303 1.369988
 182.180009 -1.771748 1.279503
 182.380009 -1.811314 1.344763
 182.580009 -1.580620 1.235621
 182.780009 -1.946954 1.252497
 182.980009 -1.576015 1.241510
 183.180009 -2.055009 1.325853
 183.380009 -1.692556 1.246278
 183.580009 -1.874012 1.263199
 183.780009 -1.923165 1.335962
 183.980009 -1.597657 1.270478
 184.180009 -2.092291 1.414641
 184.380009 -1.426541 1.213991
 184.580009 -2.138447 1.361396
 184.780009 -1.757681 1.265496
 184.980009 -1.933373 1.321248
 185.180009 -1.939137 1.232042
 185.380009 -1.728099 1.319258
 185.580009 -2.221140 1.383513
 185.780009 -1.607529 1.279173
 185.980009 -1.924137 1.189410
 186.180009 -1.860281 1.444272
 186.380009 -1.841853 1.182209
 186.580009 -1.888863 1.475994
 186.780009 -1.639172 1.167558
 186.980009 -2.146272 1.537699
 187.180009 -1.830992 1.222409
 187.380009 -1.949895 1.465940
 187.580009 -2.099161 1.340227
 187.780009 -1.614669 1.347564
 187.980009 -2.005855 1.340593
 188.180009 -1.676447 1.298612
 188.380009 -1.933637 1.425794
 188.580009 -1.791928 1.229625
 188.780009 -1.694901 1.498380
 188.980009 -2.051196 1.003127
 189.180009 -1.607537 1.470404
 189.380009 -1.712046 1.101066
 189.580009 -1.652850 1.390109
 189.780009 -1.622300 1.276350
 189.980009 -1.837673 1.210877
 190.180009 -1.818209 1.186947
 190.380009 -1.741045 1.225171
 190.580009 -1.891255 1.120682
 190.780009 -1.781838 1.261222
 190.980009 -1.714901 1.331141
 191.180009 -1.875227 1.232713
 191.380009 -1.819320 1.427017
 191.580009 -1.869315 1.206019
 191.780009 -1.540773 1.347652
 191.980009 -1.683934 1.396056
 192.180009 -1.956915 1.222671
 192.380009 -1.763258 1.437652
 192.580009 -1.950281 1.219328
 192.780009 -1.940821 1.388115
 192.980009 -1.848122 1.216930
 193.180009 -1.789764 1.210416
 193.380009 -1.773326 1.504909
 193.580009 -1.751630 1.255507
 193.780009 -1.744820 1.291065
 193.980009 -1.788155 1.201495
 194.180009 -1.868125 1.274485
 194.380009 -1.765837 1.327993
 194.580009 -1.842006 1.139030
 194.780009 -1.609008 1.393030
 194.980009 -1.800661 1.188894
 195.180009 -1.856252 1.346446
 195.380009 -1.604732 1.209657
 195.580009 -1.871060 1.165029
 195.780009 -1.695765 1.473325
 195.980009 -1.753270 1.190802
 196.180009 -1.714736 1.326296
 196.380009 -1.731809 1.355420
 196.580009 -1.857779 1.260423
 196.780009 -1.676949 1.350555
 196.980009 -1.801589 1.311374
 197.180009 -2.012670 1.297718
 197.380009 -1.772465 1.304498
 197.580009 -1.872933 1.206929
 197.780009 -1.855781 1.343537
 197.980009 -1.680343 1.405296
 198.180009 -1.837478 1.267559
 198.380009 -1.574776 1.348982
 198.580009 -1.959061 1.284474
 198.780009 -1.670931 1.168598
 198.980009 -1.822139 1.520423
 199.180009 -1.936153 0.993073
 199.380009 -1.798301 1.444489
 199.580009 -1.832269 1.247578
 199.780009 -1.645511 1.166873
 199.980009 -1.867433 1.448441
