#! FIELDS time phi psi
#! SET max_psi pi
 0.180000 0.583910 -2.978193
 0.380000 0.520072 -2.082272
 0.580000 0.524263 -2.679245
 0.780000 0.613946 -2.487232
 0.980000 0.517835 -2.406537
 1.180000 1.066334 -2.683084
 1.380000 0.608271 -2.324019
 1.580000 0.681360 -2.728333
 1.780000 0.636343 -2.259666
 1.980000 0.345425 -2.733103
 2.180000 0.753193 -2.116851
 2.380000 0.800107 -2.859265
 2.580000 0.804412 -2.365215
 2.780000 0.325272 -2.491720
 2.980000 0.799383 -2.766826
 3.180000 0.726026 -2.343038
 3.380000 0.697202 -2.681902
 3.580000 0.856831 -2.439129
 3.780000 0.218131 -2.400057
 3.980000 0.508001 -2.280687
 4.180000 0.690369 -2.420380
 4.380000 0.920336 -2.339458
 4.580000 0.563687 -2.390621
 4.780000 0.704542 -2.635094
 4.980000 0.437904 -2.356641
 5.180000 0.867125 -2.692931
 5.380000 1.014012 -2.424818
 5.580000 0.533280 -2.409406
 5.780000 0.626270 -2.461149
 5.980000 0.186808 -2.350115
 6.180000 0.789890 -2.498639
 6.380000 0.821452 -2.398907
 6.580000 0.448387 -2.623213
 6.780000 0.633909 -2.334627
 6.980000 0.696080 -2.643037
 7.180000 0.828077 -2.354068
 7.380000 0.586504 -2.522002
 7.580000 0.695311 -2.366538
 7.780000 0.382540 -2.260295
 7.980000 0.772853 -2.582387
 8.180000 0.815839 -2.268923
 8.380000 0.521751 -2.574617
 8.580000 0.693214 -2.341020
 8.780000 0.398669 -2.539637
 8.980000 0.850339 -2.395001
 9.180000 0.704846 -2.570086
 9.380000 0.591353 -2.417549
 9.580000 0.490012 -2.529060
 9.780000 0.706086 -2.448511
 9.980000 0.763414 -2.435766
 10.180000 0.605453 -2.404214
 10.380000 0.648491 -2.568837
 10.580001 0.272976 -2.227071
 10.780001 0.943863 -2.537175
 10.980001 0.750273 -2.475584
 11.180001 0.571569 -2.463298
 11.380001 0.574333 -2.476606
 11.580001 0.578752 -2.474652
 11.780001 0.890566 -2.348541
 11.980001 0.655967 -2.492374
 12.180001 0.843651 -2.523358
 12.380001 0.186349 -2.373812
 12.580001 0.833409 -2.539259
 12.780001 0.844342 -2.519299
 12.980001 0.629585 -2.421518
 13.180001 0.762438 -2.546491
 13.380001 0.333542 -2.292468
 13.580001 0.772924 -2.398370
 13.780001 0.677982 -2.319198
 13.980001 0.496767 -2.416041
 14.180001 0.565689 -2.402363
 14.380001 0.555966 -2.435980
 14.580001 0.819242 -2.252176
 14.780001 0.512575 -2.515064
 14.980001 0.971283 -2.429653
 15.180001 0.472296 -2.596069
 15.380001 0.748013 -2.414650
 15.580001 0.779541 -2.584254
 15.780001 0.372323 -2.428416
 15.980001 0.891810 -2.515550
 16.180001 0.451730 -2.517154
 16.380001 0.877256 -2.393217
 16.580001 0.569628 -2.593639
 16.780001 0.516427 -2.399543
 16.980001 0.707933 -2.628327
 17.180001 0.572145 -2.271176
 17.380001 1.004699 -2.607818
 17.580001 0.564808 -2.398903
 17.780001 0.693957 -2.396122
 17.980001 0.667903 -2.640545
 18.180001 0.736777 -2.289198
 18.380001 0.680382 -2.528636
 18.580001 0.545497 -2.272932
 18.780001 0.667679 -2.574328
 18.980001 0.530388 -2.325464
 19.180001 1.007513 -2.595954
 19.380001 0.707409 -2.495931
 19.580001 0.743430 -2.565197
 19.780001 0.346080 -2.518051
 19.980001 0.499967 -2.311267
 20.180001 0.913419 -2.595841
 20.380001 0.638591 -2.222936
 20.580001 0.773317 -2.635747
 20.780001 0.372742 -2.406392
 20.980001 0.675932 -2.526333
 21.180001 0.777691 -2.547343
 21.380001 0.785679 -2.554571
 21.580001 0.544101 -2.706518
 21.780001 0.726121 -2.548669
 21.980001 0.806194 -2.461133
 22.180001 0.653816 -2.248507
 22.380001 0.523182 -2.501193
 22.580001 0.488951 -2.482569
 22.780001 0.661466 -2.387440
 22.980001 0.842593 -2.496781
 23.180001 0.686958 -2.488392
 23.380001 0.548714 -2.514018
 23.580001 0.435439 -2.466075
 23.780001 0.655206 -2.588286
 23.980001 0.679092 -2.449002
 24.180001 0.754871 -2.567451
 24.380001 0.716088 -2.492153
 24.580001 0.430563 -2.529202
 24.780001 0.721482 -2.470550
 24.980001 0.511163 -2.514121
 25.180001 0.764114 -2.268233
 25.380001 0.697009 -2.461329
 25.580001 0.422068 -2.359340
 25.780001 0.810780 -2.629625
 25.980001 0.427571 -2.423165
 26.180001 0.942910 -2.479461
 26.380001 0.585982 -2.547068
 26.580001 0.580624 -2.468468
 26.780001 0.595614 -2.526867
 26.980001 0.983696 -2.482865
 27.180001 0.730528 -2.571813
 27.380001 0.563681 -2.407964
 27.580001 0.628767 -2.452195
 27.780001 0.408405 -2.414090
 27.980001 0.694800 -2.436854
 28.180001 0.772120 -2.568587
 28.380001 0.833564 -2.516498
 28.580001 0.595295 -2.610407
 28.780001 0.535349 -2.307613
 28.980001 0.475089 -2.467900
 29.180001 0.668828 -2.358901
 29.380001 0.853031 -2.525561
 29.580001 0.540279 -2.263080
 29.780001 0.609555 -2.613683
 29.980001 0.616819 -2.391543
 30.180001 0.815886 -2.542203
 30.380001 0.874136 -2.646098
 30.580001 0.648545 -2.282838
 30.780001 0.580594 -2.548419
 30.980001 0.586757 -2.313305
 31.180001 0.744980 -2.487559
 31.380001 0.682607 -2.424064
 31.580001 0.847956 -2.485584
 31.780002 0.602752 -2.536416
 31.980002 0.636205 -2.373878
 32.180002 0.836040 -2.713144
 32.380002 0.614550 -2.304501
 32.580002 0.748884 -2.820588
 32.780002 0.757055 -2.232762
 32.980002 0.830075 -2.654565
 33.180002 0.601909 -2.375585
 33.380002 0.522522 -2.553123
 33.580002 0.656035 -2.605491
 33.780002 0.713823 -2.255087
 33.980002 0.717306 -2.617768
 34.180002 0.599427 -2.245837
 34.380002 0.510181 -2.747029
 34.580002 0.765789 -2.333160
 34.780002 0.721142 -2.510156
 34.980002 0.767134 -2.435990
 35.180002 0.406264 -2.321412
 35.380002 0.785079 -2.739367
 35.580002 0.740292 -2.217301
 35.780002 0.818922 -2.807063
 35.980002 0.678825 -2.194055
 36.180002 0.447134 -2.669677
 36.380002 0.627139 -2.306581
 36.580002 0.662378 -2.464808
 36.780002 0.817456 -2.547035
 36.980002 0.639635 -2.332768
 37.180002 0.660785 -2.833286
 37.380002 0.682663 -2.340280
 37.580002 0.837342 -2.686085
 37.780002 0.800460 -2.242893
 37.980002 0.551637 -2.579878
 38.180002 0.505697 -2.381341
 38.380002 0.679281 -2.469549
 38.580002 0.958188 -2.617807
 38.780002 0.777778 -2.369156
 38.980002 0.397984 -2.708399
 39.180002 0.515577 -2.226472
 39.380002 0.693624 -2.521560
 39.580002 0.767794 -2.139940
 39.780002 0.696382 -2.626177
 39.980002 0.360417 -2.347417
 40.180002 0.573789 -2.376224
 40.380002 0.660880 -2.551021
 40.580002 0.884118 -2.410194
 40.780002 0.623084 -2.697861
 40.980002 0.772483 -2.414129
 41.180002 0.773130 -2.645744
 41.380002 0.861461 -2.256994
 41.580002 0.698114 -2.587296
 41.780002 0.376693 -2.205703
 41.980002 0.435595 -2.414718
 42.180002 0.615083 -2.406617
 42.380002 0.774668 -2.296069
 42.580002 0.897089 -2.475448
 42.780002 0.573196 -2.324180
 42.980002 0.367143 -2.591479
 43.180002 0.877464 -2.559136
 43.380002 0.682799 -2.552242
 43.580002 0.932587 -2.533379
 43.780002 0.752902 -2.553579
 43.980002 0.589433 -2.469484
 44.180002 0.625313 -2.369884
 44.380002 0.738457 -2.512454
 44.580002 0.812014 -2.331477
 44.780002 0.559495 -2.434524
 44.980002 0.797832 -2.450592
 45.180002 0.436461 -2.478306
 45.380002 0.785466 -2.349010
 45.580002 0.869027 -2.579010
 45.780002 0.668506 -2.491658
 45.980002 0.531443 -2.348068
 46.180002 0.727070 -2.766678
 46.380002 0.892322 -2.368966
 46.580002 0.737257 -2.641084
 46.780002 0.751420 -2.383916
 46.980002 0.472469 -2.463402
 47.180002 0.576303 -2.481302
 47.380002 0.655106 -2.297214
 47.580002 0.770077 -2.618085
 47.780002 0.573302 -2.351254
 47.980002 0.597366 -2.631701
 48.180002 0.535494 -2.365640
 48.380002 0.677002 -2.457190
 48.580002 0.909066 -2.514468
 48.780002 0.553345 -2.515095
 48.980002 0.673982 -2.504052
 49.180002 0.587942 -2.379009
 49.380002 0.814350 -2.662781
 49.580002 0.490916 -2.223103
 49.780002 0.679529 -2.619916
 49.980002 0.545451 -2.280929
 50.180002 0.558382 -2.592500
 50.380002 0.724401 -2.365471
 50.580002 0.734430 -2.495273
 50.780002 0.627271 -2.425639
 50.980002 0.620620 -2.380938
 51.180002 0.625014 -2.589725
 51.380002 0.733808 -2.302092
 51.580002 0.791727 -2.738656
 51.780002 0.823252 -2.360202
 51.980002 0.696949 -2.681927
 52.180002 0.617219 -2.210070
 52.380002 0.641686 -2.584768
 52.580002 0.864121 -2.363515
 52.780003 0.648000 -2.424304
 52.980003 0.673944 -2.402279
 53.180003 0.390836 -2.266972
 53.380003 0.642262 -2.620290
 53.580003 0.784856 -2.193278
 53.780003 0.658830 -2.645671
 53.980003 0.714731 -2.270579
 54.180003 0.443967 -2.648418
 54.380003 0.846610 -2.321225
 54.580003 0.715124 -2.518582
 54.780003 0.705746 -2.494133
 54.980003 0.539660 -2.360738
 55.180003 0.627283 -2.522901
 55.380003 0.661938 -2.349872
 55.580003 0.520977 -2.477904
 55.780003 0.811440 -2.364365
 55.980003 0.405903 -2.516591
 56.180003 0.761323 -2.336094
 56.380003 0.713094 -2.680682
 56.580003 0.495325 -2.208724
 56.780003 0.640581 -2.754900
 56.980003 0.760404 -2.400524
 57.180003 0.890389 -2.563477
 57.380003 0.467978 -2.361343
 57.580003 0.678991 -2.526688
 57.780003 0.612835 -2.504588
 57.980003 0.618805 -2.253418
 58.180003 0.782925 -2.759096
 58.380003 0.551203 -2.244286
 58.580003 0.822308 -2.691728
 58.780003 0.598010 -2.440794
 58.980003 0.883324 -2.533399
 59.180003 0.649203 -2.613507
 59.380003 0.730568 -2.362724
 59.580003 0.391002 -2.547292
 59.780003 0.664481 -2.380608
 59.980003 0.811014 -2.633184
 60.180003 0.406346 -2.288244
 60.380003 0.956866 -2.618153
 60.580003 0.432716 -2.639306
 60.780003 0.679598 -2.385752
 60.980003 0.707100 -2.655840
 61.180003 0.696803 -2.425234
 61.380003 0.720177 -2.501168
 61.580003 0.470880 -2.591156
 61.780003 0.609808 -2.347820
 61.980003 0.555079 -2.508768
 62.180003 0.934457 -2.394310
 62.380003 0.451036 -2.457961
 62.580003 0.529291 -2.478875
 62.780003 0.586306 -2.434705
 62.980003 0.635608 -2.493558
 63.180003 0.835758 -2.384356
 63.380003 0.605307 -2.669989
 63.580003 0.845616 -2.412127
 63.780003 0.444283 -2.494741
 63.980003 0.812272 -2.519660
 64.180003 0.548861 -2.386408
 64.380003 0.506362 -2.546688
 64.580003 0.762352 -2.356206
 64.780003 0.617287 -2.565072
 64.980003 0.822918 -2.358868
 65.180003 0.620368 -2.536165
 65.380003 0.561990 -2.415545
 65.580003 0.635832 -2.435463
 65.780003 0.709246 -2.511828
 65.980003 0.845328 -2.399947
 66.180003 0.549801 -2.511943
 66.380003 0.840377 -2.422137
 66.580003 0.675506 -2.528322
 66.780003 0.562386 -2.293583
 66.980003 0.662179 -2.567071
 67.180003 0.518254 -2.404212
 67.380003 0.783967 -2.383948
 67.580003 0.658890 -2.529246
 67.780003 0.837299 -2.289135
 67.980003 0.441697 -2.447193
 68.180003 0.659605 -2.262115
 68.380003 0.595717 -2.603451
 68.580003 0.549923 -2.262122
 68.780003 0.806787 -2.664980
 68.980003 0.529978 -2.295558
 69.180003 0.718750 -2.640842
 69.380003 0.739338 -2.496477
 69.580003 0.707136 -2.521050
 69.780003 0.565599 -2.542756
 69.980003 0.464596 -2.367249
 70.180003 0.745787 -2.565666
 70.380003 0.536771 -2.250801
 70.580003 0.770414 -2.670931
 70.780003 0.509334 -2.426791
 70.980003 0.741065 -2.512124
 71.180003 0.646477 -2.492853
 71.380003 0.745593 -2.413663
 71.580003 0.519007 -2.408628
 71.780003 0.499012 -2.495572
 71.980003 0.634343 -2.398734
 72.180003 0.652582 -2.296831
 72.380003 0.850329 -2.445337
 72.580003 0.385071 -2.448487
 72.780003 0.678711 -2.494049
 72.980003 0.707794 -2.711706
 73.180003 0.768002 -2.485710
 73.380003 0.791037 -2.649213
 73.580003 0.618735 -2.478158
 73.780004 0.814176 -2.551006
 73.980004 0.557921 -2.320679
 74.180004 0.639899 -2.497820
 74.380004 0.590394 -2.507373
 74.580004 0.615263 -2.425895
 74.780004 0.702016 -2.428550
 74.980004 0.617324 -2.448149
 75.180004 0.683259 -2.500506
 75.380004 0.696329 -2.401352
 75.580004 0.763861 -2.486583
 75.780004 0.536472 -2.368755
 75.980004 0.664702 -2.466846
 76.180004 0.598400 -2.462389
 76.380004 0.766915 -2.486435
 76.580004 0.788427 -2.459603
 76.780004 0.618335 -2.552359
 76.980004 0.712603 -2.369989
 77.180004 0.616481 -2.576455
 77.380004 0.818487 -2.273607
 77.580004 0.657288 -2.638976
 77.780004 0.465317 -2.310421
 77.980004 0.648760 -2.529915
 78.180004 0.683994 -2.527025
 78.380004 0.716955 -2.325750
 78.580004 0.587317 -2.573586
 78.780004 0.730424 -2.505208
 78.980004 0.584392 -2.540469
 79.180004 0.890342 -2.580349
 79.380004 0.848336 -2.530957
 79.580004 0.441882 -2.491447
 79.780004 0.705244 -2.504130
 79.980004 0.601588 -2.672324
 80.180004 0.663383 -2.278884
 80.380004 0.694806 -2.573426
 80.580004 0.524050 -2.319977
 80.780004 0.619474 -2.460761
 80.980004 0.629009 -2.593030
 81.180004 0.722373 -2.236715
 81.380004 0.673377 -2.687173
 81.580004 0.742785 -2.412412
 81.780004 0.323829 -2.587374
 81.980004 0.763810 -2.441609
 82.180004 0.844246 -2.669136
 82.380004 0.571008 -2.453234
 82.580004 0.804151 -2.525415
 82.780004 0.533132 -2.565897
 82.980004 0.613702 -2.313937
 83.180004 0.606484 -2.440894
 83.380004 0.696117 -2.270456
 83.580004 0.499804 -2.643633
 83.780004 0.711284 -2.542460
 83.980004 0.714087 -2.561649
 84.180004 0.547429 -2.449389
 84.380004 0.785234 -2.438220
 84.580004 0.427968 -2.539702
 84.780004 0.740898 -2.329111
 84.980004 0.641612 -2.542960
 85.180004 0.633872 -2.338343
 85.380004 0.613050 -2.639447
 85.580004 0.737162 -2.506512
 85.780004 0.756202 -2.454061
 85.980004 0.475166 -2.457891
 86.180004 0.723016 -2.435142
 86.380004 0.315783 -2.436952
 86.580004 0.749670 -2.243426
 86.780004 0.722282 -2.594206
 86.980004 0.720479 -2.531684
 87.180004 0.802247 -2.679528
 87.380004 0.363810 -2.421375
 87.580004 0.956407 -2.554544
 87.780004 0.450100 -2.453241
 87.980004 0.705591 -2.497191
 88.180004 0.447712 -2.453276
 88.380004 0.711326 -2.365956
 88.580004 0.650302 -2.544503
 88.780004 0.420758 -2.376083
 88.980004 0.527531 -2.551800
 89.180004 0.417063 -2.163891
 89.380004 1.017135 -2.559121
 89.580004 0.507526 -2.333534
 89.780004 0.611150 -2.486219
 89.980004 0.353222 -2.551913
 90.180004 0.795931 -2.471945
 90.380004 0.681410 -2.473937
 90.580004 0.764824 -2.394291
 90.780004 0.628573 -2.569953
 90.980004 0.246868 -2.305224
 91.180004 0.853387 -2.626063
 91.380004 0.609795 -2.444327
 91.580004 0.604982 -2.402220
 91.780004 0.901718 -2.812423
 91.980004 0.303935 -2.234588
 92.180004 0.860732 -2.572665
 92.380004 0.692040 -2.447116
 92.580004 0.344050 -2.403842
 92.780004 0.570399 -2.520332
 92.980004 0.578533 -2.433559
 93.180004 0.966551 -2.373657
 93.380004 0.508441 -2.232109
 93.580004 0.812284 -2.537321
 93.780004 0.059505 -2.285783
 93.980004 0.709365 -2.511967
 94.180004 0.780766 -2.513632
 94.380004 0.536167 -2.422573
 94.580004 0.650309 -2.527936
 94.780005 0.369658 -2.417660
 94.980005 0.961035 -2.601743
 95.180005 0.747100 -2.451243
 95.380005 0.674969 -2.471737
 95.580005 0.395951 -2.374132
 95.780005 0.628798 -2.635130
 95.980005 0.859051 -2.412561
 96.180005 0.652687 -2.303945
 96.380005 0.904824 -2.469960
 96.580005 0.336269 -2.361627
 96.780005 0.644399 -2.505752
 96.980005 0.702565 -2.425784
 97.180005 0.556259 -2.376987
 97.380005 0.822520 -2.402415
 97.580005 0.247476 -2.497028
 97.780005 0.956428 -2.422700
 97.980005 0.775074 -2.596153
 98.180005 0.564068 -2.335781
 98.380005 0.711827 -2.598952
 98.580005 0.329431 -2.338065
 98.780005 0.819857 -2.407675
 98.980005 0.733035 -2.400221
 99.180005 0.783309 -2.378461
 99.380005 0.372868 -2.508061
 99.580005 0.496198 -2.359768
 99.780005 0.754835 -2.602183
 99.980005 0.742517 -2.395394
 100.180005 0.889217 -2.619052
 100.380005 0.383287 -2.423495
 100.580005 0.672544 -2.418953
 100.780005 0.474574 -2.352096
 100.980005 0.950789 -2.575648
 101.180005 0.473507 -2.479467
 101.380005 0.542913 -2.560086
 101.580005 0.642089 -2.524102
 101.780005 0.573369 -2.424352
 101.980005 0.918112 -2.590026
 102.180005 0.523496 -2.409199
 102.380005 0.691336 -2.524001
 102.580005 0.447046 -2.393554
 102.780005 0.699857 -2.469160
 102.980005 0.513225 -2.487950
 103.180005 0.707122 -2.437888
 103.380005 0.734129 -2.668661
 103.580005 0.404324 -2.226629
 103.780005 0.866588 -2.617602
 103.980005 0.647238 -2.337663
 104.180005 0.619350 -2.534884
 104.380005 0.651744 -2.480328
 104.580005 0.432195 -2.490094
 104.780005 0.805652 -2.420593
 104.980005 0.545951 -2.464234
 105.180005 0.838280 -2.567464
 105.380005 0.519173 -2.383891
 105.580005 0.742054 -2.503257
 105.780005 0.626687 -2.358065
 105.980005 0.507804 -2.518198
 106.180005 0.816258 -2.461814
 106.380005 0.440362 -2.571648
 106.580005 0.707819 -2.342954
 106.780005 0.632758 -2.422120
 106.980005 0.531411 -2.395054
 107.180005 0.613337 -2.442326
 107.380005 0.634385 -2.570491
 107.580005 0.729521 -2.344676
 107.780005 0.510393 -2.578590
 107.980005 0.732643 -2.392751
 108.180005 0.559760 -2.606891
 108.380005 0.769261 -2.318836
 108.580005 0.744237 -2.612114
 108.780005 0.600935 -2.314793
 108.980005 0.583436 -2.492813
 109.180005 0.496672 -2.531090
 109.380005 0.738434 -2.447835
 109.580005 0.787327 -2.483219
 109.780005 0.749862 -2.357092
 109.980005 0.485602 -2.539868
 110.180005 0.525297 -2.318967
 110.380005 0.819724 -2.553233
 110.580005 0.675761 -2.458158
 110.780005 0.769487 -2.430599
 110.980005 0.555365 -2.665660
 111.180005 0.771431 -2.404540
 111.380005 0.832093 -2.589846
 111.580005 1.056838 -2.516361
 111.780005 0.579656 -2.414273
 111.980005 0.520794 -2.400096
 112.180005 0.788857 -2.482988
 112.380005 0.715511 -2.393510
 112.580005 0.728728 -2.349260
 112.780005 0.474673 -2.438341
 112.980005 0.596645 -2.357349
 113.180005 0.597231 -2.505950
 113.380005 0.818615 -2.483341
 113.580005 0.637141 -2.530808
 113.780005 0.685947 -2.589892
 113.980005 0.844748 -2.525275
 114.180005 0.686235 -2.570425
 114.380005 0.760353 -2.368046
 114.580005 0.380603 -2.481189
 114.780005 0.574350 -2.299745
 114.980005 0.559548 -2.462112
 115.180005 0.792793 -2.285103
 115.380005 0.811982 -2.545865
 115.580005 0.430768 -2.365007
 115.780005 0.635610 -2.515196
 115.980006 0.700544 -2.367930
 116.180006 0.824707 -2.425525
 116.380006 0.831367 -2.722346
 116.580006 0.638878 -2.392037
 116.780006 0.670753 -2.530663
 116.980006 0.755193 -2.300684
 117.180006 0.588601 -2.570382
 117.380006 0.370755 -2.254685
 117.580006 0.721689 -2.501216
 117.780006 0.846407 -2.358805
 117.980006 0.707945 -2.403127
 118.180006 0.480591 -2.354502
 118.380006 0.312729 -2.372829
 118.580006 0.743804 -2.558224
 118.780006 0.988074 -2.500935
 118.980006 0.803433 -2.603792
 119.180006 0.650181 -2.492902
 119.380006 0.857092 -2.657590
 119.580006 0.815479 -2.435755
 119.780006 0.751804 -2.390201
 119.980006 0.654070 -2.664737
 120.180006 0.319555 -2.180152
 120.380006 0.718984 -2.593013
 120.580006 0.832457 -2.325687
 120.780006 0.830004 -2.557523
 120.980006 0.594623 -2.529049
 121.180006 0.655103 -2.510804
 121.380006 0.783606 -2.621508
 121.580006 0.792845 -2.361635
 121.780006 0.699970 -2.566457
 121.980006 0.379707 -2.222943
 122.180006 0.747671 -2.624879
 122.380006 0.707628 -2.198579
 122.580006 0.888994 -2.732980
 122.780006 0.740055 -2.385256
 122.980006 0.475330 -2.556420
 123.180006 0.423804 -2.319861
 123.380006 0.782975 -2.436640
 123.580006 0.855837 -2.599699
 123.780006 0.386773 -2.050868
 123.980006 0.616555 -2.846539
 124.180006 0.430838 -2.228979
 124.380006 0.835235 -2.689558
 124.580006 0.847220 -2.453534
 124.780006 0.473918 -2.643386
 124.980006 0.763913 -2.502592
 125.180006 0.533373 -2.506926
 125.380006 0.914821 -2.585806
 125.580006 0.302195 -2.306937
 125.780006 0.732912 -2.479859
 125.980006 0.609601 -2.556560
 126.180006 0.426968 -2.390442
 126.380006 0.739166 -2.469059
 126.580006 0.474668 -2.507298
 126.780006 0.665686 -2.394162
 126.980006 0.749378 -2.533416
 127.180006 0.808842 -2.459567
 127.380006 0.351953 -2.512280
 127.580006 0.646971 -2.576350
 127.780006 0.657149 -2.495774
 127.980006 0.480651 -2.376881
 128.180006 0.698026 -2.430399
 128.380006 0.210598 -2.260489
 128.580006 0.775267 -2.432495
 128.780006 0.563303 -2.432539
 128.980006 0.685652 -2.526235
 129.180006 0.522786 -2.405322
 129.380006 0.553116 -2.504108
 129.580006 0.888898 -2.574112
 129.780006 0.527182 -2.315948
 129.980006 1.047435 -2.543115
 130.180006 0.460665 -2.321510
 130.380006 0.497157 -2.465241
 130.580006 0.472636 -2.347806
 130.780006 0.574807 -2.389715
 130.980006 0.888598 -2.391581
 131.180006 0.433926 -2.371924
 131.380006 0.761976 -2.415904
 131.580006 0.661704 -2.589270
 131.780006 0.852460 -2.642053
 131.980006 0.583735 -2.351991
 132.180006 0.778480 -2.750596
 132.380006 0.575624 -2.286099
 132.580006 0.673698 -2.717261
 132.780006 0.950462 -2.285356
 132.980006 0.446786 -2.626140
 133.180006 0.804308 -2.234143
 133.380006 0.474680 -2.667991
 133.580006 0.641802 -2.437468
 133.780006 0.624771 -2.466231
 133.980006 0.701187 -2.558835
 134.180006 0.739576 -2.155568
 134.380006 0.518180 -2.767519
 134.580006 0.801386 -2.319669
 134.780006 0.717872 -2.780396
 134.980006 0.799568 -2.322974
 135.180006 0.749400 -2.655291
 135.380006 0.721000 -2.513935
 135.580006 0.577087 -2.340488
 135.780006 0.625282 -2.649836
 135.980006 0.759323 -2.101321
 136.180006 0.630481 -2.773789
 136.380006 0.479994 -2.226294
 136.580006 0.672125 -2.677878
 136.780006 0.786029 -2.519997
 136.980007 0.848076 -2.537154
 137.180007 0.518764 -2.293947
 137.380007 0.498636 -2.462610
 137.580007 0.629648 -2.521991
 137.780007 0.932903 -2.360048
 137.980007 0.720469 -2.629106
 138.180007 0.623548 -2.301367
 138.380007 0.622053 -2.735445
 138.580007 0.796294 -2.155283
 138.780007 0.805988 -2.617651
 138.980007 0.412158 -2.073463
 139.180007 0.582844 -2.749550
 139.380007 0.580100 -2.321509
 139.580007 0.858022 -2.550347
 139.780007 0.943275 -2.572231
 139.980007 0.470790 -2.390212
 140.180007 0.626117 -2.743224
 140.380007 0.622326 -2.313544
 140.580007 1.044078 -2.680837
 140.780007 0.641199 -2.285144
 140.980007 0.508957 -2.497848
 141.180007 0.519920 -2.408026
 141.380007 0.525172 -2.261471
 141.580007 0.806764 -2.558196
 141.780007 0.432840 -2.308148
 141.980007 0.712541 -2.617876
 142.180007 0.650500 -2.310099
 142.380007 0.788908 -2.582647
 142.580007 0.386712 -2.361741
 142.780007 0.682505 -2.659985
 142.980007 0.714764 -2.288478
 143.180007 0.682310 -2.533277
 143.380007 0.578448 -2.404798
 143.580007 0.558231 -2.611556
 143.780007 0.851502 -2.497729
 143.980007 0.715764 -2.449012
 144.180007 0.991581 -2.612501
 144.380007 0.394719 -2.308628
 144.580007 0.736574 -2.638497
 144.780007 0.672013 -2.338643
 144.980007 0.818431 -2.345390
 145.180007 0.754493 -2.387926
 145.380007 0.368074 -2.484035
 145.580007 0.619671 -2.353312
 145.780007 0.715441 -2.495534
 145.980007 0.957876 -2.489081
 146.180007 0.527674 -2.450924
 146.380007 0.620631 -2.564063
 146.580007 0.621399 -2.394658
 146.780007 0.653970 -2.438188
 146.980007 0.745197 -2.447153
 147.180007 0.611934 -2.671748
 147.380007 0.662661 -2.286320
 147.580007 0.695551 -2.641402
 147.780007 0.908340 -2.311355
 147.980007 0.603965 -2.537039
 148.180007 0.466681 -2.307107
 148.380007 0.642501 -2.520188
 148.580007 0.630863 -2.406970
 148.780007 0.903831 -2.419369
 148.980007 0.695354 -2.673379
 149.180007 0.734934 -2.415902
 149.380007 0.630627 -2.613816
 149.580007 0.804236 -2.517976
 149.780007 0.718907 -2.484454
 149.980007 0.521803 -2.423354
 150.180007 0.583949 -2.532657
 150.380007 0.644507 -2.543575
 150.580007 0.870113 -2.237673
 150.780007 0.631836 -2.550011
 150.980007 0.633330 -2.320524
 151.180007 0.488968 -2.544266
 151.380007 0.878382 -2.383114
 151.580007 0.679191 -2.446945
 151.780007 0.620036 -2.344604
 151.980007 0.641447 -2.514889
 152.180007 0.763248 -2.590539
 152.380007 0.757506 -2.298610
 152.580007 0.772991 -2.682654
 152.780007 0.677315 -2.202024
 152.980007 0.490892 -2.649387
 153.180007 0.747708 -2.192540
 153.380007 0.762533 -2.747895
 153.580007 0.780225 -2.228361
 153.780007 0.643352 -2.616255
 153.980007 0.560307 -2.454297
 154.180007 0.681783 -2.335108
 154.380007 0.920643 -2.641757
 154.580007 0.884725 -2.212256
 154.780007 0.326333 -2.585837
 154.980007 0.610742 -2.191462
 155.180007 0.785748 -2.750215
 155.380007 0.843566 -2.317321
 155.580007 0.803242 -2.542676
 155.780007 0.457960 -2.488641
 155.980007 0.686738 -2.338770
 156.180007 0.603860 -2.463339
 156.380007 0.941512 -2.330503
 156.580007 0.574129 -2.665995
 156.780007 0.655382 -2.469216
 156.980007 0.661820 -2.400878
 157.180007 0.581134 -2.482997
 157.380007 0.916236 -2.308344
 157.580007 0.450940 -2.560594
 157.780007 0.682749 -2.403353
 157.980008 0.650672 -2.562820
 158.180008 0.804573 -2.473256
 158.380008 0.795200 -2.552177
 158.580008 0.570966 -2.462738
 158.780008 0.695845 -2.503432
 158.980008 0.648051 -2.405242
 159.180008 0.963711 -2.460773
 159.380008 0.882940 -2.435056
 159.580008 0.497614 -2.464913
 159.780008 0.582475 -2.439244
 159.980008 0.730666 -2.513784
 160.180008 0.866665 -2.449948
 160.380008 0.732995 -2.356098
 160.580008 0.850884 -2.738555
 160.780008 0.375057 -2.327791
 160.980008 0.721401 -2.581196
 161.180008 0.855139 -2.417282
 161.380008 0.727637 -2.323149
 161.580008 0.569815 -2.442261
 161.780008 0.447530 -2.475571
 161.980008 0.731021 -2.394538
 162.180008 0.676678 -2.512279
 162.380008 0.850986 -2.317317
 162.580008 0.530314 -2.513265
 162.780008 0.477663 -2.485426
 162.980008 0.824765 -2.431057
 163.180008 0.550585 -2.395797
 163.380008 1.010678 -2.343486
 163.580008 0.495075 -2.649345
 163.780008 0.693608 -2.374055
 163.980008 0.730619 -2.650113
 164.180008 0.805671 -2.463667
 164.380008 0.718856 -2.393291
 164.580008 0.293597 -2.492086
 164.780008 0.693682 -2.279616
 164.980008 0.443520 -2.472407
 165.180008 0.780550 -2.173255
 165.380008 0.660263 -2.591284
 165.580008 0.600810 -2.441185
 165.780008 0.654462 -2.591101
 165.980008 0.621416 -2.434845
 166.180008 0.816888 -2.527107
 166.380008 0.461140 -2.369494
 166.580008 0.801284 -2.539780
 166.780008 0.538456 -2.415619
 166.980008 0.633735 -2.252101
 167.180008 0.816059 -2.480638
 167.380008 0.413273 -2.297586
 167.580008 0.616879 -2.525185
 167.780008 0.678601 -2.319306
 167.980008 0.821444 -2.573292
 168.180008 0.550398 -2.097927
 168.380008 0.665116 -2.631656
 168.580008 0.541962 -2.343308
 168.780008 0.681062 -2.538144
 168.980008 0.864425 -2.487255
 169.180008 0.694358 -2.637568
 169.380008 0.686350 -2.602401
 169.580008 0.573911 -2.455156
 169.780008 1.005582 -2.747092
 169.980008 0.539664 -2.358143
 170.180008 0.661079 -2.538196
 170.380008 0.598386 -2.371619
 170.580008 0.583453 -2.431227
 170.780008 0.587463 -2.303412
 170.980008 0.751181 -2.504591
 171.180008 0.775811 -2.581873
 171.380008 0.492786 -2.306743
 171.580008 0.973656 -2.727607
 171.780008 0.674351 -2.392806
 171.980008 0.583035 -2.477728
 172.180008 0.615948 -2.486528
 172.380008 0.442879 -2.379401
 172.580008 0.685635 -2.371429
 172.780008 0.829524 -2.517409
 172.980008 0.761868 -2.408357
 173.180008 0.527900 -2.448211
 173.380008 0.766638 -2.619097
 173.580008 0.645848 -2.389460
 173.780008 0.671200 -2.451335
 173.980008 0.970922 -2.563581
 174.180008 0.463049 -2.446275
 174.380008 0.712013 -2.457219
 174.580008 0.596611 -2.563693
 174.780008 0.696357 -2.260057
 174.980008 0.619752 -2.544812
 175.180008 0.732555 -2.504043
 175.380008 0.481366 -2.446746
 175.580008 0.655042 -2.471882
 175.780008 0.833345 -2.531576
 175.980008 0.444496 -2.388746
 176.180008 0.851998 -2.574486
 176.380008 0.520103 -2.551591
 176.580008 0.766748 -2.396679
 176.780008 0.638247 -2.506759
 176.980008 0.838604 -2.550303
 177.180008 0.485719 -2.389219
 177.380008 0.574479 -2.530931
 177.580008 0.955283 -2.438922
 177.780008 0.596961 -2.406361
 177.980008 0.812321 -2.494271
 178.180008 0.517858 -2.485879
 178.380008 0.606793 -2.424991
 178.580008 0.727523 -2.580613
 178.780008 0.741966 -2.406945
 178.980009 0.645569 -2.476258
 179.180009 0.471505 -2.414840
 179.380009 0.716745 -2.448896
 179.580009 0.624270 -2.422759
 179.780009 0.862589 -2.406964
 179.980009 0.611551 -2.438532
 180.180009 0.500226 -2.512094
 180.380009 0.688362 -2.511774
 180.580009 0.762726 -2.541186
 180.780009 0.799994 -2.549668
 180.980009 0.620067 -2.517813
 181.180009 0.644445 -2.595348
 181.380009 0.554004 -2.365399
 181.580009 0.680206 -2.449320
 181.780009 0.614187 -2.233214
 181.980009 0.509963 -2.456874
 182.180009 0.609078 -2.259848
 182.380009 0.663371 -2.434309
 182.580009 0.771203 -2.304767
 182.780009 0.667449 -2.553046
 182.980009 0.549930 -2.233140
 183.180009 0.551945 -2.649247
 183.380009 0.758586 -2.568482
 183.580009 0.687057 -2.556312
 183.780009 0.646140 -2.587805
 183.980009 0.869903 -2.581551
 184.180009 0.479839 -2.576469
 184.380009 0.678036 -2.273008
 184.580009 0.637522 -2.632229
 184.780009 0.669352 -2.317078
 184.980009 0.681761 -2.514235
 185.180009 0.744265 -2.523375
 185.380009 0.568439 -2.289564
 185.580009 0.613343 -2.492778
 185.780009 0.943012 -2.219812
 185.980009 0.462000 -2.395108
 186.180009 0.599953 -2.350825
 186.380009 0.749235 -2.766139
 186.580009 0.693325 -2.363364
 186.780009 0.841779 -2.571313
 186.980009 0.617201 -2.507919
 187.180009 0.887098 -2.429637
 187.380009 0.409211 -2.460575
 187.580009 1.008970 -2.431541
 187.780009 0.762537 -2.653684
 187.980009 0.500412 -2.301448
 188.180009 0.739959 -2.669263
 188.380009 0.587799 -2.274316
 188.580009 0.747089 -2.465569
 188.780009 0.566657 -2.208350
 188.980009 0.680216 -2.567349
 189.180009 0.342087 -2.250531
 189.380009 0.682823 -2.537242
 189.580009 0.613284 -2.527624
 189.780009 0.585882 -2.381614
 189.980009 0.817739 -2.718629
 190.180009 0.751098 -2.412803
 190.380009 0.749549 -2.613109
 190.580009 0.633693 -2.387847
 190.780009 0.528568 -2.702361
 190.980009 0.527251 -2.402983
 191.180009 0.595657 -2.541510
 191.380009 0.842980 -2.460772
 191.580009 0.545463 -2.269484
 191.780009 0.854101 -2.559648
 191.980009 0.145052 -2.095724
 192.180009 0.708312 -2.644746
 192.380009 0.661802 -2.396405
 192.580009 0.371932 -2.419083
 192.780009 0.616349 -2.243133
 192.980009 0.459234 -2.481366
 193.180009 0.924553 -2.256541
 193.380009 0.544860 -2.454303
 193.580009 0.728000 -2.429709
 193.780009 0.554157 -2.479666
 193.980009 0.812252 -2.457635
 194.180009 0.884683 -2.517461
 194.380009 0.574685 -2.373773
 194.580009 0.778553 -2.491607
 194.780009 0.297158 -2.445398
 194.980009 0.786837 -2.445093
 195.180009 0.758960 -2.605905
 195.380009 0.681443 -2.289222
 195.580009 0.623580 -2.635867
 195.780009 0.510894 -2.390630
 195.980009 0.711525 -2.574891
 196.180009 0.963776 -2.426334
 196.380009 0.702744 -2.517608
 196.580009 0.366563 -2.283649
 196.780009 0.460988 -2.443869
 196.980009 0.776504 -2.397424
 197.180009 0.786081 -2.193941
 197.380009 0.917471 -2.711716
 197.580009 0.270135 -2.242785
 197.780009 0.611101 -2.640518
 197.980009 0.858933 -2.349862
 198.180009 0.493160 -2.505904
 198.380009 0.786060 -2.460187
 198.580009 0.389036 -2.640102
 198.780009 0.768715 -2.430019
 198.980009 0.947800 -2.504350
 199.180009 0.872882 -2.443996
 199.380009 0.523840 -2.477242
 199.580009 0.469058 -2.633018
 199.780009 0.585269 -2.335893
 199.980009 0.703213 -2.469128
