#! FIELDS time phi psi
#! SET max_psi pi
 0.180000 1.348184 1.104457
 0.380000 1.553008 0.867616
 0.580000 0.709764 0.497681
 0.780000 1.405866 0.981098
 0.980000 1.261502 0.195916
 1.180000 1.207979 0.671601
 1.380000 1.290955 0.951195
 1.580000 1.158502 0.153533
 1.780000 1.183035 0.950024
 1.980000 1.128407 0.559804
 2.180000 1.187798 0.695409
 2.380000 1.152388 0.727833
 2.580000 1.125480 0.206879
 2.780000 1.367964 0.945030
 2.980000 1.042120 0.414572
 3.180000 1.280703 0.737595
 3.380000 1.039693 0.522914
 3.580000 0.849834 0.530353
 3.780000 1.378992 0.769887
 3.980000 0.949255 0.580453
 4.180000 1.297436 0.696311
 4.380000 1.239206 0.496883
 4.580000 1.220373 0.544811
 4.780000 1.266416 0.882397
 4.980000 1.298409 0.226188
 5.180000 1.208520 0.934667
 5.380000 1.093085 0.400495
 5.580000 1.317733 0.723719
 5.780000 1.216291 0.533196
 5.980000 1.159982 0.549486
 6.180000 1.409384 0.611327
 6.380000 0.763412 0.714806
 6.580000 1.234199 0.707167
 6.780000 1.210486 0.423240
 6.980000 1.250615 0.663262
 7.180000 1.273157 0.772785
 7.380000 1.152474 0.293478
 7.580000 1.126640 1.036890
 7.780000 1.076993 0.322389
 7.980000 1.189014 0.794666
 8.180000 1.301389 0.496646
 8.380000 0.976669 0.592863
 8.580000 1.267960 0.730117
 8.780000 0.985442 0.363125
 8.980000 1.099064 0.694243
 9.180000 1.248000 0.642150
 9.380000 1.084659 0.450185
 9.580000 1.133319 0.928921
 9.780000 1.162202 0.272781
 9.980000 1.080778 0.829039
 10.180000 1.177585 0.411455
 10.380000 1.109349 0.652816
 10.580001 1.199677 0.701161
 10.780001 1.206489 0.388533
 10.980001 1.008832 0.855456
 11.180001 1.161264 0.407861
 11.380001 1.209985 0.660059
 11.580001 1.190322 0.853870
 11.780001 1.176885 0.313267
 11.980001 1.092578 0.844635
 12.180001 1.108419 0.199601
 12.380001 0.985194 0.902849
 12.580001 1.195574 0.452249
 12.780001 1.250761 0.436043
 12.980001 1.120281 0.701273
 13.180001 0.947231 0.508339
 13.380001 1.168962 0.623119
 13.580001 1.077655 0.610232
 13.780001 1.280309 0.523844
 13.980001 1.180085 0.745657
 14.180001 1.225688 0.411584
 14.380001 1.266086 0.800772
 14.580001 1.001596 0.541914
 14.780001 1.240035 0.703185
 14.980001 1.348181 0.617839
 15.180001 1.061194 0.610405
 15.380001 1.206396 0.721007
 15.580001 0.938872 0.556954
 15.780001 1.250449 0.606015
 15.980001 1.255829 0.409138
 16.180001 1.101666 0.809224
 16.380001 1.303010 0.377567
 16.580001 1.077922 0.655543
 16.780001 0.900498 0.596221
 16.980001 1.080048 0.564081
 17.180001 1.264469 0.518237
 17.380001 1.200301 0.583763
 17.580001 1.249040 0.657791
 17.780001 1.220403 0.544274
 17.980001 1.143831 0.738779
 18.180001 1.420162 0.345290
 18.380001 1.317211 0.647446
 18.580001 1.163059 0.695494
 18.780001 1.397091 0.698491
 18.980001 1.378921 0.566725
 19.180001 0.963515 0.876513
 19.380001 1.427179 0.420788
 19.580001 1.114488 0.686975
 19.780001 1.272774 0.444320
 19.980001 1.186291 0.979671
 20.180001 1.141533 0.298520
 20.380001 1.160579 0.964206
 20.580001 1.461563 0.322848
 20.780001 0.915952 0.825487
 20.980001 1.372840 0.483413
 21.180001 1.202978 0.660482
 21.380001 1.093296 0.531924
 21.580001 1.044849 0.824403
 21.780001 1.226107 0.421996
 21.980001 1.048757 0.806810
 22.180001 1.086182 0.438079
 22.380001 1.114201 0.798305
 22.580001 1.147786 0.425645
 22.780001 1.142387 0.790621
 22.980001 1.216519 0.329609
 23.180001 1.061739 0.730376
 23.380001 1.325440 0.602589
 23.580001 0.987923 0.563910
 23.780001 1.218646 0.653612
 23.980001 1.053337 0.541417
 24.180001 1.127760 0.578634
 24.380001 1.055335 0.911374
 24.580001 1.294807 0.186562
 24.780001 0.967340 0.923905
 24.980001 0.993829 0.497609
 25.180001 1.200130 0.640120
 25.380001 1.259874 0.587692
 25.580001 0.979802 0.567138
 25.780001 1.335063 0.703567
 25.980001 1.182211 0.560010
 26.180001 1.059921 0.408693
 26.380001 1.228511 0.917772
 26.580001 1.106582 0.279759
 26.780001 0.869434 0.860972
 26.980001 1.215328 0.543781
 27.180001 1.202542 0.420935
 27.380001 1.008588 0.802214
 27.580001 1.199935 0.408587
 27.780001 1.176849 0.654646
 27.980001 1.098918 0.625973
 28.180001 1.121496 0.597395
 28.380001 1.027844 0.755760
 28.580001 1.234717 0.434264
 28.780001 1.130749 0.806287
 28.980001 0.886535 0.482521
 29.180001 1.271734 0.773411
 29.380001 1.180911 0.398157
 29.580001 1.178380 0.797534
 29.780001 1.186229 0.631697
 29.980001 1.032256 0.492224
 30.180001 1.308452 0.748945
 30.380001 0.874803 0.628939
 30.580001 1.193309 0.757671
 30.780001 1.397049 0.320250
 30.980001 0.950760 0.696165
 31.180001 1.240925 0.768932
 31.380001 1.200192 0.243177
 31.580001 1.016113 0.839315
 31.780002 1.308461 0.427814
 31.980002 0.985032 0.752638
 32.180002 1.151546 0.632805
 32.380002 1.180288 0.557862
 32.580002 1.060612 0.685301
 32.780002 1.059405 0.451065
 32.980002 1.401343 0.608766
 33.180002 0.881003 0.708111
 33.380002 1.201326 0.537614
 33.580002 1.340596 0.630481
 33.780002 1.070403 0.501042
 33.980002 1.086187 0.721758
 34.180002 1.114024 0.518628
 34.380002 1.215234 0.615546
 34.580002 1.228235 0.536842
 34.780002 1.261509 0.639077
 34.980002 0.837198 0.746212
 35.180002 1.356436 0.408139
 35.380002 1.341911 0.642264
 35.580002 1.022533 0.605515
 35.780002 1.037441 0.838085
 35.980002 1.308261 0.341537
 36.180002 0.989076 0.692419
 36.380002 1.160658 0.659685
 36.580002 1.195989 0.403586
 36.780002 1.140344 0.626030
 36.980002 1.088220 0.602943
 37.180002 0.803179 0.732593
 37.380002 1.201513 0.520491
 37.580002 1.192615 0.353618
 37.780002 1.243459 0.748522
 37.980002 0.945040 0.579426
 38.180002 1.149513 0.664339
 38.380002 1.260205 0.429320
 38.580002 1.124123 0.592554
 38.780002 1.081291 0.634885
 38.980002 1.225280 0.402051
 39.180002 1.184994 0.743514
 39.380002 1.369534 0.445249
 39.580002 1.074055 0.754303
 39.780002 1.133256 0.330289
 39.980002 1.256250 0.831405
 40.180002 1.110182 0.463822
 40.380002 1.114845 0.786098
 40.580002 1.197218 0.561019
 40.780002 1.031005 0.615372
 40.980002 1.207114 0.653607
 41.180002 1.241126 0.448566
 41.380002 1.133771 0.736352
 41.580002 1.098754 0.535764
 41.780002 1.288232 0.557002
 41.980002 1.002951 0.738126
 42.180002 1.363471 0.423100
 42.380002 1.194090 0.619329
 42.580002 1.027915 0.470090
 42.780002 1.180618 0.754047
 42.980002 1.068838 0.391034
 43.180002 1.161038 0.815473
 43.380002 1.050664 0.542068
 43.580002 1.218020 0.606977
 43.780002 1.029127 0.566827
 43.980002 0.996558 0.632913
 44.180002 1.255369 0.590161
 44.380002 1.128469 0.613102
 44.580002 1.075631 0.672534
 44.780002 1.329188 0.493977
 44.980002 1.109760 0.676565
 45.180002 1.119777 0.587778
 45.380002 1.436386 0.539784
 45.580002 1.027132 0.763591
 45.780002 1.235146 0.281008
 45.980002 1.187454 0.796277
 46.180002 0.929048 0.593006
 46.380002 1.261847 0.709800
 46.580002 1.087673 0.510209
 46.780002 1.220750 0.580868
 46.980002 1.331588 0.662992
 47.180002 0.990811 0.494346
 47.380002 1.190852 0.778252
 47.580002 1.231167 0.407848
 47.780002 1.016273 0.645909
 47.980002 1.160606 0.636569
 48.180002 1.066311 0.564756
 48.380002 1.133357 0.624036
 48.580002 1.019223 0.583508
 48.780002 1.130345 0.657741
 48.980002 1.088579 0.532273
 49.180002 1.111513 0.540144
 49.380002 1.007674 0.586225
 49.580002 1.064205 0.496000
 49.780002 1.228551 0.686944
 49.980002 1.136806 0.466579
 50.180002 1.147763 0.796801
 50.380002 1.094210 0.429716
 50.580002 1.176287 0.697161
 50.780002 1.442209 0.585424
 50.980002 1.218461 0.524127
 51.180002 1.203602 0.716722
 51.380002 1.423640 0.364138
 51.580002 1.146115 0.708888
 51.780002 1.166610 0.595490
 51.980002 1.350570 0.561758
 52.180002 1.082620 0.738316
 52.380002 1.206939 0.338709
 52.580002 1.434026 0.682490
 52.780003 0.859307 0.657700
 52.980003 1.205997 0.494223
 53.180003 1.196565 0.722451
 53.380003 1.110885 0.455559
 53.580003 1.315965 0.910522
 53.780003 1.255427 0.336449
 53.980003 1.106091 0.757259
 54.180003 1.273429 0.588067
 54.380003 1.178592 0.519394
 54.580003 1.333168 0.665211
 54.780003 1.196910 0.530011
 54.980003 1.028623 0.710420
 55.180003 1.072293 0.693616
 55.380003 1.116747 0.476954
 55.580003 1.020963 0.770275
 55.780003 1.055949 0.383981
 55.980003 1.105344 0.847921
 56.180003 0.909895 0.530562
 56.380003 1.091390 0.533104
 56.580003 1.347680 0.548329
 56.780003 0.841679 0.782292
 56.980003 1.235081 0.602492
 57.180003 1.128337 0.631520
 57.380003 1.109870 0.592166
 57.580003 1.184827 0.727051
 57.780003 1.123812 0.516206
 57.980003 1.175261 0.643699
 58.180003 1.043383 0.569780
 58.380003 1.099577 0.639929
 58.580003 1.250722 0.570365
 58.780003 1.290955 0.567644
 58.980003 0.879405 0.576648
 59.180003 1.045673 0.742444
 59.380003 1.216922 0.414474
 59.580003 1.175662 0.569606
 59.780003 1.041984 0.826915
 59.980003 1.134721 0.406163
 60.180003 1.196682 0.821306
 60.380003 1.194495 0.516387
 60.580003 1.231757 0.617356
 60.780003 1.290194 0.737144
 60.980003 1.150178 0.434455
 61.180003 1.288720 0.766484
 61.380003 1.242919 0.532636
 61.580003 1.200813 0.815984
 61.780003 1.259220 0.516145
 61.980003 1.021879 0.547189
 62.180003 1.093538 0.795386
 62.380003 1.096457 0.352517
 62.580003 1.159388 0.803271
 62.780003 1.229353 0.336666
 62.980003 0.926716 0.809254
 63.180003 1.200444 0.619211
 63.380003 1.083950 0.416203
 63.580003 1.061247 0.827193
 63.780003 1.162390 0.383497
 63.980003 1.179569 0.734684
 64.180003 1.201399 0.568045
 64.380003 1.030956 0.674324
 64.580003 1.323504 0.662385
 64.780003 1.099267 0.451731
 64.980003 1.273995 0.674589
 65.180003 1.219790 0.540832
 65.380003 1.247277 0.618953
 65.580003 1.038567 0.812288
 65.780003 1.228751 0.318611
 65.980003 1.104865 0.889173
 66.180003 1.126647 0.348329
 66.380003 1.222386 0.677490
 66.580003 0.976479 0.589432
 66.780003 0.972330 0.566640
 66.980003 1.251616 0.726593
 67.180003 1.064873 0.371743
 67.380003 1.172982 0.849980
 67.580003 1.085992 0.446150
 67.780003 1.231415 0.720686
 67.980003 1.168359 0.641454
 68.180003 1.240267 0.594936
 68.380003 1.344438 0.657260
 68.580003 1.047445 0.455008
 68.780003 1.164191 0.724943
 68.980003 1.148389 0.548820
 69.180003 1.194885 0.524574
 69.380003 1.367504 0.746637
 69.580003 1.202119 0.493964
 69.780003 1.385246 0.766113
 69.980003 1.334598 0.351700
 70.180003 0.936253 0.860332
 70.380003 1.173165 0.617783
 70.580003 1.259990 0.510052
 70.780003 1.123500 0.674020
 70.980003 1.082088 0.459725
 71.180003 1.147821 0.666650
 71.380003 1.030403 0.526637
 71.580003 1.224315 0.418916
 71.780003 1.070095 0.735905
 71.980003 1.081593 0.541032
 72.180003 1.283228 0.558942
 72.380003 1.204892 0.525716
 72.580003 0.819896 0.683476
 72.780003 1.010568 0.509998
 72.980003 1.237975 0.660189
 73.180003 1.038373 0.482186
 73.380003 1.135441 0.747502
 73.580003 1.065044 0.596857
 73.780004 1.274394 0.569334
 73.980004 1.012428 0.591863
 74.180004 0.989295 0.561160
 74.380004 1.123879 0.658201
 74.580004 1.081487 0.375026
 74.780004 1.076208 0.737029
 74.980004 1.054142 0.443009
 75.180004 1.081560 0.613449
 75.380004 1.027095 0.552044
 75.580004 1.209928 0.568303
 75.780004 1.078523 0.632414
 75.980004 1.230855 0.681954
 76.180004 1.303934 0.335565
 76.380004 1.128320 0.604385
 76.580004 1.104400 0.537436
 76.780004 1.250945 0.595170
 76.980004 1.351145 0.492580
 77.180004 1.127240 0.746829
 77.380004 1.421802 0.495366
 77.580004 1.119993 0.631227
 77.780004 1.150540 0.645563
 77.980004 1.248587 0.573026
 78.180004 1.284326 0.511119
 78.380004 1.117371 0.722327
 78.580004 1.242057 0.546382
 78.780004 1.042299 0.654517
 78.980004 1.198362 0.377227
 79.180004 1.207441 0.584788
 79.380004 1.035520 0.637154
 79.580004 1.351839 0.489142
 79.780004 1.143105 0.587650
 79.980004 0.974191 0.651080
 80.180004 1.131467 0.427037
 80.380004 1.104833 0.694441
 80.580004 1.180479 0.504050
 80.780004 1.331089 0.680465
 80.980004 1.216165 0.545283
 81.180004 1.136153 0.549042
 81.380004 1.340791 0.646468
 81.580004 1.042333 0.633878
 81.780004 1.290166 0.588831
 81.980004 1.214910 0.602911
 82.180004 1.219179 0.554739
 82.380004 1.154321 0.626678
 82.580004 1.282459 0.449011
 82.780004 1.305578 0.614987
 82.980004 1.060031 0.558322
 83.180004 1.085038 0.552182
 83.380004 1.112112 0.637950
 83.580004 1.054016 0.396718
 83.780004 1.162513 0.690269
 83.980004 1.193096 0.421049
 84.180004 1.218008 0.674170
 84.380004 1.161920 0.651376
 84.580004 1.301177 0.410064
 84.780004 1.190516 0.783292
 84.980004 1.135339 0.464388
 85.180004 1.284490 0.645683
 85.380004 1.226029 0.528694
 85.580004 1.115254 0.588631
 85.780004 1.171974 0.814629
 85.980004 1.211642 0.268273
 86.180004 1.272601 0.804892
 86.380004 1.198208 0.461520
 86.580004 1.258547 0.692174
 86.780004 1.267817 0.629477
 86.980004 1.204891 0.466682
 87.180004 1.242168 0.669702
 87.380004 1.200998 0.502752
 87.580004 1.433217 0.554803
 87.780004 1.033740 0.653726
 87.980004 1.176392 0.386226
 88.180004 1.249425 0.719210
 88.380004 0.879129 0.463465
 88.580004 1.285610 0.651353
 88.780004 0.958575 0.630225
 88.980004 1.042035 0.507417
 89.180004 1.078786 0.647901
 89.380004 0.924383 0.546013
 89.580004 1.202620 0.550226
 89.780004 1.055958 0.688444
 89.980004 1.052016 0.532174
 90.180004 1.168835 0.822284
 90.380004 1.180487 0.423941
 90.580004 1.284603 0.793718
 90.780004 1.247705 0.543024
 90.980004 1.041546 0.643186
 91.180004 1.359473 0.537562
 91.380004 1.164535 0.566223
 91.580004 1.200597 0.689123
 91.780004 1.210853 0.497913
 91.980004 1.161721 0.702020
 92.180004 1.080857 0.548327
 92.380004 1.246493 0.707342
 92.580004 1.169830 0.599690
 92.780004 1.161889 0.528951
 92.980004 1.078116 0.909979
 93.180004 1.192504 0.389634
 93.380004 1.384495 0.856860
 93.580004 1.044684 0.424136
 93.780004 0.876215 0.984239
 93.980004 1.149281 0.393553
 94.180004 1.048027 0.688303
 94.380004 1.209640 0.764651
 94.580004 1.130938 0.313950
 94.780005 1.169699 0.791431
 94.980005 1.042044 0.509774
 95.180005 1.071679 0.562880
 95.380005 1.145992 0.725030
 95.580005 1.100147 0.293122
 95.780005 1.143916 0.876468
 95.980005 0.776175 0.272997
 96.180005 1.217018 0.775488
 96.380005 1.175497 0.365732
 96.580005 1.075200 0.671301
 96.780005 1.260562 0.673049
 96.980005 1.069343 0.503715
 97.180005 1.306613 0.674405
 97.380005 1.148643 0.448936
 97.580005 1.429122 0.606753
 97.780005 1.228526 0.801102
 97.980005 1.240439 0.188144
 98.180005 1.223362 0.976579
 98.380005 0.997347 0.547445
 98.580005 1.274005 0.652795
 98.780005 1.162183 0.603500
 98.980005 1.005250 0.559681
 99.180005 1.132427 0.749769
 99.380005 0.979125 0.340357
 99.580005 1.023090 0.808929
 99.780005 1.129175 0.558929
 99.980005 1.078000 0.530365
 100.180005 1.300739 0.715396
 100.380005 1.005838 0.500032
 100.580005 1.061460 0.789519
 100.780005 1.135731 0.545568
 100.980005 1.223531 0.624371
 101.180005 1.383398 0.744421
 101.380005 1.300157 0.345435
 101.580005 1.265236 0.676094
 101.780005 1.166110 0.521165
 101.980005 1.380678 0.759860
 102.180005 1.296570 0.297823
 102.380005 1.068971 0.612410
 102.580005 1.414722 0.699441
 102.780005 0.929122 0.465601
 102.980005 1.244144 0.810697
 103.180005 1.057424 0.349488
 103.380005 1.114455 0.753499
 103.580005 1.315700 0.784102
 103.780005 1.014996 0.386779
 103.980005 1.340857 1.060048
 104.180005 1.140472 0.133381
 104.380005 1.173264 0.956890
 104.580005 1.225830 0.619577
 104.780005 1.349334 0.370989
 104.980005 1.175859 0.808252
 105.180005 1.068578 0.561804
 105.380005 1.371162 0.623137
 105.580005 0.963947 0.701726
 105.780005 1.334149 0.329262
 105.980005 1.393121 0.801671
 106.180005 1.162297 0.489421
 106.380005 1.216316 0.861722
 106.580005 1.164881 0.485799
 106.780005 1.123614 0.589286
 106.980005 1.295954 0.605509
 107.180005 0.982688 0.520723
 107.380005 1.219758 0.864397
 107.580005 1.062227 0.463330
 107.780005 1.154266 0.718721
 107.980005 1.047158 0.663236
 108.180005 0.965900 0.502116
 108.380005 1.269581 0.698027
 108.580005 1.106771 0.584987
 108.780005 1.281532 0.456025
 108.980005 1.076550 0.740369
 109.180005 1.211191 0.347263
 109.380005 1.298099 0.836448
 109.580005 1.017611 0.531174
 109.780005 1.263336 0.792808
 109.980005 1.204402 0.468933
 110.180005 1.251949 0.657408
 110.380005 1.250896 0.795659
 110.580005 1.243437 0.398541
 110.780005 1.342016 0.831592
 110.980005 1.196661 0.433474
 111.180005 1.117781 0.699189
 111.380005 1.155004 0.659998
 111.580005 1.325433 0.457437
 111.780005 1.071289 0.796461
 111.980005 1.207275 0.500389
 112.180005 1.305316 0.811226
 112.380005 1.228845 0.393843
 112.580005 1.066423 0.747373
 112.780005 1.405626 0.544791
 112.980005 1.101620 0.541678
 113.180005 1.224635 0.674366
 113.380005 0.936887 0.445410
 113.580005 1.134364 0.599054
 113.780005 1.147152 0.632204
 113.980005 1.108467 0.352846
 114.180005 1.185229 0.832756
 114.380005 1.156915 0.410519
 114.580005 1.256298 0.723132
 114.780005 1.271816 0.526120
 114.980005 0.949508 0.744755
 115.180005 1.335326 0.679719
 115.380005 1.148329 0.471988
 115.580005 1.214873 0.726012
 115.780005 1.186097 0.604985
 115.980006 1.103067 0.586815
 116.180006 1.051396 0.781810
 116.380006 1.225752 0.483603
 116.580006 1.277027 0.872803
 116.780006 1.257009 0.330264
 116.980006 0.989196 0.826256
 117.180006 1.090640 0.435892
 117.380006 1.197271 0.597251
 117.580006 1.042541 0.633689
 117.780006 1.214346 0.563650
 117.980006 1.248133 0.539069
 118.180006 1.121852 0.664952
 118.380006 1.162257 0.493178
 118.580006 1.252369 0.580537
 118.780006 1.293755 0.504876
 118.980006 1.210756 0.759386
 119.180006 1.323582 0.477410
 119.380006 1.094923 0.895763
 119.580006 1.247372 0.458247
 119.780006 1.315467 0.774199
 119.980006 1.193159 0.685169
 120.180006 0.986231 0.569144
 120.380006 1.178128 0.680166
 120.580006 0.976856 0.546585
 120.780006 1.205328 0.581771
 120.980006 1.163357 0.660955
 121.180006 1.240577 0.397893
 121.380006 1.072280 0.840645
 121.580006 1.024058 0.228181
 121.780006 1.237073 0.865897
 121.980006 1.043925 0.367158
 122.180006 0.962737 0.808542
 122.380006 1.345511 0.389061
 122.580006 0.977563 0.592733
 122.780006 1.140012 0.690879
 122.980006 1.020619 0.562055
 123.180006 1.345565 0.427420
 123.380006 1.183527 0.736457
 123.580006 1.188794 0.353346
 123.780006 1.025999 0.891142
 123.980006 1.297241 0.369260
 124.180006 1.222429 0.617505
 124.380006 1.103462 0.660856
 124.580006 1.074364 0.585975
 124.780006 1.268167 0.574693
 124.980006 1.206038 0.536129
 125.180006 1.055346 0.662014
 125.380006 1.181904 0.686921
 125.580006 1.223605 0.409932
 125.780006 1.174335 0.838657
 125.980006 1.207031 0.556510
 126.180006 1.253236 0.673105
 126.380006 1.204247 0.566523
 126.580006 0.979594 0.643673
 126.780006 1.134156 0.616159
 126.980006 1.164739 0.479726
 127.180006 1.090795 0.676888
 127.380006 1.304696 0.572093
 127.580006 1.062605 0.575424
 127.780006 1.126765 0.630342
 127.980006 1.109451 0.458552
 128.180006 0.961681 0.710856
 128.380006 1.223582 0.496004
 128.580006 1.497184 0.495454
 128.780006 0.895708 0.655769
 128.980006 1.161683 0.573293
 129.180006 1.313525 0.527813
 129.380006 1.028034 0.634220
 129.580006 1.157920 0.732201
 129.780006 1.055964 0.449778
 129.980006 1.188890 0.654030
 130.180006 1.404659 0.551929
 130.380006 1.125044 0.700858
 130.580006 1.230171 0.754035
 130.780006 1.385066 0.388450
 130.980006 1.153440 0.708663
 131.180006 1.202676 0.675255
 131.380006 1.401090 0.425214
 131.580006 1.161633 0.622635
 131.780006 1.023738 0.731227
 131.980006 1.308261 0.570376
 132.180006 1.240732 0.471076
 132.380006 1.138619 0.736716
 132.580006 1.321686 0.402581
 132.780006 1.159095 0.679176
 132.980006 1.140026 0.573970
 133.180006 1.082719 0.532546
 133.380006 1.015231 0.811303
 133.580006 1.194803 0.474053
 133.780006 1.344006 0.493893
 133.980006 0.948215 0.701963
 134.180006 1.285631 0.489052
 134.380006 1.131185 0.689763
 134.580006 1.042693 0.470246
 134.780006 1.221400 0.717205
 134.980006 0.913729 0.499709
 135.180006 0.988948 0.786999
 135.380006 1.196691 0.451539
 135.580006 1.027021 0.691443
 135.780006 1.004708 0.706421
 135.980006 1.245693 0.450441
 136.180006 1.323703 0.433357
 136.380006 1.001359 0.776249
 136.580006 1.208760 0.422652
 136.780006 1.271053 0.777015
 136.980007 1.061536 0.433849
 137.180007 1.277873 0.834845
 137.380007 1.035322 0.595257
 137.580007 1.050349 0.535464
 137.780007 1.413018 0.647967
 137.980007 0.950896 0.570965
 138.180007 1.097098 0.685917
 138.380007 1.235218 0.609997
 138.580007 1.225861 0.349348
 138.780007 1.176992 0.816624
 138.980007 1.050492 0.320900
 139.180007 1.147537 0.901329
 139.380007 1.301305 0.374301
 139.580007 1.101442 0.682096
 139.780007 1.166034 0.625222
 139.980007 1.232016 0.510895
 140.180007 1.223831 0.548589
 140.380007 1.177091 0.722874
 140.580007 1.242551 0.554282
 140.780007 1.234671 0.717665
 140.980007 1.302471 0.341282
 141.180007 1.021545 0.804380
 141.380007 1.399901 0.259784
 141.580007 1.122521 0.913914
 141.780007 1.300523 0.351589
 141.980007 1.236286 0.841671
 142.180007 1.176577 0.427839
 142.380007 1.060797 0.642711
 142.580007 1.288569 0.836820
 142.780007 1.109730 0.360071
 142.980007 1.251579 0.884293
 143.180007 1.109093 0.629543
 143.380007 1.091880 0.445346
 143.580007 1.179057 0.930173
 143.780007 1.108213 0.250169
 143.980007 1.138933 0.975320
 144.180007 1.077253 0.446974
 144.380007 1.091953 0.636436
 144.580007 1.166736 0.561838
 144.780007 1.131283 0.556154
 144.980007 1.354418 0.493010
 145.180007 1.032687 0.661722
 145.380007 1.128527 0.689350
 145.580007 1.281002 0.496637
 145.780007 1.267479 0.477850
 145.980007 1.031979 0.730135
 146.180007 1.279080 0.263800
 146.380007 1.049041 1.058306
 146.580007 1.077001 0.356044
 146.780007 1.376836 0.627603
 146.980007 1.017194 0.606292
 147.180007 1.030839 0.471836
 147.380007 1.300709 0.716039
 147.580007 1.058462 0.418161
 147.780007 1.300177 0.851082
 147.980007 0.983652 0.460923
 148.180007 1.201087 0.617691
 148.380007 1.110079 0.756297
 148.580007 1.007041 0.442394
 148.780007 1.086632 0.977165
 148.980007 1.205939 0.380104
 149.180007 1.092173 0.834156
 149.380007 1.231804 0.633822
 149.580007 1.105593 0.412076
 149.780007 0.983413 0.954057
 149.980007 0.969792 0.323246
 150.180007 1.219629 0.826969
 150.380007 1.093087 0.455254
 150.580007 0.922249 0.685855
 150.780007 1.194645 0.493337
 150.980007 1.007261 0.581467
 151.180007 1.114100 0.675013
 151.380007 0.957248 0.549275
 151.580007 1.120351 0.497449
 151.780007 1.012804 0.851478
 151.980007 1.105780 0.289864
 152.180007 1.313628 0.908264
 152.380007 1.213341 0.472732
 152.580007 1.183969 0.702873
 152.780007 1.329674 0.549140
 152.980007 1.088860 0.665631
 153.180007 1.558425 0.770763
 153.380007 0.950136 0.503951
 153.580007 1.331931 0.541997
 153.780007 1.076125 0.877336
 153.980007 1.122645 0.360515
 154.180007 1.319338 0.970420
 154.380007 1.133530 0.131494
 154.580007 0.977171 0.936252
 154.780007 1.043540 0.454613
 154.980007 1.135095 0.779570
 155.180007 1.183835 0.475838
 155.380007 0.914646 0.771311
 155.580007 1.305147 0.472969
 155.780007 0.990877 0.787163
 155.980007 1.199155 0.486638
 156.180007 1.208371 0.715798
 156.380007 1.219016 0.494203
 156.580007 1.096055 0.805816
 156.780007 1.320003 0.444446
 156.980007 1.021145 0.854651
 157.180007 1.127133 0.479837
 157.380007 1.406292 0.787255
 157.580007 1.100567 0.558800
 157.780007 1.139929 0.585259
 157.980008 1.212765 0.587746
 158.180008 0.964215 0.610783
 158.380008 1.230702 0.750693
 158.580008 1.062015 0.580495
 158.780008 1.056873 0.586647
 158.980008 1.219373 0.499376
 159.180008 1.013103 0.445270
 159.380008 1.229600 0.707161
 159.580008 1.357738 0.474933
 159.780008 1.034072 0.631427
 159.980008 1.095391 0.797633
 160.180008 1.035573 0.348906
 160.380008 0.983201 0.814253
 160.580008 1.164201 0.417790
 160.780008 1.089984 0.781608
 160.980008 1.120156 0.504462
 161.180008 1.073675 0.666603
 161.380008 1.072873 0.588653
 161.580008 1.183375 0.665589
 161.780008 1.183906 0.444589
 161.980008 1.080365 0.781040
 162.180008 1.314831 0.442233
 162.380008 1.180005 0.947139
 162.580008 1.244463 0.194174
 162.780008 1.052478 1.056518
 162.980008 1.169075 0.280669
 163.180008 1.243743 0.829585
 163.380008 1.239731 0.575479
 163.580008 1.001429 0.532826
 163.780008 1.255644 0.691224
 163.980008 1.059864 0.627293
 164.180008 1.220324 0.633595
 164.380008 1.099753 0.688519
 164.580008 1.167160 0.375055
 164.780008 1.063397 1.021866
 164.980008 1.005120 0.427615
 165.180008 1.136985 1.087392
 165.380008 1.051103 0.163337
 165.580008 1.055572 0.896230
 165.780008 1.032245 0.560416
 165.980008 0.970643 0.530546
 166.180008 1.179403 0.605498
 166.380008 0.866122 0.602682
 166.580008 1.170714 0.521437
 166.780008 0.843293 0.796683
 166.980008 1.175486 0.466162
 167.180008 1.132030 0.913870
 167.380008 1.119038 0.373452
 167.580008 1.271655 0.873095
 167.780008 1.028786 0.410158
 167.980008 1.155608 0.905308
 168.180008 1.376238 0.483782
 168.380008 1.071380 0.611629
 168.580008 1.246608 0.501007
 168.780008 1.140554 0.599126
 168.980008 1.261703 0.539044
 169.180008 1.020210 0.780667
 169.380008 1.157714 0.488902
 169.580008 1.103914 0.745484
 169.780008 1.264065 0.448642
 169.980008 1.017271 0.824932
 170.180008 1.160398 0.433558
 170.380008 1.160601 0.805556
 170.580008 1.174923 0.501078
 170.780008 1.261680 0.775907
 170.980008 1.364059 0.516328
 171.180008 1.130879 0.553705
 171.380008 1.363853 0.463256
 171.580008 0.927783 0.930339
 171.780008 1.416356 0.423925
 171.980008 1.332220 0.677346
 172.180008 1.010152 0.715082
 172.380008 1.309099 0.573500
 172.580008 1.088106 0.548325
 172.780008 1.219887 0.611712
 172.980008 1.198645 0.715609
 173.180008 1.183135 0.552210
 173.380008 1.094716 0.663459
 173.580008 1.248543 0.490739
 173.780008 1.066818 0.735541
 173.980008 1.260505 0.367862
 174.180008 1.282692 0.614871
 174.380008 0.841149 0.670894
 174.580008 1.159143 0.514709
 174.780008 1.404294 0.524302
 174.980008 1.029191 0.624724
 175.180008 1.091247 0.717979
 175.380008 0.995084 0.412969
 175.580008 1.296393 0.608046
 175.780008 1.203498 0.623092
 175.980008 1.162010 0.534894
 176.180008 1.051277 0.702796
 176.380008 1.059766 0.285440
 176.580008 1.292866 0.779356
 176.780008 1.032806 0.483197
 176.980008 1.315767 0.679603
 177.180008 1.125475 0.486300
 177.380008 0.804578 0.841112
 177.580008 1.488185 0.558681
 177.780008 1.037918 0.535378
 177.980008 1.297709 0.701353
 178.180008 1.165467 0.663426
 178.380008 1.136083 0.500483
 178.580008 1.244809 0.802074
 178.780008 1.140907 0.407404
 178.980009 1.252955 0.703638
 179.180009 1.168228 0.642423
 179.380009 1.133158 0.608377
 179.580009 1.211763 0.632241
 179.780009 0.966377 0.690351
 179.980009 1.078798 0.626586
 180.180009 1.109093 0.535101
 180.380009 0.936209 0.515049
 180.580009 1.158122 0.761335
 180.780009 0.724600 0.592600
 180.980009 1.077269 0.693522
 181.180009 1.279309 0.471042
 181.380009 0.991277 0.661031
 181.580009 1.175348 0.667548
 181.780009 1.160658 0.558262
 181.980009 1.244129 0.654595
 182.180009 0.862275 0.754439
 182.380009 1.361544 0.495794
 182.580009 1.267921 0.621307
 182.780009 1.099443 0.652246
 182.980009 1.223735 0.659881
 183.180009 0.929062 0.667193
 183.380009 1.208463 0.588603
 183.580009 0.984470 0.628974
 183.780009 1.224181 0.596625
 183.980009 1.103580 0.648093
 184.180009 1.100014 0.575446
 184.380009 1.070531 0.678875
 184.580009 1.272727 0.589452
 184.780009 1.223859 0.485452
 184.980009 1.145421 0.677441
 185.180009 1.088869 0.567627
 185.380009 1.209791 0.603056
 185.580009 1.111057 0.562237
 185.780009 1.094437 0.754223
 185.980009 1.159019 0.395920
 186.180009 0.981179 0.801687
 186.380009 1.159697 0.456250
 186.580009 0.997267 0.708109
 186.780009 1.288067 0.535236
 186.980009 0.992396 0.578080
 187.180009 1.163933 0.651986
 187.380009 1.222638 0.574938
 187.580009 1.026246 0.720997
 187.780009 1.365855 0.606496
 187.980009 1.154773 0.569757
 188.180009 1.111186 0.676388
 188.380009 1.213875 0.426107
 188.580009 0.814840 0.840373
 188.780009 1.214538 0.464842
 188.980009 1.298567 0.612143
 189.180009 1.108740 0.679653
 189.380009 1.071827 0.559311
 189.580009 1.063495 0.691335
 189.780009 1.032293 0.554816
 189.980009 1.074510 0.641322
 190.180009 1.177357 0.721704
 190.380009 1.095745 0.410064
 190.580009 1.072890 0.747536
 190.780009 1.101815 0.415197
 190.980009 1.069941 0.781981
 191.180009 1.261009 0.381617
 191.380009 0.882297 0.742892
 191.580009 1.187054 0.657930
 191.780009 1.002580 0.539075
 191.980009 1.250475 0.752409
 192.180009 1.061845 0.556356
 192.380009 1.104331 0.592559
 192.580009 1.166033 0.627525
 192.780009 1.029351 0.504125
 192.980009 1.338078 0.735495
 193.180009 0.996623 0.433236
 193.380009 1.310511 0.700923
 193.580009 1.142366 0.560295
 193.780009 1.219316 0.483387
 193.980009 1.168039 0.798228
 194.180009 1.337162 0.287027
 194.380009 1.329269 0.925804
 194.580009 0.995496 0.500775
 194.780009 1.453991 0.642991
 194.980009 1.054997 0.714032
 195.180009 1.085330 0.451502
 195.380009 1.282948 0.853828
 195.580009 0.948923 0.528611
 195.780009 1.176870 0.494729
 195.980009 1.387441 0.751138
 196.180009 1.104037 0.486220
 196.380009 1.231021 0.827059
 196.580009 1.192262 0.154696
 196.780009 1.155645 0.693981
 196.980009 1.144447 0.637386
 197.180009 1.083214 0.389946
 197.380009 1.196301 0.787100
 197.580009 1.113260 0.445688
 197.780009 1.145928 0.581008
 197.980009 0.980829 0.730243
 198.180009 1.244108 0.318024
 198.380009 1.314273 0.857314
 198.580009 1.118166 0.382090
 198.780009 1.172159 0.760687
 198.980009 1.134704 0.453076
 199.180009 1.007048 0.758540
 199.380009 1.350349 0.473937
 199.580009 1.067666 0.610485
 199.780009 1.373661 0.579047
 199.980009 1.016021 0.604487
