#! FIELDS time phi psi
#! SET max_psi pi
 0.180000 -1.603103 -2.223257
 0.380000 -1.462898 -2.190292
 0.580000 -1.091788 -1.437337
 0.780000 -1.834144 -1.980572
 0.980000 -1.241582 -2.123068
 1.180000 -1.454035 -1.629366
 1.380000 -1.752021 -1.951703
 1.580000 -1.269846 -1.824888
 1.780000 -1.517804 -2.166333
 1.980000 -1.829271 -2.171862
 2.180000 -1.395377 -1.636155
 2.380000 -1.344640 -2.146117
 2.580000 -1.680661 -2.032992
 2.780000 -1.172272 -1.928209
 2.980000 -1.547459 -1.902210
 3.180000 -1.453866 -2.157502
 3.380000 -1.508312 -1.417819
 3.580000 -1.585829 -2.255844
 3.780000 -1.393578 -2.101990
 3.980000 -1.470076 -1.639424
 4.180000 -1.546125 -2.270144
 4.380000 -1.359639 -1.670452
 4.580000 -1.177315 -1.899103
 4.780000 -1.698561 -2.181520
 4.980000 -1.305737 -1.780760
 5.180000 -1.299092 -1.669278
 5.380000 -1.651731 -2.393327
 5.580000 -1.862543 -1.812684
 5.780000 -1.338463 -2.012570
 5.980000 -1.555881 -2.197885
 6.180000 -1.849698 -1.635051
 6.380000 -1.680013 -2.118416
 6.580000 -1.500224 -1.925127
 6.780000 -1.356570 -2.006639
 6.980000 -1.607579 -2.100930
 7.180000 -1.392606 -1.989564
 7.380000 -1.597419 -1.792980
 7.580000 -1.390796 -2.198767
 7.780000 -1.266119 -1.796792
 7.980000 -1.538652 -2.030318
 8.180000 -1.686057 -2.016502
 8.380000 -1.252285 -1.987020
 8.580000 -1.380444 -2.067194
 8.780000 -1.494902 -2.094175
 8.980000 -1.454034 -1.961317
 9.180000 -1.707631 -2.068329
 9.380000 -1.337423 -2.117730
 9.580000 -1.553466 -1.928795
 9.780000 -1.544195 -2.047686
 9.980000 -1.491480 -1.971189
 10.180000 -1.189119 -2.167973
 10.380000 -1.658522 -2.018223
 10.580001 -1.428243 -1.868728
 10.780001 -1.685217 -2.019739
 10.980001 -1.550656 -2.006098
 11.180001 -1.679385 -1.824869
 11.380001 -1.510501 -2.021310
 11.580001 -1.498548 -1.888284
 11.780001 -1.486165 -1.950231
 11.980001 -1.634374 -1.966830
 12.180001 -1.447793 -1.860464
 12.380001 -1.378589 -1.941314
 12.580001 -1.549709 -1.929094
 12.780001 -1.401129 -1.992219
 12.980001 -1.559772 -1.834407
 13.180001 -1.324726 -2.055089
 13.380001 -1.577637 -1.851983
 13.580001 -1.529615 -2.082208
 13.780001 -1.603069 -1.941276
 13.980001 -1.480939 -1.926469
 14.180001 -1.568886 -2.131448
 14.380001 -1.299042 -2.060130
 14.580001 -1.628437 -1.956940
 14.780001 -1.486726 -2.092512
 14.980001 -1.552615 -1.932580
 15.180001 -1.483996 -2.043114
 15.380001 -1.477798 -2.185055
 15.580001 -1.376763 -1.861975
 15.780001 -1.429841 -1.931704
 15.980001 -1.443872 -2.082207
 16.180001 -1.257370 -2.059337
 16.380001 -1.382807 -1.845042
 16.580001 -1.514923 -2.106224
 16.780001 -1.443318 -1.841573
 16.980001 -1.394941 -2.051325
 17.180001 -1.553154 -1.985873
 17.380001 -1.309410 -1.769144
 17.580001 -1.464097 -1.991525
 17.780001 -1.397945 -2.084727
 17.980001 -1.577371 -1.843981
 18.180001 -1.501095 -2.132473
 18.380001 -1.408682 -2.081803
 18.580001 -1.512547 -1.887973
 18.780001 -1.538039 -2.108965
 18.980001 -1.542135 -1.911965
 19.180001 -1.372562 -1.974345
 19.380001 -1.573159 -2.123347
 19.580001 -1.438800 -2.053888
 19.780001 -1.561457 -1.817090
 19.980001 -1.449660 -2.211848
 20.180001 -1.346803 -1.876830
 20.380001 -1.268601 -2.056039
 20.580001 -1.733237 -2.030101
 20.780001 -1.526471 -1.759926
 20.980001 -1.536004 -1.997786
 21.180001 -1.680880 -2.066450
 21.380001 -1.258785 -1.856887
 21.580001 -1.383911 -2.056880
 21.780001 -1.340757 -2.127039
 21.980001 -1.299500 -1.760493
 22.180001 -1.438629 -2.308875
 22.380001 -1.592151 -1.785945
 22.580001 -1.481674 -1.952481
 22.780001 -1.678842 -2.229452
 22.980001 -1.341612 -1.769714
 23.180001 -1.386723 -1.878348
 23.380001 -1.477572 -2.254694
 23.580001 -1.309242 -1.792910
 23.780001 -1.321453 -2.148506
 23.980001 -1.399081 -2.138173
 24.180001 -1.624220 -1.713461
 24.380001 -1.425768 -2.207114
 24.580001 -1.490100 -1.967012
 24.780001 -1.411357 -1.856320
 24.980001 -1.825886 -2.027933
 25.180001 -1.149627 -1.977055
 25.380001 -1.556496 -2.029531
 25.580001 -1.508499 -2.270522
 25.780001 -1.445652 -1.858767
 25.980001 -1.274409 -2.070537
 26.180001 -1.692834 -2.218526
 26.380001 -1.382754 -1.750196
 26.580001 -1.982775 -1.927533
 26.780001 -1.401088 -2.435726
 26.980001 -1.437169 -1.809281
 27.180001 -1.662929 -1.975630
 27.380001 -1.523168 -2.239000
 27.580001 -1.323232 -1.842498
 27.780001 -1.350912 -1.932425
 27.980001 -1.613859 -2.259279
 28.180001 -1.357840 -1.774930
 28.380001 -1.769416 -1.919858
 28.580001 -1.318595 -2.355012
 28.780001 -1.337570 -1.786613
 28.980001 -1.575770 -2.011772
 29.180001 -1.466979 -2.156228
 29.380001 -1.167556 -1.782472
 29.580001 -1.452636 -1.895743
 29.780001 -1.631980 -2.253428
 29.980001 -1.327709 -1.681855
 30.180001 -1.524160 -2.001424
 30.380001 -1.325548 -2.192772
 30.580001 -1.311348 -1.631028
 30.780001 -1.721590 -2.120948
 30.980001 -1.313299 -1.977866
 31.180001 -1.369872 -1.913031
 31.380001 -1.435390 -1.969524
 31.580001 -1.520092 -2.055550
 31.780002 -1.403714 -1.720754
 31.980002 -1.395907 -2.095371
 32.180002 -1.515575 -1.911870
 32.380002 -1.480359 -1.842994
 32.580002 -1.544062 -2.139481
 32.780002 -1.327073 -1.835463
 32.980002 -1.325870 -1.735656
 33.180002 -1.580380 -2.150847
 33.380002 -1.680031 -1.942018
 33.580002 -1.438648 -1.944742
 33.780002 -1.508213 -2.378852
 33.980002 -1.470432 -1.926095
 34.180002 -1.442948 -1.783196
 34.380002 -1.478369 -2.452225
 34.580002 -1.500655 -1.926784
 34.780002 -1.636679 -1.902552
 34.980002 -1.508466 -2.322354
 35.180002 -1.403083 -1.691326
 35.380002 -1.613584 -1.893551
 35.580002 -1.508618 -2.270775
 35.780002 -1.385976 -1.776268
 35.980002 -1.860471 -1.806275
 36.180002 -1.249953 -2.556130
 36.380002 -1.622520 -1.928060
 36.580002 -1.285016 -1.502644
 36.780002 -1.519784 -2.429932
 36.980002 -1.329763 -1.823280
 37.180002 -1.665505 -1.662923
 37.380002 -1.627982 -2.177702
 37.580002 -1.325385 -1.802097
 37.780002 -1.362352 -1.681214
 37.980002 -1.533366 -2.380538
 38.180002 -1.468481 -1.635054
 38.380002 -1.241474 -2.003368
 38.580002 -1.530056 -2.374230
 38.780002 -1.256384 -1.655669
 38.980002 -1.766036 -2.165056
 39.180002 -1.392684 -2.142403
 39.380002 -1.489641 -1.708087
 39.580002 -1.705107 -2.078497
 39.780002 -1.431113 -1.996498
 39.980002 -1.289326 -1.898337
 40.180002 -1.775770 -2.200769
 40.380002 -1.470599 -1.764756
 40.580002 -1.309185 -2.181039
 40.780002 -1.657966 -1.960123
 40.980002 -1.356808 -1.497519
 41.180002 -1.391262 -2.284629
 41.380002 -1.491431 -2.056141
 41.580002 -1.135020 -1.677403
 41.780002 -1.658359 -2.353324
 41.980002 -1.453620 -1.961951
 42.180002 -1.276233 -1.848790
 42.380002 -1.404451 -2.234691
 42.580002 -1.526815 -1.671814
 42.780002 -1.496370 -2.217224
 42.980002 -1.401385 -1.946357
 43.180002 -1.600392 -1.948416
 43.380002 -1.506322 -2.000323
 43.580002 -1.472086 -1.961068
 43.780002 -1.501639 -1.771713
 43.980002 -1.728944 -2.050485
 44.180002 -1.542915 -1.931741
 44.380002 -1.515384 -1.970296
 44.580002 -1.523071 -1.893158
 44.780002 -1.472198 -1.951152
 44.980002 -1.403371 -1.834276
 45.180002 -1.480368 -2.157367
 45.380002 -1.416829 -2.017558
 45.580002 -1.591056 -2.002054
 45.780002 -1.352237 -1.983879
 45.980002 -1.442834 -2.004144
 46.180002 -1.521473 -2.046005
 46.380002 -1.484312 -2.041399
 46.580002 -1.443597 -1.995920
 46.780002 -1.701364 -2.352119
 46.980002 -1.310824 -1.938230
 47.180002 -1.543644 -2.105485
 47.380002 -1.547825 -2.143319
 47.580002 -1.531824 -1.887088
 47.780002 -1.547585 -2.096890
 47.980002 -1.507446 -2.213101
 48.180002 -1.429427 -1.930702
 48.380002 -1.661203 -2.088759
 48.580002 -1.509066 -2.096573
 48.780002 -1.288913 -1.815424
 48.980002 -1.660450 -2.081043
 49.180002 -1.385243 -2.139793
 49.380002 -1.489418 -1.957970
 49.580002 -1.564784 -2.120444
 49.780002 -1.543358 -1.993231
 49.980002 -1.304061 -2.004108
 50.180002 -1.622042 -2.046531
 50.380002 -1.543860 -1.808402
 50.580002 -1.577530 -2.071218
 50.780002 -1.569871 -2.032959
 50.980002 -1.443492 -1.650899
 51.180002 -1.453057 -2.220785
 51.380002 -1.357445 -1.929205
 51.580002 -1.340292 -1.856023
 51.780002 -1.421534 -2.324734
 51.980002 -1.357638 -1.880868
 52.180002 -1.482358 -1.838038
 52.380002 -1.477914 -2.166585
 52.580002 -1.451626 -1.851176
 52.780003 -1.461506 -1.893768
 52.980003 -1.448125 -2.026580
 53.180003 -1.628434 -1.946958
 53.380003 -1.450275 -1.817464
 53.580003 -1.330586 -2.188058
 53.780003 -1.452305 -1.936374
 53.980003 -1.581210 -1.737603
 54.180003 -1.412491 -2.269325
 54.380003 -1.491397 -1.981404
 54.580003 -1.607448 -1.793216
 54.780003 -1.490223 -2.173314
 54.980003 -1.472091 -1.896103
 55.180003 -1.484835 -1.931512
 55.380003 -1.352511 -2.204396
 55.580003 -1.520724 -1.930987
 55.780003 -1.556445 -1.979114
 55.980003 -1.401653 -2.164441
 56.180003 -1.537803 -1.894336
 56.380003 -1.687831 -2.026872
 56.580003 -1.308176 -2.203880
 56.780003 -1.562292 -1.985861
 56.980003 -1.663570 -1.844588
 57.180003 -1.480680 -2.101705
 57.380003 -1.456795 -1.971707
 57.580003 -1.683144 -1.902374
 57.780003 -1.500540 -1.954693
 57.980003 -1.282537 -1.969916
 58.180003 -1.538804 -1.998000
 58.380003 -1.597783 -1.910760
 58.580003 -1.381790 -2.010793
 58.780003 -1.622150 -2.095093
 58.980003 -1.571904 -1.853545
 59.180003 -1.323360 -2.026555
 59.380003 -1.450014 -2.168294
 59.580003 -1.609538 -1.917915
 59.780003 -1.411339 -2.046519
 59.980003 -1.404737 -2.033257
 60.180003 -1.621902 -1.851050
 60.380003 -1.626864 -2.009221
 60.580003 -1.410096 -1.879687
 60.780003 -1.298209 -2.091799
 60.980003 -1.679079 -2.009194
 61.180003 -1.198033 -1.909974
 61.380003 -1.444223 -2.123954
 61.580003 -1.543104 -2.047799
 61.780003 -1.357297 -1.878220
 61.980003 -1.411431 -2.084795
 62.180003 -1.727431 -1.997667
 62.380003 -1.332717 -1.641634
 62.580003 -1.451155 -2.165145
 62.780003 -1.646493 -1.925621
 62.980003 -1.470617 -1.859110
 63.180003 -1.512475 -2.087452
 63.380003 -1.633832 -1.963439
 63.580003 -1.515479 -1.828618
 63.780003 -1.492231 -2.296574
 63.980003 -1.683914 -1.895073
 64.180003 -1.396522 -1.771905
 64.380003 -1.538062 -2.348070
 64.580003 -1.276570 -1.909378
 64.780003 -1.368134 -1.983886
 64.980003 -1.351600 -2.300908
 65.180003 -1.404266 -2.013001
 65.380003 -1.571189 -1.991467
 65.580003 -1.690799 -2.122689
 65.780003 -1.479685 -1.906141
 65.980003 -1.652001 -1.861966
 66.180003 -1.437048 -2.111652
 66.380003 -1.443962 -1.954393
 66.580003 -1.584586 -1.935019
 66.780003 -1.542805 -2.112033
 66.980003 -1.234227 -1.781576
 67.180003 -1.527195 -2.016153
 67.380003 -1.537123 -1.900687
 67.580003 -1.461585 -1.937321
 67.780003 -1.568950 -2.023841
 67.980003 -1.608676 -2.135582
 68.180003 -1.425435 -1.949199
 68.380003 -1.565884 -2.102861
 68.580003 -1.525138 -1.904288
 68.780003 -1.349362 -2.111347
 68.980003 -1.486080 -2.092925
 69.180003 -1.613377 -2.055241
 69.380003 -1.324100 -1.909827
 69.580003 -1.403353 -2.188409
 69.780003 -1.645726 -1.885800
 69.980003 -1.597252 -1.822958
 70.180003 -1.453078 -2.100283
 70.380003 -1.611035 -2.012057
 70.580003 -1.512160 -1.706854
 70.780003 -1.540496 -2.201388
 70.980003 -1.455597 -1.871299
 71.180003 -1.449075 -1.815138
 71.380003 -1.466582 -2.161017
 71.580003 -1.540103 -1.796440
 71.780003 -1.526383 -1.986688
 71.980003 -1.529998 -2.044794
 72.180003 -1.466283 -1.760640
 72.380003 -1.544880 -2.015129
 72.580003 -1.367122 -2.095444
 72.780003 -1.387501 -1.735340
 72.980003 -1.714898 -2.193894
 73.180003 -1.563953 -1.852980
 73.380003 -1.534686 -1.976519
 73.580003 -1.744911 -2.159177
 73.780004 -1.442801 -1.942196
 73.980004 -1.471299 -1.948789
 74.180004 -1.633464 -2.118715
 74.380004 -1.351385 -1.764564
 74.580004 -1.544741 -2.198770
 74.780004 -1.511782 -2.051744
 74.980004 -1.194094 -1.855246
 75.180004 -1.453720 -2.157998
 75.380004 -1.519305 -1.917727
 75.580004 -1.429841 -1.783664
 75.780004 -1.644893 -2.365482
 75.980004 -1.276110 -1.710090
 76.180004 -1.270418 -1.987463
 76.380004 -1.488435 -2.276160
 76.580004 -1.436014 -1.785740
 76.780004 -1.452753 -2.069726
 76.980004 -1.398462 -2.156201
 77.180004 -1.742772 -1.626562
 77.380004 -1.584424 -2.129282
 77.580004 -1.262271 -2.080239
 77.780004 -1.377849 -1.821508
 77.980004 -1.687506 -2.060254
 78.180004 -1.321479 -1.991800
 78.380004 -1.336341 -2.171181
 78.580004 -1.624712 -2.000780
 78.780004 -1.511704 -1.943218
 78.980004 -1.410366 -1.997830
 79.180004 -1.446304 -2.062123
 79.380004 -1.364671 -1.876275
 79.580004 -1.608760 -2.105205
 79.780004 -1.541326 -1.942930
 79.980004 -1.296974 -1.871898
 80.180004 -1.350486 -2.148147
 80.380004 -1.322719 -1.875359
 80.580004 -1.478256 -1.985463
 80.780004 -1.417044 -2.107667
 80.980004 -1.260761 -1.925741
 81.180004 -1.477740 -1.953796
 81.380004 -1.523503 -2.062085
 81.580004 -1.414014 -1.817712
 81.780004 -1.175444 -2.085515
 81.980004 -1.604386 -2.060761
 82.180004 -1.371375 -1.699441
 82.380004 -1.522021 -2.257729
 82.580004 -1.444010 -2.051423
 82.780004 -1.392500 -1.755797
 82.980004 -1.706694 -2.084315
 83.180004 -1.781196 -2.023655
 83.380004 -1.177445 -1.975221
 83.580004 -1.595941 -2.124439
 83.780004 -1.774124 -1.993602
 83.980004 -1.330750 -2.044160
 84.180004 -1.415798 -2.237471
 84.380004 -1.699482 -1.857947
 84.580004 -1.426885 -2.087646
 84.780004 -1.516126 -2.086119
 84.980004 -1.827401 -1.952513
 85.180004 -1.465813 -2.013513
 85.380004 -1.527789 -2.048123
 85.580004 -1.532173 -1.931016
 85.780004 -1.488750 -1.925115
 85.980004 -1.479107 -2.219145
 86.180004 -1.583726 -1.919425
 86.380004 -1.380572 -1.933411
 86.580004 -1.216952 -2.008434
 86.780004 -1.544389 -2.132216
 86.980004 -1.525415 -1.808864
 87.180004 -1.648781 -1.851399
 87.380004 -1.501702 -2.128081
 87.580004 -1.410207 -1.932784
 87.780004 -1.361612 -1.816560
 87.980004 -1.499923 -2.105387
 88.180004 -1.319175 -1.741592
 88.380004 -1.481570 -1.906830
 88.580004 -1.601193 -2.097290
 88.780004 -1.431849 -1.889434
 88.980004 -1.419314 -1.978642
 89.180004 -1.276011 -2.196637
 89.380004 -1.052134 -1.855086
 89.580004 -1.627325 -2.091819
 89.780004 -1.468026 -2.018546
 89.980004 -1.076642 -1.864929
 90.180004 -1.501366 -2.021943
 90.380004 -1.563548 -2.028718
 90.580004 -1.246916 -1.738809
 90.780004 -1.537949 -2.280538
 90.980004 -1.645096 -1.867876
 91.180004 -1.243258 -1.933834
 91.380004 -1.634552 -2.170355
 91.580004 -1.503241 -1.782126
 91.780004 -1.425341 -1.897606
 91.980004 -1.526371 -2.107519
 92.180004 -1.563999 -1.881737
 92.380004 -1.494948 -1.961876
 92.580004 -1.167322 -2.108737
 92.780004 -1.356693 -1.887883
 92.980004 -1.496365 -2.114000
 93.180004 -1.323569 -1.873694
 93.380004 -1.247275 -2.069815
 93.580004 -1.766353 -1.826851
 93.780004 -1.360694 -1.919015
 93.980004 -1.357224 -2.059214
 94.180004 -1.575152 -1.990066
 94.380004 -1.611535 -1.846842
 94.580004 -1.309097 -2.326704
 94.780005 -1.655611 -1.926459
 94.980005 -1.634027 -1.926626
 95.180005 -1.387307 -2.074385
 95.380005 -1.423455 -2.115954
 95.580005 -1.755199 -1.788761
 95.780005 -1.466831 -2.092591
 95.980005 -1.501023 -1.977891
 96.180005 -1.605906 -1.713658
 96.380005 -1.487512 -2.024058
 96.580005 -1.375830 -2.089418
 96.780005 -1.498562 -1.913212
 96.980005 -1.490724 -2.014973
 97.180005 -1.483165 -2.014930
 97.380005 -1.558854 -1.934359
 97.580005 -1.275808 -2.023896
 97.780005 -1.482593 -1.927994
 97.980005 -1.480496 -1.922687
 98.180005 -1.596552 -2.203979
 98.380005 -1.355177 -1.845243
 98.580005 -1.684547 -1.955288
 98.780005 -1.456998 -2.165266
 98.980005 -1.482632 -1.984737
 99.180005 -1.490875 -1.859261
 99.380005 -1.608589 -2.287543
 99.580005 -1.526758 -1.891064
 99.780005 -1.683683 -1.989230
 99.980005 -1.431077 -2.138247
 100.180005 -1.395928 -1.868086
 100.380005 -1.496040 -1.965826
 100.580005 -1.355128 -2.133457
 100.780005 -1.310531 -1.963272
 100.980005 -1.540605 -1.949109
 101.180005 -1.700167 -2.093181
 101.380005 -1.240277 -1.744966
 101.580005 -1.539978 -1.999740
 101.780005 -1.381801 -2.154824
 101.980005 -1.374471 -1.812133
 102.180005 -1.492321 -2.097495
 102.380005 -1.539379 -1.943507
 102.580005 -1.368469 -1.938410
 102.780005 -1.496533 -2.118352
 102.980005 -1.493778 -1.769525
 103.180005 -1.378474 -1.984352
 103.380005 -1.390844 -2.119198
 103.580005 -1.596984 -2.065382
 103.780005 -1.350318 -1.831652
 103.980005 -1.478499 -2.223833
 104.180005 -1.466796 -1.975172
 104.380005 -1.584117 -2.078652
 104.580005 -1.462979 -2.150783
 104.780005 -1.536250 -1.890285
 104.980005 -1.645436 -2.114796
 105.180005 -1.288427 -2.111041
 105.380005 -1.528476 -2.001661
 105.580005 -1.520035 -2.048635
 105.780005 -1.480134 -2.084607
 105.980005 -1.340405 -2.088888
 106.180005 -1.782958 -2.030969
 106.380005 -1.308232 -2.063322
 106.580005 -1.503193 -1.991816
 106.780005 -1.543186 -2.022226
 106.980005 -1.236899 -1.882781
 107.180005 -1.366118 -2.111128
 107.380005 -1.570060 -2.132556
 107.580005 -1.413226 -1.752982
 107.780005 -1.377601 -2.195448
 107.980005 -1.532333 -2.015082
 108.180005 -1.330556 -1.908698
 108.380005 -1.698804 -1.974112
 108.580005 -1.384890 -2.072943
 108.780005 -1.362183 -1.713297
 108.980005 -1.530934 -2.236313
 109.180005 -1.605869 -1.776498
 109.380005 -1.227508 -1.983615
 109.580005 -1.577484 -2.038360
 109.780005 -1.505074 -1.750519
 109.980005 -1.413000 -2.175163
 110.180005 -1.710332 -2.066953
 110.380005 -1.417918 -1.414250
 110.580005 -1.593147 -2.230921
 110.780005 -1.481793 -1.918517
 110.980005 -1.464416 -1.722861
 111.180005 -1.517944 -2.192831
 111.380005 -1.414398 -1.680157
 111.580005 -1.396836 -2.041541
 111.780005 -1.722535 -2.059434
 111.980005 -1.347791 -1.637859
 112.180005 -1.332884 -2.013831
 112.380005 -1.446101 -1.999924
 112.580005 -1.314331 -1.806481
 112.780005 -1.569240 -2.197311
 112.980005 -1.222756 -1.842282
 113.180005 -1.436261 -1.885018
 113.380005 -1.558232 -2.223291
 113.580005 -1.406644 -1.680513
 113.780005 -1.390258 -2.125207
 113.980005 -1.433507 -1.974088
 114.180005 -1.312332 -1.786266
 114.380005 -1.575768 -2.047779
 114.580005 -1.399324 -2.064758
 114.780005 -1.225038 -1.655085
 114.980005 -1.532989 -2.176926
 115.180005 -1.477915 -1.656314
 115.380005 -1.348228 -2.099269
 115.580005 -1.503925 -2.100465
 115.780005 -1.599594 -1.680584
 115.980006 -1.576497 -2.296820
 116.180006 -1.243245 -1.941746
 116.380006 -1.352706 -1.762332
 116.580006 -1.609874 -2.425744
 116.780006 -1.348509 -1.627667
 116.980006 -1.647729 -1.764752
 117.180006 -1.355038 -2.372309
 117.380006 -1.597252 -1.737702
 117.580006 -1.547238 -1.883118
 117.780006 -1.238289 -2.163847
 117.980006 -1.530713 -1.889675
 118.180006 -1.624432 -1.970135
 118.380006 -1.534376 -2.127561
 118.580006 -1.605154 -1.866497
 118.780006 -1.620207 -2.060691
 118.980006 -1.299598 -2.194262
 119.180006 -1.683791 -1.966067
 119.380006 -1.565756 -1.629441
 119.580006 -1.589458 -2.394258
 119.780006 -1.456964 -1.779533
 119.980006 -1.421059 -1.620635
 120.180006 -1.559976 -2.413384
 120.380006 -1.450826 -1.827141
 120.580006 -1.183568 -1.732713
 120.780006 -1.488291 -2.477120
 120.980006 -1.482580 -1.837579
 121.180006 -1.375943 -1.837780
 121.380006 -1.467547 -2.327534
 121.580006 -1.670539 -1.749917
 121.780006 -1.410646 -2.039847
 121.980006 -1.320255 -2.287516
 122.180006 -1.619702 -1.726940
 122.380006 -1.628042 -2.101819
 122.580006 -1.379124 -2.126276
 122.780006 -1.496300 -1.883333
 122.980006 -1.740160 -2.104772
 123.180006 -1.168472 -1.770340
 123.380006 -1.386994 -2.169792
 123.580006 -1.685861 -2.303115
 123.780006 -1.242471 -1.557451
 123.980006 -1.670590 -2.199969
 124.180006 -1.526493 -2.219743
 124.380006 -1.174026 -1.462098
 124.580006 -1.664157 -2.030194
 124.780006 -1.507866 -2.137696
 124.980006 -1.348862 -1.734733
 125.180006 -1.617841 -2.185659
 125.380006 -1.545105 -2.100430
 125.580006 -1.226816 -1.688528
 125.780006 -1.551101 -1.953314
 125.980006 -1.327273 -2.284656
 126.180006 -1.448214 -1.921541
 126.380006 -1.738214 -1.963719
 126.580006 -1.479464 -2.127046
 126.780006 -1.491822 -2.066905
 126.980006 -1.791733 -1.895488
 127.180006 -1.530963 -2.089249
 127.380006 -1.447616 -1.992851
 127.580006 -1.657598 -2.054363
 127.780006 -1.304594 -2.068968
 127.980006 -1.452357 -2.031291
 128.180006 -1.603854 -2.033607
 128.380006 -1.520268 -2.032699
 128.580006 -1.358242 -2.136179
 128.780006 -1.600142 -1.927518
 128.980006 -1.352198 -2.036440
 129.180006 -1.266572 -2.176459
 129.380006 -1.509697 -2.020735
 129.580006 -1.573968 -1.943528
 129.780006 -1.604197 -2.223235
 129.980006 -1.526459 -1.841175
 130.180006 -1.469928 -2.052204
 130.380006 -1.605186 -1.973221
 130.580006 -1.392893 -2.001554
 130.780006 -1.584677 -1.987942
 130.980006 -1.210711 -2.019278
 131.180006 -1.512337 -1.998453
 131.380006 -1.415354 -2.006505
 131.580006 -1.379337 -1.850485
 131.780006 -1.349921 -1.987727
 131.980006 -1.625888 -2.133053
 132.180006 -1.495524 -1.556266
 132.380006 -1.438921 -2.130975
 132.580006 -1.544698 -1.969036
 132.780006 -1.328917 -1.696684
 132.980006 -1.509298 -2.203550
 133.180006 -1.371636 -2.050656
 133.380006 -1.279938 -1.650011
 133.580006 -1.734198 -2.316744
 133.780006 -1.449547 -1.796079
 133.980006 -1.171751 -1.991665
 134.180006 -1.536712 -2.112615
 134.380006 -1.442840 -1.951558
 134.580006 -1.433073 -1.894675
 134.780006 -1.288852 -2.226979
 134.980006 -1.541302 -1.888111
 135.180006 -1.414953 -1.952131
 135.380006 -1.455659 -1.886543
 135.580006 -1.562721 -1.911169
 135.780006 -1.403292 -2.107949
 135.980006 -1.545778 -1.922583
 136.180006 -1.657815 -1.765469
 136.380006 -1.472976 -2.169148
 136.580006 -1.309717 -2.024239
 136.780006 -1.413164 -1.981123
 136.980007 -1.648352 -2.053007
 137.180007 -1.392579 -1.902240
 137.380007 -1.321113 -2.239455
 137.580007 -1.576674 -1.940358
 137.780007 -1.525764 -1.863385
 137.980007 -1.384101 -2.075170
 138.180007 -1.409751 -2.048409
 138.380007 -1.521093 -1.761273
 138.580007 -1.595134 -2.203954
 138.780007 -1.454826 -1.891162
 138.980007 -1.302353 -1.916616
 139.180007 -1.500195 -2.112994
 139.380007 -1.486729 -1.906035
 139.580007 -1.682681 -1.641903
 139.780007 -1.590826 -2.330791
 139.980007 -1.382352 -1.814123
 140.180007 -1.467625 -1.965584
 140.380007 -1.693070 -2.236651
 140.580007 -1.246204 -1.696875
 140.780007 -1.302940 -1.981649
 140.980007 -1.679585 -2.064898
 141.180007 -1.408860 -1.642199
 141.380007 -1.553743 -2.231212
 141.580007 -1.470559 -1.841045
 141.780007 -1.463911 -1.725214
 141.980007 -1.536275 -2.148217
 142.180007 -1.394263 -1.778633
 142.380007 -1.222905 -2.063675
 142.580007 -1.475436 -2.081078
 142.780007 -1.370342 -1.779238
 142.980007 -1.284969 -2.058894
 143.180007 -1.373210 -2.205436
 143.380007 -1.453518 -1.656258
 143.580007 -1.331196 -2.138980
 143.780007 -1.390534 -2.009279
 143.980007 -1.447471 -1.701481
 144.180007 -1.619217 -2.196184
 144.380007 -1.350456 -1.815653
 144.580007 -1.236791 -1.752697
 144.780007 -1.650744 -2.193647
 144.980007 -1.351967 -1.599884
 145.180007 -1.467175 -2.034621
 145.380007 -1.527487 -2.196427
 145.580007 -1.646652 -1.663690
 145.780007 -1.575610 -2.332438
 145.980007 -1.390536 -1.924037
 146.180007 -1.250143 -1.701053
 146.380007 -1.508336 -2.381971
 146.580007 -1.340754 -1.783351
 146.780007 -1.369288 -1.726814
 146.980007 -1.665270 -2.278844
 147.180007 -1.509440 -1.847809
 147.380007 -1.523669 -1.824263
 147.580007 -1.608473 -2.301888
 147.780007 -1.513597 -1.648135
 147.980007 -1.555383 -2.170753
 148.180007 -1.496791 -2.084264
 148.380007 -1.475002 -1.933359
 148.580007 -1.577589 -2.106888
 148.780007 -1.303239 -2.204073
 148.980007 -1.628682 -1.744320
 149.180007 -1.575159 -2.251718
 149.380007 -1.550787 -1.883928
 149.580007 -1.497418 -2.051074
 149.780007 -1.813681 -1.938137
 149.980007 -1.400965 -2.052847
 150.180007 -1.480583 -1.898400
 150.380007 -1.540983 -2.040939
 150.580007 -1.486485 -2.026362
 150.780007 -1.449382 -2.001906
 150.980007 -1.594428 -1.874215
 151.180007 -1.267747 -2.203108
 151.380007 -1.350465 -1.966779
 151.580007 -1.547656 -1.907748
 151.780007 -1.437028 -2.155901
 151.980007 -1.257042 -1.892118
 152.180007 -1.545312 -2.110308
 152.380007 -1.466494 -2.024653
 152.580007 -1.489968 -2.077262
 152.780007 -1.545789 -1.882650
 152.980007 -1.398246 -2.069799
 153.180007 -1.254217 -2.019372
 153.380007 -1.573095 -2.043908
 153.580007 -1.704209 -1.918259
 153.780007 -1.291523 -2.100498
 153.980007 -1.460810 -1.967080
 154.180007 -1.464922 -2.044109
 154.380007 -1.476978 -1.700837
 154.580007 -1.306397 -2.267990
 154.780007 -1.661873 -1.900844
 154.980007 -1.424139 -1.905458
 155.180007 -1.487731 -2.233751
 155.380007 -1.549792 -1.858496
 155.580007 -1.444143 -1.918237
 155.780007 -1.562179 -2.167443
 155.980007 -1.627615 -1.917558
 156.180007 -1.629267 -1.884308
 156.380007 -1.414336 -2.257946
 156.580007 -1.569958 -1.853288
 156.780007 -1.477956 -1.989789
 156.980007 -1.449660 -2.019703
 157.180007 -1.356412 -2.067733
 157.380007 -1.616435 -1.935558
 157.580007 -1.280365 -2.224121
 157.780007 -1.580199 -1.832838
 157.980008 -1.456634 -2.050151
 158.180008 -1.378461 -2.015989
 158.380008 -1.421605 -2.032743
 158.580008 -1.629754 -1.850191
 158.780008 -1.436835 -2.038834
 158.980008 -1.562503 -1.939579
 159.180008 -1.645375 -1.951487
 159.380008 -1.489959 -1.904966
 159.580008 -1.479931 -1.867388
 159.780008 -1.536442 -1.907327
 159.980008 -1.465432 -2.013643
 160.180008 -1.451733 -1.998311
 160.380008 -1.601229 -2.017695
 160.580008 -1.358866 -2.165623
 160.780008 -1.406691 -1.895610
 160.980008 -1.482480 -2.074825
 161.180008 -1.403970 -1.915707
 161.380008 -1.373917 -2.185704
 161.580008 -1.607127 -2.040711
 161.780008 -1.548948 -1.899237
 161.980008 -1.443417 -2.075669
 162.180008 -1.401300 -2.087860
 162.380008 -1.419482 -1.772670
 162.580008 -1.597332 -2.182944
 162.780008 -1.485145 -1.830849
 162.980008 -1.503645 -2.010484
 163.180008 -1.523685 -2.189973
 163.380008 -1.521478 -1.735137
 163.580008 -1.549881 -1.970186
 163.780008 -1.431802 -1.975798
 163.980008 -1.260756 -1.846889
 164.180008 -1.447733 -2.060111
 164.380008 -1.509765 -2.046968
 164.580008 -1.569033 -1.644632
 164.780008 -1.569712 -2.177464
 164.980008 -1.347321 -1.919828
 165.180008 -1.504038 -1.694637
 165.380008 -1.625579 -1.975090
 165.580008 -1.394613 -1.895229
 165.780008 -1.425017 -2.097505
 165.980008 -1.578717 -1.968446
 166.180008 -1.557081 -1.951248
 166.380008 -1.427340 -1.961254
 166.580008 -1.334155 -1.973201
 166.780008 -1.503043 -1.771050
 166.980008 -1.428765 -2.068564
 167.180008 -1.562156 -1.801256
 167.380008 -1.591898 -2.035080
 167.580008 -1.457453 -2.007533
 167.780008 -1.507495 -1.953876
 167.980008 -1.598279 -1.833961
 168.180008 -1.184884 -2.118902
 168.380008 -1.429803 -1.982915
 168.580008 -1.544191 -2.004485
 168.780008 -1.699105 -1.985986
 168.980008 -1.211817 -2.031939
 169.180008 -1.518683 -2.005006
 169.380008 -1.414885 -1.966319
 169.580008 -1.441978 -1.994699
 169.780008 -1.528972 -2.142005
 169.980008 -1.453815 -1.861634
 170.180008 -1.466668 -2.117247
 170.380008 -1.528729 -2.092319
 170.580008 -1.402167 -1.925917
 170.780008 -1.508579 -2.014414
 170.980008 -1.493914 -2.050999
 171.180008 -1.486459 -1.768125
 171.380008 -1.731300 -1.895516
 171.580008 -1.426912 -2.128511
 171.780008 -1.422843 -1.763013
 171.980008 -1.599103 -2.035474
 172.180008 -1.570504 -1.941654
 172.380008 -1.270101 -1.769719
 172.580008 -1.603852 -2.083161
 172.780008 -1.607974 -1.785387
 172.980008 -1.415878 -1.958472
 173.180008 -1.569768 -2.047647
 173.380008 -1.555262 -1.842431
 173.580008 -1.441462 -2.004334
 173.780008 -1.382589 -1.949299
 173.980008 -1.542522 -2.010040
 174.180008 -1.372006 -1.997978
 174.380008 -1.487214 -2.181848
 174.580008 -1.566719 -1.641884
 174.780008 -1.444737 -2.251155
 174.980008 -1.334705 -2.166218
 175.180008 -1.553323 -1.779872
 175.380008 -1.748797 -2.234986
 175.580008 -1.315562 -1.926368
 175.780008 -1.363002 -1.759446
 175.980008 -1.759383 -2.105916
 176.180008 -1.278110 -1.889047
 176.380008 -1.338538 -1.963424
 176.580008 -1.500762 -2.330998
 176.780008 -1.658105 -1.620134
 176.980008 -1.375965 -2.332049
 177.180008 -1.543058 -1.970500
 177.380008 -1.209652 -1.887256
 177.580008 -1.499940 -2.065898
 177.780008 -1.438700 -2.048000
 177.980008 -1.604362 -1.627391
 178.180008 -1.625939 -2.286645
 178.380008 -1.356336 -1.964133
 178.580008 -1.605635 -1.867378
 178.780008 -1.567218 -2.321409
 178.980009 -1.565256 -1.853656
 179.180009 -1.305558 -2.006953
 179.380009 -1.732198 -2.168661
 179.580009 -1.282652 -2.000006
 179.780009 -1.625032 -1.840205
 179.980009 -1.441442 -2.324049
 180.180009 -1.386640 -1.699453
 180.380009 -1.545173 -2.237768
 180.580009 -1.375317 -2.155057
 180.780009 -1.447403 -1.850119
 180.980009 -1.545634 -2.184709
 181.180009 -1.514205 -1.882790
 181.380009 -1.479439 -2.190616
 181.580009 -1.588865 -2.043977
 181.780009 -1.016376 -1.832612
 181.980009 -1.429889 -2.103678
 182.180009 -1.554326 -2.231765
 182.380009 -1.463434 -1.685557
 182.580009 -1.422095 -2.193331
 182.780009 -1.532113 -2.194202
 182.980009 -1.255600 -1.805548
 183.180009 -1.705320 -2.131163
 183.380009 -1.395859 -2.003424
 183.580009 -1.432150 -1.912039
 183.780009 -1.629229 -2.187143
 183.980009 -1.613369 -1.881232
 184.180009 -1.498229 -1.937671
 184.380009 -1.384918 -2.183044
 184.580009 -1.505633 -1.813842
 184.780009 -1.490708 -2.043245
 184.980009 -1.331647 -2.103277
 185.180009 -1.481546 -1.916818
 185.380009 -1.642367 -1.999493
 185.580009 -1.410587 -2.070524
 185.780009 -1.598798 -1.821875
 185.980009 -1.496341 -2.027064
 186.180009 -1.483650 -1.921615
 186.380009 -1.450722 -2.002554
 186.580009 -1.580102 -1.979681
 186.780009 -1.295581 -1.981738
 186.980009 -1.316893 -1.947435
 187.180009 -1.438391 -2.007625
 187.380009 -1.389734 -1.894222
 187.580009 -1.311877 -2.115750
 187.780009 -1.255497 -2.009526
 187.980009 -1.414080 -1.861516
 188.180009 -1.426057 -2.371143
 188.380009 -1.629880 -1.694480
 188.580009 -1.456598 -1.995265
 188.780009 -1.424066 -2.153292
 188.980009 -1.489148 -1.812133
 189.180009 -1.818031 -1.901271
 189.380009 -1.300914 -2.353286
 189.580009 -1.606212 -1.798257
 189.780009 -1.762383 -2.031811
 189.980009 -1.417152 -2.100683
 190.180009 -1.464786 -2.021448
 190.380009 -1.573809 -2.095014
 190.580009 -1.572142 -1.878149
 190.780009 -1.511679 -2.091470
 190.980009 -1.496359 -2.084293
 191.180009 -1.374451 -1.827161
 191.380009 -1.520016 -2.200493
 191.580009 -1.653942 -1.997453
 191.780009 -1.415926 -1.721025
 191.980009 -1.298933 -2.510918
 192.180009 -1.548108 -1.984009
 192.380009 -1.265994 -1.788776
 192.580009 -1.685464 -2.346775
 192.780009 -1.255614 -2.002695
 192.980009 -1.281743 -1.886808
 193.180009 -1.639079 -2.349748
 193.380009 -1.622971 -1.682915
 193.580009 -1.421597 -2.099608
 193.780009 -1.441084 -2.159644
 193.980009 -1.550637 -1.758579
 194.180009 -1.531021 -2.139128
 194.380009 -1.384279 -2.017106
 194.580009 -1.381896 -2.023210
 194.780009 -1.804549 -2.080898
 194.980009 -1.380599 -1.825911
 195.180009 -1.491324 -2.068895
 195.380009 -1.444115 -2.274536
 195.580009 -1.343991 -1.788551
 195.780009 -1.522634 -2.138099
 195.980009 -1.469731 -2.131976
 196.180009 -1.235275 -1.847793
 196.380009 -1.624345 -2.039058
 196.580009 -1.400199 -2.118935
 196.780009 -1.295307 -1.867614
 196.980009 -1.651256 -2.055175
 197.180009 -1.610630 -2.045554
 197.380009 -1.349876 -2.022942
 197.580009 -1.524909 -2.061098
 197.780009 -1.476991 -1.934726
 197.980009 -1.357684 -2.190672
 198.180009 -1.557452 -1.973730
 198.380009 -1.731404 -1.938925
 198.580009 -1.509244 -2.024221
 198.780009 -1.390283 -2.099497
 198.980009 -1.784034 -1.751649
 199.180009 -1.559324 -2.186072
 199.380009 -1.376861 -2.001316
 199.580009 -1.558904 -1.887901
 199.780009 -1.598633 -2.096260
 199.980009 -1.277643 -1.933036
