#! FIELDS time phi psi
#! SET max_psi pi
 0.180000 0.734626 2.509681
 0.380000 0.607904 2.578414
 0.580000 0.010390 -2.744825
 0.780000 -0.566974 2.236804
 0.980000 -1.021524 2.686307
 1.180000 0.359522 2.434327
 1.380000 0.041142 2.679693
 1.580000 -1.004886 2.613486
 1.780000 -0.357516 2.302268
 1.980000 -0.034358 3.132388
 2.180000 -0.406338 2.050556
 2.380000 -0.632014 2.751017
 2.580000 -0.008077 2.268179
 2.780000 -0.788732 2.475460
 2.980000 -0.170642 2.512916
 3.180000 -0.633133 2.351725
 3.380000 -0.705669 2.804386
 3.580000 -0.222356 2.241672
 3.780000 -0.644834 2.824429
 3.980000 -0.366997 2.216458
 4.180000 -0.916352 2.698582
 4.380000 -0.686068 2.408931
 4.580000 -0.549465 2.455265
 4.780000 -0.543829 2.529688
 4.980000 -0.162637 2.478007
 5.180000 -0.683360 2.555438
 5.380000 -0.380563 2.444057
 5.580000 -0.795202 2.737719
 5.780000 -0.726844 2.266959
 5.980000 -0.663874 3.061809
 6.180000 -0.704398 2.208448
 6.380000 -0.636522 2.916325
 6.580000 -0.548536 2.277770
 6.780000 -0.693121 2.662169
 6.980000 -0.481618 2.611457
 7.180000 -0.507034 2.330539
 7.380000 -0.365384 2.602388
 7.580000 -0.474039 2.274388
 7.780000 -0.694195 2.667446
 7.980000 -0.404345 2.387108
 8.180000 -0.859354 2.792263
 8.380000 -0.351905 2.416027
 8.580000 -0.724630 2.616988
 8.780000 -0.734108 2.702846
 8.980000 -0.461653 2.479489
 9.180000 -0.729029 2.656764
 9.380000 -0.053089 2.100692
 9.580000 -0.603041 2.641295
 9.780000 -0.718861 2.318316
 9.980000 -0.516328 2.593716
 10.180000 -0.754512 2.388933
 10.380000 -0.431935 2.602811
 10.580001 -0.571313 2.659536
 10.780001 -0.704108 2.492894
 10.980001 -0.568996 2.772435
 11.180001 -0.848959 2.460104
 11.380001 -0.645659 2.763653
 11.580001 -0.604227 2.333061
 11.780001 -0.265265 2.499733
 11.980001 -0.462677 2.467294
 12.180001 -0.539055 2.471168
 12.380001 -0.363432 2.525865
 12.580001 -0.608437 2.360198
 12.780001 -0.659320 2.738821
 12.980001 -0.574919 2.277294
 13.180001 -0.560396 2.826536
 13.380001 -0.670850 2.428850
 13.580001 -0.746053 2.718280
 13.780001 -0.640967 2.423491
 13.980001 -0.827084 2.666646
 14.180001 -0.338455 2.344880
 14.380001 -0.616890 2.670186
 14.580001 -0.228235 2.443461
 14.780001 -0.490097 2.465470
 14.980001 -0.654757 2.529281
 15.180001 -0.787472 2.544368
 15.380001 -0.635725 2.545415
 15.580001 -0.572009 2.652836
 15.780001 -0.800897 2.630368
 15.980001 -0.385834 2.584698
 16.180001 -0.809898 2.601285
 16.380001 -0.444118 2.559045
 16.580001 -0.560528 2.518671
 16.780001 -0.776283 2.569526
 16.980001 -0.602339 2.572390
 17.180001 -0.617101 2.439331
 17.380001 -0.339508 2.503296
 17.580001 -0.419448 2.501593
 17.780001 -0.589028 2.549010
 17.980001 -0.517372 2.567676
 18.180001 -0.879485 2.613944
 18.380001 -0.495257 2.553065
 18.580001 -0.869327 2.676163
 18.780001 -0.580455 2.671576
 18.980001 -0.712707 2.585228
 19.180001 -0.563789 2.577183
 19.380001 -0.667772 2.446135
 19.580001 -0.506370 2.530047
 19.780001 -0.502543 2.400151
 19.980001 -0.594440 2.650416
 20.180001 -0.489158 2.419431
 20.380001 -0.604193 2.546112
 20.580001 -0.417402 2.457992
 20.780001 -0.338414 2.329967
 20.980001 -0.641116 2.681169
 21.180001 -0.678849 2.339470
 21.380001 -0.600712 2.695704
 21.580001 -0.580584 2.278778
 21.780001 -0.591317 2.799865
 21.980001 -0.770408 2.436058
 22.180001 -0.682881 2.662591
 22.380001 -0.614825 2.568877
 22.580001 -0.515008 2.522219
 22.780001 -0.608361 2.685633
 22.980001 -0.434482 2.357790
 23.180001 -0.409585 2.574074
 23.380001 -0.539030 2.415719
 23.580001 -0.508908 2.633836
 23.780001 -0.580818 2.397327
 23.980001 -0.742777 2.741772
 24.180001 -0.525494 2.465895
 24.380001 -0.557964 2.614638
 24.580001 -0.599492 2.649675
 24.780001 -0.768011 2.498857
 24.980001 -0.610843 2.656692
 25.180001 -0.721517 2.406385
 25.380001 -0.415374 2.563464
 25.580001 -0.428191 2.408638
 25.780001 -0.505542 2.634813
 25.980001 -0.456626 2.552810
 26.180001 -0.776832 2.630885
 26.380001 -0.788066 2.658706
 26.580001 -0.733176 2.530366
 26.780001 -0.594143 2.695035
 26.980001 -0.316163 2.252575
 27.180001 -0.499163 2.671005
 27.380001 -0.479112 2.366925
 27.580001 -0.318815 2.491241
 27.780001 -0.777124 2.334544
 27.980001 -0.666718 2.577359
 28.180001 -0.714652 2.627223
 28.380001 -0.512134 2.520234
 28.580001 -0.633285 2.716348
 28.780001 -0.657297 2.422861
 28.980001 -0.668933 2.792505
 29.180001 -0.665893 2.441190
 29.380001 -0.695401 2.643314
 29.580001 -0.738359 2.460940
 29.780001 -0.475023 2.633709
 29.980001 -0.307795 2.333230
 30.180001 -0.530221 2.677998
 30.380001 -0.754302 2.493969
 30.580001 -0.741094 2.519369
 30.780001 -0.597432 2.572172
 30.980001 -0.530734 2.440370
 31.180001 -0.556500 2.810750
 31.380001 -0.372398 2.344290
 31.580001 -0.699315 2.784706
 31.780002 -0.856599 2.512522
 31.980002 -0.674804 2.531877
 32.180002 -0.526679 2.345707
 32.380002 -0.443927 2.628483
 32.580002 -0.354397 2.392782
 32.780002 -0.323310 2.669413
 32.980002 -0.657216 2.447167
 33.180002 -0.747434 2.609766
 33.380002 -0.847329 2.495985
 33.580002 -0.586175 2.479025
 33.780002 -0.710279 2.748078
 33.980002 -0.391799 2.533325
 34.180002 -0.687840 2.738733
 34.380002 -0.501640 2.181393
 34.580002 -0.655801 2.634080
 34.780002 -0.636108 2.296831
 34.980002 -0.437573 2.610810
 35.180002 -0.471919 2.423513
 35.380002 -0.507449 2.638746
 35.580002 -0.454271 2.569237
 35.780002 -0.863087 2.437945
 35.980002 -0.565905 2.544144
 36.180002 -0.922281 2.455583
 36.380002 -0.614909 2.741813
 36.580002 -0.642656 2.457445
 36.780002 -0.794242 2.669154
 36.980002 -0.513911 2.458225
 37.180002 -0.661018 2.466004
 37.380002 -0.501026 2.549514
 37.580002 -0.528524 2.415502
 37.780002 -0.515187 2.624481
 37.980002 -0.563955 2.478138
 38.180002 -0.592104 2.607153
 38.380002 -0.608020 2.471337
 38.580002 -0.850477 2.612329
 38.780002 -0.465165 2.447594
 38.980002 -0.458369 2.500630
 39.180002 -0.526182 2.541795
 39.380002 -0.394989 2.575786
 39.580002 -0.711105 2.560081
 39.780002 -0.393916 2.580927
 39.980002 -0.537164 2.628336
 40.180002 -0.525086 2.357697
 40.380002 -0.601265 2.665282
 40.580002 -1.010070 2.433373
 40.780002 -0.634610 2.639601
 40.980002 -0.737229 2.571060
 41.180002 -0.492357 2.616203
 41.380002 -0.362447 2.586466
 41.580002 -0.663815 2.546010
 41.780002 -0.591711 2.664982
 41.980002 -0.728523 2.457063
 42.180002 -0.544856 2.527301
 42.380002 -0.669108 2.417438
 42.580002 -0.471001 2.533571
 42.780002 -0.444265 2.485055
 42.980002 -0.640270 2.618117
 43.180002 -0.367434 2.470144
 43.380002 -0.704124 2.655858
 43.580002 -0.749729 2.645758
 43.780002 -0.713009 2.618317
 43.980002 -0.615667 2.631285
 44.180002 -0.518580 2.472202
 44.380002 -0.880894 2.734426
 44.580002 -0.427343 2.289971
 44.780002 -0.636517 2.765189
 44.980002 -0.478763 2.350812
 45.180002 -0.558381 2.702900
 45.380002 -0.608934 2.138717
 45.580002 -0.643214 2.605645
 45.780002 -0.761406 2.392118
 45.980002 -0.431418 2.483396
 46.180002 -0.506868 2.506478
 46.380002 -0.498549 2.477259
 46.580002 -0.688506 2.833950
 46.780002 -0.620695 2.353737
 46.980002 -0.645945 2.709704
 47.180002 -0.775846 2.414674
 47.380002 -0.533473 2.690260
 47.580002 -0.497549 2.434706
 47.780002 -0.382673 2.661269
 47.980002 -0.338295 2.351213
 48.180002 -0.722346 2.530223
 48.380002 -0.363354 2.371796
 48.580002 -0.908556 2.460503
 48.780002 -0.402916 2.746497
 48.980002 -0.586456 2.493228
 49.180002 -0.652615 2.745588
 49.380002 -0.239952 2.375003
 49.580002 -0.795202 2.778209
 49.780002 -0.560643 2.482426
 49.980002 -0.871440 2.492385
 50.180002 -0.502349 2.423310
 50.380002 -0.640014 2.578295
 50.580002 -0.372388 2.526813
 50.780002 -0.078164 2.412817
 50.980002 -0.705807 2.650939
 51.180002 -0.628573 2.422442
 51.380002 -0.755338 2.698864
 51.580002 -0.931834 2.614287
 51.780002 -0.391227 2.699383
 51.980002 -0.789338 2.569452
 52.180002 -0.552470 2.615357
 52.380002 -0.471514 2.512672
 52.580002 -0.489811 2.337930
 52.780003 -0.392997 2.555850
 52.980003 -0.826031 2.384034
 53.180003 -0.435935 2.752450
 53.380003 -0.635374 2.373407
 53.580003 -0.665330 2.694782
 53.780003 -0.662503 2.491886
 53.980003 -0.841824 2.641725
 54.180003 -0.343242 2.455221
 54.380003 -0.704242 2.570560
 54.580003 -0.505830 2.629947
 54.780003 -0.458259 2.440537
 54.980003 -0.480392 2.533536
 55.180003 -0.157741 2.389308
 55.380003 -0.728973 2.623846
 55.580003 -0.438169 2.471220
 55.780003 -0.798992 2.529605
 55.980003 -0.693408 2.576584
 56.180003 -0.405198 2.464775
 56.380003 -0.729840 2.835389
 56.580003 -0.409860 2.402599
 56.780003 -0.692245 2.788018
 56.980003 -0.657634 2.355759
 57.180003 -0.514353 2.635485
 57.380003 -0.760112 2.432287
 57.580003 -0.317370 2.538478
 57.780003 -0.720208 2.590328
 57.980003 -0.289351 2.357087
 58.180003 -0.297400 2.664078
 58.380003 -0.585383 2.417033
 58.580003 -0.372919 2.582472
 58.780003 -0.672834 2.462784
 58.980003 -0.792625 2.581895
 59.180003 -0.425371 2.501249
 59.380003 -0.639348 2.486762
 59.580003 -0.481865 2.704473
 59.780003 -0.919780 2.548614
 59.980003 -0.465940 2.564090
 60.180003 -0.752950 2.507463
 60.380003 -0.772411 2.635414
 60.580003 -0.396322 2.398268
 60.780003 -0.878773 2.582900
 60.980003 -0.466269 2.475897
 61.180003 -0.633916 2.550297
 61.380003 -0.706736 2.529671
 61.580003 -0.328515 2.482458
 61.780003 -0.567817 2.398411
 61.980003 -0.531981 2.555296
 62.180003 -0.597165 2.595150
 62.380003 -0.799375 2.622015
 62.580003 -0.666722 2.719959
 62.780003 -1.022522 2.586526
 62.980003 -0.289125 2.565574
 63.180003 -0.753117 2.542588
 63.380003 -0.595067 2.662636
 63.580003 -0.614150 2.577765
 63.780003 -0.542579 2.612612
 63.980003 -0.365432 2.462340
 64.180003 -0.662940 2.632381
 64.380003 -0.540568 2.496487
 64.580003 -0.522275 2.513599
 64.780003 -0.639064 2.501112
 64.980003 -0.432578 2.480034
 65.180003 -0.786758 2.553238
 65.380003 -0.416485 2.489881
 65.580003 -0.818864 2.798071
 65.780003 -0.523963 2.464745
 65.980003 -0.672358 2.689025
 66.180003 -0.743292 2.381507
 66.380003 -0.693306 2.888159
 66.580003 -0.540786 2.193259
 66.780003 -0.467648 2.861610
 66.980003 -0.544411 2.269832
 67.180003 -0.568899 2.661294
 67.380003 -0.265270 2.441378
 67.580003 -0.513981 2.575899
 67.780003 -0.482982 2.599890
 67.980003 -0.495322 2.341902
 68.180003 -0.700478 2.735776
 68.380003 -0.516058 2.319289
 68.580003 -0.661789 2.745631
 68.780003 -0.662248 2.442895
 68.980003 -0.385900 2.671054
 69.180003 -0.775479 2.428570
 69.380003 -0.813484 2.873539
 69.580003 -0.802919 2.326842
 69.780003 -0.629468 2.673538
 69.980003 -0.629663 2.445853
 70.180003 -0.571899 2.555677
 70.380003 -0.581135 2.552192
 70.580003 -0.600257 2.477813
 70.780003 -0.576934 2.613111
 70.980003 -0.604557 2.519634
 71.180003 -0.569452 2.594233
 71.380003 -0.432064 2.388861
 71.580003 -0.609190 2.727213
 71.780003 -0.517617 2.366562
 71.980003 -0.445615 2.471085
 72.180003 -0.629006 2.397707
 72.380003 -0.683274 2.546815
 72.580003 -0.775466 2.594807
 72.780003 -0.663999 2.624115
 72.980003 -0.612363 2.571626
 73.180003 -0.985155 2.648723
 73.380003 -0.686561 2.662048
 73.580003 -0.578481 2.416012
 73.780004 -0.680627 2.681263
 73.980004 -0.609449 2.565338
 74.180004 -0.513434 2.589581
 74.380004 -0.672507 2.534851
 74.580004 -0.455530 2.552552
 74.780004 -0.584311 2.369918
 74.980004 -0.616219 2.690408
 75.180004 -0.634020 2.482194
 75.380004 -0.438122 2.555395
 75.580004 -0.572415 2.586040
 75.780004 -0.584302 2.478802
 75.980004 -0.531055 2.615325
 76.180004 -0.884337 2.650610
 76.380004 -0.649864 2.568626
 76.580004 -0.568652 2.593734
 76.780004 -0.698602 2.644947
 76.980004 -0.366036 2.543881
 77.180004 -0.562246 2.479254
 77.380004 -0.377169 2.495361
 77.580004 -0.651841 2.588483
 77.780004 -0.551297 2.643146
 77.980004 -0.555764 2.469156
 78.180004 -0.615298 2.524535
 78.380004 -0.592543 2.581605
 78.580004 -0.518054 2.485344
 78.780004 -0.452899 2.488043
 78.980004 -0.635478 2.620461
 79.180004 -0.659096 2.494404
 79.380004 -0.815819 2.709454
 79.580004 -0.784933 2.434368
 79.780004 -0.358113 2.592619
 79.980004 -0.605399 2.504162
 80.180004 -0.587166 2.732920
 80.380004 -0.749557 2.360761
 80.580004 -0.722737 2.602720
 80.780004 -0.586842 2.413303
 80.980004 -0.536041 2.595080
 81.180004 -0.618913 2.587737
 81.380004 -0.603709 2.474184
 81.580004 -0.733858 2.624963
 81.780004 -0.738899 2.491201
 81.980004 -0.519115 2.557484
 82.180004 -0.614564 2.434238
 82.380004 -0.691440 2.831578
 82.580004 -0.584790 2.470058
 82.780004 -0.466591 2.565758
 82.980004 -0.508680 2.505182
 83.180004 -0.620052 2.621927
 83.380004 -0.683655 2.559976
 83.580004 -0.187998 2.284802
 83.780004 -0.500138 2.628690
 83.980004 -0.467410 2.462882
 84.180004 -0.487499 2.590312
 84.380004 -0.695937 2.433430
 84.580004 -0.717800 2.587468
 84.780004 -0.816062 2.603986
 84.980004 -0.654331 2.552783
 85.180004 -0.652111 2.601697
 85.380004 -0.574429 2.522411
 85.580004 -0.554508 2.688858
 85.780004 -0.659545 2.367151
 85.980004 -0.424620 2.568591
 86.180004 -0.989673 2.546886
 86.380004 -0.337898 2.506883
 86.580004 -0.705695 2.499673
 86.780004 -0.631494 2.508467
 86.980004 -0.601002 2.618997
 87.180004 -0.460953 2.314776
 87.380004 -0.506381 2.570217
 87.580004 -0.793232 2.597615
 87.780004 -0.704571 2.514733
 87.980004 -0.753609 2.640214
 88.180004 -0.606769 2.490787
 88.380004 -0.515354 2.686999
 88.580004 -0.659169 2.494279
 88.780004 -0.594949 2.646261
 88.980004 -0.516631 2.437794
 89.180004 -0.550182 2.530178
 89.380004 -0.420019 2.506823
 89.580004 -0.669308 2.530376
 89.780004 -0.608922 2.451029
 89.980004 -0.843922 2.601161
 90.180004 -0.519824 2.529408
 90.380004 -0.622031 2.631755
 90.580004 -0.481734 2.649122
 90.780004 -0.564759 2.647090
 90.980004 -0.757459 2.550566
 91.180004 -0.704217 2.614176
 91.380004 -0.792480 2.544723
 91.580004 -0.578713 2.493321
 91.780004 -0.442130 2.447380
 91.980004 -0.396830 2.446374
 92.180004 -0.294306 2.552879
 92.380004 -0.501035 2.413557
 92.580004 -0.638504 2.597833
 92.780004 -0.891093 2.497264
 92.980004 -0.749930 2.655940
 93.180004 -0.795751 2.650858
 93.380004 -0.427609 2.690647
 93.580004 -0.439388 2.462525
 93.780004 -0.616224 2.585545
 93.980004 -0.658633 2.424104
 94.180004 -0.608824 2.476039
 94.380004 -0.478989 2.408011
 94.580004 -0.434255 2.573805
 94.780005 -0.406617 2.465624
 94.980005 -0.655084 2.733594
 95.180005 -0.729186 2.535852
 95.380005 -0.658528 2.516222
 95.580005 -0.733630 2.513745
 95.780005 -0.505671 2.525676
 95.980005 -0.529620 2.558925
 96.180005 -0.423828 2.564455
 96.380005 -0.497948 2.590827
 96.580005 -0.479162 2.433675
 96.780005 -0.700104 2.429880
 96.980005 -0.523039 2.384339
 97.180005 -0.700278 2.439870
 97.380005 -0.426749 2.633185
 97.580005 -0.560734 2.520029
 97.780005 -0.591509 2.716462
 97.980005 -0.724038 2.571565
 98.180005 -0.761884 2.711005
 98.380005 -0.741458 2.523188
 98.580005 -0.679363 2.594411
 98.780005 -0.703343 2.606189
 98.980005 -0.531032 2.474730
 99.180005 -0.467230 2.442089
 99.380005 -0.545957 2.396813
 99.580005 -0.590058 2.630940
 99.780005 -0.604783 2.468042
 99.980005 -0.725773 2.637114
 100.180005 -0.668561 2.550860
 100.380005 -0.730668 2.569385
 100.580005 -0.462618 2.494153
 100.780005 -0.566610 2.501972
 100.980005 -0.434220 2.616685
 101.180005 -0.475843 2.547145
 101.380005 -0.537343 2.649600
 101.580005 -0.681529 2.473889
 101.780005 -0.621499 2.494418
 101.980005 -0.545053 2.421921
 102.180005 -0.717377 2.569360
 102.380005 -0.508206 2.482202
 102.580005 -0.392238 2.530850
 102.780005 -0.485560 2.584080
 102.980005 -0.606619 2.628513
 103.180005 -0.784702 2.571341
 103.380005 -0.653538 2.554961
 103.580005 -0.726960 2.491185
 103.780005 -0.346672 2.562531
 103.980005 -0.694615 2.595922
 104.180005 -0.548649 2.685125
 104.380005 -0.230759 2.339176
 104.580005 -0.628878 2.713770
 104.780005 -0.475724 2.333185
 104.980005 -0.796759 2.525825
 105.180005 -0.738400 2.422181
 105.380005 -0.504545 2.585413
 105.580005 -0.436464 2.442319
 105.780005 -0.452633 2.680971
 105.980005 -0.592761 2.579492
 106.180005 -0.815180 2.422871
 106.380005 -0.746193 2.717542
 106.580005 -0.695178 2.467278
 106.780005 -0.588414 2.701146
 106.980005 -0.408543 2.396769
 107.180005 -0.524347 2.755307
 107.380005 -0.665744 2.287883
 107.580005 -0.643866 2.588722
 107.780005 -0.506824 2.263671
 107.980005 -0.681106 2.660918
 108.180005 -0.622435 2.570639
 108.380005 -0.373178 2.506452
 108.580005 -0.444960 2.458776
 108.780005 -0.712508 2.524475
 108.980005 -0.768147 2.606920
 109.180005 -0.606703 2.229202
 109.380005 -0.463276 2.679667
 109.580005 -0.567527 2.396002
 109.780005 -0.500734 2.792861
 109.980005 -0.551521 2.331430
 110.180005 -0.812339 2.781617
 110.380005 -0.785635 2.638273
 110.580005 -0.620428 2.482617
 110.780005 -0.556810 2.700959
 110.980005 -0.506973 2.432936
 111.180005 -0.567780 2.769432
 111.380005 -0.320031 2.237525
 111.580005 -0.633112 2.843825
 111.780005 -0.613386 2.293129
 111.980005 -0.412590 2.618239
 112.180005 -0.692059 2.346315
 112.380005 -0.575629 2.617557
 112.580005 -0.697999 2.594008
 112.780005 -0.471797 2.481773
 112.980005 -0.480171 2.603349
 113.180005 -0.687129 2.483226
 113.380005 -0.672194 2.744273
 113.580005 -0.671205 2.387027
 113.780005 -0.684700 2.630711
 113.980005 -0.674966 2.483761
 114.180005 -0.631970 2.669764
 114.380005 -0.385606 2.445788
 114.580005 -0.660841 2.515344
 114.780005 -0.575597 2.622905
 114.980005 -0.641749 2.372007
 115.180005 -0.543708 2.645458
 115.380005 -0.564629 2.310954
 115.580005 -0.599256 2.721442
 115.780005 -0.512570 2.293262
 115.980006 -0.571528 2.775187
 116.180006 -0.688277 2.405253
 116.380006 -0.667100 2.648175
 116.580006 -0.725378 2.608960
 116.780006 -0.634377 2.634543
 116.980006 -0.597424 2.742135
 117.180006 -0.472806 2.358904
 117.380006 -0.638695 2.701246
 117.580006 -0.594399 2.312224
 117.780006 -0.581291 2.721108
 117.980006 -0.577442 2.381788
 118.180006 -0.554030 2.711945
 118.380006 -0.601285 2.450378
 118.580006 -0.487613 2.508239
 118.780006 -0.629101 2.648430
 118.980006 -0.652869 2.444777
 119.180006 -0.813847 2.607713
 119.380006 -0.768917 2.244673
 119.580006 -0.574082 2.721951
 119.780006 -0.427397 2.365472
 119.980006 -0.560407 2.668693
 120.180006 -0.431808 2.584825
 120.380006 -0.838552 2.655942
 120.580006 -0.461609 2.518406
 120.780006 -0.670152 2.259907
 120.980006 -0.672158 2.759330
 121.180006 -0.779575 2.399386
 121.380006 -0.391523 2.756538
 121.580006 -0.490080 2.300463
 121.780006 -0.670916 2.808652
 121.980006 -0.685188 2.362754
 122.180006 -0.625053 2.534012
 122.380006 -0.454570 2.481897
 122.580006 -0.516952 2.528794
 122.780006 -0.492320 2.638437
 122.980006 -0.686894 2.525933
 123.180006 -0.699011 2.727491
 123.380006 -0.737015 2.482549
 123.580006 -0.701492 2.670365
 123.780006 -0.565428 2.360350
 123.980006 -0.727099 2.681390
 124.180006 -0.410084 2.519533
 124.380006 -0.428980 2.539109
 124.580006 -0.471752 2.492998
 124.780006 -0.456866 2.361065
 124.980006 -0.563191 2.626633
 125.180006 -0.635148 2.369518
 125.380006 -0.671795 2.785401
 125.580006 -0.623639 2.359712
 125.780006 -0.661480 2.784401
 125.980006 -0.551527 2.268724
 126.180006 -0.595735 2.682975
 126.380006 -0.744299 2.467978
 126.580006 -0.420926 2.500995
 126.780006 -0.626808 2.538116
 126.980006 -0.473216 2.444818
 127.180006 -0.592727 2.635300
 127.380006 -0.495867 2.361792
 127.580006 -0.545030 2.637216
 127.780006 -0.748945 2.336819
 127.980006 -0.639060 2.729163
 128.180006 -0.860032 2.386190
 128.380006 -0.539168 2.689181
 128.580006 -0.911787 2.691362
 128.780006 -0.728552 2.536262
 128.980006 -0.504952 2.584725
 129.180006 -0.767166 2.460705
 129.380006 -0.563037 2.657532
 129.580006 -0.545891 2.282313
 129.780006 -0.597043 2.721412
 129.980006 -0.506477 2.380986
 130.180006 -0.610234 2.642386
 130.380006 -0.517467 2.407833
 130.580006 -0.643697 2.578918
 130.780006 -0.660193 2.623555
 130.980006 -0.797026 2.611823
 131.180006 -0.498816 2.602814
 131.380006 -0.625593 2.586950
 131.580006 -0.610629 2.646529
 131.780006 -0.511671 2.465586
 131.980006 -0.629234 2.603007
 132.180006 -0.626315 2.314129
 132.380006 -0.582159 2.740553
 132.580006 -0.636049 2.313372
 132.780006 -0.511045 2.892061
 132.980006 -0.691046 2.341982
 133.180006 -0.628688 2.861290
 133.380006 -0.741536 2.469461
 133.580006 -0.685883 2.741621
 133.780006 -0.754053 2.644591
 133.980006 -0.486610 2.448993
 134.180006 -0.401579 2.675201
 134.380006 -0.564897 2.400423
 134.580006 -0.542489 2.532308
 134.780006 -0.523114 2.362550
 134.980006 -0.767702 2.580671
 135.180006 -0.447782 2.455388
 135.380006 -0.664203 2.451179
 135.580006 -0.329290 2.628737
 135.780006 -0.740014 2.483373
 135.980006 -0.491781 2.655613
 136.180006 -0.571911 2.418505
 136.380006 -0.802527 2.685497
 136.580006 -0.640204 2.554189
 136.780006 -0.853267 2.725089
 136.980007 -0.609403 2.464860
 137.180007 -0.680069 2.592389
 137.380007 -0.593156 2.573561
 137.580007 -0.395681 2.524645
 137.780007 -0.467318 2.513162
 137.980007 -0.434255 2.456418
 138.180007 -0.736024 2.667282
 138.380007 -0.527857 2.243785
 138.580007 -0.820975 2.656411
 138.780007 -0.653196 2.482787
 138.980007 -0.506260 2.725651
 139.180007 -0.456874 2.376883
 139.380007 -0.532887 2.645697
 139.580007 -0.761071 2.482936
 139.780007 -0.662404 2.522643
 139.980007 -0.702699 2.543492
 140.180007 -0.562871 2.512397
 140.380007 -0.502843 2.759840
 140.580007 -0.722524 2.489339
 140.780007 -0.329399 2.645419
 140.980007 -0.893840 2.425220
 141.180007 -0.658685 2.706579
 141.380007 -0.606020 2.397405
 141.580007 -0.770338 2.660394
 141.780007 -0.607077 2.566164
 141.980007 -0.569423 2.484566
 142.180007 -0.447952 2.461190
 142.380007 -0.621195 2.596673
 142.580007 -0.652668 2.487983
 142.780007 -0.509834 2.518020
 142.980007 -0.666376 2.501084
 143.180007 -0.405724 2.529126
 143.380007 -0.690677 2.581450
 143.580007 -0.623954 2.495149
 143.780007 -0.695332 2.683672
 143.980007 -0.581064 2.468919
 144.180007 -0.697322 2.743910
 144.380007 -0.608992 2.600359
 144.580007 -0.470360 2.604590
 144.780007 -0.556239 2.535141
 144.980007 -0.849650 2.765244
 145.180007 -0.627101 2.530716
 145.380007 -0.592058 2.490955
 145.580007 -0.549887 2.538580
 145.780007 -0.726558 2.621101
 145.980007 -0.414227 2.501095
 146.180007 -0.531389 2.553039
 146.380007 -0.463677 2.662586
 146.580007 -0.494032 2.428156
 146.780007 -0.657736 2.579116
 146.980007 -0.833874 2.520992
 147.180007 -0.696264 2.604582
 147.380007 -0.604256 2.425705
 147.580007 -0.601366 2.652636
 147.780007 -0.466639 2.621425
 147.980007 -0.424795 2.474076
 148.180007 -0.577555 2.528632
 148.380007 -0.838173 2.530368
 148.580007 -0.788427 2.512602
 148.780007 -0.726235 2.486276
 148.980007 -0.451825 2.496540
 149.180007 -0.448252 2.546717
 149.380007 -0.386540 2.600534
 149.580007 -0.432796 2.513283
 149.780007 -0.603299 2.560661
 149.980007 -0.649073 2.454984
 150.180007 -0.777659 2.423603
 150.380007 -0.768339 2.781367
 150.580007 -0.705956 2.577858
 150.780007 -0.532119 2.805923
 150.980007 -0.622572 2.460128
 151.180007 -0.610567 2.622860
 151.380007 -0.607681 2.387062
 151.580007 -0.458360 2.579164
 151.780007 -0.497213 2.457666
 151.980007 -0.476990 2.558267
 152.180007 -0.445941 2.540298
 152.380007 -0.420709 2.401884
 152.580007 -0.596271 2.678920
 152.780007 -0.658716 2.470642
 152.980007 -0.530798 2.545032
 153.180007 -0.569845 2.377639
 153.380007 -0.829053 2.752939
 153.580007 -0.596453 2.495273
 153.780007 -0.667886 2.688825
 153.980007 -0.549402 2.545515
 154.180007 -0.610737 2.622341
 154.380007 -0.676753 2.615781
 154.580007 -0.399461 2.448200
 154.780007 -0.629205 2.552595
 154.980007 -0.747635 2.499790
 155.180007 -0.672899 2.563552
 155.380007 -0.434820 2.413305
 155.580007 -0.699585 2.738495
 155.780007 -0.526198 2.392885
 155.980007 -0.494749 2.607119
 156.180007 -0.640405 2.472943
 156.380007 -0.621011 2.645420
 156.580007 -0.654273 2.448347
 156.780007 -0.759136 2.557064
 156.980007 -0.514652 2.586958
 157.180007 -0.578945 2.431808
 157.380007 -0.550269 2.719696
 157.580007 -0.559420 2.393518
 157.780007 -0.462812 2.510485
 157.980008 -0.739389 2.522180
 158.180008 -0.511588 2.490646
 158.380008 -0.783776 2.543315
 158.580008 -0.646857 2.551823
 158.780008 -0.548954 2.732242
 158.980008 -0.692910 2.428368
 159.180008 -0.672093 2.692712
 159.380008 -0.697558 2.417267
 159.580008 -0.742000 2.746902
 159.780008 -0.490267 2.463021
 159.980008 -0.552010 2.574023
 160.180008 -0.602397 2.514683
 160.380008 -0.575350 2.497551
 160.580008 -0.594825 2.574828
 160.780008 -0.485814 2.473096
 160.980008 -0.575334 2.553472
 161.180008 -0.500220 2.416149
 161.380008 -0.776361 2.753400
 161.580008 -0.439723 2.452050
 161.780008 -0.742242 2.715689
 161.980008 -0.696571 2.495476
 162.180008 -0.636303 2.709470
 162.380008 -0.714246 2.369824
 162.580008 -0.479917 2.717855
 162.780008 -0.556315 2.400649
 162.980008 -0.579229 2.610165
 163.180008 -0.675062 2.547922
 163.380008 -0.564828 2.486492
 163.580008 -0.502778 2.555246
 163.780008 -0.449970 2.394917
 163.980008 -0.460376 2.617872
 164.180008 -0.630810 2.450923
 164.380008 -0.589253 2.491077
 164.580008 -0.527292 2.424569
 164.780008 -0.799798 2.630682
 164.980008 -0.406825 2.635663
 165.180008 -0.820966 2.567226
 165.380008 -0.741635 2.791875
 165.580008 -0.566424 2.411267
 165.780008 -0.634454 2.596828
 165.980008 -0.755917 2.530593
 166.180008 -0.509006 2.477199
 166.380008 -0.536905 2.507674
 166.580008 -0.542121 2.471748
 166.780008 -0.505405 2.437923
 166.980008 -0.566940 2.530583
 167.180008 -0.893045 2.552425
 167.380008 -0.482531 2.457169
 167.580008 -0.982810 2.624266
 167.780008 -0.384820 2.628932
 167.980008 -0.683124 2.498938
 168.180008 -0.433280 2.580982
 168.380008 -0.704692 2.489974
 168.580008 -0.611831 2.735111
 168.780008 -0.579180 2.454585
 168.980008 -0.547101 2.567834
 169.180008 -0.493376 2.497339
 169.380008 -0.653895 2.523626
 169.580008 -0.306424 2.434107
 169.780008 -0.547167 2.475239
 169.980008 -0.536983 2.710011
 170.180008 -0.588611 2.512068
 170.380008 -0.644901 2.635100
 170.580008 -0.637878 2.600198
 170.780008 -0.725865 2.640130
 170.980008 -0.402031 2.512427
 171.180008 -0.680563 2.667067
 171.380008 -0.680760 2.630190
 171.580008 -0.156051 2.393375
 171.780008 -0.693728 2.513821
 171.980008 -0.501948 2.360538
 172.180008 -0.711540 2.632446
 172.380008 -0.662514 2.445158
 172.580008 -0.553674 2.777453
 172.780008 -0.661819 2.384430
 172.980008 -0.542606 2.958013
 173.180008 -0.795607 2.363066
 173.380008 -0.537263 2.622256
 173.580008 -0.722255 2.446730
 173.780008 -0.813212 2.618094
 173.980008 -0.437341 2.470158
 174.180008 -0.499825 2.468656
 174.380008 -0.390566 2.586206
 174.580008 -0.639709 2.483393
 174.780008 -0.567223 2.645658
 174.980008 -0.552962 2.344538
 175.180008 -0.825050 2.714780
 175.380008 -0.596560 2.547934
 175.580008 -0.735284 2.675577
 175.780008 -0.460425 2.534039
 175.980008 -0.626834 2.576588
 176.180008 -0.352221 2.429467
 176.380008 -0.430401 2.400177
 176.580008 -0.757449 2.616482
 176.780008 -0.373448 2.484755
 176.980008 -0.663951 2.575305
 177.180008 -0.515894 2.564320
 177.380008 -0.709016 2.483472
 177.580008 -0.685402 2.646682
 177.780008 -0.522129 2.529613
 177.980008 -0.604735 2.647310
 178.180008 -0.523979 2.549609
 178.380008 -0.591606 2.536080
 178.580008 -0.503444 2.435420
 178.780008 -0.733940 2.507503
 178.980009 -0.661960 2.551132
 179.180009 -0.337130 2.378697
 179.380009 -0.567717 2.547465
 179.580009 -0.464732 2.565193
 179.780009 -0.701773 2.553951
 179.980009 -0.743867 2.731210
 180.180009 -0.605311 2.482176
 180.380009 -0.776652 2.846670
 180.580009 -0.539001 2.360189
 180.780009 -0.795687 2.861851
 180.980009 -0.387756 2.253157
 181.180009 -0.542029 2.652390
 181.380009 -0.644428 2.426098
 181.580009 -0.277064 2.418769
 181.780009 -0.801400 2.569211
 181.980009 -0.516392 2.577901
 182.180009 -0.305122 2.607705
 182.380009 -0.683416 2.424656
 182.580009 -0.753549 2.741261
 182.780009 -0.740255 2.298333
 182.980009 -0.541285 2.788571
 183.180009 -0.668725 2.480283
 183.380009 -0.491410 2.652782
 183.580009 -0.417034 2.554481
 183.780009 -0.851681 2.474929
 183.980009 -0.206329 2.497595
 184.180009 -0.853103 2.292538
 184.380009 -0.334685 2.712887
 184.580009 -0.506136 2.261884
 184.780009 -0.650969 2.819528
 184.980009 -0.362113 2.393456
 185.180009 -0.795837 2.690957
 185.380009 -0.759026 2.546709
 185.580009 -0.740965 2.541080
 185.780009 -0.536900 2.613436
 185.980009 -0.451311 2.471803
 186.180009 -0.638165 2.702534
 186.380009 -0.432008 2.406841
 186.580009 -0.645606 2.517629
 186.780009 -0.707417 2.379299
 186.980009 -0.487224 2.501282
 187.180009 -0.678612 2.504854
 187.380009 -0.479987 2.519384
 187.580009 -0.695170 2.618477
 187.780009 -0.498713 2.612204
 187.980009 -0.534981 2.575516
 188.180009 -0.602561 2.385923
 188.380009 -0.843523 2.756751
 188.580009 -0.925864 2.423525
 188.780009 -0.399764 2.558565
 188.980009 -0.630255 2.411085
 189.180009 -0.458681 2.644106
 189.380009 -0.235771 2.433824
 189.580009 -0.826761 2.629827
 189.780009 -0.546296 2.458403
 189.980009 -0.877499 2.537560
 190.180009 -0.575041 2.584674
 190.380009 -0.663738 2.625191
 190.580009 -0.361652 2.491764
 190.780009 -0.642626 2.734321
 190.980009 -0.567160 2.588267
 191.180009 -0.421006 2.463427
 191.380009 -0.821438 2.572908
 191.580009 -0.591678 2.495317
 191.780009 -0.677567 2.710173
 191.980009 -0.689194 2.486267
 192.180009 -0.271697 2.574379
 192.380009 -0.711288 2.539011
 192.580009 -0.607591 2.508158
 192.780009 -0.579871 2.434246
 192.980009 -0.702178 2.522308
 193.180009 -0.443922 2.562142
 193.380009 -0.867511 2.595580
 193.580009 -0.532198 2.662168
 193.780009 -0.590856 2.423720
 193.980009 -0.584136 2.580371
 194.180009 -0.435413 2.345686
 194.380009 -0.813226 2.661923
 194.580009 -0.629575 2.512383
 194.780009 -0.739185 2.709051
 194.980009 -0.751635 2.595488
 195.180009 -0.643559 2.550906
 195.380009 -0.578926 2.537250
 195.580009 -0.505529 2.531123
 195.780009 -0.590337 2.675241
 195.980009 -0.272572 2.351834
 196.180009 -0.809733 2.689628
 196.380009 -0.584010 2.303078
 196.580009 -0.597921 2.745000
 196.780009 -0.493213 2.268310
 196.980009 -0.394498 2.659761
 197.180009 -0.739269 2.575812
 197.380009 -0.466539 2.618318
 197.580009 -0.722329 2.585507
 197.780009 -0.601240 2.453679
 197.980009 -0.683972 2.637438
 198.180009 -0.757112 2.533734
 198.380009 -0.334689 2.558150
 198.580009 -0.617438 2.491011
 198.780009 -0.481312 2.498436
 198.980009 -0.688879 2.488989
 199.180009 -0.621644 2.516067
 199.380009 -0.538541 2.478511
 199.580009 -0.674915 2.587004
 199.780009 -0.374150 2.531089
 199.980009 -0.541988 2.578215
