#! FIELDS time phi psi
#! SET max_psi pi
 0.180000 -1.723469 -1.071357
 0.380000 -2.122519 -1.175355
 0.580000 -1.274778 -0.768907
 0.780000 -1.773635 -0.827576
 0.980000 -1.802167 -1.382753
 1.180000 -1.429787 -0.616079
 1.380000 -1.726902 -1.053065
 1.580000 -2.164075 -1.177668
 1.780000 -1.470801 -0.853239
 1.980000 -1.846410 -0.932173
 2.180000 -1.942790 -1.338943
 2.380000 -1.577986 -0.484689
 2.580000 -1.654062 -1.194908
 2.780000 -1.898118 -1.193372
 2.980000 -1.668218 -0.725452
 3.180000 -1.738168 -0.996879
 3.380000 -2.253465 -1.464416
 3.580000 -1.473792 -0.757951
 3.780000 -1.476320 -0.956758
 3.980000 -2.202465 -1.152470
 4.180000 -1.559749 -0.933284
 4.380000 -1.728839 -0.937233
 4.580000 -2.075181 -1.238745
 4.780000 -1.259437 -0.872375
 4.980000 -1.546088 -0.848381
 5.180000 -2.005657 -1.297621
 5.380000 -1.542843 -0.955760
 5.580000 -1.659795 -0.836205
 5.780000 -1.612017 -1.026589
 5.980000 -1.623419 -1.001507
 6.180000 -1.764759 -0.491776
 6.380000 -1.426045 -1.529447
 6.580000 -1.835128 -0.659873
 6.780000 -1.578167 -0.945335
 6.980000 -1.716956 -1.020287
 7.180000 -1.798320 -1.039849
 7.380000 -1.663192 -0.860491
 7.580000 -1.607614 -1.255399
 7.780000 -1.893154 -0.862932
 7.980000 -1.662910 -1.081076
 8.180000 -1.703507 -0.879778
 8.380000 -1.642270 -0.952780
 8.580000 -1.506947 -1.121560
 8.780000 -1.849484 -0.882791
 8.980000 -1.654827 -1.008085
 9.180000 -1.586781 -1.090625
 9.380000 -1.589623 -0.795370
 9.580000 -1.405709 -0.919493
 9.780000 -1.528940 -1.144714
 9.980000 -1.626260 -0.785187
 10.180000 -1.747069 -1.090842
 10.380000 -1.683427 -1.096173
 10.580001 -1.845104 -0.684998
 10.780001 -1.517486 -1.263246
 10.980001 -1.891211 -1.047277
 11.180001 -1.757556 -0.768791
 11.380001 -1.491375 -1.120179
 11.580001 -1.993039 -1.000011
 11.780001 -1.661985 -1.005206
 11.980001 -1.544372 -0.821146
 12.180001 -2.060748 -1.138178
 12.380001 -1.731437 -1.081369
 12.580001 -1.614403 -0.851664
 12.780001 -1.892406 -1.052636
 12.980001 -1.662195 -1.020578
 13.180001 -1.802998 -0.691869
 13.380001 -1.882126 -1.364150
 13.580001 -1.732275 -1.154983
 13.780001 -1.723167 -0.765027
 13.980001 -1.821565 -1.001735
 14.180001 -1.668100 -1.127252
 14.380001 -1.760202 -0.634312
 14.580001 -1.534497 -1.323495
 14.780001 -1.918394 -0.928408
 14.980001 -1.796190 -0.978991
 15.180001 -1.564254 -0.993051
 15.380001 -1.902899 -1.025524
 15.580001 -1.613140 -0.970701
 15.780001 -1.483145 -1.045694
 15.980001 -1.947614 -0.859151
 16.180001 -1.521625 -1.111680
 16.380001 -1.576468 -0.778399
 16.580001 -1.833181 -1.011145
 16.780001 -1.541640 -1.009834
 16.980001 -1.639023 -0.788358
 17.180001 -1.637317 -1.174760
 17.380001 -1.589942 -0.948718
 17.580001 -1.531908 -0.900157
 17.780001 -1.598464 -1.027273
 17.980001 -1.871513 -1.026176
 18.180001 -1.515305 -0.759418
 18.380001 -1.640864 -1.209340
 18.580001 -1.892423 -0.916842
 18.780001 -1.651977 -0.905217
 18.980001 -1.655379 -1.053137
 19.180001 -1.806877 -1.032029
 19.380001 -1.714316 -0.734814
 19.580001 -1.571185 -1.380942
 19.780001 -1.911353 -0.702072
 19.980001 -1.627826 -0.974702
 20.180001 -1.743542 -0.921741
 20.380001 -1.799131 -1.121804
 20.580001 -1.795118 -0.924357
 20.780001 -1.613821 -1.168750
 20.980001 -1.809224 -0.894933
 21.180001 -1.672296 -1.153392
 21.380001 -1.694748 -0.860378
 21.580001 -1.587509 -1.045077
 21.780001 -1.723492 -0.870629
 21.980001 -1.682546 -1.102076
 22.180001 -1.668398 -0.933039
 22.380001 -1.683195 -1.046555
 22.580001 -1.741748 -0.990821
 22.780001 -1.540170 -0.937811
 22.980001 -1.751285 -0.959555
 23.180001 -1.701364 -1.050044
 23.380001 -1.629444 -0.875947
 23.580001 -1.621994 -1.065050
 23.780001 -1.819132 -0.948684
 23.980001 -1.500425 -1.011312
 24.180001 -1.858367 -0.963380
 24.380001 -1.966631 -1.065057
 24.580001 -1.565991 -1.090404
 24.780001 -1.836518 -0.798104
 24.980001 -1.921004 -1.133511
 25.180001 -1.791828 -0.907314
 25.380001 -1.794681 -1.121821
 25.580001 -1.927158 -1.159415
 25.780001 -1.697259 -1.023422
 25.980001 -1.804359 -0.975205
 26.180001 -1.962062 -1.025622
 26.380001 -1.588352 -0.863955
 26.580001 -1.797420 -0.940327
 26.780001 -1.969010 -1.292260
 26.980001 -1.744205 -1.060153
 27.180001 -1.835472 -0.880374
 27.380001 -1.840973 -1.155860
 27.580001 -1.609996 -0.848762
 27.780001 -1.752609 -0.816931
 27.980001 -1.796805 -1.242666
 28.180001 -1.722105 -0.848779
 28.380001 -1.654536 -1.046629
 28.580001 -1.725856 -1.115758
 28.780001 -1.861621 -0.827988
 28.980001 -1.665063 -1.056296
 29.180001 -1.946501 -1.156457
 29.380001 -1.790673 -1.002257
 29.580001 -1.429367 -0.933761
 29.780001 -1.891000 -1.089856
 29.980001 -1.656643 -1.026880
 30.180001 -1.587152 -0.645926
 30.380001 -2.001113 -1.056739
 30.580001 -1.589282 -1.234199
 30.780001 -1.498755 -0.588322
 30.980001 -1.813552 -1.114300
 31.180001 -1.542388 -1.076235
 31.380001 -1.506396 -0.682570
 31.580001 -1.947706 -1.085966
 31.780002 -1.673356 -1.097655
 31.980002 -1.642616 -0.692629
 32.180002 -1.742110 -1.322312
 32.380002 -1.935386 -1.071486
 32.580002 -1.551751 -0.674509
 32.780002 -1.799379 -1.102216
 32.980002 -2.084377 -1.158253
 33.180002 -1.590105 -0.652247
 33.380002 -1.550271 -1.408402
 33.580002 -2.105739 -1.067119
 33.780002 -1.280983 -0.829111
 33.980002 -1.681470 -1.009551
 34.180002 -2.003046 -1.220887
 34.380002 -1.526660 -0.670776
 34.580002 -1.732855 -1.034799
 34.780002 -1.945914 -1.239694
 34.980002 -1.500127 -0.717969
 35.180002 -1.818755 -1.141556
 35.380002 -2.074841 -1.211068
 35.580002 -1.364310 -0.759059
 35.780002 -1.819640 -1.036457
 35.980002 -1.948470 -1.241023
 36.180002 -1.428272 -0.660491
 36.380002 -1.959155 -1.209399
 36.580002 -2.208643 -1.192223
 36.780002 -1.295603 -0.802731
 36.980002 -1.746269 -0.977500
 37.180002 -2.042548 -1.194031
 37.380002 -1.462479 -0.855152
 37.580002 -2.068451 -0.913779
 37.780002 -1.838381 -1.441077
 37.980002 -1.467970 -0.649396
 38.180002 -1.774772 -1.126807
 38.380002 -1.913685 -1.228063
 38.580002 -1.348834 -0.759430
 38.780002 -1.829864 -0.843772
 38.980002 -1.939457 -1.464775
 39.180002 -1.474719 -0.570718
 39.380002 -1.674680 -1.188601
 39.580002 -2.013168 -1.078858
 39.780002 -1.370154 -0.740903
 39.980002 -1.755725 -0.947690
 40.180002 -1.961514 -1.352570
 40.380002 -1.648913 -0.628248
 40.580002 -2.005929 -1.195929
 40.780002 -1.947899 -1.155601
 40.980002 -1.533154 -0.935020
 41.180002 -1.856897 -1.024130
 41.380002 -1.980228 -1.271514
 41.580002 -1.550554 -0.861849
 41.780002 -1.749922 -0.807826
 41.980002 -1.853275 -1.381927
 42.180002 -1.693883 -0.740255
 42.380002 -1.730777 -1.065462
 42.580002 -1.938186 -1.153336
 42.780002 -1.459785 -1.001862
 42.980002 -1.565199 -0.835780
 43.180002 -1.770464 -1.239707
 43.380002 -1.597952 -0.741957
 43.580002 -1.712954 -1.116370
 43.780002 -2.044109 -1.045397
 43.980002 -1.475790 -1.166356
 44.180002 -1.762081 -0.744591
 44.380002 -1.836710 -1.296368
 44.580002 -1.754352 -0.927476
 44.780002 -1.655441 -0.741777
 44.980002 -1.808979 -1.154482
 45.180002 -1.613137 -0.985655
 45.380002 -1.545494 -0.724359
 45.580002 -1.636452 -1.115186
 45.780002 -1.678778 -0.935671
 45.980002 -1.343150 -0.868591
 46.180002 -1.701385 -0.935668
 46.380002 -1.501682 -1.198539
 46.580002 -1.560793 -0.738890
 46.780002 -1.735030 -0.919421
 46.980002 -1.499928 -1.123459
 47.180002 -1.554097 -0.719486
 47.380002 -1.770988 -1.011297
 47.580002 -1.708873 -1.157759
 47.780002 -1.531770 -0.920443
 47.980002 -1.850599 -0.892718
 48.180002 -1.580681 -1.162947
 48.380002 -1.666059 -0.762814
 48.580002 -1.750556 -1.014824
 48.780002 -1.763824 -1.197063
 48.980002 -1.621147 -0.920454
 49.180002 -1.808749 -0.944537
 49.380002 -1.644082 -1.259156
 49.580002 -1.906431 -0.839271
 49.780002 -1.591753 -1.085230
 49.980002 -1.800526 -0.898718
 50.180002 -1.704020 -1.095933
 50.380002 -1.745256 -0.970600
 50.580002 -1.800185 -0.983694
 50.780002 -1.740640 -0.987339
 50.980002 -1.754152 -1.063382
 51.180002 -1.758159 -0.879579
 51.380002 -1.617957 -1.124223
 51.580002 -1.845243 -0.884884
 51.780002 -1.824288 -1.132786
 51.980002 -1.679015 -0.950829
 52.180002 -1.836655 -0.947179
 52.380002 -1.660171 -1.173388
 52.580002 -1.785310 -1.033498
 52.780003 -1.863082 -0.851280
 52.980003 -1.780780 -1.179154
 53.180003 -1.671345 -0.902855
 53.380003 -1.776378 -1.027331
 53.580003 -1.720616 -0.895577
 53.780003 -1.528775 -0.980400
 53.980003 -1.729866 -1.007290
 54.180003 -1.834415 -1.067054
 54.380003 -1.524209 -0.945405
 54.580003 -1.734729 -1.124551
 54.780003 -1.861810 -0.815721
 54.980003 -1.516644 -1.126829
 55.180003 -1.777049 -0.881017
 55.380003 -1.795470 -1.116314
 55.580003 -1.504528 -0.924677
 55.780003 -1.807295 -0.828129
 55.980003 -1.765635 -1.044621
 56.180003 -1.500116 -1.052238
 56.380003 -1.775346 -0.862803
 56.580003 -1.699937 -1.146782
 56.780003 -1.489452 -0.805706
 56.980003 -1.817357 -0.959170
 57.180003 -1.714830 -1.097812
 57.380003 -1.684044 -0.883695
 57.580003 -1.620942 -1.086311
 57.780003 -1.672521 -1.051645
 57.980003 -1.710025 -0.954880
 58.180003 -1.789860 -0.879287
 58.380003 -1.800502 -1.014479
 58.580003 -1.624408 -1.015263
 58.780003 -1.715048 -0.935478
 58.980003 -1.887272 -1.190500
 59.180003 -1.582298 -0.891502
 59.380003 -1.680503 -0.919811
 59.580003 -1.840150 -1.223766
 59.780003 -1.732733 -0.815871
 59.980003 -1.582919 -0.922530
 60.180003 -2.041528 -1.123756
 60.380003 -1.623286 -1.014703
 60.580003 -1.414507 -0.830979
 60.780003 -1.734342 -1.149277
 60.980003 -1.806016 -1.032269
 61.180003 -1.544707 -0.768518
 61.380003 -1.783496 -1.157574
 61.580003 -1.809621 -0.757105
 61.780003 -1.423560 -0.892536
 61.980003 -1.812789 -1.067604
 62.180003 -1.678240 -1.052330
 62.380003 -1.541043 -0.741896
 62.580003 -1.835577 -1.076879
 62.780003 -1.580907 -1.049460
 62.980003 -1.551529 -0.862241
 63.180003 -1.927761 -1.005559
 63.380003 -1.699857 -1.082665
 63.580003 -1.722909 -0.730427
 63.780003 -1.822514 -1.397088
 63.980003 -1.789709 -0.950989
 64.180003 -1.383573 -0.960846
 64.380003 -1.695767 -0.965499
 64.580003 -1.731562 -1.190584
 64.780003 -1.732049 -0.685454
 64.980003 -1.703952 -1.258218
 65.180003 -2.043138 -0.922369
 65.380003 -1.662649 -1.213675
 65.580003 -1.680179 -0.951424
 65.780003 -1.830250 -1.175196
 65.980003 -1.605167 -0.796458
 66.180003 -1.695224 -1.078026
 66.380003 -1.899238 -1.041106
 66.580003 -1.489512 -0.913489
 66.780003 -1.597069 -0.925911
 66.980003 -1.958564 -1.179410
 67.180003 -1.657494 -0.941941
 67.380003 -1.732299 -0.942479
 67.580003 -1.961577 -0.944243
 67.780003 -1.683087 -1.070535
 67.980003 -1.560021 -0.883545
 68.180003 -1.648734 -1.196530
 68.380003 -1.633768 -0.836446
 68.580003 -1.573931 -0.955967
 68.780003 -1.684900 -1.033309
 68.980003 -1.610101 -1.013097
 69.180003 -1.729042 -0.791126
 69.380003 -1.600978 -1.168793
 69.580003 -1.848771 -0.949890
 69.780003 -1.559277 -0.872244
 69.980003 -1.641147 -1.026414
 70.180003 -1.976504 -0.886469
 70.380003 -1.680393 -1.185467
 70.580003 -1.723634 -0.899516
 70.780003 -1.834798 -1.008756
 70.980003 -1.741384 -1.040297
 71.180003 -1.687771 -0.959363
 71.380003 -1.748119 -0.880114
 71.580003 -1.654994 -1.104525
 71.780003 -1.886431 -0.966097
 71.980003 -1.674749 -0.948151
 72.180003 -1.596532 -1.086103
 72.380003 -1.811516 -1.022223
 72.580003 -1.737560 -0.829827
 72.780003 -1.624510 -1.087461
 72.980003 -1.932945 -0.830344
 73.180003 -1.341594 -1.205919
 73.380003 -1.634859 -1.039571
 73.580003 -2.071371 -0.870488
 73.780004 -1.559446 -1.162089
 73.980004 -1.628425 -0.862284
 74.180004 -1.873303 -0.954416
 74.380004 -1.691590 -1.100302
 74.580004 -1.558406 -0.943517
 74.780004 -1.660106 -0.902140
 74.980004 -1.627593 -1.132328
 75.180004 -1.723250 -0.770034
 75.380004 -1.679593 -1.107406
 75.580004 -1.824206 -1.110773
 75.780004 -1.633598 -0.878175
 75.980004 -1.622764 -0.992684
 76.180004 -1.868054 -1.163910
 76.380004 -1.760140 -0.758727
 76.580004 -1.572401 -1.140142
 76.780004 -1.984413 -0.950484
 76.980004 -1.739976 -1.012987
 77.180004 -1.543702 -1.073012
 77.380004 -1.926364 -0.961254
 77.580004 -1.718898 -0.875824
 77.780004 -1.696919 -1.109967
 77.980004 -1.992791 -1.041180
 78.180004 -1.821800 -0.994344
 78.380004 -1.500670 -1.005133
 78.580004 -2.043924 -0.972293
 78.780004 -1.787775 -1.045719
 78.980004 -1.667219 -1.023932
 79.180004 -1.891999 -0.992876
 79.380004 -1.630841 -1.079454
 79.580004 -1.788214 -0.926270
 79.780004 -1.854480 -1.041605
 79.980004 -1.564251 -1.061920
 80.180004 -1.598912 -0.750272
 80.380004 -1.631410 -1.270884
 80.580004 -1.812475 -0.959808
 80.780004 -1.642249 -0.712310
 80.980004 -1.690396 -1.095148
 81.180004 -1.714928 -1.097333
 81.380004 -1.615999 -0.713149
 81.580004 -1.615911 -1.126222
 81.780004 -1.720518 -0.962788
 81.980004 -1.584469 -0.874328
 82.180004 -1.598348 -1.210159
 82.380004 -1.811891 -1.042105
 82.580004 -1.569485 -0.817823
 82.780004 -1.636932 -1.167472
 82.980004 -1.895577 -0.953194
 83.180004 -1.647395 -0.870941
 83.380004 -1.837317 -1.032267
 83.580004 -2.104199 -1.161112
 83.780004 -1.578957 -0.990276
 83.980004 -1.818632 -0.961606
 84.180004 -1.982024 -1.060219
 84.380004 -1.446754 -1.083313
 84.580004 -1.745591 -0.769812
 84.780004 -1.827559 -1.162954
 84.980004 -1.416022 -1.053159
 85.180004 -1.707575 -0.782518
 85.380004 -1.772737 -1.142003
 85.580004 -1.682937 -0.946961
 85.780004 -1.512126 -0.778624
 85.980004 -1.917358 -1.187640
 86.180004 -1.593012 -0.954013
 86.380004 -1.632048 -0.816780
 86.580004 -1.926551 -1.126972
 86.780004 -1.666266 -0.875282
 86.980004 -1.508870 -0.975561
 87.180004 -1.977539 -1.081791
 87.380004 -1.660275 -1.037271
 87.580004 -1.478236 -0.871132
 87.780004 -1.913457 -1.008694
 87.980004 -1.517955 -0.952252
 88.180004 -1.565522 -1.025842
 88.380004 -1.905950 -0.953159
 88.580004 -1.643052 -1.182610
 88.780004 -1.654694 -0.721207
 88.980004 -1.862363 -1.054765
 89.180004 -1.632836 -1.061079
 89.380004 -1.649693 -0.874123
 89.580004 -1.696893 -1.031168
 89.780004 -1.580936 -1.110738
 89.980004 -1.627081 -0.750026
 90.180004 -1.614595 -1.160098
 90.380004 -1.583121 -0.947137
 90.580004 -1.478173 -0.782981
 90.780004 -1.535366 -1.212014
 90.980004 -1.889348 -1.064516
 91.180004 -1.717330 -0.773492
 91.380004 -1.802386 -1.061705
 91.580004 -1.946381 -1.034303
 91.780004 -1.578972 -0.913390
 91.980004 -1.920554 -1.013613
 92.180004 -1.933981 -1.256262
 92.380004 -1.504714 -0.802383
 92.580004 -1.887653 -0.885679
 92.780004 -1.749293 -1.169218
 92.980004 -1.444685 -0.833956
 93.180004 -1.970353 -0.893778
 93.380004 -1.845154 -1.397034
 93.580004 -1.485830 -0.587316
 93.780004 -1.938234 -1.199342
 93.980004 -1.811286 -1.184359
 94.180004 -1.498123 -0.721292
 94.380004 -1.866836 -1.064991
 94.580004 -1.994010 -1.322398
 94.780005 -1.520989 -0.527561
 94.980005 -1.796671 -1.454917
 95.180005 -2.018920 -1.037398
 95.380005 -1.362649 -0.936838
 95.580005 -1.810862 -0.968679
 95.780005 -1.856044 -1.199927
 95.980005 -1.572606 -0.562076
 96.180005 -1.543499 -1.061763
 96.380005 -1.896308 -1.269460
 96.580005 -1.515378 -0.606308
 96.780005 -1.533404 -1.112536
 96.980005 -1.932194 -1.241300
 97.180005 -1.587644 -0.629896
 97.380005 -1.699552 -0.991685
 97.580005 -1.819304 -1.220433
 97.780005 -1.571208 -0.858573
 97.980005 -1.462433 -0.934442
 98.180005 -1.938461 -1.280541
 98.380005 -1.637773 -0.943065
 98.580005 -1.753070 -0.659768
 98.780005 -1.782074 -1.295022
 98.980005 -1.842995 -0.779754
 99.180005 -1.413603 -0.940500
 99.380005 -1.855572 -1.271160
 99.580005 -1.778581 -0.954268
 99.780005 -1.639050 -0.893310
 99.980005 -1.875573 -1.166416
 100.180005 -1.671675 -0.915399
 100.380005 -1.491313 -0.778989
 100.580005 -1.891079 -1.271340
 100.780005 -1.901120 -1.052488
 100.980005 -1.443038 -0.749446
 101.180005 -2.033090 -1.236988
 101.380005 -1.880713 -1.151331
 101.580005 -1.569872 -0.821716
 101.780005 -1.913430 -1.155464
 101.980005 -1.785779 -1.147614
 102.180005 -1.476161 -0.770795
 102.380005 -1.876457 -1.148393
 102.580005 -1.970226 -1.237506
 102.780005 -1.439031 -0.840195
 102.980005 -1.806858 -1.014812
 103.180005 -1.836051 -1.197374
 103.380005 -1.302669 -0.706132
 103.580005 -1.784542 -1.036296
 103.780005 -1.865062 -1.138078
 103.980005 -1.305366 -0.747992
 104.180005 -1.667746 -0.990665
 104.380005 -1.998479 -1.283905
 104.580005 -1.435994 -0.747643
 104.780005 -1.672444 -0.884360
 104.980005 -1.913472 -1.103583
 105.180005 -1.622873 -0.850677
 105.380005 -1.768142 -0.894449
 105.580005 -1.842119 -1.164601
 105.780005 -1.516196 -0.776071
 105.980005 -1.588639 -1.020157
 106.180005 -1.819871 -1.099330
 106.380005 -1.446388 -0.710965
 106.580005 -1.516669 -1.034176
 106.780005 -1.844405 -1.096510
 106.980005 -1.607539 -0.775897
 107.180005 -1.531487 -1.074444
 107.380005 -1.924129 -1.000293
 107.580005 -1.583756 -0.811494
 107.780005 -1.746729 -1.150054
 107.980005 -2.024292 -1.040896
 108.180005 -1.401135 -0.891656
 108.380005 -1.618013 -1.043019
 108.580005 -1.988692 -1.082172
 108.780005 -1.474038 -0.865622
 108.980005 -1.659558 -0.990765
 109.180005 -2.011385 -1.198364
 109.380005 -1.475550 -0.862260
 109.580005 -1.767100 -0.976785
 109.780005 -1.823223 -1.216990
 109.980005 -1.628784 -0.787342
 110.180005 -1.525429 -1.056562
 110.380005 -1.970121 -1.392471
 110.580005 -1.607196 -0.756112
 110.780005 -1.404155 -1.017227
 110.980005 -2.118978 -1.118105
 111.180005 -1.554943 -1.056740
 111.380005 -1.587542 -0.808453
 111.580005 -2.134033 -1.094759
 111.780005 -1.576356 -1.058790
 111.980005 -1.493087 -0.755626
 112.180005 -1.995879 -1.213939
 112.380005 -1.488210 -1.070269
 112.580005 -1.601241 -0.683688
 112.780005 -1.788335 -1.242432
 112.980005 -1.646385 -0.920292
 113.180005 -1.546647 -0.654424
 113.380005 -1.730472 -1.262562
 113.580005 -1.715499 -0.963239
 113.780005 -1.469533 -0.681264
 113.980005 -1.823943 -1.208119
 114.180005 -1.817613 -0.965985
 114.380005 -1.325537 -0.813238
 114.580005 -1.913217 -1.277268
 114.780005 -2.003321 -0.948623
 114.980005 -1.508072 -0.926327
 115.180005 -2.050243 -1.128902
 115.380005 -1.794820 -1.027913
 115.580005 -1.551885 -0.953510
 115.780005 -2.292979 -1.083155
 115.980006 -1.594532 -1.171461
 116.180006 -1.545284 -0.670379
 116.380006 -1.973105 -1.211222
 116.580006 -1.791018 -1.074662
 116.780006 -1.609281 -0.733644
 116.980006 -1.767416 -1.227083
 117.180006 -1.641801 -1.142492
 117.380006 -1.679234 -0.682855
 117.580006 -1.724361 -1.326323
 117.780006 -1.603446 -1.080920
 117.980006 -1.781850 -0.621160
 118.180006 -1.668471 -1.220056
 118.380006 -1.956131 -0.985312
 118.580006 -1.559804 -0.838510
 118.780006 -1.657644 -1.152282
 118.980006 -1.970729 -0.924938
 119.180006 -1.401954 -0.961783
 119.380006 -1.649698 -1.078105
 119.580006 -1.882452 -0.847858
 119.780006 -1.507567 -1.065388
 119.980006 -1.727258 -1.019353
 120.180006 -1.738361 -0.909178
 120.380006 -1.261232 -0.958035
 120.580006 -1.839251 -1.001838
 120.780006 -1.543744 -0.864690
 120.980006 -1.430143 -1.090778
 121.180006 -1.886432 -1.033321
 121.380006 -1.587280 -0.913993
 121.580006 -1.540143 -0.868185
 121.780006 -1.984021 -1.071469
 121.980006 -1.620385 -0.967451
 122.180006 -1.471606 -0.788948
 122.380006 -1.986147 -1.165778
 122.580006 -1.735989 -1.143681
 122.780006 -1.512673 -0.704460
 122.980006 -1.818541 -1.171160
 123.180006 -1.760629 -0.992824
 123.380006 -1.536542 -0.679032
 123.580006 -1.955540 -1.357961
 123.780006 -1.614190 -0.899319
 123.980006 -1.545552 -0.923246
 124.180006 -2.213291 -1.251925
 124.380006 -1.608885 -0.974804
 124.580006 -1.610244 -0.694922
 124.780006 -1.918047 -1.291286
 124.980006 -1.658834 -0.954606
 125.180006 -1.439906 -0.796097
 125.380006 -2.020826 -1.271193
 125.580006 -1.475154 -0.905742
 125.780006 -1.365709 -0.795535
 125.980006 -1.913925 -1.282403
 126.180006 -1.582042 -1.001416
 126.380006 -1.672927 -0.597651
 126.580006 -1.877693 -1.320302
 126.780006 -1.673295 -0.973875
 126.980006 -1.557758 -0.679614
 127.180006 -1.743618 -1.251305
 127.380006 -1.968433 -0.841283
 127.580006 -1.607861 -0.974103
 127.780006 -1.847855 -1.205350
 127.980006 -1.876399 -0.826472
 128.180006 -1.361436 -0.992946
 128.380006 -1.987305 -1.050232
 128.580006 -1.668808 -0.796623
 128.780006 -1.537592 -0.875825
 128.980006 -2.128319 -1.288199
 129.180006 -1.727510 -1.020660
 129.380006 -1.497113 -0.766985
 129.580006 -1.901722 -1.108420
 129.780006 -1.679233 -1.020100
 129.980006 -1.632010 -0.779481
 130.180006 -1.889586 -1.193440
 130.380006 -1.844842 -1.001818
 130.580006 -1.603097 -0.875474
 130.780006 -1.838091 -1.083861
 130.980006 -1.649508 -1.181249
 131.180006 -1.695420 -0.606114
 131.380006 -1.663581 -1.314891
 131.580006 -1.872259 -0.907925
 131.780006 -1.660471 -0.938489
 131.980006 -1.708496 -0.977715
 132.180006 -1.880126 -1.222029
 132.380006 -1.708405 -0.939841
 132.580006 -1.745736 -0.951797
 132.780006 -1.870132 -1.001787
 132.980006 -1.610135 -1.193003
 133.180006 -1.691591 -0.794981
 133.380006 -1.819638 -1.052860
 133.580006 -1.562284 -0.972777
 133.780006 -1.704774 -0.931614
 133.980006 -1.804534 -1.114481
 134.180006 -1.685602 -1.093083
 134.380006 -1.577690 -0.894856
 134.580006 -1.690903 -0.981424
 134.780006 -1.562357 -1.077242
 134.980006 -1.648018 -0.827019
 135.180006 -1.748515 -0.978171
 135.380006 -1.666558 -0.984621
 135.580006 -1.590696 -0.887294
 135.780006 -1.513020 -1.090425
 135.980006 -1.621735 -0.998345
 136.180006 -1.675303 -0.730136
 136.380006 -1.687379 -1.131908
 136.580006 -1.753342 -0.973059
 136.780006 -1.564096 -0.964359
 136.980007 -1.792731 -1.012034
 137.180007 -1.911474 -1.072814
 137.380007 -1.582701 -0.902929
 137.580007 -1.687986 -1.178266
 137.780007 -1.887284 -0.864376
 137.980007 -1.657104 -1.024183
 138.180007 -1.948000 -0.963607
 138.380007 -1.830518 -1.162877
 138.580007 -1.519657 -0.868954
 138.780007 -1.731385 -1.095981
 138.980007 -1.765678 -1.052858
 139.180007 -1.716926 -0.976946
 139.380007 -1.623966 -0.791568
 139.580007 -1.804213 -1.201003
 139.780007 -1.592786 -0.808951
 139.980007 -1.619397 -1.126852
 140.180007 -1.753994 -0.959372
 140.380007 -1.561553 -0.984172
 140.580007 -1.597215 -0.832478
 140.780007 -1.613126 -1.119539
 140.980007 -1.764555 -0.848136
 141.180007 -1.460064 -0.871237
 141.380007 -1.664846 -0.982376
 141.580007 -1.606372 -0.926338
 141.780007 -1.429802 -0.773980
 141.980007 -1.615942 -1.126385
 142.180007 -1.686897 -0.773795
 142.380007 -1.523128 -0.965529
 142.580007 -1.609318 -1.076436
 142.780007 -1.706485 -0.978570
 142.980007 -1.421062 -0.865336
 143.180007 -1.758350 -1.068597
 143.380007 -1.810283 -1.140446
 143.580007 -1.661095 -0.794890
 143.780007 -1.728739 -1.105797
 143.980007 -1.722077 -1.106868
 144.180007 -1.760168 -0.853889
 144.380007 -1.756009 -1.070338
 144.580007 -1.873586 -1.154412
 144.780007 -1.843238 -0.721904
 144.980007 -1.738222 -1.140672
 145.180007 -1.948863 -1.049410
 145.380007 -1.656124 -0.947965
 145.580007 -1.840015 -0.952224
 145.780007 -1.980975 -1.289954
 145.980007 -1.550937 -0.860235
 146.180007 -1.764566 -0.945066
 146.380007 -1.744131 -1.025676
 146.580007 -1.552524 -1.078996
 146.780007 -1.676094 -0.748983
 146.980007 -1.853296 -1.231003
 147.180007 -1.669598 -0.933705
 147.380007 -1.442901 -0.942345
 147.580007 -1.832582 -1.023091
 147.780007 -1.614677 -1.056610
 147.980007 -1.440011 -0.740407
 148.180007 -1.866682 -1.095739
 148.380007 -1.846513 -1.100988
 148.580007 -1.421098 -0.882892
 148.780007 -1.835209 -1.046503
 148.980007 -1.910407 -1.105177
 149.180007 -1.662728 -0.749211
 149.380007 -1.860821 -1.167948
 149.580007 -1.832452 -1.051373
 149.780007 -1.525965 -0.813338
 149.980007 -1.817926 -1.015054
 150.180007 -1.838771 -1.058999
 150.380007 -1.409892 -0.886325
 150.580007 -1.839850 -1.042664
 150.780007 -1.953626 -1.175130
 150.980007 -1.672455 -0.793246
 151.180007 -1.794931 -1.126344
 151.380007 -1.791171 -1.072991
 151.580007 -1.406728 -0.904814
 151.780007 -1.795606 -1.035294
 151.980007 -1.789395 -1.102111
 152.180007 -1.468513 -0.733003
 152.380007 -1.714885 -1.088959
 152.580007 -1.675543 -1.092576
 152.780007 -1.601023 -0.830642
 152.980007 -1.774227 -0.986762
 153.180007 -1.778848 -1.201297
 153.380007 -1.639203 -0.616008
 153.580007 -1.567763 -1.191098
 153.780007 -1.996916 -0.927884
 153.980007 -1.735101 -0.967417
 154.180007 -1.831350 -1.006786
 154.380007 -1.899685 -1.213575
 154.580007 -1.696735 -0.817449
 154.780007 -1.668608 -1.072579
 154.980007 -1.917393 -1.102100
 155.180007 -1.696728 -0.874949
 155.380007 -1.615360 -0.938538
 155.580007 -1.865184 -1.222108
 155.780007 -1.704641 -0.921426
 155.980007 -1.611129 -0.900592
 156.180007 -1.845901 -1.168976
 156.380007 -1.758068 -0.980502
 156.580007 -1.576714 -0.906914
 156.780007 -1.737279 -1.227063
 156.980007 -1.704794 -1.053485
 157.180007 -1.687349 -0.736959
 157.380007 -1.748238 -1.204410
 157.580007 -1.742840 -1.030395
 157.780007 -1.659752 -0.843764
 157.980008 -1.804351 -1.102535
 158.180008 -1.680874 -1.096070
 158.380008 -1.631693 -0.736483
 158.580008 -1.724891 -1.243752
 158.780008 -1.725846 -0.942141
 158.980008 -1.540115 -0.970380
 159.180008 -1.910611 -0.977834
 159.380008 -1.734349 -1.202144
 159.580008 -1.417183 -0.693021
 159.780008 -1.695393 -1.040854
 159.980008 -1.780356 -1.004842
 160.180008 -1.566166 -0.954657
 160.380008 -1.743527 -0.924532
 160.580008 -1.716403 -1.200975
 160.780008 -1.583654 -0.769089
 160.980008 -1.726935 -1.070835
 161.180008 -1.781689 -0.920113
 161.380008 -1.441366 -1.158395
 161.580008 -1.813534 -0.645787
 161.780008 -1.612549 -1.353466
 161.980008 -1.616485 -0.726338
 162.180008 -1.634386 -1.108134
 162.380008 -1.726135 -0.971331
 162.580008 -1.664667 -0.908788
 162.780008 -1.320312 -1.043538
 162.980008 -1.734522 -1.089709
 163.180008 -1.642507 -0.943596
 163.380008 -1.730410 -0.953264
 163.580008 -1.767853 -0.990944
 163.780008 -1.713386 -0.933424
 163.980008 -1.662800 -0.965267
 164.180008 -1.667908 -1.162637
 164.380008 -1.941540 -0.916835
 164.580008 -1.697724 -1.105197
 164.780008 -1.755707 -1.026360
 164.980008 -1.917354 -0.909063
 165.180008 -1.555696 -0.976022
 165.380008 -1.704152 -0.939928
 165.580008 -1.897845 -1.058667
 165.780008 -1.716300 -0.958117
 165.980008 -1.698075 -1.107145
 166.180008 -1.741588 -0.925206
 166.380008 -1.598562 -0.911361
 166.580008 -1.636923 -1.077553
 166.780008 -1.953249 -0.874817
 166.980008 -1.618717 -1.054015
 167.180008 -1.621485 -1.011903
 167.380008 -1.866885 -0.957400
 167.580008 -1.601877 -1.080986
 167.780008 -1.689815 -0.910497
 167.980008 -1.829472 -0.920048
 168.180008 -1.648286 -1.165450
 168.380008 -1.666215 -0.837696
 168.580008 -1.844797 -1.080646
 168.780008 -1.649653 -1.050579
 168.980008 -1.604036 -0.863634
 169.180008 -1.769023 -0.967917
 169.380008 -1.642251 -1.156095
 169.580008 -1.671218 -0.854808
 169.780008 -1.663191 -1.011095
 169.980008 -1.690128 -1.003849
 170.180008 -1.606637 -1.007087
 170.380008 -1.695699 -0.802585
 170.580008 -1.619034 -1.345796
 170.780008 -1.931296 -0.585492
 170.980008 -1.595996 -1.062478
 171.180008 -1.775430 -1.008660
 171.380008 -1.623621 -0.986596
 171.580008 -1.755466 -0.937703
 171.780008 -1.874944 -1.102258
 171.980008 -1.540913 -1.024753
 172.180008 -1.752392 -0.910926
 172.380008 -1.792056 -1.074958
 172.580008 -1.583186 -1.023173
 172.780008 -1.814889 -0.932353
 172.980008 -1.808877 -0.932389
 173.180008 -1.503499 -1.159014
 173.380008 -1.755553 -0.858434
 173.580008 -1.734552 -1.182244
 173.780008 -1.660484 -0.794761
 173.980008 -1.831790 -0.801516
 174.180008 -1.908778 -1.135493
 174.380008 -1.502206 -1.168453
 174.580008 -1.547183 -0.733403
 174.780008 -1.742971 -1.155579
 174.980008 -1.722786 -0.805722
 175.180008 -1.627515 -0.992564
 175.380008 -1.881992 -1.020976
 175.580008 -1.549756 -1.103395
 175.780008 -1.486294 -0.787559
 175.980008 -1.797960 -1.133882
 176.180008 -1.589357 -1.010928
 176.380008 -1.660297 -0.849625
 176.580008 -1.720574 -0.964181
 176.780008 -1.807643 -1.230153
 176.980008 -1.575657 -0.629592
 177.180008 -1.605564 -1.283035
 177.380008 -1.758025 -0.782475
 177.580008 -1.496684 -0.962068
 177.780008 -1.754070 -0.952953
 177.980008 -1.922038 -1.156020
 178.180008 -1.657636 -0.836634
 178.380008 -1.552979 -0.991581
 178.580008 -1.941363 -0.973560
 178.780008 -1.549771 -1.034262
 178.980009 -1.695600 -0.894862
 179.180009 -2.017246 -0.960733
 179.380009 -1.599680 -1.274341
 179.580009 -1.684282 -0.677140
 179.780009 -1.887830 -1.071342
 179.980009 -1.723330 -1.191800
 180.180009 -1.669394 -0.684767
 180.380009 -1.915762 -1.181521
 180.580009 -1.926438 -1.146968
 180.780009 -1.602354 -0.523733
 180.980009 -1.688835 -1.348279
 181.180009 -2.114499 -0.991053
 181.380009 -1.295582 -0.898331
 181.580009 -1.829653 -1.096102
 181.780009 -2.140820 -1.315666
 181.980009 -1.397479 -0.617592
 182.180009 -2.069518 -1.249111
 182.380009 -1.932556 -1.064029
 182.580009 -1.330208 -0.853939
 182.780009 -2.072769 -0.871200
 182.980009 -1.691280 -1.449707
 183.180009 -1.515376 -0.450286
 183.380009 -1.837616 -1.121030
 183.580009 -1.802883 -1.188981
 183.780009 -1.574777 -0.523438
 183.980009 -1.644292 -1.375698
 184.180009 -2.082809 -1.061569
 184.380009 -1.570933 -0.649278
 184.580009 -1.543771 -1.365381
 184.780009 -2.227522 -1.026394
 184.980009 -1.630619 -0.779640
 185.180009 -1.714082 -1.217048
 185.380009 -2.160696 -0.981743
 185.580009 -1.243908 -1.093331
 185.780009 -1.948131 -0.769433
 185.980009 -1.842569 -1.425116
 186.180009 -1.525273 -0.610010
 186.380009 -2.007208 -1.157561
 186.580009 -1.754787 -1.210541
 186.780009 -1.431222 -0.619059
 186.980009 -2.038126 -1.152183
 187.180009 -1.967865 -1.329077
 187.380009 -1.365278 -0.434924
 187.580009 -1.791006 -1.339601
 187.780009 -1.998192 -1.089870
 187.980009 -1.439524 -0.686458
 188.180009 -2.028985 -1.221179
 188.380009 -1.838962 -1.027640
 188.580009 -1.425415 -0.878778
 188.780009 -2.112930 -1.148409
 188.980009 -1.805834 -1.240697
 189.180009 -1.374799 -0.714269
 189.380009 -1.974994 -1.383928
 189.580009 -1.868500 -0.946514
 189.780009 -1.528345 -0.919066
 189.980009 -2.046117 -0.952420
 190.180009 -1.803682 -1.191570
 190.380009 -1.527195 -0.763555
 190.580009 -1.962467 -1.262808
 190.780009 -1.695831 -0.991579
 190.980009 -1.441945 -0.779820
 191.180009 -2.094141 -1.087698
 191.380009 -1.787580 -1.257906
 191.580009 -1.470264 -0.655666
 191.780009 -1.971468 -1.321832
 191.980009 -1.680851 -1.017057
 192.180009 -1.482095 -0.867946
 192.380009 -1.900925 -1.044482
 192.580009 -1.817122 -1.199845
 192.780009 -1.437710 -0.785855
 192.980009 -1.756008 -1.124329
 193.180009 -1.537440 -1.078810
 193.380009 -1.574086 -0.659461
 193.580009 -1.602167 -1.183948
 193.780009 -1.836422 -1.042021
 193.980009 -1.519902 -0.836273
 194.180009 -1.623444 -1.039243
 194.380009 -1.772864 -1.059539
 194.580009 -1.474536 -0.853786
 194.780009 -1.731413 -1.147425
 194.980009 -1.882773 -0.986145
 195.180009 -1.711868 -0.885399
 195.380009 -1.721694 -1.017602
 195.580009 -1.868614 -1.210011
 195.780009 -1.614276 -0.649779
 195.980009 -1.541603 -1.130425
 196.180009 -1.954257 -1.094419
 196.380009 -1.631470 -1.005150
 196.580009 -1.655549 -0.841021
 196.780009 -1.888147 -1.283780
 196.980009 -1.515888 -0.729365
 197.180009 -1.657837 -1.002684
 197.380009 -1.872798 -1.106131
 197.580009 -1.557907 -1.012026
 197.780009 -1.670516 -0.758782
 197.980009 -1.637070 -1.511041
 198.180009 -1.597018 -0.665384
 198.380009 -1.541277 -0.733811
 198.580009 -1.737036 -1.328710
 198.780009 -1.873692 -0.851277
 198.980009 -1.621998 -0.934149
 199.180009 -1.745230 -1.205243
 199.380009 -1.791904 -0.913965
 199.580009 -1.473049 -0.872707
 199.780009 -1.887935 -1.187737
 199.980009 -1.768207 -0.873420
