#! FIELDS time phi psi
#! SET max_psi pi
 0.180000 -1.972736 -2.742608
 0.380000 -2.007400 -2.423804
 0.580000 -1.842209 -2.031165
 0.780000 -2.219577 -2.717538
 0.980000 -1.842854 -1.905214
 1.180000 -2.690692 -2.367645
 1.380000 -1.455808 -2.445114
 1.580000 -2.471695 -2.066025
 1.780000 -2.176330 -2.760826
 1.980000 -1.777761 -1.989045
 2.180000 -2.377063 -2.071156
 2.380000 -1.638305 -2.814567
 2.580000 -2.520533 -1.831139
 2.780000 -1.795719 -2.760121
 2.980000 -2.361591 -2.099776
 3.180000 -1.942213 -2.361424
 3.380000 -1.916053 -2.564791
 3.580000 -2.365494 -2.059072
 3.780000 -1.688084 -2.801983
 3.980000 -2.565815 -2.096340
 4.180000 -1.625662 -2.473714
 4.380000 -2.351451 -2.154811
 4.580000 -2.106259 -2.231868
 4.780000 -2.060048 -2.591688
 4.980000 -2.257066 -1.893914
 5.180000 -1.773602 -2.658492
 5.380000 -2.438124 -2.092445
 5.580000 -1.829653 -2.294814
 5.780000 -2.379156 -2.421574
 5.980000 -1.787714 -2.014261
 6.180000 -2.198461 -2.589025
 6.380000 -2.234235 -2.079547
 6.580000 -1.797025 -2.295785
 6.780000 -2.445706 -2.417915
 6.980000 -1.725498 -2.188883
 7.180000 -2.238663 -2.232067
 7.380000 -1.939100 -2.460124
 7.580000 -2.028423 -2.209622
 7.780000 -2.344664 -2.384617
 7.980000 -1.904125 -2.279887
 8.180000 -2.226438 -2.257018
 8.380000 -1.951952 -2.536433
 8.580000 -2.095259 -2.110811
 8.780000 -2.295981 -2.515950
 8.980000 -2.004207 -2.241610
 9.180000 -2.041132 -2.143356
 9.380000 -2.114250 -2.643945
 9.580000 -2.063844 -2.075592
 9.780000 -2.104969 -2.529382
 9.980000 -2.148503 -2.364963
 10.180000 -1.922110 -2.412686
 10.380000 -2.195836 -2.415983
 10.580001 -1.914277 -2.193608
 10.780001 -2.185694 -2.442741
 10.980001 -2.146370 -2.160394
 11.180001 -1.979225 -2.456766
 11.380001 -2.299708 -2.355824
 11.580001 -1.834594 -2.163074
 11.780001 -2.384364 -2.501091
 11.980001 -2.064851 -2.331379
 12.180001 -2.081979 -2.505423
 12.380001 -2.291357 -2.399894
 12.580001 -1.830736 -2.487459
 12.780001 -2.400495 -2.404095
 12.980001 -1.893499 -2.317768
 13.180001 -2.311932 -2.474429
 13.380001 -2.067471 -2.198507
 13.580001 -1.983191 -2.406497
 13.780001 -2.447313 -2.366714
 13.980001 -1.845479 -2.175131
 14.180001 -2.442230 -2.518867
 14.380001 -1.879576 -2.058044
 14.580001 -2.155463 -2.418732
 14.780001 -2.132551 -2.453427
 14.980001 -1.869099 -2.152477
 15.180001 -2.173166 -2.392300
 15.380001 -1.891431 -2.366561
 15.580001 -2.101736 -2.244516
 15.780001 -2.131253 -2.418840
 15.980001 -1.960095 -2.111000
 16.180001 -2.123259 -2.372770
 16.380001 -2.170632 -2.454826
 16.580001 -2.040777 -2.098227
 16.780001 -2.293169 -2.515153
 16.980001 -2.017768 -2.313982
 17.180001 -1.977604 -2.214509
 17.380001 -2.323709 -2.559577
 17.580001 -1.983106 -2.117480
 17.780001 -2.471947 -2.647646
 17.980001 -2.030481 -2.171290
 18.180001 -1.974571 -2.440600
 18.380001 -2.158722 -2.501323
 18.580001 -2.001643 -2.163141
 18.780001 -2.246419 -2.518770
 18.980001 -2.063480 -2.236515
 19.180001 -2.001788 -2.304489
 19.380001 -2.140205 -2.479408
 19.580001 -2.019803 -2.159949
 19.780001 -2.279733 -2.328467
 19.980001 -2.000905 -2.173751
 20.180001 -2.070987 -2.323278
 20.380001 -2.101928 -2.391382
 20.580001 -1.774247 -2.099393
 20.780001 -2.157625 -2.249736
 20.980001 -2.103275 -2.317788
 21.180001 -1.994395 -2.285091
 21.380001 -2.203897 -2.327952
 21.580001 -1.786876 -2.216517
 21.780001 -2.272499 -2.215618
 21.980001 -2.054732 -2.392819
 22.180001 -1.955122 -2.261769
 22.380001 -2.166707 -2.346089
 22.580001 -1.871824 -2.303773
 22.780001 -2.185400 -2.158710
 22.980001 -1.986937 -2.484563
 23.180001 -2.081718 -2.251163
 23.380001 -1.985747 -2.336456
 23.580001 -1.959950 -2.336102
 23.780001 -2.278387 -2.303676
 23.980001 -1.835602 -2.515270
 24.180001 -2.114276 -2.324273
 24.380001 -2.102350 -2.410818
 24.580001 -2.060127 -2.299699
 24.780001 -2.241916 -2.276066
 24.980001 -2.022105 -2.459357
 25.180001 -2.114067 -2.179891
 25.380001 -2.043430 -2.458203
 25.580001 -2.170738 -2.251411
 25.780001 -1.996334 -2.445601
 25.980001 -2.105372 -2.454960
 26.180001 -2.128670 -2.144867
 26.380001 -2.025732 -2.387957
 26.580001 -2.257403 -2.148098
 26.780001 -2.038352 -2.485542
 26.980001 -2.024771 -2.154834
 27.180001 -2.273220 -2.356197
 27.380001 -2.040648 -2.394632
 27.580001 -2.098040 -2.069882
 27.780001 -2.076972 -2.392415
 27.980001 -2.033932 -2.162884
 28.180001 -2.120470 -2.398986
 28.380001 -2.112880 -2.270394
 28.580001 -2.253041 -2.174249
 28.780001 -2.045531 -2.374503
 28.980001 -2.244044 -2.259768
 29.180001 -1.999129 -2.455844
 29.380001 -2.139237 -2.215688
 29.580001 -2.224930 -2.364685
 29.780001 -2.126138 -2.345010
 29.980001 -2.088768 -2.296305
 30.180001 -2.045232 -2.419984
 30.380001 -2.166741 -2.223164
 30.580001 -2.159952 -2.400018
 30.780001 -2.221832 -2.392885
 30.980001 -2.122893 -2.305426
 31.180001 -2.051687 -2.473522
 31.380001 -2.148682 -2.185397
 31.580001 -2.232772 -2.494026
 31.780002 -2.053555 -2.315430
 31.980002 -2.134110 -2.305177
 32.180002 -2.055063 -2.477968
 32.380002 -2.037411 -2.142066
 32.580002 -2.172970 -2.519670
 32.780002 -2.116999 -2.182127
 32.980002 -2.033386 -2.227211
 33.180002 -2.045876 -2.483494
 33.380002 -2.103093 -2.198063
 33.580002 -1.903372 -2.455034
 33.780002 -2.170067 -2.208680
 33.980002 -1.929881 -2.430909
 34.180002 -2.030096 -2.307408
 34.380002 -2.104213 -2.255213
 34.580002 -1.977598 -2.532622
 34.780002 -2.247541 -2.116987
 34.980002 -1.895406 -2.529360
 35.180002 -2.319377 -2.234990
 35.380002 -1.794619 -2.213771
 35.580002 -2.151458 -2.496073
 35.780002 -2.087182 -2.039861
 35.980002 -1.960994 -2.493198
 36.180002 -2.395590 -2.188610
 36.380002 -1.805017 -2.183203
 36.580002 -2.286603 -2.619183
 36.780002 -1.883557 -2.052337
 36.980002 -2.007984 -2.519989
 37.180002 -2.292349 -2.239368
 37.380002 -1.835242 -2.203181
 37.580002 -2.355981 -2.554060
 37.780002 -1.706205 -2.125317
 37.980002 -2.143754 -2.434586
 38.180002 -2.191955 -2.452649
 38.380002 -1.926191 -2.254051
 38.580002 -2.196239 -2.393802
 38.780002 -1.858727 -2.475510
 38.980002 -2.059976 -1.977045
 39.180002 -2.225882 -2.647437
 39.380002 -1.991295 -2.103818
 39.580002 -1.980829 -2.325133
 39.780002 -2.103846 -2.494340
 39.980002 -2.191659 -1.896207
 40.180002 -2.134983 -2.617574
 40.380002 -2.165019 -2.041455
 40.580002 -1.895611 -2.408195
 40.780002 -2.221770 -2.504179
 40.980002 -2.063861 -2.100936
 41.180002 -2.169945 -2.646050
 41.380002 -2.167869 -2.091729
 41.580002 -1.865371 -2.499583
 41.780002 -2.341578 -2.513125
 41.980002 -1.901397 -2.106681
 42.180002 -2.313379 -2.604353
 42.380002 -2.138965 -2.234869
 42.580002 -1.938020 -2.192751
 42.780002 -2.474699 -2.339893
 42.980002 -1.847275 -2.079212
 43.180002 -2.248861 -2.346048
 43.380002 -1.880933 -2.176126
 43.580002 -1.975848 -2.142533
 43.780002 -2.254069 -2.413547
 43.980002 -1.926133 -2.135295
 44.180002 -2.230577 -2.248839
 44.380002 -1.926520 -2.411618
 44.580002 -2.095354 -2.085447
 44.780002 -2.177856 -2.536676
 44.980002 -1.943284 -2.021670
 45.180002 -2.306211 -2.456989
 45.380002 -2.000682 -2.392466
 45.580002 -2.091921 -2.151964
 45.780002 -2.107726 -2.539831
 45.980002 -2.035249 -2.172311
 46.180002 -2.177389 -2.451202
 46.380002 -1.915661 -2.283263
 46.580002 -2.176618 -2.226966
 46.780002 -1.974013 -2.440714
 46.980002 -2.255641 -2.257781
 47.180002 -2.131931 -2.284138
 47.380002 -1.971450 -2.456257
 47.580002 -2.161221 -2.250391
 47.780002 -2.044173 -2.487956
 47.980002 -2.168247 -2.385628
 48.180002 -2.014694 -2.167935
 48.380002 -2.169568 -2.458109
 48.580002 -2.059968 -2.274246
 48.780002 -1.996370 -2.294755
 48.980002 -2.352911 -2.285583
 49.180002 -1.970821 -2.249457
 49.380002 -2.089463 -2.491403
 49.580002 -2.148488 -2.348183
 49.780002 -1.806946 -2.386437
 49.980002 -2.262135 -2.388425
 50.180002 -1.916229 -2.361901
 50.380002 -2.174058 -2.403926
 50.580002 -2.064180 -2.267009
 50.780002 -2.122137 -2.433523
 50.980002 -2.068163 -2.273270
 51.180002 -1.914327 -2.346493
 51.380002 -2.258460 -2.406833
 51.580002 -1.928212 -2.260032
 51.780002 -2.252492 -2.416398
 51.980002 -2.186390 -2.283961
 52.180002 -2.001140 -2.437952
 52.380002 -2.218228 -2.286654
 52.580002 -2.030679 -2.331940
 52.780003 -2.244426 -2.280745
 52.980003 -2.022556 -2.275575
 53.180003 -2.083050 -2.277372
 53.380003 -2.153611 -2.364388
 53.580003 -1.985324 -2.196898
 53.780003 -2.164620 -2.326041
 53.980003 -1.989890 -2.259491
 54.180003 -2.083052 -2.374435
 54.380003 -2.110349 -2.277673
 54.580003 -2.053777 -2.255037
 54.780003 -2.111074 -2.359325
 54.980003 -2.059901 -2.240861
 55.180003 -1.989121 -2.259075
 55.380003 -2.143579 -2.312775
 55.580003 -2.106284 -2.242624
 55.780003 -1.982413 -2.176029
 55.980003 -2.078792 -2.362874
 56.180003 -1.994113 -2.208753
 56.380003 -2.089756 -2.326378
 56.580003 -2.131253 -2.246281
 56.780003 -1.959406 -2.193270
 56.980003 -2.102378 -2.260067
 57.180003 -1.874621 -2.119714
 57.380003 -2.114870 -2.348867
 57.580003 -2.044646 -2.255579
 57.780003 -1.882179 -2.164533
 57.980003 -2.216265 -2.435614
 58.180003 -1.874147 -2.211147
 58.380003 -2.342845 -2.284907
 58.580003 -1.979356 -2.254025
 58.780003 -2.106215 -2.208297
 58.980003 -2.056742 -2.340635
 59.180003 -2.041478 -2.398384
 59.380003 -2.134915 -2.238426
 59.580003 -1.943609 -2.319929
 59.780003 -2.250867 -2.492693
 59.980003 -1.950139 -2.280440
 60.180003 -2.183071 -2.385175
 60.380003 -2.243308 -2.435208
 60.580003 -1.968865 -2.389965
 60.780003 -2.474497 -2.538001
 60.980003 -1.779250 -2.265135
 61.180003 -2.058420 -2.396216
 61.380003 -2.284025 -2.445153
 61.580003 -2.201289 -2.441899
 61.780003 -2.205231 -2.326020
 61.980003 -1.918885 -2.308889
 62.180003 -2.419554 -2.526155
 62.380003 -1.903254 -2.296589
 62.580003 -2.342680 -2.524659
 62.780003 -2.035361 -2.271207
 62.980003 -1.956865 -2.406779
 63.180003 -2.375731 -2.342050
 63.380003 -1.948464 -2.273524
 63.580003 -2.129590 -2.287829
 63.780003 -1.984016 -2.342708
 63.980003 -2.011416 -2.303228
 64.180003 -2.181002 -2.402784
 64.380003 -2.045508 -2.265494
 64.580003 -2.173045 -2.295886
 64.780003 -2.028244 -2.436790
 64.980003 -2.089247 -2.132321
 65.180003 -2.377916 -2.452329
 65.380003 -1.955342 -2.313732
 65.580003 -2.260118 -2.312140
 65.780003 -2.092769 -2.613459
 65.980003 -1.926149 -2.132219
 66.180003 -2.335205 -2.566745
 66.380003 -2.100928 -2.397098
 66.580003 -1.995842 -2.142860
 66.780003 -2.368479 -2.667537
 66.980003 -1.934906 -2.128599
 67.180003 -2.182144 -2.453138
 67.380003 -2.112908 -2.400843
 67.580003 -1.937897 -2.178257
 67.780003 -2.233878 -2.496862
 67.980003 -1.908945 -2.067826
 68.180003 -2.115594 -2.493360
 68.380003 -2.045434 -2.282090
 68.580003 -1.949257 -2.070304
 68.780003 -2.225055 -2.450248
 68.980003 -1.916138 -2.099540
 69.180003 -1.896099 -2.415048
 69.380003 -2.123289 -2.404099
 69.580003 -1.808219 -2.189778
 69.780003 -2.277619 -2.393099
 69.980003 -2.051764 -2.259740
 70.180003 -2.054626 -2.276187
 70.380003 -2.051816 -2.456904
 70.580003 -1.964695 -2.199966
 70.780003 -2.230173 -2.382913
 70.980003 -2.004291 -2.195534
 71.180003 -1.993942 -2.258181
 71.380003 -1.990648 -2.657018
 71.580003 -1.837065 -1.876416
 71.780003 -2.208663 -2.543585
 71.980003 -2.101469 -2.203907
 72.180003 -1.857337 -2.174206
 72.380003 -2.038797 -2.460796
 72.580003 -1.946683 -2.019364
 72.780003 -2.148804 -2.381139
 72.980003 -2.212778 -2.225812
 73.180003 -1.775477 -2.256033
 73.380003 -2.152924 -2.441647
 73.580003 -1.925249 -2.305423
 73.780004 -2.139676 -2.323331
 73.980004 -2.094517 -2.252908
 74.180004 -1.988549 -2.373807
 74.380004 -2.123898 -2.292210
 74.580004 -1.952424 -2.309763
 74.780004 -2.115307 -2.142842
 74.980004 -2.120956 -2.353498
 75.180004 -2.106561 -2.315422
 75.380004 -2.005422 -2.352080
 75.580004 -2.051230 -2.389344
 75.780004 -2.211440 -2.056149
 75.980004 -2.018966 -2.595370
 76.180004 -2.117518 -2.085219
 76.380004 -2.019020 -2.261482
 76.580004 -2.095852 -2.386308
 76.780004 -2.130822 -2.122953
 76.980004 -1.910482 -2.628407
 77.180004 -2.271782 -2.127702
 77.380004 -1.744854 -2.242653
 77.580004 -2.390295 -2.529442
 77.780004 -1.949560 -2.106586
 77.980004 -2.098506 -2.511904
 78.180004 -2.278749 -2.359086
 78.380004 -1.716793 -2.191327
 78.580004 -2.357608 -2.543998
 78.780004 -1.847546 -2.221660
 78.980004 -2.253671 -2.379448
 79.180004 -2.228008 -2.562005
 79.380004 -1.958301 -2.058318
 79.580004 -2.341910 -2.554939
 79.780004 -1.731609 -2.427981
 79.980004 -2.293105 -2.170146
 80.180004 -2.029821 -2.714171
 80.380004 -2.146082 -2.198532
 80.580004 -2.121733 -2.300206
 80.780004 -1.878724 -2.437562
 80.980004 -2.272484 -2.123870
 81.180004 -1.891657 -2.475114
 81.380004 -2.329769 -2.147374
 81.580004 -2.031993 -2.261609
 81.780004 -2.110980 -2.365880
 81.980004 -2.196284 -2.218701
 82.180004 -1.862201 -2.450407
 82.380004 -2.374179 -2.282358
 82.580004 -1.851893 -2.434251
 82.780004 -2.208932 -2.145882
 82.980004 -2.112464 -2.510166
 83.180004 -1.902120 -2.222077
 83.380004 -2.302805 -2.375414
 83.580004 -1.840517 -2.512589
 83.780004 -2.165546 -2.039819
 83.980004 -1.992469 -2.508204
 84.180004 -2.013959 -2.171223
 84.380004 -2.044008 -2.394676
 84.580004 -1.925546 -2.443924
 84.780004 -2.105280 -1.951369
 84.980004 -1.993601 -2.802143
 85.180004 -2.190672 -1.918661
 85.380004 -1.880343 -2.487879
 85.580004 -2.082068 -2.383847
 85.780004 -1.865307 -2.156981
 85.980004 -2.090536 -2.807256
 86.180004 -2.153055 -1.947536
 86.380004 -1.925206 -2.492673
 86.580004 -2.217275 -2.478269
 86.780004 -1.850660 -1.986993
 86.980004 -2.341118 -2.696187
 87.180004 -2.077155 -2.152926
 87.380004 -1.946424 -2.241046
 87.580004 -2.272803 -2.500970
 87.780004 -1.815896 -2.134635
 87.980004 -2.272384 -2.487904
 88.180004 -2.044261 -2.229211
 88.380004 -2.120061 -2.328900
 88.580004 -2.238362 -2.390675
 88.780004 -1.870089 -2.318977
 88.980004 -2.203741 -2.326958
 89.180004 -1.842444 -2.414271
 89.380004 -2.277516 -2.161374
 89.580004 -2.021888 -2.422646
 89.780004 -2.221387 -2.233340
 89.980004 -2.172900 -2.381691
 90.180004 -1.758689 -2.241152
 90.380004 -2.500949 -2.302489
 90.580004 -1.808222 -2.319893
 90.780004 -2.297932 -2.172905
 90.980004 -1.924660 -2.492269
 91.180004 -1.894148 -2.197128
 91.380004 -2.019275 -2.316876
 91.580004 -1.834265 -2.465160
 91.780004 -2.197158 -1.971272
 91.980004 -1.836620 -2.766925
 92.180004 -2.229818 -2.256779
 92.380004 -2.070890 -2.460410
 92.580004 -1.942236 -2.531659
 92.780004 -2.155488 -1.994596
 92.980004 -2.014496 -2.734391
 93.180004 -2.255974 -1.948857
 93.380004 -2.004335 -2.445241
 93.580004 -2.247316 -2.469102
 93.780004 -1.864596 -2.105188
 93.980004 -2.107087 -2.559761
 94.180004 -2.108115 -2.281378
 94.380004 -1.873310 -2.181592
 94.580004 -2.394024 -2.393389
 94.780005 -1.815461 -2.216161
 94.980005 -2.257159 -2.170825
 95.180005 -2.029604 -2.559191
 95.380005 -2.068049 -2.082680
 95.580005 -2.251661 -2.389390
 95.780005 -1.933907 -2.467897
 95.980005 -2.247889 -2.093814
 96.180005 -1.876886 -2.575598
 96.380005 -2.159595 -2.178282
 96.580005 -2.248356 -2.477998
 96.780005 -2.069651 -2.287739
 96.980005 -2.284770 -2.291917
 97.180005 -2.097906 -2.423909
 97.380005 -2.170322 -2.250025
 97.580005 -2.108760 -2.465516
 97.780005 -2.219113 -2.209592
 97.980005 -2.158178 -2.331880
 98.180005 -2.127797 -2.403281
 98.380005 -2.141645 -2.139066
 98.580005 -2.059436 -2.458815
 98.780005 -2.104332 -2.225024
 98.980005 -2.075653 -2.185444
 99.180005 -2.216270 -2.486175
 99.380005 -2.105105 -2.019847
 99.580005 -1.992032 -2.520738
 99.780005 -2.233880 -2.157458
 99.980005 -2.011496 -2.243628
 100.180005 -2.315196 -2.307710
 100.380005 -2.131241 -2.123150
 100.580005 -2.010570 -2.572064
 100.780005 -2.175569 -2.132916
 100.980005 -1.920623 -2.440576
 101.180005 -2.260951 -2.417604
 101.380005 -1.849527 -1.976463
 101.580005 -2.273032 -2.493655
 101.780005 -2.033295 -1.982094
 101.980005 -2.006874 -2.444361
 102.180005 -2.300606 -2.311160
 102.380005 -1.759567 -2.176009
 102.580005 -2.386345 -2.468510
 102.780005 -1.887843 -2.343219
 102.980005 -2.154315 -2.327146
 103.180005 -2.120074 -2.455073
 103.380005 -1.962145 -2.118266
 103.580005 -2.420964 -2.360810
 103.780005 -1.925396 -2.375948
 103.980005 -2.386802 -2.007624
 104.180005 -1.974844 -2.609129
 104.380005 -2.116122 -2.049654
 104.580005 -2.186689 -2.534886
 104.780005 -1.902193 -2.512649
 104.980005 -2.331207 -2.015046
 105.180005 -1.947626 -2.738969
 105.380005 -2.269583 -2.084029
 105.580005 -2.087588 -2.674933
 105.780005 -2.060361 -2.508205
 105.980005 -2.215835 -2.141627
 106.180005 -1.986325 -2.759322
 106.380005 -2.372266 -2.201910
 106.580005 -2.021414 -2.324990
 106.780005 -2.253783 -2.441684
 106.980005 -2.221732 -1.997830
 107.180005 -2.032140 -2.652861
 107.380005 -2.330104 -2.059632
 107.580005 -1.959644 -2.449699
 107.780005 -2.315335 -2.235755
 107.980005 -2.010480 -2.270883
 108.180005 -2.156281 -2.395709
 108.380005 -2.239481 -1.977365
 108.580005 -2.003337 -2.437902
 108.780005 -2.379768 -2.158250
 108.980005 -1.954663 -2.238573
 109.180005 -2.201576 -2.377371
 109.380005 -2.160124 -2.139030
 109.580005 -2.023169 -2.435786
 109.780005 -2.293983 -2.255621
 109.980005 -1.725498 -2.409418
 110.180005 -2.438511 -2.385441
 110.380005 -2.063023 -2.164950
 110.580005 -2.210960 -2.526572
 110.780005 -2.201554 -2.350350
 110.980005 -1.821706 -2.284813
 111.180005 -2.290465 -2.514482
 111.380005 -1.851816 -2.200194
 111.580005 -2.414600 -2.522395
 111.780005 -1.957041 -2.297359
 111.980005 -1.954935 -2.326907
 112.180005 -2.335211 -2.349219
 112.380005 -1.806850 -2.306423
 112.580005 -2.378758 -2.316904
 112.780005 -1.842251 -2.249009
 112.980005 -2.237132 -2.387514
 113.180005 -1.986367 -2.304435
 113.380005 -1.975991 -2.305223
 113.580005 -2.204340 -2.292002
 113.780005 -1.891328 -2.345072
 113.980005 -2.192550 -2.211406
 114.180005 -1.920699 -2.425319
 114.380005 -2.007807 -2.319625
 114.580005 -2.100535 -2.327762
 114.780005 -2.054405 -2.492925
 114.980005 -2.022258 -2.155299
 115.180005 -2.038217 -2.463503
 115.380005 -2.124633 -2.128424
 115.580005 -2.089154 -2.270345
 115.780005 -2.143174 -2.571152
 115.980006 -1.992510 -1.962585
 116.180006 -1.889585 -2.606501
 116.380006 -2.107474 -2.228709
 116.580006 -1.972031 -2.229760
 116.780006 -2.161543 -2.544563
 116.980006 -2.205199 -2.005771
 117.180006 -1.892304 -2.514676
 117.380006 -2.215525 -2.155622
 117.580006 -1.930671 -2.345209
 117.780006 -2.139148 -2.449559
 117.980006 -2.042437 -2.233727
 118.180006 -2.101685 -2.503022
 118.380006 -2.090485 -2.226139
 118.580006 -2.026429 -2.443931
 118.780006 -2.343678 -2.325140
 118.980006 -2.032243 -2.393504
 119.180006 -2.083431 -2.256439
 119.380006 -2.133775 -2.353002
 119.580006 -2.045177 -2.329140
 119.780006 -2.296177 -2.431414
 119.980006 -2.032051 -2.359582
 120.180006 -2.084939 -2.172397
 120.380006 -2.059182 -2.451749
 120.580006 -2.047852 -2.214721
 120.780006 -2.194251 -2.500383
 120.980006 -2.103469 -2.242161
 121.180006 -2.107475 -2.214068
 121.380006 -2.027978 -2.439730
 121.580006 -2.054128 -2.141326
 121.780006 -2.043987 -2.383665
 121.980006 -1.969580 -2.158365
 122.180006 -1.995720 -2.335505
 122.380006 -1.912833 -2.240661
 122.580006 -1.938152 -2.291480
 122.780006 -2.152109 -2.332935
 122.980006 -1.921601 -2.210490
 123.180006 -2.067274 -2.299903
 123.380006 -2.026712 -2.293370
 123.580006 -1.996506 -2.041029
 123.780006 -2.227774 -2.396749
 123.980006 -1.959394 -2.150627
 124.180006 -2.014086 -2.227387
 124.380006 -2.097022 -2.444547
 124.580006 -2.075747 -2.215106
 124.780006 -2.064527 -2.524487
 124.980006 -2.240103 -2.178082
 125.180006 -2.108629 -2.460407
 125.380006 -2.199684 -2.394548
 125.580006 -1.987439 -2.263447
 125.780006 -2.002802 -2.455369
 125.980006 -2.152902 -2.271758
 126.180006 -2.070374 -2.298106
 126.380006 -2.243510 -2.446972
 126.580006 -1.911605 -2.122756
 126.780006 -2.158097 -2.465791
 126.980006 -2.159708 -2.284660
 127.180006 -2.074501 -2.336522
 127.380006 -2.259510 -2.400479
 127.580006 -1.896099 -2.160539
 127.780006 -2.270010 -2.274839
 127.980006 -2.194757 -2.341609
 128.180006 -1.990060 -2.136415
 128.380006 -2.178553 -2.442644
 128.580006 -1.799730 -2.216962
 128.780006 -2.193068 -2.134193
 128.980006 -2.156216 -2.534458
 129.180006 -1.981979 -2.022329
 129.380006 -2.028688 -2.398423
 129.580006 -2.057383 -2.364548
 129.780006 -2.050436 -2.066874
 129.980006 -2.143289 -2.438534
 130.180006 -2.109613 -2.124792
 130.380006 -2.022954 -2.226383
 130.580006 -2.265799 -2.335260
 130.780006 -2.010101 -2.127301
 130.980006 -2.030669 -2.345283
 131.180006 -2.082154 -2.216087
 131.380006 -1.854467 -2.282387
 131.580006 -2.220224 -2.482913
 131.780006 -1.983643 -2.117184
 131.980006 -2.064482 -2.451904
 132.180006 -2.167257 -2.429343
 132.380006 -1.929604 -2.183444
 132.580006 -2.139127 -2.453220
 132.780006 -1.945393 -2.239622
 132.980006 -2.107629 -2.346450
 133.180006 -2.265107 -2.329589
 133.380006 -2.034103 -2.314305
 133.580006 -2.108797 -2.432629
 133.780006 -2.079811 -2.376692
 133.980006 -2.051537 -2.435625
 134.180006 -2.201313 -2.286237
 134.380006 -2.012269 -2.355532
 134.580006 -2.093082 -2.362998
 134.780006 -2.093328 -2.469517
 134.980006 -1.988680 -2.308884
 135.180006 -2.180506 -2.480838
 135.380006 -2.013253 -2.259836
 135.580006 -2.147006 -2.375847
 135.780006 -2.148087 -2.373916
 135.980006 -2.090162 -2.152011
 136.180006 -2.176338 -2.328963
 136.380006 -2.130813 -2.355352
 136.580006 -2.103307 -2.301490
 136.780006 -2.108963 -2.390663
 136.980007 -2.068947 -2.289057
 137.180007 -2.023384 -2.438014
 137.380007 -2.087627 -2.274755
 137.580007 -1.982134 -2.337558
 137.780007 -2.077012 -2.378590
 137.980007 -1.996679 -2.166143
 138.180007 -2.029904 -2.362066
 138.380007 -2.194402 -2.325752
 138.580007 -2.011570 -2.232656
 138.780007 -2.265419 -2.228407
 138.980007 -2.055675 -2.278004
 139.180007 -2.209371 -2.354059
 139.380007 -2.186923 -2.280947
 139.580007 -2.039782 -2.302712
 139.780007 -2.187292 -2.323957
 139.980007 -1.902645 -2.347510
 140.180007 -2.127562 -2.279338
 140.380007 -2.027119 -2.375878
 140.580007 -1.982297 -2.257128
 140.780007 -2.017442 -2.252368
 140.980007 -1.972546 -2.384916
 141.180007 -2.262876 -2.118819
 141.380007 -1.948154 -2.345886
 141.580007 -2.136316 -2.243546
 141.780007 -1.906317 -2.409401
 141.980007 -1.974943 -2.346199
 142.180007 -2.123773 -2.345513
 142.380007 -1.976031 -2.483713
 142.580007 -2.141023 -2.214307
 142.780007 -1.925842 -2.452339
 142.980007 -2.288711 -2.153911
 143.180007 -2.128147 -2.365805
 143.380007 -2.087221 -2.417203
 143.580007 -2.156843 -2.167226
 143.780007 -1.913370 -2.584284
 143.980007 -2.227985 -2.303737
 144.180007 -2.032058 -2.379761
 144.380007 -2.146705 -2.497299
 144.580007 -2.071227 -2.203618
 144.780007 -2.172124 -2.425047
 144.980007 -2.100678 -2.386971
 145.180007 -2.048857 -2.341662
 145.380007 -2.379559 -2.502459
 145.580007 -2.032752 -2.236273
 145.780007 -2.304202 -2.443385
 145.980007 -2.311849 -2.548784
 146.180007 -1.997585 -2.206858
 146.380007 -2.374030 -2.595853
 146.580007 -1.857617 -2.198191
 146.780007 -2.202920 -2.391732
 146.980007 -2.083386 -2.426202
 147.180007 -2.032039 -2.200598
 147.380007 -2.198165 -2.430852
 147.580007 -1.974644 -2.235256
 147.780007 -2.182143 -2.261681
 147.980007 -2.225860 -2.604942
 148.180007 -2.020780 -2.096144
 148.380007 -2.141228 -2.468403
 148.580007 -2.011482 -2.354100
 148.780007 -2.185672 -2.357144
 148.980007 -2.205219 -2.469907
 149.180007 -2.028119 -2.074332
 149.380007 -2.259687 -2.502011
 149.580007 -1.987174 -2.275542
 149.780007 -2.128158 -2.393966
 149.980007 -2.064846 -2.391506
 150.180007 -1.992923 -2.108032
 150.380007 -2.336500 -2.576223
 150.580007 -1.915507 -1.970682
 150.780007 -2.241833 -2.461836
 150.980007 -2.054478 -2.148888
 151.180007 -2.035487 -2.291768
 151.380007 -2.246573 -2.556801
 151.580007 -1.894001 -2.016439
 151.780007 -2.289672 -2.619858
 151.980007 -2.029221 -2.023164
 152.180007 -2.184151 -2.417592
 152.380007 -2.118938 -2.399643
 152.580007 -1.915309 -2.208536
 152.780007 -2.177456 -2.569013
 152.980007 -1.962815 -2.054437
 153.180007 -2.211926 -2.564458
 153.380007 -2.165185 -2.225723
 153.580007 -1.967030 -2.327745
 153.780007 -2.077303 -2.481968
 153.980007 -2.042140 -2.159743
 154.180007 -2.113613 -2.620267
 154.380007 -2.043123 -2.198660
 154.580007 -1.955939 -2.256324
 154.780007 -2.093711 -2.352454
 154.980007 -2.174295 -2.218721
 155.180007 -2.037600 -2.410436
 155.380007 -2.207384 -2.208310
 155.580007 -1.948852 -2.309898
 155.780007 -2.284747 -2.409809
 155.980007 -1.936888 -2.156364
 156.180007 -2.164171 -2.495270
 156.380007 -2.158550 -2.237773
 156.580007 -1.978163 -2.267991
 156.780007 -2.242558 -2.455116
 156.980007 -1.938075 -2.154689
 157.180007 -2.262611 -2.507436
 157.380007 -2.002422 -2.144096
 157.580007 -1.988985 -2.327686
 157.780007 -2.212258 -2.469588
 157.980008 -1.751498 -1.898061
 158.180008 -2.300127 -2.627907
 158.380008 -1.852580 -2.176777
 158.580008 -2.097870 -2.081490
 158.780008 -2.113624 -2.664389
 158.980008 -1.926788 -1.927467
 159.180008 -2.134896 -2.396558
 159.380008 -1.988785 -2.377521
 159.580008 -2.115271 -1.945713
 159.780008 -2.215764 -2.598353
 159.980008 -2.051921 -1.920661
 160.180008 -2.091485 -2.471668
 160.380008 -2.116009 -2.243444
 160.580008 -1.963759 -2.230283
 160.780008 -2.087422 -2.457541
 160.980008 -2.173787 -2.103991
 161.180008 -2.030827 -2.522639
 161.380008 -2.175225 -2.138738
 161.580008 -1.989415 -2.357059
 161.780008 -2.067566 -2.355834
 161.980008 -2.186238 -2.326072
 162.180008 -1.953812 -2.388146
 162.380008 -2.327408 -2.242240
 162.580008 -1.899091 -2.328828
 162.780008 -2.210361 -2.335230
 162.980008 -1.967255 -2.195536
 163.180008 -2.121276 -2.428672
 163.380008 -2.159152 -2.330562
 163.580008 -2.000035 -2.344007
 163.780008 -2.172540 -2.457346
 163.980008 -2.014782 -2.203971
 164.180008 -2.119593 -2.556783
 164.380008 -2.090086 -2.381383
 164.580008 -2.025446 -2.196940
 164.780008 -2.152884 -2.520972
 164.980008 -1.961735 -2.258928
 165.180008 -2.122063 -2.487162
 165.380008 -2.115390 -2.277293
 165.580008 -1.962582 -2.381040
 165.780008 -2.193992 -2.460463
 165.980008 -1.897449 -2.290884
 166.180008 -2.249763 -2.426281
 166.380008 -1.984668 -2.446921
 166.580008 -2.063231 -2.246817
 166.780008 -2.155087 -2.346894
 166.980008 -2.073479 -2.293371
 167.180008 -2.268597 -2.265284
 167.380008 -1.876992 -2.383819
 167.580008 -2.146810 -2.111482
 167.780008 -1.875015 -2.374429
 167.980008 -2.114553 -2.315493
 168.180008 -1.975851 -2.240547
 168.380008 -2.021921 -2.375182
 168.580008 -2.097820 -2.231931
 168.780008 -2.051713 -2.286338
 168.980008 -2.261122 -2.375661
 169.180008 -1.936568 -2.263071
 169.380008 -2.241468 -2.300939
 169.580008 -1.928387 -2.237016
 169.780008 -1.987404 -2.381664
 169.980008 -2.219737 -2.478272
 170.180008 -1.959408 -2.062356
 170.380008 -2.359346 -2.606514
 170.580008 -1.879434 -2.295107
 170.780008 -2.248435 -2.280089
 170.980008 -1.956914 -2.423731
 171.180008 -2.038910 -2.223506
 171.380008 -2.280746 -2.385608
 171.580008 -2.118691 -2.150829
 171.780008 -2.270205 -2.353814
 171.980008 -1.890049 -2.511292
 172.180008 -2.178212 -2.204317
 172.380008 -2.005357 -2.593580
 172.580008 -1.998997 -2.406690
 172.780008 -2.203607 -2.104386
 172.980008 -2.070485 -2.454754
 173.180008 -2.112621 -2.002167
 173.380008 -2.006434 -2.471242
 173.580008 -2.176886 -2.301939
 173.780008 -1.917394 -2.251547
 173.980008 -2.035945 -2.604422
 174.180008 -2.208114 -2.182366
 174.380008 -1.922868 -2.398753
 174.580008 -2.233484 -2.226100
 174.780008 -1.872327 -2.315160
 174.980008 -2.073341 -2.324626
 175.180008 -2.115389 -2.218190
 175.380008 -2.041563 -2.529447
 175.580008 -2.263519 -2.311176
 175.780008 -1.810732 -2.447851
 175.980008 -2.381500 -2.375975
 176.180008 -1.902625 -2.464189
 176.380008 -2.266612 -2.272035
 176.580008 -2.186701 -2.424706
 176.780008 -1.977428 -2.167737
 176.980008 -2.218577 -2.385986
 177.180008 -1.992908 -2.167780
 177.380008 -2.167939 -2.295096
 177.580008 -1.927744 -2.399921
 177.780008 -2.112329 -2.261986
 177.980008 -2.213984 -2.641213
 178.180008 -2.031107 -2.221573
 178.380008 -2.345435 -2.478886
 178.580008 -1.726345 -2.454407
 178.780008 -2.154176 -2.150171
 178.980009 -2.082052 -2.509095
 179.180009 -2.056363 -2.137344
 179.380009 -2.211134 -2.274661
 179.580009 -1.927508 -2.565513
 179.780009 -2.190301 -2.086659
 179.980009 -2.063926 -2.397226
 180.180009 -2.081957 -2.178060
 180.380009 -2.207128 -2.179439
 180.580009 -2.020941 -2.380235
 180.780009 -2.126446 -2.157770
 180.980009 -2.006050 -2.382070
 181.180009 -2.100860 -2.339752
 181.380009 -2.050311 -2.065178
 181.580009 -2.119837 -2.425892
 181.780009 -2.171513 -2.205437
 181.980009 -1.919743 -2.193539
 182.180009 -2.453416 -2.594269
 182.380009 -1.974957 -2.056066
 182.580009 -1.969503 -2.574228
 182.780009 -2.239770 -2.318982
 182.980009 -1.882040 -2.369255
 183.180009 -2.421683 -2.414333
 183.380009 -2.053202 -2.339297
 183.580009 -1.962462 -2.240405
 183.780009 -2.234542 -2.392152
 183.980009 -1.801708 -2.358991
 184.180009 -2.398616 -2.242523
 184.380009 -1.888739 -2.475299
 184.580009 -2.243223 -2.217233
 184.780009 -2.056441 -2.307389
 184.980009 -2.077165 -2.446829
 185.180009 -2.319648 -2.373804
 185.380009 -1.975857 -2.448829
 185.580009 -2.246127 -2.285290
 185.780009 -1.900708 -2.453240
 185.980009 -2.081173 -2.191286
 186.180009 -2.267845 -2.407238
 186.380009 -2.018723 -2.336484
 186.580009 -2.167215 -2.317191
 186.780009 -1.835104 -2.457269
 186.980009 -2.080892 -2.082486
 187.180009 -2.220809 -2.579903
 187.380009 -1.956164 -2.176416
 187.580009 -2.045695 -2.172631
 187.780009 -1.962379 -2.397113
 187.980009 -2.091365 -1.928178
 188.180009 -2.172068 -2.562812
 188.380009 -2.080038 -2.120459
 188.580009 -1.888142 -2.409054
 188.780009 -2.187332 -2.485800
 188.980009 -2.202771 -2.256299
 189.180009 -2.093552 -2.498799
 189.380009 -2.256341 -2.170733
 189.580009 -1.860050 -2.351736
 189.780009 -2.022299 -2.236889
 189.980009 -2.229826 -2.419636
 190.180009 -2.110703 -2.254731
 190.380009 -2.145366 -2.308053
 190.580009 -1.855646 -2.441951
 190.780009 -2.128375 -2.278650
 190.980009 -2.079965 -2.499250
 191.180009 -2.016109 -2.207870
 191.380009 -2.176942 -2.227834
 191.580009 -1.955777 -2.337774
 191.780009 -2.180160 -2.243803
 191.980009 -1.928442 -2.328868
 192.180009 -2.122705 -2.146356
 192.380009 -2.205980 -2.469685
 192.580009 -1.863938 -2.323259
 192.780009 -2.307322 -2.395637
 192.980009 -1.667414 -2.434711
 193.180009 -2.295606 -2.146154
 193.380009 -1.815693 -2.443974
 193.580009 -2.100559 -2.199454
 193.780009 -2.144131 -2.350440
 193.980009 -1.889493 -2.208156
 194.180009 -2.310369 -2.326278
 194.380009 -1.760848 -2.266067
 194.580009 -2.201028 -2.196978
 194.780009 -1.863149 -2.445374
 194.980009 -2.074511 -2.184258
 195.180009 -2.137172 -2.414717
 195.380009 -1.969182 -2.259908
 195.580009 -2.182726 -2.278166
 195.780009 -1.910908 -2.483024
 195.980009 -2.243284 -2.160854
 196.180009 -1.891943 -2.595177
 196.380009 -2.165798 -2.378691
 196.580009 -1.982580 -2.232090
 196.780009 -2.203270 -2.631996
 196.980009 -2.282148 -1.902196
 197.180009 -2.095497 -2.567756
 197.380009 -2.310111 -2.073332
 197.580009 -2.005235 -2.382349
 197.780009 -2.112028 -2.330920
 197.980009 -2.043235 -2.183839
 198.180009 -1.926760 -2.375271
 198.380009 -2.203035 -2.363878
 198.580009 -1.842724 -2.125317
 198.780009 -2.245306 -2.339404
 198.980009 -1.924753 -2.235788
 199.180009 -2.117749 -2.144613
 199.380009 -2.074675 -2.499421
 199.580009 -1.985493 -2.061812
 199.780009 -2.227886 -2.547104
 199.980009 -1.810850 -2.251133
