#! FIELDS time phi psi
#! SET max_psi pi
 0.180000 -0.269962 2.066553
 0.380000 -0.207675 1.261563
 0.580000 -0.061189 1.773413
 0.780000 -1.048681 1.280606
 0.980000 -0.572188 1.592074
 1.180000 0.260519 1.304000
 1.380000 -0.031008 1.514535
 1.580000 -0.261178 1.503600
 1.780000 -0.528592 1.321946
 1.980000 -0.440928 1.438338
 2.180000 -0.139735 1.451285
 2.380000 -0.321650 1.514649
 2.580000 -0.129062 1.498328
 2.780000 -0.570225 1.373206
 2.980000 -0.419844 1.622363
 3.180000 -0.250006 1.398526
 3.380000 -0.290778 1.619366
 3.580000 -0.725150 1.399904
 3.780000 -0.699483 1.673298
 3.980000 -0.296071 1.314549
 4.180000 -0.244394 1.568205
 4.380000 -0.268149 1.355137
 4.580000 -0.335460 1.754915
 4.780000 -0.486705 1.266842
 4.980000 -0.511389 1.604178
 5.180000 -0.144467 1.355890
 5.380000 -0.218237 1.518824
 5.580000 -0.637333 1.538081
 5.780000 -0.414738 1.435893
 5.980000 -0.219763 1.507809
 6.180000 -0.443983 1.543285
 6.380000 -0.393576 1.420883
 6.580000 -0.353545 1.418821
 6.780000 -0.755542 1.670184
 6.980000 -0.548335 1.509229
 7.180000 -0.267873 1.558144
 7.380000 -0.595227 1.438568
 7.580000 -0.291326 1.443995
 7.780000 -0.094935 1.439619
 7.980000 -0.530904 1.534270
 8.180000 -0.306531 1.454952
 8.380000 -0.140166 1.478219
 8.580000 -0.465029 1.658703
 8.780000 -0.290164 1.253123
 8.980000 -0.362270 1.544438
 9.180000 -0.412127 1.421042
 9.380000 -0.314962 1.627439
 9.580000 -0.447090 1.475474
 9.780000 -0.397190 1.418777
 9.980000 -0.298327 1.546538
 10.180000 -0.425266 1.569474
 10.380000 -0.559045 1.527584
 10.580001 -0.583203 1.619885
 10.780001 -0.366606 1.347751
 10.980001 -0.496428 1.501619
 11.180001 -0.468723 1.473031
 11.380001 -0.466604 1.727713
 11.580001 -0.567191 1.217868
 11.780001 -0.328415 1.609534
 11.980001 -0.016996 1.313242
 12.180001 -0.413543 1.577298
 12.380001 -0.271816 1.409972
 12.580001 -0.171198 1.647976
 12.780001 -0.553548 1.144368
 12.980001 -0.368012 1.662093
 13.180001 -0.195692 1.364987
 13.380001 -0.573063 1.586889
 13.580001 -0.691846 1.450249
 13.780001 -0.276596 1.626570
 13.980001 -0.504698 1.478937
 14.180001 -0.597821 1.518028
 14.380001 -0.291970 1.494300
 14.580001 -0.291712 1.573933
 14.780001 -0.667320 1.564943
 14.980001 -0.427165 1.566495
 15.180001 -0.200900 1.440828
 15.380001 -0.448745 1.544653
 15.580001 -0.619670 1.546555
 15.780001 -0.226720 1.613449
 15.980001 -0.311470 1.264797
 16.180001 -0.396692 1.548182
 16.380001 -0.297314 1.353732
 16.580001 -0.307981 1.524949
 16.780001 -0.503583 1.460240
 16.980001 -0.443539 1.509192
 17.180001 -0.418416 1.465302
 17.380001 -0.478107 1.466916
 17.580001 -0.444079 1.509508
 17.780001 -0.245658 1.465074
 17.980001 -0.523635 1.508060
 18.180001 -0.451739 1.353063
 18.380001 -0.374513 1.641713
 18.580001 -0.445434 1.497847
 18.780001 -0.593057 1.576004
 18.980001 -0.426830 1.375132
 19.180001 -0.398546 1.635187
 19.380001 -0.538638 1.350384
 19.580001 -0.446677 1.592117
 19.780001 -0.107421 1.436856
 19.980001 -0.424066 1.484522
 20.180001 -0.437405 1.314784
 20.380001 -0.185377 1.628223
 20.580001 -0.166170 1.371003
 20.780001 -0.524227 1.607662
 20.980001 -0.258141 1.432013
 21.180001 -0.191208 1.517138
 21.380001 -0.550563 1.372584
 21.580001 -0.268653 1.630596
 21.780001 -0.242187 1.293679
 21.980001 -0.598545 1.732042
 22.180001 -0.702772 1.429725
 22.380001 -0.062490 1.526610
 22.580001 -0.427734 1.601673
 22.780001 -0.636442 1.486531
 22.980001 -0.422998 1.476802
 23.180001 -0.198321 1.538091
 23.380001 -0.309579 1.364789
 23.580001 -0.589711 1.575861
 23.780001 -0.379471 1.528809
 23.980001 -0.333030 1.505279
 24.180001 -0.406489 1.388048
 24.380001 -0.302224 1.568691
 24.580001 -0.456304 1.445764
 24.780001 -0.177279 1.382818
 24.980001 -0.243985 1.425426
 25.180001 -0.290272 1.513205
 25.380001 -0.613701 1.401863
 25.580001 -0.438559 1.612125
 25.780001 -0.374307 1.381883
 25.980001 -0.708027 1.615044
 26.180001 -0.650997 1.501325
 26.380001 -0.326866 1.557067
 26.580001 -0.647616 1.418563
 26.780001 -0.570917 1.748065
 26.980001 -0.458725 1.419830
 27.180001 -0.157180 1.448579
 27.380001 -0.398650 1.446222
 27.580001 0.043882 1.366231
 27.780001 -0.185869 1.500693
 27.980001 -0.405661 1.512897
 28.180001 -0.392181 1.344734
 28.380001 -0.135598 1.552240
 28.580001 -0.465913 1.439448
 28.780001 -0.537442 1.526210
 28.980001 -0.311889 1.382182
 29.180001 -0.643006 1.798781
 29.380001 -0.635096 1.461837
 29.580001 -0.456339 1.733648
 29.780001 -0.549874 1.243762
 29.980001 -0.359764 1.653999
 30.180001 -0.351769 1.302255
 30.380001 -0.518628 1.699126
 30.580001 -0.519383 1.293653
 30.780001 -0.004597 1.613039
 30.980001 -0.140638 1.254277
 31.180001 -0.681380 1.491550
 31.380001 -0.375990 1.603504
 31.580001 -0.002230 1.471828
 31.780002 -0.531660 1.481986
 31.980002 -0.511814 1.516301
 32.180002 -0.223280 1.486554
 32.380002 -0.498064 1.552544
 32.580002 -0.437989 1.657961
 32.780002 -0.416643 1.221860
 32.980002 -0.750242 1.718767
 33.180002 -0.249848 1.273332
 33.380002 0.036978 1.570995
 33.580002 -0.681842 1.416724
 33.780002 -0.533335 1.555708
 33.980002 -0.066351 1.383938
 34.180002 -0.536749 1.610650
 34.380002 -0.550936 1.369837
 34.580002 -0.071138 1.710741
 34.780002 -0.731517 1.203523
 34.980002 -0.507972 1.614407
 35.180002 -0.075909 1.347303
 35.380002 -0.499788 1.611743
 35.580002 -0.602636 1.113438
 35.780002 -0.184844 1.650212
 35.980002 -0.368408 1.568546
 36.180002 -0.669974 1.511903
 36.380002 -0.359201 1.418506
 36.580002 -0.327367 1.600077
 36.780002 -0.633645 1.445650
 36.980002 -0.361917 1.386542
 37.180002 -0.092928 1.468517
 37.380002 -0.549885 1.499920
 37.580002 -0.258530 1.306015
 37.780002 -0.122677 1.619977
 37.980002 -0.554969 1.442319
 38.180002 -0.371902 1.430153
 38.380002 -0.037895 1.505226
 38.580002 -0.738478 1.478937
 38.780002 -0.443068 1.394213
 38.980002 -0.136182 1.608423
 39.180002 -0.840373 1.557987
 39.380002 -0.729081 1.457201
 39.580002 -0.075005 1.509448
 39.780002 -0.481851 1.500484
 39.980002 -0.454184 1.423301
 40.180002 -0.122312 1.538991
 40.380002 -0.296253 1.320903
 40.580002 -0.432836 1.645127
 40.780002 -0.193300 1.312255
 40.980002 -0.112362 1.512870
 41.180002 -0.513700 1.446981
 41.380002 -0.423115 1.486065
 41.580002 -0.044540 1.410786
 41.780002 -0.610010 1.518107
 41.980002 -0.791541 1.609660
 42.180002 -0.457358 1.601098
 42.380002 -0.431423 1.524408
 42.580002 -0.507743 1.486701
 42.780002 -0.259381 1.565479
 42.980002 -0.349248 1.297914
 43.180002 -0.720054 1.654906
 43.380002 -0.392824 1.342620
 43.580002 -0.019215 1.437489
 43.780002 -0.304646 1.352201
 43.980002 -0.539097 1.590087
 44.180002 -0.277197 1.498918
 44.380002 -0.341683 1.348665
 44.580002 -0.420374 1.575570
 44.780002 -0.159504 1.474494
 44.980002 -0.456389 1.514192
 45.180002 -0.831032 1.613445
 45.380002 -0.349105 1.646483
 45.580002 -0.317315 1.457789
 45.780002 -0.562429 1.486009
 45.980002 -0.464540 1.585845
 46.180002 -0.328339 1.535621
 46.380002 -0.524494 1.408772
 46.580002 -0.242180 1.488070
 46.780002 -0.194135 1.495833
 46.980002 -0.393861 1.424171
 47.180002 -0.495229 1.476719
 47.380002 -0.268172 1.497026
 47.580002 -0.383314 1.365311
 47.780002 -0.453926 1.461955
 47.980002 -0.206108 1.462689
 48.180002 -0.328987 1.437178
 48.380002 -0.795221 1.579512
 48.580002 -0.599931 1.589157
 48.780002 -0.186450 1.399671
 48.980002 -0.582823 1.555225
 49.180002 -0.711968 1.592807
 49.380002 -0.340240 1.417813
 49.580002 -0.308924 1.583924
 49.780002 -0.640539 1.407044
 49.980002 -0.287707 1.497628
 50.180002 -0.196618 1.390696
 50.380002 -0.608788 1.570288
 50.580002 -0.360782 1.313634
 50.780002 -0.134743 1.485253
 50.980002 -0.359636 1.417471
 51.180002 -0.304984 1.381078
 51.380002 -0.186094 1.534492
 51.580002 -0.340342 1.516696
 51.780002 -0.360070 1.413256
 51.980002 -0.178220 1.602314
 52.180002 -0.373663 1.432787
 52.380002 -0.698491 1.640662
 52.580002 -0.219426 1.390807
 52.780003 -0.300464 1.640790
 52.980003 -0.780941 1.423913
 53.180003 -0.424068 1.582600
 53.380003 -0.035475 1.464029
 53.580003 -0.416906 1.379493
 53.780003 -0.441530 1.449459
 53.980003 -0.094652 1.523743
 54.180003 -0.312432 1.516141
 54.380003 -0.680936 1.262539
 54.580003 -0.202670 1.708854
 54.780003 -0.484775 1.386654
 54.980003 -0.894526 1.738599
 55.180003 -0.392325 1.371943
 55.380003 -0.287181 1.602720
 55.580003 -0.665402 1.336438
 55.780003 -0.397429 1.689499
 55.980003 -0.114106 1.244390
 56.180003 -0.421080 1.608919
 56.380003 -0.344008 1.284068
 56.580003 -0.202471 1.688192
 56.780003 -0.555343 1.198862
 56.980003 -0.402515 1.562361
 57.180003 -0.164347 1.434840
 57.380003 -0.641574 1.545427
 57.580003 -0.545222 1.485085
 57.780003 -0.000865 1.486234
 57.980003 -0.617159 1.435233
 58.180003 -0.404370 1.471162
 58.380003 -0.100911 1.393719
 58.580003 -0.508119 1.508653
 58.780003 -0.580029 1.441986
 58.980003 0.001730 1.536305
 59.180003 -0.578849 1.381846
 59.380003 -0.646818 1.706634
 59.580003 -0.196730 1.358614
 59.780003 -0.265589 1.553412
 59.980003 -0.520203 1.268159
 60.180003 -0.169967 1.683370
 60.380003 -0.396681 1.389189
 60.580003 -0.682377 1.612052
 60.780003 -0.330686 1.449815
 60.980003 -0.331882 1.546369
 61.180003 -0.684150 1.652545
 61.380003 -0.433529 1.314193
 61.580003 -0.088453 1.578737
 61.780003 -0.342130 1.520040
 61.980003 -0.317985 1.418000
 62.180003 -0.324980 1.481487
 62.380003 -0.424694 1.625026
 62.580003 -0.477508 1.411744
 62.780003 -0.222483 1.591280
 62.980003 -0.288190 1.466954
 63.180003 -0.369141 1.521920
 63.380003 -0.369368 1.372445
 63.580003 -0.388693 1.710465
 63.780003 -0.454376 1.360273
 63.980003 -0.329867 1.425952
 64.180003 -0.479380 1.657614
 64.380003 -0.505249 1.541869
 64.580003 -0.615749 1.459499
 64.780003 -0.237260 1.644198
 64.980003 -0.367844 1.349310
 65.180003 -0.492295 1.684088
 65.380003 -0.411042 1.499258
 65.580003 -0.284164 1.559937
 65.780003 -0.377824 1.324525
 65.980003 -0.423421 1.612010
 66.180003 -0.438079 1.463138
 66.380003 -0.284597 1.518698
 66.580003 -0.319528 1.361159
 66.780003 -0.233274 1.664371
 66.980003 -0.366983 1.279057
 67.180003 -0.445932 1.565607
 67.380003 -0.272561 1.361327
 67.580003 -0.130204 1.509669
 67.780003 -0.517855 1.397839
 67.980003 -0.248282 1.583928
 68.180003 -0.158050 1.217948
 68.380003 -0.326716 1.735757
 68.580003 -0.443985 1.362674
 68.780003 -0.331817 1.756928
 68.980003 -0.418673 1.312225
 69.180003 -0.458383 1.517289
 69.380003 -0.452460 1.632238
 69.580003 -0.561183 1.590801
 69.780003 -0.465785 1.410936
 69.980003 -0.363092 1.541750
 70.180003 -0.462048 1.615786
 70.380003 -0.556648 1.424164
 70.580003 -0.432750 1.675451
 70.780003 -0.265998 1.363355
 70.980003 -0.207086 1.412295
 71.180003 -0.240111 1.466646
 71.380003 -0.295728 1.548218
 71.580003 -0.269660 1.357329
 71.780003 -0.352941 1.537133
 71.980003 -0.369361 1.365139
 72.180003 -0.509745 1.671590
 72.380003 -0.498160 1.480161
 72.580003 -0.478797 1.477751
 72.780003 -0.488843 1.480944
 72.980003 -0.586413 1.544163
 73.180003 -0.540886 1.705576
 73.380003 -0.608952 1.359198
 73.580003 -0.435537 1.663211
 73.780004 -0.347081 1.375923
 73.980004 -0.436305 1.555317
 74.180004 -0.491573 1.480705
 74.380004 -0.248514 1.581830
 74.580004 -0.309493 1.506725
 74.780004 -0.470427 1.373037
 74.980004 -0.143166 1.565887
 75.180004 -0.387558 1.469437
 75.380004 -0.600812 1.576255
 75.580004 -0.329188 1.262365
 75.780004 -0.306268 1.645704
 75.980004 -0.422814 1.417491
 76.180004 -0.474233 1.766042
 76.380004 -0.422821 1.346076
 76.580004 -0.529618 1.620880
 76.780004 -0.303963 1.238091
 76.980004 -0.374209 1.738413
 77.180004 -0.516442 1.457448
 77.380004 -0.529483 1.658759
 77.580004 -0.108977 1.300543
 77.780004 -0.472781 1.593572
 77.980004 -0.411248 1.470933
 78.180004 0.038922 1.697130
 78.380004 -0.347528 1.047060
 78.580004 -0.517703 1.777202
 78.780004 0.104466 1.232692
 78.980004 -0.443118 1.711442
 79.180004 -0.872359 1.356836
 79.380004 -0.012242 1.561382
 79.580004 -0.421559 1.359348
 79.780004 -0.772348 1.646280
 79.980004 0.020631 1.369824
 80.180004 -0.401176 1.594588
 80.380004 -0.704775 1.438839
 80.580004 -0.281342 1.768999
 80.780004 -0.319598 1.207634
 80.980004 -0.600160 1.741141
 81.180004 -0.325569 1.352693
 81.380004 -0.347113 1.610474
 81.580004 -0.524526 1.334261
 81.780004 -0.278289 1.668659
 81.980004 -0.051599 1.174359
 82.180004 -0.565209 1.695222
 82.380004 -0.196619 1.242850
 82.580004 -0.202869 1.687622
 82.780004 -0.586103 1.369882
 82.980004 -0.395487 1.554198
 83.180004 -0.000656 1.385326
 83.380004 -0.521928 1.692456
 83.580004 -0.907283 1.497152
 83.780004 -0.215353 1.710117
 83.980004 -0.504377 1.244486
 84.180004 -0.684776 1.832491
 84.380004 -0.153077 1.268510
 84.580004 0.062645 1.519234
 84.780004 -0.474192 1.414731
 84.980004 -0.346559 1.484207
 85.180004 0.054575 1.566129
 85.380004 -0.395517 1.289687
 85.580004 -0.494418 1.487837
 85.780004 -0.087571 1.509293
 85.980004 -0.533106 1.505125
 86.180004 -0.571209 1.414528
 86.380004 -0.515808 1.576468
 86.580004 -0.793776 1.555895
 86.780004 -0.848956 1.541547
 86.980004 -0.194023 1.542937
 87.180004 -0.297133 1.496034
 87.380004 -0.793646 1.522388
 87.580004 -0.277654 1.561540
 87.780004 -0.096280 1.346536
 87.980004 -0.482307 1.598943
 88.180004 -0.254115 1.396278
 88.380004 -0.260253 1.517754
 88.580004 -0.254289 1.380139
 88.780004 -0.234148 1.532958
 88.980004 -0.150302 1.374634
 89.180004 -0.567064 1.518132
 89.380004 -0.401143 1.397852
 89.580004 -0.344894 1.610756
 89.780004 -0.524245 1.594968
 89.980004 -0.817678 1.519275
 90.180004 -0.463331 1.718803
 90.380004 -0.372373 1.401889
 90.580004 -0.526755 1.759103
 90.780004 -0.475204 1.256433
 90.980004 -0.282723 1.577578
 91.180004 -0.523718 1.313137
 91.380004 -0.495699 1.629518
 91.580004 -0.323875 1.337144
 91.780004 -0.338693 1.763130
 91.980004 -0.230069 1.193406
 92.180004 -0.145957 1.556471
 92.380004 -0.194107 1.433288
 92.580004 -0.507477 1.752915
 92.780004 -0.477032 1.147922
 92.980004 -0.218101 1.734970
 93.180004 -0.438648 1.389514
 93.380004 -0.678600 1.744246
 93.580004 -0.505053 1.361223
 93.780004 -0.539735 1.777283
 93.980004 -0.602427 1.323214
 94.180004 -0.168384 1.739714
 94.380004 -0.133821 1.182303
 94.580004 -0.506655 1.748426
 94.780005 -0.194201 1.368417
 94.980005 -0.107121 1.600307
 95.180005 -0.362632 1.266490
 95.380005 -0.333623 1.622361
 95.580005 -0.005293 1.302268
 95.780005 -0.654326 1.474777
 95.980005 -0.243836 1.360519
 96.180005 -0.290636 1.664568
 96.380005 -0.689661 1.423063
 96.580005 -0.417413 1.563605
 96.780005 -0.351183 1.420083
 96.980005 -0.581183 1.655104
 97.180005 -0.733985 1.475012
 97.380005 -0.291531 1.583714
 97.580005 -0.608593 1.403401
 97.780005 -0.600667 1.654171
 97.980005 -0.173050 1.351833
 98.180005 -0.572342 1.521579
 98.380005 -0.251805 1.372240
 98.580005 -0.204461 1.698211
 98.780005 -0.269163 1.310835
 98.980005 -0.456748 1.543411
 99.180005 -0.170549 1.441115
 99.380005 -0.337005 1.534293
 99.580005 -0.512903 1.235593
 99.780005 -0.443073 1.714174
 99.980005 -0.455471 1.420191
 100.180005 -0.650277 1.770777
 100.380005 -0.499561 1.366025
 100.580005 -0.333781 1.625796
 100.780005 -0.506359 1.524235
 100.980005 -0.439137 1.646231
 101.180005 -0.328131 1.280825
 101.380005 -0.440465 1.665292
 101.580005 -0.211981 1.186692
 101.780005 0.006815 1.704133
 101.980005 -0.388909 1.178880
 102.180005 -0.318553 1.611317
 102.380005 -0.283955 1.416562
 102.580005 -0.176974 1.467545
 102.780005 -0.890239 1.483595
 102.980005 -0.367122 1.537772
 103.180005 -0.388745 1.660606
 103.380005 -0.820276 1.308202
 103.580005 -0.493039 1.594404
 103.780005 -0.158206 1.484371
 103.980005 -0.560344 1.785280
 104.180005 -0.482049 1.243366
 104.380005 -0.034005 1.745105
 104.580005 -0.303185 1.285423
 104.780005 -0.657727 1.628347
 104.980005 -0.164933 1.345861
 105.180005 -0.195204 1.523102
 105.380005 -0.590957 1.377719
 105.580005 -0.299571 1.623158
 105.780005 -0.487858 1.365632
 105.980005 -0.543977 1.657241
 106.180005 -0.487107 1.494576
 106.380005 0.055231 1.417059
 106.580005 -0.614220 1.421266
 106.780005 -0.367571 1.544137
 106.980005 -0.088136 1.353629
 107.180005 -0.533034 1.555509
 107.380005 -0.428785 1.344576
 107.580005 -0.018728 1.573091
 107.780005 -0.662136 1.438468
 107.980005 -0.434132 1.412926
 108.180005 -0.061423 1.371313
 108.380005 -0.662284 1.603783
 108.580005 -0.545794 1.466250
 108.780005 0.137937 1.497646
 108.980005 -0.532621 1.363549
 109.180005 -0.672966 1.584285
 109.380005 -0.155476 1.393375
 109.580005 -0.274542 1.486375
 109.780005 -0.659761 1.436363
 109.980005 -0.361343 1.611549
 110.180005 -0.243904 1.295630
 110.380005 -0.759464 1.784620
 110.580005 -0.407588 1.279615
 110.780005 0.095952 1.641310
 110.980005 -0.787849 1.381855
 111.180005 -0.358568 1.449798
 111.380005 0.132018 1.455320
 111.580005 -0.750772 1.568387
 111.780005 -0.731835 1.415513
 111.980005 0.088669 1.429322
 112.180005 -0.538456 1.603524
 112.380005 -0.613146 1.316748
 112.580005 0.052788 1.532789
 112.780005 -0.541729 1.459879
 112.980005 -0.555868 1.372634
 113.180005 -0.136800 1.582025
 113.380005 -0.470502 1.367295
 113.580005 -0.447961 1.501414
 113.780005 -0.098947 1.407000
 113.980005 -0.427298 1.454715
 114.180005 -0.676037 1.427856
 114.380005 -0.123799 1.541486
 114.580005 -0.257355 1.528253
 114.780005 -0.832405 1.413633
 114.980005 0.089987 1.444017
 115.180005 -0.476086 1.383383
 115.380005 -0.706956 1.622807
 115.580005 -0.404103 1.518826
 115.780005 -0.330744 1.542931
 115.980006 -0.646613 1.506271
 116.180006 -0.374665 1.297782
 116.380006 -0.281970 1.662830
 116.580006 -0.622316 1.420727
 116.780006 -0.395013 1.607012
 116.980006 -0.091862 1.484219
 117.180006 -0.387507 1.514597
 117.380006 -0.439904 1.419657
 117.580006 -0.136741 1.609572
 117.780006 -0.399132 1.465988
 117.980006 -0.382408 1.508331
 118.180006 -0.241095 1.579158
 118.380006 -0.512211 1.544059
 118.580006 -0.513023 1.442447
 118.780006 -0.220856 1.660648
 118.980006 -0.383506 1.406181
 119.180006 -0.699678 1.447578
 119.380006 -0.167427 1.531979
 119.580006 -0.600719 1.420866
 119.780006 -0.708643 1.653358
 119.980006 -0.067539 1.346681
 120.180006 -0.421764 1.531646
 120.380006 -0.690374 1.395199
 120.580006 -0.254114 1.549717
 120.780006 -0.476249 1.250934
 120.980006 -0.587190 1.675835
 121.180006 -0.205367 1.250941
 121.380006 -0.170657 1.600557
 121.580006 -0.855916 1.444901
 121.780006 -0.148004 1.582774
 121.980006 0.010574 1.374491
 122.180006 -0.747766 1.585990
 122.380006 -0.176639 1.432369
 122.580006 -0.015984 1.539265
 122.780006 -0.614447 1.324380
 122.980006 -0.240301 1.487978
 123.180006 -0.127993 1.378506
 123.380006 -0.681223 1.574033
 123.580006 -0.521414 1.602294
 123.780006 -0.057294 1.422735
 123.980006 -0.538624 1.407407
 124.180006 -0.663715 1.654791
 124.380006 0.029757 1.431164
 124.580006 -0.336540 1.508651
 124.780006 -0.542390 1.385001
 124.980006 -0.150930 1.560450
 125.180006 -0.184637 1.562066
 125.380006 -0.602873 1.377318
 125.580006 -0.283348 1.564266
 125.780006 -0.201624 1.451314
 125.980006 -0.708507 1.569406
 126.180006 -0.468002 1.415181
 126.380006 -0.128950 1.506828
 126.580006 -0.391839 1.510649
 126.780006 -0.558826 1.386484
 126.980006 -0.078236 1.613315
 127.180006 -0.452968 1.271781
 127.380006 -0.572152 1.588150
 127.580006 -0.352874 1.441657
 127.780006 -0.495798 1.449770
 127.980006 -0.726817 1.505555
 128.180006 -0.430930 1.608996
 128.380006 -0.489755 1.385443
 128.580006 -0.518795 1.526742
 128.780006 -0.235906 1.408624
 128.980006 -0.296334 1.559516
 129.180006 -0.423169 1.373909
 129.380006 -0.384808 1.407162
 129.580006 -0.294917 1.412897
 129.780006 -0.551471 1.490150
 129.980006 -0.363620 1.584582
 130.180006 -0.080473 1.333813
 130.380006 -0.500573 1.472324
 130.580006 -0.419778 1.581216
 130.780006 -0.245050 1.565790
 130.980006 -0.360075 1.469624
 131.180006 -0.480392 1.474658
 131.380006 -0.354259 1.643652
 131.580006 -0.269339 1.362438
 131.780006 -0.657279 1.552759
 131.980006 -0.554538 1.417067
 132.180006 -0.397431 1.625173
 132.380006 -0.361365 1.562115
 132.580006 -0.554309 1.417747
 132.780006 -0.536857 1.647335
 132.980006 -0.320808 1.541485
 133.180006 -0.396193 1.416347
 133.380006 -0.374257 1.514379
 133.580006 -0.144297 1.384981
 133.780006 -0.417180 1.403132
 133.980006 -0.403676 1.460272
 134.180006 -0.131779 1.434668
 134.380006 -0.398228 1.484745
 134.580006 -0.539955 1.517365
 134.780006 -0.091189 1.473814
 134.980006 -0.450784 1.633561
 135.180006 -0.666690 1.403463
 135.380006 -0.493132 1.594583
 135.580006 -0.100670 1.390122
 135.780006 -0.537837 1.515664
 135.980006 -0.569366 1.502657
 136.180006 -0.244805 1.616270
 136.380006 -0.333598 1.432177
 136.580006 -0.573640 1.593850
 136.780006 -0.202045 1.405740
 136.980007 -0.250551 1.469359
 137.180007 -0.356502 1.628088
 137.380007 -0.569301 1.348240
 137.580007 -0.306567 1.497724
 137.780007 -0.291811 1.453617
 137.980007 -0.436414 1.539647
 138.180007 -0.629940 1.461164
 138.380007 -0.472814 1.630888
 138.580007 -0.439549 1.465596
 138.780007 -0.585549 1.624674
 138.980007 -0.682716 1.665280
 139.180007 -0.409289 1.432944
 139.380007 -0.437470 1.491633
 139.580007 -0.327465 1.563961
 139.780007 -0.356399 1.367407
 139.980007 -0.444946 1.443378
 140.180007 -0.295149 1.518021
 140.380007 -0.294378 1.390441
 140.580007 -0.499280 1.608390
 140.780007 -0.321442 1.457769
 140.980007 -0.199518 1.444610
 141.180007 -0.642502 1.570779
 141.380007 -0.339896 1.416257
 141.580007 -0.452660 1.589579
 141.780007 -0.389844 1.394260
 141.980007 -0.434986 1.500657
 142.180007 -0.366031 1.471036
 142.380007 -0.524387 1.529445
 142.580007 -0.521007 1.384173
 142.780007 -0.409967 1.549360
 142.980007 -0.582101 1.573404
 143.180007 -0.475737 1.532656
 143.380007 -0.463850 1.483848
 143.580007 -0.504331 1.635192
 143.780007 -0.463231 1.459869
 143.980007 -0.159116 1.439692
 144.180007 -0.594794 1.597570
 144.380007 -0.293827 1.408712
 144.580007 -0.290611 1.473650
 144.780007 -0.317816 1.445317
 144.980007 -0.629692 1.576472
 145.180007 -0.144643 1.327740
 145.380007 -0.471094 1.566971
 145.580007 -0.547617 1.492910
 145.780007 -0.470861 1.427367
 145.980007 -0.239426 1.523578
 146.180007 -0.346318 1.424945
 146.380007 -0.340390 1.293307
 146.580007 -0.389795 1.639679
 146.780007 -0.207481 1.392855
 146.980007 -0.392579 1.565333
 147.180007 -0.231965 1.380803
 147.380007 -0.465446 1.632621
 147.580007 -0.523157 1.599763
 147.780007 -0.312137 1.358348
 147.980007 -0.397890 1.602561
 148.180007 -0.565303 1.540485
 148.380007 -0.545510 1.585965
 148.580007 -0.478563 1.396788
 148.780007 -0.495394 1.755370
 148.980007 -0.522153 1.251301
 149.180007 -0.399043 1.645700
 149.380007 -0.160691 1.510978
 149.580007 -0.491961 1.529211
 149.780007 -0.399164 1.369952
 149.980007 -0.216928 1.540763
 150.180007 -0.372208 1.294772
 150.380007 -0.597969 1.507586
 150.580007 -0.475839 1.433581
 150.780007 -0.457828 1.513983
 150.980007 -0.320145 1.528251
 151.180007 -0.297968 1.433318
 151.380007 -0.372125 1.553336
 151.580007 -0.437701 1.380852
 151.780007 -0.206457 1.538258
 151.980007 -0.208505 1.403983
 152.180007 -0.589124 1.623728
 152.380007 -0.613558 1.372427
 152.580007 -0.181792 1.501072
 152.780007 -0.379421 1.495256
 152.980007 -0.592757 1.345007
 153.180007 -0.436178 1.655288
 153.380007 -0.322038 1.342715
 153.580007 -0.479765 1.693583
 153.780007 -0.382159 1.384896
 153.980007 -0.294614 1.550320
 154.180007 -0.450256 1.458392
 154.380007 -0.250807 1.356988
 154.580007 -0.358341 1.536169
 154.780007 -0.209311 1.233642
 154.980007 -0.419177 1.659790
 155.180007 -0.639675 1.409339
 155.380007 -0.485645 1.493204
 155.580007 -0.249336 1.428110
 155.780007 -0.470978 1.652185
 155.980007 -0.348243 1.332660
 156.180007 -0.525690 1.714078
 156.380007 -0.285783 1.097088
 156.580007 -0.342084 1.842289
 156.780007 -0.382646 1.183250
 156.980007 -0.206123 1.830635
 157.180007 -0.566446 1.163062
 157.380007 -0.444963 1.713581
 157.580007 -0.292241 1.230360
 157.780007 -0.182628 1.596594
 157.980008 -0.700363 1.471777
 158.180008 -0.636619 1.604646
 158.380008 -0.056144 1.406426
 158.580008 -0.621897 1.478186
 158.780008 -0.302890 1.516055
 158.980008 0.069222 1.501141
 159.180008 -0.348342 1.279928
 159.380008 -0.153140 1.411259
 159.580008 0.063019 1.335565
 159.780008 -0.382426 1.648509
 159.980008 -0.588448 1.376490
 160.180008 -0.157988 1.446574
 160.380008 -0.547435 1.547014
 160.580008 -0.704028 1.508795
 160.780008 -0.261130 1.357749
 160.980008 -0.451474 1.672150
 161.180008 -0.770746 1.567547
 161.380008 -0.260966 1.430811
 161.580008 -0.347852 1.304909
 161.780008 -0.523775 1.603080
 161.980008 -0.260867 1.325857
 162.180008 -0.278392 1.681457
 162.380008 -0.497761 1.287118
 162.580008 -0.554519 1.559038
 162.780008 -0.060317 1.408898
 162.980008 -0.414281 1.570826
 163.180008 -0.544437 1.398339
 163.380008 -0.413166 1.725947
 163.580008 -0.585973 1.467543
 163.780008 -0.400244 1.552714
 163.980008 -0.149877 1.540845
 164.180008 -0.624584 1.431794
 164.380008 -0.719699 1.485232
 164.580008 -0.043936 1.549854
 164.780008 -0.090893 1.479697
 164.980008 -0.622025 1.264027
 165.180008 -0.170611 1.683603
 165.380008 -0.269417 1.191998
 165.580008 -0.663073 1.585260
 165.780008 -0.257864 1.484357
 165.980008 -0.186280 1.371714
 166.180008 -0.626442 1.610602
 166.380008 -0.459889 1.447763
 166.580008 -0.351953 1.522068
 166.780008 -0.559284 1.463803
 166.980008 -0.179692 1.443063
 167.180008 -0.422260 1.702446
 167.380008 -0.432467 1.271443
 167.580008 -0.558743 1.584636
 167.780008 -0.229960 1.441209
 167.980008 -0.359464 1.522827
 168.180008 -0.508623 1.419033
 168.380008 -0.452961 1.497258
 168.580008 -0.313303 1.506601
 168.780008 -0.454224 1.499378
 168.980008 -0.255171 1.461933
 169.180008 -0.355409 1.537892
 169.380008 -0.604607 1.530416
 169.580008 -0.395701 1.434030
 169.780008 -0.242736 1.511781
 169.980008 -0.394084 1.565696
 170.180008 -0.547442 1.334414
 170.380008 -0.365228 1.669058
 170.580008 -0.142833 1.470998
 170.780008 -0.545966 1.549781
 170.980008 -0.468931 1.374017
 171.180008 -0.177828 1.608744
 171.380008 -0.330369 1.439309
 171.580008 -0.611892 1.502609
 171.780008 -0.285175 1.625125
 171.980008 -0.534524 1.492062
 172.180008 -0.512922 1.301871
 172.380008 -0.118294 1.500940
 172.580008 -0.330686 1.423764
 172.780008 -0.649963 1.513531
 172.980008 -0.171381 1.460650
 173.180008 -0.316873 1.459477
 173.380008 -0.335070 1.330530
 173.580008 -0.411850 1.577938
 173.780008 -0.386773 1.455585
 173.980008 -0.563548 1.439951
 174.180008 -0.578951 1.601795
 174.380008 -0.362997 1.629643
 174.580008 -0.439078 1.509375
 174.780008 -0.659690 1.475305
 174.980008 -0.208640 1.544017
 175.180008 -0.237012 1.498144
 175.380008 -0.542811 1.298880
 175.580008 -0.487252 1.675278
 175.780008 -0.019491 1.353862
 175.980008 -0.379317 1.547603
 176.180008 -0.535110 1.389851
 176.380008 -0.163983 1.564493
 176.580008 -0.280236 1.399890
 176.780008 -0.504727 1.599290
 176.980008 -0.260271 1.416084
 177.180008 -0.216541 1.542907
 177.380008 -0.585228 1.422507
 177.580008 -0.707360 1.525151
 177.780008 -0.272608 1.557689
 177.980008 -0.331764 1.630693
 178.180008 -0.560399 1.335792
 178.380008 -0.521452 1.660656
 178.580008 -0.375439 1.461641
 178.780008 -0.256059 1.467914
 178.980009 -0.377394 1.419407
 179.180009 -0.507179 1.606007
 179.380009 -0.230151 1.291302
 179.580009 -0.223998 1.506603
 179.780009 -0.534083 1.394378
 179.980009 -0.573298 1.555634
 180.180009 -0.315779 1.524786
 180.380009 -0.180644 1.469146
 180.580009 -0.616632 1.489468
 180.780009 -0.651856 1.512264
 180.980009 -0.084376 1.326189
 181.180009 -0.361387 1.605623
 181.380009 -0.672701 1.428324
 181.580009 -0.552852 1.574351
 181.780009 -0.251132 1.365683
 181.980009 -0.302642 1.664068
 182.180009 -0.750649 1.383329
 182.380009 -0.583598 1.579420
 182.580009 -0.282294 1.398924
 182.780009 -0.269521 1.534202
 182.980009 -0.810002 1.533412
 183.180009 -0.402808 1.513189
 183.380009 -0.219846 1.384806
 183.580009 -0.175583 1.487609
 183.780009 -0.472333 1.373572
 183.980009 -0.203675 1.407280
 184.180009 -0.319518 1.545887
 184.380009 -0.478252 1.552967
 184.580009 -0.429620 1.353466
 184.780009 -0.400783 1.707686
 184.980009 -0.370692 1.333038
 185.180009 -0.674900 1.648641
 185.380009 -0.600850 1.566961
 185.580009 -0.358015 1.598353
 185.780009 -0.474763 1.407731
 185.980009 -0.626648 1.669749
 186.180009 -0.257765 1.459990
 186.380009 -0.527223 1.526733
 186.580009 -0.506033 1.499220
 186.780009 -0.187795 1.494320
 186.980009 -0.214179 1.287948
 187.180009 -0.429523 1.568589
 187.380009 -0.171974 1.542903
 187.580009 -0.418417 1.289867
 187.780009 -0.504457 1.590265
 187.980009 -0.035448 1.356139
 188.180009 -0.224922 1.553308
 188.380009 -0.530595 1.356259
 188.580009 -0.229351 1.661132
 188.780009 -0.514259 1.529313
 188.980009 -0.474611 1.676239
 189.180009 -0.487548 1.367535
 189.380009 -0.367760 1.713623
 189.580009 -0.615917 1.441722
 189.780009 -0.324023 1.553582
 189.980009 -0.000133 1.286750
 190.180009 -0.523216 1.549638
 190.380009 -0.747265 1.410756
 190.580009 0.138884 1.515704
 190.780009 -0.168927 1.256309
 190.980009 -0.753997 1.540254
 191.180009 -0.114307 1.536492
 191.380009 -0.263392 1.330997
 191.580009 -0.759370 1.510440
 191.780009 0.003959 1.411553
 191.980009 0.051016 1.370632
 192.180009 -0.554503 1.489361
 192.380009 -0.347969 1.432484
 192.580009 -0.215360 1.397694
 192.780009 -0.600821 1.658566
 192.980009 -0.494936 1.419733
 193.180009 -0.215711 1.542464
 193.380009 -0.484443 1.518459
 193.580009 -0.595107 1.502305
 193.780009 -0.215183 1.465798
 193.980009 -0.509418 1.502264
 194.180009 -0.741806 1.607504
 194.380009 -0.265522 1.551743
 194.580009 -0.269019 1.292731
 194.780009 -0.545644 1.553100
 194.980009 -0.319578 1.533127
 195.180009 -0.249307 1.398062
 195.380009 -0.515639 1.727145
 195.580009 -0.560265 1.450570
 195.780009 -0.244346 1.537371
 195.980009 -0.486082 1.591257
 196.180009 -0.366129 1.541900
 196.380009 -0.336314 1.410826
 196.580009 -0.434481 1.562358
 196.780009 -0.524091 1.597214
 196.980009 -0.399942 1.527557
 197.180009 -0.337763 1.502480
 197.380009 -0.439425 1.406541
 197.580009 -0.385715 1.343956
 197.780009 -0.353771 1.580191
 197.980009 -0.298356 1.519046
 198.180009 -0.523411 1.417383
 198.380009 -0.493669 1.513395
 198.580009 -0.276939 1.602024
 198.780009 -0.413431 1.409337
 198.980009 -0.517933 1.604644
 199.180009 -0.319346 1.322008
 199.380009 -0.246642 1.589968
 199.580009 -0.672876 1.385657
 199.780009 -0.384733 1.625261
 199.980009 -0.178930 1.395201
