#! FIELDS time phi psi
#! SET max_psi pi
 0.180000 -2.343337 2.883642
 0.380000 -1.571024 -2.874586
 0.580000 -2.088753 3.054370
 0.780000 -2.222884 2.926547
 0.980000 -1.749882 -2.694626
 1.180000 -2.638245 2.650400
 1.380000 -1.503481 -2.406917
 1.580000 -2.366013 2.713976
 1.780000 -1.833294 -2.581746
 1.980000 -1.969621 2.847398
 2.180000 -2.258963 3.116781
 2.380000 -1.808487 -2.891657
 2.580000 -2.359152 2.808506
 2.780000 -1.861094 -2.440530
 2.980000 -2.360381 2.528422
 3.180000 -1.942702 -2.381804
 3.380000 -2.096331 2.831726
 3.580000 -1.989837 -2.960419
 3.780000 -1.975949 -2.928611
 3.980000 -2.036171 2.827112
 4.180000 -1.963097 -2.629103
 4.380000 -2.146721 2.868480
 4.580000 -1.985414 -2.704423
 4.780000 -2.417407 2.882889
 4.980000 -1.899726 -2.948342
 5.180000 -2.176667 -2.958367
 5.380000 -1.858917 3.047987
 5.580000 -2.116772 -2.846222
 5.780000 -2.237180 3.037637
 5.980000 -1.815091 -3.035646
 6.180000 -2.197135 3.064219
 6.380000 -1.828714 -2.978181
 6.580000 -2.103486 3.009902
 6.780000 -2.077226 -2.943999
 6.980000 -1.950135 3.133027
 7.180000 -2.226252 -3.008362
 7.380000 -2.100139 -3.078680
 7.580000 -2.296375 -2.990482
 7.780000 -2.189038 -2.966587
 7.980000 -2.060858 3.064733
 8.180000 -2.173662 -2.786509
 8.380000 -1.952962 2.905600
 8.580000 -2.034339 -2.934848
 8.780000 -2.152654 2.981649
 8.980000 -2.043489 -3.070652
 9.180000 -2.305701 -3.083911
 9.380000 -2.104159 2.999464
 9.580000 -2.048324 -2.911241
 9.780000 -2.129190 2.976929
 9.980000 -1.894537 -2.964675
 10.180000 -2.102914 3.056917
 10.380000 -2.009012 -3.110766
 10.580001 -2.026197 -3.066024
 10.780001 -2.175398 2.956426
 10.980001 -1.926893 -2.989808
 11.180001 -2.202187 3.097233
 11.380001 -2.155305 3.031088
 11.580001 -2.109734 -2.935215
 11.780001 -2.155212 3.097252
 11.980001 -1.872488 -3.076661
 12.180001 -2.067164 -3.088477
 12.380001 -2.067213 3.126631
 12.580001 -2.222841 -3.100903
 12.780001 -2.186643 3.119397
 12.980001 -2.036885 -3.081769
 13.180001 -2.061390 -3.037284
 13.380001 -2.070288 3.130929
 13.580001 -2.061450 -3.001833
 13.780001 -2.250174 -3.126089
 13.980001 -2.188753 3.126572
 14.180001 -2.121819 -2.928859
 14.380001 -1.912181 3.059325
 14.580001 -2.032219 -2.738829
 14.780001 -2.102508 2.925788
 14.980001 -2.089954 -2.927729
 15.180001 -2.195918 3.004442
 15.380001 -1.993531 -3.033923
 15.580001 -2.086072 -3.098186
 15.780001 -1.992490 3.085544
 15.980001 -2.422509 -3.100017
 16.180001 -2.159765 -3.132342
 16.380001 -1.996575 -3.114937
 16.580001 -2.097536 3.135640
 16.780001 -1.770636 -3.072183
 16.980001 -2.308267 -3.136092
 17.180001 -2.019286 3.132458
 17.380001 -2.011098 -3.132464
 17.580001 -2.240854 -3.054502
 17.780001 -1.677831 -3.131717
 17.980001 -2.354732 -3.007608
 18.180001 -2.026440 -3.128039
 18.380001 -2.129451 3.111908
 18.580001 -2.410995 -3.103434
 18.780001 -1.703332 -3.078349
 18.980001 -2.213326 3.130072
 19.180001 -1.902387 -2.921055
 19.380001 -2.056642 2.950994
 19.580001 -2.180890 -2.988649
 19.780001 -1.923071 2.942335
 19.980001 -2.233194 -2.975541
 20.180001 -2.045927 3.069957
 20.380001 -2.003079 -3.091900
 20.580001 -2.384087 -3.094949
 20.780001 -1.950223 3.091051
 20.980001 -2.269134 -2.986495
 21.180001 -2.016960 2.941720
 21.380001 -2.004039 -2.861841
 21.580001 -2.004284 2.956990
 21.780001 -1.936082 -3.050972
 21.980001 -2.316045 3.140768
 22.180001 -2.008062 3.091989
 22.380001 -2.214452 -3.067459
 22.580001 -1.945912 -3.055165
 22.780001 -1.949621 3.094501
 22.980001 -2.122436 3.042205
 23.180001 -1.986520 -3.090703
 23.380001 -2.223336 2.949140
 23.580001 -1.901685 -2.889666
 23.780001 -2.080976 2.918192
 23.980001 -2.210327 -2.919055
 24.180001 -2.065398 3.034467
 24.380001 -2.206033 -3.020962
 24.580001 -2.058107 3.117560
 24.780001 -2.121681 -3.137508
 24.980001 -2.001476 -3.096916
 25.180001 -1.986358 -3.127826
 25.380001 -2.164974 -2.882888
 25.580001 -2.104149 3.029741
 25.780001 -2.271042 -2.998351
 25.980001 -2.050905 -3.099002
 26.180001 -2.080012 -3.101131
 26.380001 -2.105057 -3.037657
 26.580001 -1.940654 -3.093299
 26.780001 -2.336353 -3.094723
 26.980001 -1.942750 -2.915296
 27.180001 -2.144218 3.120925
 27.380001 -2.032370 -2.958549
 27.580001 -1.967837 -3.037998
 27.780001 -2.239745 3.050557
 27.980001 -2.023891 -2.781532
 28.180001 -2.194186 2.926524
 28.380001 -2.029713 -2.743118
 28.580001 -2.086787 2.918494
 28.780001 -2.036390 -2.867693
 28.980001 -2.024065 3.072052
 29.180001 -2.083647 3.106714
 29.380001 -2.078187 -2.844595
 29.580001 -2.163555 2.951282
 29.780001 -1.961305 -2.632235
 29.980001 -2.219588 2.856692
 30.180001 -1.915090 -2.854956
 30.380001 -2.195635 3.041893
 30.580001 -2.080631 3.108505
 30.780001 -2.105478 -2.991932
 30.980001 -2.226535 3.021106
 31.180001 -2.032207 -2.957839
 31.380001 -2.208592 3.136006
 31.580001 -1.835122 -2.908955
 31.780002 -2.082690 3.030584
 31.980002 -2.003078 -2.932409
 32.180002 -2.037017 3.049217
 32.380002 -2.091403 -2.987861
 32.580002 -1.999920 3.065078
 32.780002 -2.170248 -2.795883
 32.980002 -2.184732 2.982764
 33.180002 -2.083406 -2.853360
 33.380002 -2.219701 3.067328
 33.580002 -1.839046 -3.012546
 33.780002 -2.028642 -3.087813
 33.980002 -1.968702 -3.081286
 34.180002 -2.175569 -3.017001
 34.380002 -2.282449 3.099981
 34.580002 -2.008488 -2.875213
 34.780002 -2.207454 3.084935
 34.980002 -1.949243 -2.973444
 35.180002 -2.187091 2.904703
 35.380002 -2.070254 -2.970049
 35.580002 -2.099428 2.958613
 35.780002 -2.207460 -2.981618
 35.980002 -2.040946 3.133599
 36.180002 -2.249998 -3.091563
 36.380002 -2.044993 3.074322
 36.580002 -2.058279 -2.873022
 36.780002 -2.052697 3.086313
 36.980002 -1.956519 -3.063435
 37.180002 -2.107294 -3.109789
 37.380002 -2.036050 -3.070333
 37.580002 -2.084136 -2.944158
 37.780002 -2.162716 -3.095728
 37.980002 -2.101005 -2.970333
 38.180002 -2.206175 3.129732
 38.380002 -2.046238 -3.113041
 38.580002 -2.064648 -2.920041
 38.780002 -1.998123 3.094790
 38.980002 -2.018343 -3.058596
 39.180002 -2.222698 -3.046767
 39.380002 -2.068150 2.976597
 39.580002 -2.131939 -2.889075
 39.780002 -2.190566 3.024098
 39.980002 -1.882908 -2.961455
 40.180002 -2.251066 3.062086
 40.380002 -2.100035 -3.028115
 40.580002 -2.062349 3.065694
 40.780002 -2.136881 -3.089228
 40.980002 -1.912672 -3.100195
 41.180002 -2.191195 3.119870
 41.380002 -2.042982 -3.053737
 41.580002 -2.264650 -3.117258
 41.780002 -2.032302 -3.063351
 41.980002 -1.928811 3.129374
 42.180002 -2.134294 -3.060899
 42.380002 -1.978351 -3.031687
 42.580002 -2.368262 3.099890
 42.780002 -1.951543 -2.920522
 42.980002 -2.136613 3.112610
 43.180002 -2.195947 -2.914008
 43.380002 -2.140723 3.078173
 43.580002 -2.300337 -3.016920
 43.780002 -1.959807 3.141332
 43.980002 -2.007547 -3.026482
 44.180002 -2.228254 -3.140652
 44.380002 -1.936725 -3.135971
 44.580002 -2.289170 -2.979291
 44.780002 -2.007713 2.960044
 44.980002 -2.026997 -2.739131
 45.180002 -2.142544 2.796362
 45.380002 -1.934327 -2.928015
 45.580002 -2.275799 2.994126
 45.780002 -1.955675 -3.076670
 45.980002 -2.111426 -3.102669
 46.180002 -2.018229 3.064340
 46.380002 -2.043242 -3.001403
 46.580002 -2.226624 3.009532
 46.780002 -1.971082 -2.869078
 46.980002 -2.135246 3.020335
 47.180002 -2.066501 -2.815458
 47.380002 -2.105087 3.083138
 47.580002 -2.252295 -3.037951
 47.780002 -1.995665 -3.055404
 47.980002 -2.104193 3.020371
 48.180002 -1.942058 -2.772439
 48.380002 -2.077964 2.984247
 48.580002 -2.136129 -2.958202
 48.780002 -2.044132 3.012671
 48.980002 -2.160712 3.112586
 49.180002 -1.947437 -3.130681
 49.380002 -2.060919 2.995255
 49.580002 -1.940024 -2.999452
 49.780002 -2.164681 3.015382
 49.980002 -2.017455 -3.094241
 50.180002 -2.098011 -3.126111
 50.380002 -2.108967 -3.088624
 50.580002 -1.931253 2.971448
 50.780002 -2.188325 -2.905424
 50.980002 -1.965202 2.873720
 51.180002 -1.895229 -2.988535
 51.380002 -2.164657 3.019701
 51.580002 -1.848978 -3.088140
 51.780002 -2.229671 3.044785
 51.980002 -2.078319 3.129663
 52.180002 -2.169548 -2.955482
 52.380002 -2.163512 2.939844
 52.580002 -1.929862 -3.115347
 52.780003 -2.200541 3.033834
 52.980003 -1.853382 -3.045859
 53.180003 -2.219705 -3.079479
 53.380003 -2.026072 -3.022215
 53.580003 -2.131187 -3.066498
 53.780003 -2.191573 -3.032197
 53.980003 -2.062187 -3.092894
 54.180003 -2.149076 -2.891239
 54.380003 -2.024954 3.115130
 54.580003 -2.140268 -2.948775
 54.780003 -2.199777 3.128063
 54.980003 -2.056852 -3.079660
 55.180003 -2.190836 -2.892555
 55.380003 -1.971315 -3.129267
 55.580003 -2.190360 -3.052531
 55.780003 -2.118616 -3.035756
 55.980003 -1.997992 3.106878
 56.180003 -2.201176 -3.004997
 56.380003 -1.894167 3.101459
 56.580003 -2.151560 -3.065414
 56.780003 -2.081502 -3.055719
 56.980003 -2.064317 -3.126975
 57.180003 -2.280822 -3.101920
 57.380003 -1.925168 3.092550
 57.580003 -2.148682 -3.008794
 57.780003 -2.009920 3.112057
 57.980003 -1.999268 3.100906
 58.180003 -2.230120 -2.995610
 58.380003 -1.884312 3.042675
 58.580003 -2.236809 -3.034865
 58.780003 -2.131541 3.124759
 58.980003 -2.070098 -3.100474
 59.180003 -2.369348 -3.106777
 59.380003 -2.069475 3.051183
 59.580003 -2.325963 -2.954000
 59.780003 -2.046178 3.070994
 59.980003 -1.900597 -3.061133
 60.180003 -2.182988 -3.001589
 60.380003 -1.700864 3.008823
 60.580003 -2.183182 -3.040570
 60.780003 -1.942520 3.062195
 60.980003 -2.136901 -3.122122
 61.180003 -2.268443 -3.116551
 61.380003 -1.802938 -3.043831
 61.580003 -2.411489 -3.042027
 61.780003 -1.783363 3.104290
 61.980003 -2.255811 -3.129668
 62.180003 -2.117822 -3.055918
 62.380003 -1.881134 2.933098
 62.580003 -2.245733 -2.856841
 62.780003 -1.719041 3.026277
 62.980003 -2.258453 3.116498
 63.180003 -2.002186 -2.960545
 63.380003 -1.977155 2.970629
 63.580003 -2.247010 -2.928318
 63.780003 -1.897974 3.010391
 63.980003 -2.200405 -3.046597
 64.180003 -2.130827 2.996274
 64.380003 -1.895113 3.125666
 64.580003 -2.203764 -3.017194
 64.780003 -1.878103 3.016531
 64.980003 -2.339584 3.126608
 65.180003 -2.143208 -3.062424
 65.380003 -2.131896 3.003813
 65.580003 -2.316846 -3.038946
 65.780003 -1.858293 -3.129684
 65.980003 -2.273280 -3.024814
 66.180003 -1.796381 3.030804
 66.380003 -2.003851 3.123620
 66.580003 -2.092392 -2.966456
 66.780003 -1.788043 2.867650
 66.980003 -2.387195 -2.882360
 67.180003 -1.837763 3.082855
 67.380003 -2.352469 3.140794
 67.580003 -2.052680 3.067977
 67.780003 -2.041265 -2.970991
 67.980003 -2.232280 -3.095754
 68.180003 -1.990218 3.031071
 68.380003 -2.225174 -3.083786
 68.580003 -1.884414 3.119554
 68.780003 -2.111003 3.138547
 68.980003 -2.089889 -2.887099
 69.180003 -1.897383 3.053187
 69.380003 -2.359845 3.103079
 69.580003 -1.871363 -3.064832
 69.780003 -2.131184 3.076097
 69.980003 -2.037391 -3.026800
 70.180003 -2.020015 3.094993
 70.380003 -2.200876 -3.082758
 70.580003 -1.965743 3.040645
 70.780003 -2.107706 -3.107389
 70.980003 -2.079168 -3.014477
 71.180003 -2.058777 3.088861
 71.380003 -2.206618 -2.945986
 71.580003 -2.234610 3.059367
 71.780003 -2.059677 -3.120670
 71.980003 -2.220979 -3.132109
 72.180003 -2.055133 -3.050920
 72.380003 -2.064355 -3.139893
 72.580003 -2.107237 3.127850
 72.780003 -1.822059 -3.082545
 72.980003 -2.319892 3.103990
 73.180003 -1.909358 -3.059385
 73.380003 -2.153303 -3.138439
 73.580003 -2.097260 -3.007436
 73.780004 -2.051359 3.083204
 73.980004 -2.258024 -2.978490
 74.180004 -2.066268 3.029026
 74.380004 -2.185410 -3.002839
 74.580004 -2.002736 -3.109495
 74.780004 -1.851666 -3.019015
 74.980004 -2.142428 3.098359
 75.180004 -1.978463 -3.024695
 75.380004 -2.281973 -3.071316
 75.580004 -2.058243 3.009504
 75.780004 -1.959174 -2.865928
 75.980004 -2.225891 2.896509
 76.180004 -1.914952 -2.936397
 76.380004 -2.319867 3.072003
 76.580004 -2.064153 3.109097
 76.780004 -2.058392 -3.039753
 76.980004 -2.125830 3.111906
 77.180004 -1.933094 -2.925008
 77.380004 -2.416507 2.854154
 77.580004 -1.868749 -2.911873
 77.780004 -2.245016 2.932733
 77.980004 -1.860954 -3.089897
 78.180004 -2.147974 -3.096659
 78.380004 -2.242923 2.976120
 78.580004 -1.771810 -3.017427
 78.780004 -2.263415 3.126007
 78.980004 -1.723847 -3.098478
 79.180004 -2.289591 -3.006249
 79.380004 -2.112058 -3.076219
 79.580004 -2.093997 -3.115388
 79.780004 -2.286615 -3.048985
 79.980004 -1.903716 3.096745
 80.180004 -2.356209 -2.921814
 80.380004 -1.977199 3.008935
 80.580004 -2.152243 -2.900680
 80.780004 -2.170831 -3.097984
 80.980004 -1.770774 3.076446
 81.180004 -2.384923 -2.944269
 81.380004 -1.895771 2.986541
 81.580004 -2.300222 -2.955916
 81.780004 -2.113418 2.899103
 81.980004 -1.837898 -3.030858
 82.180004 -2.271438 3.134633
 82.380004 -1.577709 3.058678
 82.580004 -2.463819 -3.102677
 82.780004 -1.873420 2.898531
 82.980004 -1.922190 -2.945528
 83.180004 -2.041345 2.867982
 83.380004 -1.713455 -3.050509
 83.580004 -2.501740 3.112322
 83.780004 -1.807897 -3.134228
 83.980004 -2.188764 -3.134093
 84.180004 -2.242870 -3.007756
 84.380004 -1.914941 3.105167
 84.580004 -2.459416 -2.849589
 84.780004 -1.923380 3.082371
 84.980004 -2.379295 -2.886240
 85.180004 -2.006720 3.033219
 85.380004 -1.944545 -2.855712
 85.580004 -2.128565 -3.064745
 85.780004 -1.919638 3.100013
 85.980004 -2.491895 -2.934066
 86.180004 -1.951193 2.984993
 86.380004 -2.182076 -2.887583
 86.580004 -2.106076 -2.982397
 86.780004 -2.071837 2.919835
 86.980004 -2.231056 -2.742808
 87.180004 -2.154178 2.995591
 87.380004 -2.093058 -3.094684
 87.580004 -2.077672 -2.915113
 87.780004 -1.985117 2.890614
 87.980004 -2.073293 -2.817070
 88.180004 -2.070535 2.819218
 88.380004 -2.008902 -2.932101
 88.580004 -2.158966 3.116497
 88.780004 -2.034248 3.023830
 88.980004 -2.213177 -2.875145
 89.180004 -2.044754 2.847486
 89.380004 -1.940065 -2.818306
 89.580004 -2.081425 2.988132
 89.780004 -1.924647 -3.018449
 89.980004 -2.373593 -2.999102
 90.180004 -1.917382 3.080643
 90.380004 -2.301787 -3.001470
 90.580004 -2.124177 3.119661
 90.780004 -2.064310 -3.063005
 90.980004 -2.415386 -2.921558
 91.180004 -1.936735 3.114164
 91.380004 -2.318099 -3.049295
 91.580004 -2.087885 -3.017675
 91.780004 -1.970209 3.098279
 91.980004 -2.177643 -3.005901
 92.180004 -1.896691 3.137927
 92.380004 -2.118526 -3.089565
 92.580004 -2.126825 3.034323
 92.780004 -1.930693 -3.080818
 92.980004 -2.218729 -3.056950
 93.180004 -1.899425 3.085482
 93.380004 -1.954540 -3.056419
 93.580004 -2.213654 3.081708
 93.780004 -1.837290 -3.046633
 93.980004 -2.072818 3.138600
 94.180004 -2.082501 3.117538
 94.380004 -1.975186 -2.955338
 94.580004 -2.317596 3.066351
 94.780005 -1.872536 -2.980564
 94.980005 -2.285861 -3.036216
 95.180005 -2.015727 3.139006
 95.380005 -2.194201 -3.081904
 95.580005 -2.283682 -3.083615
 95.780005 -2.042016 3.134717
 95.980005 -2.314427 -3.005453
 96.180005 -2.039173 -2.981324
 96.380005 -2.143194 -3.100536
 96.580005 -2.179159 -3.037881
 96.780005 -1.922861 2.974295
 96.980005 -2.202207 -2.909777
 97.180005 -1.865688 2.882484
 97.380005 -2.164312 -2.879947
 97.580005 -2.158069 2.840412
 97.780005 -1.910844 -2.930775
 97.980005 -2.242171 3.045726
 98.180005 -1.659129 -3.055648
 98.380005 -2.290647 -3.111293
 98.580005 -2.018843 3.056753
 98.780005 -1.999303 -3.016714
 98.980005 -2.342478 2.901092
 99.180005 -1.662830 -2.852982
 99.380005 -2.461695 3.004204
 99.580005 -1.619782 -2.936325
 99.780005 -2.264220 3.050020
 99.980005 -2.075608 -2.946395
 100.180005 -1.810882 3.016670
 100.380005 -2.287720 -3.036579
 100.580005 -1.646686 -3.019845
 100.780005 -2.433052 3.079984
 100.980005 -1.885371 -2.914581
 101.180005 -2.026960 2.891993
 101.380005 -2.275271 -2.847194
 101.580005 -1.799942 3.002050
 101.780005 -2.490105 -3.001780
 101.980005 -1.842030 3.125845
 102.180005 -2.007602 -3.118838
 102.380005 -2.184155 -3.050052
 102.580005 -1.762596 3.064180
 102.780005 -2.376156 -2.998115
 102.980005 -1.932177 3.091110
 103.180005 -2.028952 -3.090279
 103.380005 -2.130767 3.116298
 103.580005 -1.874333 -2.861424
 103.780005 -2.486088 3.006708
 103.980005 -1.906934 -2.826943
 104.180005 -2.147454 2.968722
 104.380005 -2.022689 -2.828242
 104.580005 -1.895811 2.860987
 104.780005 -2.214073 -2.947519
 104.980005 -1.898883 -3.079514
 105.180005 -2.171370 3.012036
 105.380005 -2.104135 -2.848029
 105.580005 -1.925689 3.005590
 105.780005 -2.145244 -3.027191
 105.980005 -1.954083 -3.037849
 106.180005 -2.163285 3.099047
 106.380005 -2.072469 -3.094891
 106.580005 -1.999402 3.072776
 106.780005 -2.136118 -3.063370
 106.980005 -1.867750 -3.028895
 107.180005 -2.321163 3.002830
 107.380005 -1.948753 -2.918599
 107.580005 -2.172004 3.123400
 107.780005 -1.990986 3.095548
 107.980005 -1.943250 -3.044506
 108.180005 -2.127683 -3.054513
 108.380005 -2.032110 -3.110850
 108.580005 -2.212380 -3.135954
 108.780005 -2.105569 -3.017265
 108.980005 -2.050848 3.094904
 109.180005 -2.154119 -3.114795
 109.380005 -2.048651 -2.854149
 109.580005 -2.257628 2.969320
 109.780005 -1.981413 -2.761382
 109.980005 -2.265596 2.901752
 110.180005 -1.972720 -2.767148
 110.380005 -2.271798 2.993954
 110.580005 -2.061196 -3.092238
 110.780005 -2.124614 -2.990290
 110.980005 -2.214608 2.992256
 111.180005 -1.841239 -2.960795
 111.380005 -2.150932 3.016674
 111.580005 -1.796521 -2.938838
 111.780005 -2.261036 3.104922
 111.980005 -2.155095 -3.105594
 112.180005 -2.044922 -3.034422
 112.380005 -2.343267 -3.075013
 112.580005 -1.977803 -3.140850
 112.780005 -2.288977 -2.973745
 112.980005 -2.026437 3.092083
 113.180005 -1.981472 -2.940924
 113.380005 -2.135954 3.061303
 113.580005 -1.823727 -2.951399
 113.780005 -2.273984 3.135862
 113.980005 -2.055703 -3.066427
 114.180005 -2.169948 -2.994159
 114.380005 -2.325014 3.017433
 114.580005 -1.924110 -2.893185
 114.780005 -2.282185 3.060849
 114.980005 -1.818759 -2.938380
 115.180005 -2.107146 3.041601
 115.380005 -2.026126 -3.038418
 115.580005 -2.029513 3.026920
 115.780005 -2.210971 3.063058
 115.980006 -1.947211 -2.938763
 116.180006 -2.197664 2.883889
 116.380006 -1.978180 -3.035157
 116.580006 -1.937849 3.006395
 116.780006 -2.200245 -3.136185
 116.980006 -1.942200 -3.116029
 117.180006 -2.187602 3.139036
 117.380006 -1.944282 3.081034
 117.580006 -2.144586 -3.136142
 117.780006 -2.200150 -3.077149
 117.980006 -2.074505 3.022828
 118.180006 -2.214180 -2.902996
 118.380006 -2.058674 3.015033
 118.580006 -1.932429 -2.937415
 118.780006 -2.265148 -3.093931
 118.980006 -1.897423 -3.055709
 119.180006 -2.248643 -3.098137
 119.380006 -2.121112 -3.067324
 119.580006 -2.149481 -2.937784
 119.780006 -2.307769 2.959802
 119.980006 -1.843752 -2.848137
 120.180006 -2.256393 -3.108551
 120.380006 -1.770302 -3.009413
 120.580006 -2.050923 3.128500
 120.780006 -2.170116 -3.045724
 120.980006 -1.922940 3.110375
 121.180006 -2.296518 -3.057385
 121.380006 -1.984774 -2.938117
 121.580006 -2.160641 3.093740
 121.780006 -2.171081 -3.014631
 121.980006 -2.021511 -3.130569
 122.180006 -2.115828 -3.119904
 122.380006 -1.922563 3.095914
 122.580006 -2.021637 -3.092500
 122.780006 -2.004214 3.088994
 122.980006 -2.023960 -3.138762
 123.180006 -2.267430 3.051672
 123.380006 -1.940387 -3.017809
 123.580006 -2.122509 3.114602
 123.780006 -1.843006 -3.046737
 123.980006 -1.941221 -3.076264
 124.180006 -2.006827 3.095208
 124.380006 -1.836773 -2.946634
 124.580006 -2.209777 3.058614
 124.780006 -1.992701 -2.823623
 124.980006 -2.094695 3.088445
 125.180006 -2.049790 -2.869427
 125.380006 -2.114770 3.097948
 125.580006 -2.227955 -2.931168
 125.780006 -2.020584 -3.110516
 125.980006 -2.218190 -3.056227
 126.180006 -1.964199 -2.947957
 126.380006 -2.050655 3.131641
 126.580006 -2.225887 -3.014676
 126.780006 -2.075503 -3.099990
 126.980006 -2.304433 3.108893
 127.180006 -1.999812 -2.843322
 127.380006 -1.993701 2.986982
 127.580006 -2.140953 -2.964879
 127.780006 -2.164698 3.096580
 127.980006 -2.234767 3.109378
 128.180006 -2.138117 -3.004392
 128.380006 -1.959929 3.070839
 128.580006 -2.029207 -2.991620
 128.780006 -2.067941 3.098891
 128.980006 -2.052499 -3.070900
 129.180006 -2.199985 -3.114378
 129.380006 -2.080967 -3.123789
 129.580006 -2.080476 -3.050183
 129.780006 -2.051608 -3.118337
 129.980006 -2.083282 2.985781
 130.180006 -2.151544 -2.881424
 130.380006 -2.108901 3.016170
 130.580006 -2.197727 -2.857186
 130.780006 -2.121832 3.000841
 130.980006 -1.944229 -2.901537
 131.180006 -2.332225 -3.111289
 131.380006 -2.080197 -3.107897
 131.580006 -2.300615 -2.968827
 131.780006 -2.116432 3.060107
 131.980006 -1.876899 -2.925356
 132.180006 -2.136861 3.037021
 132.380006 -2.026639 -2.987353
 132.580006 -2.277229 -3.056428
 132.780006 -1.972615 -3.082229
 132.980006 -2.063149 3.125000
 133.180006 -2.207629 -2.953356
 133.380006 -1.988150 3.046955
 133.580006 -2.273491 -3.060448
 133.780006 -2.150677 3.057351
 133.980006 -2.218019 -3.025505
 134.180006 -2.115784 2.980744
 134.380006 -1.937514 -2.923399
 134.580006 -2.390607 -3.139682
 134.780006 -1.940458 -3.126951
 134.980006 -2.265115 -3.081054
 135.180006 -2.023027 3.113673
 135.380006 -1.939378 -3.085291
 135.580006 -2.319139 3.079183
 135.780006 -1.878877 -2.902964
 135.980006 -2.356361 3.020559
 136.180006 -2.002666 -2.981393
 136.380006 -2.085773 3.100997
 136.580006 -2.088895 3.121072
 136.780006 -1.810131 -3.096328
 136.980007 -2.127175 -3.081352
 137.180007 -1.775153 3.100853
 137.380007 -2.163434 -3.024445
 137.580007 -1.971099 -2.922799
 137.780007 -2.028519 3.020659
 137.980007 -2.194398 -2.821990
 138.180007 -1.925417 2.969999
 138.380007 -2.191393 -2.939382
 138.580007 -1.932345 3.138813
 138.780007 -2.052808 -3.079375
 138.980007 -2.296784 -3.037413
 139.180007 -2.091901 -3.133465
 139.380007 -2.428001 -3.086951
 139.580007 -2.005745 3.065420
 139.780007 -2.084202 -2.971346
 139.980007 -2.057049 3.102787
 140.180007 -1.989890 -3.049602
 140.380007 -2.275886 3.065855
 140.580007 -1.935288 -2.898610
 140.780007 -2.102187 2.922025
 140.980007 -1.827065 -2.809318
 141.180007 -2.091627 2.901205
 141.380007 -2.156951 -2.949386
 141.580007 -2.088833 2.949106
 141.780007 -1.996057 -2.924941
 141.980007 -2.033449 -3.005255
 142.180007 -2.000475 3.089412
 142.380007 -2.379802 -2.874475
 142.580007 -2.134458 3.023394
 142.780007 -2.130574 -2.932859
 142.980007 -2.093277 3.100903
 143.180007 -2.040174 -2.907333
 143.380007 -2.240231 3.031966
 143.580007 -2.021511 -2.871966
 143.780007 -2.026792 2.995637
 143.980007 -2.049901 -2.971593
 144.180007 -2.073535 3.085941
 144.380007 -2.208599 -2.998453
 144.580007 -2.045772 2.994359
 144.780007 -2.060964 -2.897979
 144.980007 -1.998739 3.118926
 145.180007 -2.000617 3.057359
 145.380007 -2.437974 -2.962956
 145.580007 -2.112086 2.941203
 145.780007 -2.122163 -2.949655
 145.980007 -2.012076 -3.140078
 146.180007 -1.854717 3.100617
 146.380007 -2.349831 -2.910920
 146.580007 -1.935742 3.069671
 146.780007 -2.223436 -2.994672
 146.980007 -2.095702 -3.102875
 147.180007 -2.126325 3.121486
 147.380007 -2.357930 -2.778662
 147.580007 -1.887842 2.942936
 147.780007 -2.203667 -2.975948
 147.980007 -1.976290 -2.917958
 148.180007 -1.953051 2.983203
 148.380007 -2.121690 -2.692609
 148.580007 -1.978559 2.877711
 148.780007 -2.418014 -2.705164
 148.980007 -2.175901 2.896457
 149.180007 -1.984456 -3.012893
 149.380007 -2.121334 3.136386
 149.580007 -1.955429 3.026850
 149.780007 -2.288573 -2.973261
 149.980007 -1.914091 3.023102
 150.180007 -2.173224 -3.115140
 150.380007 -2.034341 -2.996748
 150.580007 -2.091273 3.067242
 150.780007 -2.269833 -2.850774
 150.980007 -2.099346 3.074156
 151.180007 -2.168686 -3.011231
 151.380007 -1.989561 -3.069630
 151.580007 -2.066150 3.075793
 151.780007 -2.227417 -2.829363
 151.980007 -1.830442 2.971330
 152.180007 -2.217794 -2.856837
 152.380007 -1.972602 3.124915
 152.580007 -1.919605 3.007705
 152.780007 -2.296029 -2.953006
 152.980007 -1.783004 2.934554
 153.180007 -2.218707 -2.863951
 153.380007 -1.818952 2.951643
 153.580007 -2.180026 3.023494
 153.780007 -2.178493 -2.838840
 153.980007 -1.967198 2.772093
 154.180007 -2.210834 -2.691396
 154.380007 -1.980190 2.905561
 154.580007 -1.916498 -3.115699
 154.780007 -2.226088 -3.089776
 154.980007 -1.934835 -3.140326
 155.180007 -2.238197 -2.907731
 155.380007 -1.930042 3.060050
 155.580007 -1.998597 -2.923715
 155.780007 -2.191332 3.102471
 155.980007 -1.848978 -3.054904
 156.180007 -2.334186 -3.019431
 156.380007 -1.831279 3.115109
 156.580007 -2.153881 -3.022616
 156.780007 -2.256380 -3.088283
 156.980007 -1.856927 2.955285
 157.180007 -2.594671 -2.840300
 157.380007 -1.783707 2.959206
 157.580007 -2.178973 -2.816935
 157.780007 -2.077072 -3.109127
 157.980008 -1.900085 3.028342
 158.180008 -2.406376 -2.936860
 158.380008 -1.838709 3.064129
 158.580008 -2.199685 -2.952445
 158.780008 -1.987527 3.125999
 158.980008 -2.035959 -3.124633
 159.180008 -2.248856 -3.101625
 159.380008 -1.917015 3.081169
 159.580008 -2.406114 -2.980779
 159.780008 -1.843336 3.140233
 159.980008 -2.166591 -3.092236
 160.180008 -2.102267 -3.096774
 160.380008 -2.164562 3.016379
 160.580008 -2.219811 -2.874058
 160.780008 -1.884570 3.073302
 160.980008 -1.979269 -3.022882
 161.180008 -2.088790 3.050725
 161.380008 -1.996798 3.066320
 161.580008 -2.234984 -3.121229
 161.780008 -2.072379 3.017875
 161.980008 -1.994144 -2.915173
 162.180008 -2.227151 3.025081
 162.380008 -1.920205 -3.076338
 162.580008 -2.248541 -3.119899
 162.780008 -1.936527 3.118114
 162.980008 -1.947423 -3.020306
 163.180008 -2.070113 3.099579
 163.380008 -1.856861 -3.029972
 163.580008 -2.224298 -3.091026
 163.780008 -2.001773 3.129915
 163.980008 -2.148258 -3.016447
 164.180008 -2.304224 3.117303
 164.380008 -1.855847 -2.955551
 164.580008 -2.266161 -3.112815
 164.780008 -1.934469 -2.985251
 164.980008 -2.069527 -3.110344
 165.180008 -2.169487 -3.096921
 165.380008 -2.059974 -2.975637
 165.580008 -2.267996 -3.086466
 165.780008 -1.912741 -3.133078
 165.980008 -2.053019 -3.031013
 166.180008 -1.988368 -3.139387
 166.380008 -2.064620 3.113650
 166.580008 -2.236058 -3.100492
 166.780008 -1.975620 2.976596
 166.980008 -2.088283 -2.931469
 167.180008 -2.118999 3.012975
 167.380008 -2.021668 -3.012107
 167.580008 -2.145042 -3.107963
 167.780008 -1.913897 3.019675
 167.980008 -2.023869 -2.952649
 168.180008 -1.987948 3.041118
 168.380008 -1.969577 -2.869095
 168.580008 -2.285626 2.925160
 168.780008 -2.023826 -2.853430
 168.980008 -2.321071 3.034398
 169.180008 -1.894684 -2.960950
 169.380008 -2.185683 -3.024604
 169.580008 -2.174082 3.117677
 169.780008 -1.965339 -2.974504
 169.980008 -2.343531 3.018370
 170.180008 -1.934475 -2.950067
 170.380008 -2.159485 2.958138
 170.580008 -2.042546 -2.882240
 170.780008 -1.961232 3.003590
 170.980008 -2.219313 3.093315
 171.180008 -1.880979 -2.984615
 171.380008 -2.152319 3.000733
 171.580008 -1.877715 -2.931993
 171.780008 -2.014136 3.074313
 171.980008 -2.123554 -3.001549
 172.180008 -1.888741 3.020875
 172.380008 -2.228360 -3.120359
 172.580008 -1.870903 -3.057184
 172.780008 -2.077813 3.069264
 172.980008 -2.087444 -3.038190
 173.180008 -1.961934 -3.081417
 173.380008 -2.097669 3.117828
 173.580008 -2.001374 -3.082599
 173.780008 -2.091949 -3.002383
 173.980008 -2.157029 3.122149
 174.180008 -2.188071 -3.044520
 174.380008 -2.105965 -3.086000
 174.580008 -2.199564 -2.955092
 174.780008 -2.102313 3.104160
 174.980008 -2.183186 -2.959205
 175.180008 -2.195629 3.054458
 175.380008 -1.993918 -2.969262
 175.580008 -2.146796 -3.128966
 175.780008 -1.923636 -3.061149
 175.980008 -2.291220 -3.040466
 176.180008 -2.207861 -3.107209
 176.380008 -2.187561 3.103356
 176.580008 -2.243811 -3.082993
 176.780008 -1.869292 -3.114332
 176.980008 -2.028794 3.114258
 177.180008 -2.014531 3.124345
 177.380008 -2.120769 -3.111549
 177.580008 -2.150609 3.136680
 177.780008 -1.906753 2.984393
 177.980008 -2.073093 -2.815714
 178.180008 -1.915163 2.990410
 178.380008 -2.176751 -3.046568
 178.580008 -2.124141 3.134938
 178.780008 -1.939689 3.082046
 178.980009 -2.135760 3.089550
 179.180009 -1.976489 -3.049523
 179.380009 -2.150342 3.012425
 179.580009 -2.209598 -3.066439
 179.780009 -2.067694 -3.088323
 179.980009 -2.119781 3.070610
 180.180009 -2.074796 -2.979138
 180.380009 -2.209497 3.001826
 180.580009 -2.171489 -2.915424
 180.780009 -1.953525 2.910189
 180.980009 -2.135941 -2.873032
 181.180009 -1.982332 3.064409
 181.380009 -1.991223 -2.993591
 181.580009 -2.240953 -3.092718
 181.780009 -1.916928 3.099702
 181.980009 -2.182922 -2.802936
 182.180009 -1.914015 3.069641
 182.380009 -2.198184 -2.938313
 182.580009 -2.208668 -3.101516
 182.780009 -1.962014 -3.111879
 182.980009 -2.307584 -3.104206
 183.180009 -1.856102 -2.874604
 183.380009 -2.230271 2.994529
 183.580009 -2.059599 -2.864573
 183.780009 -2.042444 2.983459
 183.980009 -2.282484 -2.998035
 184.180009 -1.752158 3.062996
 184.380009 -2.263790 2.983931
 184.580009 -1.937251 -2.843472
 184.780009 -2.201635 2.874665
 184.980009 -2.144661 -2.864096
 185.180009 -1.919642 3.041026
 185.380009 -2.046657 3.021336
 185.580009 -1.988397 -2.830936
 185.780009 -2.097125 2.790180
 185.980009 -1.928339 -2.815858
 186.180009 -2.040544 2.954926
 186.380009 -2.037176 -3.061179
 186.580009 -2.219143 -3.126941
 186.780009 -2.085223 3.012521
 186.980009 -2.213091 -3.076295
 187.180009 -1.987303 -3.048447
 187.380009 -2.090374 -3.071885
 187.580009 -2.070418 -3.091871
 187.780009 -1.995514 -3.139110
 187.980009 -2.066235 -3.075034
 188.180009 -1.854732 3.133873
 188.380009 -2.050809 -3.080881
 188.580009 -2.072928 -2.827964
 188.780009 -2.100320 2.946343
 188.980009 -2.183176 -2.764519
 189.180009 -2.163564 2.918519
 189.380009 -2.055550 -2.727016
 189.580009 -2.193769 3.071466
 189.780009 -2.001313 -2.979447
 189.980009 -2.159699 3.104143
 190.180009 -2.013605 -3.125107
 190.380009 -2.092141 -3.065725
 190.580009 -2.137639 3.044833
 190.780009 -2.071575 -2.884590
 190.980009 -2.245859 3.067805
 191.180009 -2.064560 -3.031165
 191.380009 -2.328403 3.134706
 191.580009 -1.958866 -2.985342
 191.780009 -2.143015 3.091335
 191.980009 -1.988251 -2.786955
 192.180009 -1.974107 3.103323
 192.380009 -2.026968 -2.980023
 192.580009 -2.083450 -3.080701
 192.780009 -2.224269 -3.075401
 192.980009 -2.064109 -2.935773
 193.180009 -2.246388 3.133444
 193.380009 -2.088695 -2.825597
 193.580009 -2.132276 2.989998
 193.780009 -2.028220 -2.958114
 193.980009 -2.024957 -3.118538
 194.180009 -2.025391 3.119006
 194.380009 -2.120495 -2.995994
 194.580009 -2.132242 3.112657
 194.780009 -2.125242 -3.045478
 194.980009 -2.240393 3.116118
 195.180009 -2.042822 -3.061389
 195.380009 -2.099041 -3.129808
 195.580009 -2.071690 -2.966608
 195.780009 -1.982535 2.978677
 195.980009 -2.171831 -3.005791
 196.180009 -2.022526 3.025186
 196.380009 -2.114792 -3.063594
 196.580009 -1.919022 2.974782
 196.780009 -1.884199 -2.922266
 196.980009 -2.166148 3.079697
 197.180009 -1.831968 -3.088015
 197.380009 -2.358174 -2.996445
 197.580009 -1.917445 3.129146
 197.780009 -2.081731 -3.051863
 197.980009 -2.402074 -3.107765
 198.180009 -1.834461 -3.028441
 198.380009 -2.491180 3.079738
 198.580009 -1.954239 -2.994744
 198.780009 -2.078172 -3.139074
 198.980009 -2.214647 -3.052917
 199.180009 -1.786588 3.116898
 199.380009 -2.425328 -3.100024
 199.580009 -1.761214 3.024795
 199.780009 -2.074344 -3.068244
 199.980009 -2.090123 3.140300
