#! FIELDS time phi psi
#! SET max_psi pi
 0.180000 1.208436 -1.022937
 0.380000 1.299961 -1.361904
 0.580000 1.161422 -1.341382
 0.780000 1.204607 -1.287782
 0.980000 1.359039 -1.327038
 1.180000 1.274402 -1.351398
 1.380000 1.185168 -1.242738
 1.580000 1.215216 -1.335769
 1.780000 1.377496 -1.156799
 1.980000 1.208950 -1.264464
 2.180000 1.165119 -1.305678
 2.380000 1.222570 -1.326583
 2.580000 1.302491 -1.244197
 2.780000 1.222932 -1.139864
 2.980000 1.287560 -1.120860
 3.180000 1.294692 -1.225401
 3.380000 1.248279 -1.311807
 3.580000 1.138950 -1.272442
 3.780000 1.019706 -1.179623
 3.980000 1.362812 -1.335768
 4.180000 1.243893 -1.263089
 4.380000 1.200670 -1.378987
 4.580000 1.207974 -0.989955
 4.780000 1.116810 -1.414045
 4.980000 1.228505 -1.191091
 5.180000 1.338158 -1.126401
 5.380000 1.319525 -1.417496
 5.580000 1.350928 -1.102065
 5.780000 1.189398 -1.291554
 5.980000 1.339054 -1.363374
 6.180000 1.371219 -1.132895
 6.380000 1.178129 -1.413968
 6.580000 1.005568 -0.937328
 6.780000 1.103127 -1.332695
 6.980000 1.195276 -1.305498
 7.180000 1.222612 -1.094540
 7.380000 1.294743 -1.407558
 7.580000 1.509640 -1.145981
 7.780000 1.313510 -1.448951
 7.980000 1.208618 -1.225531
 8.180000 1.314285 -1.190376
 8.380000 1.215569 -1.234775
 8.580000 1.157876 -1.099395
 8.780000 1.034534 -1.229562
 8.980000 1.261194 -1.284602
 9.180000 1.270893 -1.306651
 9.380000 1.274657 -1.264736
 9.580000 1.300570 -1.296015
 9.780000 1.489801 -1.301374
 9.980000 1.114624 -1.158766
 10.180000 1.077067 -1.190022
 10.380000 1.382662 -1.340105
 10.580001 1.045844 -1.181866
 10.780001 1.215076 -1.247942
 10.980001 1.245723 -1.369600
 11.180001 1.472047 -1.152767
 11.380001 1.360084 -1.272472
 11.580001 1.114332 -1.164376
 11.780001 1.339472 -1.283794
 11.980001 0.990651 -1.345565
 12.180001 1.263093 -1.095510
 12.380001 1.394186 -1.282979
 12.580001 1.324637 -1.196428
 12.780001 1.363349 -1.211302
 12.980001 1.052856 -1.209232
 13.180001 1.325098 -1.391567
 13.380001 1.134742 -1.098455
 13.580001 1.097069 -1.299750
 13.780001 1.332659 -1.033312
 13.980001 1.258846 -1.327125
 14.180001 1.213062 -1.287464
 14.380001 1.071180 -1.072092
 14.580001 1.243271 -1.491916
 14.780001 1.291506 -1.184671
 14.980001 1.371638 -1.172872
 15.180001 1.274728 -1.384605
 15.380001 1.321293 -1.077477
 15.580001 1.200291 -1.512590
 15.780001 1.184411 -1.082794
 15.980001 1.250125 -1.396030
 16.180001 1.177524 -1.270425
 16.380001 1.219736 -1.148945
 16.580001 1.254501 -1.313801
 16.780001 1.218698 -1.190051
 16.980001 1.320581 -1.257722
 17.180001 1.137687 -1.237880
 17.380001 1.260934 -1.088449
 17.580001 1.282167 -1.433461
 17.780001 1.317992 -1.064322
 17.980001 1.353665 -1.328136
 18.180001 1.185780 -1.404584
 18.380001 1.339860 -1.092014
 18.580001 1.095914 -1.393863
 18.780001 1.302073 -1.106296
 18.980001 1.301942 -1.252872
 19.180001 1.090293 -1.264466
 19.380001 1.183195 -1.068480
 19.580001 1.170212 -1.517278
 19.780001 1.404057 -0.808820
 19.980001 1.267867 -1.571584
 20.180001 1.510703 -1.235705
 20.380001 1.235572 -1.256556
 20.580001 1.201013 -1.467687
 20.780001 1.513233 -1.096400
 20.980001 1.332204 -1.536650
 21.180001 1.276537 -1.076642
 21.380001 1.276341 -1.169418
 21.580001 1.169659 -1.364052
 21.780001 1.001257 -1.031017
 21.980001 1.280071 -1.436956
 22.180001 1.365285 -1.037671
 22.380001 1.293533 -1.365201
 22.580001 1.363154 -1.426350
 22.780001 1.208089 -1.094122
 22.980001 1.114453 -1.511325
 23.180001 1.305158 -0.968212
 23.380001 1.215203 -1.486465
 23.580001 1.199845 -1.103001
 23.780001 1.416830 -1.224942
 23.980001 1.209136 -1.508353
 24.180001 1.083612 -0.879546
 24.380001 1.225727 -1.620296
 24.580001 1.397411 -1.164941
 24.780001 1.197399 -1.224841
 24.980001 1.292588 -1.405313
 25.180001 1.276165 -1.030126
 25.380001 1.066650 -1.401781
 25.580001 1.016330 -1.056532
 25.780001 1.233595 -1.298475
 25.980001 1.270290 -1.334731
 26.180001 1.389284 -1.158167
 26.380001 1.295611 -1.600926
 26.580001 1.281508 -1.030893
 26.780001 1.208168 -1.553464
 26.980001 1.310752 -1.027334
 27.180001 1.214469 -1.226723
 27.380001 1.248314 -1.257270
 27.580001 1.339811 -1.247848
 27.780001 1.030225 -1.259079
 27.980001 1.094099 -1.104839
 28.180001 1.413390 -1.314895
 28.380001 1.282637 -1.391573
 28.580001 1.342585 -1.095620
 28.780001 1.198950 -1.454571
 28.980001 1.301309 -1.031891
 29.180001 1.195346 -1.361692
 29.380001 1.193539 -1.249975
 29.580001 1.399160 -1.258125
 29.780001 1.152042 -1.497448
 29.980001 1.304809 -1.114250
 30.180001 1.177249 -1.420613
 30.380001 1.236769 -1.219279
 30.580001 1.297559 -1.154087
 30.780001 1.190058 -1.397487
 30.980001 1.138563 -1.021696
 31.180001 1.279763 -1.311905
 31.380001 1.415690 -1.278688
 31.580001 1.343574 -1.022407
 31.780002 1.146463 -1.479233
 31.980002 1.143868 -1.074811
 32.180002 1.201998 -1.517639
 32.380002 1.213586 -1.120952
 32.580002 1.274608 -1.244186
 32.780002 1.440930 -1.529280
 32.980002 1.228297 -1.062696
 33.180002 1.205125 -1.496852
 33.380002 1.207836 -1.059247
 33.580002 1.311928 -1.414475
 33.780002 1.466729 -1.205965
 33.980002 1.309447 -1.152153
 34.180002 1.183621 -1.223265
 34.380002 1.106439 -1.085245
 34.580002 1.083906 -1.355391
 34.780002 1.230920 -1.216473
 34.980002 1.337521 -1.225812
 35.180002 1.364873 -1.511680
 35.380002 1.213297 -1.039648
 35.580002 1.151841 -1.522990
 35.780002 1.250932 -1.183605
 35.980002 1.263252 -1.277153
 36.180002 1.307310 -1.405588
 36.380002 1.449795 -1.104423
 36.580002 0.926304 -1.281293
 36.780002 1.283927 -1.165678
 36.980002 1.198513 -1.269277
 37.180002 1.312030 -1.259161
 37.380002 1.381286 -1.271245
 37.580002 1.045221 -1.191932
 37.780002 1.297943 -1.188529
 37.980002 1.162349 -1.344707
 38.180002 1.298330 -1.207594
 38.380002 1.414393 -1.218598
 38.580002 1.221727 -1.293074
 38.780002 1.423459 -1.201135
 38.980002 1.206797 -1.360606
 39.180002 1.148703 -1.301871
 39.380002 1.288947 -1.320941
 39.580002 1.246605 -1.281022
 39.780002 1.197806 -1.083503
 39.980002 1.088226 -1.439083
 40.180002 0.966909 -1.154071
 40.380002 1.306124 -1.292925
 40.580002 1.271239 -1.382233
 40.780002 1.570345 -1.213299
 40.980002 1.661372 -1.275916
 41.180002 0.942637 -1.418072
 41.380002 1.362096 -1.238176
 41.580002 1.192363 -1.292584
 41.780002 1.325828 -1.147848
 41.980002 1.446167 -1.217284
 42.180002 1.211242 -1.108880
 42.380002 1.061675 -1.310153
 42.580002 1.196103 -1.200151
 42.780002 1.178126 -1.268983
 42.980002 1.188353 -1.181564
 43.180002 1.235624 -1.375532
 43.380002 1.323552 -1.179435
 43.580002 0.827479 -1.387732
 43.780002 1.432928 -1.124642
 43.980002 1.337707 -1.324578
 44.180002 1.178362 -1.245742
 44.380002 1.109044 -1.288941
 44.580002 1.320344 -1.273594
 44.780002 1.240151 -1.391435
 44.980002 1.242656 -1.025441
 45.180002 1.134524 -1.194211
 45.380002 1.088915 -1.228725
 45.580002 1.097665 -1.227936
 45.780002 1.137407 -1.220789
 45.980002 1.548236 -1.273995
 46.180002 1.323043 -1.268792
 46.380002 1.192237 -1.253928
 46.580002 1.181441 -1.224993
 46.780002 1.174399 -1.202434
 46.980002 1.160144 -1.278586
 47.180002 1.253393 -1.167649
 47.380002 1.277283 -1.287912
 47.580002 1.275354 -1.276310
 47.780002 1.291338 -1.173824
 47.980002 1.266973 -1.409960
 48.180002 1.271129 -1.097341
 48.380002 1.057475 -1.198437
 48.580002 1.201444 -1.192719
 48.780002 1.183966 -1.292406
 48.980002 1.240199 -1.372213
 49.180002 1.240362 -1.249940
 49.380002 1.489057 -1.313441
 49.580002 1.264316 -1.256297
 49.780002 1.244962 -1.481110
 49.980002 1.096300 -1.061079
 50.180002 1.276189 -1.203909
 50.380002 1.412864 -1.192660
 50.580002 1.123317 -1.284272
 50.780002 1.103834 -1.312913
 50.980002 1.082515 -1.276906
 51.180002 1.193646 -1.248245
 51.380002 1.347138 -1.396539
 51.580002 1.318539 -1.039691
 51.780002 1.317537 -1.384997
 51.980002 1.157628 -1.154090
 52.180002 1.137296 -1.194904
 52.380002 1.248460 -1.336361
 52.580002 1.281294 -1.087931
 52.780003 1.236472 -1.392727
 52.980003 1.320577 -1.005368
 53.180003 1.252536 -1.486971
 53.380003 1.259741 -1.084942
 53.580003 1.086411 -1.277789
 53.780003 1.359752 -1.225164
 53.980003 1.429731 -1.287149
 54.180003 1.302320 -1.273739
 54.380003 1.181703 -1.253452
 54.580003 1.095959 -1.200585
 54.780003 1.169489 -1.238375
 54.980003 1.240514 -1.296610
 55.180003 1.217132 -1.299422
 55.380003 1.294927 -1.161522
 55.580003 1.162874 -1.271821
 55.780003 1.135268 -1.056171
 55.980003 1.207767 -1.315112
 56.180003 1.363991 -1.356100
 56.380003 1.219656 -1.226499
 56.580003 1.267246 -1.225930
 56.780003 1.293713 -1.245131
 56.980003 1.254750 -1.142423
 57.180003 1.118424 -1.143375
 57.380003 1.221684 -1.172155
 57.580003 1.228974 -1.255072
 57.780003 1.130247 -1.272548
 57.980003 1.257772 -1.263516
 58.180003 1.281257 -1.187953
 58.380003 1.379400 -1.319631
 58.580003 1.181429 -1.107281
 58.780003 1.212127 -1.405440
 58.980003 1.283943 -1.194633
 59.180003 1.093019 -1.163702
 59.380003 1.389573 -1.294141
 59.580003 1.314105 -1.175010
 59.780003 1.163250 -1.209505
 59.980003 1.092742 -1.321168
 60.180003 1.174092 -1.075530
 60.380003 1.420855 -1.451921
 60.580003 1.258800 -1.106004
 60.780003 1.242088 -1.307905
 60.980003 1.329670 -1.265703
 61.180003 1.080856 -1.253802
 61.380003 1.085428 -1.239850
 61.580003 1.304770 -1.186716
 61.780003 1.355052 -1.290705
 61.980003 1.483243 -1.310151
 62.180003 1.284817 -1.139245
 62.380003 1.121708 -1.368744
 62.580003 1.216313 -1.135998
 62.780003 1.302780 -1.455533
 62.980003 1.459507 -1.055805
 63.180003 1.187213 -1.314661
 63.380003 1.065274 -1.304788
 63.580003 1.134419 -1.186653
 63.780003 1.273518 -1.375500
 63.980003 1.529014 -1.263606
 64.180003 1.555911 -1.273066
 64.380003 1.021855 -1.273019
 64.580003 1.067843 -1.206685
 64.780003 1.375103 -1.348031
 64.980003 1.037649 -1.065500
 65.180003 1.342549 -1.191905
 65.380003 1.510085 -1.374963
 65.580003 0.985369 -1.065067
 65.780003 1.245980 -1.433728
 65.980003 1.480324 -1.193790
 66.180003 1.341375 -1.438504
 66.380003 1.413073 -1.198674
 66.580003 1.073510 -1.458528
 66.780003 1.260730 -1.034590
 66.980003 1.153916 -1.390171
 67.180003 1.406500 -1.055754
 67.380003 1.136937 -1.176317
 67.580003 1.166334 -1.291548
 67.780003 1.176770 -1.304670
 67.980003 1.099683 -1.158740
 68.180003 1.321508 -1.419415
 68.380003 1.541519 -1.070364
 68.580003 1.358066 -1.456363
 68.780003 1.123907 -1.036521
 68.980003 1.143823 -1.390292
 69.180003 1.323921 -1.167678
 69.380003 1.247272 -1.244329
 69.580003 1.248211 -1.353713
 69.780003 1.309677 -1.231798
 69.980003 1.141913 -1.270914
 70.180003 1.102355 -1.433893
 70.380003 1.324475 -1.142655
 70.580003 1.250024 -1.390491
 70.780003 1.326408 -1.056875
 70.980003 1.182877 -1.236547
 71.180003 1.316484 -1.347579
 71.380003 1.380716 -1.193039
 71.580003 1.233700 -1.341276
 71.780003 1.183914 -1.191207
 71.980003 1.302703 -1.166994
 72.180003 1.191683 -1.345112
 72.380003 1.151398 -1.147829
 72.580003 1.156090 -1.281941
 72.780003 1.120144 -1.109200
 72.980003 1.130475 -1.267566
 73.180003 1.253771 -1.337233
 73.380003 1.487719 -1.340916
 73.580003 1.377143 -1.523895
 73.780004 1.146997 -0.939397
 73.980004 1.232666 -1.430349
 74.180004 1.270656 -1.170555
 74.380004 1.233930 -1.201896
 74.580004 1.401451 -1.327007
 74.780004 1.244234 -1.161769
 74.980004 1.051726 -1.338213
 75.180004 1.190647 -1.312301
 75.380004 1.377797 -1.221086
 75.580004 1.211291 -1.444366
 75.780004 1.280470 -1.044475
 75.980004 1.087135 -1.338545
 76.180004 1.343273 -1.159279
 76.380004 1.222892 -1.230346
 76.580004 1.300297 -1.291238
 76.780004 1.380284 -1.284054
 76.980004 1.150134 -1.188967
 77.180004 1.257564 -1.269598
 77.380004 1.103222 -1.150597
 77.580004 1.149586 -1.260220
 77.780004 1.279162 -1.240893
 77.980004 1.249738 -1.270062
 78.180004 1.385666 -1.203022
 78.380004 1.220608 -1.246110
 78.580004 1.295620 -1.193548
 78.780004 1.154451 -1.283229
 78.980004 1.199741 -1.305966
 79.180004 1.218963 -1.152235
 79.380004 1.340917 -1.232205
 79.580004 1.478110 -1.217194
 79.780004 1.344699 -1.325704
 79.980004 1.184407 -1.231618
 80.180004 1.169817 -1.358203
 80.380004 1.090187 -1.064235
 80.580004 1.314065 -1.298923
 80.780004 1.247916 -1.078171
 80.980004 1.255943 -1.252179
 81.180004 1.367092 -1.191498
 81.380004 1.259767 -1.305910
 81.580004 1.207230 -1.317036
 81.780004 1.332154 -1.231929
 81.980004 1.396796 -1.319511
 82.180004 1.411877 -1.253917
 82.380004 1.188465 -1.208214
 82.580004 1.187587 -1.210306
 82.780004 1.088919 -1.267075
 82.980004 1.006916 -1.237013
 83.180004 1.271762 -1.228883
 83.380004 1.397940 -1.280133
 83.580004 1.275971 -1.359127
 83.780004 1.394401 -1.219769
 83.980004 1.158913 -1.342682
 84.180004 1.113181 -1.221985
 84.380004 1.238875 -1.240295
 84.580004 1.450124 -1.246326
 84.780004 1.266577 -1.222845
 84.980004 1.258889 -1.268974
 85.180004 1.227240 -1.313761
 85.380004 1.145089 -1.240412
 85.580004 1.241078 -1.230137
 85.780004 1.234795 -1.314358
 85.980004 1.225029 -1.095043
 86.180004 1.192279 -1.290072
 86.380004 1.339539 -1.318213
 86.580004 1.348860 -1.314056
 86.780004 1.209946 -1.213031
 86.980004 1.221338 -1.282708
 87.180004 1.180673 -1.162447
 87.380004 1.225867 -1.240937
 87.580004 1.373663 -1.143790
 87.780004 1.368859 -1.357531
 87.980004 1.185986 -1.229702
 88.180004 1.201369 -1.351450
 88.380004 1.281670 -1.326602
 88.580004 1.191612 -1.092844
 88.780004 1.263994 -1.329616
 88.980004 1.399127 -1.199517
 89.180004 1.215321 -1.237703
 89.380004 1.098092 -1.216810
 89.580004 1.195709 -1.288932
 89.780004 1.217404 -1.350570
 89.980004 1.318855 -1.270821
 90.180004 1.477315 -1.148578
 90.380004 1.319675 -1.416484
 90.580004 1.164129 -1.092226
 90.780004 1.160058 -1.498992
 90.980004 1.288398 -1.059465
 91.180004 1.323205 -1.322586
 91.380004 1.503487 -1.251801
 91.580004 1.213423 -1.274626
 91.780004 0.942479 -1.445530
 91.980004 1.307712 -1.116019
 92.180004 1.351320 -1.307154
 92.380004 1.313955 -1.346477
 92.580004 1.339913 -1.089730
 92.780004 1.118878 -1.358296
 92.980004 1.131945 -1.173774
 93.180004 1.263614 -1.394705
 93.380004 1.360552 -1.292096
 93.580004 1.451336 -1.138096
 93.780004 1.342242 -1.222015
 93.980004 1.290067 -1.192261
 94.180004 1.099795 -1.334879
 94.380004 1.171580 -1.342651
 94.580004 1.091074 -1.011807
 94.780005 1.397848 -1.379022
 94.980005 1.299344 -1.272733
 95.180005 1.368109 -1.166227
 95.380005 1.239358 -1.627757
 95.580005 1.197725 -0.982776
 95.780005 1.244690 -1.510800
 95.980005 1.281303 -1.104815
 96.180005 1.428023 -1.302425
 96.380005 1.297530 -1.175223
 96.580005 1.122260 -1.177734
 96.780005 1.280879 -1.275638
 96.980005 1.125785 -1.201339
 97.180005 1.452643 -1.265823
 97.380005 1.349747 -1.346500
 97.580005 1.318922 -1.064936
 97.780005 1.162576 -1.435699
 97.980005 1.093155 -1.135427
 98.180005 1.040916 -1.373193
 98.380005 1.213323 -1.132862
 98.580005 1.392894 -1.275214
 98.780005 1.380648 -1.269508
 98.980005 1.316507 -1.321256
 99.180005 1.157065 -1.104066
 99.380005 1.129912 -1.427256
 99.580005 1.228937 -0.975207
 99.780005 1.322191 -1.385631
 99.980005 1.265333 -1.137652
 100.180005 1.317866 -1.291243
 100.380005 1.319109 -1.325070
 100.580005 1.132410 -1.310380
 100.780005 1.360159 -1.088312
 100.980005 1.221943 -1.380767
 101.180005 1.333451 -1.106939
 101.380005 1.120360 -1.337434
 101.580005 1.157190 -1.201415
 101.780005 1.102757 -1.461433
 101.980005 1.316930 -1.037011
 102.180005 1.397110 -1.488104
 102.380005 1.309456 -0.952136
 102.580005 1.181714 -1.481217
 102.780005 1.145640 -1.140241
 102.980005 1.171324 -1.372477
 103.180005 1.312848 -1.110375
 103.380005 1.289544 -1.365325
 103.580005 1.324726 -1.070967
 103.780005 1.206796 -1.309173
 103.980005 1.172264 -1.195606
 104.180005 1.146236 -1.379690
 104.380005 1.286377 -1.040609
 104.580005 1.328080 -1.562414
 104.780005 1.439082 -1.039904
 104.980005 1.318230 -1.466833
 105.180005 1.340070 -1.158967
 105.380005 1.192435 -1.400444
 105.580005 1.255721 -1.139549
 105.780005 1.250226 -1.457212
 105.980005 1.193046 -0.961950
 106.180005 1.310688 -1.225351
 106.380005 1.437041 -1.249504
 106.580005 1.159546 -1.277868
 106.780005 1.253056 -1.169561
 106.980005 1.112987 -1.436458
 107.180005 1.248163 -0.969108
 107.380005 1.257315 -1.355760
 107.580005 1.256274 -1.147447
 107.780005 1.418526 -1.268473
 107.980005 1.287775 -1.314348
 108.180005 1.229748 -1.254548
 108.380005 1.336835 -1.181896
 108.580005 1.275802 -1.291141
 108.780005 1.320810 -0.998406
 108.980005 1.227951 -1.383833
 109.180005 1.185499 -1.079778
 109.380005 1.075703 -1.340092
 109.580005 1.211681 -1.227395
 109.780005 1.194128 -1.162823
 109.980005 1.438992 -1.327657
 110.180005 1.250550 -1.175823
 110.380005 1.221419 -1.207435
 110.580005 1.141751 -1.367588
 110.780005 1.311222 -1.168688
 110.980005 1.213980 -1.374765
 111.180005 1.356286 -1.045034
 111.380005 1.306288 -1.494694
 111.580005 1.110449 -1.109267
 111.780005 1.049205 -1.354227
 111.980005 1.283319 -1.173654
 112.180005 1.287217 -1.332602
 112.380005 1.376087 -1.205557
 112.580005 1.136589 -1.306042
 112.780005 1.224543 -1.258801
 112.980005 1.197346 -1.218923
 113.180005 1.273073 -1.138340
 113.380005 1.155731 -1.206873
 113.580005 1.303090 -1.177077
 113.780005 1.068632 -1.299561
 113.980005 1.166815 -1.103341
 114.180005 1.428696 -1.502506
 114.380005 1.417078 -1.072763
 114.580005 1.257379 -1.369873
 114.780005 1.228771 -1.099479
 114.980005 1.047401 -1.189508
 115.180005 1.280759 -1.214893
 115.380005 1.110844 -1.394841
 115.580005 1.362175 -1.098642
 115.780005 1.246403 -1.369297
 115.980006 1.342190 -1.110332
 116.180006 1.069820 -1.359003
 116.380006 1.206080 -1.178055
 116.580006 1.328268 -1.533018
 116.780006 1.410090 -0.978773
 116.980006 1.281793 -1.562937
 117.180006 1.369195 -0.935621
 117.380006 1.213596 -1.528288
 117.580006 1.333525 -1.081715
 117.780006 1.008461 -1.420774
 117.980006 1.426521 -0.975936
 118.180006 1.056078 -1.359644
 118.380006 1.289693 -1.095638
 118.580006 1.054419 -1.294695
 118.780006 1.350422 -1.334150
 118.980006 1.074536 -1.223896
 119.180006 1.360899 -1.076857
 119.380006 1.370157 -1.460910
 119.580006 1.117992 -0.988855
 119.780006 1.270088 -1.467687
 119.980006 1.290388 -1.244608
 120.180006 1.133160 -1.217652
 120.380006 1.427796 -1.245677
 120.580006 1.312951 -1.308762
 120.780006 1.105283 -1.167957
 120.980006 1.041848 -1.241796
 121.180006 1.263723 -1.250760
 121.380006 1.371125 -1.307442
 121.580006 1.415719 -1.227759
 121.780006 1.198725 -1.239020
 121.980006 1.304809 -1.233427
 122.180006 1.344018 -1.436599
 122.380006 1.111310 -0.995162
 122.580006 1.154304 -1.257100
 122.780006 1.239263 -1.250854
 122.980006 1.237306 -1.358719
 123.180006 1.243829 -1.196995
 123.380006 1.218342 -1.311465
 123.580006 1.212560 -1.194501
 123.780006 1.079819 -1.127068
 123.980006 1.296421 -1.428882
 124.180006 1.143621 -1.139882
 124.380006 1.225852 -1.219574
 124.580006 1.289009 -1.325160
 124.780006 1.185006 -1.172925
 124.980006 1.272930 -1.259343
 125.180006 1.254374 -1.215416
 125.380006 1.232583 -1.248975
 125.580006 1.351962 -1.223086
 125.780006 1.161004 -1.253509
 125.980006 1.205005 -1.250761
 126.180006 1.180224 -1.251329
 126.380006 1.303891 -1.146686
 126.580006 1.227017 -1.307547
 126.780006 1.114351 -1.363798
 126.980006 1.142768 -1.066718
 127.180006 1.179140 -1.421632
 127.380006 1.316900 -1.224331
 127.580006 1.243488 -1.279970
 127.780006 1.348901 -1.402662
 127.980006 1.327721 -1.124945
 128.180006 1.130340 -1.545729
 128.380006 1.374324 -0.968484
 128.580006 1.293320 -1.588382
 128.780006 1.266543 -0.981693
 128.980006 1.364304 -1.323383
 129.180006 1.209943 -1.266214
 129.380006 1.260256 -1.187923
 129.580006 1.080057 -1.170683
 129.780006 1.252135 -1.168793
 129.980006 1.243963 -1.259101
 130.180006 1.348884 -1.417935
 130.380006 1.387350 -1.161647
 130.580006 1.244884 -1.686130
 130.780006 1.323007 -0.888508
 130.980006 1.330664 -1.751431
 131.180006 1.419223 -0.898290
 131.380006 1.233069 -1.544971
 131.580006 1.248499 -1.176641
 131.780006 1.245408 -1.297295
 131.980006 1.203992 -1.119484
 132.180006 1.143216 -1.117960
 132.380006 1.274783 -1.267697
 132.580006 1.047810 -1.237370
 132.780006 1.113825 -1.175408
 132.980006 1.344156 -1.388904
 133.180006 1.505727 -1.102626
 133.380006 1.122748 -1.377390
 133.580006 1.309742 -1.086395
 133.780006 1.296930 -1.463989
 133.980006 1.312607 -1.134993
 134.180006 1.390004 -1.298657
 134.380006 1.300798 -1.414121
 134.580006 1.289222 -1.157244
 134.780006 0.983091 -1.339001
 134.980006 1.168006 -1.174165
 135.180006 1.341206 -1.169675
 135.380006 1.146749 -1.234113
 135.580006 1.331029 -1.018480
 135.780006 1.256002 -1.350056
 135.980006 1.084870 -1.178571
 136.180006 1.206490 -1.331574
 136.380006 1.343587 -1.325538
 136.580006 1.442368 -1.275430
 136.780006 1.214256 -1.411349
 136.980007 1.338799 -1.011288
 137.180007 1.155199 -1.645432
 137.380007 1.024388 -0.985877
 137.580007 1.209191 -1.319501
 137.780007 1.370536 -1.329065
 137.980007 1.084489 -1.065943
 138.180007 1.115520 -1.262835
 138.380007 1.216994 -1.118270
 138.580007 1.249269 -1.354392
 138.780007 1.425088 -1.282333
 138.980007 1.403234 -1.157793
 139.180007 1.119521 -1.534747
 139.380007 1.250020 -1.041428
 139.580007 1.179997 -1.560751
 139.780007 1.381394 -1.005271
 139.980007 1.099388 -1.375639
 140.180007 1.322508 -1.245374
 140.380007 1.352219 -1.339050
 140.580007 1.204460 -1.301385
 140.780007 1.346318 -1.235241
 140.980007 1.229368 -1.295770
 141.180007 1.243724 -1.139925
 141.380007 1.189765 -1.254153
 141.580007 1.199781 -1.223786
 141.780007 1.371971 -1.213658
 141.980007 1.285225 -1.304653
 142.180007 1.160006 -0.995374
 142.380007 1.265103 -1.419940
 142.580007 1.118398 -1.150875
 142.780007 1.260112 -1.324997
 142.980007 1.344849 -1.416150
 143.180007 1.211355 -1.240769
 143.380007 1.148263 -1.436532
 143.580007 1.362232 -1.088745
 143.780007 1.312953 -1.333688
 143.980007 1.372708 -1.295902
 144.180007 1.323467 -1.027278
 144.380007 1.232146 -1.447003
 144.580007 1.008519 -1.120281
 144.780007 1.189944 -1.202764
 144.980007 1.313741 -1.367590
 145.180007 1.354375 -1.215752
 145.380007 1.349284 -1.479623
 145.580007 1.265999 -1.177181
 145.780007 1.058031 -1.605161
 145.980007 1.243293 -1.037942
 146.180007 1.076316 -1.395998
 146.380007 1.404426 -1.000433
 146.580007 1.273394 -1.399915
 146.780007 1.289958 -1.231699
 146.980007 1.136440 -1.149820
 147.180007 1.233815 -1.380306
 147.380007 1.341469 -1.276623
 147.580007 1.353372 -1.142080
 147.780007 1.368897 -1.349480
 147.980007 1.160806 -1.157018
 148.180007 1.000102 -1.171121
 148.380007 1.136784 -1.215921
 148.580007 1.315995 -1.151761
 148.780007 1.293212 -1.445288
 148.980007 1.288669 -1.176342
 149.180007 1.264330 -1.419385
 149.380007 1.102022 -1.197814
 149.580007 1.222230 -1.233344
 149.780007 1.242825 -1.290211
 149.980007 1.306157 -1.305078
 150.180007 1.254159 -1.215020
 150.380007 1.377441 -1.203007
 150.580007 1.359412 -1.384863
 150.780007 1.063380 -1.100756
 150.980007 1.343782 -1.415481
 151.180007 1.326579 -1.135226
 151.380007 1.175517 -1.230512
 151.580007 1.209600 -1.230081
 151.780007 1.178212 -1.165850
 151.980007 1.280282 -1.195853
 152.180007 1.372409 -1.331421
 152.380007 1.412583 -1.298207
 152.580007 1.231992 -1.302652
 152.780007 1.136347 -1.221452
 152.980007 1.157355 -1.323180
 153.180007 1.351172 -1.132444
 153.380007 1.242785 -1.180578
 153.580007 1.245250 -1.207270
 153.780007 1.260878 -1.186508
 153.980007 1.241956 -1.296797
 154.180007 1.256281 -1.345523
 154.380007 1.280196 -1.032769
 154.580007 1.305072 -1.386396
 154.780007 1.402949 -1.203976
 154.980007 1.151655 -1.473549
 155.180007 1.241047 -1.026755
 155.380007 1.257265 -1.350958
 155.580007 1.275595 -1.409728
 155.780007 1.298890 -0.956193
 155.980007 1.331353 -1.528454
 156.180007 1.299728 -1.160333
 156.380007 1.191066 -1.252376
 156.580007 1.116655 -1.354224
 156.780007 1.230304 -1.092695
 156.980007 1.251882 -1.252666
 157.180007 1.191514 -1.203696
 157.380007 1.290032 -1.348162
 157.580007 1.224140 -1.211425
 157.780007 1.280424 -1.333826
 157.980008 1.409667 -1.184422
 158.180008 1.238067 -1.408838
 158.380008 1.349177 -1.167936
 158.580008 1.102462 -1.273535
 158.780008 1.224163 -1.226335
 158.980008 1.177092 -1.141845
 159.180008 1.213107 -1.234940
 159.380008 1.412327 -1.237366
 159.580008 1.313644 -1.258227
 159.780008 1.192339 -1.280820
 159.980008 1.178847 -1.126215
 160.180008 1.241346 -1.327057
 160.380008 1.096800 -1.123224
 160.580008 1.173995 -1.340501
 160.780008 1.222555 -1.236457
 160.980008 1.382871 -1.170203
 161.180008 1.226789 -1.571830
 161.380008 1.320097 -0.925082
 161.580008 1.114097 -1.720084
 161.780008 1.192858 -0.884365
 161.980008 1.245672 -1.396164
 162.180008 1.365128 -1.123615
 162.380008 1.226609 -1.278865
 162.580008 1.110979 -1.204443
 162.780008 1.220808 -1.238224
 162.980008 1.223892 -1.124642
 163.180008 1.109545 -1.379136
 163.380008 1.312308 -0.956910
 163.580008 1.412636 -1.531485
 163.780008 1.269967 -1.086315
 163.980008 1.058321 -1.396860
 164.180008 1.392230 -1.116210
 164.380008 1.511214 -1.614707
 164.580008 1.149064 -0.962165
 164.780008 1.378260 -1.517536
 164.980008 1.236050 -1.078475
 165.180008 1.100949 -1.381642
 165.380008 1.153726 -1.080000
 165.580008 1.156973 -1.236086
 165.780008 1.279161 -1.213379
 165.980008 1.201106 -1.291954
 166.180008 1.252835 -1.132424
 166.380008 1.242429 -1.438006
 166.580008 1.285147 -1.031833
 166.780008 1.079549 -1.450204
 166.980008 1.264310 -1.014447
 167.180008 1.365574 -1.528617
 167.380008 1.151987 -1.019566
 167.580008 1.069475 -1.373192
 167.780008 1.222454 -1.202187
 167.980008 1.179563 -1.342136
 168.180008 1.321836 -1.174315
 168.380008 1.142024 -1.331521
 168.580008 1.289959 -1.082703
 168.780008 1.025668 -1.337107
 168.980008 1.335781 -1.172245
 169.180008 1.124057 -1.251929
 169.380008 1.344922 -1.204614
 169.580008 1.227820 -1.319935
 169.780008 1.135495 -1.062507
 169.980008 1.172750 -1.426532
 170.180008 1.311518 -1.087848
 170.380008 1.275550 -1.410237
 170.580008 1.227113 -1.073873
 170.780008 1.282923 -1.459522
 170.980008 1.264431 -1.005318
 171.180008 1.123842 -1.521553
 171.380008 1.352456 -0.935714
 171.580008 1.204000 -1.578407
 171.780008 1.305858 -1.098113
 171.980008 1.231548 -1.366083
 172.180008 1.381220 -1.151703
 172.380008 1.275250 -1.453190
 172.580008 1.408003 -1.086989
 172.780008 1.247670 -1.428370
 172.980008 1.132261 -1.055471
 173.180008 1.327562 -1.458300
 173.380008 1.266763 -1.176693
 173.580008 1.251552 -1.293071
 173.780008 1.264021 -1.029664
 173.980008 1.339643 -1.361245
 174.180008 1.274512 -1.220332
 174.380008 1.051220 -1.255901
 174.580008 1.365468 -1.348523
 174.780008 1.139871 -1.172114
 174.980008 1.385723 -1.400487
 175.180008 1.336939 -1.166952
 175.380008 1.133825 -1.236036
 175.580008 1.289777 -1.200244
 175.780008 1.048912 -1.212455
 175.980008 1.248198 -1.157354
 176.180008 1.140399 -1.216376
 176.380008 1.282572 -1.307451
 176.580008 1.297933 -1.300027
 176.780008 1.366276 -1.225299
 176.980008 1.274458 -1.321987
 177.180008 1.137265 -1.179318
 177.380008 1.224758 -1.240168
 177.580008 1.173206 -1.289940
 177.780008 1.212439 -1.175059
 177.980008 1.103137 -1.053130
 178.180008 1.353679 -1.383453
 178.380008 1.231310 -1.062477
 178.580008 1.117344 -1.435886
 178.780008 1.205881 -1.138800
 178.980009 1.312927 -1.318100
 179.180009 1.282834 -1.262805
 179.380009 1.344179 -1.184323
 179.580009 1.286725 -1.408555
 179.780009 1.040082 -1.072303
 179.980009 1.264394 -1.361195
 180.180009 1.304756 -1.203103
 180.380009 1.363207 -1.330423
 180.580009 1.265127 -1.169453
 180.780009 1.288297 -1.160774
 180.980009 1.213013 -1.224222
 181.180009 1.120186 -1.223761
 181.380009 1.077214 -1.279922
 181.580009 1.159406 -1.185368
 181.780009 1.352235 -1.261075
 181.980009 1.479865 -1.189797
 182.180009 1.272728 -1.327021
 182.380009 1.077608 -1.339307
 182.580009 1.108090 -1.141284
 182.780009 1.232713 -1.330647
 182.980009 1.304193 -1.140297
 183.180009 1.343262 -1.287111
 183.380009 1.277962 -1.166962
 183.580009 0.939600 -1.239678
 183.780009 1.215221 -1.321262
 183.980009 1.401560 -1.196623
 184.180009 1.315802 -1.222106
 184.380009 1.173736 -1.275983
 184.580009 1.314757 -0.944903
 184.780009 1.347233 -1.587082
 184.980009 1.098602 -0.986217
 185.180009 1.232869 -1.421394
 185.380009 1.429670 -1.127219
 185.580009 1.228172 -1.450739
 185.780009 1.254405 -1.107187
 185.980009 1.017590 -1.342133
 186.180009 1.243945 -1.054064
 186.380009 1.201029 -1.404822
 186.580009 1.210669 -1.122445
 186.780009 1.156713 -1.312630
 186.980009 1.228503 -1.253783
 187.180009 1.277094 -1.186530
 187.380009 1.418630 -1.128460
 187.580009 1.338755 -1.303166
 187.780009 1.344676 -1.079187
 187.980009 1.127084 -1.408363
 188.180009 1.138917 -1.069368
 188.380009 1.173650 -1.353914
 188.580009 1.401250 -1.208211
 188.780009 1.410774 -1.319214
 188.980009 1.445328 -1.325100
 189.180009 1.212774 -1.194353
 189.380009 1.052287 -1.249396
 189.580009 1.107972 -1.251442
 189.780009 1.274775 -1.127145
 189.980009 1.221183 -1.291505
 190.180009 1.266507 -1.107854
 190.380009 1.223564 -1.350993
 190.580009 1.336065 -1.219804
 190.780009 1.111124 -1.269803
 190.980009 1.417450 -1.234285
 191.180009 1.319125 -1.364862
 191.380009 1.096087 -1.035582
 191.580009 1.268159 -1.218905
 191.780009 1.191140 -1.223539
 191.980009 1.198091 -1.121781
 192.180009 1.203808 -1.160657
 192.380009 1.138715 -1.298756
 192.580009 1.438988 -1.193497
 192.780009 1.351044 -1.365848
 192.980009 1.306299 -1.322182
 193.180009 1.297561 -1.232202
 193.380009 1.201503 -1.269285
 193.580009 0.933620 -1.111847
 193.780009 1.229784 -1.314790
 193.980009 1.239632 -1.203250
 194.180009 1.254127 -1.308414
 194.380009 1.299538 -1.489119
 194.580009 1.311918 -0.918335
 194.780009 1.331994 -1.586516
 194.980009 1.043182 -0.959966
 195.180009 1.286901 -1.308721
 195.380009 1.425138 -1.468594
 195.580009 1.222051 -1.055805
 195.780009 1.181913 -1.268751
 195.980009 1.300834 -1.293750
 196.180009 1.056482 -1.157932
 196.380009 1.241112 -1.421099
 196.580009 1.330528 -0.997271
 196.780009 1.252938 -1.357419
 196.980009 1.172136 -1.130271
 197.180009 1.253748 -1.217547
 197.380009 1.231668 -1.337794
 197.580009 1.182880 -1.166908
 197.780009 1.177621 -1.238068
 197.980009 1.311749 -1.375170
 198.180009 1.256289 -1.229256
 198.380009 1.144987 -1.289266
 198.580009 1.333945 -1.051045
 198.780009 1.176285 -1.281215
 198.980009 1.278932 -1.300074
 199.180009 1.098760 -1.084448
 199.380009 1.275965 -1.377792
 199.580009 1.344700 -1.180043
 199.780009 1.290091 -1.237871
 199.980009 1.238575 -1.301454
