#! FIELDS time phi psi
#! SET max_psi pi
 0.180000 -2.853218 1.161896
 0.380000 -2.533951 0.008274
 0.580000 -2.724736 0.782329
 0.780000 -2.895793 -0.063919
 0.980000 -2.873641 0.654896
 1.180000 -2.447891 0.049679
 1.380000 -2.848815 0.557664
 1.580000 -2.423679 0.385811
 1.780000 -3.003302 0.266904
 1.980000 -2.579583 0.278296
 2.180000 -2.935335 0.389656
 2.380000 -2.480726 0.441468
 2.580000 -2.860449 0.290693
 2.780000 -2.795419 0.207137
 2.980000 -2.636008 0.319335
 3.180000 -2.801436 0.567983
 3.380000 -2.472072 0.267305
 3.580000 -3.054724 0.396599
 3.780000 -2.459211 0.353245
 3.980000 -2.689623 0.595175
 4.180000 -2.788597 0.212223
 4.380000 -2.880704 0.600465
 4.580000 -2.563574 0.029220
 4.780000 -2.909473 0.702805
 4.980000 -2.706962 0.045137
 5.180000 -3.001177 0.614256
 5.380000 -2.637425 0.289989
 5.580000 -2.789629 0.505880
 5.780000 -2.803144 0.202776
 5.980000 -2.771584 0.507653
 6.180000 -2.613171 0.436922
 6.380000 -2.771074 0.312163
 6.580000 -2.924688 0.362702
 6.780000 -2.763989 0.323988
 6.980000 -2.743731 0.491524
 7.180000 -2.649237 0.285867
 7.380000 -2.947297 0.353326
 7.580000 -2.585217 0.365168
 7.780000 -2.671718 0.456954
 7.980000 -2.738574 0.317927
 8.180000 -2.773114 0.431486
 8.380000 -2.624363 0.339390
 8.580000 -2.689387 0.515326
 8.780000 -2.864385 0.150023
 8.980000 -2.863421 0.412793
 9.180000 -2.942575 0.386614
 9.380000 -2.536213 0.282057
 9.580000 -2.951932 0.524910
 9.780000 -2.683305 0.139113
 9.980000 -2.681465 0.590924
 10.180000 -2.609869 0.277735
 10.380000 -2.800561 0.477595
 10.580001 -2.787742 0.293090
 10.780001 -2.731065 0.421051
 10.980001 -2.739172 0.367001
 11.180001 -2.812344 0.232982
 11.380001 -2.808326 0.564670
 11.580001 -2.477580 0.319120
 11.780001 -2.683174 0.448124
 11.980001 -2.695057 0.309760
 12.180001 -2.759651 0.472264
 12.380001 -2.780044 0.146339
 12.580001 -2.911814 0.677011
 12.780001 -2.631236 0.156376
 12.980001 -2.916729 0.603124
 13.180001 -2.280497 0.210597
 13.380001 -2.614346 0.643880
 13.580001 -2.664572 0.193018
 13.780001 -2.860715 0.428362
 13.980001 -2.755186 0.161720
 14.180001 -2.657551 0.632771
 14.380001 -2.863023 0.226032
 14.580001 -2.880184 0.367235
 14.780001 -2.602808 0.431415
 14.980001 -2.510328 0.251739
 15.180001 -2.909460 0.564062
 15.380001 -2.501565 0.170865
 15.580001 -2.717069 0.662478
 15.780001 -2.845800 0.348080
 15.980001 -2.620966 0.426229
 16.180001 -2.893821 0.365848
 16.380001 -2.884802 0.394611
 16.580001 -2.715861 0.447211
 16.780001 -2.994666 0.214333
 16.980001 -2.651122 0.498554
 17.180001 -2.577069 0.345047
 17.380001 -2.941750 0.449920
 17.580001 -2.506495 0.393951
 17.780001 -2.656254 0.278638
 17.980001 -2.900526 0.555475
 18.180001 -2.431338 0.249497
 18.380001 -2.855900 0.683825
 18.580001 -2.697759 0.138167
 18.780001 -2.620561 0.525676
 18.980001 -2.735009 0.245017
 19.180001 -2.726338 0.477916
 19.380001 -2.657206 0.320473
 19.580001 -2.937221 0.542947
 19.780001 -2.473579 0.358151
 19.980001 -2.906754 0.380304
 20.180001 -2.948832 0.385133
 20.380001 -2.603318 0.363568
 20.580001 -2.801563 0.461374
 20.780001 -2.777257 0.410523
 20.980001 -2.545624 0.254880
 21.180001 -2.804732 0.526230
 21.380001 -2.702469 0.364757
 21.580001 -2.919649 0.370776
 21.780001 -2.769149 0.381075
 21.980001 -2.607664 0.473376
 22.180001 -2.945936 0.202398
 22.380001 -2.776887 0.362537
 22.580001 -2.652190 0.378516
 22.780001 -2.819971 0.606102
 22.980001 -2.661638 0.274633
 23.180001 -2.825186 0.397566
 23.380001 -2.738970 0.431049
 23.580001 -2.682809 0.407643
 23.780001 -2.909347 0.457801
 23.980001 -2.712488 0.352919
 24.180001 -2.637377 0.452508
 24.380001 -2.731096 0.379400
 24.580001 -2.720228 0.355071
 24.780001 -2.627438 0.446697
 24.980001 -2.791098 0.451286
 25.180001 -2.439635 0.403026
 25.380001 -2.708394 0.324694
 25.580001 -2.588860 0.507539
 25.780001 -2.706787 0.343250
 25.980001 -2.635464 0.404737
 26.180001 -2.689220 0.480995
 26.380001 -2.517190 0.216177
 26.580001 -2.894964 0.582040
 26.780001 -2.529381 0.310744
 26.980001 -2.668713 0.614395
 27.180001 -2.902191 0.220000
 27.380001 -2.634315 0.431422
 27.580001 -2.672993 0.435037
 27.780001 -2.661714 0.445820
 27.980001 -2.692567 0.302926
 28.180001 -2.724891 0.403758
 28.380001 -2.657132 0.468751
 28.580001 -2.616428 0.385823
 28.780001 -2.874570 0.437507
 28.980001 -2.379716 0.300080
 29.180001 -2.702856 0.515641
 29.380001 -2.698956 0.286654
 29.580001 -2.723464 0.515562
 29.780001 -2.820510 0.285323
 29.980001 -2.760388 0.404265
 30.180001 -2.654858 0.349574
 30.380001 -2.946074 0.477832
 30.580001 -2.454865 0.357398
 30.780001 -2.643048 0.472585
 30.980001 -2.670963 0.361170
 31.180001 -2.611681 0.362123
 31.380001 -2.684189 0.503323
 31.580001 -2.815049 0.326497
 31.780002 -2.759026 0.374011
 31.980002 -2.735130 0.326804
 32.180002 -2.776036 0.573610
 32.380002 -2.607697 0.319544
 32.580002 -2.854446 0.420369
 32.780002 -2.522973 0.281907
 32.980002 -2.846599 0.483881
 33.180002 -2.781628 0.246016
 33.380002 -2.795697 0.511828
 33.580002 -2.771399 0.269142
 33.780002 -2.768233 0.472633
 33.980002 -2.667916 0.399564
 34.180002 -2.810211 0.403104
 34.380002 -2.629429 0.395916
 34.580002 -2.749437 0.285954
 34.780002 -2.833118 0.505560
 34.980002 -2.674118 0.373358
 35.180002 -2.847725 0.540950
 35.380002 -2.870516 0.190898
 35.580002 -2.712901 0.528863
 35.780002 -2.785674 0.301019
 35.980002 -2.591418 0.616493
 36.180002 -2.646422 0.228488
 36.380002 -2.823364 0.484622
 36.580002 -2.622315 0.385825
 36.780002 -2.884012 0.400980
 36.980002 -2.798396 0.470904
 37.180002 -2.833778 0.298471
 37.380002 -2.777816 0.579219
 37.580002 -2.742494 0.216504
 37.780002 -2.746520 0.352647
 37.980002 -2.818831 0.507077
 38.180002 -2.738599 0.281257
 38.380002 -2.724379 0.527882
 38.580002 -2.979867 0.254043
 38.780002 -2.610675 0.489063
 38.980002 -3.044760 0.355475
 39.180002 -2.587213 0.409474
 39.380002 -2.803599 0.497698
 39.580002 -2.646339 0.269725
 39.780002 -2.711063 0.642393
 39.980002 -2.589392 -0.004471
 40.180002 -2.982887 0.719561
 40.380002 -2.610733 0.112479
 40.580002 -2.936404 0.673638
 40.780002 -2.684253 0.177968
 40.980002 -2.827774 0.468469
 41.180002 -2.909763 0.354827
 41.380002 -2.747939 0.385908
 41.580002 -2.865053 0.393115
 41.780002 -2.867053 0.343726
 41.980002 -2.657613 0.525729
 42.180002 -2.730708 0.214537
 42.380002 -2.794710 0.493461
 42.580002 -2.633062 0.241538
 42.780002 -2.863011 0.559292
 42.980002 -2.441516 0.245970
 43.180002 -2.933812 0.685503
 43.380002 -2.601425 -0.037048
 43.580002 -2.661278 0.638708
 43.780002 -2.628106 0.200521
 43.980002 -2.780512 0.594963
 44.180002 -2.627904 0.276834
 44.380002 -2.863619 0.529680
 44.580002 -2.406394 0.264405
 44.780002 -2.862343 0.512663
 44.980002 -2.626597 0.229573
 45.180002 -2.665566 0.496457
 45.380002 -2.774084 0.334384
 45.580002 -2.747671 0.410668
 45.780002 -2.728865 0.318159
 45.980002 -2.832099 0.397929
 46.180002 -2.692447 0.522100
 46.380002 -2.837306 0.266891
 46.580002 -2.792694 0.650454
 46.780002 -2.596386 0.077993
 46.980002 -2.904869 0.601208
 47.180002 -2.653244 0.145543
 47.380002 -2.665710 0.564458
 47.580002 -2.915355 0.318785
 47.780002 -2.650806 0.387947
 47.980002 -2.646839 0.276486
 48.180002 -2.885161 0.368415
 48.380002 -2.557041 0.453477
 48.580002 -2.681173 0.226313
 48.780002 -2.779739 0.520242
 48.980002 -2.582196 0.339627
 49.180002 -2.877973 0.506667
 49.380002 -2.618953 0.290343
 49.580002 -2.856393 0.350687
 49.780002 -2.786101 0.514404
 49.980002 -2.558242 0.305208
 50.180002 -2.777672 0.415442
 50.380002 -2.768208 0.275065
 50.580002 -2.592300 0.331479
 50.780002 -2.826238 0.465882
 50.980002 -2.778010 0.377228
 51.180002 -2.826746 0.415484
 51.380002 -2.802074 0.286914
 51.580002 -2.537899 0.355549
 51.780002 -2.964921 0.340192
 51.980002 -2.802428 0.470647
 52.180002 -2.645313 0.303011
 52.380002 -2.924055 0.447457
 52.580002 -2.578474 0.359462
 52.780003 -2.691676 0.294151
 52.980003 -2.755162 0.448461
 53.180003 -2.576486 0.277677
 53.380003 -2.851823 0.410310
 53.580003 -2.756453 0.352904
 53.780003 -2.621482 0.368690
 53.980003 -2.810864 0.442110
 54.180003 -2.714481 0.376906
 54.380003 -2.697399 0.382564
 54.580003 -2.845220 0.420132
 54.780003 -2.557192 0.426040
 54.980003 -2.807104 0.363166
 55.180003 -2.794808 0.425244
 55.380003 -2.544739 0.365022
 55.580003 -3.014427 0.467446
 55.780003 -2.766405 0.377166
 55.980003 -2.806980 0.421137
 56.180003 -2.721030 0.365333
 56.380003 -2.710430 0.365603
 56.580003 -2.627819 0.384963
 56.780003 -2.850838 0.500877
 56.980003 -2.497535 0.234730
 57.180003 -2.947782 0.557186
 57.380003 -2.747773 0.257624
 57.580003 -2.686878 0.460921
 57.780003 -2.850600 0.301349
 57.980003 -2.666255 0.509562
 58.180003 -2.672567 0.257425
 58.380003 -2.731045 0.499883
 58.580003 -2.636419 0.315659
 58.780003 -2.604888 0.386469
 58.980003 -2.772670 0.527194
 59.180003 -2.479477 0.184070
 59.380003 -2.797967 0.544119
 59.580003 -2.536643 0.144865
 59.780003 -2.838302 0.551986
 59.980003 -2.718867 0.248796
 60.180003 -2.732503 0.690449
 60.380003 -2.504743 0.335454
 60.580003 -2.901887 0.509205
 60.780003 -2.357940 0.219373
 60.980003 -2.771758 0.624146
 61.180003 -2.640543 0.170002
 61.380003 -2.937429 0.463949
 61.580003 -2.631095 0.264431
 61.780003 -2.740724 0.675013
 61.980003 -2.425552 0.088782
 62.180003 -2.808609 0.568968
 62.380003 -2.581426 0.152592
 62.580003 -2.602743 0.387988
 62.780003 -2.844564 0.323913
 62.980003 -2.738310 0.290689
 63.180003 -2.619052 0.552055
 63.380003 -2.705678 0.265934
 63.580003 -2.561854 0.423960
 63.780003 -2.787667 0.328934
 63.980003 -2.598143 0.583584
 64.180003 -2.528199 0.327977
 64.380003 -2.887998 0.420543
 64.580003 -2.599757 0.273283
 64.780003 -2.855051 0.548700
 64.980003 -2.653125 0.287492
 65.180003 -2.748822 0.485883
 65.380003 -2.510233 0.299813
 65.580003 -2.812272 0.633721
 65.780003 -2.364255 0.178486
 65.980003 -2.915805 0.590654
 66.180003 -2.650088 0.218068
 66.380003 -2.882945 0.380180
 66.580003 -2.777710 0.384975
 66.780003 -2.772914 0.360467
 66.980003 -2.843243 0.277638
 67.180003 -2.765110 0.385445
 67.380003 -2.569286 0.501340
 67.580003 -2.744483 0.307262
 67.780003 -2.749727 0.485051
 67.980003 -2.672900 0.268203
 68.180003 -2.962416 0.595873
 68.380003 -2.695621 0.260286
 68.580003 -2.831429 0.481762
 68.780003 -2.769032 0.280755
 68.980003 -2.644907 0.485310
 69.180003 -2.848045 0.245006
 69.380003 -2.846718 0.388003
 69.580003 -2.527930 0.420660
 69.780003 -2.798419 0.390369
 69.980003 -2.823826 0.210928
 70.180003 -2.755570 0.450083
 70.380003 -2.738239 0.497934
 70.580003 -2.634111 0.269530
 70.780003 -2.962078 0.550704
 70.980003 -2.702162 0.215440
 71.180003 -2.550649 0.434460
 71.380003 -2.801732 0.359556
 71.580003 -2.615204 0.388566
 71.780003 -2.675146 0.460889
 71.980003 -2.957537 0.262415
 72.180003 -2.668882 0.526678
 72.380003 -2.810587 0.288143
 72.580003 -2.909447 0.454079
 72.780003 -2.459859 0.234999
 72.980003 -2.665450 0.564147
 73.180003 -2.573167 0.377454
 73.380003 -2.722209 0.373532
 73.580003 -2.840268 0.347121
 73.780004 -2.620250 0.477960
 73.980004 -2.651770 0.367408
 74.180004 -2.887757 0.375907
 74.380004 -2.623654 0.408766
 74.580004 -2.679688 0.439342
 74.780004 -2.881662 0.363477
 74.980004 -2.677267 0.416193
 75.180004 -2.854098 0.407954
 75.380004 -2.606171 0.475380
 75.580004 -2.855676 0.300151
 75.780004 -2.834493 0.395224
 75.980004 -2.717724 0.478564
 76.180004 -2.726770 0.208655
 76.380004 -2.817119 0.576864
 76.580004 -2.701854 0.095892
 76.780004 -2.787480 0.709940
 76.980004 -2.657865 0.222831
 77.180004 -2.713578 0.299185
 77.380004 -2.666534 0.458266
 77.580004 -2.702280 0.293528
 77.780004 -2.639678 0.535422
 77.980004 -3.032316 0.142467
 78.180004 -2.526898 0.431093
 78.380004 -2.808851 0.402500
 78.580004 -2.666484 0.329266
 78.780004 -2.792875 0.491200
 78.980004 -3.020606 0.127837
 79.180004 -2.635239 0.592033
 79.380004 -2.783520 0.282018
 79.580004 -2.997428 0.462958
 79.780004 -2.756209 0.262620
 79.980004 -2.791098 0.358821
 80.180004 -2.634159 0.400456
 80.380004 -2.709923 0.293062
 80.580004 -2.713105 0.513025
 80.780004 -2.799103 0.342325
 80.980004 -2.788775 0.371955
 81.180004 -2.951906 0.413227
 81.380004 -2.759571 0.419560
 81.580004 -2.625234 0.292015
 81.780004 -2.919452 0.446922
 81.980004 -2.419473 0.346278
 82.180004 -2.795734 0.447563
 82.380004 -2.552217 0.308318
 82.580004 -2.829953 0.393610
 82.780004 -2.601260 0.332448
 82.980004 -2.897773 0.528055
 83.180004 -2.728780 0.114264
 83.380004 -2.802975 0.652067
 83.580004 -2.645022 0.177413
 83.780004 -2.612795 0.590578
 83.980004 -2.702464 0.101115
 84.180004 -2.639666 0.562462
 84.380004 -2.718094 0.194515
 84.580004 -2.954998 0.325863
 84.780004 -2.576722 0.628519
 84.980004 -2.848270 -0.116177
 85.180004 -2.837833 0.614007
 85.380004 -2.870280 -0.031023
 85.580004 -2.767935 0.508096
 85.780004 -2.582383 0.430362
 85.980004 -2.779152 0.349099
 86.180004 -2.776526 0.316270
 86.380004 -2.788868 0.308691
 86.580004 -2.670163 0.610133
 86.780004 -3.100192 0.107307
 86.980004 -2.760916 0.422021
 87.180004 -2.757238 0.466586
 87.380004 -2.775168 0.201205
 87.580004 -2.581593 0.573678
 87.780004 -2.808228 0.187885
 87.980004 -2.714633 0.508932
 88.180004 -2.835372 0.275117
 88.380004 -2.748426 0.336729
 88.580004 -2.776647 0.453135
 88.780004 -2.687907 0.203091
 88.980004 -2.661284 0.727092
 89.180004 -2.505865 0.033137
 89.380004 -2.879941 0.551555
 89.580004 -2.722283 0.128050
 89.780004 -2.810414 0.480658
 89.980004 -2.809407 0.344783
 90.180004 -2.769543 0.383968
 90.380004 -2.700723 0.508892
 90.580004 -2.689623 0.333242
 90.780004 -2.492118 0.394829
 90.980004 -2.821675 0.342796
 91.180004 -2.755147 0.468959
 91.380004 -2.746356 0.309619
 91.580004 -2.840198 0.483509
 91.780004 -2.825943 0.329893
 91.980004 -2.751527 0.445596
 92.180004 -2.747121 0.479663
 92.380004 -2.593738 0.313065
 92.580004 -2.798785 0.495127
 92.780004 -2.792188 0.412405
 92.980004 -2.742790 0.413781
 93.180004 -2.851917 0.183228
 93.380004 -2.615436 0.599419
 93.580004 -2.626637 0.248264
 93.780004 -2.898253 0.539612
 93.980004 -2.790361 0.156184
 94.180004 -2.768912 0.514896
 94.380004 -2.761010 0.296006
 94.580004 -2.773995 0.460683
 94.780005 -2.723840 0.394905
 94.980005 -2.720554 0.417895
 95.180005 -2.660561 0.414594
 95.380005 -2.964621 0.253506
 95.580005 -2.734712 0.549794
 95.780005 -2.601905 0.214418
 95.980005 -2.859366 0.646779
 96.180005 -2.634798 0.194301
 96.380005 -2.777660 0.454192
 96.580005 -2.709989 0.333728
 96.780005 -2.679469 0.430500
 96.980005 -2.688976 0.260084
 97.180005 -2.779637 0.594341
 97.380005 -2.569041 0.287913
 97.580005 -2.976939 0.450567
 97.780005 -2.698394 0.303223
 97.980005 -2.905749 0.393528
 98.180005 -2.830828 0.349960
 98.380005 -2.744086 0.401069
 98.580005 -2.649464 0.352724
 98.780005 -2.899043 0.424708
 98.980005 -2.615207 0.363740
 99.180005 -2.765693 0.353239
 99.380005 -2.957769 0.345392
 99.580005 -2.710719 0.286849
 99.780005 -2.870800 0.494989
 99.980005 -2.604639 0.394231
 100.180005 -2.575391 0.355850
 100.380005 -2.759392 0.357192
 100.580005 -2.692231 0.417907
 100.780005 -2.750347 0.378512
 100.980005 -2.930080 0.312589
 101.180005 -2.836876 0.306246
 101.380005 -2.492655 0.458126
 101.580005 -3.016635 0.459745
 101.780005 -2.530040 0.206661
 101.980005 -2.761599 0.555616
 102.180005 -2.700401 0.422999
 102.380005 -2.577269 0.435389
 102.580005 -2.998467 0.134239
 102.780005 -2.461247 0.565661
 102.980005 -2.603783 0.234554
 103.180005 -2.843765 0.557262
 103.380005 -2.664851 0.226034
 103.580005 -2.799395 0.393138
 103.780005 -2.560371 0.500026
 103.980005 -2.616200 0.240772
 104.180005 -2.696132 0.495775
 104.380005 -2.731653 0.171437
 104.580005 -2.670535 0.507228
 104.780005 -2.944617 0.235238
 104.980005 -2.792150 0.433609
 105.180005 -2.940556 0.390335
 105.380005 -2.829614 0.308348
 105.580005 -2.710968 0.362132
 105.780005 -2.936871 0.541330
 105.980005 -2.571671 0.218358
 106.180005 -2.936196 0.473847
 106.380005 -2.878363 0.242800
 106.580005 -2.696113 0.466474
 106.780005 -2.800974 0.311217
 106.980005 -2.747494 0.537675
 107.180005 -2.484705 0.209014
 107.380005 -2.940758 0.458979
 107.580005 -2.570525 0.268821
 107.780005 -2.760552 0.489541
 107.980005 -2.883673 0.383101
 108.180005 -2.631610 0.358586
 108.380005 -2.679265 0.410861
 108.580005 -2.935126 0.298617
 108.780005 -2.501961 0.446071
 108.980005 -2.746154 0.507108
 109.180005 -2.798174 0.303392
 109.380005 -2.641517 0.494540
 109.580005 -2.897723 0.226410
 109.780005 -2.461501 0.590897
 109.980005 -2.850877 0.269444
 110.180005 -2.859082 0.392842
 110.380005 -2.701741 0.523911
 110.580005 -2.710334 0.090265
 110.780005 -2.571967 0.739613
 110.980005 -2.607412 -0.062885
 111.180005 -3.023445 0.647788
 111.380005 -2.748856 0.019889
 111.580005 -2.423974 0.558374
 111.780005 -2.967349 0.402333
 111.980005 -2.630323 0.225516
 112.180005 -2.831476 0.647061
 112.380005 -2.655004 0.071322
 112.580005 -2.483359 0.614430
 112.780005 -2.832327 0.159437
 112.980005 -2.871846 0.466046
 113.180005 -2.667088 0.321402
 113.380005 -2.872676 0.349484
 113.580005 -2.665294 0.435320
 113.780005 -2.736315 0.230380
 113.980005 -2.639859 0.596659
 114.180005 -2.617192 0.170630
 114.380005 -2.759051 0.455278
 114.580005 -2.929909 0.319320
 114.780005 -2.500834 0.282754
 114.980005 -2.827644 0.491277
 115.180005 -2.732399 0.203105
 115.380005 -2.732812 0.694353
 115.580005 -2.700265 0.175982
 115.780005 -2.677559 0.747263
 115.980006 -2.805351 -0.169552
 116.180006 -2.842862 0.639058
 116.380006 -2.553596 0.213994
 116.580006 -2.816711 0.234311
 116.780006 -2.548852 0.724908
 116.980006 -2.810485 -0.022575
 117.180006 -2.750457 0.571561
 117.380006 -2.843272 0.241299
 117.580006 -2.738608 0.309367
 117.780006 -2.609113 0.654041
 117.980006 -2.826447 0.149534
 118.180006 -2.656024 0.552278
 118.380006 -2.822087 0.301519
 118.580006 -2.525526 0.472676
 118.780006 -3.071812 0.293613
 118.980006 -2.670912 0.340056
 119.180006 -2.719720 0.436139
 119.380006 -2.870958 0.269384
 119.580006 -2.743301 0.483718
 119.780006 -2.786275 0.244266
 119.980006 -2.845715 0.588797
 120.180006 -2.571365 0.381953
 120.380006 -2.863644 0.436002
 120.580006 -2.602688 0.424802
 120.780006 -2.687972 0.234440
 120.980006 -2.961415 0.640555
 121.180006 -2.773357 0.186863
 121.380006 -2.636010 0.484071
 121.580006 -2.908746 0.333414
 121.780006 -2.500934 0.375238
 121.980006 -2.781259 0.395300
 122.180006 -2.621439 0.386655
 122.380006 -2.549948 0.367343
 122.580006 -3.060345 0.383693
 122.780006 -2.661497 0.380039
 122.980006 -2.606731 0.416226
 123.180006 -3.034321 0.340900
 123.380006 -2.670042 0.284874
 123.580006 -2.605527 0.218983
 123.780006 -2.706214 0.674674
 123.980006 -2.556695 0.139075
 124.180006 -2.954325 0.555308
 124.380006 -2.761667 0.148709
 124.580006 -2.661864 0.615468
 124.780006 -2.893411 0.220746
 124.980006 -2.607226 0.414714
 125.180006 -2.719692 0.432149
 125.380006 -2.717971 0.395507
 125.580006 -2.451186 0.389143
 125.780006 -2.943101 0.284096
 125.980006 -2.729591 0.564632
 126.180006 -2.706054 0.478873
 126.380006 -2.985247 0.274367
 126.580006 -2.542530 0.454621
 126.780006 -2.705168 0.290297
 126.980006 -2.772251 0.539308
 127.180006 -2.696980 0.242657
 127.380006 -2.762243 0.538057
 127.580006 -2.898901 0.484965
 127.780006 -2.497593 0.228866
 127.980006 -2.861595 0.565155
 128.180006 -2.392703 0.265225
 128.380006 -2.810514 0.517354
 128.580006 -2.921727 0.195721
 128.780006 -2.559837 0.526856
 128.980006 -2.681507 0.264058
 129.180006 -2.873827 0.505914
 129.380006 -2.474045 0.363492
 129.580006 -3.044105 0.402089
 129.780006 -2.519821 0.437334
 129.980006 -2.732758 0.329763
 130.180006 -2.874399 0.442245
 130.380006 -2.673416 0.370334
 130.580006 -2.846294 0.406097
 130.780006 -2.781621 0.329908
 130.980006 -2.432810 0.387756
 131.180006 -2.857392 0.391885
 131.380006 -2.595911 0.330226
 131.580006 -2.636313 0.287474
 131.780006 -3.033147 0.516765
 131.980006 -2.662599 0.281739
 132.180006 -2.799880 0.436594
 132.380006 -2.856693 0.219202
 132.580006 -2.486886 0.440851
 132.780006 -2.785214 0.341939
 132.980006 -2.705098 0.631448
 133.180006 -2.549180 0.172470
 133.380006 -2.983768 0.568332
 133.580006 -2.572044 0.279240
 133.780006 -2.718489 0.543045
 133.980006 -2.885137 0.344098
 134.180006 -2.626915 0.339767
 134.380006 -2.546811 0.547655
 134.580006 -2.724324 0.427201
 134.780006 -2.582311 0.249793
 134.980006 -2.824382 0.463645
 135.180006 -2.617529 0.360332
 135.380006 -2.748499 0.491339
 135.580006 -2.961793 0.151623
 135.780006 -2.623349 0.625779
 135.980006 -2.739420 0.165623
 136.180006 -2.881201 0.541336
 136.380006 -2.645900 0.305375
 136.580006 -2.713154 0.553657
 136.780006 -2.814662 0.343177
 136.980007 -2.863527 0.405870
 137.180007 -2.722152 0.506830
 137.380007 -2.764894 0.390858
 137.580007 -2.982132 0.288515
 137.780007 -2.860513 0.328120
 137.980007 -2.623775 0.511420
 138.180007 -2.767601 0.502790
 138.380007 -2.854187 0.219880
 138.580007 -2.720002 0.533857
 138.780007 -2.717206 0.380408
 138.980007 -2.683205 0.447663
 139.180007 -2.826246 0.216504
 139.380007 -2.690020 0.447663
 139.580007 -2.563808 0.379887
 139.780007 -2.852232 0.400779
 139.980007 -2.653649 0.378507
 140.180007 -2.684942 0.428021
 140.380007 -2.737820 0.366702
 140.580007 -2.673788 0.395277
 140.780007 -2.722580 0.357612
 140.980007 -2.719212 0.507470
 141.180007 -2.597671 0.323101
 141.380007 -2.873655 0.503298
 141.580007 -2.651549 0.388947
 141.780007 -2.598483 0.499218
 141.980007 -2.816222 0.232113
 142.180007 -2.555076 0.442144
 142.380007 -2.741337 0.455655
 142.580007 -2.834394 0.395716
 142.780007 -2.873053 0.264575
 142.980007 -2.729435 0.261133
 143.180007 -2.619098 0.653402
 143.380007 -2.744631 0.151927
 143.580007 -2.911524 0.461319
 143.780007 -2.636552 0.355362
 143.980007 -2.769137 0.399191
 144.180007 -2.917728 0.340435
 144.380007 -2.890566 0.191801
 144.580007 -2.787387 0.586569
 144.780007 -2.763996 0.195117
 144.980007 -2.640930 0.409991
 145.180007 -2.888267 0.345208
 145.380007 -2.709406 0.557259
 145.580007 -2.594532 0.262434
 145.780007 -2.933460 0.421256
 145.980007 -2.650502 0.361324
 146.180007 -2.648631 0.247281
 146.380007 -2.859691 0.596322
 146.580007 -2.716382 0.212581
 146.780007 -2.614526 0.578239
 146.980007 -2.775964 0.397125
 147.180007 -2.404297 0.294920
 147.380007 -2.805232 0.624417
 147.580007 -2.599570 0.193281
 147.780007 -2.668635 0.455583
 147.980007 -2.953533 0.159060
 148.180007 -2.823631 0.578706
 148.380007 -2.690839 0.321483
 148.580007 -2.946120 0.364890
 148.780007 -2.414415 0.304827
 148.980007 -2.549119 0.362386
 149.180007 -2.806498 0.614245
 149.380007 -2.594283 0.193491
 149.580007 -2.947264 0.490978
 149.780007 -2.665027 0.347843
 149.980007 -2.674677 0.352469
 150.180007 -2.855168 0.427785
 150.380007 -2.609048 0.122196
 150.580007 -2.423988 0.481866
 150.780007 -2.848549 0.284145
 150.980007 -2.829277 0.503483
 151.180007 -2.873981 0.270551
 151.380007 -2.856846 0.501731
 151.580007 -2.726270 0.479294
 151.780007 -2.970401 0.221258
 151.980007 -2.745445 0.573298
 152.180007 -2.491589 0.130450
 152.380007 -2.784615 0.677050
 152.580007 -2.833527 0.176987
 152.780007 -2.784878 0.419572
 152.980007 -2.801593 0.402086
 153.180007 -2.790539 0.304431
 153.380007 -2.838219 0.514901
 153.580007 -2.792604 0.243015
 153.780007 -2.478179 0.613617
 153.980007 -2.774753 0.145303
 154.180007 -2.860133 0.459865
 154.380007 -2.677750 0.286342
 154.580007 -2.824779 0.358260
 154.780007 -2.668800 0.562143
 154.980007 -2.698168 0.072176
 155.180007 -2.779318 0.627213
 155.380007 -2.640792 0.298157
 155.580007 -2.608205 0.407598
 155.780007 -2.771598 0.246374
 155.980007 -2.779209 0.214581
 156.180007 -2.727495 0.611717
 156.380007 -2.783680 0.220282
 156.580007 -2.779070 0.450799
 156.780007 -2.755148 0.298852
 156.980007 -2.743842 0.453759
 157.180007 -2.627316 0.293787
 157.380007 -2.884723 0.325068
 157.580007 -2.627450 0.403514
 157.780007 -2.955693 0.449047
 157.980008 -2.603269 0.251972
 158.180008 -3.029349 0.535105
 158.380008 -2.506956 0.272022
 158.580008 -2.816563 0.703782
 158.780008 -2.659458 -0.101188
 158.980008 -2.640650 0.618185
 159.180008 -2.711954 0.133396
 159.380008 -2.919942 0.616019
 159.580008 -2.727476 0.145315
 159.780008 -2.788071 0.535405
 159.980008 -2.628269 0.432492
 160.180008 -2.838166 0.208941
 160.380008 -2.878128 0.371607
 160.580008 -2.665429 0.396636
 160.780008 -2.693854 0.349013
 160.980008 -2.828209 0.397139
 161.180008 -2.691473 0.420628
 161.380008 -2.616814 0.503371
 161.580008 -2.937263 0.473289
 161.780008 -2.897296 0.214962
 161.980008 -2.729611 0.525286
 162.180008 -2.606800 0.298188
 162.380008 -2.963982 0.460257
 162.580008 -2.750690 0.170043
 162.780008 -2.755500 0.569141
 162.980008 -2.728527 0.290930
 163.180008 -2.952309 0.400821
 163.380008 -2.776292 0.336871
 163.580008 -2.744808 0.450158
 163.780008 -2.638143 0.392346
 163.980008 -2.871360 0.280046
 164.180008 -2.779636 0.584189
 164.380008 -2.665781 0.183327
 164.580008 -2.864156 0.546936
 164.780008 -2.806089 0.051368
 164.980008 -2.718392 0.519868
 165.180008 -2.580145 0.206328
 165.380008 -2.973457 0.367168
 165.580008 -2.628354 0.428268
 165.780008 -2.821087 0.403605
 165.980008 -2.513559 0.473130
 166.180008 -2.929539 0.242596
 166.380008 -2.723843 0.383899
 166.580008 -2.844465 0.395151
 166.780008 -2.697872 0.267623
 166.980008 -2.874069 0.440220
 167.180008 -2.576788 0.248622
 167.380008 -2.807868 0.682128
 167.580008 -2.761811 0.217359
 167.780008 -2.778492 0.556132
 167.980008 -2.801620 0.140067
 168.180008 -2.703113 0.526077
 168.380008 -2.927916 0.220537
 168.580008 -2.740345 0.464613
 168.780008 -2.587911 0.394429
 168.980008 -2.742715 0.272553
 169.180008 -2.792026 0.591087
 169.380008 -2.827031 0.025526
 169.580008 -2.679467 0.704798
 169.780008 -2.893569 0.199812
 169.980008 -2.712636 0.377687
 170.180008 -2.789680 0.371409
 170.380008 -2.604887 0.451136
 170.580008 -2.615747 0.413080
 170.780008 -2.801207 0.164830
 170.980008 -2.567313 0.625028
 171.180008 -2.815695 0.195694
 171.380008 -2.776813 0.582653
 171.580008 -2.753497 0.098788
 171.780008 -2.590330 0.518268
 171.980008 -2.505410 0.476159
 172.180008 -2.724803 0.233982
 172.380008 -2.636825 0.581313
 172.580008 -2.693962 0.268085
 172.780008 -2.716668 0.582390
 172.980008 -2.861411 0.172326
 173.180008 -2.754424 0.434482
 173.380008 -2.764830 0.354403
 173.580008 -3.000923 0.179921
 173.780008 -2.516668 0.613299
 173.980008 -2.988049 0.298375
 174.180008 -2.472897 0.348704
 174.380008 -2.891959 0.509346
 174.580008 -2.737076 0.076223
 174.780008 -2.563734 0.825403
 174.980008 -2.711655 -0.077796
 175.180008 -2.795543 0.727864
 175.380008 -2.447542 -0.059154
 175.580008 -2.768685 0.845009
 175.780008 -2.435638 0.058929
 175.980008 -2.791293 0.549293
 176.180008 -2.565616 0.305316
 176.380008 -2.930867 0.490574
 176.580008 -2.582411 0.230197
 176.780008 -2.923809 0.449811
 176.980008 -2.457207 0.323644
 177.180008 -2.847155 0.593637
 177.380008 -2.542939 0.150609
 177.580008 -2.916024 0.595259
 177.780008 -2.913638 0.132948
 177.980008 -2.585870 0.718894
 178.180008 -2.955695 0.049052
 178.380008 -2.649813 0.563478
 178.580008 -2.877997 0.261596
 178.780008 -2.598263 0.373824
 178.980009 -2.802274 0.513916
 179.180009 -2.620885 0.053860
 179.380009 -2.785486 0.687309
 179.580009 -2.573262 0.134237
 179.780009 -2.812607 0.513481
 179.980009 -2.781668 0.302776
 180.180009 -2.721963 0.399960
 180.380009 -2.806068 0.555583
 180.580009 -2.801156 0.281155
 180.780009 -2.707568 0.544287
 180.980009 -2.808819 0.289128
 181.180009 -2.680198 0.530517
 181.380009 -2.872439 0.194257
 181.580009 -2.878288 0.612171
 181.780009 -2.552779 0.258279
 181.980009 -2.836741 0.226783
 182.180009 -2.642529 0.708276
 182.380009 -2.762021 0.018184
 182.580009 -2.701101 0.780013
 182.780009 -2.715773 0.132951
 182.980009 -2.733822 0.586968
 183.180009 -2.909930 0.282938
 183.380009 -2.651880 0.404158
 183.580009 -2.644876 0.442909
 183.780009 -2.962104 0.178382
 183.980009 -2.552310 0.553460
 184.180009 -2.852836 0.240917
 184.380009 -2.650054 0.515690
 184.580009 -2.868081 0.305223
 184.780009 -2.780250 0.197531
 184.980009 -2.605354 0.624219
 185.180009 -2.734812 0.140400
 185.380009 -2.766301 0.516486
 185.580009 -2.671614 0.067130
 185.780009 -2.781563 0.660821
 185.980009 -2.743144 0.159805
 186.180009 -2.768919 0.481685
 186.380009 -2.805496 0.264942
 186.580009 -2.615974 0.427347
 186.780009 -2.679901 0.341026
 186.980009 -2.757559 0.273090
 187.180009 -2.586254 0.447324
 187.380009 -2.803854 0.145503
 187.580009 -2.548334 0.475094
 187.780009 -2.752910 0.186421
 187.980009 -2.695725 0.407689
 188.180009 -2.702451 0.455672
 188.380009 -2.787408 0.270322
 188.580009 -2.637772 0.430460
 188.780009 -2.630547 0.353825
 188.980009 -2.671009 0.341834
 189.180009 -2.845369 0.409040
 189.380009 -2.780991 0.125259
 189.580009 -2.784471 0.573457
 189.780009 -2.678068 0.211646
 189.980009 -2.809946 0.685094
 190.180009 -2.774399 0.059627
 190.380009 -2.790870 0.592714
 190.580009 -2.608394 0.103200
 190.780009 -2.913565 0.557560
 190.980009 -2.470169 0.291765
 191.180009 -2.938955 0.294562
 191.380009 -2.500296 0.614833
 191.580009 -2.874327 0.268823
 191.780009 -2.627599 0.417278
 191.980009 -2.961686 0.295642
 192.180009 -2.827434 0.345992
 192.380009 -2.720771 0.249683
 192.580009 -2.849031 0.520850
 192.780009 -2.526565 0.276884
 192.980009 -2.955021 0.439993
 193.180009 -2.512302 0.298986
 193.380009 -2.853254 0.493530
 193.580009 -2.566665 0.296532
 193.780009 -3.024794 0.474318
 193.980009 -2.703373 0.044826
 194.180009 -2.734128 0.641593
 194.380009 -2.740582 0.177815
 194.580009 -2.891477 0.473385
 194.780009 -2.591651 0.225858
 194.980009 -2.709814 0.479011
 195.180009 -2.720016 0.514419
 195.380009 -2.494349 0.187213
 195.580009 -2.888852 0.613010
 195.780009 -2.473104 0.026957
 195.980009 -2.911586 0.616105
 196.180009 -2.689178 0.110503
 196.380009 -2.793769 0.690578
 196.580009 -2.653621 -0.022463
 196.780009 -2.976023 0.621719
 196.980009 -2.243889 0.395297
 197.180009 -2.981638 0.448964
 197.380009 -2.266206 0.394402
 197.580009 -2.944445 0.421032
 197.780009 -2.680785 0.330123
 197.980009 -2.607648 0.611371
 198.180009 -2.716208 0.068754
 198.380009 -2.779829 0.677197
 198.580009 -2.391360 0.204431
 198.780009 -2.877889 0.614327
 198.980009 -2.606293 0.182026
 199.180009 -2.705790 0.484793
 199.380009 -2.866879 0.389849
 199.580009 -2.496766 0.364677
 199.780009 -2.844934 0.583032
 199.980009 -2.623359 0.239011
