#! FIELDS time phi psi
#! SET max_psi pi
 0.180000 0.713016 -1.751357
 0.380000 0.685044 -1.309817
 0.580000 0.897856 -2.053476
 0.780000 1.103638 -1.202035
 0.980000 0.803403 -2.068932
 1.180000 1.060717 -1.275275
 1.380000 1.044857 -2.007294
 1.580000 1.046947 -1.610138
 1.780000 1.023160 -1.640140
 1.980000 0.925064 -1.831806
 2.180000 1.111365 -1.416888
 2.380000 1.070540 -2.114679
 2.580000 1.015799 -1.379922
 2.780000 0.830055 -1.857591
 2.980000 1.137283 -1.451414
 3.180000 1.008228 -1.741971
 3.380000 1.006012 -1.719128
 3.580000 0.929516 -1.364017
 3.780000 0.870776 -1.830268
 3.980000 0.913544 -1.387500
 4.180000 0.884009 -1.977700
 4.380000 1.290590 -1.387255
 4.580000 0.964963 -1.841038
 4.780000 0.906907 -1.591437
 4.980000 0.869718 -1.617357
 5.180000 0.923902 -1.732105
 5.380000 0.898442 -1.478028
 5.580000 0.853429 -1.843435
 5.780000 1.250089 -1.429994
 5.980000 0.844763 -1.965862
 6.180000 1.041357 -1.183847
 6.380000 0.873146 -1.879860
 6.580000 1.108468 -1.577292
 6.780000 0.867911 -1.679488
 6.980000 0.789905 -1.700794
 7.180000 1.114029 -1.582474
 7.380000 0.882384 -1.805506
 7.580000 1.073925 -1.411561
 7.780000 1.164247 -2.045062
 7.980000 1.077023 -1.508163
 8.180000 0.700872 -1.862451
 8.380000 1.101030 -1.532360
 8.580000 0.999702 -1.785683
 8.780000 0.801268 -1.594856
 8.980000 0.996851 -1.550037
 9.180000 0.717925 -1.724625
 9.380000 0.968064 -1.266843
 9.580000 0.700932 -1.781529
 9.780000 1.041070 -1.367517
 9.980000 1.012951 -1.849744
 10.180000 0.833161 -1.554987
 10.380000 1.155572 -1.922519
 10.580001 1.105510 -1.744568
 10.780001 1.087383 -1.600710
 10.980001 0.861523 -1.802085
 11.180001 1.040217 -1.529181
 11.380001 0.927184 -1.718148
 11.580001 1.062020 -1.550681
 11.780001 0.920402 -1.596800
 11.980001 0.688549 -1.573862
 12.180001 1.037845 -1.579298
 12.380001 0.773396 -1.604660
 12.580001 0.907489 -1.580295
 12.780001 0.885600 -1.446414
 12.980001 0.812503 -1.691590
 13.180001 0.909166 -1.554868
 13.380001 1.029347 -1.918007
 13.580001 1.067463 -1.602629
 13.780001 0.866976 -1.750590
 13.980001 1.075740 -1.644059
 14.180001 1.010499 -1.638346
 14.380001 1.013698 -1.735436
 14.580001 0.664776 -1.423586
 14.780001 0.966022 -1.751829
 14.980001 0.992687 -1.465876
 15.180001 0.787643 -1.676091
 15.380001 1.155623 -1.636119
 15.580001 0.936423 -1.643433
 15.780001 0.935391 -1.562755
 15.980001 1.050980 -1.724653
 16.180001 1.178121 -1.649091
 16.380001 0.934738 -1.657905
 16.580001 1.073586 -1.787931
 16.780001 1.114218 -1.689774
 16.980001 0.836657 -1.615532
 17.180001 0.773204 -1.581977
 17.380001 0.780384 -1.632734
 17.580001 0.932449 -1.510581
 17.780001 0.905745 -1.775707
 17.980001 0.797200 -1.355329
 18.180001 0.809543 -1.652020
 18.380001 1.046896 -1.763531
 18.580001 1.153886 -1.642531
 18.780001 1.051823 -1.690845
 18.980001 1.228671 -1.661611
 19.180001 1.058015 -1.821055
 19.380001 0.990226 -1.451287
 19.580001 0.919841 -1.877166
 19.780001 0.836443 -1.452662
 19.980001 1.046356 -1.815549
 20.180001 0.595558 -1.445783
 20.380001 0.917223 -1.946677
 20.580001 0.938778 -1.193176
 20.780001 0.912462 -1.832932
 20.980001 0.878512 -1.472557
 21.180001 0.801802 -1.922176
 21.380001 1.114127 -1.271061
 21.580001 0.957813 -1.975715
 21.780001 1.087321 -1.631505
 21.980001 0.920269 -1.721664
 22.180001 0.965074 -1.856574
 22.380001 1.133380 -1.496881
 22.580001 0.985235 -1.996254
 22.780001 1.086297 -1.434572
 22.980001 1.163631 -2.065128
 23.180001 0.981828 -1.410591
 23.380001 0.660741 -1.979599
 23.580001 1.038355 -1.474935
 23.780001 0.929243 -1.491199
 23.980001 0.960555 -1.855355
 24.180001 1.142921 -1.416725
 24.380001 0.824444 -1.914744
 24.580001 0.968135 -1.340173
 24.780001 0.933942 -1.882935
 24.980001 0.898342 -1.458335
 25.180001 1.244508 -1.899371
 25.380001 0.830393 -1.488016
 25.580001 0.946583 -1.660624
 25.780001 0.945130 -1.733970
 25.980001 1.148466 -1.662815
 26.180001 0.752380 -1.652216
 26.380001 0.969025 -1.556620
 26.580001 1.064938 -1.694704
 26.780001 0.779702 -1.514884
 26.980001 0.983501 -1.661096
 27.180001 0.755005 -1.541475
 27.380001 1.036735 -1.632440
 27.580001 0.909435 -1.499262
 27.780001 0.945845 -1.777453
 27.980001 0.990696 -1.505098
 28.180001 0.911569 -1.776278
 28.380001 1.110211 -1.457148
 28.580001 0.637201 -1.837183
 28.780001 1.117045 -1.599884
 28.980001 0.999777 -1.717776
 29.180001 0.922310 -1.753052
 29.380001 1.059074 -1.418368
 29.580001 0.868338 -1.981549
 29.780001 1.126084 -1.286666
 29.980001 0.940480 -1.896671
 30.180001 0.796996 -1.354275
 30.380001 0.885572 -1.832893
 30.580001 0.820560 -1.593148
 30.780001 0.731867 -1.575775
 30.980001 0.967949 -1.890158
 31.180001 1.178902 -1.416587
 31.380001 0.942466 -2.070502
 31.580001 1.073274 -1.428847
 31.780002 0.888208 -1.744072
 31.980002 1.161934 -1.622056
 32.180002 1.107069 -1.735561
 32.380002 0.854066 -1.743751
 32.580002 0.956543 -1.435183
 32.780002 0.788539 -1.778810
 32.980002 0.836475 -1.455261
 33.180002 0.854746 -1.959416
 33.380002 1.014233 -1.321347
 33.580002 0.974240 -1.902163
 33.780002 1.005638 -1.476075
 33.980002 0.913091 -1.899495
 34.180002 1.274730 -1.667306
 34.380002 1.176530 -1.622580
 34.580002 0.926101 -1.750183
 34.780002 1.045426 -1.564252
 34.980002 0.947375 -1.744868
 35.180002 1.122076 -1.522590
 35.380002 0.860132 -1.778295
 35.580002 0.825691 -1.517812
 35.780002 0.834402 -1.819054
 35.980002 1.059617 -1.462724
 36.180002 0.817080 -1.712931
 36.380002 0.956529 -1.719231
 36.580002 1.098121 -1.381428
 36.780002 0.881384 -1.865485
 36.980002 1.021505 -1.437469
 37.180002 0.807407 -1.925275
 37.380002 1.137952 -1.526074
 37.580002 1.148454 -1.925689
 37.780002 0.983257 -1.543033
 37.980002 0.964274 -1.664834
 38.180002 1.129781 -1.787454
 38.380002 1.065998 -1.421441
 38.580002 0.822294 -1.875017
 38.780002 0.931941 -1.442578
 38.980002 0.869120 -1.795321
 39.180002 1.011480 -1.423791
 39.380002 0.751955 -1.777766
 39.580002 0.904228 -1.597385
 39.780002 0.986520 -1.722059
 39.980002 0.686008 -1.659420
 40.180002 1.006562 -1.554690
 40.380002 0.979352 -1.764507
 40.580002 1.302323 -1.593021
 40.780002 0.878906 -1.753959
 40.980002 0.958370 -1.590220
 41.180002 1.014499 -1.584918
 41.380002 1.077806 -1.778017
 41.580002 1.156342 -1.499202
 41.780002 0.459774 -1.775701
 41.980002 0.824269 -1.517976
 42.180002 1.032610 -1.687850
 42.380002 0.734742 -1.612263
 42.580002 0.980232 -1.597363
 42.780002 1.013672 -1.785087
 42.980002 1.258847 -1.550059
 43.180002 1.013149 -1.811769
 43.380002 1.289941 -1.439875
 43.580002 0.931487 -1.946877
 43.780002 0.792644 -1.601671
 43.980002 0.952701 -1.724590
 44.180002 0.916751 -1.597972
 44.380002 0.910820 -1.393245
 44.580002 0.826294 -1.992027
 44.780002 0.916816 -1.276141
 44.980002 0.832715 -1.905774
 45.180002 0.960730 -1.444746
 45.380002 0.834792 -1.887786
 45.580002 1.094027 -1.606285
 45.780002 1.027990 -1.599593
 45.980002 1.104552 -1.954216
 46.180002 1.173507 -1.649921
 46.380002 1.072851 -2.020254
 46.580002 1.226290 -1.361971
 46.780002 0.890647 -1.981095
 46.980002 0.932158 -1.531177
 47.180002 0.807620 -1.724485
 47.380002 0.927744 -1.572651
 47.580002 0.935436 -1.511428
 47.780002 0.724561 -1.873004
 47.980002 1.042798 -1.358770
 48.180002 0.939292 -2.006338
 48.380002 1.006903 -1.237712
 48.580002 0.867770 -1.924533
 48.780002 1.147944 -1.589957
 48.980002 1.053921 -1.554507
 49.180002 0.772892 -1.796428
 49.380002 1.153870 -1.445492
 49.580002 0.996115 -1.897291
 49.780002 1.328044 -1.377082
 49.980002 0.922185 -1.936416
 50.180002 0.851499 -1.475698
 50.380002 0.794690 -1.666881
 50.580002 0.894286 -1.506676
 50.780002 0.979434 -1.641194
 50.980002 0.603014 -1.708938
 51.180002 1.185065 -1.527917
 51.380002 0.841562 -1.736436
 51.580002 0.956600 -1.547890
 51.780002 0.872080 -1.700151
 51.980002 0.984257 -1.624794
 52.180002 1.111273 -1.601664
 52.380002 0.879900 -1.713768
 52.580002 1.065717 -1.588976
 52.780003 0.841069 -1.589072
 52.980003 1.055341 -1.635827
 53.180003 0.847649 -1.722385
 53.380003 1.113039 -1.610780
 53.580003 0.802030 -1.637977
 53.780003 0.942837 -1.609134
 53.980003 1.113315 -1.589081
 54.180003 0.895074 -1.742301
 54.380003 0.984398 -1.437983
 54.580003 0.826652 -1.728983
 54.780003 1.130892 -1.629507
 54.980003 0.921868 -1.700892
 55.180003 1.013565 -1.598510
 55.380003 0.998999 -1.607244
 55.580003 1.156286 -1.778374
 55.780003 1.254659 -1.680603
 55.980003 0.928089 -1.619901
 56.180003 1.013883 -1.679139
 56.380003 0.830491 -1.665792
 56.580003 1.155133 -1.527002
 56.780003 0.750406 -1.699984
 56.980003 0.915214 -1.493176
 57.180003 0.975184 -1.695642
 57.380003 0.723566 -1.554597
 57.580003 0.930706 -1.703393
 57.780003 0.910018 -1.566874
 57.980003 1.093708 -1.559346
 58.180003 0.779087 -1.828446
 58.380003 1.103832 -1.653709
 58.580003 1.222942 -1.722857
 58.780003 0.962110 -1.619754
 58.980003 1.089158 -1.797432
 59.180003 0.816993 -1.674126
 59.380003 1.097861 -1.607296
 59.580003 1.003941 -1.643345
 59.780003 0.875571 -1.566711
 59.980003 0.918108 -1.706976
 60.180003 0.955531 -1.670688
 60.380003 0.918575 -1.548568
 60.580003 0.660676 -1.830830
 60.780003 1.129903 -1.499483
 60.980003 1.034325 -1.752576
 61.180003 1.069048 -1.523513
 61.380003 0.942257 -1.675062
 61.580003 1.014140 -1.582519
 61.780003 1.005549 -1.654990
 61.980003 0.887019 -1.697646
 62.180003 0.893740 -1.555811
 62.380003 0.916530 -1.674179
 62.580003 1.072139 -1.596423
 62.780003 0.742903 -1.716673
 62.980003 1.038203 -1.524361
 63.180003 0.961102 -1.653835
 63.380003 1.006617 -1.731535
 63.580003 0.968633 -1.567288
 63.780003 1.018026 -1.813098
 63.980003 1.141240 -1.407886
 64.180003 0.927120 -1.922895
 64.380003 0.952822 -1.487131
 64.580003 0.883898 -1.772133
 64.780003 0.757066 -1.428816
 64.980003 0.886435 -1.639725
 65.180003 0.952917 -1.577308
 65.380003 1.020956 -1.528160
 65.580003 0.850999 -1.755466
 65.780003 1.055252 -1.705857
 65.980003 0.991217 -1.631209
 66.180003 1.012671 -1.631900
 66.380003 0.949003 -1.686939
 66.580003 1.126593 -1.628175
 66.780003 1.092306 -1.599523
 66.980003 1.056429 -1.748914
 67.180003 0.898907 -1.374076
 67.380003 0.742813 -1.864297
 67.580003 1.105120 -1.442990
 67.780003 0.892136 -1.799197
 67.980003 0.961836 -1.539777
 68.180003 1.021306 -1.596807
 68.380003 0.952827 -1.796970
 68.580003 1.197751 -1.486282
 68.780003 1.001834 -1.888619
 68.980003 1.198419 -1.563741
 69.180003 1.014547 -1.890792
 69.380003 1.015930 -1.584285
 69.580003 0.744986 -1.758119
 69.780003 1.053616 -1.655686
 69.980003 0.956144 -1.530473
 70.180003 0.727322 -1.812549
 70.380003 0.883714 -1.464070
 70.580003 0.925190 -1.843776
 70.780003 1.249951 -1.495528
 70.980003 0.896178 -1.742851
 71.180003 0.982465 -1.651949
 71.380003 1.073427 -1.656703
 71.580003 0.946397 -1.804045
 71.780003 0.973780 -1.578740
 71.980003 1.050771 -1.988123
 72.180003 0.980036 -1.436754
 72.380003 1.067690 -1.793181
 72.580003 0.748385 -1.661148
 72.780003 0.881064 -1.596897
 72.980003 0.945360 -1.817918
 73.180003 1.140856 -1.462239
 73.380003 0.736331 -1.718968
 73.580003 1.103851 -1.448160
 73.780004 1.134615 -1.868826
 73.980004 1.100425 -1.589075
 74.180004 0.971995 -1.688278
 74.380004 1.027806 -1.669869
 74.580004 1.035843 -1.569701
 74.780004 0.732899 -1.809092
 74.980004 0.939600 -1.339020
 75.180004 0.928137 -1.712418
 75.380004 0.993085 -1.641333
 75.580004 0.874939 -1.535241
 75.780004 0.897092 -1.713214
 75.980004 0.944653 -1.352783
 76.180004 0.858152 -1.938047
 76.380004 1.007463 -1.590199
 76.580004 0.995263 -1.709417
 76.780004 0.947338 -1.656278
 76.980004 0.976705 -1.512073
 77.180004 1.115012 -1.847073
 77.380004 1.118503 -1.531526
 77.580004 0.912326 -1.674231
 77.780004 0.918422 -1.566239
 77.980004 1.121433 -1.738267
 78.180004 1.065125 -1.602422
 78.380004 1.013996 -1.796006
 78.580004 1.057972 -1.587563
 78.780004 1.006713 -1.621902
 78.980004 0.964946 -1.608906
 79.180004 0.878956 -1.665603
 79.380004 1.023734 -1.633757
 79.580004 0.788574 -1.560411
 79.780004 0.949783 -1.704457
 79.980004 1.059072 -1.775922
 80.180004 1.183805 -1.635256
 80.380004 1.007207 -1.706777
 80.580004 0.991799 -1.596451
 80.780004 1.182956 -1.736254
 80.980004 0.927659 -1.722522
 81.180004 0.960249 -1.573252
 81.380004 0.940030 -1.550495
 81.580004 0.847251 -1.615192
 81.780004 0.881745 -1.671233
 81.980004 0.925736 -1.657265
 82.180004 0.927540 -1.567715
 82.380004 0.989731 -1.555574
 82.580004 0.800836 -1.697082
 82.780004 1.006352 -1.515606
 82.980004 0.931632 -1.768374
 83.180004 1.078364 -1.531558
 83.380004 0.960652 -1.703779
 83.580004 1.184265 -1.762639
 83.780004 1.032570 -1.629153
 83.980004 0.894290 -1.771370
 84.180004 1.232793 -1.585711
 84.380004 1.003711 -1.794059
 84.580004 1.000001 -1.497363
 84.780004 1.011244 -1.875021
 84.980004 1.059184 -1.505743
 85.180004 0.894178 -1.691486
 85.380004 0.818254 -1.671772
 85.580004 0.999517 -1.512109
 85.780004 0.885376 -1.702533
 85.980004 0.959185 -1.452019
 86.180004 1.008870 -1.724360
 86.380004 0.929175 -1.368990
 86.580004 0.833918 -1.888803
 86.780004 1.156332 -1.529303
 86.980004 1.195703 -1.804395
 87.180004 1.009071 -1.651927
 87.380004 1.054190 -1.703079
 87.580004 0.926618 -1.758740
 87.780004 1.038593 -1.646736
 87.980004 1.079809 -1.794744
 88.180004 0.814853 -1.488763
 88.380004 0.947993 -1.728402
 88.580004 1.075702 -1.653731
 88.780004 0.721158 -1.519821
 88.980004 0.991614 -1.674007
 89.180004 0.906472 -1.636368
 89.380004 0.934522 -1.683217
 89.580004 1.083412 -1.612003
 89.780004 1.021941 -1.675796
 89.980004 0.890302 -1.612064
 90.180004 1.192589 -1.818109
 90.380004 0.946018 -1.405927
 90.580004 0.931499 -1.762763
 90.780004 1.070217 -1.562884
 90.980004 1.085090 -1.700313
 91.180004 0.820648 -1.593013
 91.380004 0.921196 -1.678866
 91.580004 0.964096 -1.514801
 91.780004 0.787731 -1.675469
 91.980004 0.945065 -1.561258
 92.180004 1.000306 -1.777430
 92.380004 1.051834 -1.411578
 92.580004 1.108991 -1.921763
 92.780004 0.957365 -1.523062
 92.980004 0.980912 -1.776660
 93.180004 1.080940 -1.783784
 93.380004 1.205398 -1.556562
 93.580004 0.702566 -1.947821
 93.780004 0.973682 -1.265894
 93.980004 1.083452 -1.844923
 94.180004 1.015794 -1.386858
 94.380004 0.786233 -1.702023
 94.580004 0.874127 -1.538076
 94.780005 1.134823 -1.720694
 94.980005 0.574174 -1.679529
 95.180005 0.942535 -1.730405
 95.380005 0.976226 -1.496988
 95.580005 0.838754 -1.773824
 95.780005 1.016458 -1.513396
 95.980005 1.172281 -1.813962
 96.180005 1.082228 -1.626606
 96.380005 0.844479 -1.660537
 96.580005 0.978450 -1.648887
 96.780005 0.932650 -1.699649
 96.980005 0.952330 -1.716702
 97.180005 0.853235 -1.476417
 97.380005 0.941100 -1.870370
 97.580005 0.793161 -1.126935
 97.780005 0.964474 -1.840544
 97.980005 0.900142 -1.473291
 98.180005 1.105666 -1.972520
 98.380005 1.001682 -1.575299
 98.580005 0.900475 -1.664134
 98.780005 1.000266 -1.737797
 98.980005 0.984364 -1.430217
 99.180005 0.997865 -1.952976
 99.380005 0.960838 -1.290766
 99.580005 0.862774 -1.845844
 99.780005 1.060755 -1.532308
 99.980005 0.979733 -1.792860
 100.180005 0.984373 -1.565544
 100.380005 1.044537 -1.613699
 100.580005 0.918708 -1.671341
 100.780005 0.861448 -1.413767
 100.980005 0.852296 -1.937990
 101.180005 1.129616 -1.404061
 101.380005 0.994380 -1.934591
 101.580005 1.030283 -1.500790
 101.780005 1.099933 -1.879466
 101.980005 0.970875 -1.668803
 102.180005 0.989414 -1.553485
 102.380005 0.896026 -1.819744
 102.580005 1.023272 -1.457830
 102.780005 0.849153 -1.793792
 102.980005 1.038447 -1.540550
 103.180005 0.994029 -1.753094
 103.380005 1.031949 -1.571541
 103.580005 0.966811 -1.646532
 103.780005 1.078301 -1.688920
 103.980005 1.143006 -1.431129
 104.180005 0.763558 -1.793406
 104.380005 1.092984 -1.401819
 104.580005 0.928840 -1.818448
 104.780005 0.965144 -1.482080
 104.980005 0.882244 -1.783734
 105.180005 0.912324 -1.642652
 105.380005 1.004449 -1.496118
 105.580005 0.859798 -1.855104
 105.780005 0.932214 -1.374601
 105.980005 0.866378 -1.890249
 106.180005 1.193713 -1.331712
 106.380005 0.972801 -1.969934
 106.580005 0.975753 -1.510202
 106.780005 1.229553 -1.697787
 106.980005 0.678000 -1.693916
 107.180005 1.192638 -1.433306
 107.380005 0.952214 -1.978162
 107.580005 1.024963 -1.393914
 107.780005 0.754682 -1.926285
 107.980005 1.064088 -1.494504
 108.180005 1.081699 -1.850097
 108.380005 0.694194 -1.620444
 108.580005 0.860790 -1.525869
 108.780005 1.020180 -1.721764
 108.980005 1.077802 -1.515993
 109.180005 0.705388 -1.775503
 109.380005 1.089220 -1.562863
 109.580005 1.020776 -1.648588
 109.780005 0.848622 -1.649370
 109.980005 0.904634 -1.589429
 110.180005 1.089018 -1.747723
 110.380005 0.928405 -1.541172
 110.580005 1.029639 -1.774007
 110.780005 1.207306 -1.605669
 110.980005 0.897289 -1.820678
 111.180005 1.073029 -1.753073
 111.380005 1.086190 -1.647448
 111.580005 1.097362 -1.739521
 111.780005 1.117592 -1.534384
 111.980005 0.676162 -1.814068
 112.180005 1.054558 -1.365131
 112.380005 0.848475 -1.861869
 112.580005 0.722315 -1.402640
 112.780005 0.794224 -1.703800
 112.980005 1.005799 -1.495864
 113.180005 0.904743 -1.564213
 113.380005 0.870715 -1.783161
 113.580005 1.096296 -1.538452
 113.780005 1.057393 -1.837811
 113.980005 1.098169 -1.683535
 114.180005 1.082695 -1.750572
 114.380005 0.961725 -1.797760
 114.580005 1.216272 -1.635732
 114.780005 1.015070 -1.846207
 114.980005 1.092731 -1.506945
 115.180005 0.903531 -1.741580
 115.380005 0.907039 -1.558583
 115.580005 0.860231 -1.721711
 115.780005 0.769710 -1.523361
 115.980006 0.827432 -1.588562
 116.180006 0.883932 -1.723075
 116.380006 1.016509 -1.519865
 116.580006 1.062401 -1.629236
 116.780006 1.262600 -1.610938
 116.980006 0.866804 -1.802324
 117.180006 0.958273 -1.583011
 117.380006 1.041855 -1.807569
 117.580006 1.039066 -1.638157
 117.780006 1.046573 -1.758554
 117.980006 0.902637 -1.652250
 118.180006 0.954418 -1.615279
 118.380006 0.810276 -1.612058
 118.580006 0.870686 -1.564611
 118.780006 1.060084 -1.702545
 118.980006 1.105433 -1.510649
 119.180006 0.910688 -1.816492
 119.380006 0.999922 -1.551784
 119.580006 1.064251 -1.764593
 119.780006 1.121875 -1.665097
 119.980006 1.106123 -1.668212
 120.180006 0.773686 -1.688273
 120.380006 1.002654 -1.524041
 120.580006 1.012250 -1.886623
 120.780006 1.069876 -1.466203
 120.980006 0.971197 -1.878457
 121.180006 0.819259 -1.412158
 121.380006 0.905155 -1.711297
 121.580006 0.875179 -1.783041
 121.780006 0.965017 -1.507273
 121.980006 1.012243 -1.816016
 122.180006 1.223625 -1.560841
 122.380006 0.976091 -1.733975
 122.580006 0.897727 -1.550991
 122.780006 1.038457 -1.699132
 122.980006 1.044155 -1.622528
 123.180006 1.037259 -1.726661
 123.380006 0.953432 -1.692719
 123.580006 1.014874 -1.553667
 123.780006 0.814926 -1.674420
 123.980006 0.976690 -1.446540
 124.180006 0.762608 -1.791832
 124.380006 1.074111 -1.303138
 124.580006 1.091904 -1.741015
 124.780006 0.740732 -1.586932
 124.980006 0.972549 -1.702303
 125.180006 0.861774 -1.643211
 125.380006 0.982867 -1.625061
 125.580006 1.142896 -1.741901
 125.780006 1.048130 -1.598120
 125.980006 1.118438 -1.928560
 126.180006 1.075559 -1.491001
 126.380006 1.043957 -1.716162
 126.580006 0.994660 -1.531032
 126.780006 0.872711 -1.676944
 126.980006 0.680217 -1.652476
 127.180006 0.776526 -1.514571
 127.380006 1.023545 -1.596215
 127.580006 1.024642 -1.535800
 127.780006 0.841011 -1.595295
 127.980006 0.890772 -1.478965
 128.180006 0.884012 -1.756333
 128.380006 0.979357 -1.563136
 128.580006 0.749760 -1.808192
 128.780006 1.006191 -1.601589
 128.980006 1.105213 -1.592933
 129.180006 1.167542 -1.739249
 129.380006 1.103142 -1.543640
 129.580006 1.033656 -1.888733
 129.780006 1.072630 -1.379549
 129.980006 0.740157 -1.813853
 130.180006 0.737456 -1.460050
 130.380006 0.804070 -1.678769
 130.580006 0.804876 -1.551751
 130.780006 0.975745 -1.528439
 130.980006 0.745961 -1.753032
 131.180006 1.168591 -1.414508
 131.380006 1.144658 -1.828044
 131.580006 1.051508 -1.601499
 131.780006 1.057782 -1.804023
 131.980006 0.825438 -1.746739
 132.180006 1.108043 -1.467346
 132.380006 1.010847 -2.037146
 132.580006 1.048518 -1.387493
 132.780006 0.967710 -1.914696
 132.980006 0.889338 -1.402628
 133.180006 0.860947 -1.643469
 133.380006 0.854324 -1.596437
 133.580006 0.986730 -1.558358
 133.780006 0.854537 -1.775525
 133.980006 1.013380 -1.555790
 134.180006 0.885060 -1.848517
 134.380006 1.123827 -1.604427
 134.580006 1.036863 -1.717611
 134.780006 1.086026 -1.646539
 134.980006 0.907077 -1.765501
 135.180006 0.954521 -1.445601
 135.380006 0.967374 -1.715547
 135.580006 0.864552 -1.530268
 135.780006 1.064712 -1.689115
 135.980006 0.803489 -1.657715
 136.180006 1.056097 -1.637838
 136.380006 0.834465 -1.424795
 136.580006 1.026217 -1.705119
 136.780006 0.995202 -1.618676
 136.980007 0.750890 -1.543894
 137.180007 1.019127 -1.741148
 137.380007 0.993053 -1.608338
 137.580007 1.092261 -1.808193
 137.780007 1.015455 -1.619972
 137.980007 1.146461 -1.694233
 138.180007 0.846091 -1.650583
 138.380007 1.089056 -1.589891
 138.580007 1.047655 -1.704086
 138.780007 0.799167 -1.540440
 138.980007 0.572545 -1.618519
 139.180007 0.868115 -1.587942
 139.380007 0.836286 -1.471912
 139.580007 0.719285 -1.801364
 139.780007 0.882839 -1.407365
 139.980007 1.054024 -1.746161
 140.180007 1.137984 -1.655386
 140.380007 1.006424 -1.791098
 140.580007 1.083955 -1.816531
 140.780007 1.040997 -1.507577
 140.980007 1.163860 -1.895075
 141.180007 0.986087 -1.674358
 141.380007 1.061841 -1.833010
 141.580007 0.857711 -1.453380
 141.780007 0.907421 -1.683288
 141.980007 0.857226 -1.683360
 142.180007 0.894818 -1.500574
 142.380007 1.052948 -1.834293
 142.580007 1.032303 -1.409262
 142.780007 0.722022 -1.816328
 142.980007 0.984559 -1.448622
 143.180007 0.968350 -1.747965
 143.380007 0.761055 -1.507614
 143.580007 0.985151 -1.672934
 143.780007 1.055647 -1.675199
 143.980007 1.165476 -1.583102
 144.180007 0.879155 -1.835406
 144.380007 1.021167 -1.464024
 144.580007 1.175086 -1.914287
 144.780007 1.199946 -1.579505
 144.980007 0.875186 -1.762544
 145.180007 0.891834 -1.602945
 145.380007 0.983557 -1.598378
 145.580007 0.705211 -1.602728
 145.780007 0.828928 -1.469231
 145.980007 0.811902 -1.623765
 146.180007 1.046957 -1.628377
 146.380007 0.960941 -1.660361
 146.580007 0.919734 -1.722045
 146.780007 1.012573 -1.558837
 146.980007 0.993663 -1.803021
 147.180007 1.181100 -1.605200
 147.380007 0.901999 -1.748172
 147.580007 0.955088 -1.569649
 147.780007 0.987242 -1.597924
 147.980007 0.877776 -1.653152
 148.180007 0.870401 -1.584979
 148.380007 0.859832 -1.768553
 148.580007 0.985367 -1.597761
 148.780007 1.062721 -1.729617
 148.980007 0.966514 -1.624591
 149.180007 1.087503 -1.643206
 149.380007 1.201566 -1.739749
 149.580007 0.952684 -1.598294
 149.780007 1.172910 -1.683057
 149.980007 1.133417 -1.692497
 150.180007 0.917031 -1.619971
 150.380007 0.997702 -1.633995
 150.580007 0.783668 -1.570205
 150.780007 0.943483 -1.586481
 150.980007 0.984896 -1.609760
 151.180007 0.968018 -1.539146
 151.380007 0.958754 -1.698682
 151.580007 1.022395 -1.623511
 151.780007 0.990124 -1.584647
 151.980007 0.700712 -1.783002
 152.180007 1.166191 -1.555086
 152.380007 1.111724 -1.827818
 152.580007 0.973203 -1.527676
 152.780007 0.890494 -1.577504
 152.980007 1.103463 -1.750508
 153.180007 1.185544 -1.578030
 153.380007 0.805824 -1.822783
 153.580007 1.060601 -1.483449
 153.780007 0.980803 -1.692115
 153.980007 0.918237 -1.495255
 154.180007 0.941960 -1.700871
 154.380007 0.973946 -1.743974
 154.580007 1.027271 -1.607870
 154.780007 0.899737 -1.559529
 154.980007 0.906318 -1.800576
 155.180007 0.953429 -1.671674
 155.380007 1.086373 -1.679093
 155.580007 1.249431 -1.713946
 155.780007 0.880862 -1.542207
 155.980007 1.007046 -1.807276
 156.180007 1.123813 -1.516727
 156.380007 0.840691 -1.790762
 156.580007 0.972035 -1.581503
 156.780007 1.001131 -1.642707
 156.980007 0.726117 -1.547000
 157.180007 0.865020 -1.537229
 157.380007 1.071069 -1.761965
 157.580007 1.060765 -1.424605
 157.780007 0.862649 -1.814019
 157.980008 0.776071 -1.504916
 158.180008 1.054909 -1.742672
 158.380008 0.980095 -1.556437
 158.580008 0.947474 -1.698208
 158.780008 1.111353 -1.737103
 158.980008 1.025690 -1.656178
 159.180008 1.018182 -1.795725
 159.380008 1.121871 -1.591747
 159.580008 1.055489 -1.752336
 159.780008 1.191402 -1.624890
 159.980008 0.856827 -1.724045
 160.180008 0.969356 -1.494464
 160.380008 0.917901 -1.733284
 160.580008 0.743730 -1.553277
 160.780008 0.979266 -1.600589
 160.980008 0.819323 -1.696629
 161.180008 0.941137 -1.409711
 161.380008 0.966917 -1.866586
 161.580008 0.910752 -1.572311
 161.780008 1.075777 -1.812010
 161.980008 1.076703 -1.581014
 162.180008 1.195201 -1.754212
 162.380008 1.037452 -1.690470
 162.580008 0.984306 -1.566116
 162.780008 1.026418 -1.829292
 162.980008 0.751784 -1.377078
 163.180008 0.868967 -1.772087
 163.380008 1.139242 -1.611787
 163.580008 0.863109 -1.657485
 163.780008 0.966429 -1.419694
 163.980008 1.004058 -1.778053
 164.180008 0.988895 -1.515174
 164.380008 0.948151 -1.746152
 164.580008 1.033847 -1.531749
 164.780008 0.944876 -1.671116
 164.980008 0.697704 -1.640052
 165.180008 1.114518 -1.611433
 165.380008 0.951109 -1.791733
 165.580008 1.008596 -1.474723
 165.780008 0.972519 -1.695696
 165.980008 1.057882 -1.727124
 166.180008 1.058385 -1.647821
 166.380008 0.785446 -1.617170
 166.580008 1.056913 -1.572749
 166.780008 0.798825 -1.627636
 166.980008 0.971988 -1.603287
 167.180008 1.095825 -1.588021
 167.380008 0.914918 -1.589478
 167.580008 1.106028 -1.583769
 167.780008 0.732483 -1.757327
 167.980008 1.083019 -1.550137
 168.180008 0.764881 -1.804260
 168.380008 1.019943 -1.431331
 168.580008 0.834395 -1.830051
 168.780008 0.984692 -1.679050
 168.980008 0.852650 -1.510502
 169.180008 0.980577 -1.965179
 169.380008 1.156747 -1.211722
 169.580008 0.762893 -2.014021
 169.780008 1.119710 -1.276564
 169.980008 0.859874 -1.934895
 170.180008 1.013885 -1.438938
 170.380008 0.880181 -1.700720
 170.580008 1.027062 -1.773793
 170.780008 1.060521 -1.501872
 170.980008 0.733876 -1.858836
 171.180008 1.218804 -1.506063
 171.380008 1.025689 -1.939364
 171.580008 0.997793 -1.450397
 171.780008 0.984146 -1.709589
 171.980008 0.981227 -1.624739
 172.180008 0.781781 -1.490085
 172.380008 0.954080 -1.783433
 172.580008 1.320506 -1.701767
 172.780008 0.756343 -1.640677
 172.980008 1.054467 -1.595900
 173.180008 0.975482 -1.676119
 173.380008 0.929818 -1.651793
 173.580008 0.908313 -1.641856
 173.780008 1.094779 -1.712474
 173.980008 1.130992 -1.660110
 174.180008 0.962013 -1.703051
 174.380008 1.054903 -1.611746
 174.580008 0.765503 -1.578889
 174.780008 0.996030 -1.736492
 174.980008 0.896303 -1.466045
 175.180008 0.844590 -1.872930
 175.380008 0.976809 -1.327179
 175.580008 0.888267 -1.829383
 175.780008 0.927181 -1.362974
 175.980008 0.764360 -1.762422
 176.180008 1.038571 -1.526881
 176.380008 1.045711 -1.745007
 176.580008 0.959953 -1.894514
 176.780008 1.301476 -1.473821
 176.980008 1.017823 -1.824885
 177.180008 0.968850 -1.595587
 177.380008 0.919964 -1.887157
 177.580008 1.096124 -1.603247
 177.780008 0.972579 -1.715880
 177.980008 0.968126 -1.743891
 178.180008 0.902563 -1.556514
 178.380008 0.939437 -1.671847
 178.580008 0.915743 -1.470860
 178.780008 0.985004 -2.075480
 178.980009 0.954665 -1.232738
 179.180009 0.952113 -1.931202
 179.380009 0.792173 -1.367118
 179.580009 0.985109 -1.889649
 179.780009 0.897793 -1.690933
 179.980009 1.002354 -1.573149
 180.180009 1.022268 -1.762630
 180.380009 1.171766 -1.507162
 180.580009 1.141918 -1.966750
 180.780009 1.023881 -1.512190
 180.980009 0.988462 -1.852633
 181.180009 1.046964 -1.560721
 181.380009 0.937869 -1.767997
 181.580009 0.796014 -1.640736
 181.780009 0.909631 -1.608546
 181.980009 0.978117 -1.707842
 182.180009 1.001371 -1.482096
 182.380009 0.846409 -1.739670
 182.580009 1.024417 -1.526697
 182.780009 1.018598 -1.729273
 182.980009 0.950819 -1.465347
 183.180009 0.889832 -1.727902
 183.380009 1.028613 -1.597442
 183.580009 1.122849 -1.624298
 183.780009 0.916083 -1.751216
 183.980009 0.947308 -1.540888
 184.180009 0.793287 -1.726507
 184.380009 0.966866 -1.486081
 184.580009 1.155745 -1.786611
 184.780009 0.914398 -1.502294
 184.980009 1.092308 -1.719840
 185.180009 1.072162 -1.576043
 185.380009 0.996804 -1.621059
 185.580009 0.804115 -1.780888
 185.780009 0.919747 -1.627407
 185.980009 0.974398 -1.607698
 186.180009 0.933456 -1.619476
 186.380009 0.876221 -1.571471
 186.580009 0.988966 -1.732375
 186.780009 1.036813 -1.673669
 186.980009 1.218209 -1.601900
 187.180009 0.983102 -1.773945
 187.380009 0.922731 -1.639699
 187.580009 1.102580 -1.675915
 187.780009 1.018253 -1.677253
 187.980009 0.969829 -1.515509
 188.180009 0.789056 -1.732143
 188.380009 0.986874 -1.658360
 188.580009 1.091561 -1.577117
 188.780009 0.803523 -1.559478
 188.980009 0.813393 -1.670795
 189.180009 0.992457 -1.664011
 189.380009 1.149483 -1.650166
 189.580009 0.942853 -1.792054
 189.780009 0.969888 -1.525677
 189.980009 0.910398 -1.962994
 190.180009 1.121641 -1.376927
 190.380009 0.915799 -1.819570
 190.580009 1.061025 -1.621727
 190.780009 1.023121 -1.678091
 190.980009 0.917355 -1.579990
 191.180009 1.149799 -1.583544
 191.380009 0.874216 -1.861348
 191.580009 1.030584 -1.513834
 191.780009 0.863822 -1.696048
 191.980009 1.076906 -1.530163
 192.180009 0.881649 -1.771175
 192.380009 1.002345 -1.445915
 192.580009 0.867472 -1.748185
 192.780009 0.851779 -1.474610
 192.980009 1.047799 -1.686010
 193.180009 0.748051 -1.684956
 193.380009 1.014665 -1.523013
 193.580009 0.944115 -1.714509
 193.780009 0.996889 -1.425043
 193.980009 0.924503 -1.754086
 194.180009 0.965665 -1.587776
 194.380009 1.111232 -1.664123
 194.580009 0.863538 -1.667652
 194.780009 0.893451 -1.492998
 194.980009 1.104737 -1.769267
 195.180009 1.026477 -1.465787
 195.380009 0.968923 -1.838369
 195.580009 0.975041 -1.517572
 195.780009 0.948570 -1.845326
 195.980009 0.940881 -1.533828
 196.180009 0.887417 -1.600879
 196.380009 1.118646 -1.700589
 196.580009 0.987617 -1.445213
 196.780009 0.965306 -1.696390
 196.980009 0.988821 -1.472715
 197.180009 0.986032 -1.807415
 197.380009 1.084191 -1.523258
 197.580009 0.804580 -1.786185
 197.780009 0.964484 -1.564877
 197.980009 1.150889 -1.576379
 198.180009 0.858757 -1.709390
 198.380009 1.012710 -1.532513
 198.580009 1.072885 -1.709599
 198.780009 1.037793 -1.526969
 198.980009 0.859067 -1.724602
 199.180009 1.085823 -1.646096
 199.380009 1.066078 -1.648386
 199.580009 1.050242 -1.624483
 199.780009 0.980989 -1.597479
 199.980009 0.794599 -1.723019
