#! FIELDS time phi psi
#! SET max_psi pi
 0.180000 -1.876507 -2.065361
 0.380000 -2.403907 -1.988562
 0.580000 -1.707860 -1.422621
 0.780000 -2.484740 -1.789394
 0.980000 -1.799219 -2.069803
 1.180000 -2.287659 -1.211630
 1.380000 -2.124298 -2.321649
 1.580000 -1.857285 -1.457219
 1.780000 -2.164802 -1.948772
 1.980000 -2.021496 -1.844550
 2.180000 -2.091010 -1.511974
 2.380000 -2.055639 -2.320582
 2.580000 -2.308054 -1.360634
 2.780000 -1.680312 -1.966312
 2.980000 -2.499453 -1.822614
 3.180000 -1.822138 -1.676006
 3.380000 -2.150770 -1.834246
 3.580000 -2.230974 -1.837694
 3.780000 -1.680412 -1.522078
 3.980000 -2.500405 -1.838561
 4.180000 -1.657090 -1.969533
 4.380000 -2.327617 -1.489491
 4.580000 -2.076578 -2.193965
 4.780000 -1.950965 -1.481506
 4.980000 -2.160422 -1.916741
 5.180000 -2.046565 -1.758648
 5.380000 -2.050560 -1.495905
 5.580000 -2.133874 -2.166889
 5.780000 -2.232983 -1.390590
 5.980000 -1.941071 -1.979989
 6.180000 -2.259510 -1.814155
 6.380000 -1.936272 -1.709265
 6.580000 -2.200393 -1.775325
 6.780000 -2.095619 -1.800078
 6.980000 -2.020993 -1.797628
 7.180000 -2.231551 -1.831222
 7.380000 -1.824656 -1.803072
 7.580000 -2.253280 -1.689815
 7.780000 -2.241161 -2.040899
 7.980000 -1.981237 -1.551908
 8.180000 -2.277867 -2.084136
 8.380000 -2.125128 -1.666473
 8.580000 -2.000525 -1.698582
 8.780000 -2.196770 -2.006931
 8.980000 -1.976499 -1.606754
 9.180000 -2.116716 -1.950422
 9.380000 -2.319830 -1.672286
 9.580000 -1.819539 -1.872753
 9.780000 -2.387908 -1.616635
 9.980000 -1.659294 -1.916279
 10.180000 -2.408520 -1.576625
 10.380000 -2.206329 -2.012079
 10.580001 -1.961805 -1.597009
 10.780001 -2.138530 -1.853517
 10.980001 -1.850386 -1.887234
 11.180001 -2.294675 -1.582458
 11.380001 -2.048570 -2.020065
 11.580001 -2.371130 -1.331526
 11.780001 -1.779584 -2.182142
 11.980001 -2.205881 -1.714940
 12.180001 -1.843264 -1.565734
 12.380001 -2.169102 -1.916609
 12.580001 -1.969263 -1.495796
 12.780001 -1.964615 -2.051553
 12.980001 -2.388047 -1.414557
 13.180001 -1.477484 -1.901062
 13.380001 -2.190151 -1.537466
 13.580001 -1.958592 -1.902809
 13.780001 -1.780156 -1.470039
 13.980001 -2.301104 -1.899727
 14.180001 -1.780049 -1.691466
 14.380001 -1.956641 -1.758858
 14.580001 -1.951860 -2.033805
 14.780001 -2.070218 -1.411435
 14.980001 -1.909603 -2.117207
 15.180001 -2.105838 -1.551478
 15.380001 -1.923692 -1.848496
 15.580001 -2.137874 -1.594127
 15.780001 -1.826704 -1.673874
 15.980001 -2.067827 -1.984684
 16.180001 -2.156264 -1.438244
 16.380001 -1.811045 -2.060312
 16.580001 -2.256829 -1.632260
 16.780001 -1.877793 -1.803937
 16.980001 -2.137634 -1.759167
 17.180001 -1.914112 -1.724867
 17.380001 -2.024240 -1.837917
 17.580001 -2.355309 -1.538410
 17.780001 -1.529071 -2.094340
 17.980001 -2.279471 -1.509325
 18.180001 -1.866897 -1.987259
 18.380001 -2.119027 -1.538417
 18.580001 -2.103033 -1.981549
 18.780001 -1.877138 -1.652169
 18.980001 -2.098095 -1.534406
 19.180001 -1.767489 -2.149141
 19.380001 -2.127149 -1.363871
 19.580001 -1.980378 -2.184494
 19.780001 -2.177138 -1.526904
 19.980001 -1.674654 -1.863809
 20.180001 -2.234988 -1.676383
 20.380001 -1.949193 -1.875351
 20.580001 -1.900356 -1.756045
 20.780001 -2.156687 -1.647570
 20.980001 -1.830268 -1.932359
 21.180001 -2.213896 -1.587968
 21.380001 -1.895213 -2.089410
 21.580001 -2.114111 -1.295699
 21.780001 -1.861271 -1.883681
 21.980001 -2.019844 -1.834685
 22.180001 -2.088136 -1.512475
 22.380001 -1.799606 -1.965805
 22.580001 -2.150793 -1.548627
 22.780001 -1.968681 -1.973111
 22.980001 -2.315784 -1.515387
 23.180001 -1.683508 -1.940262
 23.380001 -2.147421 -1.538570
 23.580001 -2.154403 -1.832154
 23.780001 -1.856696 -1.856551
 23.980001 -2.363141 -1.535635
 24.180001 -1.834489 -1.890536
 24.380001 -2.208683 -1.605463
 24.580001 -2.018701 -1.962578
 24.780001 -2.033224 -1.571782
 24.980001 -1.928818 -1.839844
 25.180001 -2.062768 -1.785709
 25.380001 -2.133145 -1.618957
 25.580001 -2.034133 -1.867575
 25.780001 -1.973010 -1.705803
 25.980001 -1.923179 -1.660542
 26.180001 -2.298172 -1.736268
 26.380001 -1.815753 -1.793720
 26.580001 -2.042075 -1.566084
 26.780001 -2.008171 -1.800964
 26.980001 -1.999375 -1.769757
 27.180001 -2.039987 -1.715395
 27.380001 -2.085887 -1.866840
 27.580001 -1.875798 -1.387629
 27.780001 -1.908333 -1.920239
 27.980001 -2.262108 -1.632406
 28.180001 -1.859563 -1.791324
 28.380001 -1.959694 -1.767977
 28.580001 -1.883468 -1.758439
 28.780001 -2.064828 -1.754509
 28.980001 -2.195623 -1.772054
 29.180001 -1.775145 -1.794126
 29.380001 -2.075708 -1.578455
 29.580001 -2.083677 -1.909683
 29.780001 -1.938134 -1.580384
 29.980001 -2.066328 -1.878248
 30.180001 -1.971450 -1.513112
 30.380001 -1.915794 -1.877604
 30.580001 -2.088436 -1.810255
 30.780001 -2.077778 -1.552592
 30.980001 -2.069378 -1.860199
 31.180001 -1.925934 -1.693477
 31.380001 -2.019789 -1.811352
 31.580001 -2.326882 -1.639804
 31.780002 -1.692853 -1.732860
 31.980002 -2.118681 -1.731096
 32.180002 -1.956768 -1.725874
 32.380002 -1.901896 -1.781321
 32.580002 -2.222396 -1.715082
 32.780002 -1.922582 -1.821100
 32.980002 -2.127959 -1.414947
 33.180002 -2.096131 -2.109462
 33.380002 -2.097508 -1.324511
 33.580002 -2.030513 -2.047179
 33.780002 -2.031243 -1.810223
 33.980002 -1.941635 -1.594297
 34.180002 -2.123378 -1.953419
 34.380002 -2.212576 -1.800150
 34.580002 -1.907681 -1.790258
 34.780002 -2.321080 -1.784461
 34.980002 -1.795536 -1.661422
 35.180002 -2.009122 -1.725061
 35.380002 -2.361013 -1.893606
 35.580002 -1.928471 -1.652786
 35.780002 -2.428855 -1.904375
 35.980002 -2.035054 -1.928916
 36.180002 -2.035465 -1.618316
 36.380002 -2.195887 -1.907687
 36.580002 -2.069732 -1.839458
 36.780002 -2.100579 -1.726600
 36.980002 -2.194522 -1.960952
 37.180002 -2.075880 -1.764979
 37.380002 -2.139841 -1.743285
 37.580002 -2.089446 -2.020996
 37.780002 -2.092443 -1.638646
 37.980002 -2.095622 -1.822196
 38.180002 -2.042531 -1.906799
 38.380002 -2.111644 -1.659008
 38.580002 -2.092202 -2.127731
 38.780002 -2.253925 -1.612823
 38.980002 -1.990692 -2.000184
 39.180002 -2.295087 -1.766983
 39.380002 -1.996862 -1.696226
 39.580002 -2.177045 -1.939565
 39.780002 -2.243676 -1.778420
 39.980002 -1.822672 -1.678392
 40.180002 -2.221468 -1.950819
 40.380002 -2.103392 -1.741052
 40.580002 -2.092064 -1.735566
 40.780002 -2.234044 -2.022305
 40.980002 -1.956680 -1.577572
 41.180002 -2.052590 -1.809149
 41.380002 -2.044500 -1.836408
 41.580002 -2.020451 -1.627920
 41.780002 -2.136356 -1.856047
 41.980002 -2.062732 -1.693427
 42.180002 -1.801947 -1.845541
 42.380002 -2.335030 -1.769225
 42.580002 -1.968977 -1.684203
 42.780002 -2.107083 -1.919156
 42.980002 -2.273558 -1.635400
 43.180002 -1.856789 -1.816245
 43.380002 -2.373894 -1.839053
 43.580002 -1.947499 -1.872796
 43.780002 -2.134900 -1.665666
 43.980002 -2.138838 -1.783599
 44.180002 -1.803410 -1.836437
 44.380002 -2.228029 -1.770929
 44.580002 -1.911805 -1.956967
 44.780002 -2.062403 -1.522995
 44.980002 -1.946130 -2.092816
 45.180002 -2.204719 -1.507713
 45.380002 -1.888039 -1.890116
 45.580002 -2.029013 -1.692833
 45.780002 -1.982377 -1.768501
 45.980002 -2.101969 -1.985245
 46.180002 -2.115156 -1.630122
 46.380002 -1.895396 -1.889935
 46.580002 -2.153751 -1.706081
 46.780002 -1.822196 -1.778227
 46.980002 -2.177832 -1.784705
 47.180002 -2.070728 -1.934019
 47.380002 -2.073913 -1.601405
 47.580002 -2.000820 -2.037783
 47.780002 -2.100764 -1.793911
 47.980002 -1.858050 -1.720597
 48.180002 -2.244800 -2.110430
 48.380002 -2.075721 -1.596116
 48.580002 -1.986362 -2.069331
 48.780002 -2.407261 -1.653067
 48.980002 -1.817997 -1.873396
 49.180002 -2.250420 -1.850851
 49.380002 -2.088497 -1.908530
 49.580002 -1.950045 -1.724983
 49.780002 -2.392048 -1.850274
 49.980002 -1.907398 -1.826818
 50.180002 -2.433608 -1.589141
 50.380002 -1.884270 -2.187795
 50.580002 -2.191540 -1.526114
 50.780002 -2.068145 -1.860574
 50.980002 -2.077317 -1.864346
 51.180002 -2.073214 -1.622544
 51.380002 -2.177165 -1.995613
 51.580002 -2.120043 -1.494939
 51.780002 -1.822941 -1.916291
 51.980002 -2.268370 -1.728383
 52.180002 -1.916939 -1.682019
 52.380002 -2.262583 -1.822354
 52.580002 -1.996799 -1.806366
 52.780003 -1.796602 -1.662343
 52.980003 -2.180692 -1.794413
 53.180003 -2.011008 -1.923942
 53.380003 -2.148016 -1.560399
 53.580003 -2.122429 -1.971178
 53.780003 -1.998420 -1.589966
 53.980003 -2.031601 -1.887071
 54.180003 -2.051703 -1.849770
 54.380003 -1.966942 -1.567913
 54.580003 -2.027772 -1.876356
 54.780003 -2.212917 -1.672209
 54.980003 -1.852750 -1.765370
 55.180003 -2.252738 -1.674292
 55.380003 -1.899195 -1.822771
 55.580003 -2.207074 -1.656179
 55.780003 -2.197883 -1.964150
 55.980003 -1.805442 -1.666955
 56.180003 -2.162773 -1.724788
 56.380003 -1.958058 -2.037365
 56.580003 -2.223704 -1.523116
 56.780003 -1.996778 -2.067304
 56.980003 -2.205745 -1.568206
 57.180003 -1.925322 -1.873209
 57.380003 -2.119230 -1.799456
 57.580003 -2.056590 -1.754578
 57.780003 -1.963692 -1.789702
 57.980003 -2.418295 -1.856416
 58.180003 -1.834621 -1.772427
 58.380003 -2.291616 -1.809373
 58.580003 -1.872331 -1.827977
 58.780003 -2.082913 -1.698679
 58.980003 -2.200534 -1.836995
 59.180003 -2.010063 -1.599431
 59.380003 -2.107178 -1.875657
 59.580003 -2.024643 -1.782025
 59.780003 -2.015023 -1.571234
 59.980003 -2.260148 -1.948661
 60.180003 -1.998746 -1.636302
 60.380003 -2.159091 -1.796220
 60.580003 -2.183165 -1.970378
 60.780003 -1.926914 -1.730511
 60.980003 -2.196195 -1.835899
 61.180003 -2.126025 -1.835543
 61.380003 -2.055036 -1.670608
 61.580003 -2.145626 -1.909295
 61.780003 -2.100834 -1.653803
 61.980003 -1.860221 -1.762725
 62.180003 -2.120067 -1.854549
 62.380003 -2.007245 -1.632216
 62.580003 -2.076237 -1.789004
 62.780003 -2.116643 -1.974174
 62.980003 -1.922194 -1.537500
 63.180003 -2.097725 -1.882084
 63.380003 -2.024715 -1.675421
 63.580003 -2.015011 -1.767783
 63.780003 -2.225443 -1.594908
 63.980003 -1.984235 -1.840631
 64.180003 -2.017761 -1.587834
 64.380003 -2.084137 -1.874991
 64.580003 -1.863834 -1.580319
 64.780003 -2.100263 -1.802993
 64.980003 -2.030339 -1.924393
 65.180003 -2.103307 -1.583684
 65.380003 -1.895740 -1.940630
 65.580003 -2.187633 -1.781569
 65.780003 -1.972038 -1.736138
 65.980003 -2.290141 -1.987028
 66.180003 -1.941312 -1.608120
 66.380003 -1.896976 -1.846174
 66.580003 -2.235711 -1.744847
 66.780003 -1.708266 -1.714575
 66.980003 -2.125507 -1.763329
 67.180003 -2.154924 -1.814594
 67.380003 -2.036483 -1.499857
 67.580003 -1.985388 -1.947769
 67.780003 -2.000499 -1.718291
 67.980003 -1.891248 -1.660761
 68.180003 -2.200219 -1.936441
 68.380003 -1.860002 -1.583125
 68.580003 -1.962230 -1.955877
 68.780003 -2.145646 -1.633311
 68.980003 -1.752179 -1.876312
 69.180003 -2.261985 -1.692245
 69.380003 -2.130270 -1.840624
 69.580003 -2.035935 -1.613849
 69.780003 -2.177472 -1.932208
 69.980003 -1.915573 -1.724549
 70.180003 -2.067845 -1.732559
 70.380003 -2.198557 -1.834333
 70.580003 -1.954292 -1.563748
 70.780003 -2.212874 -1.992833
 70.980003 -1.961592 -1.588596
 71.180003 -1.907855 -1.872819
 71.380003 -2.321051 -1.804384
 71.580003 -1.853912 -1.786748
 71.780003 -2.247892 -1.615209
 71.980003 -2.048248 -2.057281
 72.180003 -1.986245 -1.527150
 72.380003 -2.197777 -1.859855
 72.580003 -2.020437 -1.850889
 72.780003 -2.209857 -1.454128
 72.980003 -1.805228 -2.149074
 73.180003 -2.372439 -1.403649
 73.380003 -2.007832 -2.075638
 73.580003 -2.304339 -1.583970
 73.780004 -1.862504 -1.782950
 73.980004 -2.083669 -1.866996
 74.180004 -2.056545 -1.752466
 74.380004 -1.908314 -1.772791
 74.580004 -2.243698 -1.840290
 74.780004 -1.842644 -1.798275
 74.980004 -2.094917 -1.687587
 75.180004 -2.136383 -1.926570
 75.380004 -2.013181 -1.494173
 75.580004 -2.126877 -1.901347
 75.780004 -2.076942 -1.636627
 75.980004 -2.025743 -1.847547
 76.180004 -2.251548 -1.761451
 76.380004 -2.045168 -1.861549
 76.580004 -2.150611 -1.781489
 76.780004 -2.159074 -1.828172
 76.980004 -2.021153 -1.819345
 77.180004 -2.396645 -1.759270
 77.380004 -2.032885 -1.896455
 77.580004 -2.150634 -1.678600
 77.780004 -2.193846 -2.103917
 77.980004 -2.133356 -1.673394
 78.180004 -2.237131 -1.783070
 78.380004 -2.187152 -1.989058
 78.580004 -2.224497 -1.502662
 78.780004 -2.111510 -2.148596
 78.980004 -2.427995 -1.649440
 79.180004 -1.923865 -1.824281
 79.380004 -2.571398 -1.739221
 79.580004 -1.936758 -1.814692
 79.780004 -1.910505 -1.830975
 79.980004 -2.320344 -1.807639
 80.180004 -1.917192 -1.816987
 80.380004 -2.344217 -1.835968
 80.580004 -1.935207 -2.074588
 80.780004 -2.284382 -1.527049
 80.980004 -2.011485 -2.037347
 81.180004 -1.961860 -1.610993
 81.380004 -2.226094 -1.773295
 81.580004 -1.945271 -1.801859
 81.780004 -1.801167 -1.705991
 81.980004 -2.235382 -1.878610
 82.180004 -2.117529 -1.733553
 82.380004 -2.003978 -1.718339
 82.580004 -2.409124 -1.935274
 82.780004 -1.856487 -1.765574
 82.980004 -2.353836 -1.685320
 83.180004 -2.121866 -2.063530
 83.380004 -2.124604 -1.669015
 83.580004 -2.102213 -1.722642
 83.780004 -2.031775 -1.993091
 83.980004 -2.282018 -1.603663
 84.180004 -2.165757 -2.060152
 84.380004 -2.222656 -1.535170
 84.580004 -2.016244 -1.850173
 84.780004 -2.273762 -1.910110
 84.980004 -2.042825 -1.816545
 85.180004 -2.207301 -1.740870
 85.380004 -2.234998 -1.843175
 85.580004 -2.132904 -1.882595
 85.780004 -2.196692 -1.762541
 85.980004 -2.158853 -1.872433
 86.180004 -2.196720 -1.909772
 86.380004 -2.173632 -2.008798
 86.580004 -2.151797 -1.693599
 86.780004 -2.251302 -1.948262
 86.980004 -2.288645 -1.761247
 87.180004 -2.043465 -1.631938
 87.380004 -2.099064 -1.989909
 87.580004 -2.242833 -1.524889
 87.780004 -1.883728 -2.082734
 87.980004 -2.417394 -1.591892
 88.180004 -1.877778 -2.070564
 88.380004 -2.257261 -1.658117
 88.580004 -2.124312 -1.904428
 88.780004 -2.046666 -1.764999
 88.980004 -2.460432 -1.921079
 89.180004 -1.748202 -1.869834
 89.380004 -2.221641 -1.728171
 89.580004 -2.096099 -1.864444
 89.780004 -2.031976 -1.616988
 89.980004 -2.164498 -1.960784
 90.180004 -2.006062 -1.498881
 90.380004 -2.014437 -2.005582
 90.580004 -2.107094 -1.875615
 90.780004 -1.822571 -1.627959
 90.980004 -2.117865 -1.852990
 91.180004 -1.996212 -1.570982
 91.380004 -1.972737 -1.826100
 91.580004 -2.214198 -1.796142
 91.780004 -1.909526 -1.828938
 91.980004 -2.306118 -1.478768
 92.180004 -1.943435 -2.071383
 92.380004 -2.280651 -1.591776
 92.580004 -1.995876 -1.969619
 92.780004 -2.120776 -1.727932
 92.980004 -2.216838 -1.729150
 93.180004 -2.006147 -1.959572
 93.380004 -2.289790 -1.665492
 93.580004 -1.745276 -2.079827
 93.780004 -2.486004 -1.563513
 93.980004 -1.764918 -2.042730
 94.180004 -2.311881 -1.644300
 94.380004 -2.045495 -1.738040
 94.580004 -1.867458 -1.878997
 94.780005 -2.364892 -1.659979
 94.980005 -1.820655 -2.144962
 95.180005 -2.379804 -1.435711
 95.380005 -1.779090 -2.183383
 95.580005 -2.080155 -1.696142
 95.780005 -1.981724 -1.732883
 95.980005 -2.102645 -1.997005
 96.180005 -2.066902 -1.604270
 96.380005 -1.951134 -2.037969
 96.580005 -2.291933 -1.590394
 96.780005 -1.648574 -2.002624
 96.980005 -2.246802 -1.698043
 97.180005 -1.994220 -1.922507
 97.380005 -2.080318 -1.548854
 97.580005 -1.936784 -2.098401
 97.780005 -2.067808 -1.663006
 97.980005 -2.046870 -1.663665
 98.180005 -2.223987 -2.042007
 98.380005 -2.056782 -1.444231
 98.580005 -1.939007 -2.102080
 98.780005 -2.268297 -1.663388
 98.980005 -1.749238 -1.872376
 99.180005 -2.400620 -1.767523
 99.380005 -1.787658 -1.821160
 99.580005 -2.012540 -1.615591
 99.780005 -1.998004 -1.967453
 99.980005 -1.947596 -1.704249
 100.180005 -2.251494 -1.711716
 100.380005 -2.031160 -1.930271
 100.580005 -2.127230 -1.324301
 100.780005 -1.865107 -2.251925
 100.980005 -2.218228 -1.376378
 101.180005 -2.008403 -1.896447
 101.380005 -2.184297 -1.885940
 101.580005 -1.877180 -1.629578
 101.780005 -2.113231 -2.019900
 101.980005 -2.258254 -1.721439
 102.180005 -1.903165 -2.003974
 102.380005 -2.393674 -1.609506
 102.580005 -1.849975 -1.939807
 102.780005 -2.109236 -1.678594
 102.980005 -2.146754 -2.061092
 103.180005 -1.998447 -1.601894
 103.380005 -2.268009 -1.826227
 103.580005 -1.999696 -1.883476
 103.780005 -2.163160 -1.604736
 103.980005 -2.048766 -2.013160
 104.180005 -2.066431 -1.582996
 104.380005 -1.967297 -1.975985
 104.580005 -2.268867 -1.722794
 104.780005 -1.825051 -1.848165
 104.980005 -2.035608 -1.779652
 105.180005 -2.091870 -1.807896
 105.380005 -1.971819 -1.826062
 105.580005 -2.179493 -1.684610
 105.780005 -1.859209 -1.893178
 105.980005 -2.086584 -1.553001
 106.180005 -1.821991 -2.042203
 106.380005 -2.179615 -1.466236
 106.580005 -2.088459 -2.001434
 106.780005 -2.147551 -1.707591
 106.980005 -1.968532 -1.659123
 107.180005 -2.079370 -2.208450
 107.380005 -2.194490 -1.512340
 107.580005 -1.790109 -2.110810
 107.780005 -2.366374 -1.599427
 107.980005 -1.889722 -1.921602
 108.180005 -2.264053 -1.659057
 108.380005 -2.036267 -2.015786
 108.580005 -1.983261 -1.674282
 108.780005 -2.174694 -1.851665
 108.980005 -1.828783 -1.925223
 109.180005 -2.299044 -1.617629
 109.380005 -2.043212 -2.035886
 109.580005 -2.284085 -1.574782
 109.780005 -2.048491 -1.994521
 109.980005 -2.190778 -1.610558
 110.180005 -1.959228 -1.940902
 110.380005 -2.124502 -1.869066
 110.580005 -2.166651 -1.681168
 110.780005 -1.890226 -2.024408
 110.980005 -2.251508 -1.596164
 111.180005 -1.905164 -2.040433
 111.380005 -2.288480 -1.592036
 111.580005 -1.975749 -2.037912
 111.780005 -2.091118 -1.700526
 111.980005 -2.246272 -1.931138
 112.180005 -1.892738 -1.801847
 112.380005 -2.457809 -1.784818
 112.580005 -1.873805 -1.915258
 112.780005 -2.147372 -1.759645
 112.980005 -1.956776 -1.862805
 113.180005 -2.083178 -1.744954
 113.380005 -2.145508 -1.988891
 113.580005 -2.012932 -1.829661
 113.780005 -1.977026 -1.765054
 113.980005 -2.258567 -1.933179
 114.180005 -2.072531 -1.692580
 114.380005 -2.170719 -1.955526
 114.580005 -2.211298 -1.773213
 114.780005 -1.890002 -1.900250
 114.980005 -2.389881 -1.765995
 115.180005 -1.930962 -2.049534
 115.380005 -2.308290 -1.636504
 115.580005 -2.128485 -2.029337
 115.780005 -2.108858 -1.617444
 115.980006 -2.318991 -1.969506
 116.180006 -2.046830 -1.821493
 116.380006 -2.227265 -1.847314
 116.580006 -2.063551 -1.919856
 116.780006 -2.106879 -1.679132
 116.980006 -2.016146 -1.962596
 117.180006 -2.250031 -1.715767
 117.380006 -2.007475 -1.809507
 117.580006 -2.210487 -1.866556
 117.780006 -1.917229 -1.781441
 117.980006 -2.181968 -1.817690
 118.180006 -2.097492 -1.936874
 118.380006 -2.046122 -1.630903
 118.580006 -2.047289 -1.905545
 118.780006 -2.015504 -1.913172
 118.980006 -2.084784 -1.665926
 119.180006 -2.114371 -1.990134
 119.380006 -2.085653 -1.617061
 119.580006 -1.953953 -1.980895
 119.780006 -2.345228 -1.708684
 119.980006 -1.812821 -1.727952
 120.180006 -2.041872 -1.906348
 120.380006 -2.104063 -1.651607
 120.580006 -1.951094 -1.841453
 120.780006 -2.385163 -1.634590
 120.980006 -1.909546 -1.975986
 121.180006 -2.142057 -1.502776
 121.380006 -2.088375 -2.006890
 121.580006 -1.838443 -1.519455
 121.780006 -2.266584 -1.778851
 121.980006 -1.845143 -1.886902
 122.180006 -1.984808 -1.516853
 122.380006 -2.147884 -1.943646
 122.580006 -2.116785 -1.570923
 122.780006 -1.797775 -1.703135
 122.980006 -2.358544 -1.948851
 123.180006 -1.797033 -1.521429
 123.380006 -1.979467 -1.724152
 123.580006 -2.199357 -2.098637
 123.780006 -1.871829 -1.241066
 123.980006 -2.146445 -2.026485
 124.180006 -2.048741 -1.783924
 124.380006 -1.733750 -1.421756
 124.580006 -2.158627 -2.035182
 124.780006 -2.074247 -1.618102
 124.980006 -1.949682 -1.775032
 125.180006 -2.375924 -1.812066
 125.380006 -1.536991 -1.535798
 125.580006 -2.233682 -1.951871
 125.780006 -2.074798 -1.872236
 125.980006 -1.883149 -1.554617
 126.180006 -2.263972 -1.876549
 126.380006 -1.854668 -1.636219
 126.580006 -2.102625 -1.656852
 126.780006 -2.053031 -2.213058
 126.980006 -1.957293 -1.165924
 127.180006 -1.989261 -2.078467
 127.380006 -2.220155 -1.646263
 127.580006 -1.857290 -1.700972
 127.780006 -2.229839 -1.929651
 127.980006 -1.962343 -1.529393
 128.180006 -1.838105 -1.966275
 128.380006 -2.360313 -1.582630
 128.580006 -1.639630 -1.882244
 128.780006 -2.240654 -1.548963
 128.980006 -2.017421 -1.965657
 129.180006 -1.859445 -1.585110
 129.380006 -2.097051 -1.867181
 129.580006 -1.838279 -1.743709
 129.780006 -2.199622 -1.534943
 129.980006 -1.922760 -2.088727
 130.180006 -2.080009 -1.430861
 130.380006 -2.094654 -1.962071
 130.580006 -2.050983 -1.742175
 130.780006 -1.944193 -1.678823
 130.980006 -2.194757 -2.007109
 131.180006 -2.058807 -1.556088
 131.380006 -1.916499 -1.911118
 131.580006 -2.277978 -1.853164
 131.780006 -1.913295 -1.669333
 131.980006 -2.147221 -1.884117
 132.180006 -2.031538 -1.943094
 132.380006 -2.094672 -1.589902
 132.580006 -2.234520 -2.108738
 132.780006 -2.163301 -1.524243
 132.980006 -2.136175 -1.897714
 133.180006 -2.253060 -2.021715
 133.380006 -1.853331 -1.763080
 133.580006 -2.245816 -1.835046
 133.780006 -2.208215 -1.886807
 133.980006 -1.802244 -1.714821
 134.180006 -2.383942 -2.029790
 134.380006 -1.980876 -1.787102
 134.580006 -2.029218 -1.740587
 134.780006 -2.324232 -2.156841
 134.980006 -1.908640 -1.584231
 135.180006 -2.132107 -1.884769
 135.380006 -2.212434 -2.102368
 135.580006 -1.757351 -1.442052
 135.780006 -2.199721 -1.986059
 135.980006 -2.065133 -1.915804
 136.180006 -1.850924 -1.529313
 136.380006 -2.483249 -2.177389
 136.580006 -1.951668 -1.619239
 136.780006 -2.055432 -1.801462
 136.980007 -2.203582 -2.016242
 137.180007 -1.946722 -1.610083
 137.380007 -1.920914 -1.911774
 137.580007 -2.260518 -1.956790
 137.780007 -1.769164 -1.585916
 137.980007 -2.211912 -2.012733
 138.180007 -2.161674 -1.797343
 138.380007 -1.868959 -1.713047
 138.580007 -2.527803 -2.034355
 138.780007 -1.853242 -1.707747
 138.980007 -2.270588 -1.876033
 139.180007 -2.157341 -1.890932
 139.380007 -1.788839 -1.665777
 139.580007 -2.295468 -1.776099
 139.780007 -1.968514 -1.752428
 139.980007 -2.138231 -1.661613
 140.180007 -2.121876 -1.923716
 140.380007 -1.999350 -1.637036
 140.580007 -2.020684 -1.713216
 140.780007 -2.064494 -2.076517
 140.980007 -2.099703 -1.478516
 141.180007 -1.975410 -2.012880
 141.380007 -2.361022 -1.578716
 141.580007 -1.695540 -1.909435
 141.780007 -2.240114 -1.824873
 141.980007 -1.872400 -1.621002
 142.180007 -1.904887 -1.888057
 142.380007 -2.357041 -1.739634
 142.580007 -1.813174 -1.744751
 142.780007 -2.203837 -1.656657
 142.980007 -1.824373 -1.980274
 143.180007 -2.037144 -1.502994
 143.380007 -2.003940 -2.015053
 143.580007 -1.954506 -1.607102
 143.780007 -1.944960 -1.699038
 143.980007 -2.100607 -1.925712
 144.180007 -1.993901 -1.549265
 144.380007 -1.984350 -1.986362
 144.580007 -2.089667 -1.514906
 144.780007 -1.807909 -1.904939
 144.980007 -2.185819 -1.584309
 145.180007 -1.949916 -1.843119
 145.380007 -2.125436 -1.666404
 145.580007 -1.867557 -1.764095
 145.780007 -1.918759 -1.694856
 145.980007 -2.232269 -1.675622
 146.180007 -1.903791 -1.782921
 146.380007 -2.118672 -1.622200
 146.580007 -2.006049 -1.815583
 146.780007 -2.111042 -1.515517
 146.980007 -1.952227 -1.870519
 147.180007 -1.921913 -1.599338
 147.380007 -2.108041 -1.772287
 147.580007 -2.115128 -1.758281
 147.780007 -2.050049 -1.690941
 147.980007 -2.030733 -1.871570
 148.180007 -2.063854 -1.623991
 148.380007 -2.105528 -1.915846
 148.580007 -2.127385 -1.679492
 148.780007 -1.959577 -2.038072
 148.980007 -2.260475 -1.796887
 149.180007 -1.957672 -1.714432
 149.380007 -2.081890 -2.009169
 149.580007 -2.269482 -1.657028
 149.780007 -1.929663 -1.960109
 149.980007 -2.250558 -1.648798
 150.180007 -1.932148 -1.960433
 150.380007 -2.160888 -1.555629
 150.580007 -2.168817 -1.900867
 150.780007 -1.960996 -1.806478
 150.980007 -2.066434 -1.585378
 151.180007 -2.112492 -1.859346
 151.380007 -2.169328 -1.691582
 151.580007 -2.008075 -1.835797
 151.780007 -2.193602 -1.694546
 151.980007 -1.908279 -1.783102
 152.180007 -2.263306 -1.810273
 152.380007 -2.094812 -1.880490
 152.580007 -1.808165 -1.527631
 152.780007 -2.153488 -1.840626
 152.980007 -2.022916 -1.710528
 153.180007 -2.163302 -1.486349
 153.380007 -1.976811 -1.919102
 153.580007 -2.015844 -1.485443
 153.780007 -2.081454 -1.834597
 153.980007 -2.080030 -1.778754
 154.180007 -1.921656 -1.510412
 154.380007 -2.209432 -2.015647
 154.580007 -2.061071 -1.580896
 154.780007 -1.923686 -1.968636
 154.980007 -2.269478 -1.682756
 155.180007 -1.755709 -1.798628
 155.380007 -2.216642 -1.737314
 155.580007 -1.984111 -1.924841
 155.780007 -1.926625 -1.495050
 155.980007 -2.329134 -1.951949
 156.180007 -1.888396 -1.677124
 156.380007 -1.985478 -1.632809
 156.580007 -2.212103 -1.934667
 156.780007 -1.958481 -1.673331
 156.980007 -2.190076 -1.880160
 157.180007 -2.158598 -1.770948
 157.380007 -1.897980 -1.748334
 157.580007 -2.156598 -1.812244
 157.780007 -2.048467 -1.801494
 157.980008 -2.126099 -1.629014
 158.180008 -2.171105 -1.934178
 158.380008 -2.064602 -1.628679
 158.580008 -2.042500 -1.682270
 158.780008 -2.177240 -2.057332
 158.980008 -2.200636 -1.598114
 159.180008 -2.167762 -1.926582
 159.380008 -2.237927 -1.922357
 159.580008 -2.111786 -1.731567
 159.780008 -2.238693 -1.885913
 159.980008 -2.117990 -1.685539
 160.180008 -1.994715 -1.839301
 160.380008 -2.409882 -1.826062
 160.580008 -1.947522 -1.681954
 160.780008 -2.301414 -1.843411
 160.980008 -2.104024 -1.758713
 161.180008 -1.987341 -1.670951
 161.380008 -2.074681 -1.887221
 161.580008 -2.043219 -1.654175
 161.780008 -1.912382 -1.767054
 161.980008 -2.260070 -1.825348
 162.180008 -1.832292 -1.722976
 162.380008 -2.210963 -1.787229
 162.580008 -2.156510 -1.785224
 162.780008 -1.950994 -1.753507
 162.980008 -2.198302 -1.709222
 163.180008 -1.904861 -1.782968
 163.380008 -2.028656 -1.662361
 163.580008 -2.232752 -1.896631
 163.780008 -1.900039 -1.678011
 163.980008 -2.136164 -1.581592
 164.180008 -2.023039 -2.096339
 164.380008 -2.005463 -1.436535
 164.580008 -2.079354 -1.850464
 164.780008 -1.872015 -1.792115
 164.980008 -2.168133 -1.651957
 165.180008 -1.950067 -1.938336
 165.380008 -1.933932 -1.465285
 165.580008 -2.069249 -1.790983
 165.780008 -2.057975 -1.795075
 165.980008 -1.968911 -1.550455
 166.180008 -1.928504 -1.758860
 166.380008 -2.059475 -1.835491
 166.580008 -2.014665 -1.621906
 166.780008 -1.852426 -1.900273
 166.980008 -2.220801 -1.619259
 167.180008 -2.063955 -1.815125
 167.380008 -2.217283 -1.869629
 167.580008 -1.997670 -1.771019
 167.780008 -2.092872 -1.794629
 167.980008 -2.297104 -1.749405
 168.180008 -1.789413 -1.918042
 168.380008 -2.179491 -1.664738
 168.580008 -2.136108 -1.979469
 168.780008 -2.094020 -1.689701
 168.980008 -2.274850 -1.840692
 169.180008 -1.960143 -1.920445
 169.380008 -2.208675 -1.677141
 169.580008 -2.023568 -2.078504
 169.780008 -2.159956 -1.579376
 169.980008 -2.055552 -1.987534
 170.180008 -2.040030 -1.777373
 170.380008 -2.084382 -1.948152
 170.580008 -2.164729 -1.834736
 170.780008 -2.191429 -1.843142
 170.980008 -1.845534 -1.797258
 171.180008 -2.443652 -1.952157
 171.380008 -1.903279 -1.782841
 171.580008 -2.214891 -1.833117
 171.780008 -2.195905 -1.985823
 171.980008 -1.958109 -1.754156
 172.180008 -2.151958 -1.782250
 172.380008 -2.068728 -1.818879
 172.580008 -2.238801 -1.662863
 172.780008 -2.048623 -2.049474
 172.980008 -2.162371 -1.657196
 173.180008 -2.003378 -1.868678
 173.380008 -2.210969 -2.017741
 173.580008 -2.065961 -1.675873
 173.780008 -2.106951 -1.965563
 173.980008 -2.154517 -1.701537
 174.180008 -1.938296 -1.938975
 174.380008 -2.433165 -1.777032
 174.580008 -2.040441 -1.839939
 174.780008 -2.324060 -1.747448
 174.980008 -2.052967 -1.972750
 175.180008 -2.022715 -1.766927
 175.380008 -2.043710 -1.866087
 175.580008 -2.055034 -1.865244
 175.780008 -2.205809 -1.610127
 175.980008 -1.997406 -2.120693
 176.180008 -2.205224 -1.581849
 176.380008 -1.785303 -1.906298
 176.580008 -2.447385 -1.905074
 176.780008 -1.969140 -1.726699
 176.980008 -2.129798 -1.814792
 177.180008 -2.067183 -1.846367
 177.380008 -1.758223 -1.826217
 177.580008 -2.195201 -1.705413
 177.780008 -2.155632 -1.824187
 177.980008 -1.801194 -1.601379
 178.180008 -2.123844 -1.911400
 178.380008 -2.001892 -1.624749
 178.580008 -2.071681 -1.783960
 178.780008 -2.157852 -1.918666
 178.980009 -1.990020 -1.724296
 179.180009 -2.027132 -1.818430
 179.380009 -2.051257 -1.813569
 179.580009 -2.056829 -1.890620
 179.780009 -2.208558 -1.755195
 179.980009 -2.094277 -1.901478
 180.180009 -1.943143 -1.646878
 180.380009 -2.374134 -1.992442
 180.580009 -1.993035 -1.846580
 180.780009 -2.188618 -1.752019
 180.980009 -2.069137 -1.922475
 181.180009 -2.173372 -1.733544
 181.380009 -2.060059 -1.966361
 181.580009 -2.232327 -1.683878
 181.780009 -1.929210 -1.886845
 181.980009 -2.072758 -1.813721
 182.180009 -2.002657 -1.618437
 182.380009 -2.016038 -1.958729
 182.580009 -2.260811 -1.722768
 182.780009 -1.880375 -1.853844
 182.980009 -2.272417 -1.618327
 183.180009 -2.073811 -2.031649
 183.380009 -1.989255 -1.571808
 183.580009 -2.076438 -1.873220
 183.780009 -2.000209 -1.797348
 183.980009 -2.308482 -1.788980
 184.180009 -2.034181 -2.024712
 184.380009 -2.178007 -1.633849
 184.580009 -1.977572 -2.048371
 184.780009 -2.183745 -1.735025
 184.980009 -2.026816 -1.897168
 185.180009 -2.050129 -1.938047
 185.380009 -2.056557 -1.714918
 185.580009 -2.059067 -2.058225
 185.780009 -2.031647 -1.628702
 185.980009 -2.043394 -1.972765
 186.180009 -2.175039 -1.695512
 186.380009 -1.959709 -1.952767
 186.580009 -2.124504 -1.592498
 186.780009 -2.230854 -2.057587
 186.980009 -2.037941 -1.658561
 187.180009 -2.222065 -1.951575
 187.380009 -2.037059 -1.974891
 187.580009 -1.986686 -1.575177
 187.780009 -2.189528 -2.177318
 187.980009 -2.225858 -1.664934
 188.180009 -1.842050 -1.927683
 188.380009 -2.327686 -1.873729
 188.580009 -1.859213 -1.830994
 188.780009 -2.333287 -1.819828
 188.980009 -2.230319 -1.875100
 189.180009 -1.798335 -1.848041
 189.380009 -2.355945 -1.618460
 189.580009 -1.722346 -2.065988
 189.780009 -2.297749 -1.497123
 189.980009 -1.972160 -2.095100
 190.180009 -2.100431 -1.546502
 190.380009 -1.968859 -1.637992
 190.580009 -1.844203 -2.079451
 190.780009 -2.403407 -1.456462
 190.980009 -1.885741 -1.907232
 191.180009 -2.346539 -1.674388
 191.380009 -1.692299 -1.712964
 191.580009 -2.097568 -1.814492
 191.780009 -2.039260 -1.767265
 191.980009 -1.684531 -1.664630
 192.180009 -2.300945 -1.693746
 192.380009 -1.844521 -1.880509
 192.580009 -2.054806 -1.558948
 192.780009 -2.010318 -1.953934
 192.980009 -2.077424 -1.578381
 193.180009 -2.054175 -1.760728
 193.380009 -2.007276 -1.849150
 193.580009 -2.185007 -1.590094
 193.780009 -2.066375 -1.896201
 193.980009 -2.044898 -1.641667
 194.180009 -1.971079 -1.834714
 194.380009 -2.132241 -1.732426
 194.580009 -2.120567 -1.798886
 194.780009 -1.937700 -1.915509
 194.980009 -2.170136 -1.777329
 195.180009 -1.777153 -1.727009
 195.380009 -2.342065 -1.961667
 195.580009 -1.965576 -1.849325
 195.780009 -2.017472 -1.672333
 195.980009 -2.358037 -2.006671
 196.180009 -1.892742 -1.644144
 196.380009 -2.228659 -1.901502
 196.580009 -2.027033 -1.875510
 196.780009 -1.807046 -1.697045
 196.980009 -2.209387 -1.823762
 197.180009 -1.909915 -1.849809
 197.380009 -2.251440 -1.774064
 197.580009 -2.143981 -1.802868
 197.780009 -2.050071 -1.693042
 197.980009 -1.944393 -1.902393
 198.180009 -2.214665 -1.803709
 198.380009 -1.986296 -1.585126
 198.580009 -1.931335 -1.953893
 198.780009 -2.240670 -1.754543
 198.980009 -1.951398 -1.766218
 199.180009 -2.365104 -1.802584
 199.380009 -1.869770 -1.840076
 199.580009 -2.075636 -1.779355
 199.780009 -2.307446 -1.832618
 199.980009 -1.985297 -1.798343
