#! FIELDS time phi psi
#! SET max_psi pi
 0.180000 1.023442 2.381109
 0.380000 1.158593 2.864497
 0.580000 1.053152 -2.972324
 0.780000 1.018994 2.559327
 0.980000 1.254490 3.021531
 1.180000 1.024659 3.128466
 1.380000 0.816610 2.723946
 1.580000 0.905278 3.086267
 1.780000 1.256862 2.840061
 1.980000 1.254174 2.874101
 2.180000 1.102725 -3.010571
 2.380000 0.975986 2.692286
 2.580000 0.995060 -3.097936
 2.780000 1.252020 2.845788
 2.980000 1.016319 2.855876
 3.180000 0.668082 -2.865531
 3.380000 1.157125 2.750377
 3.580000 1.226936 2.980916
 3.780000 1.126153 -3.089726
 3.980000 0.955511 2.633748
 4.180000 0.909610 -2.953111
 4.380000 1.119033 2.904025
 4.580000 1.171652 2.971006
 4.780000 1.043075 2.945765
 4.980000 0.971149 3.086650
 5.180000 0.884425 3.010470
 5.380000 0.965327 2.972654
 5.580000 1.205259 -3.092469
 5.780000 1.239461 2.744365
 5.980000 1.063297 -2.982727
 6.180000 0.903927 2.851083
 6.380000 0.993205 2.931533
 6.580000 1.122669 -3.112465
 6.780000 1.282692 2.758074
 6.980000 1.130198 -2.938457
 7.180000 1.081963 2.817966
 7.380000 1.125231 3.092892
 7.580000 1.045815 2.951291
 7.780000 1.085945 2.777883
 7.980000 1.050093 -3.086971
 8.180000 1.066650 2.840355
 8.380000 1.088548 2.984055
 8.580000 1.189098 3.027065
 8.780000 0.734753 2.840566
 8.980000 1.143179 -3.094368
 9.180000 1.117275 2.899032
 9.380000 1.225117 3.002739
 9.580000 1.055336 3.048159
 9.780000 0.868144 2.948425
 9.980000 0.961764 3.070583
 10.180000 1.335677 2.941315
 10.380000 1.218872 2.895828
 10.580001 0.921091 -3.035053
 10.780001 0.914801 2.708280
 10.980001 0.916451 -3.086580
 11.180001 1.021872 3.139446
 11.380001 1.180311 2.915119
 11.580001 0.964821 -2.920899
 11.780001 1.096038 2.668112
 11.980001 1.199529 3.047800
 12.180001 1.083020 -3.117169
 12.380001 0.779513 2.921635
 12.580001 1.044359 -3.121272
 12.780001 0.994289 2.863399
 12.980001 1.123195 3.080127
 13.180001 1.109730 -3.113787
 13.380001 1.119764 2.892460
 13.580001 0.943723 3.067523
 13.780001 1.072257 -3.119682
 13.980001 1.193062 2.897553
 14.180001 1.137324 -2.951969
 14.380001 1.065412 2.789020
 14.580001 0.942060 3.140587
 14.780001 0.949336 3.088669
 14.980001 1.222399 2.908558
 15.180001 1.237415 3.118423
 15.380001 1.009408 2.790492
 15.580001 1.222140 3.126171
 15.780001 1.183926 2.859368
 15.980001 1.053502 3.128474
 16.180001 0.837184 3.013857
 16.380001 1.019848 2.973260
 16.580001 1.056731 -3.120991
 16.780001 0.998966 2.949023
 16.980001 1.194929 2.985146
 17.180001 1.137410 2.883386
 17.380001 1.058352 3.086949
 17.580001 1.030732 3.104836
 17.780001 1.187997 2.938735
 17.980001 1.044642 2.971557
 18.180001 1.124834 2.986587
 18.380001 0.947136 2.994891
 18.580001 1.048778 -3.104218
 18.780001 0.996005 3.018304
 18.980001 1.168390 2.912467
 19.180001 1.126269 3.028390
 19.380001 0.914898 -3.125913
 19.580001 0.852562 3.072002
 19.780001 1.159853 3.012894
 19.980001 1.078562 3.069658
 20.180001 1.121656 3.099267
 20.380001 0.717927 3.080401
 20.580001 1.038762 3.101349
 20.780001 0.956245 2.969050
 20.980001 1.251800 3.042812
 21.180001 0.940649 3.052521
 21.380001 0.935774 2.988885
 21.580001 0.923168 3.086807
 21.780001 1.328455 2.945672
 21.980001 1.081916 3.034137
 22.180001 1.235698 3.094375
 22.380001 0.990173 2.907594
 22.580001 1.048410 3.012968
 22.780001 0.946629 3.050457
 22.980001 1.196295 -3.130672
 23.180001 1.058121 2.929733
 23.380001 1.133794 3.035967
 23.580001 0.849269 2.973231
 23.780001 1.120875 2.908777
 23.980001 1.002995 -2.998551
 24.180001 1.288015 3.004445
 24.380001 1.055027 2.847443
 24.580001 0.974845 -3.109130
 24.780001 0.974354 2.944316
 24.980001 1.285635 3.007642
 25.180001 1.015675 3.106420
 25.380001 1.203375 3.111314
 25.580001 0.906793 2.927334
 25.780001 0.950916 3.140116
 25.980001 0.974451 3.026405
 26.180001 1.215049 2.907393
 26.380001 0.933473 -3.053800
 26.580001 1.028887 2.677587
 26.780001 0.755073 -3.006538
 26.980001 1.190052 2.897985
 27.180001 1.103068 2.801996
 27.380001 0.963476 -3.004088
 27.580001 0.783697 2.895329
 27.780001 1.140681 2.927098
 27.980001 1.234256 -3.099935
 28.180001 1.046303 2.653468
 28.380001 0.903185 -2.990060
 28.580001 0.949518 2.980866
 28.780001 0.902215 3.076335
 28.980001 1.076495 -3.113600
 29.180001 1.091072 2.710080
 29.380001 0.844819 -3.102920
 29.580001 0.999582 -3.085698
 29.780001 0.979873 2.787592
 29.980001 1.037086 -3.031689
 30.180001 0.836075 2.972411
 30.380001 1.131130 2.999551
 30.580001 1.005836 -3.061621
 30.780001 1.180314 2.701343
 30.980001 1.113646 -3.080592
 31.180001 1.144511 2.904374
 31.380001 1.159311 3.026225
 31.580001 1.126469 3.069886
 31.780002 0.860577 2.847102
 31.980002 1.027756 -3.075976
 32.180002 1.133271 2.942005
 32.380002 1.149167 3.108698
 32.580002 1.075718 3.112819
 32.780002 0.958884 2.794271
 32.980002 0.956196 -3.115782
 33.180002 1.032995 3.085055
 33.380002 1.360761 2.946504
 33.580002 0.984302 -3.120774
 33.780002 0.876936 2.878500
 33.980002 0.924422 3.112290
 34.180002 1.263093 3.122088
 34.380002 1.066691 2.769152
 34.580002 1.093511 -2.874702
 34.780002 0.874869 2.683632
 34.980002 1.270481 -3.050603
 35.180002 1.129279 3.099620
 35.380002 1.149702 2.933104
 35.580002 0.854246 -3.110600
 35.780002 1.017256 2.983593
 35.980002 0.884735 3.052559
 36.180002 1.181067 -3.135879
 36.380002 0.948275 2.931026
 36.580002 0.862168 -3.137318
 36.780002 1.036651 3.026266
 36.980002 1.183107 3.114645
 37.180002 1.129709 2.961865
 37.380002 1.184494 3.054343
 37.580002 0.955941 2.980475
 37.780002 1.030456 3.022976
 37.980002 1.100098 2.997307
 38.180002 1.127733 3.074933
 38.380002 1.033769 3.106344
 38.580002 1.017768 3.055800
 38.780002 1.063476 2.940454
 38.980002 1.023422 3.091800
 39.180002 1.149369 3.084571
 39.380002 1.129229 2.978756
 39.580002 1.215578 2.984087
 39.780002 1.070202 3.031059
 39.980002 0.904269 2.984764
 40.180002 1.093004 3.040960
 40.380002 0.946480 2.845012
 40.580002 1.095105 -3.055152
 40.780002 1.210526 2.783739
 40.980002 1.063108 3.027513
 41.180002 1.042944 2.995273
 41.380002 1.062865 2.907714
 41.580002 1.103548 3.133677
 41.780002 1.101210 2.884307
 41.980002 0.920804 3.082970
 42.180002 1.057730 2.949997
 42.380002 1.146733 2.802224
 42.580002 0.873316 -2.894043
 42.780002 1.108725 2.880047
 42.980002 1.029782 3.011593
 43.180002 0.986988 3.001375
 43.380002 1.262723 2.878536
 43.580002 1.013066 2.916926
 43.780002 1.063107 3.065695
 43.980002 1.033767 3.063766
 44.180002 1.129826 2.901109
 44.380002 1.153091 2.950536
 44.580002 0.958337 3.104666
 44.780002 0.969055 2.938573
 44.980002 0.964408 3.091731
 45.180002 1.138169 2.861392
 45.380002 0.949006 -3.086062
 45.580002 1.154436 3.073756
 45.780002 1.060777 2.977350
 45.980002 0.898822 3.060817
 46.180002 1.024368 2.977432
 46.380002 1.143231 3.111982
 46.580002 0.971294 3.109695
 46.780002 1.190031 2.929996
 46.980002 0.904335 3.120429
 47.180002 0.953245 2.986764
 47.380002 1.116787 3.056573
 47.580002 1.191562 3.116647
 47.780002 0.941876 2.976287
 47.980002 1.119448 -3.124936
 48.180002 0.948767 2.948845
 48.380002 1.066626 3.105901
 48.580002 1.111936 3.015219
 48.780002 0.979681 2.927148
 48.980002 0.993920 -3.105350
 49.180002 1.140280 2.913794
 49.380002 1.044846 3.099183
 49.580002 0.997766 3.013601
 49.780002 1.003885 2.939185
 49.980002 1.093610 -3.123660
 50.180002 1.136350 2.894653
 50.380002 1.117475 3.139309
 50.580002 0.981456 3.025038
 50.780002 0.794124 2.916829
 50.980002 0.924094 3.135821
 51.180002 1.079392 3.006973
 51.380002 1.330143 3.092584
 51.580002 1.129887 2.968021
 51.780002 1.019699 2.952193
 51.980002 0.863055 3.062721
 52.180002 1.065374 3.039771
 52.380002 1.138584 3.029301
 52.580002 1.236265 2.990784
 52.780003 0.971831 2.868123
 52.980003 1.071826 3.083037
 53.180003 1.003496 2.922766
 53.380003 1.219207 -3.112501
 53.580003 1.078042 3.089085
 53.780003 1.214220 3.037357
 53.980003 1.015576 3.057180
 54.180003 1.050635 3.057059
 54.380003 1.100987 3.035808
 54.580003 1.252720 -3.135587
 54.780003 1.027943 2.944444
 54.980003 0.962486 -2.988028
 55.180003 0.957887 2.743754
 55.380003 0.984164 3.071127
 55.580003 1.047878 -2.968476
 55.780003 1.281260 2.530211
 55.980003 1.113802 -2.858322
 56.180003 1.071503 2.864485
 56.380003 1.042356 3.020286
 56.580003 0.939016 -3.068526
 56.780003 1.165727 2.744846
 56.980003 1.135753 -2.900558
 57.180003 1.078445 2.843442
 57.380003 1.110259 -3.039963
 57.580003 1.034158 2.957081
 57.780003 1.053452 2.949259
 57.980003 1.067892 -3.080880
 58.180003 1.169205 2.881107
 58.380003 0.998348 -3.064575
 58.580003 1.189477 2.907742
 58.780003 0.871778 3.078047
 58.980003 0.899866 3.093475
 59.180003 1.045590 2.908359
 59.380003 1.055711 -3.011606
 59.580003 1.128565 2.784814
 59.780003 1.011439 -2.921178
 59.980003 1.016238 2.977880
 60.180003 1.135297 2.952559
 60.380003 1.010283 -3.036730
 60.580003 0.998792 2.763360
 60.780003 1.068572 -3.012191
 60.980003 1.215835 2.942583
 61.180003 1.134261 2.984679
 61.380003 0.990201 3.137351
 61.580003 0.935866 2.757318
 61.780003 1.097173 3.125645
 61.980003 1.136835 -3.135949
 62.180003 1.120163 2.948950
 62.380003 0.799050 3.099888
 62.580003 0.961085 2.917112
 62.780003 1.343115 2.959446
 62.980003 1.302643 3.092280
 63.180003 1.228953 2.803379
 63.380003 0.999686 -3.079740
 63.580003 0.924882 2.845084
 63.780003 1.059658 2.946127
 63.980003 0.806171 -3.125326
 64.180003 1.033979 2.618430
 64.380003 1.101193 -2.946640
 64.580003 1.273213 2.860225
 64.780003 1.151295 2.931362
 64.980003 0.848586 -2.985028
 65.180003 1.020068 2.810074
 65.380003 1.078670 -2.909085
 65.580003 1.266768 2.686829
 65.780003 1.099705 -2.994219
 65.980003 1.063774 3.007926
 66.180003 0.969273 2.924977
 66.380003 1.115746 -3.042184
 66.580003 1.173742 2.904669
 66.780003 1.150843 3.107982
 66.980003 0.934051 -3.082134
 67.180003 0.887346 2.839483
 67.380003 1.189414 -3.081521
 67.580003 1.087438 3.071233
 67.780003 1.125571 3.018279
 67.980003 0.971526 -3.095332
 68.180003 0.973332 3.063332
 68.380003 1.041703 2.937222
 68.580003 1.096907 3.092245
 68.780003 1.046210 3.021517
 68.980003 1.001963 3.141131
 69.180003 1.093661 2.914367
 69.380003 1.004299 3.047106
 69.580003 0.762151 3.067678
 69.780003 1.042578 3.030496
 69.980003 1.055026 3.068147
 70.180003 1.263657 2.939998
 70.380003 1.106654 3.080518
 70.580003 0.868758 3.089221
 70.780003 1.021089 2.993437
 70.980003 1.150621 3.014202
 71.180003 1.128098 2.928441
 71.380003 1.176104 -3.112409
 71.580003 0.846161 2.962448
 71.780003 1.048368 3.003948
 71.980003 1.213144 2.976820
 72.180003 0.931345 3.106941
 72.380003 1.076584 3.044430
 72.580003 1.081866 2.995181
 72.780003 1.028055 3.046936
 72.980003 1.075951 2.972984
 73.180003 1.095841 -3.134050
 73.380003 0.952597 2.936111
 73.580003 1.095315 2.983083
 73.780004 1.029164 3.040840
 73.980004 1.075210 2.944644
 74.180004 1.124386 3.026557
 74.380004 1.108745 3.025650
 74.580004 1.031633 2.949601
 74.780004 1.138627 3.009686
 74.980004 0.856598 2.949053
 75.180004 1.108431 3.091233
 75.380004 1.199269 2.926276
 75.580004 1.106018 3.034697
 75.780004 1.026616 3.031426
 75.980004 1.138803 2.941286
 76.180004 0.840006 -3.108895
 76.380004 1.186910 2.974250
 76.580004 1.081404 2.971669
 76.780004 1.068600 3.075614
 76.980004 0.946060 3.053002
 77.180004 1.026202 3.129930
 77.380004 1.005489 2.902586
 77.580004 1.074806 3.049320
 77.780004 1.062755 3.060250
 77.980004 1.002115 2.970943
 78.180004 1.061236 -3.039101
 78.380004 1.108658 2.954057
 78.580004 1.087736 3.014484
 78.780004 1.069827 -2.992759
 78.980004 1.091808 2.856120
 79.180004 1.042282 -3.100758
 79.380004 0.979086 2.976127
 79.580004 0.926068 3.002239
 79.780004 1.029618 3.136862
 79.980004 1.103884 2.906767
 80.180004 1.232096 -3.135039
 80.380004 1.082874 2.896168
 80.580004 1.080390 3.110243
 80.780004 0.933671 -3.140562
 80.980004 1.140417 2.852278
 81.180004 0.925556 -3.106775
 81.380004 1.118430 2.975331
 81.580004 1.035426 2.936979
 81.780004 1.147021 -3.096504
 81.980004 0.999600 2.887995
 82.180004 1.082861 2.962926
 82.380004 1.063542 3.086754
 82.580004 1.280902 2.793480
 82.780004 1.157941 -3.049181
 82.980004 1.121811 2.892323
 83.180004 0.936248 2.975938
 83.380004 1.006227 3.011557
 83.580004 1.037755 2.858837
 83.780004 1.154637 3.003302
 83.980004 1.177297 2.937948
 84.180004 1.158086 2.827752
 84.380004 1.024960 3.047902
 84.580004 0.919878 3.032430
 84.780004 1.020790 3.081144
 84.980004 1.195919 3.076443
 85.180004 1.121543 2.911352
 85.380004 1.048881 -3.133038
 85.580004 1.115517 2.941557
 85.780004 0.890236 3.122961
 85.980004 0.989769 3.127094
 86.180004 1.010935 2.956830
 86.380004 1.060804 -3.078016
 86.580004 1.117767 2.894383
 86.780004 1.070415 -3.108862
 86.980004 1.073047 2.939889
 87.180004 1.235148 2.884172
 87.380004 1.175801 -3.126938
 87.580004 1.024557 2.839934
 87.780004 1.043918 3.094765
 87.980004 1.106649 2.955291
 88.180004 0.930415 2.946533
 88.380004 0.979942 -3.129938
 88.580004 1.128794 2.797046
 88.780004 1.072140 3.135232
 88.980004 1.261156 2.942265
 89.180004 1.100355 3.037682
 89.380004 0.979514 3.132569
 89.580004 1.126831 2.865730
 89.780004 1.227143 3.048558
 89.980004 1.025287 3.079380
 90.180004 0.986481 2.971796
 90.380004 1.060528 3.009409
 90.580004 1.080005 3.000315
 90.780004 1.206399 2.965768
 90.980004 0.892000 3.040087
 91.180004 0.957678 3.086235
 91.380004 1.165738 2.907225
 91.580004 1.129251 3.064844
 91.780004 0.961400 3.104064
 91.980004 1.037125 3.025660
 92.180004 1.129373 2.869777
 92.380004 1.099272 2.979125
 92.580004 0.852292 3.017118
 92.780004 0.874940 3.060512
 92.980004 0.981261 -3.066986
 93.180004 1.173072 2.744284
 93.380004 1.120675 -3.129275
 93.580004 0.962565 3.092181
 93.780004 1.036206 2.939506
 93.980004 1.055110 -3.140769
 94.180004 1.199059 2.817359
 94.380004 1.113238 3.078210
 94.580004 1.126853 -3.091990
 94.780005 1.023593 2.947138
 94.980005 0.940327 3.058349
 95.180005 0.990508 2.947434
 95.380005 1.128889 3.108338
 95.580005 1.119713 3.084799
 95.780005 1.302171 2.985311
 95.980005 0.950066 3.101648
 96.180005 0.852482 2.964710
 96.380005 1.062052 -3.133697
 96.580005 1.221972 3.111241
 96.780005 1.188929 2.923984
 96.980005 1.126055 -3.097462
 97.180005 0.865695 2.989759
 97.380005 0.975741 3.126608
 97.580005 1.126925 2.919950
 97.780005 1.086622 3.111602
 97.980005 0.991919 -3.119880
 98.180005 0.995308 2.823785
 98.380005 1.042094 -3.095759
 98.580005 1.162138 2.889718
 98.780005 1.063867 3.132778
 98.980005 1.000519 -3.036969
 99.180005 1.086084 2.762391
 99.380005 1.081989 -3.088608
 99.580005 0.972512 3.012948
 99.780005 1.170351 2.821058
 99.980005 1.036275 -2.982312
 100.180005 1.002584 2.720314
 100.380005 1.160152 3.045554
 100.580005 1.071105 3.119017
 100.780005 0.881888 2.819770
 100.980005 1.079588 -3.010923
 101.180005 1.183509 2.860060
 101.380005 1.078662 3.050482
 101.580005 0.912701 -3.138004
 101.780005 0.918536 2.713129
 101.980005 0.970056 -3.075144
 102.180005 1.125222 2.979094
 102.380005 1.130397 3.027416
 102.580005 1.051568 3.016856
 102.780005 1.060197 2.843006
 102.980005 1.056649 3.047713
 103.180005 1.112940 3.136077
 103.380005 1.135955 2.860132
 103.580005 0.927408 -3.060630
 103.780005 0.969426 2.911390
 103.980005 1.093886 2.977063
 104.180005 1.125462 -3.113559
 104.380005 1.045119 2.745740
 104.580005 1.021051 -3.096507
 104.780005 1.000230 2.945296
 104.980005 1.052522 2.855867
 105.180005 1.061124 -3.005478
 105.380005 1.161187 2.824845
 105.580005 1.232386 -3.023258
 105.780005 1.083339 2.813666
 105.980005 1.114153 -3.120346
 106.180005 0.913507 2.994823
 106.380005 1.068417 2.951082
 106.580005 1.122052 -3.130732
 106.780005 1.129591 2.682811
 106.980005 0.871031 -3.033513
 107.180005 0.909915 2.977999
 107.380005 1.084056 2.895367
 107.580005 1.067763 3.077480
 107.780005 1.009320 2.795059
 107.980005 1.119744 3.135006
 108.180005 1.063994 3.061341
 108.380005 1.267225 3.012030
 108.580005 1.075114 3.013236
 108.780005 0.958505 2.990158
 108.980005 0.976403 3.103038
 109.180005 1.198227 3.023390
 109.380005 1.099149 2.972700
 109.580005 1.078796 -3.012044
 109.780005 1.011400 2.760888
 109.980005 1.034399 -2.959542
 110.180005 1.092315 2.962446
 110.380005 1.116655 2.731409
 110.580005 0.954313 -3.010761
 110.780005 1.177148 2.883329
 110.980005 1.205350 3.070292
 111.180005 1.141326 3.086798
 111.380005 0.970964 2.881824
 111.580005 0.769154 -3.122963
 111.780005 1.020869 3.087755
 111.980005 1.200228 3.049309
 112.180005 1.371149 -3.109146
 112.380005 1.078734 2.889696
 112.580005 0.914050 3.111772
 112.780005 0.954074 2.975041
 112.980005 1.131034 3.031505
 113.180005 1.181627 -3.113062
 113.380005 1.107391 2.859948
 113.580005 0.933086 -3.108245
 113.780005 0.954425 2.872827
 113.980005 1.106194 2.950050
 114.180005 1.202223 -2.937257
 114.380005 1.159678 2.586127
 114.580005 1.131916 -2.826225
 114.780005 1.004079 2.783867
 114.980005 1.119393 3.096760
 115.180005 0.969263 3.025085
 115.380005 1.035849 2.831471
 115.580005 1.174909 3.139309
 115.780005 1.182777 2.890946
 115.980006 1.082302 -3.106811
 116.180006 1.030615 2.879785
 116.380006 1.007982 2.993076
 116.580006 1.007911 2.950075
 116.780006 1.080864 2.994180
 116.980006 1.290961 -3.133927
 117.180006 1.101972 2.829859
 117.380006 1.058276 -3.112304
 117.580006 0.943371 2.842386
 117.780006 1.048693 3.116724
 117.980006 0.990025 3.134611
 118.180006 1.193513 2.916588
 118.380006 1.083722 -3.140535
 118.580006 0.902768 2.962617
 118.780006 1.142338 -3.120555
 118.980006 1.035843 2.964282
 119.180006 1.119869 3.040032
 119.380006 0.910438 -3.127850
 119.580006 1.019840 2.931943
 119.780006 1.036420 -3.064034
 119.980006 1.205226 2.936216
 120.180006 1.071918 2.876634
 120.380006 1.137407 -3.052793
 120.580006 0.993765 2.786985
 120.780006 1.076704 -3.045423
 120.980006 1.093206 2.885155
 121.180006 1.207986 2.901190
 121.380006 0.963112 -2.915123
 121.580006 1.213983 2.761542
 121.780006 0.990732 3.133820
 121.980006 0.983677 3.087493
 122.180006 1.031902 2.792353
 122.380006 1.086448 -3.047905
 122.580006 1.132670 2.823362
 122.780006 1.145069 3.106627
 122.980006 1.011342 3.100398
 123.180006 0.987779 2.872870
 123.380006 1.128869 -3.134998
 123.580006 1.075247 2.958971
 123.780006 1.258729 -3.135623
 123.980006 0.980433 3.063141
 124.180006 0.794059 2.995857
 124.380006 1.017594 3.080259
 124.580006 1.139000 3.108181
 124.780006 1.104332 2.870239
 124.980006 1.056879 -3.007174
 125.180006 1.058236 2.797535
 125.380006 1.002418 3.136220
 125.580006 0.946603 3.018679
 125.780006 1.053906 2.893891
 125.980006 0.884034 -2.968495
 126.180006 1.172473 2.814669
 126.380006 0.941451 -3.074044
 126.580006 1.145647 3.018693
 126.780006 1.060219 2.876132
 126.980006 1.201239 -3.138107
 127.180006 0.807268 2.935929
 127.380006 1.137287 3.072359
 127.580006 0.858203 -3.068551
 127.780006 1.139195 2.799549
 127.980006 0.970234 -3.025328
 128.180006 1.069279 2.909732
 128.380006 1.037354 3.006948
 128.580006 0.960911 3.120142
 128.780006 0.945864 2.848422
 128.980006 1.061840 3.044279
 129.180006 1.106871 3.028854
 129.380006 1.235613 2.938735
 129.580006 1.082729 -3.085444
 129.780006 1.046596 2.796844
 129.980006 1.022808 -3.126459
 130.180006 1.104687 3.041067
 130.380006 1.021667 2.985495
 130.580006 1.138252 3.133342
 130.780006 1.246523 2.762017
 130.980006 1.017003 3.099844
 131.180006 1.067869 3.074930
 131.380006 1.087613 2.943467
 131.580006 1.071061 -3.084956
 131.780006 1.042634 2.803351
 131.980006 1.118305 -3.093021
 132.180006 1.041714 2.976261
 132.380006 1.134288 2.992321
 132.580006 0.992068 -3.096450
 132.780006 0.986656 2.711977
 132.980006 1.060231 -3.129707
 133.180006 1.114458 3.005242
 133.380006 1.103918 2.937090
 133.580006 1.009005 -3.117736
 133.780006 0.896376 2.926176
 133.980006 1.086388 2.967386
 134.180006 1.176365 3.135603
 134.380006 1.051371 2.759973
 134.580006 0.997100 -3.028407
 134.780006 1.069677 2.819501
 134.980006 1.101823 3.133849
 135.180006 1.068999 2.918370
 135.380006 1.065662 2.867223
 135.580006 1.085571 -3.025757
 135.780006 1.186961 2.799259
 135.980006 1.012773 -3.065003
 136.180006 1.235419 3.013449
 136.380006 0.900176 2.947202
 136.580006 0.935973 3.113720
 136.780006 1.205292 2.861910
 136.980007 1.138651 -3.027583
 137.180007 1.104426 2.944350
 137.380007 1.196617 2.966433
 137.580007 0.808235 3.036663
 137.780007 0.904632 2.962769
 137.980007 1.294949 3.057261
 138.180007 1.262259 2.971809
 138.380007 1.144122 3.070313
 138.580007 1.015777 3.115818
 138.780007 0.936793 2.831688
 138.980007 1.111178 -3.121712
 139.180007 1.068473 3.100094
 139.380007 1.262443 2.928410
 139.580007 0.859280 -2.989379
 139.780007 0.988197 2.873663
 139.980007 0.879531 3.107546
 140.180007 1.110544 -3.100100
 140.380007 1.105793 2.827482
 140.580007 1.115058 -3.131925
 140.780007 1.022705 2.893674
 140.980007 1.041724 -3.088512
 141.180007 1.167414 3.012180
 141.380007 0.961738 2.919694
 141.580007 0.992239 3.117161
 141.780007 1.171085 2.776899
 141.980007 1.190993 3.026280
 142.180007 1.047745 3.089925
 142.380007 1.016663 2.682688
 142.580007 1.063517 -3.046928
 142.780007 1.187619 2.829691
 142.980007 1.083724 2.912688
 143.180007 0.933573 -3.027515
 143.380007 1.049917 2.676236
 143.580007 1.081816 -3.074345
 143.780007 1.028851 3.068341
 143.980007 1.174007 2.945616
 144.180007 0.971089 -3.128474
 144.380007 1.071922 2.874149
 144.580007 1.035922 3.100686
 144.780007 1.052500 3.096065
 144.980007 1.079845 2.933235
 145.180007 1.028295 -3.141270
 145.380007 1.051828 2.838871
 145.580007 1.096476 3.133723
 145.780007 1.097373 2.964030
 145.980007 1.139975 3.037777
 146.180007 1.106652 3.124659
 146.380007 0.805604 2.833862
 146.580007 0.986158 -3.071323
 146.780007 1.071348 3.062779
 146.980007 1.062763 2.799953
 147.180007 1.068648 -3.041387
 147.380007 0.967367 2.791294
 147.580007 1.063079 3.096113
 147.780007 1.163077 3.054285
 147.980007 1.094359 2.810766
 148.180007 1.101259 -3.108322
 148.380007 1.014923 2.994087
 148.580007 0.845571 2.923097
 148.780007 1.274583 3.059951
 148.980007 1.020238 3.003802
 149.180007 1.071994 3.053400
 149.380007 1.004327 3.018440
 149.580007 1.149363 2.984176
 149.780007 1.134651 2.998470
 149.980007 1.049102 3.033857
 150.180007 1.115338 3.008422
 150.380007 1.012302 3.076260
 150.580007 1.227374 3.058017
 150.780007 0.954280 2.997811
 150.980007 0.954734 3.096512
 151.180007 1.047356 2.967959
 151.380007 1.188103 2.903221
 151.580007 1.116212 3.079982
 151.780007 1.192447 2.979547
 151.980007 0.908926 3.026574
 152.180007 1.131330 2.999845
 152.380007 1.042582 2.953777
 152.580007 1.076753 3.065009
 152.780007 1.029900 2.814985
 152.980007 0.920901 -2.997405
 153.180007 0.982305 2.778006
 153.380007 1.285274 3.036233
 153.580007 1.090484 -3.059795
 153.780007 0.924730 2.813167
 153.980007 0.921834 -3.073302
 154.180007 1.134696 2.867584
 154.380007 1.017404 2.838318
 154.580007 0.965196 -2.918464
 154.780007 0.913623 2.728580
 154.980007 1.164790 -3.091253
 155.180007 1.198987 -3.108628
 155.380007 0.936240 2.694446
 155.580007 1.026544 -3.025633
 155.780007 1.233853 3.034358
 155.980007 1.113810 2.819066
 156.180007 0.999152 -3.012532
 156.380007 0.842581 2.799086
 156.580007 1.254796 -2.964189
 156.780007 1.127149 3.056394
 156.980007 1.136584 2.813813
 157.180007 0.881802 -3.096667
 157.380007 0.980281 2.893091
 157.580007 1.236987 3.045084
 157.780007 1.219923 -3.006739
 157.980008 0.927686 2.537820
 158.180008 1.145463 -2.946431
 158.380008 1.126853 2.962100
 158.580008 0.988525 2.757651
 158.780008 1.029540 -2.972316
 158.980008 1.182930 2.663458
 159.180008 1.043537 2.817211
 159.380008 0.891635 -2.904305
 159.580008 0.904598 2.709036
 159.780008 1.263060 -3.090148
 159.980008 1.197521 3.005811
 160.180008 1.065483 2.896439
 160.380008 0.934048 -3.039084
 160.580008 1.079790 2.735003
 160.780008 1.086465 3.111899
 160.980008 1.206029 -3.085693
 161.180008 0.842945 2.655312
 161.380008 1.077339 -2.797286
 161.580008 1.034635 2.950798
 161.780008 1.190777 2.959111
 161.980008 0.998369 -3.055609
 162.180008 1.120860 2.585226
 162.380008 1.095421 -2.915633
 162.580008 1.238999 2.955132
 162.780008 1.117606 2.907013
 162.980008 0.957061 -2.994817
 163.180008 1.079110 2.878886
 163.380008 1.169979 2.970566
 163.580008 1.225884 3.131067
 163.780008 1.020681 2.938067
 163.980008 1.033522 -3.104504
 164.180008 0.890116 2.988402
 164.380008 1.037823 2.895449
 164.580008 1.114786 -3.043493
 164.780008 0.948886 2.836948
 164.980008 1.086043 -3.030126
 165.180008 1.152981 2.927811
 165.380008 1.043068 2.893915
 165.580008 1.088959 -3.110312
 165.780008 0.993517 2.849146
 165.980008 0.998941 -3.025096
 166.180008 1.145381 2.962043
 166.380008 1.156293 2.926836
 166.580008 0.995995 3.114282
 166.780008 0.931906 2.993989
 166.980008 1.107530 3.033228
 167.180008 1.251469 3.016771
 167.380008 0.966901 2.948878
 167.580008 1.162535 3.109315
 167.780008 1.038999 2.946500
 167.980008 1.143868 3.109940
 168.180008 1.152624 2.971261
 168.380008 1.076472 3.028716
 168.580008 0.742663 -3.035174
 168.780008 1.136170 2.911996
 168.980008 1.063109 3.018319
 169.180008 1.111827 -3.110621
 169.380008 1.017542 2.757035
 169.580008 0.963290 -2.990084
 169.780008 0.951687 2.981632
 169.980008 1.268933 2.952998
 170.180008 0.807568 -3.122486
 170.380008 1.172553 2.939414
 170.580008 1.101216 2.990040
 170.780008 1.154875 3.045148
 170.980008 1.044665 2.928696
 171.180008 1.055914 -3.140584
 171.380008 0.627599 3.048210
 171.580008 1.226830 3.050443
 171.780008 1.062459 -3.135785
 171.980008 1.024463 3.016773
 172.180008 0.805707 -3.120353
 172.380008 1.038302 2.957474
 172.580008 1.021474 2.958483
 172.780008 1.242275 -3.124102
 172.980008 0.859883 2.905859
 173.180008 1.019957 3.105949
 173.380008 1.139768 2.879618
 173.580008 1.029330 2.912459
 173.780008 1.000550 -3.023855
 173.980008 1.362879 2.766250
 174.180008 1.005344 3.140450
 174.380008 1.112201 3.031016
 174.580008 1.070738 2.803072
 174.780008 1.025378 -3.118688
 174.980008 1.222705 2.933688
 175.180008 1.130327 2.962006
 175.380008 0.963327 -3.139254
 175.580008 0.950382 2.976518
 175.780008 0.968901 3.072567
 175.980008 1.122780 3.021713
 176.180008 1.315247 2.834628
 176.380008 1.046836 -3.123849
 176.580008 0.988221 2.854205
 176.780008 1.088658 3.056375
 176.980008 0.991484 3.022781
 177.180008 0.962616 2.954834
 177.380008 1.184172 3.105669
 177.580008 0.906615 2.909044
 177.780008 1.147817 3.104901
 177.980008 1.016796 2.899778
 178.180008 1.034587 2.873452
 178.380008 1.052596 3.109690
 178.580008 1.181893 2.849000
 178.780008 1.010728 3.124970
 178.980009 1.227660 2.966719
 179.180009 0.754280 2.918880
 179.380009 1.156296 -3.026695
 179.580009 1.179606 2.804226
 179.780009 1.143321 3.102051
 179.980009 0.902110 2.952833
 180.180009 0.924154 3.017045
 180.380009 0.962871 3.090148
 180.580009 1.089805 2.975204
 180.780009 0.946932 3.094555
 180.980009 1.056906 3.134112
 181.180009 0.976819 2.920346
 181.380009 1.165992 3.098515
 181.580009 1.146731 2.986960
 181.780009 1.266372 3.110399
 181.980009 0.885283 -3.141109
 182.180009 0.955148 3.037727
 182.380009 0.927329 3.036204
 182.580009 1.044407 3.127203
 182.780009 1.183050 3.001260
 182.980009 1.142235 3.050961
 183.180009 0.889618 2.971706
 183.380009 1.009853 3.094667
 183.580009 0.953654 3.026148
 183.780009 1.043799 -3.126931
 183.980009 1.125344 2.956653
 184.180009 1.211923 2.993062
 184.380009 1.076348 3.011252
 184.580009 1.025439 -3.119272
 184.780009 1.094338 2.970112
 184.980009 0.979868 2.989891
 185.180009 1.085133 3.017268
 185.380009 1.064318 3.050630
 185.580009 1.159007 3.107213
 185.780009 0.942577 3.007966
 185.980009 1.071806 3.024933
 186.180009 1.038263 2.878826
 186.380009 1.120919 -3.030048
 186.580009 1.097930 2.945017
 186.780009 1.166342 2.887037
 186.980009 0.767854 3.103221
 187.180009 1.083638 2.914939
 187.380009 1.042089 3.139704
 187.580009 1.156347 3.099348
 187.780009 0.794115 2.993671
 187.980009 1.023258 -3.105472
 188.180009 1.034161 3.025811
 188.380009 1.394020 2.943128
 188.580009 0.978420 -3.118588
 188.780009 0.810236 3.087895
 188.980009 1.106415 2.877846
 189.180009 1.173683 3.039628
 189.380009 1.014179 2.910609
 189.580009 1.001649 3.139575
 189.780009 0.922904 2.886226
 189.980009 1.215834 3.094590
 190.180009 1.068611 2.919291
 190.380009 1.124507 3.079752
 190.580009 0.869754 3.037920
 190.780009 1.131128 2.963594
 190.980009 1.230323 2.880706
 191.180009 1.139497 3.088433
 191.380009 1.235407 2.898489
 191.580009 0.908308 3.031235
 191.780009 1.035464 3.015062
 191.980009 1.098411 2.921498
 192.180009 1.123262 3.075592
 192.380009 1.217575 2.864114
 192.580009 1.008037 -3.084946
 192.780009 0.797072 2.917974
 192.980009 1.198284 3.008662
 193.180009 1.082422 3.135142
 193.380009 1.162039 2.777099
 193.580009 0.838036 3.096832
 193.780009 1.069125 2.971702
 193.980009 1.051775 2.854922
 194.180009 1.233510 -3.065741
 194.380009 0.963243 2.712242
 194.580009 1.201252 -3.096281
 194.780009 1.074646 2.965135
 194.980009 0.962688 2.967954
 195.180009 0.930091 -3.137585
 195.380009 0.917430 2.786792
 195.580009 0.958912 3.104034
 195.780009 1.303081 3.064425
 195.980009 1.199827 2.872417
 196.180009 1.007429 -3.133982
 196.380009 0.729073 2.918471
 196.580009 1.278728 3.081071
 196.780009 0.990980 -3.008422
 196.980009 1.045206 2.607895
 197.180009 1.053975 -2.863605
 197.380009 1.187862 2.886521
 197.580009 1.239291 2.922486
 197.780009 0.976740 -2.873208
 197.980009 0.941599 2.622215
 198.180009 1.233179 -3.119890
 198.380009 1.089449 3.120432
 198.580009 1.004214 2.856149
 198.780009 1.025246 3.125919
 198.980009 1.184927 2.856614
 199.180009 1.029669 3.125818
 199.380009 1.094377 3.062743
 199.580009 0.996318 2.773119
 199.780009 1.130577 -3.022160
 199.980009 1.134882 2.753641
