#! FIELDS time phi psi
#! SET max_psi pi
 0.180000 -1.839958 2.478472
 0.380000 -2.052823 1.282912
 0.580000 -1.669715 1.623567
 0.780000 -2.259833 1.845666
 0.980000 -1.624731 1.179681
 1.180000 -1.999279 2.091457
 1.380000 -2.204521 1.267340
 1.580000 -2.017186 1.550050
 1.780000 -2.397154 1.722034
 1.980000 -1.765068 1.194643
 2.180000 -2.256802 1.972078
 2.380000 -2.041064 1.311303
 2.580000 -1.714958 1.455726
 2.780000 -2.232346 1.988404
 2.980000 -1.924463 1.135761
 3.180000 -2.066680 1.730974
 3.380000 -2.028678 1.491920
 3.580000 -1.766982 1.347185
 3.780000 -2.314436 1.833376
 3.980000 -1.888595 1.477125
 4.180000 -2.079529 1.518595
 4.380000 -2.238576 1.717322
 4.580000 -2.084627 1.296352
 4.780000 -2.226072 1.856243
 4.980000 -2.027931 1.486025
 5.180000 -1.720623 1.470324
 5.380000 -2.346543 1.726223
 5.580000 -2.029930 1.331108
 5.780000 -2.089466 1.775849
 5.980000 -2.276783 1.304475
 6.180000 -1.860141 1.743538
 6.380000 -2.313747 1.328834
 6.580000 -2.047287 1.753500
 6.780000 -1.940573 1.383922
 6.980000 -2.110248 1.548518
 7.180000 -2.012474 1.682212
 7.380000 -2.196917 1.206762
 7.580000 -2.126284 2.024859
 7.780000 -2.024413 1.346822
 7.980000 -2.157932 1.535369
 8.180000 -1.997509 1.732683
 8.380000 -2.149116 1.304646
 8.580000 -1.960620 1.738156
 8.780000 -2.292163 1.341399
 8.980000 -1.989641 1.631376
 9.180000 -2.040330 1.503752
 9.380000 -2.162803 1.731855
 9.580000 -1.921175 1.455872
 9.780000 -2.214075 1.628509
 9.980000 -2.182386 1.506990
 10.180000 -1.994390 1.477724
 10.380000 -2.207388 1.674925
 10.580001 -2.206733 1.304523
 10.780001 -1.931377 1.779256
 10.980001 -2.279535 1.322857
 11.180001 -1.931807 1.720062
 11.380001 -2.014970 1.440071
 11.580001 -2.070873 1.565034
 11.780001 -1.963796 1.713929
 11.980001 -2.156492 1.303694
 12.180001 -2.102153 1.865095
 12.380001 -1.987508 1.238918
 12.580001 -2.004205 1.738092
 12.780001 -2.277180 1.574266
 12.980001 -2.094160 1.505990
 13.180001 -2.135682 1.660245
 13.380001 -2.224440 1.439631
 13.580001 -1.907887 1.541661
 13.780001 -2.270224 1.486436
 13.980001 -2.058197 1.766455
 14.180001 -2.011407 1.278502
 14.380001 -2.270832 1.714993
 14.580001 -2.076048 1.443033
 14.780001 -2.127446 1.635692
 14.980001 -2.372553 1.312147
 15.180001 -2.107349 1.683851
 15.380001 -2.173585 1.309395
 15.580001 -2.187751 1.625235
 15.780001 -2.019779 1.700180
 15.980001 -2.170785 1.199629
 16.180001 -2.035318 2.003216
 16.380001 -2.206729 1.184415
 16.580001 -2.123830 1.747721
 16.780001 -2.142084 1.460132
 16.980001 -1.933581 1.449783
 17.180001 -1.988195 1.713363
 17.380001 -2.153329 1.180805
 17.580001 -1.805714 1.943653
 17.780001 -2.192301 1.047837
 17.980001 -2.012054 1.800591
 18.180001 -2.208887 1.565679
 18.380001 -2.401474 1.457890
 18.580001 -1.859426 1.723334
 18.780001 -2.457376 1.278440
 18.980001 -2.065950 1.834337
 19.180001 -2.181393 1.474691
 19.380001 -2.174936 1.687059
 19.580001 -2.136292 1.433930
 19.780001 -2.063879 1.673166
 19.980001 -2.053682 1.553358
 20.180001 -2.270485 1.569034
 20.380001 -2.122942 1.663183
 20.580001 -2.042616 1.476823
 20.780001 -2.053008 1.516139
 20.980001 -2.121283 1.602801
 21.180001 -2.149690 1.455573
 21.380001 -2.084194 1.552446
 21.580001 -1.900588 1.687660
 21.780001 -2.158116 1.367383
 21.980001 -2.047166 1.654836
 22.180001 -2.289752 1.735644
 22.380001 -2.015789 1.252150
 22.580001 -1.939870 1.709103
 22.780001 -2.182066 1.411356
 22.980001 -1.845084 1.735709
 23.180001 -2.003996 1.378057
 23.380001 -1.918437 1.567141
 23.580001 -2.016824 1.636780
 23.780001 -2.079419 1.339219
 23.980001 -2.110276 1.912651
 24.180001 -2.072268 1.174469
 24.380001 -1.952865 1.823735
 24.580001 -2.197529 1.466054
 24.780001 -2.030399 1.468072
 24.980001 -2.019408 1.713911
 25.180001 -2.221561 1.284959
 25.380001 -1.920749 1.803567
 25.580001 -1.977239 1.367484
 25.780001 -1.964418 1.694403
 25.980001 -1.881127 1.570778
 26.180001 -2.252880 1.526481
 26.380001 -2.065622 1.645258
 26.580001 -2.169953 1.420014
 26.780001 -2.135902 1.583788
 26.980001 -2.124023 1.439696
 27.180001 -2.291392 1.555366
 27.380001 -2.062910 1.488744
 27.580001 -1.882383 1.673641
 27.780001 -2.109827 1.436646
 27.980001 -1.841889 1.568166
 28.180001 -1.974007 1.623316
 28.380001 -2.108327 1.447069
 28.580001 -2.147270 1.690415
 28.780001 -2.314147 1.489899
 28.980001 -2.236564 1.716565
 29.180001 -2.319514 1.401839
 29.380001 -2.109537 1.670994
 29.580001 -2.156684 1.580801
 29.780001 -2.200173 1.587098
 29.980001 -2.081051 1.609336
 30.180001 -2.162821 1.436076
 30.380001 -2.109605 1.681383
 30.580001 -2.438290 1.422430
 30.780001 -1.933438 1.590695
 30.980001 -2.228253 1.621848
 31.180001 -2.075135 1.329977
 31.380001 -2.128647 1.692003
 31.580001 -2.235209 1.526041
 31.780002 -2.135382 1.590503
 31.980002 -2.004192 1.512376
 32.180002 -2.276549 1.414307
 32.380002 -1.900349 1.836486
 32.580002 -2.196775 1.123406
 32.780002 -2.205268 1.823032
 32.980002 -1.967959 1.445792
 33.180002 -2.171011 1.595127
 33.380002 -2.075810 1.611521
 33.580002 -2.012421 1.385848
 33.780002 -2.110952 1.676613
 33.980002 -2.029199 1.461740
 34.180002 -2.007825 1.518523
 34.380002 -2.075746 1.612040
 34.580002 -2.116560 1.553542
 34.780002 -2.013766 1.467115
 34.980002 -2.036366 1.628094
 35.180002 -1.930883 1.497826
 35.380002 -2.002828 1.511107
 35.580002 -2.084217 1.656583
 35.780002 -2.073921 1.401156
 35.980002 -2.117894 1.682009
 36.180002 -2.199923 1.365702
 36.380002 -1.843670 1.614299
 36.580002 -2.131829 1.540545
 36.780002 -2.020356 1.504631
 36.980002 -1.945484 1.585029
 37.180002 -2.164913 1.487206
 37.380002 -2.057157 1.654999
 37.580002 -2.008922 1.450390
 37.780002 -2.181060 1.681283
 37.980002 -2.006974 1.432284
 38.180002 -1.884487 1.583623
 38.380002 -2.143912 1.544578
 38.580002 -2.061849 1.441563
 38.780002 -2.153400 1.646703
 38.980002 -2.104623 1.361605
 39.180002 -1.974526 1.658353
 39.380002 -2.002188 1.515417
 39.580002 -2.049409 1.645198
 39.780002 -2.047437 1.510687
 39.980002 -1.994460 1.587883
 40.180002 -2.125198 1.652059
 40.380002 -1.986956 1.388849
 40.580002 -2.138837 1.632851
 40.780002 -1.997352 1.492033
 40.980002 -2.041777 1.678030
 41.180002 -2.039158 1.398349
 41.380002 -2.120996 1.621935
 41.580002 -2.025380 1.535154
 41.780002 -2.142964 1.389137
 41.980002 -1.979391 1.801231
 42.180002 -2.193871 1.096285
 42.380002 -2.044713 1.863688
 42.580002 -2.102517 1.302491
 42.780002 -1.945147 1.503020
 42.980002 -2.069352 1.739326
 43.180002 -2.056246 1.270337
 43.380002 -1.962394 1.894633
 43.580002 -1.933076 1.207801
 43.780002 -2.029978 1.767867
 43.980002 -1.903191 1.379365
 44.180002 -2.220130 1.435056
 44.380002 -1.987586 1.807460
 44.580002 -2.176030 1.333127
 44.780002 -2.129123 1.806463
 44.980002 -2.149197 1.373722
 45.180002 -2.201498 1.771126
 45.380002 -2.162432 1.359868
 45.580002 -2.012856 1.652628
 45.780002 -2.173128 1.468301
 45.980002 -1.992394 1.597761
 46.180002 -2.006708 1.562386
 46.380002 -2.147082 1.477691
 46.580002 -2.053144 1.823359
 46.780002 -2.271078 1.238863
 46.980002 -2.023191 1.738324
 47.180002 -2.180180 1.525307
 47.380002 -2.136137 1.410898
 47.580002 -2.031693 1.771144
 47.780002 -2.181448 1.390022
 47.980002 -1.770492 1.704092
 48.180002 -2.145638 1.324595
 48.380002 -2.032589 1.740139
 48.580002 -2.041091 1.481921
 48.780002 -2.475781 1.537723
 48.980002 -1.982375 1.584172
 49.180002 -2.091951 1.295608
 49.380002 -2.253548 1.917494
 49.580002 -2.001820 1.334286
 49.780002 -2.064451 1.587005
 49.980002 -2.176083 1.530730
 50.180002 -2.117083 1.550622
 50.380002 -2.173710 1.556014
 50.580002 -2.057514 1.513307
 50.780002 -1.980326 1.583752
 50.980002 -2.191134 1.565591
 51.180002 -2.029133 1.548622
 51.380002 -2.114799 1.473246
 51.580002 -2.123313 1.751383
 51.780002 -2.208131 1.294064
 51.980002 -1.967898 1.752930
 52.180002 -2.298002 1.480219
 52.380002 -1.983979 1.548621
 52.580002 -2.015257 1.640029
 52.780003 -2.275091 1.355121
 52.980003 -1.870379 1.591874
 53.180003 -2.127442 1.419859
 53.380003 -2.038769 1.573798
 53.580003 -2.130677 1.651426
 53.780003 -2.184084 1.496590
 53.980003 -1.897048 1.631761
 54.180003 -2.020683 1.543372
 54.380003 -2.183795 1.564578
 54.580003 -1.931303 1.571568
 54.780003 -2.075223 1.434425
 54.980003 -2.120735 1.743044
 55.180003 -1.986799 1.349179
 55.380003 -2.065238 1.616837
 55.580003 -2.133275 1.559710
 55.780003 -1.908465 1.511597
 55.980003 -2.148354 1.391149
 56.180003 -2.107956 1.669480
 56.380003 -2.123040 1.419075
 56.580003 -2.078358 1.636118
 56.780003 -2.098355 1.542055
 56.980003 -2.058858 1.424298
 57.180003 -2.086443 1.684970
 57.380003 -2.042117 1.424841
 57.580003 -2.017007 1.549409
 57.780003 -1.987363 1.600325
 57.980003 -1.896243 1.568565
 58.180003 -2.177385 1.618579
 58.380003 -1.914742 1.542808
 58.580003 -2.001714 1.409786
 58.780003 -2.083122 1.672559
 58.980003 -2.095254 1.493153
 59.180003 -2.040994 1.375251
 59.380003 -1.993491 1.711092
 59.580003 -1.915877 1.422655
 59.780003 -2.113461 1.599360
 59.980003 -2.108963 1.568743
 60.180003 -2.116021 1.365556
 60.380003 -2.065819 1.631438
 60.580003 -2.199302 1.551075
 60.780003 -2.034831 1.482765
 60.980003 -2.073594 1.672259
 61.180003 -1.961593 1.518589
 61.380003 -1.926794 1.451566
 61.580003 -2.133396 1.723295
 61.780003 -2.371958 1.582126
 61.980003 -1.926929 1.483203
 62.180003 -2.247987 1.579504
 62.380003 -2.097258 1.453327
 62.580003 -2.032480 1.670980
 62.780003 -2.275079 1.363705
 62.980003 -1.866495 1.719915
 63.180003 -1.912870 1.372371
 63.380003 -2.059082 1.700245
 63.580003 -2.026007 1.507534
 63.780003 -1.852669 1.485207
 63.980003 -2.111786 1.655036
 64.180003 -1.949894 1.354908
 64.380003 -2.094200 1.727744
 64.580003 -2.318828 1.487901
 64.780003 -2.038678 1.518255
 64.980003 -1.993039 1.551270
 65.180003 -2.326490 1.474956
 65.380003 -1.998233 1.588340
 65.580003 -2.081046 1.530599
 65.780003 -1.947209 1.653977
 65.980003 -1.816615 1.447376
 66.180003 -2.168328 1.678651
 66.380003 -1.972483 1.623901
 66.580003 -1.872784 1.374025
 66.780003 -2.242337 1.658893
 66.980003 -2.212250 1.611725
 67.180003 -2.169538 1.366179
 67.380003 -2.146618 1.783752
 67.580003 -1.897828 1.367341
 67.780003 -2.081701 1.526959
 67.980003 -2.070127 1.772963
 68.180003 -1.813735 1.442209
 68.380003 -1.934310 1.547128
 68.580003 -2.128682 1.743486
 68.780003 -2.006010 1.263659
 68.980003 -2.227347 1.898122
 69.180003 -1.976042 1.463768
 69.380003 -2.006136 1.416917
 69.580003 -2.350698 1.686979
 69.780003 -2.092020 1.545410
 69.980003 -1.832575 1.422502
 70.180003 -2.255549 1.636876
 70.380003 -1.835231 1.595977
 70.580003 -2.082038 1.473819
 70.780003 -2.153170 1.673657
 70.980003 -1.921423 1.310126
 71.180003 -2.044149 1.600202
 71.380003 -2.092928 1.714735
 71.580003 -1.923557 1.278785
 71.780003 -1.965307 1.690920
 71.980003 -2.206507 1.487885
 72.180003 -1.610211 1.584623
 72.380003 -2.142441 1.476657
 72.580003 -2.087445 1.535671
 72.780003 -1.772826 1.604266
 72.980003 -2.238328 1.289406
 73.180003 -1.763432 1.860152
 73.380003 -1.998610 1.093005
 73.580003 -2.090511 2.095214
 73.780004 -1.983765 1.346114
 73.980004 -2.052723 1.518112
 74.180004 -2.213702 1.733809
 74.380004 -1.973137 1.369132
 74.580004 -2.167138 1.501657
 74.780004 -2.205753 1.506362
 74.980004 -1.870678 1.451477
 75.180004 -2.080063 1.443479
 75.380004 -2.141805 1.653358
 75.580004 -1.933414 1.383843
 75.780004 -2.347683 1.830453
 75.980004 -1.863888 1.377500
 76.180004 -1.974834 1.659484
 76.380004 -2.332382 1.655335
 76.580004 -1.714458 1.366928
 76.780004 -2.066285 1.809906
 76.980004 -2.210802 1.230350
 77.180004 -1.799773 1.762104
 77.380004 -2.465972 1.446729
 77.580004 -2.000232 1.588165
 77.780004 -2.088752 1.265764
 77.980004 -2.370155 1.717409
 78.180004 -1.910967 1.556146
 78.380004 -2.221017 1.411205
 78.580004 -1.966752 1.774837
 78.780004 -2.005336 1.182344
 78.980004 -2.076690 1.983630
 79.180004 -2.062657 1.434078
 79.380004 -1.896059 1.564946
 79.580004 -2.279858 1.524851
 79.780004 -2.064105 1.487307
 79.980004 -2.152729 1.679914
 80.180004 -2.269317 1.381357
 80.380004 -1.885693 1.731001
 80.580004 -2.238020 1.339214
 80.780004 -2.155577 1.759545
 80.980004 -1.946858 1.500470
 81.180004 -2.178598 1.419502
 81.380004 -1.957369 1.805915
 81.580004 -2.133682 1.147599
 81.780004 -2.131115 1.954456
 81.980004 -2.202523 1.323140
 82.180004 -2.004041 1.640496
 82.380004 -2.163695 1.513109
 82.580004 -2.018618 1.503369
 82.780004 -1.970901 1.613366
 82.980004 -2.170794 1.402265
 83.180004 -1.931680 1.697964
 83.380004 -2.135973 1.382558
 83.580004 -2.079435 1.699005
 83.780004 -1.913286 1.624545
 83.980004 -2.188949 1.335739
 84.180004 -1.860362 1.768763
 84.380004 -2.197978 1.429576
 84.580004 -2.200909 1.788693
 84.780004 -2.125322 1.353211
 84.980004 -2.215609 1.771064
 85.180004 -2.355677 1.403782
 85.380004 -2.038134 1.721053
 85.580004 -2.345012 1.426325
 85.780004 -2.161476 1.583902
 85.980004 -2.127444 1.525567
 86.180004 -2.223905 1.443513
 86.380004 -1.993628 1.760412
 86.580004 -2.185900 1.295847
 86.780004 -2.096020 1.981614
 86.980004 -2.157642 1.286779
 87.180004 -2.094677 1.652078
 87.380004 -2.116195 1.677964
 87.580004 -2.063619 1.341402
 87.780004 -2.164054 1.711192
 87.980004 -2.113114 1.430452
 88.180004 -1.996747 1.767450
 88.380004 -2.274972 1.388092
 88.580004 -1.911171 1.688297
 88.780004 -2.196919 1.553543
 88.980004 -2.086909 1.459487
 89.180004 -2.026908 1.489990
 89.380004 -2.141992 1.527625
 89.580004 -2.102087 1.705098
 89.780004 -2.206735 1.281243
 89.980004 -1.982199 1.885450
 90.180004 -1.927254 1.207128
 90.380004 -1.990443 1.778738
 90.580004 -2.061498 1.634678
 90.780004 -2.010188 1.248966
 90.980004 -1.922072 1.934526
 91.180004 -2.228111 1.187249
 91.380004 -1.880353 1.779297
 91.580004 -2.215324 1.312765
 91.780004 -1.901554 1.598625
 91.980004 -2.088707 1.702342
 92.180004 -2.038537 1.501707
 92.380004 -1.867244 1.623227
 92.580004 -2.246049 1.431482
 92.780004 -1.950116 1.621994
 92.980004 -1.968042 1.304630
 93.180004 -2.399745 1.828499
 93.380004 -1.974333 1.432435
 93.580004 -2.015475 1.425591
 93.780004 -2.274808 1.665135
 93.980004 -1.878904 1.500358
 94.180004 -2.071783 1.494954
 94.380004 -2.126159 1.650673
 94.580004 -1.995483 1.554547
 94.780005 -1.932259 1.484556
 94.980005 -2.274105 1.688946
 95.180005 -2.009541 1.434417
 95.380005 -2.127240 1.692444
 95.580005 -2.173852 1.609615
 95.780005 -1.849139 1.503643
 95.980005 -2.267142 1.647060
 96.180005 -2.224169 1.542745
 96.380005 -1.990345 1.487981
 96.580005 -2.199427 1.587337
 96.780005 -2.000841 1.713350
 96.980005 -2.026145 1.260576
 97.180005 -2.119200 1.791998
 97.380005 -1.896273 1.462111
 97.580005 -2.009736 1.591349
 97.780005 -2.145085 1.589726
 97.980005 -2.084019 1.376742
 98.180005 -2.174364 1.895953
 98.380005 -2.268949 1.333289
 98.580005 -1.894660 1.664276
 98.780005 -2.145435 1.542109
 98.980005 -2.061519 1.520363
 99.180005 -1.947069 1.520043
 99.380005 -2.201077 1.499416
 99.580005 -2.105008 1.653158
 99.780005 -2.029950 1.372374
 99.980005 -2.270326 1.780462
 100.180005 -2.017479 1.445796
 100.380005 -2.059046 1.531206
 100.580005 -2.162113 1.657284
 100.780005 -2.060636 1.493621
 100.980005 -2.068991 1.565697
 101.180005 -2.210954 1.509173
 101.380005 -1.952542 1.653065
 101.580005 -2.218147 1.376437
 101.780005 -2.204853 1.874681
 101.980005 -2.046360 1.209880
 102.180005 -2.106768 1.841171
 102.380005 -2.223043 1.348370
 102.580005 -1.941303 1.565107
 102.780005 -2.181103 1.637521
 102.980005 -2.079137 1.301559
 103.180005 -1.898141 1.829784
 103.380005 -2.256115 1.276652
 103.580005 -2.013394 1.725327
 103.780005 -2.123133 1.486417
 103.980005 -2.204764 1.559926
 104.180005 -2.069505 1.676916
 104.380005 -2.066342 1.167642
 104.580005 -2.160184 1.871961
 104.780005 -1.984131 1.344042
 104.980005 -2.101620 1.589622
 105.180005 -2.035216 1.639726
 105.380005 -2.041767 1.435192
 105.580005 -2.049371 1.680464
 105.780005 -2.207758 1.483866
 105.980005 -2.102413 1.555794
 106.180005 -2.200019 1.473383
 106.380005 -2.195287 1.599766
 106.580005 -1.959484 1.442873
 106.780005 -2.152314 1.655378
 106.980005 -2.095652 1.518819
 107.180005 -1.798947 1.537835
 107.380005 -2.168282 1.671125
 107.580005 -1.971431 1.387067
 107.780005 -1.871199 1.762039
 107.980005 -2.300150 1.402507
 108.180005 -1.949651 1.659869
 108.380005 -2.347746 1.406593
 108.580005 -2.118693 1.605158
 108.780005 -1.969807 1.421351
 108.980005 -2.239502 1.516602
 109.180005 -2.043622 1.923365
 109.380005 -1.920332 1.175091
 109.580005 -2.011811 1.880119
 109.780005 -2.040298 1.312001
 109.980005 -1.985957 1.590169
 110.180005 -2.112216 1.709310
 110.380005 -2.079192 1.242821
 110.580005 -2.099534 1.755767
 110.780005 -2.228866 1.377835
 110.980005 -2.005524 1.678461
 111.180005 -2.184787 1.417049
 111.380005 -2.111987 1.595868
 111.580005 -1.952832 1.454791
 111.780005 -2.094777 1.425870
 111.980005 -2.127613 1.699357
 112.180005 -1.943376 1.278509
 112.380005 -2.083633 1.726704
 112.580005 -2.194050 1.302703
 112.780005 -2.052943 1.662437
 112.980005 -2.161937 1.515220
 113.180005 -2.085713 1.556574
 113.380005 -2.033887 1.644362
 113.580005 -2.041094 1.404027
 113.780005 -1.975842 1.804602
 113.980005 -2.087496 1.296910
 114.180005 -1.943622 1.488955
 114.380005 -2.049055 1.741517
 114.580005 -2.157606 1.367374
 114.780005 -1.936138 1.595553
 114.980005 -2.191622 1.444647
 115.180005 -2.017643 1.821053
 115.380005 -2.121905 1.189817
 115.580005 -2.132710 1.688127
 115.780005 -2.119399 1.457349
 115.980006 -2.132277 1.596043
 116.180006 -2.275682 1.502720
 116.380006 -2.083292 1.620391
 116.580006 -2.124328 1.472831
 116.780006 -2.056925 1.661688
 116.980006 -2.084598 1.616208
 117.180006 -2.125868 1.483165
 117.380006 -2.079393 1.813906
 117.580006 -2.299259 1.300019
 117.780006 -2.030946 1.781817
 117.980006 -2.178827 1.564654
 118.180006 -1.999074 1.270339
 118.380006 -1.881798 1.841404
 118.580006 -2.387366 1.102635
 118.780006 -1.915494 1.841828
 118.980006 -2.212253 1.346912
 119.180006 -2.110975 1.518455
 119.380006 -2.096422 1.668957
 119.580006 -2.339325 1.411671
 119.780006 -1.939513 1.783273
 119.980006 -2.168465 1.346455
 120.180006 -2.146343 1.637068
 120.380006 -1.873596 1.626200
 120.580006 -2.233488 1.442106
 120.780006 -1.944023 1.611846
 120.980006 -1.907860 1.481187
 121.180006 -2.209140 1.622846
 121.380006 -2.071607 1.497137
 121.580006 -2.097170 1.624993
 121.780006 -2.171126 1.515794
 121.980006 -1.888621 1.613988
 122.180006 -2.189570 1.416326
 122.380006 -2.072802 1.787953
 122.580006 -2.000603 1.296079
 122.780006 -1.860092 1.725584
 122.980006 -2.165408 1.477790
 123.180006 -1.832909 1.445432
 123.380006 -2.296494 1.667439
 123.580006 -2.044975 1.406998
 123.780006 -2.044876 1.597242
 123.980006 -1.987196 1.576395
 124.180006 -1.911091 1.518022
 124.380006 -1.948304 1.512706
 124.580006 -2.083888 1.527798
 124.780006 -1.892911 1.510945
 124.980006 -2.169380 1.454129
 125.180006 -2.083781 1.752652
 125.380006 -2.055062 1.311666
 125.580006 -2.022533 1.807668
 125.780006 -2.165614 1.372262
 125.980006 -1.980469 1.591814
 126.180006 -2.226497 1.551057
 126.380006 -2.143262 1.393899
 126.580006 -1.937722 1.713816
 126.780006 -2.209766 1.265939
 126.980006 -1.837161 1.852988
 127.180006 -2.086389 1.281668
 127.380006 -1.936058 1.663413
 127.580006 -1.947649 1.575346
 127.780006 -2.135912 1.397982
 127.980006 -1.988069 1.798770
 128.180006 -2.146757 1.159408
 128.380006 -2.029595 1.784108
 128.580006 -2.125192 1.312426
 128.780006 -2.080966 1.553112
 128.980006 -2.088549 1.541596
 129.180006 -1.912930 1.419994
 129.380006 -1.873972 1.734949
 129.580006 -2.081698 1.238668
 129.780006 -1.988948 1.910143
 129.980006 -2.032360 1.318279
 130.180006 -2.091893 1.575677
 130.380006 -1.911740 1.579848
 130.580006 -2.247677 1.433792
 130.780006 -2.017914 1.777315
 130.980006 -2.090776 1.170159
 131.180006 -2.128985 1.831422
 131.380006 -2.071125 1.391716
 131.580006 -2.094805 1.525224
 131.780006 -2.182419 1.614437
 131.980006 -2.025402 1.482887
 132.180006 -1.974677 1.614349
 132.380006 -2.170575 1.385886
 132.580006 -2.031233 1.736673
 132.780006 -2.088457 1.325552
 132.980006 -2.148235 1.736796
 133.180006 -2.137236 1.424529
 133.380006 -2.194892 1.575100
 133.580006 -2.052284 1.580108
 133.780006 -2.169689 1.347503
 133.980006 -1.956621 1.824745
 134.180006 -2.242673 1.274229
 134.380006 -1.993276 1.818997
 134.580006 -2.105529 1.418748
 134.780006 -1.987344 1.616616
 134.980006 -1.993298 1.548241
 135.180006 -2.183098 1.552752
 135.380006 -1.850078 1.649124
 135.580006 -2.274265 1.408853
 135.780006 -1.847540 1.703542
 135.980006 -2.206417 1.264943
 136.180006 -2.195824 1.758639
 136.380006 -2.032925 1.455770
 136.580006 -2.185390 1.563124
 136.780006 -2.116321 1.535179
 136.980007 -2.032608 1.462597
 137.180007 -1.943993 1.730421
 137.380007 -2.129087 1.387078
 137.580007 -1.908670 1.638204
 137.780007 -2.070350 1.457907
 137.980007 -2.082516 1.618377
 138.180007 -2.023100 1.684406
 138.380007 -2.232505 1.341837
 138.580007 -1.991827 1.762776
 138.780007 -2.115873 1.395840
 138.980007 -2.151136 1.671221
 139.180007 -2.021913 1.458858
 139.380007 -2.234760 1.544780
 139.580007 -1.947346 1.596037
 139.780007 -2.125227 1.560693
 139.980007 -2.131465 1.544584
 140.180007 -2.029339 1.514315
 140.380007 -2.210932 1.582016
 140.580007 -2.126936 1.530574
 140.780007 -2.070077 1.663827
 140.980007 -2.299039 1.306085
 141.180007 -1.937808 1.701160
 141.380007 -2.345397 1.516421
 141.580007 -2.092285 1.474570
 141.780007 -2.128157 1.723096
 141.980007 -2.313750 1.431179
 142.180007 -1.829321 1.654854
 142.380007 -2.225605 1.413025
 142.580007 -2.075115 1.569336
 142.780007 -2.181384 1.731759
 142.980007 -2.329171 1.313893
 143.180007 -2.125904 1.742091
 143.380007 -2.208978 1.260763
 143.580007 -2.179808 1.869391
 143.780007 -2.131158 1.639827
 143.980007 -2.044319 1.262880
 144.180007 -2.095873 2.011320
 144.380007 -2.294388 1.165900
 144.580007 -1.843156 1.971180
 144.780007 -2.396907 1.270142
 144.980007 -1.846025 1.759009
 145.180007 -2.182592 1.501602
 145.380007 -2.301703 1.412241
 145.580007 -1.902243 1.814361
 145.780007 -2.312605 1.200543
 145.980007 -1.996189 1.835988
 146.180007 -2.101103 1.217433
 146.380007 -2.119026 1.786450
 146.580007 -2.002126 1.595544
 146.780007 -1.997173 1.444387
 146.980007 -2.114928 1.789458
 147.180007 -2.228141 1.358535
 147.380007 -1.980440 1.739686
 147.580007 -2.245517 1.483013
 147.780007 -2.047772 1.619981
 147.980007 -1.952199 1.342342
 148.180007 -2.300200 1.738280
 148.380007 -2.094080 1.567667
 148.580007 -2.095350 1.431303
 148.780007 -2.309330 1.838818
 148.980007 -2.114253 1.278218
 149.180007 -2.129568 1.770509
 149.380007 -2.422923 1.491379
 149.580007 -1.861211 1.534332
 149.780007 -2.254351 1.462561
 149.980007 -2.057205 1.647052
 150.180007 -1.836284 1.524698
 150.380007 -2.295253 1.426396
 150.580007 -1.872188 1.845764
 150.780007 -2.025230 1.050114
 150.980007 -2.135619 1.986654
 151.180007 -1.968918 1.238167
 151.380007 -2.099000 1.738311
 151.580007 -2.307316 1.799895
 151.780007 -1.860338 1.246465
 151.980007 -2.208014 1.746968
 152.180007 -2.118961 1.337720
 152.380007 -1.765797 1.645544
 152.580007 -2.309284 1.505535
 152.780007 -1.905039 1.563815
 152.980007 -2.054619 1.415695
 153.180007 -2.321198 1.698352
 153.380007 -1.890262 1.403700
 153.580007 -2.150124 1.595367
 153.780007 -2.309586 1.688559
 153.980007 -2.019912 1.338662
 154.180007 -2.254134 1.736217
 154.380007 -2.345194 1.480185
 154.580007 -1.809141 1.483464
 154.780007 -2.363914 1.619011
 154.980007 -1.859517 1.456122
 155.180007 -1.819983 1.504965
 155.380007 -2.348891 1.568004
 155.580007 -1.770167 1.665349
 155.780007 -2.080474 1.339238
 155.980007 -2.134241 1.750226
 156.180007 -1.897335 1.430580
 156.380007 -2.240059 1.472262
 156.580007 -2.174224 1.809644
 156.780007 -1.924973 1.237876
 156.980007 -2.410119 1.917307
 157.180007 -2.061539 1.225268
 157.380007 -2.200856 1.696454
 157.580007 -2.222568 1.477118
 157.780007 -1.947143 1.501887
 157.980008 -2.244662 1.501524
 158.180008 -2.068623 1.564782
 158.380008 -2.006189 1.509528
 158.580008 -2.158734 1.459010
 158.780008 -1.955004 1.795645
 158.980008 -2.088440 1.126732
 159.180008 -2.127357 1.877579
 159.380008 -1.955808 1.428881
 159.580008 -2.053353 1.396859
 159.780008 -2.148317 1.784197
 159.980008 -2.090573 1.242796
 160.180008 -2.202397 1.884322
 160.380008 -2.107060 1.339953
 160.580008 -1.928110 1.711798
 160.780008 -2.151000 1.478743
 160.980008 -2.128946 1.525810
 161.180008 -1.843306 1.583690
 161.380008 -2.321100 1.349174
 161.580008 -1.757806 1.913657
 161.780008 -2.116363 1.182308
 161.980008 -2.107293 1.825515
 162.180008 -2.032124 1.292558
 162.380008 -2.108932 1.781552
 162.580008 -2.275215 1.571072
 162.780008 -1.946416 1.404214
 162.980008 -2.299106 1.775913
 163.180008 -2.082648 1.346722
 163.380008 -1.866754 1.868243
 163.580008 -2.354518 1.330668
 163.780008 -1.946923 1.797460
 163.980008 -2.057587 1.476559
 164.180008 -2.250663 1.538307
 164.380008 -1.949114 1.474605
 164.580008 -2.317743 1.511028
 164.780008 -2.180287 1.946986
 164.980008 -2.090787 1.121663
 165.180008 -2.292778 1.927983
 165.380008 -2.201662 1.220394
 165.580008 -2.031845 1.729995
 165.780008 -2.341002 1.480209
 165.980008 -1.954014 1.510510
 166.180008 -1.985604 1.502162
 166.380008 -2.170928 1.626848
 166.580008 -1.992538 1.572094
 166.780008 -2.000639 1.389828
 166.980008 -2.227806 1.795948
 167.180008 -1.880274 1.289905
 167.380008 -2.223579 1.700799
 167.580008 -2.183856 1.635707
 167.780008 -1.803275 1.370831
 167.980008 -2.252708 1.754253
 168.180008 -2.076028 1.277993
 168.380008 -1.984925 1.762186
 168.580008 -2.534250 1.476302
 168.780008 -2.078496 1.584250
 168.980008 -2.265537 1.382119
 169.180008 -2.299597 1.621143
 169.380008 -2.029819 1.461431
 169.580008 -2.004191 1.534748
 169.780008 -2.253701 1.670785
 169.980008 -1.849199 1.287770
 170.180008 -2.092524 1.802802
 170.380008 -2.232567 1.350836
 170.580008 -1.712314 1.491526
 170.780008 -2.434310 1.695769
 170.980008 -2.066274 1.298275
 171.180008 -1.945166 1.718944
 171.380008 -2.521756 1.396633
 171.580008 -1.733820 1.641156
 171.780008 -2.187081 1.421965
 171.980008 -2.133584 1.795185
 172.180008 -1.669749 1.370762
 172.380008 -2.333039 1.714168
 172.580008 -1.990581 1.630555
 172.780008 -1.995944 1.414375
 172.980008 -2.384449 1.703697
 173.180008 -2.108013 1.443670
 173.380008 -2.090100 1.571876
 173.580008 -2.319114 1.555285
 173.780008 -1.850329 1.528784
 173.980008 -2.081000 1.475449
 174.180008 -2.192796 1.679196
 174.380008 -1.726596 1.449985
 174.580008 -2.268886 1.488305
 174.780008 -1.977736 1.815966
 174.980008 -2.064001 1.272327
 175.180008 -2.277097 1.669391
 175.380008 -2.142635 1.571637
 175.580008 -2.096892 1.296946
 175.780008 -2.343699 1.925510
 175.980008 -2.047867 1.212724
 176.180008 -1.944934 1.672822
 176.380008 -2.459513 1.703672
 176.580008 -1.769862 1.304043
 176.780008 -2.200872 1.743715
 176.980008 -2.322366 1.530660
 177.180008 -1.794712 1.419374
 177.380008 -2.516119 1.643976
 177.580008 -2.064962 1.589755
 177.780008 -1.981188 1.399563
 177.980008 -2.669808 1.859205
 178.180008 -1.674442 1.325031
 178.380008 -2.190166 1.798178
 178.580008 -2.263726 1.611566
 178.780008 -1.867107 1.369145
 178.980009 -2.280102 1.630174
 179.180009 -2.049314 1.535890
 179.380009 -1.750380 1.329558
 179.580009 -2.392408 1.742874
 179.780009 -1.836408 1.500873
 179.980009 -1.961979 1.468919
 180.180009 -2.362845 1.924344
 180.380009 -1.693567 1.234035
 180.580009 -2.411306 1.676113
 180.780009 -2.047286 1.506367
 180.980009 -1.732973 1.489818
 181.180009 -2.501270 1.713909
 181.380009 -1.697961 1.349019
 181.580009 -2.164111 1.663248
 181.780009 -2.407674 1.615854
 181.980009 -1.606253 1.394318
 182.180009 -2.537152 1.673903
 182.380009 -1.791924 1.442989
 182.580009 -1.911411 1.589895
 182.780009 -2.318128 1.511332
 182.980009 -1.786279 1.557814
 183.180009 -2.100844 1.490472
 183.380009 -2.202145 1.658239
 183.580009 -1.840683 1.409228
 183.780009 -2.292000 1.545080
 183.980009 -2.080426 1.836965
 184.180009 -1.985652 1.093483
 184.380009 -2.437113 1.939519
 184.580009 -1.948638 1.405012
 184.780009 -1.977568 1.574915
 184.980009 -2.215043 1.615973
 185.180009 -1.965889 1.516766
 185.380009 -2.024202 1.558053
 185.580009 -2.280432 1.491564
 185.780009 -1.850054 1.557577
 185.980009 -2.180308 1.498248
 186.180009 -2.286572 1.793454
 186.380009 -1.787025 1.224827
 186.580009 -2.133255 1.900531
 186.780009 -2.327894 1.389472
 186.980009 -1.918253 1.551142
 187.180009 -2.342026 1.648771
 187.380009 -1.993682 1.212808
 187.580009 -1.838789 1.781428
 187.780009 -2.313054 1.407894
 187.980009 -1.797952 1.646414
 188.180009 -2.088263 1.455129
 188.380009 -2.221530 1.637215
 188.580009 -1.836123 1.354406
 188.780009 -2.330019 1.682896
 188.980009 -1.907805 1.661295
 189.180009 -1.893261 1.336290
 189.380009 -2.289399 1.785128
 189.580009 -2.036058 1.493252
 189.780009 -1.983279 1.627299
 189.980009 -2.372398 1.474579
 190.180009 -1.983405 1.743719
 190.380009 -1.987215 1.372675
 190.580009 -2.314537 1.719702
 190.780009 -1.811947 1.392638
 190.980009 -1.982018 1.395531
 191.180009 -2.210394 1.806651
 191.380009 -1.946226 1.172817
 191.580009 -2.169478 1.776881
 191.780009 -2.289917 1.393453
 191.980009 -1.678617 1.661259
 192.180009 -2.414296 1.473259
 192.380009 -2.188126 1.516572
 192.580009 -1.901310 1.372780
 192.780009 -2.369830 1.652526
 192.980009 -1.945372 1.660130
 193.180009 -2.076171 1.307322
 193.380009 -2.142333 1.893161
 193.580009 -1.947488 1.368326
 193.780009 -1.910261 1.671234
 193.980009 -2.371171 1.576939
 194.180009 -1.882655 1.397072
 194.380009 -2.206152 1.627802
 194.580009 -2.263160 1.498731
 194.780009 -1.816264 1.705560
 194.980009 -2.267513 1.372291
 195.180009 -2.124767 1.678353
 195.380009 -1.998290 1.313578
 195.580009 -2.327987 1.709611
 195.780009 -2.133084 1.569932
 195.980009 -2.242544 1.344443
 196.180009 -2.362308 1.881198
 196.380009 -2.050467 1.294874
 196.580009 -2.037378 1.864959
 196.780009 -2.364568 1.516900
 196.980009 -1.766682 1.429653
 197.180009 -2.225180 1.764557
 197.380009 -2.150013 1.405421
 197.580009 -1.820652 1.665576
 197.780009 -2.352390 1.470002
 197.980009 -2.000778 1.613123
 198.180009 -2.071912 1.486483
 198.380009 -2.571312 1.532533
 198.580009 -2.015369 1.557310
 198.780009 -2.263711 1.388907
 198.980009 -2.147378 1.866202
 199.180009 -1.825288 1.285752
 199.380009 -2.137644 1.758329
 199.580009 -2.244445 1.520096
 199.780009 -1.798339 1.480654
 199.980009 -2.303807 1.726712
