#! FIELDS time phi psi
#! SET max_psi pi
 0.180000 -1.190507 1.357280
 0.380000 -1.275627 0.186025
 0.580000 -1.450433 1.087330
 0.780000 -1.280427 0.608655
 0.980000 -1.478634 1.064909
 1.180000 -1.190563 0.684653
 1.380000 -1.351484 0.984826
 1.580000 -1.520142 0.984011
 1.780000 -1.524631 0.860413
 1.980000 -1.385226 0.968786
 2.180000 -1.370749 0.901730
 2.380000 -1.227398 1.059684
 2.580000 -1.459906 0.749489
 2.780000 -1.106484 1.090990
 2.980000 -1.389565 0.562133
 3.180000 -1.242046 1.150669
 3.380000 -1.382236 0.555074
 3.580000 -1.047541 1.004711
 3.780000 -1.292598 0.647044
 3.980000 -1.293277 1.204600
 4.180000 -1.443997 0.617063
 4.380000 -1.295085 1.247842
 4.580000 -1.334671 0.715415
 4.780000 -1.115449 1.014667
 4.980000 -1.156524 0.822852
 5.180000 -1.375022 0.937804
 5.380000 -1.385900 0.930788
 5.580000 -1.400295 0.889368
 5.780000 -1.402898 0.856570
 5.980000 -1.398185 1.170614
 6.180000 -1.054395 0.706858
 6.380000 -1.149128 1.054548
 6.580000 -1.583559 0.927380
 6.780000 -1.217316 0.962409
 6.980000 -1.463806 0.743662
 7.180000 -1.321588 0.957259
 7.380000 -1.321083 0.873532
 7.580000 -1.167727 0.982766
 7.780000 -1.211455 0.846522
 7.980000 -1.457834 0.939584
 8.180000 -1.396867 0.906475
 8.380000 -1.580793 0.974744
 8.580000 -1.257031 0.926051
 8.780000 -1.251667 0.797740
 8.980000 -1.326275 0.911642
 9.180000 -1.122771 0.949946
 9.380000 -1.193450 0.935477
 9.580000 -1.304292 0.836201
 9.780000 -1.573369 0.896630
 9.980000 -1.500577 0.937532
 10.180000 -1.247916 0.910110
 10.380000 -1.357351 0.855139
 10.580001 -1.184175 0.924424
 10.780001 -1.357144 0.907693
 10.980001 -1.388394 1.008286
 11.180001 -1.523819 0.764364
 11.380001 -1.398235 1.069167
 11.580001 -1.364264 0.688117
 11.780001 -1.279585 1.040647
 11.980001 -1.262103 0.744274
 12.180001 -1.562468 1.028919
 12.380001 -1.503735 0.872167
 12.580001 -1.557051 0.837559
 12.780001 -1.333255 1.031339
 12.980001 -1.261685 0.668500
 13.180001 -1.271377 1.113397
 13.380001 -1.378678 0.681617
 13.580001 -1.467773 1.022976
 13.780001 -1.608536 0.810237
 13.980001 -1.482931 1.056436
 14.180001 -1.234746 0.709588
 14.380001 -1.277752 0.913104
 14.580001 -1.425031 0.788999
 14.780001 -1.438822 0.932864
 14.980001 -1.548106 0.905507
 15.180001 -1.389282 1.011456
 15.380001 -1.439748 0.797757
 15.580001 -1.343537 0.894153
 15.780001 -1.442935 1.065621
 15.980001 -1.511438 0.598651
 16.180001 -1.399508 1.171607
 16.380001 -1.497851 0.635237
 16.580001 -1.122569 1.062871
 16.780001 -1.346476 0.627011
 16.980001 -1.388496 1.115548
 17.180001 -1.587426 0.715989
 17.380001 -1.356696 1.053675
 17.580001 -1.440349 0.715313
 17.780001 -1.303131 1.128873
 17.980001 -1.219487 0.712318
 18.180001 -1.261932 0.946597
 18.380001 -1.485208 0.824539
 18.580001 -1.347236 0.991990
 18.780001 -1.479497 0.791037
 18.980001 -1.280972 0.829521
 19.180001 -1.282845 0.941747
 19.380001 -1.309915 0.831559
 19.580001 -1.309234 0.954093
 19.780001 -1.450484 0.738867
 19.980001 -1.502612 1.012571
 20.180001 -1.572222 1.036529
 20.380001 -1.047577 0.834879
 20.580001 -1.196136 0.977905
 20.780001 -1.560907 0.916130
 20.980001 -1.464477 1.030313
 21.180001 -1.372460 0.720663
 21.380001 -1.416458 0.911558
 21.580001 -1.305447 0.783293
 21.780001 -1.354946 0.896494
 21.980001 -1.224531 0.818002
 22.180001 -1.234093 0.770746
 22.380001 -1.405079 0.984262
 22.580001 -1.427945 0.843193
 22.780001 -1.498658 0.898028
 22.980001 -1.285379 0.889471
 23.180001 -1.313662 1.011329
 23.380001 -1.357962 0.901760
 23.580001 -1.329737 0.890332
 23.780001 -1.312785 0.801651
 23.980001 -1.455273 0.916865
 24.180001 -1.366850 0.796850
 24.380001 -1.504807 0.990506
 24.580001 -1.272572 0.997269
 24.780001 -1.188771 0.769799
 24.980001 -1.433391 1.099084
 25.180001 -1.333496 0.914929
 25.380001 -1.208053 0.955670
 25.580001 -1.340923 0.862872
 25.780001 -1.440739 1.070114
 25.980001 -1.395402 0.739095
 26.180001 -1.146321 0.888221
 26.380001 -1.269262 0.737715
 26.580001 -1.268927 1.028044
 26.780001 -1.361467 0.900433
 26.980001 -1.474177 0.952242
 27.180001 -1.587615 1.047358
 27.380001 -1.362290 0.782398
 27.580001 -1.343273 1.041986
 27.780001 -1.154389 0.739343
 27.980001 -1.093833 0.960771
 28.180001 -1.421205 0.725171
 28.380001 -1.562433 1.099181
 28.580001 -1.432217 0.714867
 28.780001 -1.414281 1.095620
 28.980001 -1.494816 0.801806
 29.180001 -1.292827 1.132386
 29.380001 -1.218562 0.759188
 29.580001 -1.501516 0.977548
 29.780001 -1.607290 0.868656
 29.980001 -1.216442 0.921572
 30.180001 -1.451696 0.771286
 30.380001 -1.224491 0.886077
 30.580001 -1.238147 0.752968
 30.780001 -1.539455 0.837039
 30.980001 -1.396520 0.878157
 31.180001 -1.441855 0.850822
 31.380001 -1.544938 1.071180
 31.580001 -1.382838 0.897774
 31.780002 -1.230733 0.957644
 31.980002 -1.266924 0.763238
 32.180002 -1.514379 1.074776
 32.380002 -1.483802 0.812079
 32.580002 -1.357030 1.134017
 32.780002 -1.474662 0.726460
 32.980002 -1.425436 1.130035
 33.180002 -1.155112 0.699267
 33.380002 -1.187924 0.990600
 33.580002 -1.246691 0.783304
 33.780002 -1.484858 0.891752
 33.980002 -1.536335 0.920957
 34.180002 -1.309781 0.910692
 34.380002 -1.353589 0.856637
 34.580002 -1.304934 1.040507
 34.780002 -1.271147 0.857055
 34.980002 -1.341624 0.894911
 35.180002 -1.524907 0.985153
 35.380002 -1.511438 0.918746
 35.580002 -1.365118 0.765316
 35.780002 -1.287015 0.911127
 35.980002 -1.073014 0.949909
 36.180002 -1.526910 0.651197
 36.380002 -1.341436 0.957037
 36.580002 -1.411594 0.754381
 36.780002 -1.322269 1.043947
 36.980002 -1.385726 0.760619
 37.180002 -1.102768 0.883128
 37.380002 -1.335377 0.823844
 37.580002 -1.400971 0.998618
 37.780002 -1.469791 1.042719
 37.980002 -1.240326 0.711402
 38.180002 -1.451920 0.997809
 38.380002 -1.291958 0.755336
 38.580002 -1.385347 1.039121
 38.780002 -1.279501 0.881022
 38.980002 -1.320910 0.873441
 39.180002 -1.455159 0.977883
 39.380002 -1.620088 0.993972
 39.580002 -1.265007 0.927459
 39.780002 -1.329173 0.911438
 39.980002 -1.181920 0.817515
 40.180002 -1.304207 0.930632
 40.380002 -1.446943 0.892976
 40.580002 -1.328373 0.899787
 40.780002 -1.399037 0.928182
 40.980002 -1.375838 0.889098
 41.180002 -1.405981 0.886851
 41.380002 -1.168518 0.739662
 41.580002 -1.307795 0.942136
 41.780002 -1.495152 0.931922
 41.980002 -1.506535 0.864858
 42.180002 -1.438889 0.961185
 42.380002 -1.447037 0.895737
 42.580002 -1.254524 0.871453
 42.780002 -1.299081 0.783381
 42.980002 -1.402753 1.034427
 43.180002 -1.285068 0.721786
 43.380002 -1.482769 1.039398
 43.580002 -1.640281 0.898483
 43.780002 -1.387627 1.076211
 43.980002 -1.162457 0.697003
 44.180002 -1.288924 1.011117
 44.380002 -1.395049 0.769026
 44.580002 -1.353065 1.040272
 44.780002 -1.363068 0.822702
 44.980002 -1.401388 0.900918
 45.180002 -1.363542 0.901515
 45.380002 -1.481394 0.962678
 45.580002 -1.237520 0.905346
 45.780002 -1.231018 0.858657
 45.980002 -1.508646 0.989754
 46.180002 -1.505935 0.884052
 46.380002 -1.436542 0.829575
 46.580002 -1.407298 1.004892
 46.780002 -1.457773 0.925050
 46.980002 -1.272405 0.993540
 47.180002 -1.313037 0.988276
 47.380002 -1.280430 0.768117
 47.580002 -1.380354 1.026603
 47.780002 -1.591863 0.840373
 47.980002 -1.315462 0.983553
 48.180002 -1.225320 0.623564
 48.380002 -1.440248 1.227947
 48.580002 -1.287960 0.623286
 48.780002 -1.148429 1.139027
 48.980002 -1.382713 0.780126
 49.180002 -1.398553 1.167440
 49.380002 -1.579137 0.723688
 49.580002 -1.362074 1.031604
 49.780002 -1.229065 0.727865
 49.980002 -1.171169 1.065102
 50.180002 -1.432357 0.694659
 50.380002 -1.303157 0.957498
 50.580002 -1.484106 0.725621
 50.780002 -1.321010 0.961092
 50.980002 -1.418727 0.995528
 51.180002 -1.259794 0.876522
 51.380002 -1.216893 0.881258
 51.580002 -1.381597 0.887273
 51.780002 -1.620078 1.042563
 51.980002 -1.302906 0.796730
 52.180002 -1.347657 0.885717
 52.380002 -1.293119 0.825732
 52.580002 -1.302202 0.892607
 52.780003 -1.279476 0.819341
 52.980003 -1.260030 0.867075
 53.180003 -1.602441 1.027597
 53.380003 -1.424834 0.875731
 53.580003 -1.409854 0.956276
 53.780003 -1.222056 0.873073
 53.980003 -1.255459 0.949949
 54.180003 -1.314097 0.783448
 54.380003 -1.495144 1.027806
 54.580003 -1.261333 0.875189
 54.780003 -1.422104 0.855573
 54.980003 -1.431622 1.014914
 55.180003 -1.183069 0.792547
 55.380003 -1.326983 0.857914
 55.580003 -1.430042 0.869097
 55.780003 -1.539613 0.840184
 55.980003 -1.313239 0.881555
 56.180003 -1.401099 0.907785
 56.380003 -1.401793 0.899981
 56.580003 -1.420181 0.896417
 56.780003 -1.424585 1.035447
 56.980003 -1.458923 0.932117
 57.180003 -1.209593 0.839219
 57.380003 -1.459943 0.803100
 57.580003 -1.507272 0.983283
 57.780003 -1.418546 0.638431
 57.980003 -1.145215 1.006201
 58.180003 -1.339822 0.674446
 58.380003 -1.398000 1.182053
 58.580003 -1.496747 0.709152
 58.780003 -1.445991 0.898943
 58.980003 -1.414831 0.902623
 59.180003 -1.219271 0.997942
 59.380003 -1.360973 0.772986
 59.580003 -1.390753 1.091693
 59.780003 -1.354907 0.710434
 59.980003 -1.281867 0.974917
 60.180003 -1.451722 0.865934
 60.380003 -1.140022 1.021588
 60.580003 -1.309947 0.711720
 60.780003 -1.474340 1.110751
 60.980003 -1.292537 0.777492
 61.180003 -1.211224 0.973064
 61.380003 -1.196655 0.903736
 61.580003 -1.503850 0.958744
 61.780003 -1.585845 1.000767
 61.980003 -1.334186 0.909510
 62.180003 -1.168543 0.874795
 62.380003 -1.188864 0.943650
 62.580003 -1.378974 0.789725
 62.780003 -1.378757 0.971771
 62.980003 -1.397938 0.822457
 63.180003 -1.312563 0.739455
 63.380003 -1.446905 1.016235
 63.580003 -1.415031 0.751036
 63.780003 -1.352950 1.031537
 63.980003 -1.300303 0.691480
 64.180003 -1.099819 1.019975
 64.380003 -1.410682 0.766155
 64.580003 -1.363271 1.065017
 64.780003 -1.386781 0.722201
 64.980003 -1.166830 1.080295
 65.180003 -1.445997 0.944648
 65.380003 -1.397618 0.985312
 65.580003 -1.393566 0.785190
 65.780003 -1.303973 0.767118
 65.980003 -1.371933 0.961450
 66.180003 -1.285068 0.877915
 66.380003 -1.098031 1.015562
 66.580003 -1.339020 0.645661
 66.780003 -1.371399 1.210778
 66.980003 -1.619769 0.727267
 67.180003 -1.185542 1.021665
 67.380003 -1.298842 0.728823
 67.580003 -1.159343 0.972927
 67.780003 -1.392176 0.747876
 67.980003 -1.283534 0.992810
 68.180003 -1.355811 0.726340
 68.380003 -1.459802 1.015299
 68.580003 -1.413379 0.866783
 68.780003 -1.335157 1.024474
 68.980003 -1.123860 0.841754
 69.180003 -1.220126 0.877324
 69.380003 -1.403012 0.895270
 69.580003 -1.410399 1.003227
 69.780003 -1.333719 0.786907
 69.980003 -1.301222 0.958746
 70.180003 -1.344906 0.759118
 70.380003 -1.261183 0.939439
 70.580003 -1.363002 0.874897
 70.780003 -1.346694 0.905493
 70.980003 -1.459729 0.963787
 71.180003 -1.342741 0.849767
 71.380003 -1.399452 0.874629
 71.580003 -1.182521 0.871449
 71.780003 -1.269917 0.891865
 71.980003 -1.341138 0.827999
 72.180003 -1.300853 0.889769
 72.380003 -1.420410 0.864045
 72.580003 -1.443702 1.001177
 72.780003 -1.472546 0.813742
 72.980003 -1.283671 1.058720
 73.180003 -1.288679 0.728009
 73.380003 -1.164917 1.101479
 73.580003 -1.515046 0.757457
 73.780004 -1.303354 1.010584
 73.980004 -1.266287 0.743767
 74.180004 -1.282629 0.961510
 74.380004 -1.360496 0.927428
 74.580004 -1.199399 0.872816
 74.780004 -1.291265 0.839330
 74.980004 -1.378035 1.035101
 75.180004 -1.371452 0.782213
 75.380004 -1.450698 1.036373
 75.580004 -1.393359 0.843371
 75.780004 -1.315815 0.903238
 75.980004 -1.194218 0.804871
 76.180004 -1.407664 0.914892
 76.380004 -1.431645 0.875804
 76.580004 -1.500220 0.875234
 76.780004 -1.538636 1.015878
 76.980004 -1.408275 0.898092
 77.180004 -1.292381 0.987957
 77.380004 -1.341247 0.745621
 77.580004 -1.343145 1.066661
 77.780004 -1.372891 0.729384
 77.980004 -1.161594 0.981150
 78.180004 -1.420703 0.829883
 78.380004 -1.133169 0.906375
 78.580004 -1.447357 0.866617
 78.780004 -1.369624 1.025107
 78.980004 -1.411751 0.573350
 79.180004 -1.355157 1.049425
 79.380004 -1.440628 0.735774
 79.580004 -1.256612 1.056540
 79.780004 -1.362561 0.882404
 79.980004 -1.517739 0.994263
 80.180004 -1.432652 0.680179
 80.380004 -1.410531 1.132610
 80.580004 -1.267474 0.678444
 80.780004 -1.224743 1.066727
 80.980004 -1.210860 0.823907
 81.180004 -1.378481 1.005996
 81.380004 -1.709239 0.936052
 81.580004 -1.361904 0.961384
 81.780004 -1.509629 0.705234
 81.980004 -1.246998 0.973739
 82.180004 -1.090984 0.772225
 82.380004 -1.429932 0.736340
 82.580004 -1.467244 1.193467
 82.780004 -1.673403 0.557034
 82.980004 -1.287467 1.216898
 83.180004 -1.284787 0.598193
 83.380004 -1.163472 1.092819
 83.580004 -1.278454 0.825056
 83.780004 -1.583228 1.000109
 83.980004 -1.440104 0.792632
 84.180004 -1.583189 1.117922
 84.380004 -1.358807 0.860032
 84.580004 -1.086420 0.693608
 84.780004 -1.382497 1.028325
 84.980004 -1.482963 0.657771
 85.180004 -1.594974 1.102416
 85.380004 -1.517958 0.780888
 85.580004 -1.355224 1.028310
 85.780004 -1.301484 0.819570
 85.980004 -1.266047 1.046374
 86.180004 -1.417391 0.495334
 86.380004 -1.327549 1.121478
 86.580004 -1.525266 0.600790
 86.780004 -1.164015 0.979602
 86.980004 -1.435702 0.806075
 87.180004 -1.193541 0.943837
 87.380004 -1.419404 0.800591
 87.580004 -1.471097 0.968569
 87.780004 -1.418262 0.857418
 87.980004 -1.367433 0.945733
 88.180004 -1.479185 0.952067
 88.380004 -1.254202 0.930586
 88.580004 -1.242740 0.857109
 88.780004 -1.401463 0.826415
 88.980004 -1.426212 0.933806
 89.180004 -1.454744 0.939101
 89.380004 -1.596061 0.812954
 89.580004 -1.276153 0.833709
 89.780004 -1.151535 0.840140
 89.980004 -1.416554 0.787308
 90.180004 -1.484757 1.172132
 90.380004 -1.453973 0.679735
 90.580004 -1.275275 1.044680
 90.780004 -1.414076 0.801236
 90.980004 -1.188622 1.048519
 91.180004 -1.369718 0.582126
 91.380004 -1.176582 0.997091
 91.580004 -1.402574 0.641543
 91.780004 -1.450730 1.258685
 91.980004 -1.491790 0.635742
 92.180004 -1.124571 0.948289
 92.380004 -1.282784 0.876576
 92.580004 -1.358719 1.001225
 92.780004 -1.398369 0.932719
 92.980004 -1.187782 0.847125
 93.180004 -1.401069 0.895502
 93.380004 -1.264951 0.853849
 93.580004 -1.459224 1.007425
 93.780004 -1.239336 0.703791
 93.980004 -1.315686 0.903242
 94.180004 -1.367045 0.936163
 94.380004 -1.436849 0.855125
 94.580004 -1.323084 0.939962
 94.780005 -1.217681 0.799255
 94.980005 -1.303181 1.042183
 95.180005 -1.391828 0.778994
 95.380005 -1.434733 1.128788
 95.580005 -1.124697 0.740594
 95.780005 -1.109469 0.919107
 95.980005 -1.279342 0.774648
 96.180005 -1.358232 1.038691
 96.380005 -1.189173 0.798362
 96.580005 -1.409390 0.843826
 96.780005 -1.331427 0.945919
 96.980005 -1.335226 0.761259
 97.180005 -1.277143 1.008170
 97.380005 -1.215733 0.754091
 97.580005 -1.330823 1.085059
 97.780005 -1.370272 0.848025
 97.980005 -1.330807 1.028628
 98.180005 -1.240828 0.697484
 98.380005 -1.351691 1.033078
 98.580005 -1.324295 0.851521
 98.780005 -1.403944 0.839995
 98.980005 -1.358736 0.999891
 99.180005 -1.335751 0.765879
 99.380005 -1.366100 1.040924
 99.580005 -1.266904 0.737057
 99.780005 -1.324497 0.908606
 99.980005 -1.307138 0.878847
 100.180005 -1.245493 0.878633
 100.380005 -1.399754 0.965187
 100.580005 -1.251590 0.846198
 100.780005 -1.400764 0.977511
 100.980005 -1.460307 0.891528
 101.180005 -1.251698 0.852225
 101.380005 -1.167383 0.841944
 101.580005 -1.301493 0.876277
 101.780005 -1.321004 0.848265
 101.980005 -1.406851 0.988123
 102.180005 -1.329293 0.876705
 102.380005 -1.308725 0.861126
 102.580005 -1.303650 1.066262
 102.780005 -1.342748 0.871281
 102.980005 -1.287050 0.964916
 103.180005 -1.144301 0.814806
 103.380005 -1.528862 1.002391
 103.580005 -1.458864 0.915636
 103.780005 -1.248750 0.802467
 103.980005 -1.367447 0.995192
 104.180005 -1.313617 0.780744
 104.380005 -1.314469 0.966113
 104.580005 -1.228299 0.837300
 104.780005 -1.401229 0.884507
 104.980005 -1.375281 1.035566
 105.180005 -1.470330 0.789142
 105.380005 -1.351046 0.904347
 105.580005 -1.359920 0.955140
 105.780005 -1.250174 0.850192
 105.980005 -1.356445 0.955781
 106.180005 -1.451908 0.820350
 106.380005 -1.368680 0.882320
 106.580005 -1.540840 0.860123
 106.780005 -1.517678 1.043058
 106.980005 -1.152501 0.737295
 107.180005 -1.284775 1.091488
 107.380005 -1.463562 0.798146
 107.580005 -1.619472 1.134102
 107.780005 -1.238669 0.722145
 107.980005 -1.227629 1.036209
 108.180005 -1.260171 0.696168
 108.380005 -1.243718 0.992904
 108.580005 -1.418052 0.746961
 108.780005 -1.320331 0.972242
 108.980005 -1.309142 0.739013
 109.180005 -1.390398 1.077151
 109.380005 -1.422661 0.644906
 109.580005 -1.175535 0.871080
 109.780005 -1.309545 0.736348
 109.980005 -1.332663 0.964281
 110.180005 -1.391664 0.839718
 110.380005 -1.452749 0.945785
 110.580005 -1.413195 0.934303
 110.780005 -1.602272 0.973428
 110.980005 -1.424648 0.938272
 111.180005 -1.143586 0.780996
 111.380005 -1.325044 0.803434
 111.580005 -1.454167 1.003756
 111.780005 -1.375938 0.852705
 111.980005 -1.149909 0.866096
 112.180005 -1.426482 0.812563
 112.380005 -1.338615 1.110034
 112.580005 -1.191452 0.597161
 112.780005 -1.377106 1.118547
 112.980005 -1.175991 0.727488
 113.180005 -1.226715 0.985719
 113.380005 -1.423173 0.838113
 113.580005 -1.466251 1.041499
 113.780005 -1.285176 0.740921
 113.980005 -1.417882 1.094443
 114.180005 -1.358174 0.833965
 114.380005 -1.333927 0.822393
 114.580005 -1.198663 0.854110
 114.780005 -1.425238 0.870659
 114.980005 -1.324305 0.986620
 115.180005 -1.417776 0.677931
 115.380005 -1.422125 1.074430
 115.580005 -1.175178 0.611589
 115.780005 -1.417814 1.083338
 115.980006 -1.341296 0.812804
 116.180006 -1.459050 1.007382
 116.380006 -1.293193 0.781835
 116.580006 -1.456194 0.898987
 116.780006 -1.561859 1.062909
 116.980006 -1.411009 0.711876
 117.180006 -1.276851 0.881030
 117.380006 -1.301471 0.700632
 117.580006 -1.365303 0.946032
 117.780006 -1.467977 0.866843
 117.980006 -1.438377 0.850932
 118.180006 -1.418642 0.886809
 118.380006 -1.454611 0.953654
 118.580006 -1.284575 0.940146
 118.780006 -1.180034 0.828780
 118.980006 -1.407710 0.990966
 119.180006 -1.658709 0.892735
 119.380006 -1.426060 0.980434
 119.580006 -1.446468 0.848059
 119.780006 -1.387759 0.917523
 119.980006 -1.319423 0.839631
 120.180006 -1.415513 0.951138
 120.380006 -1.212976 0.671251
 120.580006 -1.273716 0.976963
 120.780006 -1.474905 0.755136
 120.980006 -1.452775 1.057975
 121.180006 -1.442154 0.832480
 121.380006 -1.368234 0.899233
 121.580006 -1.292921 0.938521
 121.780006 -1.227262 0.884885
 121.980006 -1.427274 0.999378
 122.180006 -1.284679 0.765213
 122.380006 -1.427703 0.811474
 122.580006 -1.483296 0.945257
 122.780006 -1.302766 0.824129
 122.980006 -1.412489 0.923176
 123.180006 -1.382072 0.870500
 123.380006 -1.343376 1.036668
 123.580006 -1.627950 0.859158
 123.780006 -1.366843 1.085129
 123.980006 -1.315972 0.723825
 124.180006 -1.389221 0.950658
 124.380006 -1.365745 0.743330
 124.580006 -1.237907 0.878752
 124.780006 -1.248612 0.884890
 124.980006 -1.336091 0.908873
 125.180006 -1.428131 0.991942
 125.380006 -1.377904 0.786018
 125.580006 -1.409288 0.989534
 125.780006 -1.407596 0.854108
 125.980006 -1.203366 0.885116
 126.180006 -1.286338 0.928973
 126.380006 -1.503535 0.879940
 126.580006 -1.202565 0.914054
 126.780006 -1.416299 0.813405
 126.980006 -1.250262 1.031070
 127.180006 -1.275589 0.680922
 127.380006 -1.175699 1.192920
 127.580006 -1.472091 0.823667
 127.780006 -1.106589 1.052770
 127.980006 -1.305300 0.764606
 128.180006 -1.410563 1.274336
 128.380006 -1.356761 0.771229
 128.580006 -1.268081 1.059750
 128.780006 -1.390172 0.710562
 128.980006 -1.224817 0.899557
 129.180006 -1.262245 0.703662
 129.380006 -1.343761 1.101075
 129.580006 -1.317510 0.644592
 129.780006 -1.331125 0.983601
 129.980006 -1.545031 0.947077
 130.180006 -1.269270 1.028064
 130.380006 -1.277404 0.812019
 130.580006 -1.386340 1.068029
 130.780006 -1.262185 0.862778
 130.980006 -1.481414 0.964048
 131.180006 -1.342790 0.935564
 131.380006 -1.363196 0.775781
 131.580006 -1.308316 0.902469
 131.780006 -1.608275 0.920608
 131.980006 -1.302337 0.931991
 132.180006 -1.220363 0.704651
 132.380006 -1.354901 1.032125
 132.580006 -1.406217 0.810603
 132.780006 -1.537999 1.028610
 132.980006 -1.356488 0.991994
 133.180006 -1.336718 0.939747
 133.380006 -1.309653 0.758918
 133.580006 -1.393032 0.983808
 133.780006 -1.370693 0.750542
 133.980006 -1.510959 1.097987
 134.180006 -1.534647 0.610950
 134.380006 -1.452771 1.128617
 134.580006 -1.308072 0.743855
 134.780006 -1.224385 1.006635
 134.980006 -1.361513 0.825582
 135.180006 -1.479512 1.016513
 135.380006 -1.633696 0.762929
 135.580006 -1.322350 0.952875
 135.780006 -1.431099 0.627509
 135.980006 -1.332733 1.070624
 136.180006 -1.270685 0.739622
 136.380006 -1.393195 1.059040
 136.580006 -1.488002 0.934321
 136.780006 -1.344386 0.862505
 136.980007 -1.354728 0.999844
 137.180007 -1.347795 0.822826
 137.380007 -1.224209 0.942659
 137.580007 -1.337793 0.696989
 137.780007 -1.362060 1.047802
 137.980007 -1.562193 0.795005
 138.180007 -1.408298 1.083786
 138.380007 -1.305003 0.753205
 138.580007 -1.466758 0.988753
 138.780007 -1.295045 0.850645
 138.980007 -1.207605 0.910475
 139.180007 -1.314152 0.915026
 139.380007 -1.348435 0.863295
 139.580007 -1.507826 0.885240
 139.780007 -1.252006 0.978737
 139.980007 -1.314606 0.775333
 140.180007 -1.293638 1.108583
 140.380007 -1.355320 0.827191
 140.580007 -1.353917 1.033549
 140.780007 -1.369775 0.886751
 140.980007 -1.267290 0.879155
 141.180007 -1.383905 0.930598
 141.380007 -1.320983 0.930879
 141.580007 -1.354496 0.855689
 141.780007 -1.294645 0.940214
 141.980007 -1.379131 0.911447
 142.180007 -1.330486 0.984023
 142.380007 -1.237553 0.860538
 142.580007 -1.414713 0.869698
 142.780007 -1.389271 0.978834
 142.980007 -1.205843 0.791552
 143.180007 -1.390290 0.893640
 143.380007 -1.437448 0.948806
 143.580007 -1.262001 0.702176
 143.780007 -1.347867 0.929707
 143.980007 -1.337328 0.866455
 144.180007 -1.363035 0.863002
 144.380007 -1.352793 0.942801
 144.580007 -1.436675 1.071198
 144.780007 -1.324725 0.921248
 144.980007 -1.152031 0.944614
 145.180007 -1.413871 0.803773
 145.380007 -1.356610 0.985184
 145.580007 -1.301001 0.741655
 145.780007 -1.367710 1.033257
 145.980007 -1.345238 0.842949
 146.180007 -1.197392 0.878520
 146.380007 -1.346578 0.915197
 146.580007 -1.368248 0.948152
 146.780007 -1.490032 0.918037
 146.980007 -1.459033 0.944811
 147.180007 -1.492148 0.925311
 147.380007 -1.244681 0.908414
 147.580007 -1.399463 0.734081
 147.780007 -1.369423 1.017176
 147.980007 -1.323865 0.567898
 148.180007 -1.379429 1.095922
 148.380007 -1.352801 0.768829
 148.580007 -1.337924 1.031523
 148.780007 -1.541813 0.852273
 148.980007 -1.345401 0.980198
 149.180007 -1.397655 0.884390
 149.380007 -1.214829 0.977544
 149.580007 -1.245625 0.835497
 149.780007 -1.399133 0.943121
 149.980007 -1.453115 0.857051
 150.180007 -1.406501 1.009068
 150.380007 -1.256878 0.683545
 150.580007 -1.344201 1.021692
 150.780007 -1.345691 0.920280
 150.980007 -1.258532 0.771503
 151.180007 -1.457218 0.932513
 151.380007 -1.412780 0.920151
 151.580007 -1.488448 0.868311
 151.780007 -1.366743 1.019715
 151.980007 -1.401176 0.828928
 152.180007 -1.248036 0.930127
 152.380007 -1.472523 0.885939
 152.580007 -1.211244 0.883029
 152.780007 -1.256407 0.858514
 152.980007 -1.163091 0.889672
 153.180007 -1.570447 0.824551
 153.380007 -1.403979 1.077928
 153.580007 -1.353741 0.657328
 153.780007 -1.375120 1.132615
 153.980007 -1.376829 0.742528
 154.180007 -1.349858 1.166733
 154.380007 -1.521007 0.747705
 154.580007 -1.465351 1.011825
 154.780007 -1.293577 0.770865
 154.980007 -1.115340 0.856843
 155.180007 -1.409673 0.813161
 155.380007 -1.292961 0.928803
 155.580007 -1.510943 0.920934
 155.780007 -1.453435 0.925086
 155.980007 -1.332575 0.992537
 156.180007 -1.271372 0.766462
 156.380007 -1.531658 0.973378
 156.580007 -1.532607 1.020569
 156.780007 -1.235897 0.785796
 156.980007 -1.419233 0.866879
 157.180007 -1.405424 0.936208
 157.380007 -1.411665 0.923655
 157.580007 -1.384833 0.869583
 157.780007 -1.465835 0.844087
 157.980008 -1.355712 0.859083
 158.180008 -1.458206 0.878389
 158.380008 -1.385841 0.985616
 158.580008 -1.263462 0.814604
 158.780008 -1.477814 0.891463
 158.980008 -1.516560 0.928585
 159.180008 -1.415644 0.813614
 159.380008 -1.255105 0.829567
 159.580008 -1.356630 0.803965
 159.780008 -1.481049 0.898356
 159.980008 -1.403952 0.875184
 160.180008 -1.541489 0.798645
 160.380008 -1.316181 1.000969
 160.580008 -1.284632 0.627899
 160.780008 -1.426332 1.119032
 160.980008 -1.290900 0.710092
 161.180008 -1.272279 0.942348
 161.380008 -1.554205 0.937490
 161.580008 -1.353903 0.816200
 161.780008 -1.489603 0.943477
 161.980008 -1.516832 0.960951
 162.180008 -1.358756 0.745095
 162.380008 -1.428051 0.983580
 162.580008 -1.286113 0.785719
 162.780008 -1.218655 0.895500
 162.980008 -1.446647 0.875963
 163.180008 -1.480493 1.062721
 163.380008 -1.480117 0.676754
 163.580008 -1.449203 1.035733
 163.780008 -1.385251 0.852623
 163.980008 -1.170013 0.890757
 164.180008 -1.392894 0.817338
 164.380008 -1.411140 0.962522
 164.580008 -1.250061 0.858891
 164.780008 -1.288769 0.864336
 164.980008 -1.505353 1.085831
 165.180008 -1.508632 0.916201
 165.380008 -1.355352 0.992374
 165.580008 -1.210179 0.829722
 165.780008 -1.264677 0.929343
 165.980008 -1.411557 0.841529
 166.180008 -1.411111 0.961091
 166.380008 -1.358534 0.911487
 166.580008 -1.332640 0.874070
 166.780008 -1.412006 0.970446
 166.980008 -1.289577 0.880037
 167.180008 -1.198275 0.909589
 167.380008 -1.277620 0.825347
 167.580008 -1.378750 1.011694
 167.780008 -1.456190 0.838460
 167.980008 -1.433297 1.058884
 168.180008 -1.479249 0.802870
 168.380008 -1.438970 1.007882
 168.580008 -1.402190 0.806130
 168.780008 -1.228088 0.751836
 168.980008 -1.053165 0.893479
 169.180008 -1.557933 0.775335
 169.380008 -1.500050 1.211041
 169.580008 -1.432560 0.720558
 169.780008 -1.278662 0.994060
 169.980008 -1.390567 0.820233
 170.180008 -1.162711 1.061414
 170.380008 -1.210645 0.698729
 170.580008 -1.321962 0.988593
 170.780008 -1.482040 0.598779
 170.980008 -1.380972 1.123547
 171.180008 -1.459928 0.794399
 171.380008 -1.174522 1.017111
 171.580008 -1.288064 0.848039
 171.780008 -1.513712 1.090521
 171.980008 -1.539287 0.871983
 172.180008 -1.142904 0.908156
 172.380008 -1.421946 0.950514
 172.580008 -1.398017 0.851698
 172.780008 -1.422324 0.963055
 172.980008 -1.289231 0.776222
 173.180008 -1.408999 0.997916
 173.380008 -1.511447 0.903360
 173.580008 -1.644705 1.027619
 173.780008 -1.529750 0.720933
 173.980008 -1.276797 0.880123
 174.180008 -1.100670 0.742771
 174.380008 -1.396567 1.062577
 174.580008 -1.385701 0.756653
 174.780008 -1.324086 0.957510
 174.980008 -1.526609 0.770288
 175.180008 -1.470287 0.950306
 175.380008 -1.612367 0.922997
 175.580008 -1.145332 0.917606
 175.780008 -1.196075 0.893227
 175.980008 -1.345121 0.878589
 176.180008 -1.609548 0.964722
 176.380008 -1.410328 0.771021
 176.580008 -1.393245 0.844600
 176.780008 -1.482699 0.979445
 176.980008 -1.242022 0.797252
 177.180008 -1.369253 0.959225
 177.380008 -1.112997 0.744424
 177.580008 -1.403393 0.941069
 177.780008 -1.580210 0.932482
 177.980008 -1.500996 1.019792
 178.180008 -1.368398 0.757975
 178.380008 -1.281256 1.038527
 178.580008 -1.172907 0.670638
 178.780008 -1.256440 1.033268
 178.980009 -1.385365 0.857514
 179.180009 -1.469804 0.899340
 179.380009 -1.514462 0.967537
 179.580009 -1.532722 0.931684
 179.780009 -1.381966 0.925688
 179.980009 -1.285704 0.693153
 180.180009 -1.275251 0.890001
 180.380009 -1.403034 0.902772
 180.580009 -1.369864 0.865032
 180.780009 -1.386963 0.829624
 180.980009 -1.522226 0.977892
 181.180009 -1.409848 0.856459
 181.380009 -1.309171 0.958854
 181.580009 -1.025699 0.904556
 181.780009 -1.295435 0.787645
 181.980009 -1.474436 1.096540
 182.180009 -1.530851 0.708622
 182.380009 -1.460041 1.098476
 182.580009 -1.333849 0.692368
 182.780009 -1.292716 1.022559
 182.980009 -1.185851 0.713847
 183.180009 -1.246750 0.972748
 183.380009 -1.349292 0.802134
 183.580009 -1.398758 0.930451
 183.780009 -1.438813 0.808843
 183.980009 -1.409222 1.016366
 184.180009 -1.176404 0.889434
 184.380009 -1.157611 0.823623
 184.580009 -1.414523 1.032086
 184.780009 -1.343385 0.745446
 184.980009 -1.482766 0.975780
 185.180009 -1.452564 0.890476
 185.380009 -1.319528 0.907688
 185.580009 -1.359145 0.916084
 185.780009 -1.333532 0.930908
 185.980009 -1.387739 0.831664
 186.180009 -1.527358 1.009557
 186.380009 -1.408594 0.885649
 186.580009 -1.425748 0.834940
 186.780009 -1.392250 1.044286
 186.980009 -1.191289 0.544350
 187.180009 -1.456686 1.121862
 187.380009 -1.575684 0.731834
 187.580009 -1.510610 1.132772
 187.780009 -1.267663 0.687679
 187.980009 -1.391215 0.934599
 188.180009 -1.427472 0.836220
 188.380009 -1.342762 0.920932
 188.580009 -1.389378 0.939980
 188.780009 -1.402767 0.728749
 188.980009 -1.301835 0.953920
 189.180009 -1.502443 0.834199
 189.380009 -1.351032 1.066906
 189.580009 -1.298635 0.676480
 189.780009 -1.259339 1.022997
 189.980009 -1.530718 0.658841
 190.180009 -1.557234 1.165558
 190.380009 -1.503933 0.793713
 190.580009 -1.289580 1.015308
 190.780009 -1.198647 0.826447
 190.980009 -1.278436 0.921322
 191.180009 -1.451409 0.886079
 191.380009 -1.308918 0.838423
 191.580009 -1.566977 0.939239
 191.780009 -1.380497 0.671961
 191.980009 -1.668498 1.149871
 192.180009 -1.179631 0.669611
 192.380009 -1.295381 0.910103
 192.580009 -1.523392 0.921657
 192.780009 -1.514296 0.735976
 192.980009 -1.558645 1.073113
 193.180009 -1.397110 0.794549
 193.380009 -1.285966 0.883702
 193.580009 -1.375860 0.970861
 193.780009 -1.437670 0.865542
 193.980009 -1.442895 0.933060
 194.180009 -1.440156 1.070004
 194.380009 -1.099357 0.731714
 194.580009 -1.411720 0.927584
 194.780009 -1.206052 0.995215
 194.980009 -1.440615 0.761085
 195.180009 -1.266659 1.109348
 195.380009 -1.358986 0.586492
 195.580009 -1.269154 1.164584
 195.780009 -1.352334 0.556105
 195.980009 -1.213516 1.112292
 196.180009 -1.429370 0.522405
 196.380009 -1.223327 1.170171
 196.580009 -1.434981 0.378992
 196.780009 -1.356306 0.968658
 196.980009 -1.416436 0.735303
 197.180009 -1.649032 0.965361
 197.380009 -1.496118 0.934066
 197.580009 -1.278796 0.896062
 197.780009 -1.140240 0.974573
 197.980009 -1.578238 0.784863
 198.180009 -1.335200 1.130954
 198.380009 -1.470666 0.667754
 198.580009 -1.282648 0.954611
 198.780009 -1.344392 0.734072
 198.980009 -1.249894 1.077349
 199.180009 -1.265686 0.608573
 199.380009 -1.321043 1.181620
 199.580009 -1.294270 0.555453
 199.780009 -1.453918 1.207106
 199.980009 -1.388624 0.596734
