#! FIELDS time phi psi
#! SET max_psi pi
 0.180000 -2.223575 -3.123222
 0.380000 -2.735369 2.044230
 0.580000 -2.741599 2.051646
 0.780000 -3.099456 2.430717
 0.980000 -2.392350 2.017071
 1.180000 3.107985 2.518586
 1.380000 -2.474305 1.911768
 1.580000 -2.784725 2.084425
 1.780000 -2.766332 2.391622
 1.980000 -2.786365 1.690961
 2.180000 -2.876891 2.549979
 2.380000 -2.816894 1.778031
 2.580000 -2.841643 2.183329
 2.780000 -2.891140 2.246790
 2.980000 -2.720778 2.006859
 3.180000 -3.034058 2.159413
 3.380000 -2.526633 1.987743
 3.580000 -2.889757 2.322620
 3.780000 -2.665312 2.044976
 3.980000 -2.721794 2.382257
 4.180000 -2.820009 2.121290
 4.380000 -2.838279 2.113483
 4.580000 -2.747071 2.268600
 4.780000 -2.766050 2.024336
 4.980000 -2.888250 2.238463
 5.180000 -2.756046 2.095864
 5.380000 -2.773385 2.183171
 5.580000 -2.766502 2.195509
 5.780000 -2.820155 2.061494
 5.980000 -2.823880 2.315214
 6.180000 -2.852838 1.980011
 6.380000 -2.865238 2.185617
 6.580000 -2.843773 2.330179
 6.780000 -2.733234 1.978188
 6.980000 -3.034468 2.298337
 7.180000 -2.741683 2.050565
 7.380000 -2.862123 2.398428
 7.580000 -2.858918 1.968548
 7.780000 -2.906000 2.227694
 7.980000 -2.770066 2.353280
 8.180000 -2.837164 1.901704
 8.380000 -2.881689 2.309317
 8.580000 -2.743387 2.078955
 8.780000 -2.764422 2.165366
 8.980000 -2.956238 2.126268
 9.180000 -2.702045 2.126954
 9.380000 -2.941797 2.326761
 9.580000 -2.887282 1.996852
 9.780000 -2.892816 2.112348
 9.980000 -2.717970 2.343539
 10.180000 -2.659776 2.018772
 10.380000 -2.814152 2.320323
 10.580001 -2.558761 2.000063
 10.780001 -2.749977 2.279395
 10.980001 -2.709444 2.070049
 11.180001 -2.733716 2.394657
 11.380001 -2.760181 2.154621
 11.580001 -2.890919 2.047647
 11.780001 -2.656026 2.463477
 11.980001 -2.802527 1.956877
 12.180001 -2.759619 2.298730
 12.380001 -2.801058 2.024160
 12.580001 -2.716110 2.238860
 12.780001 -2.934870 2.086765
 12.980001 -2.732693 2.094141
 13.180001 -2.999533 2.223966
 13.380001 -2.725753 1.992193
 13.580001 -2.971703 2.248628
 13.780001 -2.660144 2.019041
 13.980001 -2.874776 2.181863
 14.180001 -2.516975 2.254640
 14.380001 -2.926599 2.050407
 14.580001 -2.800569 2.330092
 14.780001 -2.790348 2.038705
 14.980001 -2.958616 2.396743
 15.180001 -2.851703 2.024622
 15.380001 -2.790489 2.236965
 15.580001 -2.894038 2.130790
 15.780001 -2.571986 1.999982
 15.980001 -2.757506 2.612436
 16.180001 -2.664082 1.767323
 16.380001 -2.815987 2.509467
 16.580001 -2.736705 2.074208
 16.780001 -2.945682 1.957746
 16.980001 -3.012395 2.221185
 17.180001 -2.816276 1.903741
 17.380001 -2.963743 2.368320
 17.580001 -2.755896 1.850338
 17.780001 -2.738735 2.440440
 17.980001 -2.701410 2.154171
 18.180001 -2.660839 2.026670
 18.380001 -2.601492 2.396057
 18.580001 -2.715578 2.013030
 18.780001 -2.756368 2.351691
 18.980001 -2.527525 2.203206
 19.180001 -2.831215 2.083767
 19.380001 -2.709831 2.239195
 19.580001 -2.611088 2.119266
 19.780001 -2.952779 2.140973
 19.980001 -2.824388 2.130072
 20.180001 -2.843708 2.351739
 20.380001 -2.995493 1.963853
 20.580001 -3.073441 2.050380
 20.780001 -2.828202 2.174902
 20.980001 -2.911712 2.147524
 21.180001 -2.876330 2.006439
 21.380001 -2.873937 2.274026
 21.580001 -2.823699 2.129052
 21.780001 -2.930362 2.110958
 21.980001 -2.751629 2.179668
 22.180001 -2.645274 2.092551
 22.380001 -2.815999 2.288290
 22.580001 -2.647074 2.084010
 22.780001 -2.779627 2.458559
 22.980001 -2.702481 2.073770
 23.180001 -2.769640 2.175841
 23.380001 -2.397575 2.348867
 23.580001 -2.826221 2.029483
 23.780001 -2.706336 2.314996
 23.980001 -2.774750 2.054712
 24.180001 -2.862444 2.209566
 24.380001 -3.035960 2.014284
 24.580001 -2.785077 2.172228
 24.780001 -2.903471 2.257431
 24.980001 -2.802884 1.939773
 25.180001 -2.916938 2.209035
 25.380001 -2.636205 2.180318
 25.580001 -2.879914 2.089542
 25.780001 -2.755287 2.084483
 25.980001 -2.810358 2.303507
 26.180001 -2.771329 2.320398
 26.380001 -2.981120 2.146273
 26.580001 -2.669137 2.250685
 26.780001 -2.645790 2.341562
 26.980001 -2.497274 2.110147
 27.180001 -2.748054 2.157098
 27.380001 -2.637618 2.197738
 27.580001 -2.938041 2.291859
 27.780001 -2.853205 1.916432
 27.980001 -2.860518 2.311656
 28.180001 -2.934051 2.174896
 28.380001 -2.968164 1.966484
 28.580001 -2.943820 2.243332
 28.780001 -2.778988 2.130292
 28.980001 -3.008056 2.116166
 29.180001 -2.818087 2.101246
 29.380001 -2.745981 2.263664
 29.580001 -2.861244 2.229084
 29.780001 -2.716783 2.224121
 29.980001 -2.735260 2.320581
 30.180001 -2.785400 2.076109
 30.380001 -2.803861 2.240986
 30.580001 -2.683261 2.248043
 30.780001 -2.947445 1.991734
 30.980001 -2.739161 2.302892
 31.180001 -2.741001 2.186431
 31.380001 -2.995711 2.028055
 31.580001 -2.881201 2.092776
 31.780002 -2.914197 2.200525
 31.980002 -2.956186 2.010229
 32.180002 -2.931986 2.096233
 32.380002 -2.761410 2.198180
 32.580002 -2.969983 2.048868
 32.780002 -2.809436 2.105524
 32.980002 -2.644231 2.252503
 33.180002 -2.637976 2.208527
 33.380002 -2.733109 2.144446
 33.580002 -2.358289 2.256571
 33.780002 -2.783689 2.144924
 33.980002 -2.570009 2.189272
 34.180002 -2.774906 2.260225
 34.380002 -2.581357 2.213510
 34.580002 -2.907479 2.104074
 34.780002 -2.714455 2.312109
 34.980002 -2.965540 1.936468
 35.180002 -2.860694 2.288723
 35.380002 -3.083691 2.035714
 35.580002 -2.855362 2.109573
 35.780002 3.078101 2.067854
 35.980002 -2.630924 2.077739
 36.180002 -3.079105 2.256383
 36.380002 -2.684173 2.087817
 36.580002 -2.780901 2.249950
 36.780002 -2.602098 2.339163
 36.980002 -2.799027 1.876471
 37.180002 -2.749105 2.331382
 37.380002 -2.741462 2.028636
 37.580002 -2.932060 2.228977
 37.780002 -2.946850 1.955999
 37.980002 -2.809191 2.285276
 38.180002 -2.855212 2.269328
 38.380002 -2.823595 1.883744
 38.580002 -2.840741 2.381694
 38.780002 -2.688975 2.043528
 38.980002 -2.898843 2.184007
 39.180002 -2.670504 2.364332
 39.380002 -2.687040 2.096056
 39.580002 -2.899599 2.372071
 39.780002 -2.609361 2.109044
 39.980002 -2.769189 2.304825
 40.180002 -2.696165 2.085800
 40.380002 -2.644522 2.219875
 40.580002 -2.748190 2.275761
 40.780002 -2.920903 1.902986
 40.980002 -2.800348 2.291402
 41.180002 -2.907540 2.119722
 41.380002 -2.856643 2.210429
 41.580002 -2.978940 2.256765
 41.780002 -2.836082 2.010862
 41.980002 -2.945113 2.340570
 42.180002 -2.745844 1.949404
 42.380002 -2.848703 2.356026
 42.580002 -2.669983 2.032689
 42.780002 -2.915097 2.227003
 42.980002 -2.641363 2.153759
 43.180002 -2.910944 2.106282
 43.380002 -2.777852 2.250648
 43.580002 -2.887692 2.127302
 43.780002 -2.725426 2.276043
 43.980002 -2.939503 2.052174
 44.180002 -2.620980 2.169844
 44.380002 -2.936097 2.162665
 44.580002 -2.702392 2.141608
 44.780002 -2.844456 2.145348
 44.980002 -2.816987 2.187291
 45.180002 -2.888197 1.983411
 45.380002 -2.699939 2.437426
 45.580002 -2.777131 2.055566
 45.780002 -2.718942 2.211442
 45.980002 -2.941066 2.226567
 46.180002 -2.691036 2.064316
 46.380002 -2.954104 2.426718
 46.580002 -2.669966 1.923636
 46.780002 -2.814395 2.323634
 46.980002 -2.714114 2.008594
 47.180002 -2.792205 2.070834
 47.380002 -2.798102 2.326043
 47.580002 -2.725380 1.952332
 47.780002 -2.933648 2.334531
 47.980002 -2.708041 2.208703
 48.180002 -2.906458 2.109230
 48.380002 -2.740143 2.206855
 48.580002 -2.830337 2.089572
 48.780002 -2.694542 2.240723
 48.980002 -2.728938 2.068082
 49.180002 -2.688489 2.235624
 49.380002 -2.869777 2.296485
 49.580002 -2.641162 2.243837
 49.780002 -2.821782 2.146057
 49.980002 -2.592440 2.354763
 50.180002 -2.799321 2.157766
 50.380002 -2.648218 2.132410
 50.580002 -2.986978 2.208608
 50.780002 -2.674593 2.092367
 50.980002 -3.067364 2.136471
 51.180002 -2.871906 2.187878
 51.380002 -2.882326 2.067647
 51.580002 -2.831097 2.295919
 51.780002 -2.920228 1.855562
 51.980002 -2.692342 2.184380
 52.180002 -2.810585 2.209548
 52.380002 -2.556211 2.017852
 52.580002 -2.809196 2.384376
 52.780003 -2.579984 2.129488
 52.980003 -2.975391 2.249109
 53.180003 -2.676438 2.050864
 53.380003 -3.063764 2.132321
 53.580003 -2.645918 2.192131
 53.780003 -3.088757 2.115598
 53.980003 -2.782307 2.045825
 54.180003 -3.043880 2.168202
 54.380003 -2.749288 2.139632
 54.580003 -3.055021 2.138225
 54.780003 -2.642718 2.131505
 54.980003 -2.842174 2.252403
 55.180003 -2.605249 2.183534
 55.380003 -2.814660 2.211772
 55.580003 -2.578419 2.210736
 55.780003 -2.900531 2.208005
 55.980003 -2.531607 2.180018
 56.180003 -2.751607 2.216628
 56.380003 -2.540523 2.160970
 56.580003 -2.870248 2.116914
 56.780003 -2.600793 2.297668
 56.980003 -2.950997 1.983665
 57.180003 -2.742239 2.131590
 57.380003 -2.954109 2.282827
 57.580003 -2.748182 1.964298
 57.780003 -3.089902 2.222886
 57.980003 -2.563403 2.053579
 58.180003 -3.041329 2.288900
 58.380003 -2.632770 1.960320
 58.580003 -2.870597 2.425350
 58.780003 -2.630561 2.015555
 58.980003 -2.907845 2.148557
 59.180003 -2.659521 2.215226
 59.380003 -2.966693 2.033833
 59.580003 -2.702953 2.237018
 59.780003 -2.860222 2.105692
 59.980003 -2.713376 2.205736
 60.180003 -2.944060 2.169934
 60.380003 -2.508182 2.129579
 60.580003 -2.791338 2.334765
 60.780003 -2.500633 2.078586
 60.980003 -2.774660 2.307100
 61.180003 -2.701256 2.121759
 61.380003 -2.880760 2.229130
 61.580003 -2.812219 2.337119
 61.780003 -2.951771 1.953838
 61.980003 -2.797330 2.246255
 62.180003 -2.886038 2.225140
 62.380003 -2.723674 2.010991
 62.580003 -3.025332 2.177246
 62.780003 -2.712669 2.109215
 62.980003 -3.071828 2.386760
 63.180003 -2.877289 2.041053
 63.380003 -3.009360 2.147527
 63.580003 -2.835738 2.208782
 63.780003 -2.794219 2.080365
 63.980003 -2.749905 2.283058
 64.180003 -2.777698 2.031763
 64.380003 -2.501709 2.331797
 64.580003 -2.823255 2.338526
 64.780003 -2.808537 2.029420
 64.980003 -2.678329 2.387672
 65.180003 -2.538990 2.154860
 65.380003 -2.779050 2.210145
 65.580003 -2.777611 2.025442
 65.780003 -2.663575 2.152760
 65.980003 -3.004965 2.077685
 66.180003 -2.799866 2.213411
 66.380003 -3.071785 2.167406
 66.580003 -2.869525 1.994429
 66.780003 3.136386 2.188437
 66.980003 -2.726058 2.020015
 67.180003 -3.115800 2.125969
 67.380003 -2.658272 1.921257
 67.580003 -2.905064 2.333245
 67.780003 -2.529755 2.174819
 67.980003 -2.884203 2.078430
 68.180003 -2.453214 2.308850
 68.380003 -2.797653 2.119513
 68.580003 -2.670686 2.131698
 68.780003 -2.691951 2.203235
 68.980003 -2.660597 2.152638
 69.180003 -3.024971 2.073452
 69.380003 -2.679612 2.252485
 69.580003 -2.939399 2.082607
 69.780003 -2.873840 2.155763
 69.980003 -2.996301 2.179866
 70.180003 -2.740671 2.098676
 70.380003 -2.933208 2.171798
 70.580003 -2.581395 2.126265
 70.780003 -2.881730 2.307284
 70.980003 -2.743235 2.069447
 71.180003 -2.867979 2.265433
 71.380003 -2.675013 2.289190
 71.580003 -2.682167 2.078294
 71.780003 -2.793680 2.141321
 71.980003 -2.599541 2.172587
 72.180003 -2.865889 2.241461
 72.380003 -2.705869 2.143229
 72.580003 -2.928220 2.075659
 72.780003 -2.759943 2.374556
 72.980003 -3.048881 1.841711
 73.180003 -2.910766 2.250169
 73.380003 -3.045878 1.889028
 73.580003 -2.779844 2.149456
 73.780004 -2.886280 2.214414
 73.980004 -2.772071 1.970759
 74.180004 -3.072797 2.202951
 74.380004 -2.753318 2.069264
 74.580004 -2.951561 2.307799
 74.780004 -2.681763 2.123629
 74.980004 -2.808841 2.171817
 75.180004 -2.589817 2.277759
 75.380004 -2.728546 2.016769
 75.580004 -2.519832 2.290675
 75.780004 -2.906284 2.007385
 75.980004 -2.724292 2.439861
 76.180004 -2.776577 2.108816
 76.380004 -2.730338 2.224814
 76.580004 -2.839165 2.327474
 76.780004 -2.522701 2.075520
 76.980004 -2.831405 2.384525
 77.180004 -2.636036 1.779531
 77.380004 -2.958365 2.497935
 77.580004 -2.793032 1.893064
 77.780004 -3.005897 2.327908
 77.980004 -2.926444 1.919138
 78.180004 -2.894016 2.120912
 78.380004 -2.997450 2.189149
 78.580004 -2.831638 1.818560
 78.780004 -3.004888 2.512476
 78.980004 -2.788503 1.907862
 79.180004 -2.957896 2.297730
 79.380004 -2.659861 2.134788
 79.580004 -2.670696 2.326931
 79.780004 -2.700155 2.100803
 79.980004 -2.578098 2.165066
 80.180004 -2.642961 2.368577
 80.380004 -2.859962 2.026597
 80.580004 -2.650976 2.385524
 80.780004 -2.628565 2.192488
 80.980004 -2.817120 1.993904
 81.180004 -2.860422 2.315526
 81.380004 -2.680013 2.018495
 81.580004 -3.043698 2.113124
 81.780004 -2.790812 1.981079
 81.980004 -2.928965 2.251383
 82.180004 -2.876872 2.054863
 82.380004 -2.824106 2.171051
 82.580004 -2.907125 2.103905
 82.780004 -2.762266 1.950819
 82.980004 -2.627709 2.386963
 83.180004 -2.744884 1.972319
 83.380004 -2.752842 2.261997
 83.580004 -2.602623 2.151501
 83.780004 -2.809703 2.287427
 83.980004 -2.709819 2.197156
 84.180004 -2.629264 2.203873
 84.380004 -2.676082 2.273979
 84.580004 -2.696600 1.996170
 84.780004 -2.669754 2.374664
 84.980004 -2.826045 1.903147
 85.180004 -2.854950 2.363515
 85.380004 -2.896790 2.039135
 85.580004 -2.871732 2.148085
 85.780004 -3.011829 2.201871
 85.980004 -2.550113 2.002281
 86.180004 -3.118456 2.233772
 86.380004 -2.527196 1.945859
 86.580004 -3.041028 2.443046
 86.780004 -2.728447 1.838997
 86.980004 -2.967949 2.334444
 87.180004 -2.751410 2.159185
 87.380004 -2.934536 2.016941
 87.580004 -2.816387 2.369510
 87.780004 -2.693861 2.063594
 87.980004 -2.790694 2.200619
 88.180004 -2.697015 1.988761
 88.380004 -2.554259 2.292559
 88.580004 -2.892111 2.090059
 88.780004 -2.503384 2.175836
 88.980004 -2.680977 2.458451
 89.180004 -2.829800 1.769369
 89.380004 -2.917138 2.424616
 89.580004 -2.672294 1.997901
 89.780004 -3.052390 2.102023
 89.980004 -2.866766 2.079045
 90.180004 -2.861460 2.118114
 90.380004 -2.958057 2.090869
 90.580004 -2.814403 2.019123
 90.780004 -2.825754 2.449195
 90.980004 -2.962359 1.925445
 91.180004 -2.782770 2.288951
 91.380004 -2.712617 2.235336
 91.580004 -2.761621 2.068638
 91.780004 -2.751801 2.268257
 91.980004 -2.550944 2.227623
 92.180004 -2.800822 2.115453
 92.380004 -2.855645 2.150459
 92.580004 -2.724890 2.323511
 92.780004 -2.959274 2.104922
 92.980004 -2.877039 2.059008
 93.180004 -2.978807 2.286888
 93.380004 -2.787820 2.008234
 93.580004 -3.037201 2.195526
 93.780004 -2.868355 2.072461
 93.980004 -3.083341 2.090137
 94.180004 -2.913561 2.172173
 94.380004 -2.844898 2.147222
 94.580004 -2.800190 2.277580
 94.780005 -2.823676 2.152925
 94.980005 -2.492189 2.153127
 95.180005 -2.783019 2.306267
 95.380005 -2.594520 1.975505
 95.580005 -2.778345 2.520171
 95.780005 -2.590089 1.923784
 95.980005 -2.849291 2.433596
 96.180005 -2.669061 1.997814
 96.380005 -2.664749 2.207186
 96.580005 -2.761622 2.181862
 96.780005 -2.644276 2.039924
 96.980005 -2.825548 2.264435
 97.180005 -2.727129 2.040466
 97.380005 -2.954490 2.075685
 97.580005 -2.694732 2.309516
 97.780005 -2.866219 2.173588
 97.980005 -2.865944 2.098017
 98.180005 -2.804740 2.242926
 98.380005 -2.726633 2.221001
 98.580005 -2.997201 2.121854
 98.780005 -2.789773 2.069925
 98.980005 -2.789070 2.460502
 99.180005 -2.886861 1.914046
 99.380005 -2.925236 2.358524
 99.580005 -2.731335 2.111055
 99.780005 -2.885216 2.254094
 99.980005 -2.908617 2.004932
 100.180005 -2.729661 2.243622
 100.380005 -2.878151 2.242457
 100.580005 -2.843665 1.869169
 100.780005 -2.703917 2.317540
 100.980005 -2.721808 2.061628
 101.180005 -2.704370 2.220346
 101.380005 -2.612273 2.268064
 101.580005 -2.646309 2.105523
 101.780005 -2.817545 2.323015
 101.980005 -2.570083 2.078944
 102.180005 -2.941670 2.257811
 102.380005 -2.781004 2.146936
 102.580005 -2.874100 2.083762
 102.780005 -2.879216 2.244274
 102.980005 -2.916713 2.165352
 103.180005 -2.850343 2.212492
 103.380005 -3.073743 2.086855
 103.580005 -2.953458 2.088104
 103.780005 -2.932637 2.159644
 103.980005 -2.902284 2.227319
 104.180005 -3.003222 1.946640
 104.380005 -2.954628 2.382128
 104.580005 -2.749889 2.038603
 104.780005 -2.948951 2.197017
 104.980005 -2.678923 2.096105
 105.180005 -2.759150 2.306434
 105.380005 -2.758250 2.213221
 105.580005 -2.573246 2.116867
 105.780005 -2.637557 2.325980
 105.980005 -2.643179 2.190753
 106.180005 -2.760670 2.027290
 106.380005 -2.799097 2.303946
 106.580005 -2.741854 2.011506
 106.780005 -2.972549 2.252048
 106.980005 -2.892772 2.070143
 107.180005 -2.970632 2.363276
 107.380005 -2.849499 2.020380
 107.580005 -2.964688 2.157819
 107.780005 -2.845475 2.199768
 107.980005 -2.884796 2.178444
 108.180005 -2.836985 2.159219
 108.380005 -2.797690 2.307285
 108.580005 -2.820378 2.229774
 108.780005 -2.840153 2.152340
 108.980005 -2.622956 2.235613
 109.180005 -2.732968 2.345465
 109.380005 -2.690356 2.033276
 109.580005 -2.792576 2.264991
 109.780005 -2.714970 2.113927
 109.980005 -2.890701 2.188120
 110.180005 -2.839928 2.063264
 110.380005 -2.893378 2.132076
 110.580005 -2.958642 2.194936
 110.780005 -2.783565 2.089807
 110.980005 -3.036584 2.202242
 111.180005 -2.826046 2.100059
 111.380005 -2.848297 2.168030
 111.580005 -2.748731 2.204540
 111.780005 -2.847159 2.096558
 111.980005 -2.894173 2.328722
 112.180005 -2.751113 2.117862
 112.380005 -2.880042 2.325907
 112.580005 -2.789874 2.203053
 112.780005 -2.673722 2.150744
 112.980005 -2.707942 2.332215
 113.180005 -2.664942 1.921489
 113.380005 -2.785028 2.394258
 113.580005 -2.736377 2.096040
 113.780005 -2.837887 2.140151
 113.980005 -2.908071 2.267663
 114.180005 -2.715304 2.042948
 114.380005 -2.824076 2.339342
 114.580005 -2.715567 1.935810
 114.780005 -2.877290 2.196907
 114.980005 -2.827824 2.086038
 115.180005 -2.925562 2.112710
 115.380005 -2.878263 2.120554
 115.580005 -2.873967 2.096495
 115.780005 -2.864723 2.170451
 115.980006 -2.768000 2.139912
 116.180006 -2.964683 2.253476
 116.380006 -2.729641 2.049664
 116.580006 -2.817235 2.245956
 116.780006 -2.656608 2.171907
 116.980006 -2.797346 2.004863
 117.180006 -2.659416 2.309699
 117.380006 -2.739649 2.097073
 117.580006 -2.799132 2.282378
 117.780006 -2.813709 2.185991
 117.980006 -2.784538 2.233368
 118.180006 -2.969065 2.322438
 118.380006 -2.826074 2.070899
 118.580006 -2.894782 2.236954
 118.780006 -2.888772 2.179047
 118.980006 -2.811899 2.097365
 119.180006 -2.921756 2.313828
 119.380006 -2.835532 1.835476
 119.580006 -2.941567 2.373884
 119.780006 -2.811198 2.003003
 119.980006 -2.881665 2.106087
 120.180006 -2.827820 2.239011
 120.380006 -2.659222 2.089078
 120.580006 -2.858655 2.226942
 120.780006 -2.696053 2.145619
 120.980006 -2.567518 2.126261
 121.180006 -2.793470 2.222365
 121.380006 -2.612535 2.057588
 121.580006 -2.604492 2.408715
 121.780006 -2.791236 2.002550
 121.980006 -2.721066 2.208021
 122.180006 -2.736547 2.408722
 122.380006 -2.871292 1.819200
 122.580006 -3.019984 2.280418
 122.780006 -2.811859 2.143319
 122.980006 -2.988979 2.125164
 123.180006 -2.979227 2.110338
 123.380006 -2.855997 2.149179
 123.580006 -3.081152 2.173805
 123.780006 -2.703909 1.980682
 123.980006 -2.989948 2.475699
 124.180006 -2.932152 1.800718
 124.380006 -2.794652 2.536994
 124.580006 -2.625605 2.209483
 124.780006 -2.673252 2.183481
 124.980006 -2.689345 2.319278
 125.180006 -2.550206 1.978243
 125.380006 -2.922615 2.337684
 125.580006 -2.649062 1.970939
 125.780006 -2.889518 2.250468
 125.980006 -2.801530 1.994644
 126.180006 -2.753052 1.984926
 126.380006 -2.647936 2.534374
 126.580006 -2.873913 1.768612
 126.780006 -2.879058 2.379206
 126.980006 -2.612758 1.947990
 127.180006 -2.876621 2.209215
 127.380006 -2.691883 2.045892
 127.580006 -2.539774 2.228152
 127.780006 -2.847225 2.349954
 127.980006 -2.612500 2.006183
 128.180006 -2.860440 2.550731
 128.380006 -2.705791 1.804986
 128.580006 -2.914081 2.460240
 128.780006 -2.765590 2.183310
 128.980006 -2.924267 2.138654
 129.180006 -3.053247 2.293734
 129.380006 -2.876499 1.970210
 129.580006 -2.932428 2.345306
 129.780006 -2.848808 1.951617
 129.980006 -2.777346 2.142930
 130.180006 -2.860995 2.369780
 130.380006 -2.693279 1.920568
 130.580006 -2.778596 2.583081
 130.780006 -2.577561 1.924399
 130.980006 -2.879251 2.304352
 131.180006 -2.564611 2.113116
 131.380006 -2.876099 2.035046
 131.580006 -2.910230 2.221425
 131.780006 -2.787950 1.933722
 131.980006 -2.865495 2.447020
 132.180006 -2.924162 1.744903
 132.380006 -2.676077 2.237527
 132.580006 -2.830538 2.366583
 132.780006 -2.584304 1.833872
 132.980006 -2.997897 2.523403
 133.180006 -2.464405 2.011469
 133.380006 -3.052058 2.288242
 133.580006 -2.642451 2.097253
 133.780006 -2.901090 2.184185
 133.980006 -2.798505 2.327543
 134.180006 -2.954035 1.885123
 134.380006 -2.732236 2.419386
 134.580006 -2.791638 1.984008
 134.780006 -2.645708 2.131598
 134.980006 -2.758239 2.259451
 135.180006 -2.686046 2.074214
 135.380006 -2.931126 2.308064
 135.580006 -2.616441 2.017786
 135.780006 -2.764632 2.359933
 135.980006 -2.758878 2.028108
 136.180006 -2.597007 2.253264
 136.380006 -2.818713 2.216297
 136.580006 -2.810625 2.062032
 136.780006 -2.850615 2.360736
 136.980007 -2.786080 2.077122
 137.180007 -3.012297 2.068441
 137.380007 -2.758197 2.188215
 137.580007 -2.943430 2.189127
 137.780007 -2.807683 2.013906
 137.980007 -2.923220 2.235250
 138.180007 -2.800391 2.126882
 138.380007 -2.791057 2.064646
 138.580007 -2.737366 2.292397
 138.780007 -2.885092 1.973160
 138.980007 -2.728503 2.295569
 139.180007 -2.860068 2.110774
 139.380007 -2.539462 2.282020
 139.580007 -2.995380 2.157806
 139.780007 -2.512764 2.214793
 139.980007 -2.923140 2.254291
 140.180007 -2.646147 2.104107
 140.380007 -2.978083 2.144468
 140.580007 -2.682228 2.261543
 140.780007 -3.044735 2.112215
 140.980007 -2.787888 2.246613
 141.180007 -3.085648 2.188774
 141.380007 -2.824021 2.160004
 141.580007 -3.008805 2.090945
 141.780007 -2.659538 2.355483
 141.980007 -3.018690 1.829510
 142.180007 -2.821626 2.293190
 142.380007 -2.667854 1.964384
 142.580007 -2.804228 2.365872
 142.780007 -2.702013 1.898656
 142.980007 -2.630999 2.486664
 143.180007 -2.735210 2.197091
 143.380007 -2.815488 1.952551
 143.580007 -2.727543 2.340584
 143.780007 -2.732875 2.197947
 143.980007 -2.894128 2.191974
 144.180007 -2.735653 2.085444
 144.380007 -2.711772 2.314666
 144.580007 -2.870139 2.109909
 144.780007 -2.720828 2.049954
 144.980007 -2.738403 2.244644
 145.180007 -2.679403 2.200983
 145.380007 -2.927974 2.094396
 145.580007 -2.667207 2.101921
 145.780007 -3.018081 2.242138
 145.980007 -2.700298 2.018958
 146.180007 -2.737379 2.302907
 146.380007 -2.627509 2.046227
 146.580007 -2.683985 2.269870
 146.780007 -2.590018 2.285180
 146.980007 -2.867830 2.197554
 147.180007 -2.816508 2.216437
 147.380007 -2.912942 2.342149
 147.580007 -2.920115 2.033956
 147.780007 -2.899036 2.152611
 147.980007 -2.822779 2.182212
 148.180007 -2.612248 2.121072
 148.380007 -2.898030 2.002526
 148.580007 -2.750777 2.204241
 148.780007 -3.084450 2.232428
 148.980007 -2.794047 1.993130
 149.180007 -3.008595 2.306848
 149.380007 -2.718900 2.298901
 149.580007 -2.920238 2.092056
 149.780007 -2.772433 2.199605
 149.980007 -2.804732 2.122521
 150.180007 -2.762058 2.328937
 150.380007 -2.691931 2.172126
 150.580007 -2.706120 2.342666
 150.780007 -2.956063 2.286201
 150.980007 -2.624493 2.095062
 151.180007 -2.872095 2.355906
 151.380007 -2.593396 2.031923
 151.580007 -3.007085 2.000319
 151.780007 -2.744281 2.244308
 151.980007 -2.800293 1.976483
 152.180007 -2.828238 2.199756
 152.380007 -2.807725 2.056204
 152.580007 -2.689262 2.236032
 152.780007 -2.878395 2.242219
 152.980007 -2.721877 2.111769
 153.180007 -2.870578 2.426201
 153.380007 -2.574779 2.095259
 153.580007 -3.095839 2.111483
 153.780007 -2.702239 2.258546
 153.980007 -2.908092 2.082782
 154.180007 -2.895508 2.208609
 154.380007 -3.092248 2.003893
 154.580007 -2.791395 2.264157
 154.780007 -3.002359 2.158343
 154.980007 -2.579315 2.159400
 155.180007 -2.970423 2.369729
 155.380007 -2.574413 1.903926
 155.580007 -2.809473 2.361829
 155.780007 -2.601816 2.145442
 155.980007 -2.921425 2.103596
 156.180007 -2.807498 2.295918
 156.380007 -2.782312 2.035073
 156.580007 -2.792004 2.353882
 156.780007 -2.771544 2.041009
 156.980007 -2.666900 2.093601
 157.180007 -2.955424 2.235636
 157.380007 -2.617090 1.952503
 157.580007 -2.924424 2.389280
 157.780007 -2.817138 1.911361
 157.980008 -2.897066 2.169129
 158.180008 -2.824283 2.215703
 158.380008 -2.946089 2.035477
 158.580008 -3.068425 2.292022
 158.780008 -2.817356 1.908446
 158.980008 -2.971558 2.441351
 159.180008 -2.851054 2.034769
 159.380008 -2.734745 2.248426
 159.580008 -2.740273 2.406057
 159.780008 -2.651463 2.032463
 159.980008 -2.807161 2.356002
 160.180008 -2.622880 1.980356
 160.380008 -2.775005 2.399900
 160.580008 -2.807073 1.975179
 160.780008 -2.819788 2.227060
 160.980008 -2.886746 2.190801
 161.180008 -2.740983 1.998320
 161.380008 3.091600 2.238156
 161.580008 -2.959203 1.710092
 161.780008 -3.088173 2.453635
 161.980008 -2.866953 1.940305
 162.180008 -2.857111 2.103836
 162.380008 -2.897959 2.261681
 162.580008 -2.710594 1.960982
 162.780008 -2.891951 2.380305
 162.980008 -2.625100 2.024515
 163.180008 -2.837607 2.231253
 163.380008 -2.702934 2.399813
 163.580008 -2.685797 2.032464
 163.780008 -2.849147 2.602272
 163.980008 -2.649680 1.871978
 164.180008 -2.796958 2.430718
 164.380008 -2.725300 1.968605
 164.580008 -2.789021 2.165704
 164.780008 -2.912856 2.309907
 164.980008 -2.813656 1.974868
 165.180008 3.139148 2.236915
 165.380008 -2.838889 1.998175
 165.580008 -2.969414 2.174229
 165.780008 -2.981303 2.134528
 165.980008 -2.954623 1.936180
 166.180008 -2.938365 2.261787
 166.380008 -2.924281 2.074360
 166.580008 -2.738200 2.215158
 166.780008 -2.759905 2.264976
 166.980008 -2.450868 2.080003
 167.180008 -2.751482 2.421895
 167.380008 -2.420129 2.005647
 167.580008 -2.943899 2.170155
 167.780008 -2.604120 2.259477
 167.980008 -2.818827 2.161803
 168.180008 -2.869408 2.151698
 168.380008 -2.756633 2.034903
 168.580008 -2.730570 2.376461
 168.780008 -2.935828 1.976169
 168.980008 -2.796006 2.236986
 169.180008 -2.860964 2.094507
 169.380008 -2.783316 2.181260
 169.580008 -2.945445 2.245641
 169.780008 -2.729065 2.011642
 169.980008 -2.800160 2.363642
 170.180008 -2.687551 1.971281
 170.380008 -2.859174 2.300195
 170.580008 -2.649045 2.174636
 170.780008 -2.909893 2.103686
 170.980008 -2.828790 2.303164
 171.180008 -2.684615 2.079459
 171.380008 -2.915989 2.430256
 171.580008 -2.698641 2.002749
 171.780008 -2.752457 2.163342
 171.980008 -2.835924 2.285186
 172.180008 -2.542735 1.956292
 172.380008 -2.821303 2.448726
 172.580008 -2.647087 1.858448
 172.780008 -2.857509 2.403501
 172.980008 -2.596415 2.154313
 173.180008 -2.874476 2.107067
 173.380008 -2.780092 2.245731
 173.580008 -2.683321 1.977559
 173.780008 -2.908723 2.388757
 173.980008 -2.807483 1.878630
 174.180008 -2.771665 2.408488
 174.380008 -2.821852 2.097423
 174.580008 -2.791426 2.075525
 174.780008 -2.841130 2.341387
 174.980008 -2.732035 2.114108
 175.180008 -2.846518 2.229794
 175.380008 -2.706184 2.197178
 175.580008 -2.740858 2.114696
 175.780008 -2.938944 2.190496
 175.980008 -2.736300 1.974471
 176.180008 -2.822732 2.526284
 176.380008 -2.775699 1.814618
 176.580008 -2.865495 2.247351
 176.780008 -2.606100 2.225844
 176.980008 -2.863181 2.109265
 177.180008 -2.868453 2.116386
 177.380008 -2.700305 2.153054
 177.580008 -2.672486 2.173658
 177.780008 -2.961431 2.009625
 177.980008 -2.378387 2.261497
 178.180008 -2.817650 2.228013
 178.380008 -2.660741 2.118384
 178.580008 -2.836299 2.242442
 178.780008 -2.685934 2.165913
 178.980009 -2.940277 2.058944
 179.180009 -2.817000 2.383163
 179.380009 -2.935714 1.926242
 179.580009 -2.883954 2.344305
 179.780009 -2.925555 1.906351
 179.980009 -2.675984 2.238969
 180.180009 -2.977175 2.130223
 180.380009 -2.404255 2.049817
 180.580009 -3.021967 2.427016
 180.780009 -2.622990 1.991282
 180.980009 -2.848766 2.430922
 181.180009 -2.685194 2.140917
 181.380009 -2.991710 2.051678
 181.580009 -2.878452 2.279207
 181.780009 -3.086098 1.889862
 181.980009 -2.948555 2.191683
 182.180009 -3.012810 2.196842
 182.380009 -2.822479 2.011894
 182.580009 3.052263 2.314675
 182.780009 -2.582664 1.943854
 182.980009 -2.962412 2.520703
 183.180009 -2.545564 1.910384
 183.380009 -2.807217 2.205455
 183.580009 -2.538262 2.364481
 183.780009 -2.847481 1.775108
 183.980009 -2.733103 2.465707
 184.180009 -2.674638 1.970367
 184.380009 -2.628682 2.240849
 184.580009 -2.950404 2.056586
 184.780009 -2.489672 2.191964
 184.980009 -2.820409 2.386239
 185.180009 -2.594184 1.870310
 185.380009 -2.936004 2.390196
 185.580009 -2.592554 2.156044
 185.780009 -3.047485 2.188804
 185.980009 -2.801964 2.060399
 186.180009 -2.965563 2.100772
 186.380009 -2.940575 2.166081
 186.580009 -3.056373 1.914445
 186.780009 -2.926566 2.397331
 186.980009 -2.944166 1.958426
 187.180009 -3.008089 2.135072
 187.380009 -2.966162 2.179465
 187.580009 -2.896182 2.213188
 187.780009 -3.118096 2.114879
 187.980009 -2.656213 2.117201
 188.180009 -2.754710 2.375459
 188.380009 -2.717742 1.959525
 188.580009 -2.667638 2.379037
 188.780009 -2.711645 2.068331
 188.980009 -2.782383 2.112674
 189.180009 -2.857896 2.317970
 189.380009 -2.774648 1.918427
 189.580009 -3.089358 2.080089
 189.780009 -2.686596 2.177943
 189.980009 -3.028159 2.096914
 190.180009 -2.787482 2.021679
 190.380009 -2.677095 2.152698
 190.580009 -2.688312 2.443963
 190.780009 -2.926458 1.742046
 190.980009 -2.801215 2.381212
 191.180009 -2.656293 2.097609
 191.380009 -2.768792 2.242622
 191.580009 -2.761374 2.079627
 191.780009 -2.506044 2.148257
 191.980009 -2.797582 2.535793
 192.180009 -2.586848 1.851137
 192.380009 -2.913152 2.391649
 192.580009 -2.739522 2.176865
 192.780009 -3.023183 2.060672
 192.980009 -2.854286 2.280523
 193.180009 -2.982796 2.030054
 193.380009 -2.964689 2.168867
 193.580009 -2.914030 1.900504
 193.780009 -2.783014 2.297467
 193.980009 -2.996986 2.011051
 194.180009 -2.745966 2.090417
 194.380009 -2.796637 2.272551
 194.580009 -2.731304 1.945671
 194.780009 -2.987190 2.377599
 194.980009 -2.518750 2.179033
 195.180009 -2.866359 2.123115
 195.380009 -2.649776 2.158885
 195.580009 -2.593904 2.190226
 195.780009 -2.740082 2.182419
 195.980009 -2.791498 1.914745
 196.180009 -2.627529 2.419295
 196.380009 -2.805875 2.016300
 196.580009 -2.709365 2.285856
 196.780009 -2.893885 2.289461
 196.980009 -2.680999 1.887016
 197.180009 -3.038946 2.473761
 197.380009 -2.688370 1.742090
 197.580009 -2.814017 2.419996
 197.780009 -2.889982 2.038285
 197.980009 -2.918401 2.037569
 198.180009 -2.993719 2.538966
 198.380009 -2.844359 1.775124
 198.580009 3.078356 2.306410
 198.780009 -2.848831 1.984567
 198.980009 -2.919106 2.297143
 199.180009 -2.914069 2.049250
 199.380009 -2.717881 2.102563
 199.580009 -2.836465 2.434692
 199.780009 -2.660922 1.893755
 199.980009 -2.745399 2.601897
