#! FIELDS time phi psi
#! SET max_psi pi
 0.180000 -2.111938 3.104666
 0.380000 -1.591232 -2.686535
 0.580000 -1.837548 -2.877890
 0.780000 -1.943760 2.967783
 0.980000 -1.713997 -2.278897
 1.180000 -2.484148 2.821366
 1.380000 -1.287002 -2.391013
 1.580000 -2.150617 -2.830536
 1.780000 -1.586319 -3.003670
 1.980000 -1.800773 -2.579556
 2.180000 -2.038585 3.048072
 2.380000 -1.612920 -2.393950
 2.580000 -2.353727 -3.042243
 2.780000 -1.332920 -2.816864
 2.980000 -2.102253 -2.853719
 3.180000 -1.504312 -3.090036
 3.380000 -2.086983 -2.928055
 3.580000 -2.025178 2.981096
 3.780000 -1.438048 -2.696616
 3.980000 -2.273580 -2.977991
 4.180000 -1.378226 -2.862280
 4.380000 -2.371237 -2.966591
 4.580000 -1.608662 -2.748652
 4.780000 -1.866628 -3.069556
 4.980000 -1.913578 -2.833779
 5.180000 -1.556610 3.105027
 5.380000 -2.080421 -2.609032
 5.580000 -1.460858 -2.740680
 5.780000 -2.216648 -3.061830
 5.980000 -1.562478 -2.412730
 6.180000 -2.012507 2.983149
 6.380000 -1.927380 -2.352993
 6.580000 -1.937261 3.051950
 6.780000 -1.965316 -2.681873
 6.980000 -1.696221 -2.881040
 7.180000 -1.830590 -2.974103
 7.380000 -1.866790 -2.630538
 7.580000 -1.967305 3.008114
 7.780000 -1.742118 -2.511889
 7.980000 -1.889661 -3.109276
 8.180000 -1.734950 -2.686729
 8.380000 -2.005082 -2.916294
 8.580000 -1.669297 -2.861693
 8.780000 -2.129782 -2.693048
 8.980000 -1.779816 -2.976347
 9.180000 -1.953492 -2.596214
 9.380000 -1.988582 -2.995360
 9.580000 -1.757523 -2.777793
 9.780000 -2.144742 -2.864019
 9.980000 -1.655123 -2.780711
 10.180000 -2.219284 -2.996705
 10.380000 -1.649339 -2.818873
 10.580001 -1.950987 -3.121364
 10.780001 -1.841016 -2.604147
 10.980001 -1.660229 2.981536
 11.180001 -1.959677 -2.798482
 11.380001 -1.737906 -2.924269
 11.580001 -1.817702 3.092022
 11.780001 -1.802449 -2.605402
 11.980001 -1.930383 -3.027582
 12.180001 -1.595201 -2.706740
 12.380001 -1.880685 -2.749081
 12.580001 -1.904055 -2.924328
 12.780001 -1.848635 -2.372905
 12.980001 -2.097755 2.957843
 13.180001 -1.658647 -2.240770
 13.380001 -1.840011 -3.071417
 13.580001 -1.650816 -2.926848
 13.780001 -1.812841 -2.658296
 13.980001 -1.854954 3.071152
 14.180001 -1.829021 -2.203666
 14.380001 -2.126581 2.938770
 14.580001 -1.844685 -2.619564
 14.780001 -2.134395 -2.802526
 14.980001 -1.628093 -3.011922
 15.180001 -2.058215 -2.716632
 15.380001 -1.912966 -2.974586
 15.580001 -1.914063 -2.917866
 15.780001 -2.204128 -2.814604
 15.980001 -1.638150 -2.934168
 16.180001 -2.104987 -2.740881
 16.380001 -1.640949 -2.814711
 16.580001 -1.995244 -3.091347
 16.780001 -1.839521 -2.661304
 16.980001 -1.796293 -3.127657
 17.180001 -1.888141 -2.633273
 17.380001 -1.915084 -2.989671
 17.580001 -1.910188 -2.815479
 17.780001 -1.732046 -2.816341
 17.980001 -1.927170 -2.988164
 18.180001 -1.533983 -2.561002
 18.380001 -2.026079 -3.120435
 18.580001 -1.735240 -2.423098
 18.780001 -1.959497 3.112545
 18.980001 -1.905527 -2.789685
 19.180001 -1.758906 -2.753839
 19.380001 -1.949885 3.099443
 19.580001 -1.540062 -2.423786
 19.780001 -2.132217 2.958038
 19.980001 -1.610654 -2.546046
 20.180001 -2.143724 3.129399
 20.380001 -1.818154 -2.736602
 20.580001 -1.711572 -2.790269
 20.780001 -1.919831 3.101312
 20.980001 -1.550989 -2.552747
 21.180001 -2.185753 -3.067328
 21.380001 -1.596884 -2.674651
 21.580001 -2.214856 -3.013001
 21.780001 -1.821926 -2.800542
 21.980001 -1.679923 -2.781151
 22.180001 -2.004735 -2.939031
 22.380001 -1.621890 -2.837196
 22.580001 -2.092633 -2.968019
 22.780001 -1.755426 -2.733774
 22.980001 -1.870408 -3.004054
 23.180001 -1.609332 -2.842055
 23.380001 -1.951040 -2.973252
 23.580001 -1.815079 -2.820057
 23.780001 -1.769409 -2.846015
 23.980001 -1.907331 -3.049517
 24.180001 -1.938038 -2.858494
 24.380001 -1.885992 -2.852716
 24.580001 -1.757948 -2.787555
 24.780001 -1.820306 -3.024261
 24.980001 -1.736642 -2.819548
 25.180001 -1.953747 -2.859275
 25.380001 -1.900710 -2.818563
 25.580001 -1.905231 -3.024898
 25.780001 -1.739488 -2.833048
 25.980001 -1.780949 -2.871952
 26.180001 -1.710058 -2.878647
 26.380001 -1.860951 -2.912589
 26.580001 -1.870677 -2.826392
 26.780001 -1.781263 -2.776725
 26.980001 -1.884727 -2.911438
 27.180001 -1.639230 -2.971488
 27.380001 -1.926886 -2.646520
 27.580001 -1.717169 -3.074579
 27.780001 -1.835947 -2.744838
 27.980001 -1.813422 -2.964043
 28.180001 -1.785502 -2.713573
 28.380001 -1.994524 -2.731275
 28.580001 -1.733128 -3.045393
 28.780001 -2.105615 -2.741616
 28.980001 -1.755419 -2.754181
 29.180001 -1.842515 -3.076623
 29.380001 -2.022350 -2.637674
 29.580001 -1.658971 -3.016363
 29.780001 -2.179904 -2.971235
 29.980001 -1.567023 -2.775999
 30.180001 -2.071382 -3.121585
 30.380001 -1.816648 -2.673456
 30.580001 -1.697786 3.103881
 30.780001 -2.017079 -2.895483
 30.980001 -1.666596 -2.702343
 31.180001 -1.922083 -3.109686
 31.380001 -1.702176 -2.736182
 31.580001 -1.852667 -2.910118
 31.780002 -1.849738 -2.961848
 31.980002 -1.810800 -2.666622
 32.180002 -2.100999 -3.007627
 32.380002 -1.606858 -2.648451
 32.580002 -2.242003 -3.046067
 32.780002 -1.680787 -2.692150
 32.980002 -1.881152 -2.865803
 33.180002 -1.939723 -2.954207
 33.380002 -1.668734 -2.596992
 33.580002 -2.107511 -2.996219
 33.780002 -1.624844 -2.757067
 33.980002 -1.976562 -2.858809
 34.180002 -1.730431 -2.866050
 34.380002 -1.739039 -2.630311
 34.580002 -1.905889 -3.051047
 34.780002 -1.665050 -2.724901
 34.980002 -1.953983 -2.972916
 35.180002 -1.579230 -2.772768
 35.380002 -1.803732 -2.860173
 35.580002 -1.820756 -2.912659
 35.780002 -1.672755 -2.732512
 35.980002 -2.068962 -2.865875
 36.180002 -1.578260 -2.979752
 36.380002 -2.046818 -2.863496
 36.580002 -1.798146 -2.819654
 36.780002 -2.007570 -2.885479
 36.980002 -1.847548 -2.790323
 37.180002 -1.975925 -2.910455
 37.380002 -2.015170 -2.836608
 37.580002 -1.745161 -2.841034
 37.780002 -1.870704 -2.957126
 37.980002 -1.780702 -2.741919
 38.180002 -1.945911 -3.106575
 38.380002 -1.818278 -2.678450
 38.580002 -1.888125 -2.959803
 38.780002 -1.846773 -2.897055
 38.980002 -1.760338 -2.653686
 39.180002 -1.710753 3.115942
 39.380002 -1.814276 -2.716141
 39.580002 -1.842271 -2.988028
 39.780002 -1.826155 -2.976762
 39.980002 -1.858281 -2.537595
 40.180002 -1.810313 3.076655
 40.380002 -1.942498 -2.588543
 40.580002 -1.922311 3.082894
 40.780002 -1.705457 -2.765210
 40.980002 -2.022026 -2.706947
 41.180002 -1.636457 -3.023356
 41.380002 -2.153595 -2.740531
 41.580002 -1.789325 -2.930351
 41.780002 -1.963782 -2.784141
 41.980002 -2.262045 -2.951906
 42.180002 -1.560209 -2.792356
 42.380002 -2.101358 -2.706268
 42.580002 -1.516152 -2.868854
 42.780002 -2.135255 -3.075885
 42.980002 -1.827678 -2.628174
 43.180002 -1.776683 -3.070190
 43.380002 -2.082824 -2.772533
 43.580002 -1.603775 -3.098192
 43.780002 -2.019314 -2.854892
 43.980002 -1.698545 -2.648754
 44.180002 -1.742622 3.074447
 44.380002 -2.082230 -2.604169
 44.580002 -1.840609 -3.032282
 44.780002 -1.774068 -2.874470
 44.980002 -1.762624 -2.828771
 45.180002 -1.768175 -2.947170
 45.380002 -1.867117 -2.710847
 45.580002 -1.665639 -2.974630
 45.780002 -2.136108 -2.784051
 45.980002 -1.904085 -2.757154
 46.180002 -1.808919 -3.007036
 46.380002 -1.985527 -2.662377
 46.580002 -1.671228 -2.847713
 46.780002 -2.076794 -2.986374
 46.980002 -1.731604 -2.712098
 47.180002 -1.993786 -3.046835
 47.380002 -1.965679 -2.673461
 47.580002 -1.687556 -2.976831
 47.780002 -2.128597 -2.971731
 47.980002 -1.655192 -2.590799
 48.180002 -2.064843 3.113950
 48.380002 -1.515424 -2.554960
 48.580002 -2.118369 -3.064760
 48.780002 -1.694856 -2.653270
 48.980002 -1.854411 -2.902982
 49.180002 -1.855512 -3.089909
 49.380002 -1.696418 -2.466512
 49.580002 -2.163175 -3.077557
 49.780002 -1.470870 -2.524862
 49.980002 -2.284803 -3.012031
 50.180002 -1.631088 -2.705710
 50.380002 -1.954522 -2.811894
 50.580002 -1.773124 -3.064798
 50.780002 -1.767942 -2.602002
 50.980002 -2.196217 -3.004034
 51.180002 -1.623607 -2.807449
 51.380002 -2.241824 -2.801763
 51.580002 -1.701217 -2.914042
 51.780002 -2.092650 -2.675482
 51.980002 -1.841282 -2.940438
 52.180002 -1.900812 -2.932138
 52.380002 -1.979988 -2.670629
 52.580002 -1.833247 -2.945418
 52.780003 -1.936926 -2.703357
 52.980003 -1.636414 -2.944851
 53.180003 -1.913327 -2.739568
 53.380003 -1.797382 -2.660731
 53.580003 -1.974369 3.132289
 53.780003 -1.886730 -2.591368
 53.980003 -1.932957 -3.019028
 54.180003 -1.881128 -2.764790
 54.380003 -1.765864 -2.874640
 54.580003 -1.877520 -2.856129
 54.780003 -1.795430 -2.782367
 54.980003 -1.881252 -2.980656
 55.180003 -1.826540 -2.651185
 55.380003 -1.826246 -3.007162
 55.580003 -1.816123 -2.747094
 55.780003 -1.901678 -2.931109
 55.980003 -1.883028 -2.946724
 56.180003 -1.917627 -2.742447
 56.380003 -1.938010 -3.104605
 56.580003 -1.832745 -2.612209
 56.780003 -1.988529 -3.054693
 56.980003 -1.677600 -2.817796
 57.180003 -1.955842 -2.854107
 57.380003 -1.701089 -3.038649
 57.580003 -1.913747 -2.633890
 57.780003 -1.849055 -3.050134
 57.980003 -1.742642 -2.824692
 58.180003 -1.939789 -2.792631
 58.380003 -1.789671 -2.928324
 58.580003 -1.937162 -2.833496
 58.780003 -1.749862 -2.873669
 58.980003 -1.860382 -2.849426
 59.180003 -1.977581 -2.710525
 59.380003 -1.769771 -2.986195
 59.580003 -1.931886 -2.733036
 59.780003 -1.871916 -2.671545
 59.980003 -1.862313 -2.966170
 60.180003 -1.945325 -2.586506
 60.380003 -1.919735 -2.996296
 60.580003 -1.948927 -2.775758
 60.780003 -1.808352 -2.940130
 60.980003 -1.836991 -2.821206
 61.180003 -1.893041 -2.804411
 61.380003 -1.783700 -2.987218
 61.580003 -1.800535 -2.812373
 61.780003 -1.830219 -2.900472
 61.980003 -1.705929 -2.968707
 62.180003 -1.944547 -2.894529
 62.380003 -1.861333 -2.946428
 62.580003 -1.854570 -2.878972
 62.780003 -1.775492 -3.010503
 62.980003 -1.783737 -2.895003
 63.180003 -1.890156 -2.838210
 63.380003 -1.647157 -2.929804
 63.580003 -2.023365 -2.887271
 63.780003 -1.719658 -2.945995
 63.980003 -2.029593 -2.845471
 64.180003 -1.914580 -2.869858
 64.380003 -1.679542 -2.828637
 64.580003 -2.073197 -2.948314
 64.780003 -1.570631 -2.796578
 64.980003 -2.132899 -3.072853
 65.180003 -1.638392 -2.751423
 65.380003 -1.853796 -3.081778
 65.580003 -1.874297 -2.761561
 65.780003 -1.686956 -2.933003
 65.980003 -2.087985 -3.069186
 66.180003 -1.561028 -2.643638
 66.380003 -2.186308 3.015326
 66.580003 -1.546726 -2.513012
 66.780003 -2.060835 2.984069
 66.980003 -1.795968 -2.639202
 67.180003 -1.708474 -2.761399
 67.380003 -2.174125 -3.000709
 67.580003 -1.536290 -2.564572
 67.780003 -2.254081 -3.080635
 67.980003 -1.606287 -2.619718
 68.180003 -2.038978 -2.907704
 68.380003 -1.826900 -2.843146
 68.580003 -1.707102 -2.698592
 68.780003 -2.127798 -2.964389
 68.980003 -1.577636 -2.770336
 69.180003 -2.223156 -3.056339
 69.380003 -1.634245 -2.903123
 69.580003 -2.045488 -2.902498
 69.780003 -1.725947 -2.916765
 69.980003 -1.847489 -3.034391
 70.180003 -2.068896 -2.635324
 70.380003 -1.840457 -3.021147
 70.580003 -1.882776 -2.787323
 70.780003 -1.754031 -2.772350
 70.980003 -1.860677 -2.920259
 71.180003 -1.802217 -2.661046
 71.380003 -2.033394 -3.114294
 71.580003 -1.852476 -2.534618
 71.780003 -1.777463 -3.044735
 71.980003 -1.818492 -2.748993
 72.180003 -1.631897 -2.728884
 72.380003 -1.967672 -3.066496
 72.580003 -1.758505 -2.637889
 72.780003 -1.914105 2.872943
 72.980003 -1.872757 -2.527044
 73.180003 -1.838927 3.127627
 73.380003 -1.661560 -2.771677
 73.580003 -2.157458 -2.832950
 73.780004 -1.723748 -2.937250
 73.980004 -2.116144 -2.728262
 74.180004 -1.758395 -2.944879
 74.380004 -1.855222 -2.835320
 74.580004 -2.058199 -2.655394
 74.780004 -1.595344 -3.029103
 74.980004 -2.271390 -2.638039
 75.180004 -1.673841 -2.924942
 75.380004 -2.060258 -2.948419
 75.580004 -1.780080 -2.692142
 75.780004 -1.631890 -3.036722
 75.980004 -2.222563 -2.697035
 76.180004 -1.390641 -2.959339
 76.380004 -2.065547 -3.034563
 76.580004 -1.685191 -2.539338
 76.780004 -1.916254 3.063904
 76.980004 -1.945325 -2.574527
 77.180004 -1.686475 3.071332
 77.380004 -1.943057 -2.895974
 77.580004 -1.786916 -2.859464
 77.780004 -1.823989 -3.098342
 77.980004 -1.697325 -2.601821
 78.180004 -1.842354 -3.005049
 78.380004 -1.889378 -2.871316
 78.580004 -1.889120 -2.773262
 78.780004 -1.922472 -3.016996
 78.980004 -1.802354 -2.411633
 79.180004 -2.000015 3.086468
 79.380004 -1.932861 -2.577572
 79.580004 -1.932669 -2.927133
 79.780004 -1.815484 -3.027641
 79.980004 -1.951474 -2.615377
 80.180004 -1.891204 -3.072775
 80.380004 -1.831841 -2.666987
 80.580004 -1.992263 -2.967636
 80.780004 -1.698259 -2.869899
 80.980004 -2.017476 -2.847373
 81.180004 -1.714520 -2.892436
 81.380004 -2.021500 -2.740444
 81.580004 -1.910955 -2.841830
 81.780004 -1.754625 -2.860283
 81.980004 -1.981733 -2.726158
 82.180004 -1.780730 -2.973162
 82.380004 -2.156878 -2.645343
 82.580004 -1.857052 -2.867093
 82.780004 -1.990792 -2.822940
 82.980004 -1.899596 -2.773138
 83.180004 -1.767365 -3.026499
 83.380004 -1.825726 -2.698849
 83.580004 -1.741541 -2.864066
 83.780004 -1.985306 -2.872591
 83.980004 -1.809872 -2.771029
 84.180004 -1.856542 -3.119431
 84.380004 -1.805659 -2.778973
 84.580004 -1.785466 -2.923068
 84.780004 -1.831545 -2.827344
 84.980004 -1.873757 -2.993802
 85.180004 -1.931899 -2.822877
 85.380004 -1.930891 -3.001028
 85.580004 -1.829407 -2.826779
 85.780004 -1.851869 -2.969754
 85.980004 -1.715623 -2.791733
 86.180004 -1.907684 -2.812314
 86.380004 -1.822091 -2.957732
 86.580004 -1.793762 -2.809682
 86.780004 -1.926090 -2.892287
 86.980004 -1.652495 -2.805774
 87.180004 -1.900635 -2.922760
 87.380004 -1.900510 -2.717611
 87.580004 -1.835266 -2.896782
 87.780004 -2.072810 -2.941015
 87.980004 -1.766156 -2.817564
 88.180004 -2.002889 -2.882993
 88.380004 -1.685536 -2.726158
 88.580004 -1.835433 -2.801859
 88.780004 -1.984059 -3.016921
 88.980004 -1.678278 -2.669110
 89.180004 -2.066993 3.125348
 89.380004 -1.718985 -2.617529
 89.580004 -2.155432 -3.001218
 89.780004 -1.674623 -2.889937
 89.980004 -1.961874 -2.760782
 90.180004 -1.729759 -2.976952
 90.380004 -1.989554 -2.653897
 90.580004 -2.022145 -2.889275
 90.780004 -1.838631 -2.829766
 90.980004 -2.090693 -2.784855
 91.180004 -1.813826 -2.799541
 91.380004 -1.928195 -2.785822
 91.580004 -1.823699 -2.704181
 91.780004 -2.000803 3.106120
 91.980004 -1.923268 -2.488050
 92.180004 -1.861306 3.135119
 92.380004 -1.828982 -2.816928
 92.580004 -1.949825 -2.812786
 92.780004 -1.878692 -3.009119
 92.980004 -1.963393 -2.667496
 93.180004 -1.846000 3.122279
 93.380004 -1.764922 -2.625093
 93.580004 -2.047519 -2.954841
 93.780004 -1.533426 -2.858303
 93.980004 -2.017617 -2.745348
 94.180004 -1.749200 -3.014813
 94.380004 -1.966731 -2.736875
 94.580004 -1.965119 -2.911468
 94.780005 -1.597921 -2.727958
 94.980005 -2.276887 -2.756643
 95.180005 -1.589931 -3.004539
 95.380005 -1.961558 -2.678201
 95.580005 -1.808904 -2.930885
 95.780005 -1.732711 -2.843078
 95.980005 -2.197670 -2.925818
 96.180005 -1.489644 -2.837672
 96.380005 -2.016354 -2.891798
 96.580005 -1.611090 -2.993777
 96.780005 -2.120399 -2.795360
 96.980005 -1.830187 -2.942676
 97.180005 -1.882845 -2.991974
 97.380005 -2.125825 -2.771993
 97.580005 -1.720394 -2.930873
 97.780005 -2.125000 -2.877975
 97.980005 -1.816259 -2.655202
 98.180005 -2.025056 3.136088
 98.380005 -1.851563 -2.662659
 98.580005 -1.935654 -2.934925
 98.780005 -1.840052 -2.768561
 98.980005 -1.761381 -2.907720
 99.180005 -1.951414 -3.051083
 99.380005 -1.727991 -2.586592
 99.580005 -1.925884 -3.135319
 99.780005 -1.701990 -2.621641
 99.980005 -1.930362 -2.948622
 100.180005 -1.815574 -2.861464
 100.380005 -1.827859 -2.729956
 100.580005 -1.785603 3.103285
 100.780005 -1.748090 -2.612280
 100.980005 -1.970550 -3.064917
 101.180005 -1.528359 -2.719946
 101.380005 -2.044468 -2.988779
 101.580005 -1.643791 -2.829765
 101.780005 -2.101656 -2.898786
 101.980005 -1.706045 -2.993332
 102.180005 -1.818184 -2.722600
 102.380005 -2.089252 -3.078135
 102.580005 -1.649674 -2.744044
 102.780005 -2.184985 -2.882428
 102.980005 -1.633272 -2.903191
 103.180005 -1.988169 -2.801201
 103.380005 -1.806826 -2.915978
 103.580005 -1.857757 -3.012422
 103.780005 -1.978679 -2.749974
 103.980005 -1.598892 -2.947403
 104.180005 -2.076644 -2.906570
 104.380005 -1.521313 -2.930031
 104.580005 -1.866694 -3.032104
 104.780005 -1.983642 -2.709635
 104.980005 -1.625708 -3.003898
 105.180005 -2.127742 -2.799253
 105.380005 -1.622005 -2.865569
 105.580005 -2.037516 -2.935638
 105.780005 -1.760620 -2.731202
 105.980005 -1.882955 -2.992684
 106.180005 -1.916517 -2.715256
 106.380005 -1.660075 -2.928773
 106.580005 -1.926534 -2.856285
 106.780005 -1.537274 -2.899303
 106.980005 -1.915886 -2.936802
 107.180005 -1.699066 -2.714456
 107.380005 -1.956265 -3.017613
 107.580005 -1.781609 -2.843472
 107.780005 -1.767704 -2.852217
 107.980005 -1.726756 -2.945471
 108.180005 -1.798253 -2.783851
 108.380005 -1.952218 -2.948929
 108.580005 -1.902032 -2.744198
 108.780005 -1.984623 -2.990038
 108.980005 -1.848802 -2.789253
 109.180005 -1.909342 -2.699035
 109.380005 -1.804053 -3.026356
 109.580005 -1.848800 -2.788371
 109.780005 -1.893246 -2.896368
 109.980005 -1.957647 -2.796628
 110.180005 -1.759709 -2.892846
 110.380005 -1.655538 -3.046875
 110.580005 -1.781066 -2.688417
 110.780005 -1.847107 -3.014144
 110.980005 -1.864022 -2.807620
 111.180005 -1.911052 -2.855024
 111.380005 -1.744390 -3.004733
 111.580005 -1.888763 -2.818673
 111.780005 -1.715964 -3.071356
 111.980005 -1.836823 -2.797909
 112.180005 -1.923059 -2.751340
 112.380005 -1.847221 -3.022267
 112.580005 -1.869174 -2.633004
 112.780005 -1.871872 -3.085423
 112.980005 -1.722807 -2.660198
 113.180005 -1.873258 -2.899337
 113.380005 -1.716272 -2.879670
 113.580005 -1.819122 -2.789682
 113.780005 -1.696902 -3.051977
 113.980005 -1.738088 -2.769313
 114.180005 -1.667972 -2.897119
 114.380005 -1.757960 -2.901487
 114.580005 -1.943098 -2.749242
 114.780005 -1.707345 -3.078441
 114.980005 -1.837977 -2.742028
 115.180005 -1.755346 -2.912130
 115.380005 -1.686748 -2.950275
 115.580005 -1.834917 -2.756232
 115.780005 -1.761070 3.086286
 115.980006 -1.930855 -2.580119
 116.180006 -1.802082 -3.043240
 116.380006 -1.543176 -2.857716
 116.580006 -2.059733 -2.727682
 116.780006 -1.639067 3.090736
 116.980006 -1.984219 -2.424105
 117.180006 -1.867156 3.115742
 117.380006 -1.686935 -2.726287
 117.580006 -1.880847 -2.949347
 117.780006 -1.800789 -2.947049
 117.980006 -1.964969 -2.617758
 118.180006 -1.827588 3.085573
 118.380006 -1.797124 -2.587797
 118.580006 -1.903370 -2.934695
 118.780006 -1.618501 -3.047196
 118.980006 -1.943149 -2.643369
 119.180006 -1.752395 3.056193
 119.380006 -1.827462 -2.717425
 119.580006 -1.870526 -2.980943
 119.780006 -1.863024 3.137976
 119.980006 -2.161738 -2.689724
 120.180006 -1.733335 3.082204
 120.380006 -1.835236 -2.533154
 120.580006 -1.850552 -2.737040
 120.780006 -1.834046 -3.112503
 120.980006 -1.988724 -2.638515
 121.180006 -1.785303 -3.107008
 121.380006 -1.850191 -2.659697
 121.580006 -1.831922 -2.990881
 121.780006 -1.759994 -2.750554
 121.980006 -1.996053 -2.661752
 122.180006 -1.836699 3.135093
 122.380006 -1.995915 -2.630184
 122.580006 -1.838803 -3.042927
 122.780006 -1.690731 -2.686871
 122.980006 -2.111434 -2.923834
 123.180006 -1.682991 -2.909559
 123.380006 -2.201427 -2.803745
 123.580006 -1.816306 -2.943755
 123.780006 -1.877984 -2.747160
 123.980006 -1.960424 -2.819554
 124.180006 -1.654991 -2.815538
 124.380006 -2.237104 -2.958426
 124.580006 -1.656636 -2.931540
 124.780006 -2.094615 -2.847111
 124.980006 -1.771516 -2.776337
 125.180006 -1.836640 -2.953897
 125.380006 -2.042290 -2.792393
 125.580006 -1.648339 -2.789479
 125.780006 -2.078541 -3.060254
 125.980006 -1.603503 -2.638613
 126.180006 -2.030280 -3.046983
 126.380006 -1.838445 -2.690458
 126.580006 -1.854847 -2.913691
 126.780006 -2.020249 -3.073317
 126.980006 -1.723385 -2.595008
 127.180006 -2.194071 3.134264
 127.380006 -1.493077 -2.448600
 127.580006 -2.066175 -2.886188
 127.780006 -1.725495 -3.072392
 127.980006 -1.789702 -2.580146
 128.180006 -1.977988 2.855366
 128.380006 -1.745654 -2.498942
 128.580006 -2.251485 3.036680
 128.780006 -1.576288 -2.792607
 128.980006 -1.988290 -2.749852
 129.180006 -1.653095 -3.032840
 129.380006 -1.993001 -2.584108
 129.580006 -1.903283 -3.030116
 129.780006 -1.830334 -2.777688
 129.980006 -2.011056 -2.936552
 130.180006 -1.927883 -3.005788
 130.380006 -1.985414 -2.615921
 130.580006 -1.580529 3.131429
 130.780006 -1.944663 -2.803810
 130.980006 -1.915841 -2.903810
 131.180006 -2.022510 -2.936631
 131.380006 -1.928798 -2.808981
 131.580006 -1.850800 -2.937535
 131.780006 -1.869315 -2.679552
 131.980006 -1.808312 -2.973906
 132.180006 -1.981789 -2.842623
 132.380006 -1.939194 -2.741707
 132.580006 -1.935784 -3.033543
 132.780006 -1.774458 -2.619610
 132.980006 -1.726112 -2.938246
 133.180006 -1.747827 -2.917279
 133.380006 -1.952815 -2.906820
 133.580006 -1.760464 -3.045211
 133.780006 -1.859187 -2.657817
 133.980006 -1.743545 -2.904000
 134.180006 -1.932118 -2.797823
 134.380006 -1.932653 -2.861305
 134.580006 -1.742252 -2.941349
 134.780006 -1.911670 -2.788169
 134.980006 -1.836378 -2.926619
 135.180006 -1.900854 -2.892365
 135.380006 -1.804142 -2.792161
 135.580006 -1.809034 -3.108626
 135.780006 -1.871756 -2.684344
 135.980006 -1.881130 3.051990
 136.180006 -1.685369 -2.637087
 136.380006 -2.042639 -2.842523
 136.580006 -1.691963 -3.047700
 136.780006 -1.894190 -2.743084
 136.980007 -1.804660 -3.062945
 137.180007 -1.719504 -2.725341
 137.380007 -2.056674 -2.851512
 137.580007 -1.625413 -2.990669
 137.780007 -2.095595 -2.639689
 137.980007 -1.603039 -3.111832
 138.180007 -1.853589 -2.720313
 138.380007 -1.877615 -2.758758
 138.580007 -1.618407 -3.001211
 138.780007 -2.160482 -2.828824
 138.980007 -1.684275 -2.786991
 139.180007 -2.086154 -2.952510
 139.380007 -1.647717 -2.733045
 139.580007 -1.806804 -3.007495
 139.780007 -1.984364 -2.805273
 139.980007 -1.709944 -2.798454
 140.180007 -2.097903 -3.013894
 140.380007 -1.698847 -2.597076
 140.580007 -2.023545 3.080834
 140.780007 -1.738752 -2.830294
 140.980007 -1.739386 -2.789518
 141.180007 -2.012193 -3.094068
 141.380007 -1.826331 -2.668396
 141.580007 -2.065543 -3.009470
 141.780007 -2.023888 -2.959665
 141.980007 -1.792370 -2.755422
 142.180007 -2.044256 -3.084353
 142.380007 -1.621762 -2.694962
 142.580007 -1.940722 3.139967
 142.780007 -1.848193 -2.693946
 142.980007 -1.820240 -2.887549
 143.180007 -2.253613 -2.956939
 143.380007 -1.677289 -2.629643
 143.580007 -2.014604 3.127126
 143.780007 -1.723101 -2.754269
 143.980007 -1.696202 -3.071321
 144.180007 -2.077968 -2.802030
 144.380007 -1.589928 -2.795208
 144.580007 -2.133462 3.127076
 144.780007 -1.535387 -2.591812
 144.980007 -1.911199 -3.016945
 145.180007 -1.874657 -2.770174
 145.380007 -1.748856 -3.083771
 145.580007 -1.988426 -2.825591
 145.780007 -1.642026 -2.792172
 145.980007 -1.812384 -2.958098
 146.180007 -1.893066 -2.772995
 146.380007 -1.846139 -3.026280
 146.580007 -1.985266 -2.676130
 146.780007 -1.760776 -2.972877
 146.980007 -1.892704 -2.985112
 147.180007 -1.714050 -2.776947
 147.380007 -1.838917 -2.938392
 147.580007 -1.889575 -2.836716
 147.780007 -1.801676 -2.985869
 147.980007 -1.965544 -2.799262
 148.180007 -1.811932 -2.935339
 148.380007 -1.757183 -2.849368
 148.580007 -1.978987 -3.000800
 148.780007 -1.776947 -2.895352
 148.980007 -2.012980 -2.897193
 149.180007 -1.679551 -2.824474
 149.380007 -2.028457 -3.124379
 149.580007 -1.666169 -2.826505
 149.780007 -1.823774 -2.871760
 149.980007 -1.806094 -2.972974
 150.180007 -1.782828 -2.861700
 150.380007 -2.084611 -2.994444
 150.580007 -1.792131 -2.781032
 150.780007 -1.932029 -2.933906
 150.980007 -1.798828 -2.885436
 151.180007 -1.866822 -2.818643
 151.380007 -1.969325 -2.923129
 151.580007 -1.724360 -2.796891
 151.780007 -1.989480 -2.877763
 151.980007 -1.881675 -2.883337
 152.180007 -1.804129 -2.822302
 152.380007 -1.868901 -2.933615
 152.580007 -1.728712 -2.728317
 152.780007 -2.118425 -2.924376
 152.980007 -1.715013 -2.795981
 153.180007 -1.853290 -2.939601
 153.380007 -1.751515 -2.779504
 153.580007 -1.786158 -2.887366
 153.780007 -1.906771 -2.973777
 153.980007 -1.728540 -2.855087
 154.180007 -1.991234 -2.860658
 154.380007 -1.693124 -2.880014
 154.580007 -1.798642 -3.012751
 154.780007 -1.756887 -2.837594
 154.980007 -1.769595 -2.934932
 155.180007 -2.096441 -3.091242
 155.380007 -1.756003 -2.801357
 155.580007 -1.868486 -2.895834
 155.780007 -1.705856 -2.939344
 155.980007 -1.850215 -2.956441
 156.180007 -1.837602 -2.881937
 156.380007 -1.624444 -2.940124
 156.580007 -1.940290 -2.844319
 156.780007 -1.760834 -2.900409
 156.980007 -2.034471 -2.756174
 157.180007 -1.688042 -2.719989
 157.380007 -1.939293 -2.902203
 157.580007 -2.098571 -2.726933
 157.780007 -1.835559 -2.774280
 157.980008 -2.077959 -2.934930
 158.180008 -1.709947 -2.718648
 158.380008 -1.871965 -2.892365
 158.580008 -1.856962 -2.760378
 158.780008 -1.522035 -2.817131
 158.980008 -2.074127 -2.997595
 159.180008 -1.565379 -2.717054
 159.380008 -1.851034 -3.006454
 159.580008 -1.790875 -2.972360
 159.780008 -1.617273 -2.741466
 159.980008 -2.046194 3.138027
 160.180008 -1.694290 -2.763384
 160.380008 -2.005589 -2.871600
 160.580008 -1.669450 -3.018604
 160.780008 -1.850011 -2.718012
 160.980008 -1.873174 -3.072351
 161.180008 -1.797180 -2.734277
 161.380008 -2.090099 -2.824173
 161.580008 -1.801951 -2.807081
 161.780008 -2.058817 -2.764568
 161.980008 -1.852011 -2.823432
 162.180008 -1.741810 -2.748808
 162.380008 -2.063846 -2.827925
 162.580008 -1.641210 -2.911021
 162.780008 -1.937421 -2.738231
 162.980008 -1.660844 -3.004355
 163.180008 -1.847194 -2.833351
 163.380008 -1.869989 -3.019369
 163.580008 -1.707138 -2.751434
 163.780008 -2.095659 -2.943789
 163.980008 -1.640306 -2.852863
 164.180008 -2.212012 -2.935966
 164.380008 -1.587874 -3.019491
 164.580008 -1.913901 -2.784572
 164.780008 -1.994765 -3.017468
 164.980008 -1.638506 -2.817453
 165.180008 -2.252528 -2.933950
 165.380008 -1.457736 -3.040718
 165.580008 -2.038590 -2.845552
 165.780008 -1.676418 -2.948985
 165.980008 -1.749545 -2.814003
 166.180008 -2.025393 -2.825223
 166.380008 -1.593262 -3.041930
 166.580008 -2.303317 -2.594687
 166.780008 -1.592880 -2.926576
 166.980008 -1.850401 -2.874919
 167.180008 -1.891890 -2.771971
 167.380008 -1.652306 -3.008534
 167.580008 -2.195658 -2.745627
 167.780008 -1.585801 -3.034782
 167.980008 -1.967201 -2.781930
 168.180008 -1.660940 -2.842708
 168.380008 -1.800565 -3.007362
 168.580008 -1.938482 -2.809593
 168.780008 -1.740813 -3.050461
 168.980008 -1.987588 -2.689523
 169.180008 -1.850801 -2.975884
 169.380008 -1.873691 -2.761082
 169.580008 -1.913979 -2.892923
 169.780008 -1.721184 -2.961607
 169.980008 -1.996699 -2.816071
 170.180008 -1.718778 -3.069957
 170.380008 -1.901059 -2.688255
 170.580008 -1.935679 -2.850156
 170.780008 -1.640269 -2.897252
 170.980008 -2.146207 -2.832383
 171.180008 -1.465564 -2.951406
 171.380008 -2.052560 -2.733125
 171.580008 -1.703134 -2.933029
 171.780008 -1.803186 -2.902477
 171.980008 -2.175400 -2.902501
 172.180008 -1.655351 -2.875260
 172.380008 -2.027816 -2.922838
 172.580008 -1.610019 -2.951340
 172.780008 -1.895641 -2.904852
 172.980008 -1.945385 -2.837842
 173.180008 -1.713362 -2.964112
 173.380008 -2.095589 -2.853625
 173.580008 -1.666707 -2.869214
 173.780008 -1.964113 -2.817660
 173.980008 -1.871237 -3.045477
 174.180008 -1.754270 -2.833220
 174.380008 -2.024713 -2.935066
 174.580008 -1.568186 -2.943064
 174.780008 -2.066510 -2.897899
 174.980008 -1.657875 -2.939429
 175.180008 -1.842236 -2.904170
 175.380008 -1.921391 -2.832844
 175.580008 -1.685666 -3.009529
 175.780008 -2.155183 -2.815382
 175.980008 -1.659909 -2.982442
 176.180008 -1.870999 -2.877022
 176.380008 -1.859584 -2.890685
 176.580008 -1.759209 -3.045092
 176.780008 -2.141292 -2.772039
 176.980008 -1.555059 -3.069544
 177.180008 -2.058783 -2.953180
 177.380008 -1.708941 -2.787255
 177.580008 -1.997003 -3.065591
 177.780008 -1.884407 -2.779413
 177.980008 -1.757085 -3.071445
 178.180008 -2.142874 -2.735142
 178.380008 -1.610032 -2.867309
 178.580008 -1.966021 -2.964839
 178.780008 -1.717621 -2.782245
 178.980009 -1.924494 -2.979656
 179.180009 -1.978513 -2.869696
 179.380009 -1.711660 -2.837638
 179.580009 -2.089620 -3.009513
 179.780009 -1.526739 -2.719819
 179.980009 -1.930348 -3.036426
 180.180009 -1.659534 -2.787922
 180.380009 -1.985154 -3.055991
 180.580009 -1.820321 -2.764728
 180.780009 -1.772212 -2.968226
 180.980009 -1.958563 -2.879117
 181.180009 -1.812595 -2.875153
 181.380009 -1.948983 -3.035265
 181.580009 -1.833673 -2.718785
 181.780009 -1.702091 -2.945807
 181.980009 -2.124302 -2.721948
 182.180009 -1.688613 -3.033052
 182.380009 -2.005494 -2.701836
 182.580009 -1.757175 -2.778186
 182.780009 -1.819329 -2.970309
 182.980009 -1.950864 -2.836572
 183.180009 -1.702447 -2.811614
 183.380009 -1.926651 -2.935266
 183.580009 -1.807133 -2.845288
 183.780009 -1.925653 -3.085866
 183.980009 -1.814351 -2.637085
 184.180009 -1.687017 -2.897559
 184.380009 -2.102818 -3.101081
 184.580009 -1.655595 -2.683899
 184.780009 -2.082584 -3.035453
 184.980009 -1.737258 -2.707598
 185.180009 -1.965286 -3.133747
 185.380009 -1.888736 -2.726426
 185.580009 -1.730624 -2.847545
 185.780009 -1.980469 -2.941038
 185.980009 -1.780842 -2.729678
 186.180009 -2.140253 -2.953114
 186.380009 -1.812583 -2.833456
 186.580009 -1.731679 -2.856167
 186.780009 -2.174217 -2.842537
 186.980009 -1.676438 -2.765783
 187.180009 -2.016100 -2.967276
 187.380009 -1.863198 -2.693454
 187.580009 -1.742236 -2.946166
 187.780009 -2.054911 -3.047176
 187.980009 -1.623518 -2.740202
 188.180009 -2.054925 -3.033624
 188.380009 -1.802978 -2.658917
 188.580009 -1.805031 -3.025660
 188.780009 -1.958055 -2.846199
 188.980009 -1.675408 -2.749196
 189.180009 -1.952628 -2.984750
 189.380009 -1.686859 -2.624674
 189.580009 -1.988171 -2.969234
 189.780009 -1.832087 -2.817029
 189.980009 -1.825849 -2.728982
 190.180009 -1.924754 -2.937325
 190.380009 -1.680686 -2.720935
 190.580009 -1.932466 -2.895453
 190.780009 -1.800350 -2.707606
 190.980009 -1.823071 -2.858040
 191.180009 -1.968313 -2.882361
 191.380009 -1.600197 -2.795056
 191.580009 -1.949773 -2.847923
 191.780009 -1.659947 -2.832766
 191.980009 -2.047203 -2.841392
 192.180009 -1.767549 -2.792619
 192.380009 -1.630425 -2.974792
 192.580009 -1.766623 -2.953412
 192.780009 -1.606874 -2.817196
 192.980009 -1.992430 -2.868496
 193.180009 -1.744148 -2.999534
 193.380009 -1.975232 -2.831961
 193.580009 -2.043915 -2.825585
 193.780009 -1.656138 -2.901369
 193.980009 -2.016223 -2.768689
 194.180009 -1.642248 -2.939046
 194.380009 -1.913809 -2.765250
 194.580009 -1.977741 -2.902093
 194.780009 -1.695468 -2.770973
 194.980009 -2.063164 -2.854320
 195.180009 -1.673663 -2.937073
 195.380009 -1.879209 -2.706629
 195.580009 -1.931961 -2.893119
 195.780009 -1.730320 -2.774484
 195.980009 -2.160352 -2.884374
 196.180009 -1.619126 -2.856388
 196.380009 -1.896896 -2.875788
 196.580009 -1.762895 -2.818492
 196.780009 -1.800219 -2.953558
 196.980009 -2.059214 -2.969866
 197.180009 -1.631480 -2.845861
 197.380009 -2.113579 -2.933116
 197.580009 -1.530751 -3.002747
 197.780009 -1.842417 -2.929797
 197.980009 -1.954341 -2.886027
 198.180009 -1.701028 -2.809258
 198.380009 -2.182720 -2.917991
 198.580009 -1.493368 -2.917639
 198.780009 -1.942610 -2.857058
 198.980009 -1.845547 -2.775190
 199.180009 -1.779846 -2.919755
 199.380009 -2.118854 -2.848200
 199.580009 -1.608854 -2.779161
 199.780009 -2.043908 -2.883330
 199.980009 -1.693694 -2.773785
