#! FIELDS time phi psi
#! SET max_psi pi
 0.180000 -1.328129 0.009732
 0.380000 -1.278647 -0.565711
 0.580000 -0.928161 0.005377
 0.780000 -1.157452 -0.584313
 0.980000 -1.307360 0.151858
 1.180000 -1.087187 -0.682571
 1.380000 -1.103605 -0.142286
 1.580000 -0.945317 -0.309664
 1.780000 -1.517497 -0.099025
 1.980000 -0.931881 -0.549053
 2.180000 -1.278887 -0.120285
 2.380000 -1.193657 -0.262131
 2.580000 -1.242899 -0.149915
 2.780000 -0.933942 -0.687039
 2.980000 -1.242588 0.162515
 3.180000 -1.062451 -0.617824
 3.380000 -0.934592 0.018757
 3.580000 -1.013747 -0.545538
 3.780000 -1.175087 -0.125907
 3.980000 -1.071630 -0.356836
 4.180000 -1.147608 -0.319500
 4.380000 -1.179145 -0.090331
 4.580000 -1.227709 -0.251786
 4.780000 -1.100337 -0.351189
 4.980000 -1.326713 -0.027058
 5.180000 -1.282828 -0.464171
 5.380000 -1.280896 0.001732
 5.580000 -1.269051 -0.374572
 5.780000 -1.140729 -0.408566
 5.980000 -1.114430 -0.260426
 6.180000 -1.249139 -0.309193
 6.380000 -1.090858 -0.196581
 6.580000 -1.207039 -0.141059
 6.780000 -1.152735 -0.506936
 6.980000 -0.913524 -0.160459
 7.180000 -1.209770 -0.321652
 7.380000 -1.115859 -0.094991
 7.580000 -1.177067 -0.294214
 7.780000 -1.300257 -0.236557
 7.980000 -1.063505 -0.285410
 8.180000 -1.179134 -0.370424
 8.380000 -1.160924 -0.122275
 8.580000 -1.257195 -0.195117
 8.780000 -1.160790 -0.430445
 8.980000 -1.213001 -0.110708
 9.180000 -1.305887 -0.489842
 9.380000 -0.949359 -0.154200
 9.580000 -1.234482 -0.178781
 9.780000 -1.342582 -0.434869
 9.980000 -1.281532 -0.214289
 10.180000 -1.366562 -0.335885
 10.380000 -1.108591 -0.485554
 10.580001 -1.373441 -0.028442
 10.780001 -0.915355 -0.570295
 10.980001 -1.170539 -0.085198
 11.180001 -1.144077 -0.358520
 11.380001 -1.098184 -0.292716
 11.580001 -1.157358 -0.276831
 11.780001 -1.097771 -0.238864
 11.980001 -1.190155 -0.231169
 12.180001 -1.008266 -0.292591
 12.380001 -1.166501 -0.271974
 12.580001 -1.084642 -0.287454
 12.780001 -1.194518 -0.060763
 12.980001 -1.045207 -0.440413
 13.180001 -1.265929 -0.127879
 13.380001 -1.142407 -0.396982
 13.580001 -1.212907 -0.250349
 13.780001 -1.282426 -0.355020
 13.980001 -1.271453 -0.207120
 14.180001 -1.223301 -0.399621
 14.380001 -1.197490 -0.129982
 14.580001 -1.183313 -0.556084
 14.780001 -1.360025 0.017387
 14.980001 -1.161484 -0.582139
 15.180001 -1.275012 -0.043761
 15.380001 -1.105307 -0.233607
 15.580001 -1.197431 -0.301095
 15.780001 -1.027658 -0.216231
 15.980001 -1.256468 -0.349045
 16.180001 -1.181572 -0.245262
 16.380001 -1.226714 -0.081020
 16.580001 -1.128885 -0.600428
 16.780001 -1.035184 0.039853
 16.980001 -1.222710 -0.495962
 17.180001 -1.138589 -0.187143
 17.380001 -1.243595 -0.221835
 17.580001 -1.304185 -0.373946
 17.780001 -0.971042 -0.194322
 17.980001 -1.241579 -0.425452
 18.180001 -1.193290 -0.006351
 18.380001 -1.139381 -0.279427
 18.580001 -1.344559 -0.318718
 18.780001 -1.081093 -0.116221
 18.980001 -1.163667 -0.477889
 19.180001 -1.053212 -0.101194
 19.380001 -1.175653 -0.344897
 19.580001 -1.400229 -0.144265
 19.780001 -1.078570 -0.266338
 19.980001 -1.342491 -0.355835
 20.180001 -1.007532 -0.075975
 20.380001 -1.100746 -0.353743
 20.580001 -1.214872 -0.173128
 20.780001 -0.887693 -0.335536
 20.980001 -1.274977 -0.315884
 21.180001 -0.935532 -0.166716
 21.380001 -1.305358 -0.415910
 21.580001 -1.122344 0.009056
 21.780001 -0.982113 -0.455739
 21.980001 -1.192321 -0.258245
 22.180001 -0.839899 -0.053575
 22.380001 -1.302537 -0.533693
 22.580001 -1.140064 -0.273444
 22.780001 -1.302303 -0.081798
 22.980001 -1.262364 -0.463581
 23.180001 -0.994166 -0.185096
 23.380001 -1.193251 -0.568769
 23.580001 -1.228578 -0.065393
 23.780001 -1.142529 -0.394668
 23.980001 -1.073812 -0.395430
 24.180001 -1.234399 -0.015104
 24.380001 -1.299925 -0.594052
 24.580001 -1.137706 -0.223436
 24.780001 -1.102014 -0.383218
 24.980001 -1.271657 -0.140760
 25.180001 -1.098741 -0.369960
 25.380001 -1.183371 -0.292514
 25.580001 -1.206792 -0.443351
 25.780001 -1.236266 -0.054172
 25.980001 -1.076840 -0.496063
 26.180001 -1.054757 0.008184
 26.380001 -1.137420 -0.581299
 26.580001 -1.292288 -0.012619
 26.780001 -0.992982 -0.529167
 26.980001 -1.378121 -0.188404
 27.180001 -1.009976 -0.360036
 27.380001 -1.420614 -0.109777
 27.580001 -1.074953 -0.524778
 27.780001 -1.376710 -0.078880
 27.980001 -1.228164 -0.412577
 28.180001 -0.985833 -0.169999
 28.380001 -1.356253 -0.321447
 28.580001 -1.195023 -0.086204
 28.780001 -1.172104 -0.432315
 28.980001 -1.288598 -0.183365
 29.180001 -1.015414 -0.348084
 29.380001 -1.182935 -0.178732
 29.580001 -1.002209 -0.361496
 29.780001 -1.239843 -0.186382
 29.980001 -1.124533 -0.391782
 30.180001 -1.165070 -0.208540
 30.380001 -0.993764 -0.432762
 30.580001 -1.302198 -0.065581
 30.780001 -1.258750 -0.284985
 30.980001 -1.173559 -0.414541
 31.180001 -1.247668 -0.342802
 31.380001 -1.241311 -0.204934
 31.580001 -1.078933 -0.164453
 31.780002 -1.100846 -0.468915
 31.980002 -1.268790 -0.154468
 32.180002 -1.218387 -0.553885
 32.380002 -1.185609 -0.101160
 32.580002 -1.066436 -0.259900
 32.780002 -1.148883 -0.168465
 32.980002 -1.029882 -0.333234
 33.180002 -1.031871 -0.337805
 33.380002 -1.148462 -0.431580
 33.580002 -1.213475 -0.053366
 33.780002 -0.987595 -0.566170
 33.980002 -1.238832 -0.087634
 34.180002 -0.923118 -0.534289
 34.380002 -1.023515 -0.236781
 34.580002 -1.289345 -0.362929
 34.780002 -1.201523 -0.270056
 34.980002 -1.208690 -0.287718
 35.180002 -1.047653 -0.418624
 35.380002 -1.135477 -0.248549
 35.580002 -1.257927 -0.290736
 35.780002 -1.177542 -0.508497
 35.980002 -1.372535 0.021546
 36.180002 -1.264573 -0.378935
 36.380002 -0.915591 -0.356227
 36.580002 -1.286816 -0.406424
 36.780002 -1.372044 -0.184861
 36.980002 -1.259228 -0.326073
 37.180002 -1.396723 -0.307926
 37.380002 -1.096986 -0.142991
 37.580002 -1.235064 -0.533748
 37.780002 -1.030936 -0.317372
 37.980002 -1.341267 -0.255752
 38.180002 -1.445603 -0.407704
 38.380002 -1.120037 -0.219750
 38.580002 -1.050778 -0.499013
 38.780002 -1.239404 -0.152992
 38.980002 -1.169806 -0.369096
 39.180002 -1.051144 -0.369338
 39.380002 -1.033503 -0.351539
 39.580002 -1.208319 -0.285637
 39.780002 -1.055157 -0.315044
 39.980002 -0.828345 -0.387983
 40.180002 -1.003264 -0.370640
 40.380002 -0.931942 -0.236414
 40.580002 -1.138704 -0.422274
 40.780002 -1.046518 -0.313796
 40.980002 -1.201196 -0.199054
 41.180002 -1.166113 -0.271766
 41.380002 -0.990289 -0.359037
 41.580002 -1.219529 -0.291537
 41.780002 -1.368006 -0.173053
 41.980002 -1.475271 -0.384643
 42.180002 -1.144400 -0.209436
 42.380002 -1.224043 -0.266154
 42.580002 -1.401501 -0.262177
 42.780002 -1.035113 -0.433528
 42.980002 -1.322495 -0.247735
 43.180002 -1.290564 -0.368415
 43.380002 -1.217503 -0.246928
 43.580002 -1.211127 -0.485922
 43.780002 -1.200133 -0.039614
 43.980002 -1.159193 -0.480173
 44.180002 -1.207457 -0.154512
 44.380002 -0.966129 -0.488728
 44.580002 -1.374928 -0.277161
 44.780002 -1.003680 -0.230174
 44.980002 -1.083978 -0.443301
 45.180002 -1.144671 -0.044623
 45.380002 -1.141828 -0.374824
 45.580002 -1.043436 -0.341144
 45.780002 -1.077774 -0.113016
 45.980002 -1.344207 -0.436101
 46.180002 -0.950662 -0.113138
 46.380002 -1.175153 -0.506513
 46.580002 -1.192793 -0.030991
 46.780002 -1.284135 -0.377269
 46.980002 -1.235653 -0.282024
 47.180002 -1.176702 -0.241302
 47.380002 -1.420310 -0.280265
 47.580002 -0.879615 -0.367285
 47.780002 -1.429485 -0.124373
 47.980002 -1.251369 -0.180437
 48.180002 -1.281979 -0.218343
 48.380002 -1.317291 -0.347352
 48.580002 -1.274847 -0.092529
 48.780002 -1.126609 -0.552536
 48.980002 -1.236852 -0.164827
 49.180002 -1.141935 -0.218887
 49.380002 -1.196942 -0.438673
 49.580002 -1.073206 -0.216307
 49.780002 -1.111937 -0.395838
 49.980002 -1.164143 -0.278041
 50.180002 -0.938500 -0.338677
 50.380002 -1.170880 -0.297421
 50.580002 -0.880132 -0.214305
 50.780002 -1.235886 -0.357464
 50.980002 -0.981069 -0.440856
 51.180002 -1.110025 -0.236387
 51.380002 -1.184355 -0.395053
 51.580002 -0.962632 -0.135332
 51.780002 -1.043415 -0.577054
 51.980002 -1.069587 -0.199167
 52.180002 -1.147014 -0.292840
 52.380002 -1.247159 -0.321427
 52.580002 -0.988097 -0.262696
 52.780003 -1.308990 -0.424204
 52.980003 -1.105897 -0.182135
 53.180003 -1.140337 -0.221391
 53.380003 -1.386692 -0.384758
 53.580003 -1.273217 -0.132668
 53.780003 -1.195893 -0.476605
 53.980003 -1.066204 -0.073734
 54.180003 -1.359423 -0.232796
 54.380003 -1.056883 -0.421415
 54.580003 -1.080621 -0.269885
 54.780003 -1.560446 -0.425091
 54.980003 -0.920407 -0.249910
 55.180003 -1.168560 -0.262640
 55.380003 -1.255861 -0.195928
 55.580003 -0.987244 -0.253149
 55.780003 -1.171284 -0.516055
 55.980003 -1.043138 -0.071612
 56.180003 -1.138372 -0.466809
 56.380003 -0.889877 -0.212627
 56.580003 -0.861529 -0.366366
 56.780003 -1.121854 -0.429373
 56.980003 -1.099380 -0.092063
 57.180003 -1.178776 -0.422064
 57.380003 -1.153813 -0.312193
 57.580003 -1.190988 -0.189255
 57.780003 -1.260412 -0.393307
 57.980003 -0.975322 -0.260990
 58.180003 -1.313559 -0.436524
 58.380003 -1.169519 -0.132724
 58.580003 -1.133763 -0.369622
 58.780003 -1.414185 -0.296465
 58.980003 -1.139313 -0.159527
 59.180003 -1.232641 -0.544292
 59.380003 -0.989056 -0.070439
 59.580003 -1.299371 -0.468049
 59.780003 -1.128249 -0.250986
 59.980003 -0.934069 -0.355634
 60.180003 -1.261838 -0.555598
 60.380003 -0.956496 0.069110
 60.580003 -1.090494 -0.490965
 60.780003 -1.152378 -0.155742
 60.980003 -1.061603 -0.252952
 61.180003 -1.196181 -0.340956
 61.380003 -1.041408 -0.121227
 61.580003 -1.121232 -0.521995
 61.780003 -1.310708 -0.149018
 61.980003 -1.275939 -0.126041
 62.180003 -1.224931 -0.308169
 62.380003 -0.979645 -0.139251
 62.580003 -1.391787 -0.497665
 62.780003 -1.183559 -0.048888
 62.980003 -1.132682 -0.407826
 63.180003 -1.277635 -0.321003
 63.380003 -1.377177 -0.047638
 63.580003 -1.151547 -0.403691
 63.780003 -1.201967 -0.346077
 63.980003 -1.438311 -0.259964
 64.180003 -1.182336 -0.323978
 64.380003 -1.106725 -0.243612
 64.580003 -1.262960 -0.429630
 64.780003 -1.001184 -0.163335
 64.980003 -1.297251 -0.290996
 65.180003 -1.075123 -0.301226
 65.380003 -1.098458 -0.098769
 65.580003 -1.036043 -0.542392
 65.780003 -1.000442 -0.150103
 65.980003 -1.441418 -0.394638
 66.180003 -1.003349 -0.155223
 66.380003 -1.159304 -0.377906
 66.580003 -1.530770 -0.256955
 66.780003 -1.005588 -0.307322
 66.980003 -1.411421 -0.308679
 67.180003 -1.004201 -0.257450
 67.380003 -1.506571 -0.260107
 67.580003 -1.229356 -0.331597
 67.780003 -1.142302 -0.267008
 67.980003 -1.346795 -0.416815
 68.180003 -1.147779 -0.045673
 68.380003 -1.032526 -0.622250
 68.580003 -1.340319 0.025040
 68.780003 -1.251454 -0.482583
 68.980003 -1.228275 -0.215521
 69.180003 -1.122821 -0.151925
 69.380003 -1.007564 -0.424131
 69.580003 -0.926993 -0.149434
 69.780003 -1.178990 -0.409154
 69.980003 -1.137945 -0.173358
 70.180003 -1.157265 -0.365444
 70.380003 -1.178531 -0.339423
 70.580003 -1.071749 -0.064549
 70.780003 -1.173570 -0.413760
 70.980003 -1.085660 -0.193201
 71.180003 -1.158865 -0.256085
 71.380003 -1.321089 -0.348693
 71.580003 -1.126058 -0.045176
 71.780003 -1.133235 -0.566020
 71.980003 -1.329236 -0.013895
 72.180003 -1.125153 -0.281815
 72.380003 -1.130042 -0.357543
 72.580003 -1.139606 -0.209437
 72.780003 -1.368999 -0.260054
 72.980003 -1.232817 -0.244510
 73.180003 -1.121099 -0.328338
 73.380003 -1.145537 -0.256778
 73.580003 -0.961143 -0.240860
 73.780004 -1.254675 -0.296903
 73.980004 -1.116597 -0.251485
 74.180004 -1.118367 -0.260946
 74.380004 -1.190288 -0.341354
 74.580004 -1.124168 -0.208555
 74.780004 -1.332397 -0.203902
 74.980004 -1.081167 -0.307322
 75.180004 -1.173143 -0.233661
 75.380004 -1.065722 -0.219005
 75.580004 -1.112002 -0.332678
 75.780004 -1.353790 -0.270997
 75.980004 -1.109632 -0.307507
 76.180004 -1.232060 -0.369148
 76.380004 -1.125049 -0.232968
 76.580004 -1.078183 -0.255754
 76.780004 -1.263871 -0.380207
 76.980004 -1.253534 -0.198964
 77.180004 -1.123386 -0.454460
 77.380004 -1.322705 -0.213192
 77.580004 -1.009565 -0.313230
 77.780004 -1.109401 -0.417684
 77.980004 -1.225364 -0.186824
 78.180004 -1.153407 -0.301781
 78.380004 -1.035371 -0.312306
 78.580004 -1.111547 -0.298140
 78.780004 -1.180689 -0.201209
 78.980004 -0.990153 -0.419674
 79.180004 -1.190341 -0.197443
 79.380004 -1.121055 -0.253976
 79.580004 -1.055205 -0.356627
 79.780004 -1.220699 -0.326899
 79.980004 -1.142323 -0.251489
 80.180004 -1.072601 -0.340522
 80.380004 -1.226027 -0.203636
 80.580004 -1.066313 -0.283838
 80.780004 -1.195997 -0.417602
 80.980004 -1.201269 -0.321887
 81.180004 -1.208177 -0.275698
 81.380004 -1.172096 -0.349899
 81.580004 -1.095199 -0.307332
 81.780004 -1.234176 -0.282292
 81.980004 -1.219750 -0.257850
 82.180004 -1.308068 -0.214780
 82.380004 -1.253523 -0.315578
 82.580004 -1.058984 -0.334653
 82.780004 -1.268091 -0.339174
 82.980004 -1.092703 -0.259107
 83.180004 -1.208500 -0.307593
 83.380004 -1.353523 -0.264366
 83.580004 -1.206185 -0.294720
 83.780004 -1.272095 -0.448024
 83.980004 -1.200155 -0.129631
 84.180004 -1.079700 -0.281386
 84.380004 -1.036834 -0.348962
 84.580004 -1.204468 -0.152416
 84.780004 -1.194898 -0.416191
 84.980004 -1.220181 -0.272098
 85.180004 -1.246233 -0.254476
 85.380004 -1.089812 -0.362904
 85.580004 -1.142635 -0.183643
 85.780004 -1.107024 -0.395832
 85.980004 -1.131074 -0.255297
 86.180004 -1.313077 -0.426187
 86.380004 -1.302153 -0.152145
 86.580004 -1.017456 -0.388807
 86.780004 -1.332020 -0.340615
 86.980004 -0.972519 -0.275979
 87.180004 -1.205659 -0.416714
 87.380004 -1.284254 -0.268624
 87.580004 -1.113012 -0.172955
 87.780004 -1.327948 -0.410580
 87.980004 -1.070289 -0.114698
 88.180004 -1.215752 -0.384629
 88.380004 -1.109789 -0.247002
 88.580004 -1.137860 -0.274209
 88.780004 -1.228619 -0.382507
 88.980004 -1.174936 -0.206907
 89.180004 -1.258023 -0.287571
 89.380004 -1.011719 -0.391746
 89.580004 -1.246322 -0.115141
 89.780004 -0.935892 -0.418904
 89.980004 -1.054263 -0.243796
 90.180004 -1.124186 -0.366451
 90.380004 -1.185208 -0.139888
 90.580004 -1.132040 -0.298960
 90.780004 -1.122549 -0.243144
 90.980004 -1.146990 -0.325332
 91.180004 -1.178004 -0.240335
 91.380004 -1.096573 -0.312886
 91.580004 -1.214020 -0.189268
 91.780004 -1.261509 -0.280455
 91.980004 -1.066127 -0.349673
 92.180004 -1.178286 -0.354531
 92.380004 -1.502682 -0.079009
 92.580004 -0.921496 -0.420383
 92.780004 -1.234406 -0.273455
 92.980004 -1.265079 -0.137236
 93.180004 -1.239687 -0.489124
 93.380004 -1.248870 -0.310994
 93.580004 -1.189210 -0.290853
 93.780004 -1.393976 -0.300063
 93.980004 -1.119841 -0.254523
 94.180004 -0.938850 -0.511171
 94.380004 -1.322055 -0.004900
 94.580004 -1.009948 -0.509501
 94.780005 -1.348525 -0.335026
 94.980005 -1.303592 -0.191852
 95.180005 -1.270646 -0.329721
 95.380005 -0.968912 -0.407896
 95.580005 -1.205668 -0.258946
 95.780005 -1.212256 -0.226104
 95.980005 -1.192828 -0.398346
 96.180005 -1.163064 -0.420854
 96.380005 -1.344195 -0.069062
 96.580005 -1.165690 -0.417117
 96.780005 -1.119483 -0.333030
 96.980005 -1.219571 -0.344311
 97.180005 -1.291720 -0.168433
 97.380005 -1.136952 -0.465552
 97.580005 -1.257636 -0.140620
 97.780005 -1.469316 -0.334789
 97.980005 -0.943010 -0.440988
 98.180005 -1.260729 -0.486580
 98.380005 -1.627773 -0.035932
 98.580005 -1.169396 -0.304383
 98.780005 -0.911799 -0.436706
 98.980005 -1.513518 -0.205298
 99.180005 -1.262219 -0.257719
 99.380005 -1.041526 -0.465814
 99.580005 -1.370099 -0.128326
 99.780005 -1.094591 -0.317484
 99.980005 -1.123354 -0.241845
 100.180005 -1.139575 -0.319358
 100.380005 -1.283548 -0.182856
 100.580005 -1.063908 -0.447868
 100.780005 -1.197021 -0.263954
 100.980005 -1.152710 -0.266705
 101.180005 -1.055776 -0.401925
 101.380005 -1.215487 -0.336395
 101.580005 -1.227323 -0.208044
 101.780005 -1.418308 -0.365778
 101.980005 -0.937755 -0.415278
 102.180005 -1.178555 -0.378576
 102.380005 -1.254173 -0.003057
 102.580005 -1.171780 -0.437247
 102.780005 -1.060187 -0.490268
 102.980005 -1.428261 -0.007354
 103.180005 -1.113694 -0.517134
 103.380005 -1.135495 -0.248438
 103.580005 -1.245284 -0.246764
 103.780005 -1.257019 -0.261933
 103.980005 -1.214356 -0.240492
 104.180005 -1.240040 -0.404467
 104.380005 -1.518539 -0.035984
 104.580005 -1.333228 -0.314132
 104.780005 -1.143487 -0.409402
 104.980005 -1.367667 -0.062356
 105.180005 -1.177124 -0.444836
 105.380005 -1.070742 -0.325218
 105.580005 -1.475347 -0.220924
 105.780005 -1.286481 -0.271391
 105.980005 -1.255142 -0.343223
 106.180005 -1.270583 -0.504510
 106.380005 -1.339383 0.025510
 106.580005 -1.337029 -0.329526
 106.780005 -0.890318 -0.309748
 106.980005 -1.439843 -0.266109
 107.180005 -1.210856 -0.222880
 107.380005 -1.144753 -0.427822
 107.580005 -1.286472 -0.202120
 107.780005 -1.013679 -0.222625
 107.980005 -1.125610 -0.246375
 108.180005 -1.008249 -0.247960
 108.380005 -1.567489 -0.347164
 108.580005 -1.146747 -0.347932
 108.780005 -1.125947 -0.171008
 108.980005 -1.197024 -0.348501
 109.180005 -1.079498 -0.159266
 109.380005 -1.227115 -0.569927
 109.580005 -1.312621 -0.031375
 109.780005 -1.419613 -0.331329
 109.980005 -1.046963 -0.267455
 110.180005 -1.049658 0.073298
 110.380005 -1.297371 -0.733313
 110.580005 -1.106097 0.080795
 110.780005 -1.189990 -0.418078
 110.980005 -1.432011 -0.255603
 111.180005 -1.204248 -0.067418
 111.380005 -1.128903 -0.507796
 111.580005 -0.752038 -0.096346
 111.780005 -1.144594 -0.344328
 111.980005 -1.097406 -0.206693
 112.180005 -1.004131 -0.093690
 112.380005 -1.327342 -0.488670
 112.580005 -1.049187 0.035175
 112.780005 -1.100741 -0.337774
 112.980005 -1.097811 -0.244129
 113.180005 -1.202057 -0.153561
 113.380005 -1.281552 -0.379394
 113.580005 -1.036662 -0.170944
 113.780005 -1.311776 -0.399692
 113.980005 -1.136148 -0.155651
 114.180005 -1.337187 -0.119188
 114.380005 -1.288059 -0.340524
 114.580005 -1.072173 -0.224076
 114.780005 -1.415927 -0.352042
 114.980005 -1.080963 -0.306867
 115.180005 -1.214769 -0.173493
 115.380005 -1.299563 -0.344670
 115.580005 -1.132270 -0.195695
 115.780005 -1.345632 -0.369979
 115.980006 -1.227119 -0.127816
 116.180006 -1.325673 -0.230191
 116.380006 -1.176726 -0.193646
 116.580006 -1.038165 -0.223953
 116.780006 -1.221708 -0.434086
 116.980006 -1.139908 0.032996
 117.180006 -1.253871 -0.436251
 117.380006 -1.263708 -0.138526
 117.580006 -1.198992 -0.194768
 117.780006 -0.988819 -0.542050
 117.980006 -1.063404 -0.053716
 118.180006 -1.172426 -0.460638
 118.380006 -1.160032 -0.318370
 118.580006 -1.112849 -0.055361
 118.780006 -1.185578 -0.613664
 118.980006 -1.113306 0.011403
 119.180006 -0.955437 -0.545968
 119.380006 -0.997904 -0.250256
 119.580006 -1.156248 -0.313648
 119.780006 -1.226801 -0.290036
 119.980006 -1.042661 -0.278094
 120.180006 -1.270038 -0.295459
 120.380006 -0.989121 -0.289217
 120.580006 -1.234708 -0.203600
 120.780006 -1.242896 -0.414481
 120.980006 -1.103475 -0.116459
 121.180006 -1.359675 -0.445634
 121.380006 -0.948566 -0.241078
 121.580006 -1.183777 -0.516461
 121.780006 -1.337095 0.013276
 121.980006 -1.182532 -0.259681
 122.180006 -1.123634 -0.496228
 122.380006 -0.912291 -0.130633
 122.580006 -1.329878 -0.413268
 122.780006 -1.024832 -0.298267
 122.980006 -1.004460 0.123964
 123.180006 -1.236294 -0.694495
 123.380006 -0.867012 -0.023483
 123.580006 -1.090332 -0.527198
 123.780006 -1.390091 -0.074388
 123.980006 -1.138870 -0.238338
 124.180006 -1.176375 -0.424507
 124.380006 -1.053237 -0.150165
 124.580006 -1.283919 -0.203029
 124.780006 -1.111046 -0.288481
 124.980006 -1.257044 -0.067366
 125.180006 -1.320189 -0.483150
 125.380006 -1.160226 -0.015623
 125.580006 -1.220014 -0.392051
 125.780006 -1.098387 -0.354019
 125.980006 -1.249176 -0.151185
 126.180006 -1.358682 -0.511992
 126.380006 -1.067745 -0.212790
 126.580006 -1.123336 -0.559202
 126.780006 -1.332517 0.097648
 126.980006 -0.964271 -0.456343
 127.180006 -1.208540 -0.211999
 127.380006 -1.275105 -0.176840
 127.580006 -1.156954 -0.369168
 127.780006 -1.089990 -0.352574
 127.980006 -1.174949 -0.221607
 128.180006 -1.055668 -0.294207
 128.380006 -1.109564 -0.191757
 128.580006 -1.235751 -0.576453
 128.780006 -1.113999 -0.084258
 128.980006 -1.083441 -0.426818
 129.180006 -1.126572 -0.135845
 129.380006 -1.144986 -0.369573
 129.580006 -1.301324 -0.365041
 129.780006 -1.235421 -0.246586
 129.980006 -1.262583 -0.301717
 130.180006 -1.068202 -0.129393
 130.380006 -1.205147 -0.332912
 130.580006 -1.112484 -0.381237
 130.780006 -1.322675 -0.133052
 130.980006 -1.283894 -0.477051
 131.180006 -1.193209 -0.014460
 131.380006 -1.211400 -0.433633
 131.580006 -1.141383 -0.296671
 131.780006 -1.150927 -0.272765
 131.980006 -1.488877 -0.271796
 132.180006 -1.067347 -0.213307
 132.380006 -1.227322 -0.412889
 132.580006 -1.308022 -0.131445
 132.780006 -1.087429 -0.349799
 132.980006 -1.171370 -0.501004
 133.180006 -1.321971 0.139209
 133.380006 -1.373333 -0.672268
 133.580006 -1.134306 -0.085528
 133.780006 -1.158868 -0.380196
 133.980006 -1.144235 -0.243806
 134.180006 -1.045690 -0.322182
 134.380006 -1.366222 -0.343399
 134.580006 -1.185472 -0.257370
 134.780006 -1.306606 -0.185577
 134.980006 -0.949527 -0.540839
 135.180006 -1.160794 0.161212
 135.380006 -1.205556 -0.559806
 135.580006 -1.145143 -0.052538
 135.780006 -1.136809 -0.439906
 135.980006 -1.378976 -0.162730
 136.180006 -1.130104 -0.246576
 136.380006 -1.220710 -0.344933
 136.580006 -1.092596 -0.143046
 136.780006 -1.329666 -0.492017
 136.980007 -1.215931 -0.087972
 137.180007 -1.011811 -0.422315
 137.380007 -1.303342 -0.220644
 137.580007 -1.053469 -0.128006
 137.780007 -1.088348 -0.535569
 137.980007 -1.185962 -0.070859
 138.180007 -1.339002 -0.399104
 138.380007 -1.144925 -0.246423
 138.580007 -1.309307 -0.217492
 138.780007 -1.199665 -0.473079
 138.980007 -1.231378 -0.000847
 139.180007 -1.121093 -0.659368
 139.380007 -1.256066 0.063646
 139.580007 -1.177122 -0.485063
 139.780007 -1.086619 -0.292410
 139.980007 -0.971304 -0.288421
 140.180007 -1.193480 -0.480319
 140.380007 -1.174580 -0.029085
 140.580007 -1.171443 -0.398839
 140.780007 -0.993262 -0.497380
 140.980007 -1.354540 -0.089117
 141.180007 -1.125974 -0.417326
 141.380007 -0.962792 -0.320497
 141.580007 -1.374557 -0.200451
 141.780007 -1.209361 -0.361263
 141.980007 -1.168158 -0.263031
 142.180007 -1.228754 -0.463469
 142.380007 -1.198468 -0.068742
 142.580007 -1.159641 -0.386081
 142.780007 -1.016034 -0.253221
 142.980007 -1.279392 -0.234177
 143.180007 -1.322727 -0.320257
 143.380007 -1.257589 -0.179617
 143.580007 -1.166414 -0.331521
 143.780007 -1.156475 -0.270510
 143.980007 -1.215542 -0.235344
 144.180007 -1.233438 -0.235119
 144.380007 -1.085361 -0.313441
 144.580007 -1.341998 -0.243649
 144.780007 -1.188407 -0.308997
 144.980007 -1.180386 -0.223858
 145.180007 -1.232227 -0.378529
 145.380007 -1.108165 -0.137031
 145.580007 -1.254505 -0.331156
 145.780007 -1.228035 -0.270902
 145.980007 -1.293594 -0.207491
 146.180007 -1.254939 -0.340342
 146.380007 -1.006885 -0.089731
 146.580007 -1.112281 -0.536181
 146.780007 -1.080531 -0.195313
 146.980007 -1.145477 -0.208677
 147.180007 -1.269670 -0.334978
 147.380007 -0.972546 -0.037790
 147.580007 -1.180127 -0.559765
 147.780007 -0.992165 -0.121435
 147.980007 -1.072337 -0.227067
 148.180007 -1.280412 -0.245606
 148.380007 -0.867887 -0.144609
 148.580007 -1.455938 -0.465323
 148.780007 -0.932681 -0.135352
 148.980007 -1.293473 -0.176422
 149.180007 -1.231670 -0.428550
 149.380007 -0.983729 -0.099976
 149.580007 -1.241794 -0.516155
 149.780007 -0.959988 -0.045940
 149.980007 -1.219944 -0.320400
 150.180007 -1.434049 -0.072853
 150.380007 -1.033808 -0.446442
 150.580007 -1.195766 -0.185269
 150.780007 -1.069287 -0.330859
 150.980007 -1.353863 -0.076664
 151.180007 -1.093541 -0.544498
 151.380007 -1.178633 -0.065760
 151.580007 -1.218316 -0.437900
 151.780007 -1.169133 -0.065633
 151.980007 -1.025983 -0.414284
 152.180007 -1.268097 -0.184037
 152.380007 -1.014183 -0.418138
 152.580007 -1.145904 -0.224766
 152.780007 -0.894787 -0.281334
 152.980007 -1.280948 -0.274320
 153.180007 -1.062303 -0.281834
 153.380007 -1.092161 -0.287819
 153.580007 -1.108700 -0.214736
 153.780007 -0.981957 -0.293348
 153.980007 -1.130915 -0.297076
 154.180007 -1.089083 -0.342525
 154.380007 -1.314202 -0.227226
 154.580007 -1.064847 -0.302985
 154.780007 -1.032925 -0.374750
 154.980007 -1.276679 -0.130422
 155.180007 -0.900407 -0.498827
 155.380007 -1.209150 -0.215915
 155.580007 -1.133207 -0.300965
 155.780007 -1.081413 -0.306407
 155.980007 -1.148211 -0.226605
 156.180007 -1.239873 -0.354304
 156.380007 -1.035265 -0.399019
 156.580007 -1.251329 -0.241527
 156.780007 -1.291929 -0.319408
 156.980007 -1.236052 -0.248752
 157.180007 -1.258286 -0.415022
 157.380007 -1.257847 -0.024649
 157.580007 -1.278326 -0.300380
 157.780007 -1.208616 -0.326001
 157.980008 -1.327197 -0.237598
 158.180008 -1.240322 -0.226331
 158.380008 -1.017311 -0.295883
 158.580008 -1.355153 -0.286642
 158.780008 -1.174902 -0.153199
 158.980008 -1.123177 -0.389093
 159.180008 -1.173945 -0.395120
 159.380008 -1.299130 0.089420
 159.580008 -1.129725 -0.473026
 159.780008 -1.076124 -0.305875
 159.980008 -1.359833 -0.413710
 160.180008 -1.032672 -0.149479
 160.380008 -1.060606 -0.289023
 160.580008 -1.312100 -0.467637
 160.780008 -1.297095 -0.136649
 160.980008 -1.177750 -0.429077
 161.180008 -0.993562 -0.348544
 161.380008 -1.375479 -0.166196
 161.580008 -1.154156 -0.449615
 161.780008 -0.918428 -0.245991
 161.980008 -1.545488 -0.458901
 162.180008 -0.896818 -0.118924
 162.380008 -1.095351 -0.470185
 162.580008 -1.433611 -0.186182
 162.780008 -1.012971 -0.357841
 162.980008 -1.235349 -0.406301
 163.180008 -1.212493 -0.099497
 163.380008 -1.328461 -0.476015
 163.580008 -1.076776 -0.331897
 163.780008 -1.277436 -0.043733
 163.980008 -1.287157 -0.542195
 164.180008 -1.163103 -0.163781
 164.380008 -1.167156 -0.517071
 164.580008 -1.155884 -0.065965
 164.780008 -1.378528 -0.293537
 164.980008 -1.013671 -0.436956
 165.180008 -1.223949 -0.348036
 165.380008 -1.207694 -0.343766
 165.580008 -0.934655 -0.247868
 165.780008 -1.188482 -0.312627
 165.980008 -1.175157 -0.142126
 166.180008 -1.217595 -0.344871
 166.380008 -1.253521 -0.352485
 166.580008 -1.091366 -0.044441
 166.780008 -1.162812 -0.495286
 166.980008 -1.250617 -0.030904
 167.180008 -1.198317 -0.269938
 167.380008 -1.244304 -0.369965
 167.580008 -1.007838 -0.097282
 167.780008 -1.271195 -0.479163
 167.980008 -1.211888 -0.090089
 168.180008 -1.172119 -0.459557
 168.380008 -1.233616 -0.167231
 168.580008 -1.093123 -0.134108
 168.780008 -1.184485 -0.434052
 168.980008 -1.082029 -0.071635
 169.180008 -1.057294 -0.518893
 169.380008 -1.139971 -0.165545
 169.580008 -1.092541 -0.159897
 169.780008 -1.051728 -0.515270
 169.980008 -1.122804 -0.000618
 170.180008 -1.043424 -0.496080
 170.380008 -1.125644 -0.247659
 170.580008 -1.123085 -0.063178
 170.780008 -1.152883 -0.411259
 170.980008 -1.057677 -0.218642
 171.180008 -1.301155 -0.279368
 171.380008 -1.081084 -0.618241
 171.580008 -1.116927 -0.110014
 171.780008 -1.266572 -0.439550
 171.980008 -1.052028 0.072872
 172.180008 -1.359302 -0.601881
 172.380008 -1.142385 -0.320710
 172.580008 -1.181111 -0.335045
 172.780008 -1.417297 -0.094472
 172.980008 -0.869889 -0.414672
 173.180008 -1.373626 -0.309170
 173.380008 -1.351304 -0.228964
 173.580008 -1.170186 -0.378216
 173.780008 -1.266707 -0.458831
 173.980008 -1.295530 0.096527
 174.180008 -1.292171 -0.598351
 174.380008 -1.147968 -0.282934
 174.580008 -1.198531 -0.324641
 174.780008 -1.222961 -0.291063
 174.980008 -1.052105 -0.263163
 175.180008 -1.265576 -0.313880
 175.380008 -1.132185 -0.151782
 175.580008 -1.310450 -0.385762
 175.780008 -1.347511 -0.363917
 175.980008 -1.311555 0.048740
 176.180008 -1.131212 -0.434991
 176.380008 -1.085894 -0.341845
 176.580008 -1.495599 -0.242178
 176.780008 -1.138655 -0.402671
 176.980008 -1.106764 -0.190317
 177.180008 -1.290197 -0.349091
 177.380008 -1.180869 -0.087137
 177.580008 -1.243985 -0.455275
 177.780008 -1.312417 -0.347837
 177.980008 -1.154224 -0.138212
 178.180008 -1.189525 -0.373301
 178.380008 -0.999780 -0.323202
 178.580008 -1.234749 -0.158052
 178.780008 -1.036939 -0.584280
 178.980009 -1.133319 -0.063393
 179.180009 -1.081051 -0.599164
 179.380009 -1.363007 0.179719
 179.580009 -1.170704 -0.438552
 179.780009 -1.097609 -0.326092
 179.980009 -1.173254 -0.291134
 180.180009 -1.165209 -0.230660
 180.380009 -0.917819 -0.456088
 180.580009 -1.361401 0.014142
 180.780009 -1.186267 -0.480833
 180.980009 -1.174550 -0.275562
 181.180009 -1.323908 -0.245613
 181.380009 -0.984677 -0.431237
 181.580009 -1.171138 -0.140849
 181.780009 -1.283765 -0.300621
 181.980009 -1.261897 -0.262032
 182.180009 -1.371955 -0.432820
 182.380009 -1.369026 -0.146534
 182.580009 -1.089208 -0.515944
 182.780009 -1.341807 -0.134185
 182.980009 -1.177952 -0.349486
 183.180009 -1.371282 -0.289056
 183.380009 -1.164313 -0.428062
 183.580009 -1.327604 -0.193445
 183.780009 -1.183827 -0.345285
 183.980009 -1.178797 -0.262115
 184.180009 -1.163554 -0.454447
 184.380009 -1.239866 -0.283767
 184.580009 -0.891679 -0.452279
 184.780009 -1.165232 -0.402872
 184.980009 -1.182185 -0.143953
 185.180009 -1.126480 -0.407950
 185.380009 -1.042893 -0.312817
 185.580009 -1.173595 -0.238271
 185.780009 -0.926559 -0.287590
 185.980009 -0.869826 -0.470752
 186.180009 -1.406092 -0.160043
 186.380009 -1.087987 -0.299682
 186.580009 -1.089577 -0.364704
 186.780009 -1.318376 -0.268362
 186.980009 -1.099485 -0.262638
 187.180009 -1.148907 -0.454771
 187.380009 -1.179531 -0.090718
 187.580009 -1.358667 -0.421527
 187.780009 -1.099136 -0.364996
 187.980009 -1.158536 -0.233684
 188.180009 -1.461638 -0.418526
 188.380009 -1.091740 -0.139713
 188.580009 -1.211873 -0.502824
 188.780009 -1.233398 0.152068
 188.980009 -1.161704 -0.555727
 189.180009 -1.128829 -0.191030
 189.380009 -0.844941 -0.404063
 189.580009 -1.258238 -0.220305
 189.780009 -0.874962 -0.375141
 189.980009 -1.114299 -0.376452
 190.180009 -1.169744 -0.125821
 190.380009 -1.218798 -0.147478
 190.580009 -1.129109 -0.626692
 190.780009 -1.154453 0.101639
 190.980009 -1.179101 -0.589977
 191.180009 -1.247734 -0.054583
 191.380009 -1.037431 -0.404001
 191.580009 -1.356911 -0.257217
 191.780009 -1.187411 -0.154957
 191.980009 -1.225674 -0.513744
 192.180009 -1.249750 -0.120294
 192.380009 -1.156158 -0.197624
 192.580009 -1.260837 -0.426986
 192.780009 -1.180495 -0.094960
 192.980009 -1.024601 -0.596935
 193.180009 -1.127883 0.189940
 193.380009 -1.003268 -0.523349
 193.580009 -1.041794 -0.223506
 193.780009 -1.102706 -0.347389
 193.980009 -1.114174 -0.262508
 194.180009 -0.944951 -0.521823
 194.380009 -1.244881 -0.095619
 194.580009 -1.152094 -0.329827
 194.780009 -1.086030 -0.378558
 194.980009 -1.151130 -0.596316
 195.180009 -1.364866 0.072430
 195.380009 -1.153011 -0.491557
 195.580009 -1.091729 -0.130833
 195.780009 -1.219598 -0.495516
 195.980009 -1.254634 -0.266881
 196.180009 -1.010180 -0.322370
 196.380009 -1.372471 -0.133913
 196.580009 -1.109471 -0.346760
 196.780009 -1.501625 -0.221297
 196.980009 -1.058643 -0.551542
 197.180009 -1.091962 0.084864
 197.380009 -1.310936 -0.344353
 197.580009 -0.938397 -0.203003
 197.780009 -1.113473 -0.456105
 197.980009 -1.363902 -0.198502
 198.180009 -1.002932 -0.164585
 198.380009 -1.112769 -0.321034
 198.580009 -1.113835 -0.231390
 198.780009 -1.207404 -0.390455
 198.980009 -1.153025 -0.262961
 199.180009 -1.082025 -0.346342
 199.380009 -1.298046 -0.001360
 199.580009 -1.128794 -0.343584
 199.780009 -0.997653 -0.310203
 199.980009 -1.343539 -0.410709
