#! FIELDS time phi psi
#! SET max_psi pi
 0.180000 1.388283 0.640759
 0.380000 1.208627 0.112115
 0.580000 1.163841 -0.318837
 0.780000 1.498589 0.507091
 0.980000 1.068436 -0.150044
 1.180000 1.420012 0.339287
 1.380000 1.385469 0.228244
 1.580000 1.225258 -0.402167
 1.780000 1.198061 0.725144
 1.980000 0.975679 -0.491483
 2.180000 0.984867 0.485711
 2.380000 1.307391 -0.161282
 2.580000 1.368438 -0.175678
 2.780000 1.227390 0.315412
 2.980000 1.012324 -0.058513
 3.180000 1.267343 0.042179
 3.380000 1.400129 -0.019330
 3.580000 1.065406 -0.313330
 3.780000 1.152824 0.398756
 3.980000 1.130155 -0.366312
 4.180000 1.105001 0.258951
 4.380000 1.240629 -0.044775
 4.580000 1.221137 -0.214950
 4.780000 1.436907 0.275022
 4.980000 0.950441 -0.127183
 5.180000 1.270636 0.225228
 5.380000 1.595386 -0.016756
 5.580000 1.324160 -0.022050
 5.780000 1.029992 0.313401
 5.980000 1.091659 -0.142216
 6.180000 1.553293 0.075966
 6.380000 1.076100 0.262782
 6.580000 1.084254 -0.106241
 6.780000 1.171138 0.313792
 6.980000 1.343625 -0.170119
 7.180000 1.219952 -0.067655
 7.380000 1.214629 0.212266
 7.580000 1.311376 -0.142201
 7.780000 1.205126 0.105824
 7.980000 1.267515 0.025276
 8.180000 1.179850 0.167630
 8.380000 1.257637 0.067793
 8.580000 1.207457 0.008396
 8.780000 1.205975 0.076667
 8.980000 1.273807 0.018466
 9.180000 1.204652 -0.086450
 9.380000 1.134329 0.184493
 9.580000 1.296365 -0.150801
 9.780000 1.401925 0.122916
 9.980000 1.132148 0.034662
 10.180000 0.980490 0.067383
 10.380000 1.256858 0.148525
 10.580001 1.477391 0.004219
 10.780001 1.259837 -0.107696
 10.980001 0.885028 0.334800
 11.180001 1.235613 -0.055427
 11.380001 1.229946 0.039089
 11.580001 1.370421 0.043962
 11.780001 0.964299 0.024556
 11.980001 1.079272 0.131612
 12.180001 1.246691 0.036780
 12.380001 1.139848 -0.000963
 12.580001 1.129236 0.071229
 12.780001 1.158508 0.192922
 12.980001 1.301926 -0.181075
 13.180001 1.157123 0.205519
 13.380001 1.112488 0.104674
 13.580001 1.107135 0.039088
 13.780001 1.276193 -0.042366
 13.980001 0.965541 0.147690
 14.180001 1.066692 0.110906
 14.380001 1.092846 0.036632
 14.580001 1.201483 -0.123707
 14.780001 1.099466 0.300407
 14.980001 1.184053 -0.309347
 15.180001 1.280353 0.162001
 15.380001 1.196043 0.013604
 15.580001 0.989565 -0.018162
 15.780001 1.207770 0.149184
 15.980001 1.210650 -0.061283
 16.180001 1.134163 0.028324
 16.380001 1.163093 0.215389
 16.580001 1.262434 -0.174595
 16.780001 1.167130 0.095571
 16.980001 1.158395 0.136098
 17.180001 1.165980 -0.239676
 17.380001 1.243306 0.162384
 17.580001 1.030537 -0.004390
 17.780001 1.162496 -0.110312
 17.980001 1.247274 0.076126
 18.180001 1.155040 -0.040868
 18.380001 1.183949 0.002662
 18.580001 1.202604 0.070205
 18.780001 1.184232 -0.189429
 18.980001 1.143352 0.142343
 19.180001 1.294636 -0.011060
 19.380001 1.268024 -0.173365
 19.580001 1.095446 0.105067
 19.780001 0.990443 0.193521
 19.980001 1.138852 -0.271980
 20.180001 1.363254 0.245639
 20.380001 1.077651 -0.095624
 20.580001 1.003323 0.066615
 20.780001 1.208247 0.014977
 20.980001 1.130093 0.007292
 21.180001 1.344155 -0.070746
 21.380001 1.102776 0.217178
 21.580001 1.259019 -0.378646
 21.780001 1.061587 0.187659
 21.980001 1.033358 0.104866
 22.180001 1.115186 -0.175572
 22.380001 1.245738 0.109323
 22.580001 1.110175 -0.040142
 22.780001 1.043663 -0.037904
 22.980001 1.262032 0.154306
 23.180001 1.162745 -0.137140
 23.380001 1.119443 0.091577
 23.580001 1.135248 0.191102
 23.780001 1.213680 -0.160585
 23.980001 1.233601 0.175327
 24.180001 1.017863 -0.030838
 24.380001 1.081993 0.131261
 24.580001 1.289962 0.006323
 24.780001 1.259457 -0.045919
 24.980001 1.107539 0.083470
 25.180001 1.212275 0.152881
 25.380001 1.336647 -0.120042
 25.580001 1.430995 0.096670
 25.780001 0.939529 0.145414
 25.980001 1.029223 -0.018814
 26.180001 1.523540 0.285891
 26.380001 1.145302 -0.119679
 26.580001 1.009720 0.297257
 26.780001 1.264998 0.060490
 26.980001 1.203615 -0.143558
 27.180001 1.457564 0.206430
 27.380001 1.172909 0.097987
 27.580001 1.124892 -0.104688
 27.780001 1.338164 0.364321
 27.980001 1.355773 -0.153686
 28.180001 1.175586 0.159132
 28.380001 1.112432 0.189296
 28.580001 1.397579 0.039880
 28.780001 1.254886 -0.090878
 28.980001 1.165419 0.258151
 29.180001 1.046061 0.015567
 29.380001 1.306016 0.021258
 29.580001 1.254598 0.112071
 29.780001 1.204654 -0.088914
 29.980001 1.170023 0.128178
 30.180001 1.110914 -0.075013
 30.380001 1.250600 0.085199
 30.580001 1.037281 -0.029239
 30.780001 1.206623 0.058458
 30.980001 1.116943 0.192529
 31.180001 1.215770 -0.053413
 31.380001 1.095114 0.088567
 31.580001 1.236767 0.297305
 31.780002 1.015235 -0.005545
 31.980002 1.359014 0.028414
 32.180002 1.352335 0.097752
 32.380002 1.202995 -0.004271
 32.580002 1.052661 0.117500
 32.780002 1.286990 0.242191
 32.980002 1.253836 -0.141951
 33.180002 1.334485 0.099201
 33.380002 1.046382 -0.043824
 33.580002 1.133501 0.182737
 33.780002 1.360856 -0.008025
 33.980002 1.043773 0.035769
 34.180002 1.246592 -0.304608
 34.380002 1.183746 0.405906
 34.580002 1.083476 -0.369931
 34.780002 0.954231 0.269710
 34.980002 1.320943 -0.068988
 35.180002 1.208076 -0.011240
 35.380002 1.259554 -0.055722
 35.580002 1.045854 0.341539
 35.780002 1.288707 -0.312267
 35.980002 1.265461 0.295682
 36.180002 1.232052 -0.058809
 36.380002 1.181628 0.150776
 36.580002 1.380894 -0.048856
 36.780002 1.236298 0.122442
 36.980002 1.258366 -0.058757
 37.180002 1.036905 0.121635
 37.380002 1.380113 -0.077546
 37.580002 1.042564 0.128300
 37.780002 1.337398 -0.102114
 37.980002 1.040284 0.205715
 38.180002 1.344205 -0.155313
 38.380002 1.035867 0.126953
 38.580002 1.304617 -0.072106
 38.780002 1.120256 0.201255
 38.980002 1.239500 -0.212958
 39.180002 1.208537 0.225013
 39.380002 1.225236 -0.064115
 39.580002 1.167219 0.086998
 39.780002 1.228836 0.186496
 39.980002 1.224154 -0.343065
 40.180002 1.257092 0.238558
 40.380002 1.112112 -0.014729
 40.580002 1.106473 -0.089080
 40.780002 1.377149 0.245981
 40.980002 1.222928 -0.239891
 41.180002 1.089084 0.068085
 41.380002 1.197903 0.318497
 41.580002 1.194263 -0.517525
 41.780002 1.242094 0.337867
 41.980002 1.293287 -0.227390
 42.180002 1.110333 0.036812
 42.380002 1.247108 0.175528
 42.580002 1.234388 -0.083099
 42.780002 1.213561 0.028037
 42.980002 1.056775 0.079425
 43.180002 1.147603 -0.206351
 43.380002 1.235450 0.275964
 43.580002 1.359824 -0.147921
 43.780002 1.000786 0.083460
 43.980002 1.344762 0.048520
 44.180002 1.341369 0.074881
 44.380002 1.089737 -0.017876
 44.580002 1.186137 0.178142
 44.780002 1.117471 0.048541
 44.980002 1.196589 -0.058898
 45.180002 1.091423 0.106626
 45.380002 1.327104 0.032987
 45.580002 1.231241 -0.043104
 45.780002 1.227502 0.141110
 45.980002 1.089267 -0.129459
 46.180002 1.128162 0.117338
 46.380002 1.328127 0.125878
 46.580002 1.173171 -0.133615
 46.780002 1.086147 0.173934
 46.980002 1.186743 0.057624
 47.180002 1.193478 0.070343
 47.380002 1.251478 -0.048345
 47.580002 1.225894 0.149248
 47.780002 1.088323 0.097578
 47.980002 1.304719 -0.093891
 48.180002 1.178050 0.092450
 48.380002 1.058050 0.086462
 48.580002 1.158734 -0.238378
 48.780002 1.172779 0.362560
 48.980002 1.183106 -0.160513
 49.180002 0.953563 0.138402
 49.380002 1.303086 0.202107
 49.580002 1.167115 -0.078668
 49.780002 1.364888 0.003953
 49.980002 1.088401 0.272468
 50.180002 1.036418 -0.211910
 50.380002 1.310247 0.136997
 50.580002 1.282867 0.066075
 50.780002 1.093214 0.088665
 50.980002 1.143988 0.213034
 51.180002 1.087851 -0.055174
 51.380002 1.472975 -0.161806
 51.580002 1.074193 0.421468
 51.780002 0.925572 -0.363236
 51.980002 1.171811 0.369154
 52.180002 1.358390 -0.210483
 52.380002 1.239310 0.014290
 52.580002 1.089266 0.165719
 52.780003 1.054024 0.042098
 52.980003 1.374718 -0.023010
 53.180003 1.232124 0.323475
 53.380003 1.244438 -0.349956
 53.580003 0.999862 0.311255
 53.780003 1.188277 0.051936
 53.980003 1.314009 -0.092143
 54.180003 1.320336 0.050169
 54.380003 1.053100 0.204314
 54.580003 1.030415 -0.174556
 54.780003 1.424032 0.202445
 54.980003 1.319055 -0.031333
 55.180003 1.150313 -0.046462
 55.380003 1.140446 0.286403
 55.580003 1.233566 -0.085134
 55.780003 1.381411 -0.057424
 55.980003 1.288668 0.162505
 56.180003 1.128268 -0.106018
 56.380003 1.143257 0.065270
 56.580003 1.326404 0.231865
 56.780003 1.177113 -0.342338
 56.980003 1.162449 0.466946
 57.180003 1.039599 -0.159219
 57.380003 1.259033 0.141790
 57.580003 1.343841 0.074413
 57.780003 1.191042 -0.033285
 57.980003 1.227639 0.205218
 58.180003 1.236576 -0.052634
 58.380003 1.250642 -0.002396
 58.580003 1.195781 0.217587
 58.780003 1.240506 -0.275841
 58.980003 1.180729 0.369428
 59.180003 1.301975 -0.111245
 59.380003 1.176877 -0.034360
 59.580003 1.240422 0.130084
 59.780003 1.159874 -0.015127
 59.980003 1.162906 0.069985
 60.180003 1.243813 0.057299
 60.380003 1.037401 -0.061526
 60.580003 0.938940 0.078433
 60.780003 1.371596 0.152235
 60.980003 1.179518 -0.116405
 61.180003 0.977137 0.048931
 61.380003 1.203668 0.130313
 61.580003 1.229728 -0.124619
 61.780003 1.389348 0.092099
 61.980003 1.105324 0.096752
 62.180003 1.171824 -0.047490
 62.380003 1.254263 0.311316
 62.580003 1.330669 -0.111204
 62.780003 1.152811 0.244781
 62.980003 1.245590 0.109006
 63.180003 1.166631 0.048291
 63.380003 1.174483 0.136607
 63.580003 1.424910 -0.079546
 63.780003 1.235209 -0.092272
 63.980003 1.194605 0.252934
 64.180003 1.042214 -0.080441
 64.380003 1.126957 0.063460
 64.580003 1.227432 0.004059
 64.780003 0.915014 0.020318
 64.980003 1.145917 0.079160
 65.180003 1.080450 -0.065935
 65.380003 1.203210 -0.200433
 65.580003 1.077136 0.158484
 65.780003 1.134174 -0.055797
 65.980003 1.144586 0.037895
 66.180003 1.276694 -0.001566
 66.380003 1.143208 -0.133702
 66.580003 1.243638 0.129235
 66.780003 1.188741 0.127245
 66.980003 1.405604 -0.126879
 67.180003 1.154516 0.173487
 67.380003 1.241119 -0.061898
 67.580003 1.299766 0.027951
 67.780003 1.298964 0.145196
 67.980003 1.303920 -0.194258
 68.180003 1.123043 0.177903
 68.380003 1.310312 -0.020118
 68.580003 1.282887 -0.106777
 68.780003 1.159964 0.169733
 68.980003 1.104225 0.081611
 69.180003 0.882174 0.116974
 69.380003 1.273074 -0.005024
 69.580003 0.973206 0.001062
 69.780003 1.151899 -0.053447
 69.980003 1.126154 0.065012
 70.180003 1.185256 -0.078203
 70.380003 1.148444 -0.099715
 70.580003 1.135867 0.208566
 70.780003 1.184647 -0.191054
 70.980003 1.199141 0.102365
 71.180003 1.179931 0.037493
 71.380003 1.305922 -0.002928
 71.580003 1.283796 0.105651
 71.780003 1.234206 0.062733
 71.980003 1.085580 0.095809
 72.180003 1.387364 -0.006705
 72.380003 1.231280 -0.026594
 72.580003 1.077493 -0.071297
 72.780003 1.134521 0.386398
 72.980003 1.366884 -0.426802
 73.180003 1.099908 0.119071
 73.380003 1.138214 0.115385
 73.580003 0.962944 -0.169774
 73.780004 1.298134 -0.001394
 73.980004 1.203515 -0.039352
 74.180004 1.074219 -0.075684
 74.380004 1.106843 0.077915
 74.580004 1.318091 -0.058499
 74.780004 1.135187 -0.176839
 74.980004 1.432622 0.271884
 75.180004 1.004539 0.126755
 75.380004 1.192086 -0.000102
 75.580004 1.393964 0.222294
 75.780004 1.200625 -0.044203
 75.980004 1.132626 0.121120
 76.180004 1.245087 0.167050
 76.380004 1.203512 -0.088286
 76.580004 1.195128 0.140210
 76.780004 1.114410 -0.012896
 76.980004 1.150066 -0.015589
 77.180004 1.263763 -0.025944
 77.380004 1.239860 -0.056078
 77.580004 0.993196 0.030826
 77.780004 0.948562 0.044252
 77.980004 1.137048 -0.075689
 78.180004 1.414498 0.008888
 78.380004 0.861788 -0.032395
 78.580004 0.988176 0.084152
 78.780004 1.182956 0.013770
 78.980004 1.388481 -0.282182
 79.180004 1.007790 0.209741
 79.380004 0.899967 0.084337
 79.580004 1.318474 -0.165545
 79.780004 1.358679 -0.063676
 79.980004 1.089251 0.109102
 80.180004 1.184485 0.020836
 80.380004 1.165135 0.065004
 80.580004 1.270393 -0.085480
 80.780004 1.349599 0.241371
 80.980004 1.222774 -0.266995
 81.180004 1.110376 0.329917
 81.380004 1.414364 -0.038827
 81.580004 1.421802 -0.027715
 81.780004 1.311206 0.081141
 81.980004 1.021282 0.040850
 82.180004 1.117283 -0.127552
 82.380004 1.246566 0.393866
 82.580004 1.279063 -0.175338
 82.780004 1.069235 0.250787
 82.980004 1.213280 0.011760
 83.180004 1.204710 -0.118911
 83.380004 1.260363 0.341606
 83.580004 1.274255 -0.214113
 83.780004 1.030458 0.114776
 83.980004 1.247566 0.346433
 84.180004 1.151589 -0.307997
 84.380004 1.274260 0.269264
 84.580004 1.137490 0.176720
 84.780004 1.048557 -0.232210
 84.980004 1.247475 0.442712
 85.180004 1.153381 -0.315783
 85.380004 1.112642 0.270769
 85.580004 1.250932 0.039087
 85.780004 1.128503 -0.176921
 85.980004 1.385676 0.364162
 86.180004 1.139269 -0.164394
 86.380004 1.260052 0.035763
 86.580004 1.233865 0.354246
 86.780004 1.025312 -0.368297
 86.980004 1.214798 0.389881
 87.180004 1.367603 -0.115017
 87.380004 0.968551 -0.114719
 87.580004 1.213714 0.333869
 87.780004 1.166924 -0.268338
 87.980004 1.219889 0.134113
 88.180004 1.086767 0.181995
 88.380004 1.189384 -0.159257
 88.580004 1.239310 0.350341
 88.780004 1.099945 -0.263816
 88.980004 1.005596 0.328580
 89.180004 1.286842 -0.117480
 89.380004 1.378117 0.073544
 89.580004 1.067877 0.109837
 89.780004 1.033302 -0.045937
 89.980004 1.351039 0.140549
 90.180004 1.297380 0.001942
 90.380004 1.179223 0.036173
 90.580004 1.152113 0.323716
 90.780004 1.220063 -0.314837
 90.980004 1.418604 0.328971
 91.180004 1.074386 -0.040410
 91.380004 1.114739 0.021694
 91.580004 1.311548 0.430287
 91.780004 1.285322 -0.556604
 91.980004 1.058462 0.610155
 92.180004 1.241355 -0.079211
 92.380004 1.381203 -0.208968
 92.580004 1.332123 0.355627
 92.780004 0.973054 -0.071278
 92.980004 1.120269 0.101988
 93.180004 1.405445 0.296897
 93.380004 1.263160 -0.432842
 93.580004 1.162280 0.501624
 93.780004 1.004788 -0.123937
 93.980004 1.178086 -0.012510
 94.180004 1.371328 0.322157
 94.380004 1.256359 -0.365287
 94.580004 1.385276 0.215142
 94.780005 1.165441 0.149135
 94.980005 1.370479 -0.245803
 95.180005 1.396206 0.402405
 95.380005 1.199832 -0.279920
 95.580005 1.177741 0.164641
 95.780005 1.246973 0.363452
 95.980005 1.491856 -0.412051
 96.180005 1.477639 0.289863
 96.380005 0.996845 0.120532
 96.580005 0.956133 -0.099387
 96.780005 1.319756 0.225219
 96.980005 1.080457 -0.097239
 97.180005 1.324057 0.075697
 97.380005 1.076952 0.137034
 97.580005 1.029546 -0.258151
 97.780005 1.356946 0.345838
 97.980005 1.269906 0.022400
 98.180005 1.177612 -0.128344
 98.380005 1.099097 0.368935
 98.580005 1.206178 -0.327750
 98.780005 1.413297 0.035606
 98.980005 1.198620 0.085388
 99.180005 1.117833 -0.155945
 99.380005 1.203588 0.274425
 99.580005 1.189361 -0.138953
 99.780005 1.185947 0.022858
 99.980005 1.183496 0.289144
 100.180005 1.223967 -0.415821
 100.380005 1.341240 0.246350
 100.580005 1.056096 0.113956
 100.780005 1.087222 -0.104234
 100.980005 1.444615 0.304215
 101.180005 1.124569 -0.068261
 101.380005 1.147040 -0.024949
 101.580005 1.208475 0.210315
 101.780005 1.142827 -0.208676
 101.980005 1.178915 0.222053
 102.180005 1.136297 0.028104
 102.380005 1.088543 -0.093181
 102.580005 1.191391 0.226524
 102.780005 0.904461 -0.056232
 102.980005 1.344054 0.117203
 103.180005 1.184109 0.053760
 103.380005 1.189227 -0.151841
 103.580005 1.131465 0.154222
 103.780005 1.287015 0.030579
 103.980005 1.179678 -0.017072
 104.180005 1.304753 -0.000207
 104.380005 1.134997 0.213225
 104.580005 1.174354 -0.116917
 104.780005 1.301248 0.078565
 104.980005 1.269475 0.103419
 105.180005 1.283037 -0.147563
 105.380005 1.089040 0.069772
 105.580005 1.238735 0.081395
 105.780005 1.194217 -0.026443
 105.980005 1.247365 0.090722
 106.180005 1.072973 0.232391
 106.380005 1.125902 -0.023513
 106.580005 1.428296 0.044593
 106.780005 1.210768 -0.004713
 106.980005 1.152964 -0.015158
 107.180005 1.220289 -0.024422
 107.380005 1.407561 -0.044424
 107.580005 1.170485 0.008195
 107.780005 1.079124 0.084998
 107.980005 1.187711 0.101805
 108.180005 1.150190 -0.087416
 108.380005 1.174754 -0.049910
 108.580005 1.083551 0.103007
 108.780005 1.182623 -0.097043
 108.980005 1.168723 0.052171
 109.180005 1.033435 0.157012
 109.380005 1.179750 -0.172814
 109.580005 1.277510 0.157933
 109.780005 1.149033 -0.029316
 109.980005 1.138386 -0.001430
 110.180005 1.084590 0.234455
 110.380005 1.406154 -0.001847
 110.580005 1.116405 -0.057395
 110.780005 1.245221 0.180367
 110.980005 1.066936 0.125884
 111.180005 1.263296 -0.013619
 111.380005 1.348790 0.137612
 111.580005 1.220959 -0.042498
 111.780005 1.040506 0.103714
 111.980005 1.285681 0.124953
 112.180005 1.236402 -0.137576
 112.380005 1.290631 0.035387
 112.580005 0.976051 0.192991
 112.780005 1.199444 -0.185517
 112.980005 1.168252 0.158284
 113.180005 1.190088 -0.049968
 113.380005 1.049928 0.010628
 113.580005 1.083931 0.030144
 113.780005 1.104116 -0.047134
 113.980005 1.235527 0.042342
 114.180005 1.115660 -0.022735
 114.380005 1.192787 0.123238
 114.580005 1.234891 -0.143791
 114.780005 1.220921 0.033864
 114.980005 1.259929 0.097815
 115.180005 1.136487 0.014353
 115.380005 1.158920 0.153457
 115.580005 1.267840 0.010254
 115.780005 1.263460 0.003964
 115.980006 1.180356 0.097186
 116.180006 1.112961 0.147041
 116.380006 1.304606 -0.068075
 116.580006 1.273666 -0.080797
 116.780006 1.183181 -0.007138
 116.980006 0.997258 0.015402
 117.180006 1.160707 -0.042977
 117.380006 1.192473 0.094469
 117.580006 1.155192 -0.162242
 117.780006 0.970106 0.311894
 117.980006 1.240948 -0.134192
 118.180006 1.052747 -0.067860
 118.380006 1.270303 0.140614
 118.580006 1.055872 0.050910
 118.780006 1.323374 -0.049701
 118.980006 1.125261 0.215004
 119.180006 1.086411 -0.230896
 119.380006 1.274574 0.183612
 119.580006 1.244709 0.171777
 119.780006 1.231514 -0.180348
 119.980006 1.107797 0.244590
 120.180006 1.329039 -0.129890
 120.380006 1.326595 -0.013717
 120.580006 1.358784 0.182272
 120.780006 1.028073 -0.149116
 120.980006 1.307307 0.183079
 121.180006 1.341110 0.020099
 121.380006 1.333418 -0.178579
 121.580006 1.179887 0.310837
 121.780006 1.317725 -0.120110
 121.980006 1.044453 0.007435
 122.180006 1.237191 0.347495
 122.380006 1.246555 -0.295551
 122.580006 1.171957 0.070649
 122.780006 1.226630 0.158201
 122.980006 1.083292 -0.228608
 123.180006 1.329032 0.300832
 123.380006 1.301392 -0.067914
 123.580006 0.928570 0.077586
 123.780006 1.268996 0.258059
 123.980006 1.423367 -0.312243
 124.180006 1.192604 0.139793
 124.380006 1.224914 0.313809
 124.580006 1.096523 -0.337231
 124.780006 1.167777 0.384240
 124.980006 1.255736 -0.134640
 125.180006 1.074314 -0.114712
 125.380006 1.116188 0.356886
 125.580006 1.194430 -0.530766
 125.780006 1.244673 0.347555
 125.980006 1.064531 -0.001390
 126.180006 1.122525 -0.181282
 126.380006 1.406664 0.405831
 126.580006 1.119756 -0.331159
 126.780006 1.168857 0.347687
 126.980006 1.187723 0.016217
 127.180006 1.341666 -0.235071
 127.380006 1.456971 0.257040
 127.580006 1.093362 -0.030961
 127.780006 1.110917 0.005843
 127.980006 1.358141 0.244462
 128.180006 1.406556 -0.393171
 128.380006 1.142112 0.433627
 128.580006 0.997442 -0.190348
 128.780006 1.274944 0.195010
 128.980006 1.425912 0.010069
 129.180006 1.054664 -0.030117
 129.380006 1.113219 0.301169
 129.580006 1.251414 -0.109036
 129.780006 1.293875 0.043761
 129.980006 1.243303 0.122484
 130.180006 1.102619 -0.051824
 130.380006 1.153465 0.169553
 130.580006 1.287152 -0.022709
 130.780006 1.183182 -0.084679
 130.980006 1.152335 0.386423
 131.180006 0.882893 -0.109411
 131.380006 1.235321 -0.017828
 131.580006 1.201233 0.154255
 131.780006 1.192663 -0.064307
 131.980006 1.168975 0.180652
 132.180006 1.173069 -0.064845
 132.380006 1.189572 -0.039502
 132.580006 1.124975 0.202449
 132.780006 1.384165 -0.278534
 132.980006 1.159254 0.182458
 133.180006 1.216573 0.027026
 133.380006 1.268839 -0.187029
 133.580006 1.370110 0.246081
 133.780006 1.145197 -0.058280
 133.980006 1.045255 0.179307
 134.180006 1.584544 0.153603
 134.380006 1.168147 -0.116092
 134.580006 1.166101 0.063855
 134.780006 1.106728 0.294735
 134.980006 1.133199 -0.160973
 135.180006 1.299828 0.195999
 135.380006 1.006007 0.012913
 135.580006 0.943159 -0.037760
 135.780006 1.163103 0.287640
 135.980006 1.352245 -0.255516
 136.180006 1.260064 0.038249
 136.380006 1.017944 0.342906
 136.580006 1.222273 -0.289849
 136.780006 1.256792 0.301423
 136.980007 1.163534 -0.141353
 137.180007 1.189922 0.075125
 137.380007 1.223198 0.171604
 137.580007 1.163690 -0.265067
 137.780007 1.203683 0.237611
 137.980007 1.095893 0.046992
 138.180007 1.167271 -0.141862
 138.380007 1.202105 0.359494
 138.580007 1.284090 -0.338696
 138.780007 1.138517 0.269338
 138.980007 1.229681 -0.098987
 139.180007 1.165111 0.130428
 139.380007 1.468656 -0.036112
 139.580007 1.130302 0.175634
 139.780007 1.068857 -0.049022
 139.980007 1.186435 0.265829
 140.180007 1.292653 0.031279
 140.380007 1.189645 0.244336
 140.580007 1.151709 0.081814
 140.780007 1.029779 0.129120
 140.980007 1.375731 0.024662
 141.180007 1.197625 0.146752
 141.380007 1.265646 -0.111765
 141.580007 1.126523 0.307593
 141.780007 1.269949 -0.104884
 141.980007 1.294922 0.063655
 142.180007 1.219912 0.099264
 142.380007 1.087772 -0.021301
 142.580007 1.220806 0.154128
 142.780007 1.223640 -0.045129
 142.980007 1.140175 0.030368
 143.180007 1.094826 0.049129
 143.380007 1.092337 0.122337
 143.580007 1.319249 0.000604
 143.780007 1.198243 -0.020807
 143.980007 1.169066 -0.065836
 144.180007 1.131383 0.144646
 144.380007 1.304308 -0.090067
 144.580007 1.153785 0.123724
 144.780007 1.296065 0.086868
 144.980007 0.975302 0.001048
 145.180007 1.261230 0.117059
 145.380007 1.094743 0.119981
 145.580007 1.251557 -0.101201
 145.780007 1.084303 0.101164
 145.980007 1.191679 -0.009081
 146.180007 1.170619 0.062648
 146.380007 1.277010 0.023740
 146.580007 1.197504 0.042771
 146.780007 1.274613 0.050513
 146.980007 1.135317 -0.018837
 147.180007 1.150087 0.055452
 147.380007 1.204423 0.050446
 147.580007 1.218537 -0.088780
 147.780007 1.199236 -0.055450
 147.980007 1.049927 0.276555
 148.180007 1.066609 -0.090667
 148.380007 1.126809 0.046132
 148.580007 1.175859 -0.009574
 148.780007 1.107049 -0.021991
 148.980007 1.121300 -0.026257
 149.180007 1.197147 0.071118
 149.380007 1.134480 0.106671
 149.580007 1.257695 -0.082773
 149.780007 1.223620 0.171525
 149.980007 0.979752 0.014381
 150.180007 1.260154 -0.149923
 150.380007 1.135774 0.199871
 150.580007 1.180441 -0.114763
 150.780007 1.057794 0.056025
 150.980007 1.024159 0.075738
 151.180007 1.212017 -0.138267
 151.380007 1.197923 0.023255
 151.580007 1.091073 0.113447
 151.780007 1.220948 -0.276600
 151.980007 1.135634 0.179609
 152.180007 1.252360 -0.151476
 152.380007 1.017597 0.065229
 152.580007 1.378057 -0.016203
 152.780007 1.214644 0.106129
 152.980007 1.163138 -0.115203
 153.180007 1.154832 0.011010
 153.380007 1.229507 0.039255
 153.580007 1.193912 -0.090351
 153.780007 1.063953 0.156025
 153.980007 1.188621 0.120029
 154.180007 1.325354 -0.163410
 154.380007 1.172321 0.105808
 154.580007 1.230178 0.267148
 154.780007 1.230811 -0.262219
 154.980007 1.491476 0.108068
 155.180007 1.264820 0.206319
 155.380007 1.080091 0.030972
 155.580007 1.285518 0.217578
 155.780007 1.266866 -0.052452
 155.980007 1.260988 -0.024347
 156.180007 1.134948 0.230090
 156.380007 1.334080 -0.215145
 156.580007 1.192121 0.216573
 156.780007 1.443909 -0.109440
 156.980007 0.988770 0.199289
 157.180007 1.278044 -0.016224
 157.380007 1.065723 0.112478
 157.580007 1.425864 0.000641
 157.780007 1.169071 0.155669
 157.980008 1.034900 -0.217301
 158.180008 1.057380 0.287786
 158.380008 1.380212 -0.119204
 158.580008 1.148059 0.076819
 158.780008 1.116996 -0.138321
 158.980008 1.081732 0.274028
 159.180008 1.508253 -0.205242
 159.380008 1.159398 0.214452
 159.580008 1.167541 0.105101
 159.780008 1.115051 0.022981
 159.980008 1.408355 -0.073230
 160.180008 1.006491 0.336941
 160.380008 1.274741 -0.257295
 160.580008 1.179948 0.349125
 160.780008 1.362625 -0.002942
 160.980008 1.174516 0.098026
 161.180008 1.216220 0.014519
 161.380008 1.202262 0.132695
 161.580008 1.202791 -0.280235
 161.780008 1.076187 0.485932
 161.980008 1.191433 -0.213797
 162.180008 0.981155 0.029550
 162.380008 1.191708 0.216972
 162.580008 1.109471 -0.143296
 162.780008 1.197078 0.028953
 162.980008 1.191174 0.051937
 163.180008 1.124741 -0.270403
 163.380008 1.211556 0.373735
 163.580008 1.383592 -0.105839
 163.780008 0.908842 0.000408
 163.980008 1.302298 0.150352
 164.180008 1.104313 -0.069354
 164.380008 1.100212 -0.113775
 164.580008 1.146079 0.237726
 164.780008 1.090831 -0.357405
 164.980008 1.148068 0.225377
 165.180008 1.068599 -0.067148
 165.380008 1.283614 -0.023817
 165.580008 1.226782 0.156755
 165.780008 1.122513 -0.170601
 165.980008 1.170701 0.209203
 166.180008 1.308683 -0.026468
 166.380008 1.164561 -0.176304
 166.580008 1.075152 0.150905
 166.780008 1.174565 0.155668
 166.980008 1.219610 -0.280980
 167.180008 1.067474 0.312924
 167.380008 1.039208 -0.102071
 167.580008 1.132556 0.046301
 167.780008 1.340720 0.126301
 167.980008 1.188093 -0.052961
 168.180008 1.043100 0.030169
 168.380008 1.224387 0.132163
 168.580008 1.210344 -0.178704
 168.780008 1.194895 0.157454
 168.980008 1.146739 -0.116619
 169.180008 1.073508 0.080208
 169.380008 1.310099 -0.004215
 169.580008 1.181010 0.090363
 169.780008 1.293503 -0.142044
 169.980008 1.040825 0.223916
 170.180008 1.329711 -0.236734
 170.380008 1.208630 0.095426
 170.580008 1.261441 -0.001884
 170.780008 0.954518 0.149294
 170.980008 1.148499 -0.119811
 171.180008 1.172013 0.253789
 171.380008 1.251057 -0.199303
 171.580008 1.165623 0.162100
 171.780008 1.226734 -0.025123
 171.980008 1.266860 0.037264
 172.180008 1.116766 0.043448
 172.380008 1.166515 0.035977
 172.580008 1.242272 -0.020955
 172.780008 1.212946 -0.071452
 172.980008 1.039260 0.077634
 173.180008 1.131053 -0.046742
 173.380008 1.280688 0.036078
 173.580008 1.162983 0.210436
 173.780008 1.056278 -0.238599
 173.980008 1.075274 0.426769
 174.180008 1.219165 0.002069
 174.380008 1.115078 0.053686
 174.580008 1.149478 0.173078
 174.780008 1.313272 0.006419
 174.980008 1.087123 -0.002293
 175.180008 1.139778 0.073391
 175.380008 1.286731 0.034695
 175.580008 1.155683 -0.072187
 175.780008 1.078044 0.323859
 175.980008 1.052993 -0.252360
 176.180008 1.344210 0.045449
 176.380008 1.248630 0.211858
 176.580008 1.049124 -0.267696
 176.780008 1.156532 0.273691
 176.980008 1.346487 -0.072067
 177.180008 1.230933 -0.194548
 177.380008 1.108987 0.422438
 177.580008 1.161823 -0.367718
 177.780008 1.308389 0.285743
 177.980008 1.203275 -0.003495
 178.180008 1.197195 0.047107
 178.380008 1.410395 -0.023576
 178.580008 1.052022 0.220546
 178.780008 1.371614 -0.206039
 178.980009 1.056856 0.363721
 179.180009 1.374527 -0.267997
 179.380009 0.992308 0.553891
 179.580009 1.419697 -0.170081
 179.780009 1.185162 0.145530
 179.980009 1.343341 0.019549
 180.180009 0.979097 0.057590
 180.380009 1.247512 -0.125995
 180.580009 1.220947 0.261533
 180.780009 1.352610 -0.331395
 180.980009 1.097939 0.174188
 181.180009 1.267361 0.074723
 181.380009 1.226837 -0.147032
 181.580009 1.267499 0.154391
 181.780009 1.091104 0.079910
 181.980009 1.228221 -0.045320
 182.180009 1.512373 0.134929
 182.380009 1.159846 0.045346
 182.580009 1.146031 -0.030613
 182.780009 1.199758 0.151116
 182.980009 1.219858 -0.264852
 183.180009 1.126966 0.306488
 183.380009 1.115114 0.040334
 183.580009 1.078070 -0.122927
 183.780009 1.316043 0.237999
 183.980009 1.036811 -0.052051
 184.180009 1.423476 -0.065703
 184.380009 1.202541 0.262774
 184.580009 1.210764 -0.145405
 184.780009 1.067906 0.236300
 184.980009 1.393456 -0.083108
 185.180009 1.163120 0.071723
 185.380009 1.315072 0.139325
 185.580009 0.909088 -0.085326
 185.780009 1.217214 0.272191
 185.980009 1.271456 -0.130535
 186.180009 1.264430 -0.105974
 186.380009 1.195961 0.283891
 186.580009 1.104500 -0.092327
 186.780009 1.231882 -0.099155
 186.980009 1.183828 0.296667
 187.180009 1.083201 -0.157750
 187.380009 0.991495 0.229374
 187.580009 1.322508 0.135273
 187.780009 1.252335 -0.202259
 187.980009 1.338569 -0.006252
 188.180009 1.149726 0.253710
 188.380009 1.180863 -0.097849
 188.580009 1.265659 0.234686
 188.780009 1.258497 -0.040047
 188.980009 1.005720 0.113488
 189.180009 1.154572 0.270124
 189.380009 1.256989 -0.094585
 189.580009 1.338264 -0.104309
 189.780009 1.195359 0.116206
 189.980009 0.933993 0.012712
 190.180009 1.275303 0.056532
 190.380009 1.331600 -0.059513
 190.580009 1.219887 0.099102
 190.780009 1.006335 0.122352
 190.980009 0.972800 -0.069388
 191.180009 1.490023 0.169793
 191.380009 1.169151 0.028495
 191.580009 1.204296 -0.023644
 191.780009 1.071350 0.265279
 191.980009 1.184330 -0.335409
 192.180009 1.439637 0.364240
 192.380009 1.165267 0.118684
 192.580009 1.133156 -0.175635
 192.780009 1.336804 0.408199
 192.980009 1.181832 -0.361928
 193.180009 1.296138 0.254100
 193.380009 1.294040 -0.026526
 193.580009 1.186525 -0.090956
 193.780009 1.311791 0.113439
 193.980009 1.114701 0.018142
 194.180009 1.264637 -0.178035
 194.380009 1.067931 0.259751
 194.580009 1.142777 -0.256523
 194.780009 1.130918 0.284193
 194.980009 1.301836 -0.069224
 195.180009 1.077549 -0.036190
 195.380009 1.010951 0.278838
 195.580009 1.044914 -0.011671
 195.780009 1.312486 -0.279794
 195.980009 1.209209 0.179258
 196.180009 1.054534 -0.089092
 196.380009 1.164882 0.014046
 196.580009 1.404922 0.090837
 196.780009 1.300278 0.049196
 196.980009 1.251856 0.283085
 197.180009 1.184969 -0.036526
 197.380009 1.218917 -0.017319
 197.580009 1.266255 0.142901
 197.780009 1.268121 -0.123454
 197.980009 0.994931 0.110944
 198.180009 1.009997 0.058745
 198.380009 1.142950 0.100132
 198.580009 1.213434 -0.190351
 198.780009 1.017514 0.080755
 198.980009 1.219136 0.088537
 199.180009 1.039932 -0.165962
 199.380009 1.332434 -0.045213
 199.580009 1.044636 0.277128
 199.780009 1.141297 -0.091921
 199.980009 1.257451 0.184652
