#! FIELDS time phi psi
#! SET max_psi pi
 0.180000 2.925894 2.730074
 0.380000 -2.942856 -2.729212
 0.580000 -2.796102 -2.719929
 0.780000 3.036620 -3.013009
 0.980000 3.139615 -2.634156
 1.180000 -2.713062 -2.919260
 1.380000 3.057537 -2.721106
 1.580000 -3.016380 -2.947054
 1.780000 -2.761727 -2.803976
 1.980000 -2.812894 -2.631400
 2.180000 -2.891919 -3.017111
 2.380000 3.032973 -2.648481
 2.580000 -3.015559 -3.024945
 2.780000 -3.116341 -2.776533
 2.980000 -2.875457 -2.816409
 3.180000 -3.009228 -2.719056
 3.380000 -2.797643 -2.639762
 3.580000 -2.862805 -3.000281
 3.780000 3.103503 -2.465292
 3.980000 3.119744 3.051948
 4.180000 3.043078 -2.646423
 4.380000 -2.725023 -2.997221
 4.580000 -3.051458 -2.833518
 4.780000 -3.045614 -2.693809
 4.980000 -2.932852 -3.028960
 5.180000 -3.036979 -2.561048
 5.380000 -3.009687 -3.069528
 5.580000 -3.114265 -2.509637
 5.780000 -2.822643 -3.128866
 5.980000 -3.110343 -2.534140
 6.180000 3.079010 -2.989071
 6.380000 -3.029948 -3.062913
 6.580000 -3.049274 -2.696302
 6.780000 -2.748360 -3.043616
 6.980000 -3.097183 -2.660380
 7.180000 -2.852789 -2.753359
 7.380000 -3.123911 -2.774723
 7.580000 -2.925181 -2.682935
 7.780000 -2.941050 -2.997923
 7.980000 -2.983678 -2.568085
 8.180000 -2.964182 3.071291
 8.380000 -3.111353 -2.339901
 8.580000 3.135298 -3.056335
 8.780000 -2.996680 -2.746314
 8.980000 -3.089399 -2.715464
 9.180000 -2.776254 -3.069906
 9.380000 3.000564 -2.436741
 9.580000 -2.914313 -3.041925
 9.780000 -3.107155 -2.732854
 9.980000 -2.981927 -2.824389
 10.180000 -3.030342 -2.952513
 10.380000 -3.115152 -2.560976
 10.580001 -2.778657 3.064395
 10.780001 -2.977098 -2.395859
 10.980001 -3.025472 -3.002728
 11.180001 3.141026 -2.687731
 11.380001 3.140343 -2.835874
 11.580001 -2.679143 -2.969099
 11.780001 -2.718832 -2.476844
 11.980001 -2.763993 -2.993418
 12.180001 -3.080645 -2.597290
 12.380001 -2.961148 -2.672178
 12.580001 3.063077 -2.945473
 12.780001 3.096789 -2.824097
 12.980001 -3.010457 -2.928388
 13.180001 -2.937348 -2.693373
 13.380001 3.135952 -3.107681
 13.580001 3.139007 -2.663974
 13.780001 -3.137031 -2.975512
 13.980001 -3.085078 -2.914962
 14.180001 -3.077831 -2.869412
 14.380001 -3.025537 -2.962826
 14.580001 -2.952986 -2.562918
 14.780001 -3.117910 -2.927511
 14.980001 -2.792972 -2.667742
 15.180001 -3.010662 -2.724473
 15.380001 -2.960955 -2.779646
 15.580001 -2.952503 -2.649235
 15.780001 -3.009978 -2.793457
 15.980001 3.114909 -2.813561
 16.180001 -2.945334 -2.978445
 16.380001 -3.032640 -2.875619
 16.580001 -3.038523 -2.888652
 16.780001 3.129073 -2.888082
 16.980001 -3.135132 -2.682278
 17.180001 -2.932394 -2.934571
 17.380001 -3.100769 -2.933284
 17.580001 3.078396 -2.929854
 17.780001 3.016776 -3.042377
 17.980001 -3.108588 -2.803644
 18.180001 -2.974087 -2.874141
 18.380001 -2.848960 -2.606153
 18.580001 -2.999609 -2.695831
 18.780001 -2.853457 -2.710606
 18.980001 -3.019169 -2.740450
 19.180001 -2.923913 -2.948493
 19.380001 -2.993450 -2.746206
 19.580001 -3.067346 -2.885068
 19.780001 -3.103283 -2.767369
 19.980001 -2.801016 -2.831119
 20.180001 -3.031750 -2.710529
 20.380001 3.071150 -2.949504
 20.580001 3.130011 -3.007897
 20.780001 3.087159 -2.954251
 20.980001 -3.042430 -3.000435
 21.180001 -2.905559 -2.756080
 21.380001 3.109983 -2.876604
 21.580001 -2.824947 -2.730358
 21.780001 -3.000701 -2.783047
 21.980001 -3.123691 -2.831705
 22.180001 3.134298 -2.910117
 22.380001 3.123735 -2.854402
 22.580001 -3.027440 -2.878693
 22.780001 -3.023110 -2.871141
 22.980001 -2.843598 -2.778334
 23.180001 -2.931333 -2.725183
 23.380001 -2.983995 -2.853603
 23.580001 -2.962686 -2.713920
 23.780001 -2.999796 -2.882596
 23.980001 -2.964141 -2.754248
 24.180001 -2.850553 -2.826566
 24.380001 -3.123042 -2.823704
 24.580001 -2.983041 -2.772256
 24.780001 -2.956516 -2.814376
 24.980001 -3.018250 -2.734708
 25.180001 -3.058886 -2.691512
 25.380001 -3.019538 -2.833920
 25.580001 -3.004012 -2.672021
 25.780001 -2.952778 -2.812800
 25.980001 -2.969505 -2.832990
 26.180001 3.112417 -2.850597
 26.380001 -3.019666 -3.015334
 26.580001 -3.015175 -2.832401
 26.780001 3.139933 -2.996908
 26.980001 -3.065056 -3.092500
 27.180001 -2.985273 -2.839387
 27.380001 -2.913156 -2.999208
 27.580001 -2.960543 -2.665799
 27.780001 3.063610 -2.881902
 27.980001 -2.860665 -2.737961
 28.180001 -2.958816 -2.743752
 28.380001 -2.788789 -2.830551
 28.580001 -3.079418 -2.765268
 28.780001 -3.135514 -2.842832
 28.980001 -2.941316 -2.626654
 29.180001 -2.823261 -2.783327
 29.380001 -2.655496 -2.642443
 29.580001 -2.930703 -2.614452
 29.780001 -3.027104 -2.781416
 29.980001 -3.139118 -2.736798
 30.180001 -2.889011 -2.965188
 30.380001 -3.108320 -2.888832
 30.580001 -2.997100 -2.854839
 30.780001 -3.032865 -2.868884
 30.980001 3.098318 -2.682734
 31.180001 -3.052044 -2.917788
 31.380001 -2.998037 -2.692421
 31.580001 -2.896176 -2.801506
 31.780002 -2.991671 -2.799933
 31.980002 -3.006019 -2.760103
 32.180002 -3.045869 -2.933053
 32.380002 -2.992347 -2.686806
 32.580002 -2.916065 -2.812978
 32.780002 -2.960685 -2.677803
 32.980002 -3.122201 -2.742021
 33.180002 -2.970426 -2.890617
 33.380002 -3.025476 -2.567054
 33.580002 -2.907398 -2.912730
 33.780002 -2.798606 -2.654901
 33.980002 -2.878352 -2.808112
 34.180002 -3.017904 -2.902130
 34.380002 3.131418 -2.593173
 34.580002 -2.970099 -2.817515
 34.780002 -2.877608 -2.801327
 34.980002 -2.712452 -2.643981
 35.180002 -3.088164 -3.087787
 35.380002 3.089231 -2.729297
 35.580002 3.049726 -2.979497
 35.780002 -3.113469 -2.810983
 35.980002 -2.701461 -2.827987
 36.180002 -2.963643 -2.847955
 36.380002 -2.919521 -2.781440
 36.580002 3.102450 -3.019767
 36.780002 -2.990881 -2.486385
 36.980002 -3.022157 -3.087003
 37.180002 -2.798157 -2.454588
 37.380002 -2.968622 -2.847583
 37.580002 -2.940558 -2.768561
 37.780002 -3.067580 -2.752720
 37.980002 -2.870974 -2.852764
 38.180002 -3.079395 -2.734935
 38.380002 -2.990650 -2.881639
 38.580002 -3.077837 -2.761808
 38.780002 -3.085266 -2.881210
 38.980002 3.131875 -2.936208
 39.180002 -2.935418 -2.793383
 39.380002 -2.915501 -2.846528
 39.580002 3.062220 -2.829436
 39.780002 -3.105972 -2.927636
 39.980002 -3.136446 -2.805719
 40.180002 -2.992842 -2.910439
 40.380002 -3.013705 -2.702688
 40.580002 3.105136 -2.730038
 40.780002 -2.858886 -2.781643
 40.980002 -3.123187 -2.898368
 41.180002 -2.970973 -2.814183
 41.380002 3.114327 -2.770653
 41.580002 -2.985692 -2.715389
 41.780002 -2.781252 -2.804306
 41.980002 -2.880314 -2.714595
 42.180002 -2.954290 -2.913243
 42.380002 3.122139 -2.725620
 42.580002 -3.029373 -2.909451
 42.780002 -3.093517 -2.808356
 42.980002 -2.972080 -2.842483
 43.180002 -3.081380 -2.764523
 43.380002 -3.059766 -2.896827
 43.580002 -2.941264 -2.733369
 43.780002 -2.971545 -2.852011
 43.980002 3.130061 -2.908914
 44.180002 3.130583 -2.757739
 44.380002 -3.093266 -3.061380
 44.580002 -3.115537 -2.782374
 44.780002 -2.944690 -2.800750
 44.980002 3.110870 -2.913189
 45.180002 -2.900206 -2.706341
 45.380002 -2.839975 -3.023966
 45.580002 -3.018952 -2.675433
 45.780002 -3.075998 -2.920391
 45.980002 -3.110840 -2.830522
 46.180002 -2.949582 -2.786537
 46.380002 -2.694186 -2.884571
 46.580002 3.132774 -2.716807
 46.780002 3.135493 -2.946820
 46.980002 3.045725 -2.858182
 47.180002 -2.933890 -2.703628
 47.380002 -2.992601 -3.035019
 47.580002 -3.088665 -2.569027
 47.780002 -3.009921 -3.065915
 47.980002 -3.067839 -2.628266
 48.180002 -2.845837 -2.771961
 48.380002 -3.084909 -2.736766
 48.580002 -3.016448 -2.608366
 48.780002 -2.877231 -2.948016
 48.980002 -2.882214 -2.717435
 49.180002 -3.084263 -3.030186
 49.380002 -2.872220 -2.682125
 49.580002 -3.030470 -2.940853
 49.780002 3.106889 -2.814790
 49.980002 3.100991 -2.840792
 50.180002 3.134065 -2.883302
 50.380002 -2.832297 -2.945497
 50.580002 -2.926358 -2.903821
 50.780002 3.106284 -2.890101
 50.980002 -3.044766 -2.888092
 51.180002 -3.015612 -2.825234
 51.380002 -2.890004 -2.578257
 51.580002 -2.887423 -2.845545
 51.780002 3.084632 -2.643758
 51.980002 3.077078 -2.948562
 52.180002 3.135961 -3.045361
 52.380002 -3.003750 -2.871492
 52.580002 -2.878496 -2.939318
 52.780003 2.961175 -2.879106
 52.980003 -2.891008 -2.985707
 53.180003 3.032100 -2.738218
 53.380003 -3.043782 -2.649229
 53.580003 -2.910065 -2.923839
 53.780003 -3.099599 -2.564279
 53.980003 -3.062554 -3.141204
 54.180003 -3.099386 -2.487889
 54.380003 -2.939912 -2.936084
 54.580003 -2.907117 -2.597464
 54.780003 -2.853134 -2.811758
 54.980003 -2.957463 -2.896078
 55.180003 -3.089310 -2.499258
 55.380003 -3.020312 3.080053
 55.580003 -3.135195 -2.493041
 55.780003 -3.017261 3.120091
 55.980003 3.138570 -2.697428
 56.180003 -3.007301 -2.717515
 56.380003 -2.783243 -2.736210
 56.580003 -3.041497 -2.591314
 56.780003 -2.923724 -2.930791
 56.980003 -3.069657 -2.578080
 57.180003 -2.812574 -2.926605
 57.380003 -3.009556 -2.829057
 57.580003 3.133736 -2.810726
 57.780003 -2.979972 -2.989608
 57.980003 -3.076889 -2.616973
 58.180003 -2.867446 -2.966728
 58.380003 3.125416 -2.749993
 58.580003 -2.992763 -2.823060
 58.780003 3.121695 -2.906496
 58.980003 -2.964885 -2.552927
 59.180003 -2.991234 3.092588
 59.380003 -3.033686 -2.447195
 59.580003 -3.052740 -3.040672
 59.780003 3.002871 -2.747498
 59.980003 -3.082730 -2.928935
 60.180003 3.133279 -2.977977
 60.380003 -3.105974 -2.603347
 60.580003 -2.813206 3.108955
 60.780003 -2.949597 -2.521442
 60.980003 -3.004381 -2.899361
 61.180003 -3.071167 -2.766536
 61.380003 -3.072274 -2.588374
 61.580003 -2.997935 3.056001
 61.780003 -3.075895 -2.495226
 61.980003 -3.090417 3.073587
 62.180003 -3.037444 -2.676606
 62.380003 -3.025355 -2.974777
 62.580003 -3.022463 -2.947524
 62.780003 -3.017496 -2.632775
 62.980003 -2.823144 -2.964687
 63.180003 -2.784936 -2.501467
 63.380003 -2.948354 -2.932276
 63.580003 -2.972019 -2.572848
 63.780003 -3.027859 -2.892167
 63.980003 -2.860070 -2.720382
 64.180003 -3.114085 -2.702273
 64.380003 -2.981183 -3.031820
 64.580003 3.140013 -2.656007
 64.780003 -2.942022 -2.976105
 64.980003 -3.035673 -2.921391
 65.180003 3.085658 -2.714333
 65.380003 -3.057860 -3.069117
 65.580003 -2.927747 -2.549206
 65.780003 -2.967421 -3.034615
 65.980003 -3.025850 -2.566853
 66.180003 -3.075799 -2.986734
 66.380003 -3.027426 -2.668412
 66.580003 -2.958665 -2.785311
 66.780003 -2.820683 -2.779349
 66.980003 3.010838 -2.696672
 67.180003 -3.058448 -3.078552
 67.380003 -3.062999 -2.556707
 67.580003 -2.974777 -3.092694
 67.780003 3.099668 -2.851598
 67.980003 2.980994 -3.049032
 68.180003 -3.009421 -2.919295
 68.380003 3.109440 -2.725147
 68.580003 -2.825431 -2.725513
 68.780003 -2.997951 -2.640271
 68.980003 -2.976541 -2.767279
 69.180003 -3.020390 -2.818540
 69.380003 -2.837399 -2.699958
 69.580003 -2.971250 -2.854708
 69.780003 -2.992005 -2.639717
 69.980003 3.099001 -2.867823
 70.180003 -3.135991 -2.655197
 70.380003 -3.096079 -2.858731
 70.580003 -2.921488 -2.799490
 70.780003 3.042659 -2.865384
 70.980003 3.074789 -2.866601
 71.180003 -2.998148 -2.836683
 71.380003 -3.063182 -2.952065
 71.580003 3.135106 -2.891386
 71.780003 -3.092152 -3.002730
 71.980003 -3.137168 -2.809568
 72.180003 -3.088666 -2.888853
 72.380003 -2.863843 -2.623341
 72.580003 -2.901378 -2.718496
 72.780003 -2.866319 -2.675944
 72.980003 -3.026162 -2.887710
 73.180003 -3.018923 -2.821361
 73.380003 3.113003 -2.845050
 73.580003 -2.978945 -2.983902
 73.780004 -3.007654 -2.672097
 73.980004 -2.978996 -2.921926
 74.180004 -2.897042 -2.619746
 74.380004 -2.963590 -2.806258
 74.580004 -2.982705 -2.825087
 74.780004 -3.123723 -2.730110
 74.980004 -2.941591 -2.940547
 75.180004 -2.962392 -2.821220
 75.380004 -3.040115 -2.996052
 75.580004 -3.097584 -2.790793
 75.780004 -3.115521 -2.731362
 75.980004 -3.030808 -2.894918
 76.180004 -2.819032 -2.668319
 76.380004 -2.999541 -2.926160
 76.580004 -2.967409 -2.773501
 76.780004 3.092087 -2.850585
 76.980004 -3.105297 -2.699100
 77.180004 -2.838863 -2.888313
 77.380004 -2.857954 -2.634639
 77.580004 -2.916577 -2.936209
 77.780004 -3.131018 -2.671272
 77.980004 -3.042668 -3.013304
 78.180004 -3.057540 -2.661704
 78.380004 -2.916211 -2.954528
 78.580004 -2.913367 -2.770794
 78.780004 -2.988544 -2.794796
 78.980004 -2.776656 -2.887677
 79.180004 -3.127880 -2.591950
 79.380004 -2.999205 -3.017782
 79.580004 -3.140362 -2.547022
 79.780004 -3.016230 -2.790866
 79.980004 -2.944071 -2.929541
 80.180004 -2.717785 -2.582793
 80.380004 -3.088842 -3.108602
 80.580004 -3.114652 -2.566433
 80.780004 -3.003166 -3.012360
 80.980004 -2.884140 -2.735620
 81.180004 -3.127119 -2.826364
 81.380004 -2.988653 -2.943841
 81.580004 3.049275 -2.650742
 81.780004 -2.918468 -2.953860
 81.980004 -2.925377 -2.650094
 82.180004 -2.825848 -2.907252
 82.380004 -3.028405 -2.890783
 82.580004 3.016495 -2.831809
 82.780004 -2.983703 -2.950693
 82.980004 -3.110385 -2.724800
 83.180004 -2.756556 -2.947282
 83.380004 -3.004880 -2.809109
 83.580004 -3.010679 -2.831238
 83.780004 -2.984887 -2.927998
 83.980004 -3.101484 -2.735297
 84.180004 -2.916410 -2.941076
 84.380004 -2.948901 -2.573845
 84.580004 -3.014998 -2.858428
 84.780004 -2.967150 -2.664002
 84.980004 -2.972470 -2.839450
 85.180004 -2.967373 -2.824805
 85.380004 -2.884867 -2.753708
 85.580004 -3.048634 -2.918665
 85.780004 -2.891288 -2.603009
 85.980004 -3.134164 -2.983582
 86.180004 -3.118526 -2.609290
 86.380004 -2.984237 -2.901440
 86.580004 -2.962362 -2.733714
 86.780004 -2.990837 -2.774637
 86.980004 -2.860038 -2.627782
 87.180004 3.101446 -2.922763
 87.380004 -2.999339 -2.737176
 87.580004 -2.934002 -2.752765
 87.780004 -2.831970 -2.752733
 87.980004 -2.877947 -2.816679
 88.180004 -3.123914 -2.729761
 88.380004 3.103254 -3.060489
 88.580004 -3.082873 -2.750657
 88.780004 -2.924019 -2.888664
 88.980004 -3.028871 -2.821594
 89.180004 3.075685 -2.722800
 89.380004 -2.985534 -2.857389
 89.580004 -3.034093 -2.814381
 89.780004 -2.804588 -2.593675
 89.980004 -2.996495 -2.866523
 90.180004 -3.129336 -2.734618
 90.380004 -3.051787 -2.901305
 90.580004 -3.109287 -2.864760
 90.780004 -3.011379 -2.892953
 90.980004 3.121333 -2.818137
 91.180004 -3.017405 -2.860142
 91.380004 -2.935265 -2.869308
 91.580004 -2.681809 -2.555299
 91.780004 -2.976048 -2.822539
 91.980004 -3.050013 -2.681924
 92.180004 3.097507 -2.846691
 92.380004 -2.978577 -2.894406
 92.580004 -2.880430 -2.701467
 92.780004 -2.812345 -2.815224
 92.980004 -3.104964 -2.901851
 93.180004 -2.868218 -2.414276
 93.380004 2.844448 -3.112335
 93.580004 -2.943593 -2.592009
 93.780004 -2.991261 -3.005784
 93.980004 -2.747961 -2.821370
 94.180004 3.138347 -2.741568
 94.380004 -3.133077 -3.043303
 94.580004 2.987259 -2.663869
 94.780005 -3.097078 -2.901442
 94.980005 -2.992559 -2.727932
 95.180005 3.001785 -2.985035
 95.380005 -2.921306 -2.558488
 95.580005 -2.919486 -2.955001
 95.780005 -2.983301 -2.785091
 95.980005 2.998907 -2.902301
 96.180005 -2.914487 -3.108386
 96.380005 -3.057882 -2.632200
 96.580005 -2.878977 -2.901929
 96.780005 -2.982624 -2.546565
 96.980005 -3.087423 -2.842331
 97.180005 -2.982059 -2.816850
 97.380005 -3.015713 -2.743083
 97.580005 -2.841262 -3.014706
 97.780005 3.114478 -2.817287
 97.980005 -3.004808 -2.840161
 98.180005 -2.963199 -2.811215
 98.380005 -2.957553 -2.879911
 98.580005 -2.920598 -2.881191
 98.780005 -2.989986 -2.809003
 98.980005 3.090128 -2.813098
 99.180005 -3.087083 -2.903778
 99.380005 -2.924480 -2.763151
 99.580005 -2.774774 -2.818905
 99.780005 -2.961176 -2.674140
 99.980005 -3.090075 -2.861852
 100.180005 -2.953702 -2.695965
 100.380005 -3.127227 -2.860643
 100.580005 -2.898479 -2.823487
 100.780005 -2.977258 -2.818787
 100.980005 -3.042060 -2.719425
 101.180005 -3.085913 -2.762919
 101.380005 -2.972585 -2.967519
 101.580005 -3.061325 -2.867360
 101.780005 -2.910762 -3.039749
 101.980005 3.138298 -2.862467
 102.180005 -2.942171 -2.951159
 102.380005 3.107370 -2.967251
 102.580005 -2.899447 -2.767232
 102.780005 3.075660 -2.963831
 102.980005 -2.853062 -2.830219
 103.180005 3.101027 -2.812506
 103.380005 -2.876934 -2.659380
 103.580005 -3.035777 -2.723030
 103.780005 -2.951009 -2.577986
 103.980005 -3.069560 -2.908979
 104.180005 -3.040846 -2.689049
 104.380005 -2.849585 -3.035203
 104.580005 -3.075800 -2.650008
 104.780005 -3.062336 -2.889141
 104.980005 3.065558 -2.924262
 105.180005 3.050264 -2.820763
 105.380005 -3.005149 -2.903632
 105.580005 2.833650 -2.980452
 105.780005 -2.838013 -2.763612
 105.980005 -2.680995 -2.864227
 106.180005 -3.022899 -2.856891
 106.380005 -3.077049 -2.773762
 106.580005 3.024918 -2.793312
 106.780005 -3.121761 -2.800133
 106.980005 -2.949412 -2.761623
 107.180005 -2.934523 -2.696570
 107.380005 -2.786165 -2.875889
 107.580005 -2.891817 -2.876697
 107.780005 -2.915165 -2.836336
 107.980005 -3.017401 -2.720500
 108.180005 -3.025651 -2.896919
 108.380005 -3.076642 -2.485413
 108.580005 -2.855455 -2.871607
 108.780005 -3.055961 -2.829797
 108.980005 3.113941 -3.060328
 109.180005 3.038742 3.139641
 109.380005 2.966739 -2.810937
 109.580005 -2.923823 -3.108253
 109.780005 -3.046037 -2.642258
 109.980005 3.133581 -2.901164
 110.180005 2.980184 -2.832745
 110.380005 -3.083907 -2.756030
 110.580005 -2.932201 -2.748914
 110.780005 -3.134296 -2.756904
 110.980005 -2.799684 -2.745874
 111.180005 -2.829623 -2.774315
 111.380005 -2.884557 -2.739807
 111.580005 -3.060134 -2.747872
 111.780005 3.049211 -2.979834
 111.980005 -3.016559 -2.898916
 112.180005 -2.924496 -2.931679
 112.380005 -2.998739 -2.869015
 112.580005 -2.847740 -2.819831
 112.780005 -3.100254 -2.781198
 112.980005 -3.070654 -2.830987
 113.180005 -2.981494 -2.863105
 113.380005 -3.103382 -2.784187
 113.580005 -2.821246 -2.804946
 113.780005 -3.011629 -2.737118
 113.980005 -3.078329 -2.664292
 114.180005 -2.894662 -2.771036
 114.380005 -2.959782 -2.709425
 114.580005 -3.109132 -2.887811
 114.780005 -3.064694 -2.932524
 114.980005 -3.032807 -2.871482
 115.180005 -3.012242 -3.011448
 115.380005 -3.123924 -2.612193
 115.580005 -3.029637 -2.834531
 115.780005 -3.051070 -2.840816
 115.980006 3.000601 -2.823308
 116.180006 -3.104683 -3.068965
 116.380006 3.071671 -2.909516
 116.580006 -2.952933 -2.904060
 116.780006 3.093875 -2.831688
 116.980006 -2.966562 -2.697456
 117.180006 -2.995834 -2.860454
 117.380006 -3.028150 -2.697987
 117.580006 -3.123080 -2.739036
 117.780006 -2.926524 -2.882054
 117.980006 -2.977171 -2.779282
 118.180006 -3.060594 -2.926608
 118.380006 -2.979482 -2.770744
 118.580006 -3.066571 -2.759578
 118.780006 -3.080594 -2.752355
 118.980006 -3.032512 -2.739570
 119.180006 -2.873883 -2.931080
 119.380006 -3.083185 -2.766826
 119.580006 -2.977369 -3.015896
 119.780006 3.008411 -2.800262
 119.980006 -3.057533 -2.808799
 120.180006 -3.126735 -2.855083
 120.380006 -2.896275 -2.768667
 120.580006 -2.946872 -2.911276
 120.780006 -2.992053 -2.683877
 120.980006 -3.092109 -2.975227
 121.180006 -3.011930 -2.524334
 121.380006 -3.002437 -3.018274
 121.580006 -2.733064 -2.463014
 121.780006 -2.898189 -2.732188
 121.980006 -2.949754 -2.794033
 122.180006 -3.135338 -2.715960
 122.380006 -2.845697 -2.890447
 122.580006 3.005647 -2.835153
 122.780006 -3.059329 -2.819170
 122.980006 3.071874 -2.917172
 123.180006 3.133368 -2.688191
 123.380006 -3.077934 -2.982437
 123.580006 -3.109011 -2.680378
 123.780006 -2.750614 -2.766021
 123.980006 -3.069073 -2.889866
 124.180006 -2.981999 -2.712523
 124.380006 -3.110170 -2.944730
 124.580006 -3.022895 -2.664169
 124.780006 -2.881800 -2.976903
 124.980006 -2.879400 -2.451641
 125.180006 3.108405 -2.894223
 125.380006 -3.049232 -2.820984
 125.580006 3.085964 -2.747922
 125.780006 -2.911363 -2.948954
 125.980006 3.122826 -2.851807
 126.180006 2.971641 -2.990667
 126.380006 3.110421 -2.865399
 126.580006 3.074489 -2.908336
 126.780006 -2.899322 -2.617127
 126.980006 -2.878524 -2.847728
 127.180006 -2.824079 -2.720684
 127.380006 -3.099146 -2.834459
 127.580006 -3.106835 -2.761109
 127.780006 -3.124935 -2.881953
 127.980006 -2.872572 -2.883319
 128.180006 -2.814270 -2.681263
 128.380006 -3.001439 -2.960681
 128.580006 -2.959701 -2.459017
 128.780006 -3.045541 -2.951938
 128.980006 -2.903201 -2.546527
 129.180006 -2.885448 -2.797975
 129.380006 -3.053331 -2.804508
 129.580006 -3.097952 -2.918719
 129.780006 -3.020348 -2.926581
 129.980006 -2.927669 -2.750267
 130.180006 -2.886572 -2.893416
 130.380006 -3.087624 -2.733130
 130.580006 -3.025357 -2.800925
 130.780006 -2.899610 -2.803897
 130.980006 -3.006374 -2.729935
 131.180006 -2.904033 -2.832242
 131.380006 -3.043755 -2.672568
 131.580006 -3.050490 -2.873518
 131.780006 -2.921940 -2.777154
 131.980006 -3.040266 -2.874009
 132.180006 -3.037026 -2.923837
 132.380006 -2.896704 -2.942947
 132.580006 -3.069309 -2.880956
 132.780006 -3.091027 -2.905995
 132.980006 -2.905537 -2.980408
 133.180006 3.131251 -2.803669
 133.380006 -3.026282 -2.821771
 133.580006 -2.972495 -2.844531
 133.780006 -2.990339 -2.864698
 133.980006 -2.732254 -2.839180
 134.180006 3.034374 -2.688353
 134.380006 -2.940504 -2.851218
 134.580006 -3.080536 -2.819520
 134.780006 -2.853918 -2.660345
 134.980006 -2.973875 -2.886421
 135.180006 -2.849558 -2.611957
 135.380006 -3.021723 -2.804976
 135.580006 -2.931383 -2.737227
 135.780006 -3.021534 -2.679906
 135.980006 -2.941480 -2.940079
 136.180006 -2.931974 -2.698744
 136.380006 -2.990157 -2.914347
 136.580006 3.093731 -2.891332
 136.780006 -3.131123 -2.822410
 136.980007 -2.975841 -2.862073
 137.180007 -2.980762 -2.772219
 137.380007 -2.973154 -2.843420
 137.580007 -2.978644 -2.790808
 137.780007 -3.138308 -2.872453
 137.980007 -2.891455 -2.875016
 138.180007 -2.820249 -2.781577
 138.380007 -2.992368 -2.792496
 138.580007 -2.987813 -2.940801
 138.780007 3.052433 -2.891079
 138.980007 3.111675 -2.706965
 139.180007 -2.993421 -2.945806
 139.380007 -2.594149 -2.599705
 139.580007 -2.847146 -2.786071
 139.780007 -3.004761 -2.830860
 139.980007 -3.036747 -2.608127
 140.180007 -3.081967 -3.107793
 140.380007 -3.078077 -2.670689
 140.580007 -3.030077 -2.950289
 140.780007 -2.959515 -2.831280
 140.980007 -2.896914 -2.815410
 141.180007 -2.653801 -2.862328
 141.380007 -3.051409 -2.757502
 141.580007 -3.116158 -2.984725
 141.780007 2.958043 -2.874697
 141.980007 -2.988713 -2.846934
 142.180007 -2.874119 -2.729974
 142.380007 -2.838121 -2.727972
 142.580007 -2.982213 -2.847357
 142.780007 -3.112331 -2.637795
 142.980007 -3.046023 -2.864969
 143.180007 -2.930651 -2.741135
 143.380007 -2.866552 -2.689634
 143.580007 -3.019174 -2.949811
 143.780007 3.136344 -2.678031
 143.980007 -2.897098 -2.838033
 144.180007 3.095000 -2.753640
 144.380007 -2.963185 -2.918977
 144.580007 -3.091309 -2.716280
 144.780007 -2.926038 -2.865895
 144.980007 -2.916023 -2.804380
 145.180007 -2.998196 -2.585497
 145.380007 3.108393 -2.972413
 145.580007 -2.904693 -2.708206
 145.780007 -2.989587 -2.835397
 145.980007 -2.895031 -2.786350
 146.180007 -3.076662 -2.769056
 146.380007 -2.731612 -2.953673
 146.580007 -3.036187 -2.748430
 146.780007 -2.987426 -2.853568
 146.980007 3.105723 -2.970036
 147.180007 3.094650 -2.646455
 147.380007 -2.951810 -3.113498
 147.580007 -3.065918 -2.623155
 147.780007 -3.097082 -2.912471
 147.980007 -3.126657 -2.734540
 148.180007 -2.992156 -2.726172
 148.380007 -2.862701 -2.826014
 148.580007 -2.958320 -2.585981
 148.780007 -2.914646 -2.908774
 148.980007 -2.932841 -2.581906
 149.180007 -3.069782 -2.997044
 149.380007 -3.045221 -2.691416
 149.580007 -2.971552 -2.913755
 149.780007 -3.068681 -2.917929
 149.980007 -3.096625 -2.840563
 150.180007 -2.952170 -3.028409
 150.380007 -3.122481 -2.725001
 150.580007 -2.869981 -3.059592
 150.780007 -3.033367 -2.767360
 150.980007 -3.001291 -2.897778
 151.180007 -3.105002 -2.779082
 151.380007 2.984413 -2.765964
 151.580007 -2.844629 -2.846211
 151.780007 -2.870166 -2.454250
 151.980007 -2.872247 -2.820775
 152.180007 -3.039851 -2.622420
 152.380007 -2.885537 -2.757256
 152.580007 -3.041898 -2.895657
 152.780007 -3.047735 -2.767612
 152.980007 -3.026565 -2.997122
 153.180007 2.982321 -2.776835
 153.380007 -2.906010 -3.021543
 153.580007 -2.966534 -2.718066
 153.780007 -3.138907 -2.951690
 153.980007 -3.122411 -2.927796
 154.180007 3.089376 -2.611462
 154.380007 -2.819262 -2.995195
 154.580007 -3.030915 -2.488196
 154.780007 -2.950767 -2.794910
 154.980007 -3.063576 -2.632827
 155.180007 -2.897836 -2.719024
 155.380007 -2.909680 -2.821919
 155.580007 -3.096657 -2.714057
 155.780007 -2.863326 -2.885768
 155.980007 3.138347 -2.687151
 156.180007 -3.100009 -3.049965
 156.380007 3.115080 -2.809856
 156.580007 3.076107 -2.964858
 156.780007 -2.996910 -2.813561
 156.980007 -3.079111 -2.765811
 157.180007 -2.914839 -2.768116
 157.380007 -3.112260 -2.733239
 157.580007 -3.036289 -2.833324
 157.780007 3.093911 -2.877806
 157.980008 -3.049610 -2.871126
 158.180008 -2.922413 -2.984316
 158.380008 -2.998728 -2.724511
 158.580008 -3.088572 -2.861227
 158.780008 -2.795234 -2.843373
 158.980008 -2.995671 -2.707953
 159.180008 -3.051123 -2.918463
 159.380008 -2.887736 -2.628244
 159.580008 -2.908265 -2.951660
 159.780008 -2.920740 -2.682304
 159.980008 3.134783 -2.929044
 160.180008 -2.971963 -2.686502
 160.380008 -2.918055 -2.871047
 160.580008 -2.910786 -2.747641
 160.780008 3.053567 -2.881850
 160.980008 -3.028982 -2.764538
 161.180008 3.056397 -2.972915
 161.380008 -2.996989 -2.758237
 161.580008 -3.126283 -2.985927
 161.780008 -3.004659 -2.891420
 161.980008 -3.027584 -2.855961
 162.180008 -3.075074 -2.869603
 162.380008 -3.043721 -2.808083
 162.580008 -2.877368 -2.775810
 162.780008 -3.009055 -2.675918
 162.980008 -2.928904 -2.710723
 163.180008 -2.975168 -2.662885
 163.380008 -3.138486 -2.804317
 163.580008 -2.971435 -2.800704
 163.780008 -3.022898 -2.891805
 163.980008 -3.035093 -2.821015
 164.180008 -3.038196 -2.859539
 164.380008 -3.083580 -2.813000
 164.580008 -3.137932 -2.928209
 164.780008 -2.905011 -2.710978
 164.980008 -2.959183 -2.883981
 165.180008 -3.001455 -2.733346
 165.380008 -3.073743 -2.906251
 165.580008 -2.999721 -2.863538
 165.780008 3.078519 -2.792621
 165.980008 -3.000783 -2.857127
 166.180008 -2.995547 -2.781924
 166.380008 -3.093861 -2.906811
 166.580008 3.103850 -2.896731
 166.780008 3.059626 -2.855875
 166.980008 -3.040559 -2.943380
 167.180008 -3.057822 -2.762121
 167.380008 -3.002373 -2.830194
 167.580008 -3.057059 -2.803091
 167.780008 -3.117730 -2.724114
 167.980008 -2.823529 -2.870082
 168.180008 -2.759424 -2.524692
 168.380008 -2.984926 -2.938005
 168.580008 -3.088497 -2.625172
 168.780008 -3.078834 -2.790089
 168.980008 -3.045675 -2.890635
 169.180008 -2.884102 -2.671491
 169.380008 3.079406 -2.976803
 169.580008 -3.127851 -2.792750
 169.780008 3.041477 -2.977712
 169.980008 -2.937251 -2.920771
 170.180008 3.110187 -2.896474
 170.380008 -2.993481 -2.900907
 170.580008 -3.080497 -2.898267
 170.780008 -3.109705 -2.925537
 170.980008 -3.014071 -2.713823
 171.180008 -2.961225 -2.793714
 171.380008 -2.870896 -2.847156
 171.580008 -2.889697 -2.810224
 171.780008 -2.861102 -3.043910
 171.980008 -2.940669 -2.529513
 172.180008 -2.942688 -2.905147
 172.380008 -2.984762 -2.686223
 172.580008 -3.068939 -2.716384
 172.780008 -3.052293 -3.017629
 172.980008 3.008994 -2.595216
 173.180008 -2.938437 -3.051524
 173.380008 -3.008967 -2.636105
 173.580008 -2.978771 -2.966375
 173.780008 -3.082551 -2.787496
 173.980008 -3.052840 -2.775950
 174.180008 -2.928353 -2.853548
 174.380008 -3.079899 -2.630086
 174.580008 -2.726491 -2.960324
 174.780008 -3.073634 -2.701303
 174.980008 -3.084637 -2.839463
 175.180008 3.125651 -3.016388
 175.380008 -2.940900 -2.728929
 175.580008 -2.919595 -3.054948
 175.780008 2.985738 -2.801999
 175.980008 -3.072411 -2.908300
 176.180008 3.122077 -2.679284
 176.380008 -2.772691 -2.815583
 176.580008 -2.887372 -2.670948
 176.780008 -2.950740 -2.896422
 176.980008 3.139292 -2.792187
 177.180008 3.138114 -2.895872
 177.380008 -3.099095 -2.904927
 177.580008 -3.049916 -2.824038
 177.780008 -2.778300 -2.744806
 177.980008 -2.912588 -2.782194
 178.180008 -2.984653 -2.816388
 178.380008 -3.094661 -2.744371
 178.580008 -3.047102 -2.927073
 178.780008 -2.986897 -2.705833
 178.980009 -2.814224 -2.818545
 179.180009 -2.983686 -2.793259
 179.380009 3.054657 -2.795040
 179.580009 -3.027415 -2.803771
 179.780009 -3.002653 -2.779728
 179.980009 -2.997980 -2.849760
 180.180009 -2.981303 -2.866749
 180.380009 3.076496 -2.816167
 180.580009 -2.982425 -2.881283
 180.780009 -2.919141 -2.804586
 180.980009 -2.965042 -2.821897
 181.180009 -2.980356 -2.814589
 181.380009 -3.054918 -2.717963
 181.580009 -2.937258 -2.742122
 181.780009 -2.835427 -2.753565
 181.980009 -2.922312 -2.771864
 182.180009 -3.018477 -2.830525
 182.380009 -3.131519 -2.740617
 182.580009 -3.044888 -2.986984
 182.780009 -2.896585 -2.708862
 182.980009 3.130634 -3.033756
 183.180009 -2.845425 -2.719688
 183.380009 -3.117755 -3.037480
 183.580009 3.083382 -2.891882
 183.780009 -3.015971 -2.996765
 183.980009 -2.905934 -2.756486
 184.180009 -2.999356 -2.916224
 184.380009 -2.980697 -2.849210
 184.580009 3.023690 -2.637289
 184.780009 -3.130308 -2.944796
 184.980009 -2.986868 -2.504006
 185.180009 -2.700476 -2.870894
 185.380009 -2.897948 -2.789002
 185.580009 -3.140233 -2.610217
 185.780009 -2.901373 -2.899161
 185.980009 3.111597 -2.601173
 186.180009 -2.746402 -2.707987
 186.380009 -2.856803 -2.776203
 186.580009 -2.998619 -2.790114
 186.780009 -3.026680 -3.013316
 186.980009 3.028494 -2.746489
 187.180009 -3.037838 -3.024030
 187.380009 -3.036642 -2.811833
 187.580009 3.116816 -2.806147
 187.780009 -2.931025 -2.844631
 187.980009 -2.974201 -2.728344
 188.180009 -2.881713 -2.852022
 188.380009 -3.021057 -2.705361
 188.580009 -3.121195 -2.775897
 188.780009 -3.018417 -2.748720
 188.980009 -2.957790 -2.655218
 189.180009 -2.927817 -2.909882
 189.380009 -2.943568 -2.566883
 189.580009 -2.721605 -2.994033
 189.780009 3.071608 -2.692886
 189.980009 3.042333 -2.876083
 190.180009 -3.122907 -3.006993
 190.380009 3.116279 -2.748988
 190.580009 -2.906094 2.963511
 190.780009 3.107999 -2.562132
 190.980009 -3.126960 -2.965465
 191.180009 -2.955062 -2.806452
 191.380009 -2.976786 -2.239388
 191.580009 -2.797516 -2.935453
 191.780009 -2.793730 -2.400813
 191.980009 -2.908610 -2.801634
 192.180009 -3.021303 -2.750761
 192.380009 2.976377 -2.899768
 192.580009 -3.112965 -2.946231
 192.780009 -2.980159 -2.805957
 192.980009 -2.948463 -2.913292
 193.180009 -3.116047 -2.760122
 193.380009 -2.973659 -3.046973
 193.580009 -2.984074 -2.713417
 193.780009 -3.026909 -2.832399
 193.980009 -3.062796 -2.665320
 194.180009 -2.950991 -2.684177
 194.380009 -2.711003 -2.897641
 194.580009 -2.934035 -2.625161
 194.780009 -2.889482 -2.924700
 194.980009 2.967043 -2.736133
 195.180009 3.072431 -2.918739
 195.380009 -3.048734 -2.869648
 195.580009 -3.014439 -2.708667
 195.780009 -2.848400 -3.047976
 195.980009 2.990575 -2.694411
 196.180009 -3.091830 -2.851191
 196.380009 -3.008086 -2.959024
 196.580009 -3.075063 -2.669452
 196.780009 -2.937176 -2.973139
 196.980009 -2.884835 -2.463778
 197.180009 -2.983960 -2.974727
 197.380009 2.941938 -2.818816
 197.580009 -3.138581 -2.911541
 197.780009 3.136773 -3.021970
 197.980009 -3.136564 -2.688839
 198.180009 -2.890788 -2.996711
 198.380009 -3.069236 -2.690448
 198.580009 -3.105253 -2.921445
 198.780009 -3.029504 -2.823254
 198.980009 -3.038711 -2.682845
 199.180009 -2.859816 -2.890265
 199.380009 -3.039409 -2.504961
 199.580009 -2.868743 -2.895004
 199.780009 -2.970064 -2.653271
 199.980009 -2.863371 -2.823256
