#! FIELDS time phi psi
#! SET max_psi pi
 0.180000 1.147098 -0.285960
 0.380000 1.059668 -1.126496
 0.580000 0.511963 -0.259159
 0.780000 0.973993 -1.015609
 0.980000 0.658347 -0.480311
 1.180000 0.865333 -0.759809
 1.380000 0.733982 -0.673028
 1.580000 1.123514 -0.557760
 1.780000 1.036446 -0.807381
 1.980000 1.038594 -0.585682
 2.180000 1.120962 -0.798929
 2.380000 0.688178 -0.505157
 2.580000 1.195682 -0.728320
 2.780000 0.752788 -0.864035
 2.980000 1.126636 -0.624031
 3.180000 0.788589 -0.946114
 3.380000 1.077736 -0.445066
 3.580000 0.911243 -0.854785
 3.780000 0.901234 -0.528939
 3.980000 0.864107 -0.897392
 4.180000 0.962400 -0.590706
 4.380000 0.957117 -0.893467
 4.580000 0.885596 -0.598513
 4.780000 0.939962 -0.734610
 4.980000 0.961845 -0.777069
 5.180000 0.859277 -0.651269
 5.380000 0.882652 -0.753270
 5.580000 1.046514 -0.579299
 5.780000 0.941303 -0.960930
 5.980000 1.010855 -0.536909
 6.180000 0.950252 -1.011547
 6.380000 1.101889 -0.480784
 6.580000 1.004429 -1.036756
 6.780000 0.850142 -0.323295
 6.980000 1.020971 -0.764508
 7.180000 0.845428 -0.559630
 7.380000 0.979088 -0.881502
 7.580000 0.992174 -0.718699
 7.780000 1.047726 -0.843287
 7.980000 0.886565 -0.720514
 8.180000 0.918438 -0.634011
 8.380000 1.068309 -0.876246
 8.580000 0.960480 -0.701215
 8.780000 0.907603 -0.609631
 8.980000 1.006482 -0.648997
 9.180000 1.103768 -0.866352
 9.380000 1.174462 -0.778726
 9.580000 0.935780 -0.756534
 9.780000 1.078748 -0.549321
 9.980000 0.954003 -0.903444
 10.180000 1.138482 -0.692149
 10.380000 0.883787 -0.735215
 10.580001 0.941934 -0.432472
 10.780001 0.846848 -0.926361
 10.980001 1.020940 -0.574531
 11.180001 0.851331 -0.914116
 11.380001 1.030912 -0.450834
 11.580001 1.098496 -0.864667
 11.780001 1.021352 -0.624434
 11.980001 1.057690 -0.883248
 12.180001 1.061886 -0.591817
 12.380001 0.976911 -0.794604
 12.580001 0.664317 -0.635848
 12.780001 0.923847 -0.574684
 12.980001 0.905170 -0.798138
 13.180001 1.097131 -0.682666
 13.380001 0.995460 -0.875562
 13.580001 1.090778 -0.688206
 13.780001 1.022105 -0.841239
 13.980001 1.074555 -0.711251
 14.180001 1.043605 -0.659168
 14.380001 0.844661 -0.821076
 14.580001 0.842168 -0.445126
 14.780001 1.061101 -0.870694
 14.980001 0.861924 -0.460364
 15.180001 1.046595 -0.856447
 15.380001 1.131432 -0.613060
 15.580001 0.986943 -0.917297
 15.780001 1.033482 -0.576515
 15.980001 1.082631 -0.604362
 16.180001 0.688945 -0.728196
 16.380001 1.012228 -0.624196
 16.580001 0.920340 -0.866493
 16.780001 0.954324 -0.507681
 16.980001 0.963464 -0.828323
 17.180001 1.256384 -0.566067
 17.380001 0.928966 -0.856117
 17.580001 1.027027 -0.665898
 17.780001 0.956961 -0.798490
 17.980001 0.907642 -0.572613
 18.180001 0.910469 -0.787448
 18.380001 0.980761 -0.799324
 18.580001 0.897192 -0.625410
 18.780001 0.763454 -0.764813
 18.980001 0.998534 -0.593178
 19.180001 0.968990 -0.800776
 19.380001 1.089234 -0.620495
 19.580001 1.011805 -0.813239
 19.780001 1.164147 -0.635745
 19.980001 0.892457 -0.901835
 20.180001 1.079732 -0.556062
 20.380001 0.879112 -0.890526
 20.580001 0.886767 -0.510178
 20.780001 0.760262 -0.942220
 20.980001 1.140375 -0.596544
 21.180001 0.934249 -0.715441
 21.380001 1.027938 -0.628844
 21.580001 1.222797 -0.668117
 21.780001 1.014989 -0.824055
 21.980001 0.949398 -0.535169
 22.180001 1.102521 -0.988522
 22.380001 1.003128 -0.536850
 22.580001 0.845963 -0.749538
 22.780001 0.870572 -0.564610
 22.980001 0.931968 -0.673375
 23.180001 0.938800 -0.786444
 23.380001 1.001055 -0.529951
 23.580001 1.105901 -0.870401
 23.780001 0.953934 -0.455216
 23.980001 1.171069 -0.975604
 24.180001 0.998269 -0.604801
 24.380001 0.999939 -0.895942
 24.580001 0.694030 -0.639021
 24.780001 0.906733 -0.521865
 24.980001 0.911124 -0.939083
 25.180001 1.039681 -0.494759
 25.380001 1.026197 -1.035004
 25.580001 1.216834 -0.604082
 25.780001 0.803479 -0.864696
 25.980001 1.030292 -0.596721
 26.180001 0.921423 -0.496299
 26.380001 1.102344 -0.909468
 26.580001 0.913915 -0.438587
 26.780001 1.020790 -1.109464
 26.980001 0.939753 -0.504241
 27.180001 0.942620 -0.901127
 27.380001 0.844716 -0.449494
 27.580001 1.025429 -0.744275
 27.780001 0.970691 -0.767136
 27.980001 0.989907 -0.678860
 28.180001 0.982931 -0.842332
 28.380001 1.152644 -0.638635
 28.580001 1.021610 -0.798071
 28.780001 0.933416 -0.540363
 28.980001 0.973912 -0.897384
 29.180001 0.848939 -0.621509
 29.380001 0.846088 -0.702385
 29.580001 1.023099 -0.616339
 29.780001 0.978616 -0.610979
 29.980001 1.134068 -0.755848
 30.180001 1.133042 -0.760403
 30.380001 0.915314 -0.907696
 30.580001 1.042009 -0.514948
 30.780001 1.119881 -0.845698
 30.980001 0.765940 -0.563296
 31.180001 0.927650 -0.886573
 31.380001 0.722669 -0.507914
 31.580001 0.863554 -0.778366
 31.780002 0.917169 -0.539449
 31.980002 1.061828 -0.743348
 32.180002 1.111827 -0.712327
 32.380002 1.099673 -0.863993
 32.580002 1.188195 -0.915410
 32.780002 0.960567 -0.551291
 32.980002 0.791108 -0.605765
 33.180002 0.734475 -0.555259
 33.380002 0.688733 -0.805045
 33.580002 0.749508 -0.470481
 33.780002 0.974671 -0.918123
 33.980002 1.078045 -0.517583
 34.180002 1.074696 -1.086826
 34.380002 1.320032 -0.665685
 34.580002 1.103597 -0.968980
 34.780002 1.000455 -0.383300
 34.980002 0.981576 -0.790511
 35.180002 0.800935 -0.653583
 35.380002 0.715931 -0.633168
 35.580002 1.036419 -0.755817
 35.780002 0.873763 -0.698596
 35.980002 1.091645 -0.824744
 36.180002 1.208794 -0.544325
 36.380002 1.212755 -0.994922
 36.580002 1.218785 -0.587660
 36.780002 0.979893 -0.681268
 36.980002 0.919413 -0.616125
 37.180002 0.869074 -0.641980
 37.380002 0.797484 -0.859802
 37.580002 0.800671 -0.425870
 37.780002 0.869827 -0.929204
 37.980002 0.822741 -0.577922
 38.180002 0.903310 -0.895781
 38.380002 1.009610 -0.726279
 38.580002 0.978326 -0.605241
 38.780002 0.805077 -0.744096
 38.980002 1.095980 -0.493075
 39.180002 0.763199 -0.950867
 39.380002 0.960559 -0.445317
 39.580002 0.703767 -1.096688
 39.780002 1.007455 -0.462128
 39.980002 0.766985 -0.912100
 40.180002 1.275348 -0.541630
 40.380002 0.973653 -0.841791
 40.580002 1.042050 -0.697637
 40.780002 1.225210 -0.723658
 40.980002 0.827270 -0.894174
 41.180002 0.939283 -0.476389
 41.380002 0.778770 -0.935985
 41.580002 1.052029 -0.603008
 41.780002 0.909686 -0.876921
 41.980002 1.105871 -0.457526
 42.180002 0.909079 -0.897080
 42.380002 1.084536 -0.624367
 42.580002 1.017982 -0.850479
 42.780002 1.001089 -0.632446
 42.980002 0.836775 -0.826276
 43.180002 0.955599 -0.635621
 43.380002 0.638610 -0.671315
 43.580002 1.015404 -0.679152
 43.780002 0.960783 -0.689410
 43.980002 1.079583 -0.779873
 44.180002 0.984579 -0.704864
 44.380002 1.081927 -0.890860
 44.580002 1.012574 -0.647507
 44.780002 0.959423 -0.634237
 44.980002 0.884557 -0.685673
 45.180002 0.928211 -0.783519
 45.380002 1.005320 -0.759867
 45.580002 0.898065 -0.595722
 45.780002 0.859230 -0.725010
 45.980002 1.156653 -0.774653
 46.180002 0.979638 -0.827547
 46.380002 1.013644 -0.491014
 46.580002 1.001375 -0.726477
 46.780002 1.270341 -0.853054
 46.980002 0.941345 -0.701411
 47.180002 0.650891 -0.698520
 47.380002 0.996818 -0.653843
 47.580002 0.877032 -0.865665
 47.780002 0.974124 -0.661084
 47.980002 1.026166 -0.876442
 48.180002 1.108553 -0.616625
 48.380002 0.908863 -0.747973
 48.580002 1.010031 -0.500564
 48.780002 1.110875 -0.888387
 48.980002 0.965398 -0.677432
 49.180002 0.875374 -0.954361
 49.380002 0.831728 -0.501213
 49.580002 0.881127 -0.771741
 49.780002 1.104990 -0.596668
 49.980002 1.012925 -0.902877
 50.180002 1.152453 -0.599653
 50.380002 0.970063 -0.790694
 50.580002 0.961162 -0.595650
 50.780002 0.973819 -0.589190
 50.980002 0.893125 -0.728635
 51.180002 0.893613 -0.657819
 51.380002 0.766176 -0.766480
 51.580002 0.914029 -0.747491
 51.780002 1.044879 -0.880430
 51.980002 1.257304 -0.705543
 52.180002 1.037770 -0.676476
 52.380002 1.084714 -0.694435
 52.580002 1.071975 -0.809546
 52.780003 1.011277 -0.476379
 52.980003 0.789122 -0.837756
 53.180003 0.969687 -0.413075
 53.380003 0.676969 -0.942652
 53.580003 0.880519 -0.419137
 53.780003 0.930367 -0.961585
 53.980003 1.109619 -0.649100
 54.180003 0.866647 -0.882794
 54.380003 0.950594 -0.658500
 54.580003 0.977432 -0.774133
 54.780003 0.882097 -0.512074
 54.980003 0.830598 -0.759366
 55.180003 0.872989 -0.660021
 55.380003 0.939276 -0.853525
 55.580003 1.055602 -0.786599
 55.780003 0.933330 -0.723647
 55.980003 1.157777 -0.810863
 56.180003 1.012275 -0.652480
 56.380003 0.751289 -0.787853
 56.580003 0.941443 -0.677764
 56.780003 0.777439 -0.589229
 56.980003 1.005808 -0.736656
 57.180003 1.005931 -0.728915
 57.380003 1.231252 -0.823009
 57.580003 0.825782 -0.681978
 57.780003 1.189416 -0.752692
 57.980003 0.641290 -0.685808
 58.180003 0.976065 -0.597290
 58.380003 0.592521 -0.760374
 58.580003 0.979852 -0.556962
 58.780003 0.962478 -0.834632
 58.980003 1.118817 -0.698143
 59.180003 1.069215 -0.813275
 59.380003 1.099129 -0.457032
 59.580003 0.981243 -0.904541
 59.780003 0.876198 -0.709495
 59.980003 0.896795 -0.873630
 60.180003 0.918060 -0.541138
 60.380003 0.870330 -0.475509
 60.580003 1.015742 -0.953168
 60.780003 0.953652 -0.469817
 60.980003 0.957474 -0.964731
 61.180003 0.942188 -0.381265
 61.380003 0.929995 -1.077592
 61.580003 1.106573 -0.562917
 61.780003 0.988574 -1.011019
 61.980003 0.913429 -0.339651
 62.180003 0.890276 -0.859099
 62.380003 1.177279 -0.657801
 62.580003 1.081079 -0.868992
 62.780003 0.987966 -0.493476
 62.980003 0.953734 -0.874755
 63.180003 1.047165 -0.563654
 63.380003 1.020976 -0.928006
 63.580003 0.931060 -0.674599
 63.780003 0.838096 -0.630856
 63.980003 0.772139 -0.564405
 64.180003 0.929932 -0.658467
 64.380003 0.997134 -0.758649
 64.580003 1.023122 -0.705774
 64.780003 1.046590 -0.881096
 64.980003 1.206570 -0.729118
 65.180003 0.814247 -0.616169
 65.380003 1.047327 -0.834442
 65.580003 1.106048 -0.691883
 65.780003 1.046682 -0.891571
 65.980003 0.784735 -0.477644
 66.180003 1.041699 -0.848082
 66.380003 0.920225 -0.471633
 66.580003 0.928532 -0.884228
 66.780003 0.751704 -0.519278
 66.980003 1.171702 -0.848438
 67.180003 0.851490 -0.765775
 67.380003 0.954153 -0.624546
 67.580003 0.938715 -0.829748
 67.780003 0.832128 -0.669212
 67.980003 0.965271 -0.744786
 68.180003 1.162783 -0.457444
 68.380003 0.918066 -0.901598
 68.580003 1.214279 -0.686604
 68.780003 1.000290 -0.844196
 68.980003 1.146625 -0.558391
 69.180003 0.901806 -0.876901
 69.380003 1.175499 -0.561319
 69.580003 0.798418 -0.737967
 69.780003 1.041283 -0.694712
 69.980003 0.837484 -0.620852
 70.180003 1.126507 -0.720162
 70.380003 0.823522 -0.575433
 70.580003 1.145967 -0.745251
 70.780003 0.858239 -0.747509
 70.980003 1.101441 -0.749686
 71.180003 0.834639 -0.668598
 71.380003 1.086758 -0.602882
 71.580003 0.952959 -0.977088
 71.780003 1.155589 -0.596795
 71.980003 0.867960 -0.914162
 72.180003 1.039051 -0.390537
 72.380003 0.745035 -0.808603
 72.580003 1.010004 -0.600489
 72.780003 1.022814 -0.773080
 72.980003 0.981017 -0.721824
 73.180003 0.900614 -0.810984
 73.380003 1.399751 -0.816632
 73.580003 0.848366 -0.622013
 73.780004 1.014179 -0.805434
 73.980004 0.861730 -0.515800
 74.180004 0.951294 -0.831777
 74.380004 1.058591 -0.515543
 74.580004 1.112365 -0.923655
 74.780004 1.017211 -0.661228
 74.980004 1.251524 -0.753880
 75.180004 1.007512 -0.612332
 75.380004 0.822026 -0.743380
 75.580004 0.790985 -0.601422
 75.780004 0.849090 -0.623968
 75.980004 0.888477 -0.742748
 76.180004 1.134522 -0.748418
 76.380004 1.041342 -0.919267
 76.580004 1.118366 -0.686700
 76.780004 0.937723 -0.782612
 76.980004 1.035663 -0.589417
 77.180004 0.977962 -0.676768
 77.380004 0.964507 -0.695590
 77.580004 0.861451 -0.520878
 77.780004 0.936125 -0.915547
 77.980004 0.996092 -0.586872
 78.180004 1.042858 -1.002821
 78.380004 0.930491 -0.509378
 78.580004 1.040782 -0.780275
 78.780004 0.967756 -0.720377
 78.980004 1.047238 -0.604358
 79.180004 0.926686 -0.633466
 79.380004 1.244344 -0.751087
 79.580004 1.080282 -0.775641
 79.780004 1.065339 -0.711094
 79.980004 0.874461 -0.979292
 80.180004 0.926639 -0.553520
 80.380004 0.792792 -0.774327
 80.580004 0.966448 -0.547442
 80.780004 0.745534 -0.661852
 80.980004 1.038003 -0.679621
 81.180004 0.887500 -0.776275
 81.380004 1.168849 -0.782122
 81.580004 1.090022 -0.725897
 81.780004 1.118038 -0.845157
 81.980004 0.912283 -0.718545
 82.180004 0.979715 -0.939623
 82.380004 1.002886 -0.549140
 82.580004 0.947105 -0.703576
 82.780004 1.021806 -0.523005
 82.980004 1.045041 -0.884227
 83.180004 1.027585 -0.792784
 83.380004 0.954054 -0.707964
 83.580004 0.975921 -0.451759
 83.780004 1.023612 -1.144848
 83.980004 0.805383 -0.676760
 84.180004 0.853082 -0.725384
 84.380004 0.919236 -0.604606
 84.580004 0.845836 -0.649318
 84.780004 1.110245 -0.723151
 84.980004 1.071872 -0.665242
 85.180004 0.895824 -0.706255
 85.380004 1.123756 -0.575359
 85.580004 0.914343 -0.923709
 85.780004 0.787137 -0.631436
 85.980004 0.840447 -0.931615
 86.180004 0.993099 -0.527804
 86.380004 0.963407 -0.844910
 86.580004 1.091892 -0.398447
 86.780004 0.936590 -0.950424
 86.980004 1.069695 -0.609401
 87.180004 1.009040 -0.799812
 87.380004 1.109374 -0.773399
 87.580004 0.898284 -0.731341
 87.780004 0.967360 -0.734561
 87.980004 0.608119 -0.543493
 88.180004 1.037752 -0.755886
 88.380004 0.774584 -0.510427
 88.580004 1.190572 -0.847589
 88.780004 1.100517 -0.620286
 88.980004 1.055121 -0.926541
 89.180004 1.053557 -0.637412
 89.380004 1.047374 -0.734192
 89.580004 0.873399 -0.649879
 89.780004 0.873969 -0.756070
 89.980004 0.822475 -0.639840
 90.180004 0.895931 -0.673534
 90.380004 0.922956 -0.666075
 90.580004 1.022490 -0.764507
 90.780004 0.986868 -0.860745
 90.980004 0.958491 -0.616432
 91.180004 1.099412 -0.785403
 91.380004 1.008045 -0.712377
 91.580004 1.051746 -0.644322
 91.780004 0.760418 -0.702348
 91.980004 0.975605 -0.463188
 92.180004 0.824029 -0.939303
 92.380004 1.100828 -0.686221
 92.580004 1.029536 -0.857564
 92.780004 1.026239 -0.562911
 92.980004 1.039143 -0.776946
 93.180004 1.193364 -0.715181
 93.380004 0.889366 -0.723965
 93.580004 0.970562 -0.514396
 93.780004 0.832403 -0.874567
 93.980004 0.945935 -0.643364
 94.180004 1.091896 -0.924306
 94.380004 1.126123 -0.790072
 94.580004 1.068267 -0.748587
 94.780005 0.918543 -0.531539
 94.980005 0.951951 -0.767857
 95.180005 0.856621 -0.698907
 95.380005 1.004846 -0.854169
 95.580005 0.972794 -0.730260
 95.780005 1.069386 -0.713455
 95.980005 0.672879 -0.489770
 96.180005 0.863891 -0.681565
 96.380005 0.823174 -0.584029
 96.580005 1.073812 -0.826135
 96.780005 0.845057 -0.634766
 96.980005 1.059936 -0.761602
 97.180005 0.953594 -0.675054
 97.380005 0.993663 -0.809847
 97.580005 1.018831 -0.910083
 97.780005 1.142069 -0.510820
 97.980005 0.802584 -0.820589
 98.180005 1.062433 -0.340844
 98.380005 0.705319 -0.755743
 98.580005 1.061826 -0.520013
 98.780005 0.843140 -0.982409
 98.980005 1.115280 -0.597723
 99.180005 0.846762 -0.756091
 99.380005 1.110161 -0.743099
 99.580005 0.801720 -0.822645
 99.780005 1.107665 -0.591475
 99.980005 0.976438 -0.804163
 100.180005 1.061804 -0.659748
 100.380005 0.782747 -0.752328
 100.580005 1.001215 -0.546222
 100.780005 0.849610 -0.932301
 100.980005 1.169659 -0.714281
 101.180005 0.890483 -0.877897
 101.380005 1.065909 -0.533245
 101.580005 0.907193 -0.800591
 101.780005 1.080122 -0.559827
 101.980005 0.751299 -0.666701
 102.180005 1.036780 -0.645835
 102.380005 0.914191 -0.758504
 102.580005 1.064831 -0.773162
 102.780005 0.984561 -0.690975
 102.980005 1.135252 -0.718524
 103.180005 0.995062 -0.832568
 103.380005 1.124080 -0.599374
 103.580005 0.734642 -0.869545
 103.780005 0.937581 -0.326708
 103.980005 0.783285 -0.935823
 104.180005 1.059450 -0.545825
 104.380005 0.996419 -1.005006
 104.580005 0.882568 -0.438885
 104.780005 0.970780 -0.872213
 104.980005 1.034392 -0.576580
 105.180005 0.896718 -0.845580
 105.380005 1.074515 -0.744775
 105.580005 0.931696 -0.822888
 105.780005 0.918126 -0.482407
 105.980005 0.940244 -0.678731
 106.180005 0.930774 -0.784656
 106.380005 0.922082 -0.736151
 106.580005 0.797486 -0.749452
 106.780005 0.897948 -0.670575
 106.980005 0.912955 -0.821367
 107.180005 0.866170 -0.415837
 107.380005 0.996621 -1.070517
 107.580005 1.121017 -0.578422
 107.780005 0.984688 -0.955846
 107.980005 1.004047 -0.427035
 108.180005 0.939534 -1.009535
 108.380005 1.030366 -0.225395
 108.580005 0.817306 -0.793230
 108.780005 1.031142 -0.507065
 108.980005 0.870248 -0.912889
 109.180005 1.208310 -0.528791
 109.380005 1.014210 -0.875509
 109.580005 0.925436 -0.554551
 109.780005 1.064634 -0.866665
 109.980005 1.099463 -0.648628
 110.180005 0.728588 -0.862154
 110.380005 0.973280 -0.647716
 110.580005 0.801927 -0.661712
 110.780005 0.884478 -0.580194
 110.980005 0.840242 -0.722369
 111.180005 1.025200 -0.683467
 111.380005 0.966814 -0.856855
 111.580005 0.871344 -0.781022
 111.780005 0.931637 -0.623318
 111.980005 0.881391 -0.738389
 112.180005 0.690486 -0.495046
 112.380005 0.936166 -0.838328
 112.580005 0.998656 -0.617032
 112.780005 1.048720 -0.727607
 112.980005 1.010121 -0.651322
 113.180005 1.161694 -0.764886
 113.380005 1.081936 -0.854948
 113.580005 1.009995 -0.665568
 113.780005 0.821061 -0.697380
 113.980005 0.942594 -0.559874
 114.180005 0.805263 -0.720355
 114.380005 0.918226 -0.720109
 114.580005 1.004202 -0.673411
 114.780005 0.918962 -0.906896
 114.980005 0.939113 -0.603251
 115.180005 0.945785 -0.950754
 115.380005 1.078506 -0.420860
 115.580005 0.946700 -0.942672
 115.780005 0.945633 -0.431361
 115.980006 1.021154 -1.001427
 116.180006 1.159719 -0.487627
 116.380006 0.953844 -0.870892
 116.580006 0.921598 -0.485594
 116.780006 1.164763 -0.902675
 116.980006 1.138288 -0.765890
 117.180006 0.893335 -0.842808
 117.380006 0.931600 -0.621178
 117.580006 1.002876 -0.666264
 117.780006 0.973018 -0.579427
 117.980006 0.895144 -0.791370
 118.180006 0.977600 -0.495114
 118.380006 1.093528 -0.960009
 118.580006 1.032188 -0.650979
 118.780006 0.933666 -0.904781
 118.980006 0.923548 -0.475906
 119.180006 0.887495 -1.011376
 119.380006 0.893957 -0.426177
 119.580006 0.752513 -0.854536
 119.780006 0.884657 -0.333219
 119.980006 1.002220 -0.847261
 120.180006 0.902186 -0.711730
 120.380006 1.070957 -0.823443
 120.580006 0.952225 -0.682654
 120.780006 0.862356 -0.703793
 120.980006 0.844420 -0.698318
 121.180006 0.899327 -0.609612
 121.380006 0.906201 -0.798961
 121.580006 0.843850 -0.528768
 121.780006 1.031963 -0.813858
 121.980006 1.058964 -0.673597
 122.180006 0.993564 -0.912798
 122.380006 1.081133 -0.607517
 122.580006 1.010852 -0.843441
 122.780006 0.977799 -0.557892
 122.980006 1.010794 -1.034696
 123.180006 0.975634 -0.536687
 123.380006 0.733603 -0.804531
 123.580006 1.076449 -0.452871
 123.780006 0.920344 -0.990154
 123.980006 1.073042 -0.548750
 124.180006 0.827256 -0.831794
 124.380006 1.271830 -0.693701
 124.580006 0.929122 -0.810582
 124.780006 1.034778 -0.740503
 124.980006 0.741944 -0.540534
 125.180006 0.979905 -0.698556
 125.380006 0.876641 -0.672717
 125.580006 1.204965 -0.834510
 125.780006 0.791055 -0.730533
 125.980006 1.075712 -0.549615
 126.180006 0.968294 -0.889985
 126.380006 1.144728 -0.580024
 126.580006 0.944249 -0.787784
 126.780006 1.098057 -0.615314
 126.980006 0.878034 -0.917227
 127.180006 1.026904 -0.596213
 127.380006 0.948875 -0.887939
 127.580006 0.892780 -0.494543
 127.780006 0.887142 -0.814549
 127.980006 1.072831 -0.705082
 128.180006 0.740352 -0.857334
 128.380006 0.813161 -0.634687
 128.580006 0.865731 -0.646903
 128.780006 0.970361 -0.630524
 128.980006 0.847518 -0.647247
 129.180006 0.992358 -0.799323
 129.380006 0.965698 -0.667191
 129.580006 0.779093 -0.808897
 129.780006 0.909495 -0.507484
 129.980006 0.923121 -0.827822
 130.180006 0.991661 -0.662453
 130.380006 0.975363 -0.917343
 130.580006 0.932812 -0.480466
 130.780006 1.042699 -0.810250
 130.980006 1.151919 -0.517722
 131.180006 0.834917 -0.735093
 131.380006 1.024806 -0.637136
 131.580006 1.043077 -0.776787
 131.780006 1.086724 -0.726207
 131.980006 0.744567 -0.646885
 132.180006 0.953250 -0.817839
 132.380006 0.893276 -0.758243
 132.580006 0.846491 -0.621384
 132.780006 0.781527 -0.822404
 132.980006 1.014362 -0.642706
 133.180006 0.869850 -0.807214
 133.380006 0.969399 -0.434155
 133.580006 1.025576 -0.984784
 133.780006 1.063646 -0.658286
 133.980006 1.103859 -0.846529
 134.180006 0.989067 -0.741206
 134.380006 0.917136 -0.733499
 134.580006 0.781331 -0.631631
 134.780006 0.950343 -0.630410
 134.980006 0.920773 -0.735295
 135.180006 1.014966 -0.664538
 135.380006 1.042731 -0.790698
 135.580006 1.085062 -0.519489
 135.780006 1.020954 -0.906165
 135.980006 1.161140 -0.538728
 136.180006 1.122498 -0.918196
 136.380006 1.026332 -0.544835
 136.580006 0.829361 -0.718215
 136.780006 0.874893 -0.596277
 136.980007 1.007252 -0.680753
 137.180007 1.133202 -0.892536
 137.380007 1.065617 -0.685569
 137.580007 1.109752 -0.938268
 137.780007 1.105456 -0.692960
 137.980007 1.024777 -0.758463
 138.180007 0.976898 -0.689736
 138.380007 0.983570 -0.730533
 138.580007 0.765736 -0.698572
 138.780007 0.923982 -0.478401
 138.980007 0.881779 -0.923136
 139.180007 0.889737 -0.439195
 139.380007 0.981132 -0.936341
 139.580007 1.020855 -0.585208
 139.780007 0.911380 -0.805334
 139.980007 0.947317 -0.624492
 140.180007 1.015586 -0.625764
 140.380007 0.988950 -0.866133
 140.580007 1.042765 -0.457966
 140.780007 0.904276 -1.013305
 140.980007 1.150641 -0.550704
 141.180007 0.966786 -1.053087
 141.380007 0.824263 -0.298971
 141.580007 0.836639 -0.999815
 141.780007 0.879639 -0.382147
 141.980007 0.819745 -0.856800
 142.180007 0.962435 -0.629965
 142.380007 0.882426 -0.734424
 142.580007 1.094819 -0.880568
 142.780007 1.106979 -0.718148
 142.980007 1.034110 -1.064178
 143.180007 0.803962 -0.340903
 143.380007 0.837981 -0.818567
 143.580007 0.798496 -0.537574
 143.780007 0.996084 -0.773030
 143.980007 0.952279 -0.620404
 144.180007 0.974630 -0.677814
 144.380007 1.143106 -0.773913
 144.580007 1.110031 -0.899515
 144.780007 1.050027 -0.659336
 144.980007 0.906719 -0.793011
 145.180007 1.136539 -0.633214
 145.380007 0.947988 -0.746949
 145.580007 0.995569 -0.609514
 145.780007 0.961112 -0.692993
 145.980007 0.976668 -0.776983
 146.180007 1.125261 -0.781156
 146.380007 1.045635 -0.792711
 146.580007 1.000734 -0.596972
 146.780007 0.916706 -0.811232
 146.980007 1.154243 -0.698797
 147.180007 0.846603 -0.832949
 147.380007 1.100530 -0.593335
 147.580007 0.912242 -0.841092
 147.780007 1.056101 -0.589580
 147.980007 0.988775 -0.984441
 148.180007 1.157752 -0.750213
 148.380007 0.867935 -0.653562
 148.580007 0.914290 -0.811022
 148.780007 0.796999 -0.424424
 148.980007 1.001061 -0.722891
 149.180007 1.015394 -0.574417
 149.380007 1.181256 -0.916802
 149.580007 1.010415 -0.524579
 149.780007 1.158597 -0.951190
 149.980007 1.027256 -0.581880
 150.180007 1.044458 -0.866059
 150.380007 0.810183 -0.657675
 150.580007 0.807165 -0.768348
 150.780007 0.753226 -0.562280
 150.980007 1.052885 -0.780839
 151.180007 1.019357 -0.597172
 151.380007 1.051828 -0.907834
 151.580007 1.103455 -0.706470
 151.780007 1.311613 -0.883037
 151.980007 0.957478 -0.640781
 152.180007 0.939968 -0.717003
 152.380007 0.931160 -0.566471
 152.580007 0.731502 -0.846290
 152.780007 0.844450 -0.592212
 152.980007 1.021532 -0.943994
 153.180007 1.033098 -0.621441
 153.380007 1.114284 -0.815060
 153.580007 0.923645 -0.596261
 153.780007 0.993343 -0.723457
 153.980007 0.927815 -0.671864
 154.180007 0.756249 -0.742317
 154.380007 0.755131 -0.736076
 154.580007 0.911971 -0.519401
 154.780007 1.145261 -0.939022
 154.980007 1.009635 -0.690185
 155.180007 1.035250 -0.999328
 155.380007 1.024448 -0.502759
 155.580007 0.954716 -0.839600
 155.780007 0.964581 -0.539597
 155.980007 0.836979 -0.707215
 156.180007 0.929416 -0.775578
 156.380007 0.925506 -0.599925
 156.580007 1.056285 -0.922108
 156.780007 1.071219 -0.605418
 156.980007 1.042751 -0.922157
 157.180007 0.995495 -0.550017
 157.380007 1.036122 -0.895592
 157.580007 0.673971 -0.507900
 157.780007 0.858687 -0.543649
 157.980008 0.814012 -0.770675
 158.180008 0.997070 -0.613623
 158.380008 1.136290 -0.882745
 158.580008 0.936992 -0.563903
 158.780008 0.905813 -0.943828
 158.980008 1.082052 -0.572722
 159.180008 0.937117 -0.655397
 159.380008 0.939771 -0.701370
 159.580008 1.114332 -0.820171
 159.780008 0.935927 -0.689769
 159.980008 0.889347 -0.736703
 160.180008 0.985231 -0.745583
 160.380008 1.029656 -0.662082
 160.580008 1.018630 -0.739959
 160.780008 1.010254 -0.648105
 160.980008 1.103721 -0.771841
 161.180008 0.897028 -0.731010
 161.380008 1.079893 -0.739682
 161.580008 0.891166 -0.821006
 161.780008 0.884739 -0.621731
 161.980008 0.751636 -0.797744
 162.180008 1.017419 -0.586357
 162.380008 0.764504 -0.831397
 162.580008 0.920872 -0.513151
 162.780008 1.139301 -0.857374
 162.980008 1.035287 -0.575390
 163.180008 0.988534 -0.784287
 163.380008 0.843482 -0.689350
 163.580008 0.906590 -0.680735
 163.780008 0.991491 -0.794920
 163.980008 0.776734 -0.527537
 164.180008 0.976225 -0.869714
 164.380008 1.087251 -0.652713
 164.580008 1.148869 -0.943529
 164.780008 1.045095 -0.552490
 164.980008 1.118516 -0.951381
 165.180008 0.878285 -0.345494
 165.380008 0.817835 -0.901665
 165.580008 0.968938 -0.628840
 165.780008 1.014194 -0.827397
 165.980008 1.092908 -0.651025
 166.180008 1.129730 -0.648492
 166.380008 1.146127 -0.865946
 166.580008 1.091387 -0.696038
 166.780008 1.048754 -0.790717
 166.980008 0.869679 -0.595461
 167.180008 1.091359 -0.794526
 167.380008 0.965164 -0.760138
 167.580008 0.810847 -0.683311
 167.780008 0.877568 -0.784125
 167.980008 0.954438 -0.638856
 168.180008 1.048575 -0.850415
 168.380008 1.097747 -0.656714
 168.580008 1.167845 -0.891172
 168.780008 0.928004 -0.534029
 168.980008 1.033991 -0.792086
 169.180008 0.954927 -0.602228
 169.380008 0.955169 -0.763512
 169.580008 0.832007 -0.740237
 169.780008 0.811382 -0.620986
 169.980008 0.815830 -0.808236
 170.180008 0.986620 -0.534116
 170.380008 1.201695 -0.806461
 170.580008 1.123305 -0.703757
 170.780008 1.166119 -0.744701
 170.980008 1.193609 -0.658903
 171.180008 0.915890 -0.626785
 171.380008 1.013676 -0.786958
 171.580008 0.656281 -0.569009
 171.780008 0.912249 -0.676799
 171.980008 0.728206 -0.543296
 172.180008 1.006561 -0.715583
 172.380008 1.098395 -0.916391
 172.580008 1.200903 -0.807471
 172.780008 1.018787 -0.799940
 172.980008 1.028832 -0.721313
 173.180008 1.072375 -0.631889
 173.380008 0.783683 -0.603828
 173.580008 0.914101 -0.847625
 173.780008 0.786867 -0.464686
 173.980008 0.845254 -0.863854
 174.180008 0.827528 -0.612544
 174.380008 1.070689 -0.885989
 174.580008 0.930009 -0.565664
 174.780008 1.089357 -0.874341
 174.980008 1.040347 -0.510603
 175.180008 1.111635 -0.790453
 175.380008 0.867814 -0.534289
 175.580008 1.201934 -0.797327
 175.780008 0.816593 -0.794821
 175.980008 0.861736 -0.653545
 176.180008 0.787107 -0.850877
 176.380008 1.144738 -0.700450
 176.580008 0.857188 -0.833044
 176.780008 0.988700 -0.425275
 176.980008 0.968492 -0.784634
 177.180008 0.964780 -0.595360
 177.380008 0.951127 -0.814253
 177.580008 0.844262 -0.472275
 177.780008 0.940174 -0.843168
 177.980008 0.886491 -0.596802
 178.180008 0.898227 -0.803009
 178.380008 1.070124 -0.766886
 178.580008 1.169730 -0.751785
 178.780008 1.068815 -0.931066
 178.980009 0.901481 -0.590748
 179.180009 0.949757 -0.649590
 179.380009 0.789069 -0.444919
 179.580009 1.096478 -0.793495
 179.780009 1.061380 -0.777992
 179.980009 1.061113 -0.743175
 180.180009 0.808853 -0.718672
 180.380009 1.098080 -0.836653
 180.580009 1.018742 -0.779946
 180.780009 0.947569 -0.581741
 180.980009 0.843698 -0.732476
 181.180009 0.831612 -0.581908
 181.380009 0.762265 -0.839372
 181.580009 0.913496 -0.515654
 181.780009 1.180578 -0.895798
 181.980009 1.000545 -0.769060
 182.180009 1.144301 -0.747943
 182.380009 1.062914 -0.807910
 182.580009 0.893357 -0.543648
 182.780009 0.727778 -0.661326
 182.980009 1.000258 -0.732521
 183.180009 0.869103 -0.760660
 183.380009 0.955096 -0.624599
 183.580009 1.011621 -0.726743
 183.780009 0.979819 -0.730373
 183.980009 1.094592 -0.722112
 184.180009 1.126088 -0.657915
 184.380009 1.038938 -0.828296
 184.580009 1.108558 -0.539194
 184.780009 0.950872 -0.904949
 184.980009 0.942177 -0.538246
 185.180009 0.920379 -0.847297
 185.380009 1.064423 -0.533971
 185.580009 0.870505 -0.860088
 185.780009 0.995122 -0.615494
 185.980009 0.901389 -0.848010
 186.180009 1.016768 -0.561729
 186.380009 1.032417 -0.944097
 186.580009 1.167569 -0.646439
 186.780009 0.927178 -0.795719
 186.980009 0.910754 -0.599032
 187.180009 0.981082 -0.677830
 187.380009 0.841672 -0.721668
 187.580009 0.861295 -0.590956
 187.780009 0.850135 -0.873980
 187.980009 0.911232 -0.591696
 188.180009 1.067057 -0.895837
 188.380009 1.077529 -0.586119
 188.580009 1.089579 -0.884554
 188.780009 1.078807 -0.507081
 188.980009 1.054919 -0.840792
 189.180009 0.986132 -0.695019
 189.380009 0.902628 -0.727379
 189.580009 0.863317 -0.654477
 189.780009 0.873091 -0.769872
 189.980009 1.018182 -0.810982
 190.180009 0.895438 -0.658768
 190.380009 1.157617 -0.681738
 190.580009 1.090452 -0.740794
 190.780009 1.112130 -0.725298
 190.980009 0.834338 -0.640559
 191.180009 0.761768 -0.574577
 191.380009 0.784897 -0.824161
 191.580009 0.946916 -0.530062
 191.780009 0.766932 -0.951483
 191.980009 0.978216 -0.507393
 192.180009 0.753243 -0.991877
 192.380009 0.953944 -0.573495
 192.580009 0.927533 -0.754831
 192.780009 0.933220 -0.551088
 192.980009 0.970995 -0.759263
 193.180009 0.852285 -0.812041
 193.380009 0.856005 -0.770029
 193.580009 0.907490 -0.729828
 193.780009 0.941540 -0.619774
 193.980009 1.072276 -0.752451
 194.180009 1.027044 -0.530855
 194.380009 1.082921 -0.923650
 194.580009 1.077439 -0.470588
 194.780009 0.881362 -0.943412
 194.980009 0.899765 -0.418867
 195.180009 0.949010 -1.054407
 195.380009 0.732997 -0.373048
 195.580009 0.744173 -0.948254
 195.780009 0.833343 -0.424815
 195.980009 0.798185 -0.791195
 196.180009 1.028262 -0.483678
 196.380009 1.086402 -0.776201
 196.580009 0.848538 -0.632278
 196.780009 1.033191 -0.798723
 196.980009 0.887809 -0.811309
 197.180009 0.863806 -0.549108
 197.380009 0.691226 -0.874493
 197.580009 0.943096 -0.641199
 197.780009 0.914519 -0.823082
 197.980009 0.946036 -0.603409
 198.180009 1.130551 -0.705426
 198.380009 1.200158 -0.728346
 198.580009 1.002177 -0.803534
 198.780009 1.042841 -0.718159
 198.980009 1.083946 -0.847362
 199.180009 0.971053 -0.638540
 199.380009 0.699841 -0.700731
 199.580009 0.824233 -0.567915
 199.780009 0.866951 -0.781503
 199.980009 0.915498 -0.716335
