#! FIELDS time phi psi
#! SET max_psi pi
 0.180000 -2.611962 1.994832
 0.380000 -1.765831 2.307545
 0.580000 -2.223922 2.507942
 0.780000 -2.225397 1.935625
 0.980000 -1.641341 2.692309
 1.180000 -2.558683 1.892711
 1.380000 -1.545031 2.322198
 1.580000 -2.041453 2.449418
 1.780000 -2.113227 1.965058
 1.980000 -1.783492 2.624327
 2.180000 -2.354932 2.036244
 2.380000 -1.992469 2.506337
 2.580000 -2.217555 2.251383
 2.780000 -2.284672 2.288895
 2.980000 -2.057938 2.162833
 3.180000 -2.176878 2.477061
 3.380000 -2.282441 1.906460
 3.580000 -2.061195 2.695496
 3.780000 -2.219392 2.024502
 3.980000 -2.045761 2.376411
 4.180000 -2.251839 2.412899
 4.380000 -2.184524 2.098126
 4.580000 -2.298318 2.588980
 4.780000 -2.390513 2.053607
 4.980000 -2.198997 2.465488
 5.180000 -2.412921 2.240234
 5.380000 -2.050482 2.309627
 5.580000 -2.317730 2.306496
 5.780000 -1.991099 2.514144
 5.980000 -2.299682 1.903396
 6.180000 -2.185842 2.795674
 6.380000 -2.045003 1.932201
 6.580000 -2.217311 2.526114
 6.780000 -2.125347 2.177317
 6.980000 -2.150027 2.279967
 7.180000 -2.319743 2.423620
 7.380000 -2.057094 2.221477
 7.580000 -2.309965 2.387055
 7.780000 -2.191595 2.358945
 7.980000 -1.915986 2.184768
 8.180000 -2.582611 2.275722
 8.380000 -1.830205 2.417418
 8.580000 -2.367400 2.126919
 8.780000 -2.162635 2.633922
 8.980000 -2.141159 2.077382
 9.180000 -2.382717 2.517026
 9.380000 -2.033607 2.239400
 9.580000 -2.162882 2.291742
 9.780000 -2.425129 2.357896
 9.980000 -1.847298 2.175393
 10.180000 -2.625530 2.424119
 10.380000 -2.118964 2.420209
 10.580001 -2.263491 2.183014
 10.780001 -2.777044 2.428227
 10.980001 -1.842491 2.285660
 11.180001 -2.508383 2.285920
 11.380001 -2.276748 2.455717
 11.580001 -1.994375 1.959396
 11.780001 -2.533998 2.677391
 11.980001 -1.994740 2.149975
 12.180001 -2.131342 2.414420
 12.380001 -2.339137 2.492363
 12.580001 -1.864293 2.195368
 12.780001 -2.480656 2.393045
 12.980001 -1.987043 2.399615
 13.180001 -2.150077 2.177022
 13.380001 -2.462902 2.362552
 13.580001 -1.914864 2.235583
 13.780001 -2.309043 2.484168
 13.980001 -2.219479 2.217662
 14.180001 -2.010263 2.268782
 14.380001 -2.420029 2.532284
 14.580001 -2.019494 2.083550
 14.780001 -2.249316 2.480592
 14.980001 -2.225545 2.116177
 15.180001 -1.946623 2.404759
 15.380001 -2.391102 2.378251
 15.580001 -1.938734 2.127170
 15.780001 -2.284205 2.404204
 15.980001 -2.269690 2.175236
 16.180001 -1.913462 2.284346
 16.380001 -2.392740 2.438107
 16.580001 -2.131994 2.138317
 16.780001 -2.074996 2.478375
 16.980001 -2.269887 2.436234
 17.180001 -2.012059 2.079809
 17.380001 -2.234501 2.635793
 17.580001 -2.204964 1.980118
 17.780001 -2.254271 2.530361
 17.980001 -2.153928 2.339654
 18.180001 -2.423902 2.173983
 18.380001 -2.262514 2.330944
 18.580001 -2.216729 2.392613
 18.780001 -2.375093 2.077625
 18.980001 -2.160204 2.468430
 19.180001 -2.230784 2.248008
 19.380001 -2.289373 2.272778
 19.580001 -2.054073 2.548903
 19.780001 -2.254869 2.159519
 19.980001 -2.230863 2.462578
 20.180001 -2.122454 2.417396
 20.380001 -2.347382 2.236355
 20.580001 -2.144392 2.367640
 20.780001 -2.096527 2.360072
 20.980001 -2.417661 2.273942
 21.180001 -1.955232 2.421876
 21.380001 -2.488699 2.144647
 21.580001 -2.167867 2.447161
 21.780001 -2.171001 2.379877
 21.980001 -2.263724 2.394490
 22.180001 -2.042076 2.347611
 22.380001 -2.308796 2.333081
 22.580001 -2.278400 2.308047
 22.780001 -2.103585 2.434567
 22.980001 -2.447635 2.153365
 23.180001 -2.125460 2.342378
 23.380001 -2.060919 2.428042
 23.580001 -2.414259 2.233895
 23.780001 -1.950895 2.352314
 23.980001 -2.463291 2.296763
 24.180001 -2.293547 2.334469
 24.380001 -2.263150 2.425550
 24.580001 -2.444182 2.282193
 24.780001 -2.157028 2.346321
 24.980001 -2.293463 2.390314
 25.180001 -2.393256 2.275592
 25.380001 -2.076398 2.394111
 25.580001 -2.444488 2.302500
 25.780001 -2.196601 2.233276
 25.980001 -2.162453 2.319294
 26.180001 -2.366542 2.398922
 26.380001 -1.925018 2.255125
 26.580001 -2.405462 2.217734
 26.780001 -2.144114 2.439155
 26.980001 -2.070513 2.263472
 27.180001 -2.236471 2.354173
 27.380001 -2.034654 2.263068
 27.580001 -2.158016 2.354499
 27.780001 -2.419710 2.444336
 27.980001 -2.015481 2.326857
 28.180001 -2.311357 2.328036
 28.380001 -2.384721 2.495858
 28.580001 -2.229287 2.202739
 28.780001 -2.386804 2.429698
 28.980001 -2.344455 2.235650
 29.180001 -2.199663 2.250548
 29.380001 -2.515006 2.449225
 29.580001 -2.245749 2.252405
 29.780001 -2.298294 2.327441
 29.980001 -2.582054 2.439468
 30.180001 -2.145496 2.172019
 30.380001 -2.364573 2.465201
 30.580001 -2.284764 2.452805
 30.780001 -2.137968 2.111992
 30.980001 -2.520457 2.490775
 31.180001 -2.263487 2.136323
 31.380001 -2.278878 2.484609
 31.580001 -2.618374 2.361755
 31.780002 -2.082502 2.213788
 31.980002 -2.398020 2.439651
 32.180002 -2.145890 2.272598
 32.380002 -2.134682 2.258297
 32.580002 -2.604338 2.523388
 32.780002 -2.028004 2.062766
 32.980002 -2.343272 2.433525
 33.180002 -2.284744 2.382592
 33.380002 -1.960242 2.269445
 33.580002 -2.403115 2.454814
 33.780002 -1.946073 2.364025
 33.980002 -2.339813 2.250845
 34.180002 -2.221655 2.464217
 34.380002 -1.954881 2.103132
 34.580002 -2.453703 2.479167
 34.780002 -2.027610 2.104476
 34.980002 -2.042853 2.448660
 35.180002 -2.198602 2.456522
 35.380002 -2.041726 2.172060
 35.580002 -2.226700 2.576618
 35.780002 -2.157790 2.071522
 35.980002 -2.161006 2.440922
 36.180002 -2.503887 2.226446
 36.380002 -1.950896 2.316107
 36.580002 -2.375672 2.279814
 36.780002 -2.131901 2.339093
 36.980002 -2.170746 2.307144
 37.180002 -2.374017 2.367030
 37.380002 -2.211657 2.278633
 37.580002 -2.442678 2.451188
 37.780002 -2.185532 2.421303
 37.980002 -2.386259 2.224617
 38.180002 -2.217695 2.471148
 38.380002 -2.225467 2.211097
 38.580002 -2.255169 2.543360
 38.780002 -2.356943 2.145856
 38.980002 -2.199751 2.401863
 39.180002 -2.455871 2.301837
 39.380002 -2.167162 2.377903
 39.580002 -2.378639 2.340961
 39.780002 -2.327868 2.389855
 39.980002 -1.999828 2.283821
 40.180002 -2.324097 2.473983
 40.380002 -2.129895 2.376511
 40.580002 -2.300096 2.226123
 40.780002 -2.347555 2.500488
 40.980002 -2.126083 2.256969
 41.180002 -2.459562 2.361348
 41.380002 -2.229279 2.199727
 41.580002 -2.236879 2.479636
 41.780002 -2.357587 2.296908
 41.980002 -2.140725 2.410693
 42.180002 -2.462050 2.247489
 42.380002 -2.236729 2.398101
 42.580002 -2.269088 2.296392
 42.780002 -2.321737 2.425648
 42.980002 -2.139005 2.232668
 43.180002 -2.385155 2.380352
 43.380002 -2.222004 2.506309
 43.580002 -2.299780 2.066751
 43.780002 -2.464362 2.479978
 43.980002 -2.247788 2.231064
 44.180002 -2.218454 2.470032
 44.380002 -2.251236 2.320257
 44.580002 -2.211736 2.359259
 44.780002 -2.292435 2.448758
 44.980002 -2.354766 2.439218
 45.180002 -2.320214 2.254144
 45.380002 -2.389958 2.442580
 45.580002 -2.338614 2.398218
 45.780002 -2.428556 2.345579
 45.980002 -2.299888 2.397813
 46.180002 -2.367045 2.364369
 46.380002 -2.530026 2.360053
 46.580002 -2.362516 2.400777
 46.780002 -2.385589 2.356005
 46.980002 -2.386522 2.356647
 47.180002 -2.378338 2.335045
 47.380002 -2.341891 2.446299
 47.580002 -2.280015 2.322877
 47.780002 -2.309762 2.399064
 47.980002 -2.481750 2.250101
 48.180002 -2.215833 2.515132
 48.380002 -2.479400 2.215692
 48.580002 -2.471537 2.267738
 48.780002 -2.046789 2.371254
 48.980002 -2.286206 2.365292
 49.180002 -2.320727 2.238772
 49.380002 -1.981849 2.598649
 49.580002 -2.511256 1.982607
 49.780002 -2.062104 2.512909
 49.980002 -2.148818 2.380526
 50.180002 -2.187540 2.157759
 50.380002 -2.026414 2.570025
 50.580002 -2.333238 2.189881
 50.780002 -2.167370 2.348851
 50.980002 -2.268707 2.425441
 51.180002 -2.175162 2.233802
 51.380002 -2.158491 2.300253
 51.580002 -2.201833 2.496450
 51.780002 -2.254291 2.108424
 51.980002 -2.009448 2.469269
 52.180002 -2.323037 2.185102
 52.380002 -2.223433 2.337062
 52.580002 -2.318522 2.394023
 52.780003 -2.341349 2.202419
 52.980003 -2.222828 2.445723
 53.180003 -2.293065 2.321376
 53.380003 -2.292538 2.356568
 53.580003 -2.221966 2.477092
 53.780003 -2.395499 2.209034
 53.980003 -2.346397 2.540166
 54.180003 -2.457719 2.367251
 54.380003 -2.361067 2.237599
 54.580003 -2.402703 2.313365
 54.780003 -2.316722 2.356036
 54.980003 -2.338811 2.380379
 55.180003 -2.374772 2.373239
 55.380003 -2.338541 2.171686
 55.580003 -2.349496 2.399875
 55.780003 -2.188328 2.440183
 55.980003 -2.318152 2.254983
 56.180003 -2.269388 2.422597
 56.380003 -2.171179 2.251924
 56.580003 -2.274767 2.350034
 56.780003 -2.285418 2.350854
 56.980003 -2.132412 2.260976
 57.180003 -2.420100 2.321831
 57.380003 -2.159442 2.371653
 57.580003 -2.326821 2.186987
 57.780003 -2.300203 2.351820
 57.980003 -2.215307 2.371822
 58.180003 -2.311774 2.365602
 58.380003 -2.247939 2.233284
 58.580003 -2.222689 2.462326
 58.780003 -2.234128 2.220053
 58.980003 -2.186017 2.495047
 59.180003 -2.300346 2.345591
 59.380003 -2.104757 2.333018
 59.580003 -2.299179 2.443133
 59.780003 -2.177355 2.305988
 59.980003 -2.142884 2.278152
 60.180003 -2.255479 2.344715
 60.380003 -1.836064 2.398918
 60.580003 -2.294776 2.121507
 60.780003 -1.929044 2.335402
 60.980003 -2.048720 2.310525
 61.180003 -2.152825 2.350679
 61.380003 -2.059922 2.280975
 61.580003 -2.041217 2.439029
 61.780003 -2.311211 2.182940
 61.980003 -2.235190 2.467462
 62.180003 -2.217707 2.365442
 62.380003 -2.312358 2.270010
 62.580003 -2.429932 2.357553
 62.780003 -2.184851 2.165549
 62.980003 -2.303157 2.375661
 63.180003 -2.345828 2.319044
 63.380003 -2.020768 2.330890
 63.580003 -2.354803 2.262287
 63.780003 -2.142328 2.464022
 63.980003 -2.209870 2.265466
 64.180003 -2.307496 2.571911
 64.380003 -2.297730 2.097475
 64.580003 -2.322376 2.447378
 64.780003 -2.323276 2.253323
 64.980003 -2.139133 2.461026
 65.180003 -2.636058 2.153037
 65.380003 -2.154725 2.279305
 65.580003 -2.377386 2.413194
 65.780003 -2.318767 2.220388
 65.980003 -2.130950 2.344721
 66.180003 -2.422796 2.410303
 66.380003 -2.260617 2.267744
 66.580003 -2.091408 2.357787
 66.780003 -2.438194 2.444783
 66.980003 -2.184314 2.035368
 67.180003 -2.213917 2.622557
 67.380003 -2.292547 2.114180
 67.580003 -2.211139 2.352793
 67.780003 -2.287009 2.405395
 67.980003 -2.275378 2.149122
 68.180003 -2.290910 2.423453
 68.380003 -2.229325 2.335733
 68.580003 -2.192890 2.169176
 68.780003 -2.067785 2.429815
 68.980003 -2.225430 2.263339
 69.180003 -2.100223 2.214613
 69.380003 -2.117792 2.508368
 69.580003 -2.007744 2.043002
 69.780003 -2.263274 2.382377
 69.980003 -2.085429 2.449774
 70.180003 -2.146137 2.094743
 70.380003 -2.289848 2.356081
 70.580003 -2.067037 2.242045
 70.780003 -2.276672 2.354637
 70.980003 -2.132493 2.308113
 71.180003 -2.168642 2.327466
 71.380003 -2.270010 2.326426
 71.580003 -2.155858 2.293244
 71.780003 -2.256499 2.393239
 71.980003 -2.239270 2.300322
 72.180003 -2.216159 2.370153
 72.380003 -2.259441 2.453621
 72.580003 -2.247783 2.322311
 72.780003 -2.336999 2.389036
 72.980003 -2.280443 2.341975
 73.180003 -2.234302 2.386305
 73.380003 -2.406939 2.275255
 73.580003 -2.096167 2.278480
 73.780004 -2.332763 2.316222
 73.980004 -2.193775 2.425123
 74.180004 -2.338352 2.218662
 74.380004 -2.210968 2.434793
 74.580004 -2.365758 2.167154
 74.780004 -2.145857 2.491067
 74.980004 -2.204109 2.412750
 75.180004 -2.426152 2.095936
 75.380004 -2.116374 2.395981
 75.580004 -2.345748 2.257174
 75.780004 -2.205705 2.368672
 75.980004 -2.281640 2.233095
 76.180004 -2.115835 2.336185
 76.380004 -2.258593 2.288011
 76.580004 -2.200890 2.428285
 76.780004 -2.327960 2.074505
 76.980004 -2.264543 2.581221
 77.180004 -2.110939 2.145515
 77.380004 -2.249738 2.466122
 77.580004 -2.204750 2.344584
 77.780004 -2.135172 2.216413
 77.980004 -2.398315 2.288220
 78.180004 -2.095454 2.326880
 78.380004 -2.321553 2.218370
 78.580004 -2.218497 2.373065
 78.780004 -1.994277 2.367291
 78.980004 -2.392822 2.236919
 79.180004 -2.071009 2.492470
 79.380004 -2.325630 1.999825
 79.580004 -2.257834 2.504703
 79.780004 -2.175568 2.241907
 79.980004 -2.242179 2.344689
 80.180004 -2.213158 2.316786
 80.380004 -2.025432 2.385234
 80.580004 -2.372977 2.073963
 80.780004 -2.040647 2.598715
 80.980004 -2.277771 2.076897
 81.180004 -2.325214 2.459705
 81.380004 -1.987211 2.351478
 81.580004 -2.422906 2.229899
 81.780004 -2.142345 2.494202
 81.980004 -2.226810 2.222858
 82.180004 -2.236635 2.267208
 82.380004 -2.076126 2.494461
 82.580004 -2.132713 2.211236
 82.780004 -2.206683 2.321690
 82.980004 -2.114865 2.438994
 83.180004 -2.252273 2.062687
 83.380004 -2.108835 2.496312
 83.580004 -2.434802 2.081596
 83.780004 -1.999573 2.464784
 83.980004 -2.135307 2.319001
 84.180004 -2.134919 2.351681
 84.380004 -2.242553 2.304574
 84.580004 -2.263259 2.283599
 84.780004 -2.199291 2.387105
 84.980004 -2.317132 2.178559
 85.180004 -2.388185 2.366762
 85.380004 -2.148917 2.317888
 85.580004 -2.292626 2.411270
 85.780004 -2.332695 2.112023
 85.980004 -2.080837 2.599333
 86.180004 -2.307602 2.092117
 86.380004 -2.062809 2.507119
 86.580004 -2.169813 2.254684
 86.780004 -2.170365 2.318448
 86.980004 -2.216198 2.369636
 87.180004 -2.311794 2.314365
 87.380004 -2.246100 2.189428
 87.580004 -2.114432 2.630939
 87.780004 -2.370197 2.101910
 87.980004 -1.960496 2.376887
 88.180004 -2.343470 2.334687
 88.380004 -2.160101 2.102605
 88.580004 -2.077727 2.655134
 88.780004 -2.384972 2.121200
 88.980004 -1.987556 2.293400
 89.180004 -2.257366 2.498432
 89.380004 -2.061759 2.235034
 89.580004 -2.154574 2.327448
 89.780004 -2.172084 2.373554
 89.980004 -2.153164 2.041449
 90.180004 -2.287399 2.658261
 90.380004 -2.194485 2.125288
 90.580004 -1.983969 2.212508
 90.780004 -2.395169 2.658792
 90.980004 -2.061243 1.870429
 91.180004 -2.160133 2.544172
 91.380004 -2.413250 2.292303
 91.580004 -1.941841 2.187604
 91.780004 -2.407000 2.626885
 91.980004 -1.951886 1.993243
 92.180004 -2.108557 2.337079
 92.380004 -2.417790 2.506286
 92.580004 -1.921988 1.969881
 92.780004 -2.303391 2.623308
 92.980004 -2.304653 2.243524
 93.180004 -2.042407 2.106735
 93.380004 -2.561326 2.691620
 93.580004 -2.061677 1.881012
 93.780004 -2.354859 2.461600
 93.980004 -2.342923 2.390105
 94.180004 -1.965781 2.098838
 94.380004 -2.517180 2.506494
 94.580004 -2.160245 2.283952
 94.780005 -2.255427 2.206929
 94.980005 -2.460742 2.770490
 95.180005 -2.157599 1.988537
 95.380005 -2.255237 2.606975
 95.580005 -2.339586 2.270425
 95.780005 -1.867819 2.156306
 95.980005 -2.691260 2.439470
 96.180005 -2.043720 2.159904
 96.380005 -2.180144 2.351831
 96.580005 -2.440180 2.471945
 96.780005 -2.070741 2.036491
 96.980005 -2.284718 2.601080
 97.180005 -2.276854 2.338209
 97.380005 -2.180160 2.154975
 97.580005 -2.452547 2.716766
 97.780005 -2.206787 2.146543
 97.980005 -2.264164 2.308747
 98.180005 -2.506623 2.417247
 98.380005 -2.108959 2.090025
 98.580005 -2.496898 2.494195
 98.780005 -2.163830 2.252824
 98.980005 -2.273521 2.263074
 99.180005 -2.376154 2.476251
 99.380005 -2.164513 2.099748
 99.580005 -2.216229 2.447992
 99.780005 -2.374173 2.543259
 99.980005 -2.101756 2.061738
 100.180005 -2.559219 2.613489
 100.380005 -2.142022 2.163201
 100.580005 -2.274190 2.483942
 100.780005 -2.529979 2.191501
 100.980005 -1.777869 2.313163
 101.180005 -2.654849 2.325815
 101.380005 -2.006568 2.231061
 101.580005 -2.203948 2.372533
 101.780005 -2.299114 2.527364
 101.980005 -2.002653 2.095211
 102.180005 -2.308401 2.551747
 102.380005 -1.975204 2.200182
 102.580005 -2.217032 2.303013
 102.780005 -2.186250 2.464655
 102.980005 -2.028205 2.099478
 103.180005 -2.325022 2.509955
 103.380005 -1.971382 1.919699
 103.580005 -2.141061 2.544709
 103.780005 -2.358573 2.125172
 103.980005 -1.871316 2.375539
 104.180005 -2.272962 2.424455
 104.380005 -2.104695 2.159340
 104.580005 -2.155356 2.437335
 104.780005 -2.219569 2.606909
 104.980005 -2.142640 1.944291
 105.180005 -2.411715 2.613819
 105.380005 -2.123408 2.176867
 105.580005 -2.400290 2.308392
 105.780005 -2.147349 2.332534
 105.980005 -2.167713 2.108698
 106.180005 -2.323611 2.462522
 106.380005 -2.172107 2.079579
 106.580005 -2.251591 2.500939
 106.780005 -2.256067 2.446171
 106.980005 -1.975493 2.096991
 107.180005 -2.401160 2.489125
 107.380005 -1.951288 2.288439
 107.580005 -2.186413 2.129418
 107.780005 -2.480334 2.410058
 107.980005 -1.792417 2.034665
 108.180005 -2.473525 2.578110
 108.380005 -2.025717 1.953022
 108.580005 -2.052188 2.415320
 108.780005 -2.377990 2.528874
 108.980005 -2.048512 1.928586
 109.180005 -2.515071 2.664515
 109.380005 -2.143231 2.436522
 109.580005 -2.158101 2.119270
 109.780005 -2.666795 2.365889
 109.980005 -1.816649 2.240079
 110.180005 -2.501693 2.174066
 110.380005 -2.358931 2.434462
 110.580005 -2.041610 2.147986
 110.780005 -2.425485 2.662968
 110.980005 -1.988907 2.318053
 111.180005 -2.335644 2.180749
 111.380005 -2.295337 2.551037
 111.580005 -1.897044 2.193759
 111.780005 -2.478561 2.287009
 111.980005 -1.920087 2.366392
 112.180005 -2.189676 2.133774
 112.380005 -2.408985 2.282577
 112.580005 -2.069243 2.383024
 112.780005 -2.374974 2.291493
 112.980005 -2.133259 2.488366
 113.180005 -2.170733 2.169619
 113.380005 -2.165113 2.553749
 113.580005 -1.907892 2.328957
 113.780005 -2.260175 2.239513
 113.980005 -2.182648 2.381904
 114.180005 -1.988024 2.210984
 114.380005 -2.611447 2.281635
 114.580005 -1.920992 2.300417
 114.780005 -2.346365 2.235126
 114.980005 -2.271583 2.301153
 115.180005 -1.957012 2.316034
 115.380005 -2.365964 2.412075
 115.580005 -2.179804 2.198757
 115.780005 -2.166173 2.469013
 115.980006 -2.353982 2.351355
 116.180006 -2.103800 2.316289
 116.380006 -2.117083 2.428236
 116.580006 -2.236203 2.272635
 116.780006 -2.141066 2.393601
 116.980006 -2.470110 2.216752
 117.180006 -2.422197 2.181950
 117.380006 -2.171358 2.430379
 117.580006 -2.473743 2.251115
 117.780006 -2.115681 2.085251
 117.980006 -2.388247 2.642993
 118.180006 -2.306586 2.057013
 118.380006 -2.278691 2.388391
 118.580006 -2.375746 2.497660
 118.780006 -2.356456 2.165124
 118.980006 -2.348654 2.401774
 119.180006 -2.382215 2.343661
 119.380006 -2.342039 2.245415
 119.580006 -2.491632 2.398746
 119.780006 -2.444336 2.143426
 119.980006 -2.203128 2.247470
 120.180006 -2.301931 2.385757
 120.380006 -2.155283 2.259453
 120.580006 -2.209960 2.394595
 120.780006 -2.219735 2.247997
 120.980006 -2.186511 2.319718
 121.180006 -2.288207 2.454119
 121.380006 -2.239840 2.242202
 121.580006 -2.291724 2.318798
 121.780006 -2.305160 2.384914
 121.980006 -2.226499 2.214896
 122.180006 -2.203550 2.473358
 122.380006 -2.268175 2.163127
 122.580006 -2.203508 2.360367
 122.780006 -2.216921 2.319257
 122.980006 -2.168175 2.277341
 123.180006 -2.236520 2.353102
 123.380006 -2.232116 2.371438
 123.580006 -2.115985 2.162614
 123.780006 -2.159676 2.496565
 123.980006 -2.191390 2.202112
 124.180006 -1.981962 2.432656
 124.380006 -2.211730 2.338282
 124.580006 -2.068994 2.245680
 124.780006 -2.059739 2.426895
 124.980006 -2.181250 2.197047
 125.180006 -2.043282 2.357216
 125.380006 -2.189385 2.265910
 125.580006 -1.945244 2.301642
 125.780006 -2.040950 2.257861
 125.980006 -2.227972 2.348492
 126.180006 -2.050957 2.234047
 126.380006 -2.187814 2.484294
 126.580006 -2.149024 2.082601
 126.780006 -1.962487 2.479261
 126.980006 -2.273170 2.278245
 127.180006 -2.004652 2.252212
 127.380006 -2.136083 2.413030
 127.580006 -2.091596 2.257889
 127.780006 -2.020760 2.247466
 127.980006 -2.234558 2.429799
 128.180006 -2.140462 1.989111
 128.380006 -2.122961 2.394686
 128.580006 -2.365064 2.380473
 128.780006 -2.011138 2.119775
 128.980006 -2.216937 2.554395
 129.180006 -2.274159 2.176700
 129.380006 -2.047961 2.422618
 129.580006 -2.291968 2.430021
 129.780006 -2.162778 2.190269
 129.980006 -2.199139 2.346359
 130.180006 -2.347172 2.407490
 130.380006 -2.074678 2.221280
 130.580006 -2.313664 2.395382
 130.780006 -2.445192 2.208556
 130.980006 -2.090885 2.341214
 131.180006 -2.433564 2.397767
 131.380006 -2.191079 2.308413
 131.580006 -2.272133 2.347163
 131.780006 -2.246763 2.481406
 131.980006 -2.183470 2.203318
 132.180006 -2.287950 2.462089
 132.380006 -2.124314 2.411200
 132.580006 -2.372113 2.138292
 132.780006 -2.294350 2.582522
 132.980006 -2.396808 2.133078
 133.180006 -2.233522 2.315966
 133.380006 -2.338966 2.392459
 133.580006 -2.077567 2.223400
 133.780006 -2.243297 2.448255
 133.980006 -2.235171 2.243918
 134.180006 -2.361558 2.233609
 134.380006 -2.135443 2.382157
 134.580006 -2.269444 2.375262
 134.780006 -2.114402 2.224827
 134.980006 -2.152161 2.468131
 135.180006 -2.221947 2.103956
 135.380006 -2.109132 2.440254
 135.580006 -2.324822 2.206283
 135.780006 -2.086941 2.296581
 135.980006 -2.192624 2.338157
 136.180006 -2.247648 2.177514
 136.380006 -1.914872 2.397268
 136.580006 -2.337657 2.332753
 136.780006 -2.035533 2.327242
 136.980007 -2.136460 2.418439
 137.180007 -2.272101 2.341760
 137.380007 -2.061377 2.234347
 137.580007 -2.294544 2.385460
 137.780007 -2.158428 2.165505
 137.980007 -2.122919 2.354336
 138.180007 -2.205517 2.396737
 138.380007 -2.202572 2.080353
 138.580007 -2.270832 2.491356
 138.780007 -2.214446 2.221181
 138.980007 -2.193230 2.366198
 139.180007 -2.249286 2.497349
 139.380007 -2.007666 2.219622
 139.580007 -2.463676 2.204130
 139.780007 -2.049538 2.595017
 139.980007 -2.239671 2.029835
 140.180007 -2.292684 2.488099
 140.380007 -2.184052 2.047848
 140.580007 -2.165258 2.369454
 140.780007 -2.331783 2.469623
 140.980007 -1.972683 2.125324
 141.180007 -2.338448 2.459906
 141.380007 -2.012992 2.242744
 141.580007 -2.083746 2.385629
 141.780007 -2.367714 2.404703
 141.980007 -2.048669 2.287569
 142.180007 -2.282036 2.319762
 142.380007 -2.153883 2.351208
 142.580007 -2.229509 2.208217
 142.780007 -2.320002 2.416826
 142.980007 -2.091675 2.147692
 143.180007 -2.167291 2.327667
 143.380007 -2.137999 2.499007
 143.580007 -2.161331 2.179310
 143.780007 -2.309214 2.328432
 143.980007 -2.022599 2.350721
 144.180007 -2.178414 2.249783
 144.380007 -2.167653 2.458820
 144.580007 -2.082022 2.206111
 144.780007 -2.169629 2.227016
 144.980007 -2.077279 2.340286
 145.180007 -2.081818 2.193741
 145.380007 -2.312516 2.418566
 145.580007 -2.103518 2.220314
 145.780007 -2.196984 2.464178
 145.980007 -2.348027 2.354005
 146.180007 -2.184811 2.124186
 146.380007 -2.295217 2.513464
 146.580007 -2.099428 2.371554
 146.780007 -2.400549 2.139764
 146.980007 -2.356125 2.417395
 147.180007 -2.114503 2.218555
 147.380007 -2.375940 2.410172
 147.580007 -2.347670 2.094770
 147.780007 -2.110951 2.417622
 147.980007 -2.429982 2.465703
 148.180007 -2.156870 2.253927
 148.380007 -2.214579 2.298293
 148.580007 -2.264871 2.392525
 148.780007 -2.131978 2.312881
 148.980007 -2.285910 2.442285
 149.180007 -2.216874 2.267602
 149.380007 -2.129381 2.208379
 149.580007 -2.187222 2.593130
 149.780007 -2.458591 1.942459
 149.980007 -2.102032 2.503424
 150.180007 -2.392193 2.264853
 150.380007 -2.134756 2.173179
 150.580007 -2.207094 2.427919
 150.780007 -2.137315 2.340323
 150.980007 -2.156897 2.241544
 151.180007 -2.098555 2.422428
 151.380007 -2.242437 2.231776
 151.580007 -2.129859 2.425790
 151.780007 -2.281360 2.214787
 151.980007 -2.169980 2.351745
 152.180007 -2.223586 2.451111
 152.380007 -2.377139 2.094623
 152.580007 -2.103147 2.388056
 152.780007 -2.311874 2.273124
 152.980007 -2.179246 2.416487
 153.180007 -2.259523 2.256567
 153.380007 -2.261078 2.437893
 153.580007 -2.154776 2.194105
 153.780007 -2.185901 2.416558
 153.980007 -2.385581 2.301515
 154.180007 -2.046470 2.349089
 154.380007 -2.408767 2.236747
 154.580007 -2.118152 2.363115
 154.780007 -2.144812 2.333632
 154.980007 -2.326462 2.283739
 155.180007 -2.018393 2.300890
 155.380007 -2.316847 2.329308
 155.580007 -2.149052 2.389674
 155.780007 -2.244024 2.093684
 155.980007 -2.149056 2.563458
 156.180007 -2.133043 2.077920
 156.380007 -2.118263 2.493683
 156.580007 -2.189462 2.191815
 156.780007 -2.061502 2.333533
 156.980007 -2.459777 2.425234
 157.180007 -1.950061 2.291199
 157.380007 -2.467967 2.183911
 157.580007 -2.142928 2.561062
 157.780007 -2.031816 2.042125
 157.980008 -2.526917 2.517978
 158.180008 -1.987642 2.264709
 158.380008 -2.312087 2.207279
 158.580008 -2.450409 2.615015
 158.780008 -1.979292 2.070708
 158.980008 -2.528765 2.380108
 159.180008 -2.178712 2.321906
 159.380008 -1.956348 2.164502
 159.580008 -2.649441 2.498350
 159.780008 -1.993974 2.140184
 159.980008 -2.324724 2.388058
 160.180008 -2.324326 2.522005
 160.380008 -2.144232 1.947290
 160.580008 -2.466922 2.741401
 160.780008 -2.148362 2.135395
 160.980008 -2.124672 2.281334
 161.180008 -2.449290 2.469217
 161.380008 -1.907311 1.988547
 161.580008 -2.394847 2.447451
 161.780008 -2.280520 2.261170
 161.980008 -2.110223 2.135467
 162.180008 -2.438384 2.588426
 162.380008 -2.147999 2.098582
 162.580008 -2.183339 2.322884
 162.780008 -2.447473 2.628025
 162.980008 -1.856965 1.953159
 163.180008 -2.425630 2.615317
 163.380008 -2.198667 2.177256
 163.580008 -2.032509 2.348374
 163.780008 -2.557990 2.371274
 163.980008 -2.090835 2.206954
 164.180008 -2.297197 2.397381
 164.380008 -2.439313 2.327955
 164.580008 -2.021687 1.913946
 164.780008 -2.260868 2.791090
 164.980008 -2.192511 2.067581
 165.180008 -1.955167 2.413668
 165.380008 -2.383294 2.405710
 165.580008 -2.164612 2.046205
 165.780008 -2.179103 2.473099
 165.980008 -2.309672 2.336533
 166.180008 -2.141265 2.122478
 166.380008 -2.236877 2.543334
 166.580008 -2.213853 2.135965
 166.780008 -2.126135 2.267360
 166.980008 -2.147247 2.583065
 167.180008 -2.279843 1.917649
 167.380008 -2.183971 2.642872
 167.580008 -2.209617 2.256518
 167.780008 -2.067927 2.216190
 167.980008 -2.274204 2.476260
 168.180008 -2.187532 2.041338
 168.380008 -2.155524 2.474374
 168.580008 -2.308546 2.203589
 168.780008 -1.937835 2.194347
 168.980008 -2.360689 2.667791
 169.180008 -2.057238 2.091637
 169.380008 -2.418994 2.266860
 169.580008 -2.302905 2.515561
 169.780008 -2.053719 2.053304
 169.980008 -2.480421 2.525517
 170.180008 -2.081696 2.166733
 170.380008 -2.205970 2.232280
 170.580008 -2.250064 2.637776
 170.780008 -2.114868 1.965469
 170.980008 -2.221066 2.452658
 171.180008 -2.105278 2.325582
 171.380008 -2.060317 1.945233
 171.580008 -2.289958 2.806574
 171.780008 -1.929650 2.052807
 171.980008 -2.303297 2.288475
 172.180008 -2.057745 2.474376
 172.380008 -2.012250 2.084481
 172.580008 -2.582795 2.451362
 172.780008 -1.975980 2.286463
 172.980008 -2.349929 2.176727
 173.180008 -2.269344 2.491746
 173.380008 -1.926873 2.080693
 173.580008 -2.319213 2.595867
 173.780008 -2.062110 2.196996
 173.980008 -2.224711 2.438558
 174.180008 -2.388464 2.352547
 174.380008 -2.129455 2.255312
 174.580008 -2.556398 2.478397
 174.780008 -2.092592 2.371015
 174.980008 -2.308100 2.104638
 175.180008 -2.404098 2.495110
 175.380008 -2.065917 2.131520
 175.580008 -2.523430 2.364363
 175.780008 -2.276193 2.299036
 175.980008 -2.293264 2.276986
 176.180008 -2.362608 2.577525
 176.380008 -2.202782 2.137486
 176.580008 -2.304188 2.698937
 176.780008 -2.165739 2.188391
 176.980008 -2.112375 2.471503
 177.180008 -2.546278 2.279156
 177.380008 -1.929307 2.417559
 177.580008 -2.549863 2.256884
 177.780008 -2.214650 2.299927
 177.980008 -2.123211 2.256633
 178.180008 -2.367284 2.441826
 178.380008 -2.133577 2.088156
 178.580008 -2.245801 2.584506
 178.780008 -2.269296 2.177403
 178.980009 -2.142181 2.349124
 179.180009 -2.187130 2.557109
 179.380009 -2.338479 2.064004
 179.580009 -2.379252 2.538378
 179.780009 -2.346342 2.188669
 179.980009 -2.272136 2.206835
 180.180009 -2.526348 2.460332
 180.380009 -1.970762 2.190917
 180.580009 -2.581182 2.323602
 180.780009 -2.366901 2.244187
 180.980009 -2.311052 2.273057
 181.180009 -2.322961 2.559712
 181.380009 -2.165091 2.215584
 181.580009 -2.282614 2.520047
 181.780009 -2.251651 2.355919
 181.980009 -2.203867 2.244532
 182.180009 -2.418837 2.498899
 182.380009 -1.981287 2.152009
 182.580009 -2.529144 2.423293
 182.780009 -2.169837 2.256941
 182.980009 -2.330968 2.258293
 183.180009 -2.360260 2.319554
 183.380009 -1.981834 2.217388
 183.580009 -2.309408 2.484522
 183.780009 -1.960153 2.185456
 183.980009 -2.093526 2.409512
 184.180009 -2.165700 2.515174
 184.380009 -2.067172 2.053339
 184.580009 -2.333884 2.523201
 184.780009 -2.263680 2.130663
 184.980009 -2.183429 2.506293
 185.180009 -2.293957 2.214171
 185.380009 -2.132704 2.248976
 185.580009 -2.407422 2.373366
 185.780009 -2.246916 2.299332
 185.980009 -2.262577 2.179878
 186.180009 -2.346634 2.536417
 186.380009 -2.127490 2.173478
 186.580009 -2.291443 2.395263
 186.780009 -2.194615 2.387192
 186.980009 -2.273838 2.172592
 187.180009 -2.265653 2.629922
 187.380009 -2.312215 2.022082
 187.580009 -2.176224 2.440933
 187.780009 -2.275527 2.280336
 187.980009 -2.038255 2.288707
 188.180009 -2.501421 2.407150
 188.380009 -2.100775 2.244599
 188.580009 -2.397723 2.276902
 188.780009 -2.274949 2.562447
 188.980009 -2.124287 2.222430
 189.180009 -2.382372 2.358565
 189.380009 -2.202262 2.447096
 189.580009 -2.449698 2.252263
 189.780009 -2.484054 2.504413
 189.980009 -2.069651 2.090149
 190.180009 -2.441634 2.493199
 190.380009 -2.347929 2.220952
 190.580009 -2.168985 2.406751
 190.780009 -2.561494 2.344377
 190.980009 -2.067110 2.226758
 191.180009 -2.463428 2.287321
 191.380009 -2.391779 2.394923
 191.580009 -2.260806 2.134740
 191.780009 -2.404151 2.489640
 191.980009 -2.154621 2.242708
 192.180009 -2.486240 2.296183
 192.380009 -2.291430 2.478502
 192.580009 -2.147298 2.096793
 192.780009 -2.452960 2.611159
 192.980009 -2.338744 2.165366
 193.180009 -2.139067 2.336157
 193.380009 -2.548267 2.323774
 193.580009 -1.978150 2.308087
 193.780009 -2.414666 2.406136
 193.980009 -2.326287 2.303851
 194.180009 -2.006817 2.204257
 194.380009 -2.530748 2.431201
 194.580009 -2.103311 2.152783
 194.780009 -2.240284 2.451354
 194.980009 -2.333792 2.403033
 195.180009 -2.037745 2.323279
 195.380009 -2.338998 2.379188
 195.580009 -2.192692 2.298638
 195.780009 -2.256129 2.521779
 195.980009 -2.333030 2.324587
 196.180009 -2.277876 2.190453
 196.380009 -2.260718 2.479592
 196.580009 -2.364423 2.295110
 196.780009 -2.261301 2.359925
 196.980009 -2.421140 2.322761
 197.180009 -2.412234 2.090802
 197.380009 -2.269969 2.448298
 197.580009 -2.252769 2.405903
 197.780009 -2.299572 2.170051
 197.980009 -2.260059 2.437786
 198.180009 -2.124074 2.328706
 198.380009 -2.348980 2.309782
 198.580009 -2.192004 2.555815
 198.780009 -2.348887 1.979253
 198.980009 -2.177114 2.450309
 199.180009 -2.283304 2.228687
 199.380009 -2.203804 2.326487
 199.580009 -2.419863 2.279963
 199.780009 -2.205148 2.178969
 199.980009 -2.257194 2.430123
