#! FIELDS time phi psi
#! SET max_psi pi
 0.180000 -1.344779 2.688584
 0.380000 -1.447999 2.434970
 0.580000 -1.031759 3.014580
 0.780000 -1.673624 2.197322
 0.980000 -1.352956 2.874452
 1.180000 -1.254795 2.571883
 1.380000 -1.627200 2.617106
 1.580000 -1.420946 2.673705
 1.780000 -1.179757 2.451726
 1.980000 -1.243125 2.820381
 2.180000 -1.344724 2.230282
 2.380000 -1.143209 2.941611
 2.580000 -1.222532 2.392332
 2.780000 -1.272568 2.945493
 2.980000 -1.326259 2.500246
 3.180000 -1.226307 2.767875
 3.380000 -1.427414 2.644303
 3.580000 -1.310642 2.426926
 3.780000 -1.286935 3.010356
 3.980000 -1.158140 2.200962
 4.180000 -1.349038 2.979484
 4.380000 -1.141551 2.268876
 4.580000 -1.288625 3.006999
 4.780000 -1.021738 2.221448
 4.980000 -1.265676 2.742803
 5.180000 -1.056056 2.639644
 5.380000 -1.316944 2.455499
 5.580000 -1.412877 2.825121
 5.780000 -1.387703 2.394473
 5.980000 -1.345304 3.073854
 6.180000 -1.490296 2.225246
 6.380000 -1.246700 2.904846
 6.580000 -1.294710 2.726866
 6.780000 -1.186312 2.575919
 6.980000 -1.547268 2.896890
 7.180000 -1.074997 2.479048
 7.380000 -1.401004 2.823996
 7.580000 -1.253203 2.548281
 7.780000 -1.250870 2.911643
 7.980000 -1.226892 2.551096
 8.180000 -1.500518 2.807895
 8.380000 -1.222151 2.633747
 8.580000 -1.364018 2.551996
 8.780000 -1.294707 2.716822
 8.980000 -1.077469 2.588751
 9.180000 -1.401146 2.887616
 9.380000 -1.226865 2.497972
 9.580000 -1.458574 2.784779
 9.780000 -1.169939 2.636352
 9.980000 -1.558705 2.750788
 10.180000 -1.078670 2.625166
 10.380000 -1.316870 2.710188
 10.580001 -1.156897 2.753858
 10.780001 -1.371466 2.377713
 10.980001 -1.142485 2.866544
 11.180001 -1.335115 2.558298
 11.380001 -1.231787 2.695360
 11.580001 -1.375026 2.799851
 11.780001 -1.088413 2.530961
 11.980001 -1.364326 2.748447
 12.180001 -1.075166 2.379646
 12.380001 -1.243599 2.925864
 12.580001 -1.215024 2.295737
 12.780001 -1.279877 2.966731
 12.980001 -1.388243 2.495366
 13.180001 -1.239395 2.817006
 13.380001 -1.427995 2.524268
 13.580001 -1.232731 2.678644
 13.780001 -1.470144 2.736608
 13.980001 -1.180260 2.531408
 14.180001 -1.395981 3.022313
 14.380001 -1.218738 2.428425
 14.580001 -1.281796 2.792735
 14.780001 -1.114118 2.563491
 14.980001 -1.386296 2.835557
 15.180001 -1.140846 2.477458
 15.380001 -1.216593 2.586163
 15.580001 -1.199078 2.817505
 15.780001 -1.225206 2.294586
 15.980001 -1.048845 2.982519
 16.180001 -1.246131 2.258615
 16.380001 -1.307128 2.786405
 16.580001 -1.260858 2.425323
 16.780001 -1.236622 2.802696
 16.980001 -1.333889 2.721637
 17.180001 -1.171500 2.408841
 17.380001 -1.235598 2.938983
 17.580001 -1.078819 2.248953
 17.780001 -1.301137 3.021260
 17.980001 -1.057754 2.208179
 18.180001 -1.137381 2.992948
 18.380001 -1.346184 2.438980
 18.580001 -1.276971 2.557136
 18.780001 -1.203032 2.844370
 18.980001 -1.241024 2.310911
 19.180001 -1.238871 2.937789
 19.380001 -1.087500 2.274228
 19.580001 -1.088368 2.871571
 19.780001 -1.202085 2.405169
 19.980001 -1.115432 2.589547
 20.180001 -1.079121 2.740169
 20.380001 -1.118876 2.526165
 20.580001 -1.244767 2.817339
 20.780001 -1.253904 2.359620
 20.980001 -1.282526 2.797938
 21.180001 -1.233073 2.630880
 21.380001 -1.395329 2.585480
 21.580001 -1.105765 2.700081
 21.780001 -1.094209 2.594802
 21.980001 -1.338647 2.800378
 22.180001 -1.226492 2.393720
 22.380001 -1.122828 2.946829
 22.580001 -1.119710 2.508749
 22.780001 -1.410775 2.598301
 22.980001 -1.262467 2.688545
 23.180001 -1.160322 2.620415
 23.380001 -1.318044 2.859037
 23.580001 -1.369129 2.521086
 23.780001 -1.273731 2.848148
 23.980001 -1.156862 2.392428
 24.180001 -1.383682 2.721812
 24.380001 -1.127328 2.517807
 24.580001 -1.058729 2.611070
 24.780001 -1.246603 2.618791
 24.980001 -1.270102 2.703159
 25.180001 -1.172339 2.616002
 25.380001 -1.071521 2.370799
 25.580001 -1.433811 3.013267
 25.780001 -1.048370 2.244478
 25.980001 -1.212706 2.874264
 26.180001 -1.217237 2.543842
 26.380001 -1.235134 2.602805
 26.580001 -1.168077 2.640644
 26.780001 -1.204839 2.622770
 26.980001 -1.121694 2.639752
 27.180001 -1.162881 2.557854
 27.380001 -1.036322 2.704785
 27.580001 -1.221601 2.483217
 27.780001 -1.341361 2.790920
 27.980001 -1.079121 2.621576
 28.180001 -1.230977 2.584201
 28.380001 -1.333011 2.710005
 28.580001 -1.103744 2.482227
 28.780001 -1.186530 2.800381
 28.980001 -1.172492 2.476498
 29.180001 -1.366424 2.729336
 29.380001 -1.069012 2.660798
 29.580001 -1.225057 2.558646
 29.780001 -1.189339 2.542750
 29.980001 -1.178002 2.538164
 30.180001 -1.000552 2.695211
 30.380001 -1.274854 2.475166
 30.580001 -1.280925 2.714609
 30.780001 -1.146770 2.653046
 30.980001 -1.087591 2.750421
 31.180001 -1.344536 2.566555
 31.380001 -1.272331 2.492914
 31.580001 -1.177026 2.898734
 31.780002 -1.222950 2.592785
 31.980002 -1.367885 2.570400
 32.180002 -1.141633 2.647820
 32.380002 -1.069942 2.709289
 32.580002 -1.511774 2.524014
 32.780002 -1.367522 2.558280
 32.980002 -1.278264 2.902453
 33.180002 -1.118196 2.601678
 33.380002 -1.487334 2.605871
 33.580002 -1.180363 2.715983
 33.780002 -1.205791 2.625314
 33.980002 -1.288289 2.640484
 34.180002 -1.448871 2.681028
 34.380002 -1.185266 2.787584
 34.580002 -1.266911 2.578388
 34.780002 -1.327134 2.673919
 34.980002 -1.339285 2.717995
 35.180002 -1.279904 2.588683
 35.380002 -1.415770 2.696366
 35.580002 -1.281063 2.739239
 35.780002 -1.302810 2.657974
 35.980002 -1.235786 2.678438
 36.180002 -1.428474 2.794715
 36.380002 -1.169717 2.652850
 36.580002 -1.446707 2.663527
 36.780002 -1.276629 2.881087
 36.980002 -1.319606 2.681924
 37.180002 -1.281152 2.770794
 37.380002 -1.345556 2.636577
 37.580002 -1.260302 2.693862
 37.780002 -1.185629 2.689836
 37.980002 -1.373590 2.641044
 38.180002 -1.364253 2.693605
 38.380002 -1.351435 2.671791
 38.580002 -1.391612 2.918596
 38.780002 -1.443649 2.536003
 38.980002 -1.237895 2.767566
 39.180002 -1.227715 2.681177
 39.380002 -1.204739 2.675354
 39.580002 -1.272358 2.574767
 39.780002 -1.195497 2.739735
 39.980002 -1.133073 2.629012
 40.180002 -1.258495 2.597946
 40.380002 -1.399561 2.637355
 40.580002 -1.235605 2.739510
 40.780002 -1.244504 2.546788
 40.980002 -1.310431 2.728752
 41.180002 -1.206560 2.560502
 41.380002 -1.082528 2.666489
 41.580002 -1.239862 2.597678
 41.780002 -1.322452 2.723164
 41.980002 -1.162528 2.495440
 42.180002 -1.103197 2.839146
 42.380002 -1.293597 2.541408
 42.580002 -1.054671 2.573156
 42.780002 -1.214431 2.738209
 42.980002 -1.226431 2.565463
 43.180002 -1.525157 2.760570
 43.380002 -1.186753 2.525477
 43.580002 -1.510259 2.789135
 43.780002 -1.315764 2.543980
 43.980002 -1.290506 2.682928
 44.180002 -1.217605 2.799540
 44.380002 -1.422869 2.487130
 44.580002 -1.271338 2.861644
 44.780002 -1.166790 2.408622
 44.980002 -1.272845 2.889030
 45.180002 -1.370722 2.532288
 45.380002 -1.028644 2.691572
 45.580002 -1.365977 2.695594
 45.780002 -1.300445 2.573730
 45.980002 -1.308389 2.763966
 46.180002 -1.175799 2.458195
 46.380002 -1.423537 3.013402
 46.580002 -1.199842 2.328166
 46.780002 -1.273369 2.888330
 46.980002 -1.190962 2.597996
 47.180002 -1.255004 2.568053
 47.380002 -1.059797 2.734503
 47.580002 -1.166993 2.494160
 47.780002 -1.238332 2.868416
 47.980002 -1.224930 2.471667
 48.180002 -1.191248 2.987785
 48.380002 -1.600138 2.394656
 48.580002 -1.355245 2.766626
 48.780002 -1.455784 2.600674
 48.980002 -1.380995 2.731654
 49.180002 -1.506941 2.757865
 49.380002 -1.281180 2.516358
 49.580002 -1.327353 2.894464
 49.780002 -1.301285 2.423704
 49.980002 -1.175438 2.813291
 50.180002 -1.100651 2.498100
 50.380002 -1.168684 2.827886
 50.580002 -1.283052 2.655219
 50.780002 -1.238087 2.549930
 50.980002 -1.244306 2.903862
 51.180002 -1.526549 2.390176
 51.380002 -1.436835 2.930408
 51.580002 -1.286570 2.528984
 51.780002 -1.580938 2.882616
 51.980002 -1.248273 2.579368
 52.180002 -1.224389 2.609041
 52.380002 -1.140707 2.866464
 52.580002 -1.276806 2.377255
 52.780003 -1.007576 2.919706
 52.980003 -1.269938 2.390109
 53.180003 -1.325105 2.820295
 53.380003 -1.350694 2.457983
 53.580003 -1.245582 2.935902
 53.780003 -1.519042 2.569667
 53.980003 -1.197887 2.602777
 54.180003 -1.302711 2.940303
 54.380003 -1.369260 2.405807
 54.580003 -1.369849 2.855359
 54.780003 -1.095117 2.523279
 54.980003 -1.452767 2.841126
 55.180003 -1.318273 2.534781
 55.380003 -1.192578 2.757081
 55.580003 -1.403572 2.646736
 55.780003 -1.498934 2.557982
 55.980003 -1.190057 2.872374
 56.180003 -1.286792 2.526202
 56.380003 -1.320473 2.835564
 56.580003 -1.141839 2.484038
 56.780003 -1.254208 2.797711
 56.980003 -1.440725 2.509962
 57.180003 -1.314431 2.713086
 57.380003 -1.116039 2.729605
 57.580003 -1.425005 2.654160
 57.780003 -1.309423 2.681447
 57.980003 -1.182268 2.447190
 58.180003 -1.419689 2.991018
 58.380003 -1.313694 2.319608
 58.580003 -0.949290 2.877872
 58.780003 -1.477586 2.593830
 58.980003 -1.402151 2.510481
 59.180003 -1.149329 2.833219
 59.380003 -1.200670 2.579350
 59.580003 -1.356924 2.724513
 59.780003 -1.068558 2.334737
 59.980003 -1.271066 2.917745
 60.180003 -1.235656 2.439710
 60.380003 -1.166323 2.740224
 60.580003 -1.083380 2.690702
 60.780003 -1.338114 2.612516
 60.980003 -1.299436 2.583873
 61.180003 -1.089007 2.563127
 61.380003 -1.436635 2.934917
 61.580003 -1.500855 2.240828
 61.780003 -1.194345 2.887168
 61.980003 -1.151393 2.567523
 62.180003 -1.364275 2.482325
 62.380003 -1.137515 2.682512
 62.580003 -1.037901 2.528026
 62.780003 -0.997793 2.738496
 62.980003 -1.307089 2.325239
 63.180003 -0.941630 2.900817
 63.380003 -1.251188 2.389144
 63.580003 -1.217884 2.703572
 63.780003 -1.253201 2.586960
 63.980003 -1.105751 2.541432
 64.180003 -1.217231 2.823146
 64.380003 -1.056141 2.207320
 64.580003 -1.151730 -3.125115
 64.780003 -1.166916 2.177822
 64.980003 -1.366250 2.980509
 65.180003 -1.047396 2.451699
 65.380003 -1.246367 2.660686
 65.580003 -1.187898 2.763346
 65.780003 -1.273185 2.246379
 65.980003 -1.054566 3.127717
 66.180003 -1.312095 2.114993
 66.380003 -1.168172 2.950307
 66.580003 -1.155631 2.440944
 66.780003 -1.031278 2.628208
 66.980003 -1.586826 2.728907
 67.180003 -1.155902 2.367943
 67.380003 -1.302352 3.128047
 67.580003 -1.417112 2.230066
 67.780003 -1.242266 2.922102
 67.980003 -1.039889 2.292611
 68.180003 -1.158161 2.875828
 68.380003 -1.353844 2.532189
 68.580003 -1.206494 2.678830
 68.780003 -1.392181 2.902709
 68.980003 -1.474761 2.315193
 69.180003 -1.482233 3.014321
 69.380003 -1.217636 2.402898
 69.580003 -1.487437 2.826969
 69.780003 -1.302989 2.537324
 69.980003 -1.232819 2.739590
 70.180003 -1.425443 2.645241
 70.380003 -1.412984 2.694966
 70.580003 -1.061660 2.794817
 70.780003 -1.350636 2.428715
 70.980003 -1.494232 2.815936
 71.180003 -1.073618 2.563766
 71.380003 -1.316886 2.736976
 71.580003 -1.446407 2.551341
 71.780003 -1.356522 2.658604
 71.980003 -1.217755 2.811605
 72.180003 -1.495124 2.458044
 72.380003 -1.350891 2.711122
 72.580003 -1.078007 2.573886
 72.780003 -1.261887 2.710056
 72.980003 -1.224480 2.473681
 73.180003 -1.039273 2.682145
 73.380003 -1.146459 2.561141
 73.580003 -1.209875 2.600018
 73.780004 -1.119281 2.676030
 73.980004 -1.058710 2.611793
 74.180004 -1.251870 2.622612
 74.380004 -1.187822 2.547988
 74.580004 -1.008968 2.717619
 74.780004 -1.343887 2.566328
 74.980004 -1.273883 2.676791
 75.180004 -1.133079 2.615544
 75.380004 -1.133248 2.676487
 75.580004 -1.266953 2.513268
 75.780004 -1.043981 2.606952
 75.980004 -1.189030 2.618949
 76.180004 -1.201858 2.704539
 76.380004 -1.182903 2.635411
 76.580004 -1.152405 2.619336
 76.780004 -1.201506 2.661153
 76.980004 -1.278035 2.537894
 77.180004 -1.347095 2.718468
 77.380004 -1.249905 2.575191
 77.580004 -1.287494 2.763563
 77.780004 -1.250902 2.489317
 77.980004 -1.224527 2.789170
 78.180004 -1.081222 2.497244
 78.380004 -1.257136 2.645138
 78.580004 -0.986420 2.570297
 78.780004 -1.077557 2.606341
 78.980004 -1.269744 2.628819
 79.180004 -1.240832 2.444402
 79.380004 -1.179039 2.937405
 79.580004 -1.188919 2.469694
 79.780004 -1.222393 2.671150
 79.980004 -1.098212 2.551503
 80.180004 -1.204679 2.699151
 80.380004 -1.387805 2.593099
 80.580004 -1.224335 2.486278
 80.780004 -1.210588 3.002439
 80.980004 -1.291152 2.504174
 81.180004 -1.237676 2.686993
 81.380004 -1.120554 2.650953
 81.580004 -1.279020 2.584590
 81.780004 -1.239060 2.759134
 81.980004 -1.298956 2.610453
 82.180004 -1.283508 2.739531
 82.380004 -1.430737 2.461067
 82.580004 -1.378126 2.856095
 82.780004 -1.374254 2.593282
 82.980004 -1.326189 2.744323
 83.180004 -1.267903 2.800252
 83.380004 -1.274882 2.520738
 83.580004 -1.382223 2.854570
 83.780004 -1.201407 2.565851
 83.980004 -1.306666 2.809386
 84.180004 -1.208365 2.532830
 84.380004 -1.359515 2.809614
 84.580004 -1.197025 2.586321
 84.780004 -1.291234 2.593751
 84.980004 -1.394846 2.948270
 85.180004 -1.275052 2.402639
 85.380004 -1.312671 3.014437
 85.580004 -1.307460 2.489091
 85.780004 -1.271117 2.661340
 85.980004 -1.274805 2.737637
 86.180004 -1.229172 2.536216
 86.380004 -1.259240 2.868747
 86.580004 -1.188140 2.334548
 86.780004 -1.162622 -3.128834
 86.980004 -1.198804 2.302591
 87.180004 -1.083582 2.735914
 87.380004 -1.164552 2.630425
 87.580004 -1.162601 2.513025
 87.780004 -1.175488 2.793481
 87.980004 -1.217778 2.429081
 88.180004 -1.327619 2.933482
 88.380004 -1.341879 2.268001
 88.580004 -1.173310 2.834393
 88.780004 -1.355754 2.610624
 88.980004 -1.210435 2.691499
 89.180004 -1.356217 2.749454
 89.380004 -1.280863 2.537674
 89.580004 -1.168056 2.888268
 89.780004 -1.246996 2.471374
 89.980004 -1.194450 2.866749
 90.180004 -1.027619 2.463109
 90.380004 -1.203113 2.828865
 90.580004 -1.201932 2.473446
 90.780004 -1.262290 2.726273
 90.980004 -1.148037 2.686035
 91.180004 -1.434723 2.594452
 91.380004 -1.248140 2.707917
 91.580004 -1.267761 2.711547
 91.780004 -1.236771 2.779981
 91.980004 -1.427451 2.451096
 92.180004 -1.210542 2.646836
 92.380004 -1.101188 2.693108
 92.580004 -1.281290 2.587312
 92.780004 -1.318213 2.671443
 92.980004 -1.075719 2.569352
 93.180004 -1.297929 2.821672
 93.380004 -1.243106 2.332378
 93.580004 -0.939740 2.875125
 93.780004 -1.138729 2.337556
 93.980004 -1.376400 2.768141
 94.180004 -1.018667 2.641256
 94.380004 -1.390408 2.707715
 94.580004 -1.318475 2.515558
 94.780005 -1.518305 2.621344
 94.980005 -1.188972 2.861459
 95.180005 -1.513207 2.391929
 95.380005 -1.230499 2.829577
 95.580005 -1.181096 2.572632
 95.780005 -1.228837 2.724958
 95.980005 -1.212558 2.444932
 96.180005 -1.193640 2.769233
 96.380005 -1.277891 2.644085
 96.580005 -1.241776 2.439970
 96.780005 -1.254826 2.926991
 96.980005 -1.077090 2.318155
 97.180005 -1.420175 2.861389
 97.380005 -1.233142 2.466569
 97.580005 -1.334937 2.783990
 97.780005 -1.286942 2.639724
 97.980005 -1.390531 2.509988
 98.180005 -1.145005 2.882681
 98.380005 -1.360179 2.410494
 98.580005 -1.176630 2.920129
 98.780005 -1.200518 2.449085
 98.980005 -1.175992 2.808366
 99.180005 -1.379222 2.601542
 99.380005 -1.139447 2.704855
 99.580005 -1.301972 2.700508
 99.780005 -1.370479 2.562530
 99.980005 -1.153019 2.777494
 100.180005 -1.267394 2.567335
 100.380005 -1.208005 2.661765
 100.580005 -1.391577 2.492873
 100.780005 -1.106870 2.807455
 100.980005 -1.248970 2.480580
 101.180005 -1.333376 2.704870
 101.380005 -1.214067 2.666363
 101.580005 -1.029586 2.530329
 101.780005 -1.369400 2.887378
 101.980005 -1.324365 2.549651
 102.180005 -1.348882 2.738777
 102.380005 -1.236851 2.653595
 102.580005 -1.494239 2.689805
 102.780005 -1.322190 2.599294
 102.980005 -1.346004 2.681351
 103.180005 -1.265364 2.659449
 103.380005 -1.261565 2.662878
 103.580005 -0.963842 2.499718
 103.780005 -1.075514 2.673135
 103.980005 -1.097530 2.655953
 104.180005 -1.204112 2.637425
 104.380005 -1.112147 2.614302
 104.580005 -1.143332 2.670167
 104.780005 -1.256875 2.614746
 104.980005 -1.320979 2.656329
 105.180005 -1.269983 2.616296
 105.380005 -1.274525 2.734985
 105.580005 -1.362623 2.603002
 105.780005 -1.405459 2.588377
 105.980005 -1.286294 2.760321
 106.180005 -1.250959 2.661135
 106.380005 -1.515565 2.522017
 106.580005 -1.242950 2.586897
 106.780005 -1.155382 2.686838
 106.980005 -1.142862 2.629493
 107.180005 -1.331801 2.653600
 107.380005 -1.200075 2.759537
 107.580005 -1.113664 2.483073
 107.780005 -1.334596 2.755531
 107.980005 -1.203079 2.571850
 108.180005 -1.186937 2.710095
 108.380005 -1.373303 2.563428
 108.580005 -1.179412 2.685144
 108.780005 -1.361442 2.687277
 108.980005 -1.305111 2.596091
 109.180005 -1.285368 2.763686
 109.380005 -1.005894 2.486479
 109.580005 -1.351840 2.812849
 109.780005 -1.160517 2.563750
 109.980005 -1.175487 2.698702
 110.180005 -1.120184 2.656405
 110.380005 -1.332905 2.528228
 110.580005 -1.159087 2.726022
 110.780005 -1.257608 2.521364
 110.980005 -1.525572 2.827364
 111.180005 -1.310345 2.508694
 111.380005 -1.435027 2.929481
 111.580005 -1.315035 2.510594
 111.780005 -1.335941 2.556725
 111.980005 -1.159350 2.718156
 112.180005 -1.232943 2.492363
 112.380005 -1.438179 2.750080
 112.580005 -1.128963 2.583810
 112.780005 -1.322939 2.960652
 112.980005 -1.313023 2.450541
 113.180005 -1.456915 2.751827
 113.380005 -1.244368 2.788365
 113.580005 -1.362499 2.674714
 113.780005 -1.576533 2.834992
 113.980005 -1.446650 2.590090
 114.180005 -1.301078 2.943028
 114.380005 -1.479692 2.412553
 114.580005 -1.291418 2.915259
 114.780005 -1.157062 2.673013
 114.980005 -1.446490 2.555215
 115.180005 -1.421749 2.844967
 115.380005 -1.173104 2.509032
 115.580005 -1.295446 2.781642
 115.780005 -1.473553 2.428041
 115.980006 -1.185898 2.971588
 116.180006 -1.258989 2.502616
 116.380006 -1.649941 2.667618
 116.580006 -1.360760 2.797620
 116.780006 -1.122977 2.537874
 116.980006 -1.669954 2.871978
 117.180006 -1.449602 2.328538
 117.380006 -1.065128 2.956459
 117.580006 -1.353045 2.557779
 117.780006 -1.521304 2.684749
 117.980006 -0.991566 2.833046
 118.180006 -1.273645 2.325330
 118.380006 -1.437965 2.775735
 118.580006 -1.132384 2.378106
 118.780006 -1.248829 3.041422
 118.980006 -1.617008 2.370902
 119.180006 -1.335148 2.653345
 119.380006 -1.263318 2.887204
 119.580006 -1.286473 2.376166
 119.780006 -1.450938 2.803678
 119.980006 -1.011166 2.542221
 120.180006 -1.142437 2.896568
 120.380006 -1.412243 2.300013
 120.580006 -1.228206 2.775356
 120.780006 -1.108853 2.746851
 120.980006 -1.405376 2.616006
 121.180006 -1.368914 2.574734
 121.380006 -1.158709 2.512156
 121.580006 -1.434213 3.015204
 121.780006 -1.459727 2.249247
 121.980006 -1.153608 2.769069
 122.180006 -1.079993 2.727070
 122.380006 -1.124961 2.474683
 122.580006 -1.281080 2.565524
 122.780006 -1.123351 2.720871
 122.980006 -1.134177 2.737056
 123.180006 -1.246341 2.306641
 123.380006 -1.333932 3.038375
 123.580006 -1.094173 2.245075
 123.780006 -1.284760 2.719945
 123.980006 -1.308455 2.653699
 124.180006 -1.202592 2.712072
 124.380006 -1.115601 2.742397
 124.580006 -1.211326 2.427044
 124.780006 -1.118926 2.899311
 124.980006 -1.271281 2.449509
 125.180006 -1.154402 2.757092
 125.380006 -1.168006 2.537071
 125.580006 -1.105931 2.884739
 125.780006 -1.320122 2.573687
 125.980006 -1.329352 2.642598
 126.180006 -1.275144 2.933628
 126.380006 -1.207709 2.437138
 126.580006 -1.406649 2.774444
 126.780006 -1.218763 2.493824
 126.980006 -1.193563 2.909614
 127.180006 -1.253131 2.478736
 127.380006 -1.420482 2.865933
 127.580006 -1.311237 2.717230
 127.780006 -1.405663 2.628268
 127.980006 -1.501637 2.920450
 128.180006 -1.395824 2.350949
 128.380006 -1.413030 2.971762
 128.580006 -1.431765 2.482851
 128.780006 -1.434031 2.941276
 128.980006 -1.224548 2.674708
 129.180006 -1.410844 2.720833
 129.380006 -1.282917 2.823087
 129.580006 -1.271263 2.579833
 129.780006 -1.249638 2.919692
 129.980006 -1.404523 2.448289
 130.180006 -1.247010 3.062593
 130.380006 -1.377583 2.432243
 130.580006 -1.271460 2.875171
 130.780006 -1.490745 2.740016
 130.980006 -1.234113 2.757035
 131.180006 -1.473180 2.740295
 131.380006 -1.424743 2.630620
 131.580006 -1.327078 2.882936
 131.780006 -1.411544 2.573650
 131.980006 -1.304101 2.888932
 132.180006 -1.219523 2.621922
 132.380006 -1.433779 2.755917
 132.580006 -1.236495 2.678347
 132.780006 -1.217081 2.767069
 132.980006 -1.225688 2.642453
 133.180006 -1.451669 2.699774
 133.380006 -1.293758 2.648623
 133.580006 -1.352958 2.618483
 133.780006 -1.477842 2.713121
 133.980006 -1.282859 2.690097
 134.180006 -1.319942 2.779570
 134.380006 -1.363889 2.607281
 134.580006 -1.276248 2.666907
 134.780006 -0.969909 2.525985
 134.980006 -1.313876 2.648406
 135.180006 -1.110544 2.600444
 135.380006 -1.167549 2.586199
 135.580006 -1.336355 2.890190
 135.780006 -1.396431 2.490573
 135.980006 -1.111955 2.740967
 136.180006 -1.467386 2.602644
 136.380006 -1.319704 2.461840
 136.580006 -1.235027 2.773759
 136.780006 -1.197211 2.613083
 136.980007 -1.398637 2.720738
 137.180007 -1.236469 2.436670
 137.380007 -1.090316 2.795872
 137.580007 -1.190350 2.693050
 137.780007 -1.241943 2.520447
 137.980007 -1.090515 2.752605
 138.180007 -1.214832 2.539491
 138.380007 -1.005156 2.805711
 138.580007 -1.218890 2.429818
 138.780007 -1.197407 2.700365
 138.980007 -1.334761 2.602319
 139.180007 -1.150235 2.688600
 139.380007 -1.339070 2.569868
 139.580007 -1.097313 2.583228
 139.780007 -1.166486 2.812390
 139.980007 -1.143362 2.431055
 140.180007 -1.415382 2.640036
 140.380007 -1.072265 2.702742
 140.580007 -1.377876 2.610827
 140.780007 -1.236586 2.707456
 140.980007 -1.198812 2.684177
 141.180007 -1.293321 2.796076
 141.380007 -1.254503 2.523025
 141.580007 -1.298874 2.847690
 141.780007 -1.085957 2.456975
 141.980007 -1.189855 2.585754
 142.180007 -1.183004 2.786542
 142.380007 -1.169383 2.414938
 142.580007 -1.334393 2.753797
 142.780007 -1.216026 2.450273
 142.980007 -1.145077 2.922617
 143.180007 -1.346172 2.306270
 143.380007 -1.192866 2.831279
 143.580007 -1.255373 2.601786
 143.780007 -1.182794 2.470798
 143.980007 -1.341887 2.947171
 144.180007 -1.055336 2.372710
 144.380007 -1.418232 2.947609
 144.580007 -1.129555 2.215843
 144.780007 -1.308980 3.070389
 144.980007 -1.202359 2.348066
 145.180007 -1.367998 2.732348
 145.380007 -1.045613 2.800421
 145.580007 -1.326121 2.501396
 145.780007 -1.046424 2.815417
 145.980007 -1.260638 2.377745
 146.180007 -1.096426 2.907645
 146.380007 -1.321671 2.377029
 146.580007 -1.147689 2.720981
 146.780007 -1.371733 2.594270
 146.980007 -0.951488 2.625082
 147.180007 -1.275723 2.678502
 147.380007 -1.132537 2.484029
 147.580007 -1.208762 2.960286
 147.780007 -1.153596 2.330067
 147.980007 -1.345148 2.899304
 148.180007 -1.194373 2.403040
 148.380007 -1.060863 2.686837
 148.580007 -1.317314 2.723870
 148.780007 -1.093393 2.352280
 148.980007 -1.140311 3.032837
 149.180007 -1.345970 2.335503
 149.380007 -1.366135 2.665946
 149.580007 -1.142556 2.537346
 149.780007 -1.373366 2.832131
 149.980007 -1.143887 2.523086
 150.180007 -1.094155 2.603449
 150.380007 -1.010839 2.742905
 150.580007 -1.335431 2.358311
 150.780007 -1.175801 2.870062
 150.980007 -1.285376 2.531119
 151.180007 -1.233423 2.788835
 151.380007 -1.411963 2.595357
 151.580007 -1.130237 2.605414
 151.780007 -1.497199 2.824780
 151.980007 -1.390094 2.328220
 152.180007 -1.333559 3.042354
 152.380007 -1.249584 2.575037
 152.580007 -1.333140 2.746839
 152.780007 -1.195311 2.615751
 152.980007 -1.171284 2.623432
 153.180007 -1.476471 2.917688
 153.380007 -1.333921 2.398291
 153.580007 -1.259881 3.023762
 153.780007 -1.311790 2.578628
 153.980007 -1.440421 2.703335
 154.180007 -1.257232 2.684974
 154.380007 -1.343154 2.688077
 154.580007 -1.342843 2.734238
 154.780007 -1.344787 2.596726
 154.980007 -1.241527 2.908367
 155.180007 -1.438055 2.605686
 155.380007 -1.197359 2.591407
 155.580007 -1.222023 2.754197
 155.780007 -1.157758 2.582907
 155.980007 -1.369440 2.656316
 156.180007 -1.024842 2.729648
 156.380007 -1.496862 2.699663
 156.580007 -1.397768 2.442075
 156.780007 -1.097185 2.809136
 156.980007 -1.257290 2.838598
 157.180007 -1.319578 2.381361
 157.380007 -1.047111 2.702771
 157.580007 -1.232166 2.637573
 157.780007 -1.234019 2.536567
 157.980008 -1.285199 2.688299
 158.180008 -1.166883 2.724453
 158.380008 -1.386134 2.664247
 158.580008 -1.267264 2.484193
 158.780008 -1.127198 2.875715
 158.980008 -1.135555 2.506347
 159.180008 -1.261799 2.542460
 159.380008 -1.102625 2.695672
 159.580008 -1.177816 2.477681
 159.780008 -1.254060 2.696000
 159.980008 -1.204317 2.565511
 160.180008 -1.080840 2.859270
 160.380008 -1.375558 2.400662
 160.580008 -1.242021 2.671109
 160.780008 -1.236545 2.633566
 160.980008 -1.172417 2.653518
 161.180008 -1.307631 2.715626
 161.380008 -1.028052 2.637531
 161.580008 -1.306635 2.655966
 161.780008 -1.207592 2.521203
 161.980008 -1.233029 2.707666
 162.180008 -1.227021 2.646197
 162.380008 -1.318491 2.623366
 162.580008 -1.255812 2.636749
 162.780008 -1.388457 2.796639
 162.980008 -1.195603 2.497228
 163.180008 -1.167132 2.705792
 163.380008 -1.119485 2.568412
 163.580008 -1.231732 2.756513
 163.780008 -1.177856 2.539865
 163.980008 -1.330699 2.739039
 164.180008 -1.357984 2.657439
 164.380008 -1.335822 2.649795
 164.580008 -1.297704 2.743576
 164.780008 -1.175013 2.560752
 164.980008 -1.202132 2.662194
 165.180008 -1.242639 2.559253
 165.380008 -1.317136 2.775310
 165.580008 -1.312016 2.492940
 165.780008 -1.343625 2.796431
 165.980008 -1.212507 2.568914
 166.180008 -1.216387 2.714711
 166.380008 -1.343193 2.759332
 166.580008 -1.254630 2.545603
 166.780008 -1.485110 2.832547
 166.980008 -1.225376 2.539511
 167.180008 -1.251875 2.699069
 167.380008 -1.347927 2.510898
 167.580008 -1.232603 2.822459
 167.780008 -1.315844 2.668930
 167.980008 -1.290057 2.528432
 168.180008 -1.398092 2.884977
 168.380008 -1.060294 2.510920
 168.580008 -1.309550 2.819556
 168.780008 -1.193515 2.669298
 168.980008 -1.264683 2.544607
 169.180008 -1.138809 2.881028
 169.380008 -1.489082 2.383541
 169.580008 -1.288714 2.880248
 169.780008 -1.314984 2.448363
 169.980008 -1.472816 2.816165
 170.180008 -1.325374 2.656844
 170.380008 -1.214555 2.593995
 170.580008 -1.346071 2.822315
 170.780008 -1.216854 2.405974
 170.980008 -1.252032 2.949702
 171.180008 -1.202073 2.439002
 171.380008 -1.416554 2.832575
 171.580008 -1.153618 2.653391
 171.780008 -1.242957 2.703827
 171.980008 -1.090785 2.630021
 172.180008 -1.435063 2.436839
 172.380008 -1.137472 2.939406
 172.580008 -1.411897 2.484762
 172.780008 -1.316029 2.809801
 172.980008 -1.260755 2.540588
 173.180008 -1.307325 2.704948
 173.380008 -1.298828 2.530012
 173.580008 -1.263423 2.574187
 173.780008 -1.020417 2.780160
 173.980008 -1.332287 2.489497
 174.180008 -1.301982 2.822245
 174.380008 -0.991250 2.553228
 174.580008 -1.291203 2.786581
 174.780008 -1.398917 2.432391
 174.980008 -1.243560 2.845994
 175.180008 -1.383982 2.563275
 175.380008 -1.399116 2.585877
 175.580008 -1.202098 2.664400
 175.780008 -1.120598 2.665580
 175.980008 -1.465275 2.624193
 176.180008 -1.150043 2.413031
 176.380008 -1.070096 2.937237
 176.580008 -1.261145 2.465117
 176.780008 -1.482624 2.803556
 176.980008 -1.020515 2.558915
 177.180008 -1.470193 2.698461
 177.380008 -1.132551 2.516589
 177.580008 -1.258608 2.586840
 177.780008 -1.104028 2.708422
 177.980008 -1.431495 2.577975
 178.180008 -1.124446 2.713247
 178.380008 -1.274789 2.687743
 178.580008 -1.359386 2.503764
 178.780008 -1.197786 2.669601
 178.980009 -1.159069 2.608994
 179.180009 -1.256496 2.729592
 179.380009 -1.275949 2.549651
 179.580009 -1.198271 2.901273
 179.780009 -1.328279 2.609683
 179.980009 -1.296535 2.598623
 180.180009 -1.160341 2.583818
 180.380009 -1.114440 2.674750
 180.580009 -1.272458 2.470857
 180.780009 -1.086347 2.685971
 180.980009 -1.072854 2.650629
 181.180009 -1.200076 2.597840
 181.380009 -1.087009 2.684736
 181.580009 -1.002620 2.589569
 181.780009 -1.036122 2.602960
 181.980009 -1.311320 2.467510
 182.180009 -1.238009 2.939691
 182.380009 -1.350666 2.547071
 182.580009 -1.430798 2.620975
 182.780009 -1.251157 2.720169
 182.980009 -1.192470 2.536594
 183.180009 -1.109100 2.670272
 183.380009 -1.205615 2.592024
 183.580009 -1.127661 2.729815
 183.780009 -1.109527 2.477439
 183.980009 -1.299072 2.659546
 184.180009 -1.093834 2.670040
 184.380009 -1.166059 2.590761
 184.580009 -1.244908 2.699989
 184.780009 -1.189027 2.636769
 184.980009 -1.353930 2.631740
 185.180009 -1.206776 2.622854
 185.380009 -1.347443 2.681917
 185.580009 -1.124950 2.561866
 185.780009 -1.322301 2.758975
 185.980009 -1.170974 2.595470
 186.180009 -1.388530 2.666850
 186.380009 -1.186936 2.647113
 186.580009 -1.098408 2.681104
 186.780009 -1.498056 2.623255
 186.980009 -1.312621 2.578103
 187.180009 -0.944075 2.721202
 187.380009 -1.445061 2.692222
 187.580009 -1.599279 2.565082
 187.780009 -1.333626 2.822394
 187.980009 -1.235500 2.850431
 188.180009 -1.581919 2.670342
 188.380009 -1.326515 2.582711
 188.580009 -1.215678 2.873347
 188.780009 -1.322002 2.565069
 188.980009 -1.529590 2.845922
 189.180009 -1.264024 2.615336
 189.380009 -1.208891 2.908176
 189.580009 -1.380318 2.597305
 189.780009 -1.547954 2.761119
 189.980009 -1.287945 2.719705
 190.180009 -1.236438 2.723318
 190.380009 -1.398241 2.768598
 190.580009 -1.438122 2.578348
 190.780009 -1.205639 2.922378
 190.980009 -1.281892 2.635869
 191.180009 -1.421461 2.626570
 191.380009 -1.200152 2.685869
 191.580009 -1.177111 2.677062
 191.780009 -1.406754 2.694977
 191.980009 -1.318966 2.605367
 192.180009 -1.130511 2.955176
 192.380009 -1.499386 2.546045
 192.580009 -1.387307 2.756603
 192.780009 -1.249947 2.635344
 192.980009 -1.217806 2.678409
 193.180009 -1.546098 2.747634
 193.380009 -1.119019 2.636908
 193.580009 -1.372768 2.876887
 193.780009 -1.454448 2.528027
 193.980009 -1.390696 2.765115
 194.180009 -1.156866 2.694937
 194.380009 -1.400125 2.610374
 194.580009 -1.224201 2.669472
 194.780009 -1.060214 2.595640
 194.980009 -1.514966 2.896714
 195.180009 -1.401242 2.458585
 195.380009 -1.221381 2.892850
 195.580009 -1.151458 2.647482
 195.780009 -1.466877 2.552913
 195.980009 -1.274357 2.615480
 196.180009 -1.145422 2.695430
 196.380009 -1.172324 2.693729
 196.580009 -1.529658 2.369017
 196.780009 -1.281480 2.734019
 196.980009 -1.053691 2.696119
 197.180009 -1.558189 2.635135
 197.380009 -1.291467 2.616088
 197.580009 -1.038833 2.653960
 197.780009 -1.081980 2.773419
 197.980009 -1.445950 2.315249
 198.180009 -1.190865 2.765384
 198.380009 -1.072754 2.564504
 198.580009 -1.290169 2.747551
 198.780009 -1.458192 2.593627
 198.980009 -1.301565 2.740799
 199.180009 -1.159873 2.742347
 199.380009 -1.403379 2.525936
 199.580009 -1.349659 2.735921
 199.780009 -1.144563 2.548781
 199.980009 -1.340747 2.741984
