#! FIELDS time phi psi
#! SET max_psi pi
 0.180000 -1.468815 2.599877
 0.380000 -1.878148 1.511077
 0.580000 -1.539529 1.721348
 0.780000 -1.942107 2.034563
 0.980000 -1.613290 1.323632
 1.180000 -1.622002 2.362284
 1.380000 -1.612759 1.180193
 1.580000 -1.685348 1.999672
 1.780000 -1.565894 1.846124
 1.980000 -1.776287 1.380078
 2.180000 -1.479802 2.197018
 2.380000 -1.679904 1.169817
 2.580000 -1.913483 2.209990
 2.780000 -1.645336 1.526042
 2.980000 -1.900893 1.845198
 3.180000 -1.566085 1.914438
 3.380000 -1.533346 1.597051
 3.580000 -2.031938 1.886904
 3.780000 -1.440186 1.704904
 3.980000 -2.124330 1.905025
 4.180000 -1.563773 1.712954
 4.380000 -1.538515 1.821211
 4.580000 -2.077350 1.775238
 4.780000 -1.574686 1.729932
 4.980000 -2.141456 1.879799
 5.180000 -1.626254 1.480417
 5.380000 -1.597717 1.868697
 5.580000 -1.998289 1.880478
 5.780000 -1.515552 1.397520
 5.980000 -1.630925 2.248199
 6.180000 -1.628729 1.069400
 6.380000 -1.520391 2.206271
 6.580000 -1.648198 1.684322
 6.780000 -1.470355 1.558627
 6.980000 -1.684176 2.037890
 7.180000 -1.600580 1.365558
 7.380000 -1.804706 2.102389
 7.580000 -1.828579 1.709332
 7.780000 -1.850679 1.565446
 7.980000 -1.635241 2.023783
 8.180000 -1.638153 1.256018
 8.380000 -1.934813 2.312229
 8.580000 -1.576347 1.698666
 8.780000 -1.848313 1.667775
 8.980000 -1.527289 1.935923
 9.180000 -1.541991 1.464675
 9.380000 -2.008488 2.226987
 9.580000 -1.710945 1.689465
 9.780000 -1.731895 1.700791
 9.980000 -1.828760 1.810476
 10.180000 -1.391242 1.573835
 10.380000 -2.023259 2.053327
 10.580001 -1.520066 1.425489
 10.780001 -1.654743 1.944258
 10.980001 -1.554033 1.686696
 11.180001 -1.574198 1.534010
 11.380001 -1.505881 1.926281
 11.580001 -1.674378 1.422754
 11.780001 -1.598597 1.889423
 11.980001 -1.516873 1.834563
 12.180001 -1.520665 1.415708
 12.380001 -1.677407 2.095863
 12.580001 -1.788110 1.581837
 12.780001 -1.690811 1.875502
 12.980001 -1.691068 1.694770
 13.180001 -1.591930 1.570882
 13.380001 -1.857011 1.852479
 13.580001 -1.611887 1.604136
 13.780001 -1.828458 1.704276
 13.980001 -1.660445 1.981718
 14.180001 -1.587968 1.386018
 14.380001 -1.844829 2.052430
 14.580001 -1.543912 1.530305
 14.780001 -1.694216 1.917459
 14.980001 -1.721812 1.630375
 15.180001 -1.457523 1.737317
 15.380001 -1.838125 1.861609
 15.580001 -1.810148 1.587846
 15.780001 -1.628176 1.835245
 15.980001 -1.919062 1.579519
 16.180001 -1.349036 1.608302
 16.380001 -1.908100 1.912286
 16.580001 -1.723473 1.656706
 16.780001 -1.651252 1.743030
 16.980001 -1.509251 1.775056
 17.180001 -1.618319 1.451606
 17.380001 -1.626870 2.051483
 17.580001 -1.764710 1.509333
 17.780001 -1.656806 1.729478
 17.980001 -1.527010 1.788062
 18.180001 -1.848315 1.374358
 18.380001 -1.600886 2.073854
 18.580001 -1.847272 1.454294
 18.780001 -1.679307 1.777499
 18.980001 -1.768280 1.873895
 19.180001 -1.673188 1.407422
 19.380001 -1.568704 2.198245
 19.580001 -1.674877 1.485929
 19.780001 -1.850275 1.666160
 19.980001 -1.487055 1.869513
 20.180001 -1.854066 1.342591
 20.380001 -1.794612 2.005868
 20.580001 -1.626610 1.603506
 20.780001 -1.809263 1.776124
 20.980001 -1.710901 1.980349
 21.180001 -1.572570 1.482942
 21.380001 -1.937721 1.928423
 21.580001 -1.521726 1.592546
 21.780001 -1.793852 1.640295
 21.980001 -1.763530 1.787154
 22.180001 -1.522075 1.519841
 22.380001 -1.930910 2.081082
 22.580001 -1.604095 1.577979
 22.780001 -1.681089 1.725062
 22.980001 -1.560307 1.639159
 23.180001 -1.667392 1.584789
 23.380001 -1.681429 1.763686
 23.580001 -1.585844 1.627497
 23.780001 -1.520273 1.602044
 23.980001 -1.579803 1.697793
 24.180001 -1.587624 1.659480
 24.380001 -1.651282 1.728129
 24.580001 -1.500848 1.689315
 24.780001 -1.611348 1.617863
 24.980001 -1.543465 1.775096
 25.180001 -1.661367 1.604327
 25.380001 -1.669299 1.687813
 25.580001 -1.650463 1.663476
 25.780001 -1.578051 1.564046
 25.980001 -1.731079 1.781930
 26.180001 -1.625134 1.569775
 26.380001 -1.834171 1.886674
 26.580001 -1.536336 1.518629
 26.780001 -1.751739 1.698324
 26.980001 -1.662195 1.728447
 27.180001 -1.819083 1.599149
 27.380001 -1.805867 1.873519
 27.580001 -1.732791 1.550453
 27.780001 -1.782571 1.749295
 27.980001 -1.698765 1.687767
 28.180001 -1.726870 1.707292
 28.380001 -1.675599 1.751823
 28.580001 -1.764253 1.695307
 28.780001 -1.626279 1.681629
 28.980001 -1.910530 1.804875
 29.180001 -1.677702 1.614991
 29.380001 -1.725702 1.894493
 29.580001 -1.557723 1.631415
 29.780001 -1.647924 1.742493
 29.980001 -1.589775 1.649295
 30.180001 -1.620624 1.663289
 30.380001 -1.654577 1.864503
 30.580001 -1.747603 1.664116
 30.780001 -1.697614 1.750432
 30.980001 -1.651377 1.753749
 31.180001 -1.737102 1.657089
 31.380001 -1.501145 1.748079
 31.580001 -1.852421 1.744181
 31.780002 -1.627613 1.609769
 31.980002 -1.717253 1.828327
 32.180002 -1.736143 1.524244
 32.380002 -1.670948 1.788924
 32.580002 -1.798996 1.755008
 32.780002 -1.631310 1.634001
 32.980002 -1.584308 1.785940
 33.180002 -1.568784 1.679727
 33.380002 -1.481256 1.634687
 33.580002 -1.764409 1.790419
 33.780002 -1.600998 1.529543
 33.980002 -1.739534 1.900555
 34.180002 -1.724873 1.467533
 34.380002 -1.749592 1.718664
 34.580002 -1.818516 1.785452
 34.780002 -1.840385 1.624268
 34.980002 -1.707774 1.830905
 35.180002 -1.796888 1.610112
 35.380002 -1.650585 1.668539
 35.580002 -1.689207 1.805141
 35.780002 -1.772312 1.530829
 35.980002 -1.559324 1.816222
 36.180002 -1.751088 1.656895
 36.380002 -1.720325 1.659721
 36.580002 -1.625510 1.864058
 36.780002 -1.678903 1.642984
 36.980002 -1.589649 1.722659
 37.180002 -1.514219 1.821042
 37.380002 -1.687960 1.608508
 37.580002 -1.625322 1.894074
 37.780002 -1.809909 1.659260
 37.980002 -1.653788 1.714778
 38.180002 -1.674471 1.688469
 38.380002 -1.738253 1.633011
 38.580002 -1.531812 1.850991
 38.780002 -1.660115 1.646682
 38.980002 -1.532704 1.684736
 39.180002 -1.523845 1.847329
 39.380002 -1.696692 1.543318
 39.580002 -1.453846 1.801473
 39.780002 -1.752581 1.721136
 39.980002 -1.720667 1.577618
 40.180002 -1.653522 1.865099
 40.380002 -1.857205 1.562847
 40.580002 -1.683646 1.635767
 40.780002 -1.578594 1.940625
 40.980002 -1.716731 1.501565
 41.180002 -1.575083 1.921493
 41.380002 -1.583301 1.677039
 41.580002 -1.636150 1.639390
 41.780002 -1.447492 1.987889
 41.980002 -1.652053 1.434544
 42.180002 -1.538779 2.063304
 42.380002 -1.711629 1.619642
 42.580002 -1.582231 1.545395
 42.780002 -1.864019 2.018539
 42.980002 -1.659198 1.400883
 43.180002 -1.782790 1.949102
 43.380002 -1.598005 1.594623
 43.580002 -1.893085 1.553535
 43.780002 -1.535425 2.026655
 43.980002 -1.519625 1.284291
 44.180002 -1.576322 1.890559
 44.380002 -1.386381 1.691866
 44.580002 -1.811695 1.730933
 44.780002 -1.678880 1.808486
 44.980002 -1.575318 1.654358
 45.180002 -2.118390 1.930052
 45.380002 -1.722511 1.568299
 45.580002 -1.766434 1.822845
 45.780002 -2.003417 1.702103
 45.980002 -1.498889 1.625656
 46.180002 -1.888180 1.928071
 46.380002 -1.557364 1.632912
 46.580002 -1.682542 1.939589
 46.780002 -1.635689 1.725077
 46.980002 -1.510543 1.647686
 47.180002 -1.580525 1.943731
 47.380002 -1.722200 1.457189
 47.580002 -1.679280 2.035474
 47.780002 -1.795818 1.725218
 47.980002 -1.563512 1.569864
 48.180002 -1.706689 1.980360
 48.380002 -1.540724 1.400990
 48.580002 -1.665836 2.022608
 48.780002 -1.475270 1.647144
 48.980002 -1.658197 1.589770
 49.180002 -1.444275 1.996065
 49.380002 -1.429583 1.356319
 49.580002 -1.657582 1.961445
 49.780002 -1.647296 1.595720
 49.980002 -1.686223 1.695701
 50.180002 -1.718406 1.948239
 50.380002 -1.526605 1.394321
 50.580002 -1.971386 2.016947
 50.780002 -1.602384 1.598481
 50.980002 -1.891312 1.738595
 51.180002 -1.701862 1.790622
 51.380002 -1.573878 1.568609
 51.580002 -1.909937 1.986734
 51.780002 -1.463046 1.629257
 51.980002 -1.826863 1.892874
 52.180002 -1.484712 1.688058
 52.380002 -1.549838 1.724311
 52.580002 -1.796828 1.740630
 52.780003 -1.526951 1.591996
 52.980003 -1.753635 2.013284
 53.180003 -1.833963 1.591161
 53.380003 -1.499377 1.778160
 53.580003 -1.888702 1.967481
 53.780003 -1.474531 1.381964
 53.980003 -1.746893 2.092425
 54.180003 -1.658601 1.428688
 54.380003 -1.649476 1.790859
 54.580003 -1.562570 1.760198
 54.780003 -1.670650 1.443169
 54.980003 -1.688501 2.027865
 55.180003 -1.641769 1.459730
 55.380003 -1.791880 1.792453
 55.580003 -1.718556 1.763568
 55.780003 -1.714968 1.628430
 55.980003 -1.806965 1.877385
 56.180003 -1.704628 1.518395
 56.380003 -1.775198 1.936394
 56.580003 -1.844139 1.692985
 56.780003 -1.705906 1.687048
 56.980003 -1.902727 1.956955
 57.180003 -1.550019 1.435594
 57.380003 -1.768989 1.850583
 57.580003 -1.544170 1.622973
 57.780003 -1.612101 1.667986
 57.980003 -1.737258 2.078239
 58.180003 -1.629907 1.450332
 58.380003 -1.742373 1.924297
 58.580003 -1.641737 1.724578
 58.780003 -1.552840 1.729249
 58.980003 -1.786499 1.796175
 59.180003 -1.482981 1.679286
 59.380003 -1.753546 1.660349
 59.580003 -1.624783 1.801265
 59.780003 -1.554381 1.607136
 59.980003 -1.701731 1.798121
 60.180003 -1.464500 1.718447
 60.380003 -1.847491 1.698756
 60.580003 -1.561907 1.801067
 60.780003 -1.667303 1.616511
 60.980003 -1.649711 1.703528
 61.180003 -1.808074 1.755453
 61.380003 -1.837446 1.699994
 61.580003 -1.849144 1.635636
 61.780003 -1.392092 1.722490
 61.980003 -1.835730 1.679600
 62.180003 -1.484994 1.735421
 62.380003 -1.694736 1.726178
 62.580003 -1.455963 1.746939
 62.780003 -1.503983 1.640957
 62.980003 -1.659061 1.752755
 63.180003 -1.579725 1.752781
 63.380003 -1.713889 1.615456
 63.580003 -1.745948 1.737406
 63.780003 -1.460713 1.650942
 63.980003 -1.875793 1.698589
 64.180003 -1.889804 1.719892
 64.380003 -1.598753 1.717322
 64.580003 -1.943761 1.738743
 64.780003 -1.366792 1.766041
 64.980003 -1.833056 1.772945
 65.180003 -1.714783 1.729075
 65.380003 -1.601794 1.734270
 65.580003 -1.703514 1.798894
 65.780003 -1.656530 1.658044
 65.980003 -1.556185 1.880823
 66.180003 -1.723145 1.616141
 66.380003 -1.636850 1.739436
 66.580003 -1.349601 1.725505
 66.780003 -1.802783 1.606772
 66.980003 -1.474405 1.825279
 67.180003 -1.930643 1.691560
 67.380003 -1.538165 1.672952
 67.580003 -1.758913 1.815416
 67.780003 -1.654615 1.487871
 67.980003 -1.734555 1.970672
 68.180003 -1.554102 1.548485
 68.380003 -1.819397 1.614597
 68.580003 -1.484473 1.911789
 68.780003 -1.716639 1.458320
 68.980003 -1.463190 1.996227
 69.180003 -1.450310 1.642422
 69.380003 -1.720757 1.599299
 69.580003 -1.385179 2.014999
 69.780003 -1.734116 1.422794
 69.980003 -1.578676 1.858246
 70.180003 -1.600122 1.703648
 70.380003 -1.828454 1.528647
 70.580003 -1.657545 1.963541
 70.780003 -1.471527 1.449331
 70.980003 -1.978383 1.865028
 71.180003 -1.603068 1.829250
 71.380003 -1.872229 1.573367
 71.580003 -1.527274 2.078989
 71.780003 -1.566696 1.427188
 71.980003 -1.796484 1.864758
 72.180003 -1.541174 1.878602
 72.380003 -1.726838 1.587031
 72.580003 -1.791506 1.957666
 72.780003 -1.395833 1.545950
 72.980003 -2.032700 1.928548
 73.180003 -1.658592 1.664471
 73.380003 -1.908812 1.837871
 73.580003 -2.091941 1.601830
 73.780004 -1.488191 1.665614
 73.980004 -1.973291 1.827593
 74.180004 -1.568200 1.691322
 74.380004 -1.672175 1.777125
 74.580004 -1.533754 1.771245
 74.780004 -1.395699 1.494420
 74.980004 -1.589441 2.091347
 75.180004 -1.654099 1.420111
 75.380004 -1.676325 1.866947
 75.580004 -1.641848 1.790766
 75.780004 -1.375276 1.419256
 75.980004 -1.702289 2.091280
 76.180004 -1.519316 1.305580
 76.380004 -1.901306 2.020520
 76.580004 -1.650525 1.741194
 76.780004 -1.746099 1.487947
 76.980004 -1.747004 1.958521
 77.180004 -1.754979 1.342679
 77.380004 -1.753034 2.008315
 77.580004 -1.628270 1.678295
 77.780004 -1.697321 1.586899
 77.980004 -1.671209 1.962455
 78.180004 -1.553397 1.357306
 78.380004 -1.876911 2.034342
 78.580004 -1.429843 1.403655
 78.780004 -1.888184 1.873417
 78.980004 -1.704683 1.813803
 79.180004 -1.725927 1.574216
 79.380004 -2.028879 2.087606
 79.580004 -1.347637 1.529753
 79.780004 -2.030556 1.914644
 79.980004 -1.535206 1.629185
 80.180004 -1.618146 1.799344
 80.380004 -1.891634 1.818276
 80.580004 -1.342337 1.619206
 80.780004 -1.839767 1.976011
 80.980004 -1.678597 1.353310
 81.180004 -1.717548 1.815707
 81.380004 -1.758009 1.773010
 81.580004 -1.669578 1.503974
 81.780004 -1.503356 1.938641
 81.980004 -1.693515 1.548499
 82.180004 -1.544063 1.673867
 82.380004 -1.561416 1.917903
 82.580004 -1.553074 1.403105
 82.780004 -1.475416 1.843031
 82.980004 -1.775163 1.615692
 83.180004 -1.689426 1.634798
 83.380004 -1.643507 1.880488
 83.580004 -1.686302 1.353654
 83.780004 -1.458569 2.045876
 83.980004 -1.904620 1.592333
 84.180004 -1.629121 1.604854
 84.380004 -1.475935 1.862584
 84.580004 -1.686926 1.538042
 84.780004 -1.532498 1.815083
 84.980004 -1.655249 1.607783
 85.180004 -1.688028 1.748892
 85.380004 -1.564762 1.789577
 85.580004 -1.511125 1.598776
 85.780004 -1.774944 1.706447
 85.980004 -1.452168 1.866702
 86.180004 -1.915867 1.600440
 86.380004 -1.495791 1.806837
 86.580004 -1.696928 1.646354
 86.780004 -1.812396 1.669309
 86.980004 -1.532997 1.757054
 87.180004 -1.677053 1.784762
 87.380004 -1.692150 1.544962
 87.580004 -1.455508 1.700587
 87.780004 -1.828066 1.752102
 87.980004 -1.593583 1.661766
 88.180004 -1.663699 1.830511
 88.380004 -1.689411 1.687372
 88.580004 -1.730485 1.625513
 88.780004 -1.720869 1.858254
 88.980004 -1.483931 1.609311
 89.180004 -1.607862 1.695365
 89.380004 -1.704859 1.808962
 89.580004 -1.767021 1.627804
 89.780004 -1.590982 1.838843
 89.980004 -1.663910 1.607026
 90.180004 -1.573971 1.709145
 90.380004 -1.660245 1.862947
 90.580004 -1.569481 1.610563
 90.780004 -1.752874 1.780952
 90.980004 -1.534370 1.751721
 91.180004 -1.784150 1.540475
 91.380004 -1.773435 1.881379
 91.580004 -1.817287 1.615002
 91.780004 -1.634110 1.753873
 91.980004 -1.802581 1.650838
 92.180004 -1.555453 1.737904
 92.380004 -1.843292 1.800880
 92.580004 -1.559465 1.541838
 92.780004 -1.460781 1.723598
 92.980004 -1.547367 1.695376
 93.180004 -1.670772 1.719521
 93.380004 -1.712703 1.627878
 93.580004 -1.630530 1.909241
 93.780004 -1.511811 1.476435
 93.980004 -1.608008 1.823421
 94.180004 -1.801767 1.670877
 94.380004 -1.820533 1.690733
 94.580004 -1.765430 1.797644
 94.780005 -1.678992 1.654101
 94.980005 -1.578120 1.744193
 95.180005 -1.906644 1.850636
 95.380005 -1.813957 1.671667
 95.580005 -1.672764 1.948860
 95.780005 -1.796492 1.452437
 95.980005 -1.479419 1.886846
 96.180005 -1.879997 1.686428
 96.380005 -1.687805 1.761675
 96.580005 -1.646046 1.769001
 96.780005 -1.445047 1.643276
 96.980005 -1.793506 1.716927
 97.180005 -1.704033 1.870188
 97.380005 -1.797032 1.597887
 97.580005 -1.578371 1.790186
 97.780005 -1.586517 1.527065
 97.980005 -1.594989 1.701784
 98.180005 -1.724756 1.848455
 98.380005 -1.462368 1.543770
 98.580005 -1.640725 1.745256
 98.780005 -1.378692 1.681520
 98.980005 -1.743908 1.660510
 99.180005 -1.641181 1.737780
 99.380005 -1.730461 1.753951
 99.580005 -1.669020 1.654357
 99.780005 -1.634629 1.751424
 99.980005 -1.610475 1.690944
 100.180005 -1.699683 1.852481
 100.380005 -1.640432 1.636767
 100.580005 -1.471959 1.827826
 100.780005 -1.843704 1.726391
 100.980005 -1.608834 1.710085
 101.180005 -1.978607 1.742183
 101.380005 -1.646775 1.715964
 101.580005 -1.785020 1.722330
 101.780005 -1.665407 1.775623
 101.980005 -1.699413 1.558851
 102.180005 -1.661818 2.012068
 102.380005 -1.683332 1.502017
 102.580005 -1.440122 1.826696
 102.780005 -1.790379 1.578817
 102.980005 -1.527988 1.737386
 103.180005 -1.968581 1.839628
 103.380005 -1.626553 1.483104
 103.580005 -1.745124 1.877387
 103.780005 -1.740283 1.608941
 103.980005 -1.765360 1.738023
 104.180005 -1.865024 2.000243
 104.380005 -1.736823 1.400807
 104.580005 -1.538305 1.929150
 104.780005 -1.705330 1.657846
 104.980005 -1.604894 1.514102
 105.180005 -1.737714 2.101616
 105.380005 -1.675673 1.380189
 105.580005 -1.525549 1.939294
 105.780005 -1.826725 1.614162
 105.980005 -1.552941 1.587484
 106.180005 -1.699056 1.972543
 106.380005 -1.720788 1.339841
 106.580005 -1.653576 1.882171
 106.780005 -1.736258 1.668114
 106.980005 -1.673597 1.534231
 107.180005 -1.733016 1.976061
 107.380005 -1.648782 1.526536
 107.580005 -1.419034 1.762461
 107.780005 -1.576609 1.861541
 107.980005 -1.472459 1.377759
 108.180005 -1.695801 2.075162
 108.380005 -1.623926 1.454543
 108.580005 -1.751414 1.749704
 108.780005 -1.690264 1.864504
 108.980005 -1.632027 1.467750
 109.180005 -1.849879 2.090976
 109.380005 -1.623106 1.701956
 109.580005 -1.621387 1.610222
 109.780005 -1.589433 1.849661
 109.980005 -1.777643 1.521438
 110.180005 -1.653797 1.957913
 110.380005 -1.716080 1.640831
 110.580005 -1.636381 1.601493
 110.780005 -1.713238 2.029207
 110.980005 -1.748118 1.507728
 111.180005 -1.794620 1.875391
 111.380005 -1.665055 1.770153
 111.580005 -1.745179 1.502811
 111.780005 -1.747818 1.955294
 111.980005 -1.771222 1.480410
 112.180005 -1.871619 1.971734
 112.380005 -1.721746 1.692744
 112.580005 -1.822356 1.595449
 112.780005 -1.666166 1.854494
 112.980005 -1.780438 1.550584
 113.180005 -1.642278 1.833168
 113.380005 -1.718410 1.652854
 113.580005 -1.468247 1.668773
 113.780005 -1.713377 1.886934
 113.980005 -1.436690 1.630801
 114.180005 -1.715212 1.848215
 114.380005 -1.527794 1.718685
 114.580005 -1.721233 1.710125
 114.780005 -1.635131 1.805595
 114.980005 -1.756620 1.588055
 115.180005 -1.672702 1.852438
 115.380005 -1.746809 1.696320
 115.580005 -1.678336 1.622148
 115.780005 -1.704997 1.864264
 115.980006 -1.698216 1.595538
 116.180006 -1.467604 1.769564
 116.380006 -1.714569 1.743301
 116.580006 -1.449813 1.665222
 116.780006 -1.796070 1.822714
 116.980006 -1.390819 1.678395
 117.180006 -1.869368 1.717704
 117.380006 -1.575049 1.936255
 117.580006 -1.766685 1.531530
 117.780006 -1.801991 1.917707
 117.980006 -1.705994 1.641565
 118.180006 -1.777926 1.626676
 118.380006 -1.883762 1.801370
 118.580006 -1.700731 1.592298
 118.780006 -1.836568 1.811774
 118.980006 -1.698048 1.711600
 119.180006 -1.736793 1.689883
 119.380006 -1.717750 1.790338
 119.580006 -1.532388 1.609338
 119.780006 -1.672045 1.725705
 119.980006 -1.525530 1.651426
 120.180006 -1.731646 1.798468
 120.380006 -1.635980 1.729179
 120.580006 -1.561267 1.648602
 120.780006 -1.779268 1.796199
 120.980006 -1.535543 1.638913
 121.180006 -1.665163 1.735145
 121.380006 -1.753138 1.760066
 121.580006 -1.555349 1.729011
 121.780006 -1.942645 1.667883
 121.980006 -1.453924 1.701944
 122.180006 -1.670103 1.736716
 122.380006 -1.752629 1.687539
 122.580006 -1.537386 1.786559
 122.780006 -1.842720 1.761151
 122.980006 -1.510536 1.615269
 123.180006 -1.789787 1.783117
 123.380006 -1.771230 1.671812
 123.580006 -1.651424 1.620273
 123.780006 -1.815943 1.804359
 123.980006 -1.705482 1.481554
 124.180006 -1.504095 1.830565
 124.380006 -1.784210 1.588915
 124.580006 -1.391787 1.715101
 124.780006 -1.621306 1.774157
 124.980006 -1.484881 1.470557
 125.180006 -1.579027 1.808854
 125.380006 -1.746476 1.779954
 125.580006 -1.699534 1.418885
 125.780006 -1.548060 1.931813
 125.980006 -1.612797 1.409557
 126.180006 -1.722211 1.826020
 126.380006 -1.727367 1.807384
 126.580006 -1.671048 1.446971
 126.780006 -1.625684 1.903511
 126.980006 -1.751143 1.642005
 127.180006 -1.767461 1.568801
 127.380006 -1.524235 2.063420
 127.580006 -1.398546 1.427419
 127.780006 -1.734823 1.790437
 127.980006 -1.489945 1.791005
 128.180006 -1.856371 1.535398
 128.380006 -1.732065 1.731264
 128.580006 -1.629847 1.724084
 128.780006 -1.996673 1.531052
 128.980006 -1.727716 1.969336
 129.180006 -1.653171 1.503966
 129.380006 -1.927169 1.764469
 129.580006 -1.395310 1.739152
 129.780006 -1.780475 1.531262
 129.980006 -1.567833 1.726813
 130.180006 -1.588126 1.770293
 130.380006 -1.633909 1.596072
 130.580006 -1.489061 1.875453
 130.780006 -1.612089 1.608523
 130.980006 -1.841220 1.725867
 131.180006 -1.566136 1.833273
 131.380006 -1.731613 1.590311
 131.580006 -1.655080 1.722450
 131.780006 -1.461161 1.716371
 131.980006 -1.848266 1.735878
 132.180006 -1.509244 1.686267
 132.380006 -1.562911 1.781931
 132.580006 -1.738484 1.625733
 132.780006 -1.491935 1.811877
 132.980006 -1.866338 1.753355
 133.180006 -1.530063 1.456094
 133.380006 -1.466403 1.926517
 133.580006 -1.891672 1.580001
 133.780006 -1.629794 1.806097
 133.980006 -1.787571 1.861776
 134.180006 -1.629729 1.504773
 134.380006 -1.542930 1.901865
 134.580006 -1.699009 1.629221
 134.780006 -1.640672 1.711641
 134.980006 -1.555996 1.864393
 135.180006 -1.674701 1.559245
 135.380006 -1.430317 1.756629
 135.580006 -1.842597 1.673559
 135.780006 -1.628739 1.561515
 135.980006 -1.939410 1.965583
 136.180006 -1.690182 1.525828
 136.380006 -1.701075 1.627020
 136.580006 -1.722438 1.752799
 136.780006 -1.696251 1.642134
 136.980007 -1.519981 1.752544
 137.180007 -1.687205 1.682437
 137.380007 -1.576301 1.737740
 137.580007 -1.634625 1.860902
 137.780007 -1.528521 1.619417
 137.980007 -1.480584 1.841940
 138.180007 -1.767983 1.679794
 138.380007 -1.656555 1.743395
 138.580007 -1.736896 1.759657
 138.780007 -1.729944 1.551689
 138.980007 -1.678425 1.733440
 139.180007 -1.797749 1.798760
 139.380007 -1.676414 1.610889
 139.580007 -1.667875 1.987160
 139.780007 -1.595181 1.485510
 139.980007 -1.519829 1.809427
 140.180007 -1.611794 1.885380
 140.380007 -1.517462 1.553048
 140.580007 -1.532586 1.890791
 140.780007 -1.529812 1.646506
 140.980007 -1.532082 1.724596
 141.180007 -1.846433 1.972809
 141.380007 -1.698325 1.552307
 141.580007 -1.667830 1.831883
 141.780007 -1.684149 1.526202
 141.980007 -1.560634 1.802337
 142.180007 -1.976228 1.859933
 142.380007 -1.635789 1.604318
 142.580007 -1.862638 2.041076
 142.780007 -1.602371 1.440332
 142.980007 -1.717219 2.012666
 143.180007 -1.995067 1.695346
 143.380007 -1.702203 1.733781
 143.580007 -1.613859 1.996774
 143.780007 -1.629618 1.404797
 143.980007 -1.609626 1.864970
 144.180007 -1.747208 1.652166
 144.380007 -1.769671 1.673794
 144.580007 -1.620090 1.875620
 144.780007 -1.497477 1.321751
 144.980007 -1.670111 1.850584
 145.180007 -1.670894 1.667614
 145.380007 -1.824935 1.449536
 145.580007 -1.427767 1.953435
 145.780007 -1.736182 1.354148
 145.980007 -1.587624 1.719899
 146.180007 -1.704057 1.764155
 146.380007 -1.752032 1.455030
 146.580007 -1.490164 1.929566
 146.780007 -1.713017 1.604283
 146.980007 -1.814389 1.549951
 147.180007 -1.659533 1.928179
 147.380007 -1.557738 1.517420
 147.580007 -1.708945 1.779006
 147.780007 -1.421504 1.724796
 147.980007 -1.863874 1.641741
 148.180007 -1.558175 1.856506
 148.380007 -1.570330 1.553840
 148.580007 -1.853575 1.919941
 148.780007 -1.470713 1.382246
 148.980007 -1.985580 2.161423
 149.180007 -1.717068 1.462282
 149.380007 -1.600498 1.911730
 149.580007 -1.976989 1.791109
 149.780007 -1.757867 1.679266
 149.980007 -1.866244 2.210339
 150.180007 -1.619234 1.302575
 150.380007 -1.616072 2.176864
 150.580007 -1.688310 1.389937
 150.780007 -1.662369 1.796113
 150.980007 -1.698577 2.019255
 151.180007 -1.654649 1.356537
 151.380007 -1.428471 2.020704
 151.580007 -1.646002 1.546258
 151.780007 -1.733534 1.754655
 151.980007 -1.626193 1.796236
 152.180007 -1.694389 1.373293
 152.380007 -1.698974 1.781763
 152.580007 -1.570288 1.883142
 152.780007 -1.835960 1.550708
 152.980007 -1.550650 1.938207
 153.180007 -1.621121 1.629385
 153.380007 -1.797167 1.730283
 153.580007 -1.524604 1.886909
 153.780007 -1.698639 1.608646
 153.980007 -1.894234 1.707797
 154.180007 -1.597552 1.817112
 154.380007 -1.817736 1.585228
 154.580007 -1.730022 1.820580
 154.780007 -1.641829 1.757687
 154.980007 -1.879657 1.589907
 155.180007 -1.580931 1.991280
 155.380007 -1.484613 1.625702
 155.580007 -1.878393 1.734368
 155.780007 -1.498658 1.857546
 155.980007 -1.676052 1.575566
 156.180007 -1.672816 1.736027
 156.380007 -1.338592 1.806203
 156.580007 -1.925543 1.507542
 156.780007 -1.531897 1.991044
 156.980007 -1.724533 1.530457
 157.180007 -1.746787 1.769741
 157.380007 -1.583719 1.833673
 157.580007 -1.819374 1.591075
 157.780007 -1.672977 1.873524
 157.980008 -1.616483 1.800171
 158.180008 -1.872561 1.524874
 158.380008 -1.472662 1.922408
 158.580008 -1.703629 1.630409
 158.780008 -1.656414 1.671312
 158.980008 -1.430931 1.883897
 159.180008 -1.928291 1.592258
 159.380008 -1.422096 1.682362
 159.580008 -1.732863 1.807042
 159.780008 -1.617060 1.540443
 159.980008 -1.606444 1.849710
 160.180008 -1.556624 1.811168
 160.380008 -1.765074 1.597658
 160.580008 -1.446188 1.961174
 160.780008 -1.889410 1.557932
 160.980008 -1.506536 1.783402
 161.180008 -1.816407 1.712359
 161.380008 -1.756063 1.525006
 161.580008 -1.533691 1.872052
 161.780008 -1.890340 1.826919
 161.980008 -1.727579 1.598997
 162.180008 -1.750038 1.980820
 162.380008 -1.666370 1.432410
 162.580008 -1.677969 1.882131
 162.780008 -1.686681 1.889035
 162.980008 -1.596640 1.403688
 163.180008 -1.478908 1.904175
 163.380008 -1.756380 1.565126
 163.580008 -1.510645 1.827521
 163.780008 -1.662951 1.702248
 163.980008 -1.412195 1.798117
 164.180008 -1.633255 1.630233
 164.380008 -1.675141 1.887451
 164.580008 -1.680129 1.629321
 164.780008 -1.476506 1.797353
 164.980008 -1.932574 1.600974
 165.180008 -1.583505 1.677103
 165.380008 -1.827505 1.877121
 165.580008 -1.802991 1.637045
 165.780008 -1.499215 1.636650
 165.980008 -1.936723 1.875079
 166.180008 -1.434000 1.699152
 166.380008 -1.737690 1.769257
 166.580008 -1.534047 1.667471
 166.780008 -1.666839 1.577064
 166.980008 -1.624413 1.829558
 167.180008 -1.720980 1.549576
 167.380008 -1.673039 1.820614
 167.580008 -1.767970 1.729687
 167.780008 -1.546727 1.634649
 167.980008 -1.800706 1.833954
 168.180008 -1.669035 1.718992
 168.380008 -1.798878 1.721429
 168.580008 -1.629786 1.774990
 168.780008 -1.530537 1.586949
 168.980008 -1.870555 1.822328
 169.180008 -1.626691 1.578838
 169.380008 -1.762780 1.859750
 169.580008 -1.640134 1.662714
 169.780008 -1.516509 1.649284
 169.980008 -1.676569 1.804660
 170.180008 -1.617113 1.518862
 170.380008 -1.549748 1.896734
 170.580008 -1.769249 1.590826
 170.780008 -1.464753 1.840516
 170.980008 -1.916566 1.748828
 171.180008 -1.680779 1.551454
 171.380008 -1.744785 1.771032
 171.580008 -1.622810 1.764210
 171.780008 -1.703984 1.605224
 171.980008 -1.620936 1.861909
 172.180008 -1.642932 1.430713
 172.380008 -1.758660 1.854921
 172.580008 -1.718742 1.802619
 172.780008 -1.858444 1.497876
 172.980008 -1.675681 1.837857
 173.180008 -1.842785 1.689952
 173.380008 -1.819102 1.684589
 173.580008 -1.827733 1.964634
 173.780008 -1.419977 1.427985
 173.980008 -1.605087 1.886959
 174.180008 -1.314650 1.590760
 174.380008 -1.539851 1.645079
 174.580008 -1.456482 1.946435
 174.780008 -1.684584 1.482644
 174.980008 -1.703987 1.762322
 175.180008 -1.722925 1.745912
 175.380008 -1.749788 1.633559
 175.580008 -2.007723 1.891113
 175.780008 -1.655816 1.693063
 175.980008 -1.790452 1.781467
 176.180008 -1.732783 1.841384
 176.380008 -1.507593 1.729986
 176.580008 -2.072885 1.846417
 176.780008 -1.489192 1.797773
 176.980008 -2.051071 1.559819
 177.180008 -1.573230 1.893025
 177.380008 -1.887183 1.608575
 177.580008 -1.754467 1.914010
 177.780008 -1.840398 1.604306
 177.980008 -1.668334 1.778104
 178.180008 -1.897619 1.710219
 178.380008 -1.415784 1.708965
 178.580008 -1.875825 1.733585
 178.780008 -1.717916 1.736110
 178.980009 -1.601424 1.672033
 179.180009 -1.780564 1.789358
 179.380009 -1.261383 1.608866
 179.580009 -1.758938 1.759418
 179.780009 -1.433736 1.748498
 179.980009 -1.627856 1.623591
 180.180009 -1.607348 1.804506
 180.380009 -1.642591 1.470838
 180.580009 -1.617576 1.862018
 180.780009 -1.778685 1.514725
 180.980009 -1.780307 1.819797
 181.180009 -1.817869 1.731279
 181.380009 -1.733722 1.622770
 181.580009 -1.834482 1.664869
 181.780009 -1.724266 1.813652
 181.980009 -1.781976 1.581596
 182.180009 -1.751074 1.809743
 182.380009 -1.510591 1.565515
 182.580009 -1.704532 1.798275
 182.780009 -1.509099 1.706621
 182.980009 -1.565541 1.653468
 183.180009 -1.540795 1.885414
 183.380009 -1.461455 1.525107
 183.580009 -1.600458 1.867451
 183.780009 -1.606907 1.537231
 183.980009 -1.628853 1.878850
 184.180009 -1.742684 1.555149
 184.380009 -1.640641 1.716353
 184.580009 -1.758826 1.629376
 184.780009 -1.578456 1.654949
 184.980009 -1.789238 1.670269
 185.180009 -1.677803 1.796352
 185.380009 -1.766043 1.655021
 185.580009 -1.653830 1.777963
 185.780009 -1.699081 1.647328
 185.980009 -1.742519 1.613750
 186.180009 -1.734833 1.854373
 186.380009 -1.585337 1.572557
 186.580009 -1.639874 1.692037
 186.780009 -1.570876 1.849427
 186.980009 -1.547162 1.500616
 187.180009 -1.731669 1.911682
 187.380009 -1.449956 1.671278
 187.580009 -1.722384 1.724315
 187.780009 -1.606795 1.771523
 187.980009 -1.596355 1.596154
 188.180009 -1.833871 1.842456
 188.380009 -1.681719 1.593216
 188.580009 -1.627805 1.788498
 188.780009 -1.934739 1.663741
 188.980009 -1.456619 1.628721
 189.180009 -1.941225 1.862524
 189.380009 -1.359405 1.575175
 189.580009 -1.768462 1.870874
 189.780009 -1.604455 1.667663
 189.980009 -1.647210 1.508796
 190.180009 -1.697234 2.009653
 190.380009 -1.582008 1.378639
 190.580009 -1.613504 1.976264
 190.780009 -1.632285 1.580488
 190.980009 -1.565326 1.572531
 191.180009 -1.756868 1.931459
 191.380009 -1.625014 1.412217
 191.580009 -1.780811 1.837877
 191.780009 -1.770994 1.649582
 191.980009 -1.715416 1.534420
 192.180009 -1.663649 1.872918
 192.380009 -1.599396 1.574267
 192.580009 -1.571286 1.635443
 192.780009 -1.594282 1.811353
 192.980009 -1.659362 1.632333
 193.180009 -1.550702 1.802934
 193.380009 -1.616950 1.582826
 193.580009 -1.562068 1.789733
 193.780009 -1.721066 1.654941
 193.980009 -1.595020 1.770347
 194.180009 -1.646636 1.694080
 194.380009 -1.569262 1.696393
 194.580009 -1.744969 1.577947
 194.780009 -1.639776 1.880941
 194.980009 -1.803948 1.624405
 195.180009 -1.607533 1.676020
 195.380009 -1.739230 1.787955
 195.580009 -1.799124 1.523061
 195.780009 -1.700670 1.765683
 195.980009 -1.649711 1.650985
 196.180009 -1.573319 1.630790
 196.380009 -1.640194 1.786613
 196.580009 -1.546833 1.698700
 196.780009 -1.700832 1.567956
 196.980009 -1.525001 1.767590
 197.180009 -1.500788 1.546914
 197.380009 -1.549015 1.753900
 197.580009 -1.841300 1.715342
 197.780009 -1.468881 1.747339
 197.980009 -1.919190 1.639098
 198.180009 -1.352287 1.839661
 198.380009 -1.929869 1.685503
 198.580009 -1.693028 1.714463
 198.780009 -1.722549 1.891049
 198.980009 -1.630937 1.566364
 199.180009 -1.526604 1.846991
 199.380009 -1.654717 1.660969
 199.580009 -1.660015 1.692843
 199.780009 -1.566801 1.653636
 199.980009 -1.623600 1.801722
