#! FIELDS time phi psi
#! SET max_psi pi
 0.180000 -2.084819 -2.998565
 0.380000 -1.830655 -2.557686
 0.580000 -2.026493 -2.511240
 0.780000 -2.128227 -3.017808
 0.980000 -1.825742 -2.074746
 1.180000 -2.619863 -2.827535
 1.380000 -1.597602 -2.462792
 1.580000 -2.377590 -2.331126
 1.780000 -2.005321 -2.889812
 1.980000 -2.088343 -2.294430
 2.180000 -2.214639 -2.705771
 2.380000 -1.768174 -2.779201
 2.580000 -2.539520 -2.579036
 2.780000 -1.894491 -2.848745
 2.980000 -2.319644 -2.603073
 3.180000 -1.924821 -3.077443
 3.380000 -2.093337 -2.443454
 3.580000 -2.272016 -2.561859
 3.780000 -1.628076 -2.826327
 3.980000 -2.631585 -2.080361
 4.180000 -1.831651 -2.953625
 4.380000 -2.180343 -2.251636
 4.580000 -1.971498 -2.478823
 4.780000 -1.964950 -2.950133
 4.980000 -2.448355 -2.237946
 5.180000 -1.886189 -3.005541
 5.380000 -2.340063 -2.520075
 5.580000 -1.985826 -2.673745
 5.780000 -2.068518 -2.805603
 5.980000 -2.107211 -2.409663
 6.180000 -1.910832 -2.991983
 6.380000 -2.288168 -2.593039
 6.580000 -1.903702 -2.761045
 6.780000 -2.167241 -2.739512
 6.980000 -2.120605 -2.456425
 7.180000 -1.922349 -2.871914
 7.380000 -2.162512 -2.269096
 7.580000 -2.042176 -2.809370
 7.780000 -2.243080 -2.555913
 7.980000 -2.021626 -2.458719
 8.180000 -1.964901 -2.875640
 8.380000 -2.254229 -2.451298
 8.580000 -1.979966 -2.772737
 8.780000 -2.076850 -2.608035
 8.980000 -2.183521 -2.564967
 9.180000 -2.078280 -2.812220
 9.380000 -2.100775 -2.472593
 9.580000 -1.960294 -2.736771
 9.780000 -2.136839 -2.594632
 9.980000 -2.200634 -2.569495
 10.180000 -2.005396 -2.673429
 10.380000 -2.224389 -2.336946
 10.580001 -2.085055 -2.655065
 10.780001 -2.250812 -2.644966
 10.980001 -2.005585 -2.317093
 11.180001 -1.978631 -2.753525
 11.380001 -2.129662 -2.408002
 11.580001 -1.940569 -2.571984
 11.780001 -2.265857 -2.627424
 11.980001 -2.051318 -2.274766
 12.180001 -2.202855 -2.847491
 12.380001 -2.032861 -2.261195
 12.580001 -2.003010 -2.723680
 12.780001 -2.334245 -2.655392
 12.980001 -1.872251 -2.285430
 13.180001 -2.338507 -2.856501
 13.380001 -1.829261 -2.292541
 13.580001 -2.193657 -2.632575
 13.780001 -2.078745 -2.768343
 13.980001 -2.080911 -2.338005
 14.180001 -2.209551 -2.862802
 14.380001 -1.827310 -2.424962
 14.580001 -2.251354 -2.560059
 14.780001 -2.090057 -2.749230
 14.980001 -2.184602 -2.356543
 15.180001 -2.147134 -2.734574
 15.380001 -2.096607 -2.513290
 15.580001 -2.108202 -2.512530
 15.780001 -2.090790 -2.832730
 15.980001 -2.318563 -2.279892
 16.180001 -2.120072 -2.936678
 16.380001 -2.039765 -2.276661
 16.580001 -2.015538 -2.641742
 16.780001 -2.109944 -2.734500
 16.980001 -2.348412 -2.313874
 17.180001 -2.138110 -2.848033
 17.380001 -2.103282 -2.460871
 17.580001 -2.023337 -2.691506
 17.780001 -2.074259 -2.722351
 17.980001 -2.170103 -2.477043
 18.180001 -2.034652 -2.705471
 18.380001 -2.228242 -2.572226
 18.580001 -1.918325 -2.563196
 18.780001 -2.177745 -2.673892
 18.980001 -2.188877 -2.474196
 19.180001 -2.142931 -2.716734
 19.380001 -2.187539 -2.590869
 19.580001 -1.834987 -2.665520
 19.780001 -2.504881 -2.534500
 19.980001 -1.871903 -2.648160
 20.180001 -2.236707 -2.511069
 20.380001 -2.026973 -2.589058
 20.580001 -1.964983 -2.708154
 20.780001 -2.419237 -2.386792
 20.980001 -1.884646 -2.602164
 21.180001 -2.425711 -2.554294
 21.380001 -1.941796 -2.496699
 21.580001 -2.198739 -2.760803
 21.780001 -2.085934 -2.526149
 21.980001 -1.840174 -2.644828
 22.180001 -2.486782 -2.650284
 22.380001 -1.669894 -2.553249
 22.580001 -2.268510 -2.616900
 22.780001 -2.009212 -2.757881
 22.980001 -2.176609 -2.485785
 23.180001 -2.148536 -2.632529
 23.380001 -1.662396 -2.690606
 23.580001 -2.414497 -2.435360
 23.780001 -1.836873 -2.880098
 23.980001 -2.312736 -2.317027
 24.180001 -2.112887 -2.652590
 24.380001 -2.201776 -2.628746
 24.580001 -2.110346 -2.234463
 24.780001 -2.036734 -2.744073
 24.980001 -2.310510 -2.457347
 25.180001 -1.872724 -2.626502
 25.380001 -2.289173 -2.770230
 25.580001 -2.064406 -2.474755
 25.780001 -2.145948 -2.764816
 25.980001 -2.242402 -2.405593
 26.180001 -2.135229 -2.648328
 26.380001 -2.323567 -2.602652
 26.580001 -1.869449 -2.590308
 26.780001 -2.247057 -2.666401
 26.980001 -1.925632 -2.639482
 27.180001 -2.070237 -2.551501
 27.380001 -2.263800 -2.717784
 27.580001 -1.821266 -2.464338
 27.780001 -2.400064 -2.518630
 27.980001 -1.947753 -2.691230
 28.180001 -2.174890 -2.421267
 28.380001 -2.167715 -2.848844
 28.580001 -1.838224 -2.339697
 28.780001 -2.366706 -2.611057
 28.980001 -1.938180 -2.525241
 29.180001 -2.340918 -2.443744
 29.380001 -2.029004 -2.665817
 29.580001 -1.995096 -2.378596
 29.780001 -2.189078 -2.451158
 29.980001 -2.013604 -2.627166
 30.180001 -2.359169 -2.370040
 30.380001 -1.845097 -2.572336
 30.580001 -2.298855 -2.728932
 30.780001 -2.286060 -2.326734
 30.980001 -2.116587 -2.801673
 31.180001 -2.289801 -2.479937
 31.380001 -1.854519 -2.594056
 31.580001 -2.325263 -2.745989
 31.780002 -1.927478 -2.417114
 31.980002 -2.239033 -2.843516
 32.180002 -2.142780 -2.418761
 32.380002 -1.933285 -2.621509
 32.580002 -2.311195 -2.603674
 32.780002 -2.023119 -2.430781
 32.980002 -2.281337 -2.680882
 33.180002 -2.161047 -2.491769
 33.380002 -1.918641 -2.533913
 33.580002 -2.178569 -2.662280
 33.780002 -1.771701 -2.338357
 33.980002 -2.326505 -2.689078
 34.180002 -1.924358 -2.322496
 34.380002 -2.101258 -2.456782
 34.580002 -2.217288 -2.791423
 34.780002 -1.788297 -2.195508
 34.980002 -2.298704 -2.695060
 35.180002 -1.812470 -2.386486
 35.380002 -2.272580 -2.568021
 35.580002 -2.078609 -2.666626
 35.780002 -1.966709 -2.409553
 35.980002 -2.362626 -2.861689
 36.180002 -1.852759 -2.354169
 36.380002 -2.380978 -2.742006
 36.580002 -1.821223 -2.679616
 36.780002 -2.182325 -2.343797
 36.980002 -2.135719 -2.872162
 37.180002 -1.919283 -2.321677
 37.380002 -2.313894 -2.651132
 37.580002 -1.881067 -2.551310
 37.780002 -2.365434 -2.522746
 37.980002 -1.972735 -2.756534
 38.180002 -2.108521 -2.474183
 38.380002 -2.326371 -2.662982
 38.580002 -1.849164 -2.696419
 38.780002 -2.188119 -2.492813
 38.980002 -2.139760 -3.034599
 39.180002 -2.130113 -2.344174
 39.380002 -2.206698 -2.906115
 39.580002 -1.876793 -2.495834
 39.780002 -2.276960 -2.795606
 39.980002 -1.701263 -2.847967
 40.180002 -2.191879 -2.455395
 40.380002 -2.022808 -2.676184
 40.580002 -2.076975 -2.400862
 40.780002 -2.075519 -2.624649
 40.980002 -1.790714 -2.832113
 41.180002 -2.260761 -2.514205
 41.380002 -1.998054 -2.675954
 41.580002 -2.132590 -2.482296
 41.780002 -2.135788 -2.481652
 41.980002 -1.932390 -2.829857
 42.180002 -2.075098 -2.459632
 42.380002 -2.101374 -2.735202
 42.580002 -2.256299 -2.682374
 42.780002 -2.054635 -2.450259
 42.980002 -2.106495 -2.712326
 43.180002 -2.331701 -2.508393
 43.380002 -2.005540 -2.566077
 43.580002 -2.158328 -2.862021
 43.780002 -2.058607 -2.456288
 43.980002 -2.034894 -2.743549
 44.180002 -2.161830 -2.494874
 44.380002 -2.099138 -2.415711
 44.580002 -2.289543 -2.789448
 44.780002 -1.996007 -2.502879
 44.980002 -2.077662 -2.734789
 45.180002 -2.200456 -2.699634
 45.380002 -2.147284 -2.434828
 45.580002 -2.177746 -2.743454
 45.780002 -1.963897 -2.534015
 45.980002 -2.349173 -2.793057
 46.180002 -2.072435 -2.674486
 46.380002 -2.203563 -2.693195
 46.580002 -2.172209 -2.573000
 46.780002 -2.119837 -2.586856
 46.980002 -2.143483 -2.564417
 47.180002 -2.020047 -2.569530
 47.380002 -2.269174 -2.498254
 47.580002 -2.157687 -2.650760
 47.780002 -2.062593 -2.422658
 47.980002 -2.174694 -2.679141
 48.180002 -2.030204 -2.513927
 48.380002 -2.156684 -2.363409
 48.580002 -2.226684 -2.721500
 48.780002 -2.095092 -2.322650
 48.980002 -2.117728 -2.715630
 49.180002 -1.954443 -2.679532
 49.380002 -2.056677 -2.298710
 49.580002 -2.327359 -2.857373
 49.780002 -2.020792 -2.263987
 49.980002 -2.246068 -2.817698
 50.180002 -1.949148 -2.732478
 50.380002 -2.056215 -2.420043
 50.580002 -2.141056 -2.892064
 50.780002 -2.049465 -2.355074
 50.980002 -2.254516 -2.716691
 51.180002 -2.005333 -2.733230
 51.380002 -2.124595 -2.333872
 51.580002 -2.128715 -2.952138
 51.780002 -2.015961 -2.375119
 51.980002 -2.133626 -2.533806
 52.180002 -1.995798 -2.640640
 52.380002 -2.158512 -2.246187
 52.580002 -2.034994 -2.750111
 52.780003 -2.233160 -2.535140
 52.980003 -2.001004 -2.496295
 53.180003 -2.150058 -2.664221
 53.380003 -2.098399 -2.374137
 53.580003 -2.122440 -2.760554
 53.780003 -2.174988 -2.620090
 53.980003 -2.052547 -2.533495
 54.180003 -2.400695 -2.704096
 54.380003 -1.956041 -2.438232
 54.580003 -2.106904 -2.896605
 54.780003 -2.058707 -2.433532
 54.980003 -1.963544 -2.612886
 55.180003 -2.302429 -2.481105
 55.380003 -1.867900 -2.329134
 55.580003 -2.217042 -2.760117
 55.780003 -2.146497 -2.596695
 55.980003 -1.909711 -2.596220
 56.180003 -2.330811 -2.773905
 56.380003 -1.848197 -2.327249
 56.580003 -2.265982 -2.884529
 56.780003 -1.766546 -2.624846
 56.980003 -2.137949 -2.553466
 57.180003 -2.125701 -2.892023
 57.380003 -1.854166 -2.279108
 57.580003 -2.382915 -2.768417
 57.780003 -1.890707 -2.538217
 57.980003 -2.246409 -2.494046
 58.180003 -2.170494 -2.820160
 58.380003 -2.106662 -2.307262
 58.580003 -2.221031 -2.748890
 58.780003 -1.892428 -2.344263
 58.980003 -2.163040 -2.422161
 59.180003 -2.046169 -2.772749
 59.380003 -2.057191 -2.265608
 59.580003 -2.106661 -2.931714
 59.780003 -2.136030 -2.389575
 59.980003 -2.088045 -2.441625
 60.180003 -2.121791 -2.861625
 60.380003 -2.112482 -2.103257
 60.580003 -2.205075 -2.992870
 60.780003 -1.943805 -2.417601
 60.980003 -2.120652 -2.528294
 61.180003 -2.134472 -2.797818
 61.380003 -2.038555 -2.156062
 61.580003 -2.197695 -3.089285
 61.780003 -2.112869 -2.400785
 61.980003 -2.159279 -2.572646
 62.180003 -2.066928 -2.647829
 62.380003 -2.102241 -2.239319
 62.580003 -2.329648 -2.954566
 62.780003 -2.069658 -2.299539
 62.980003 -2.191129 -2.618794
 63.180003 -2.055917 -2.703574
 63.380003 -2.089330 -2.477625
 63.580003 -2.059153 -2.887661
 63.780003 -1.985530 -2.483974
 63.980003 -2.249098 -2.689434
 64.180003 -1.964946 -2.571192
 64.380003 -2.195542 -2.533587
 64.580003 -2.055902 -2.832142
 64.780003 -2.274695 -2.422596
 64.980003 -2.149729 -2.754373
 65.180003 -1.843112 -2.528045
 65.380003 -2.328325 -2.651805
 65.580003 -2.025642 -2.675659
 65.780003 -2.207040 -2.473608
 65.980003 -2.041920 -2.536766
 66.180003 -2.113436 -2.540192
 66.380003 -2.185362 -2.523674
 66.580003 -1.962129 -2.578316
 66.780003 -2.214278 -2.484636
 66.980003 -2.090628 -2.586712
 67.180003 -2.156043 -2.752754
 67.380003 -2.159561 -2.580319
 67.580003 -2.154396 -2.695404
 67.780003 -2.275633 -2.859927
 67.980003 -2.049236 -2.484355
 68.180003 -2.392021 -2.794898
 68.380003 -1.998139 -2.608771
 68.580003 -2.176033 -2.560443
 68.780003 -2.139051 -2.773806
 68.980003 -2.149348 -2.412494
 69.180003 -2.246777 -2.602783
 69.380003 -1.947706 -2.693460
 69.580003 -2.167263 -2.399406
 69.780003 -1.978519 -2.789561
 69.980003 -2.230352 -2.476634
 70.180003 -2.130118 -2.560408
 70.380003 -2.107853 -2.705097
 70.580003 -2.176609 -2.383135
 70.780003 -2.078265 -2.839349
 70.980003 -2.078423 -2.499199
 71.180003 -2.186467 -2.501238
 71.380003 -2.194295 -2.841698
 71.580003 -2.080247 -2.165664
 71.780003 -2.113148 -2.842787
 71.980003 -2.182510 -2.514072
 72.180003 -2.097425 -2.590211
 72.380003 -1.996759 -2.748184
 72.580003 -2.189904 -2.335567
 72.780003 -2.280205 -2.992819
 72.980003 -2.084811 -2.249318
 73.180003 -2.233427 -2.816332
 73.380003 -2.161440 -2.600429
 73.580003 -2.136083 -2.350677
 73.780004 -1.993596 -2.851185
 73.980004 -2.051823 -2.468853
 74.180004 -2.152508 -2.805345
 74.380004 -1.931246 -2.672614
 74.580004 -2.234882 -2.321619
 74.780004 -2.134457 -2.854642
 74.980004 -2.123474 -2.358493
 75.180004 -2.011054 -2.635531
 75.380004 -1.794442 -2.702668
 75.580004 -2.298470 -2.488889
 75.780004 -1.945927 -2.847784
 75.980004 -2.131567 -2.264542
 76.180004 -1.971501 -2.689133
 76.380004 -1.976373 -2.718581
 76.580004 -2.127580 -2.282285
 76.780004 -1.992499 -2.911919
 76.980004 -2.332461 -2.343537
 77.180004 -1.763958 -2.955542
 77.380004 -2.111597 -2.563811
 77.580004 -2.007077 -2.470424
 77.780004 -2.137357 -2.820865
 77.980004 -2.103403 -2.355098
 78.180004 -1.930626 -2.799985
 78.380004 -2.234274 -2.569717
 78.580004 -1.930994 -2.598181
 78.780004 -2.201854 -2.697374
 78.980004 -2.136712 -2.335849
 79.180004 -2.147513 -2.786763
 79.380004 -2.066102 -2.561022
 79.580004 -1.883017 -2.494529
 79.780004 -2.409166 -2.855059
 79.980004 -2.015455 -2.327057
 80.180004 -2.136011 -2.711726
 80.380004 -2.163483 -2.609544
 80.580004 -2.066431 -2.588746
 80.780004 -2.083530 -2.786433
 80.980004 -2.029825 -2.437764
 81.180004 -2.282971 -2.768624
 81.380004 -2.014736 -2.498370
 81.580004 -2.131630 -2.538512
 81.780004 -2.072967 -2.741371
 81.980004 -2.083187 -2.332501
 82.180004 -2.192431 -2.702636
 82.380004 -2.085816 -2.470088
 82.580004 -2.146578 -2.387885
 82.780004 -2.100610 -2.687280
 82.980004 -2.186967 -2.316319
 83.180004 -2.197901 -2.833763
 83.380004 -2.105372 -2.388860
 83.580004 -2.008642 -2.657846
 83.780004 -2.078909 -2.726153
 83.980004 -2.109780 -2.408027
 84.180004 -2.105241 -2.793020
 84.380004 -2.042795 -2.395486
 84.580004 -2.125170 -2.718020
 84.780004 -1.985341 -2.677386
 84.980004 -2.091139 -2.601166
 85.180004 -2.180006 -2.740054
 85.380004 -2.141214 -2.465588
 85.580004 -2.070951 -2.682426
 85.780004 -2.018857 -2.627200
 85.980004 -2.117968 -2.499223
 86.180004 -2.106404 -2.833951
 86.380004 -2.064917 -2.397534
 86.580004 -2.073475 -2.669494
 86.780004 -2.104042 -2.584503
 86.980004 -2.140259 -2.418909
 87.180004 -2.112845 -2.790628
 87.380004 -2.147938 -2.439366
 87.580004 -1.994815 -2.730120
 87.780004 -2.000572 -2.504966
 87.980004 -2.065231 -2.442652
 88.180004 -2.103727 -2.709716
 88.380004 -2.128202 -2.540230
 88.580004 -1.894350 -2.739911
 88.780004 -2.106773 -2.764470
 88.980004 -2.055203 -2.534613
 89.180004 -2.111573 -2.869750
 89.380004 -2.165551 -2.615407
 89.580004 -2.022853 -2.851290
 89.780004 -2.049433 -2.672096
 89.980004 -2.135203 -2.412189
 90.180004 -2.121395 -2.744061
 90.380004 -2.085050 -2.347649
 90.580004 -2.016225 -2.610574
 90.780004 -2.146966 -2.746823
 90.980004 -2.176095 -2.159018
 91.180004 -2.198645 -2.916083
 91.380004 -2.101746 -2.424021
 91.580004 -2.059971 -2.561681
 91.780004 -2.181204 -2.797924
 91.980004 -1.979672 -2.216601
 92.180004 -2.200886 -2.674346
 92.380004 -2.043095 -2.593206
 92.580004 -1.934486 -2.465899
 92.780004 -2.017956 -2.640751
 92.980004 -2.110757 -2.435444
 93.180004 -2.198644 -2.837770
 93.380004 -2.020984 -2.441836
 93.580004 -2.080554 -2.470837
 93.780004 -2.277420 -2.770269
 93.980004 -1.909261 -2.424743
 94.180004 -2.159915 -2.862181
 94.380004 -2.006380 -2.645268
 94.580004 -2.157167 -2.513425
 94.780005 -2.184649 -2.651847
 94.980005 -2.020254 -2.256485
 95.180005 -2.356874 -2.713801
 95.380005 -2.079387 -2.614626
 95.580005 -2.034090 -2.591927
 95.780005 -2.074624 -2.597057
 95.980005 -2.005648 -2.405731
 96.180005 -2.176432 -2.613624
 96.380005 -1.916794 -2.666369
 96.580005 -2.126592 -2.763257
 96.780005 -2.084681 -2.632116
 96.980005 -1.948499 -2.719251
 97.180005 -2.150693 -2.569492
 97.380005 -1.989994 -2.565542
 97.580005 -2.055590 -2.828629
 97.780005 -2.173392 -2.489844
 97.980005 -2.060428 -2.431630
 98.180005 -2.338349 -2.715985
 98.380005 -1.902747 -2.432467
 98.580005 -2.122125 -2.803738
 98.780005 -2.094241 -2.470904
 98.980005 -2.005659 -2.485587
 99.180005 -2.317313 -2.644979
 99.380005 -1.909152 -2.397816
 99.580005 -2.233338 -2.652671
 99.780005 -2.068067 -2.622537
 99.980005 -2.097372 -2.509982
 100.180005 -2.156837 -2.686051
 100.380005 -1.953812 -2.525623
 100.580005 -2.283379 -2.367053
 100.780005 -1.926718 -2.694831
 100.980005 -2.184417 -2.333157
 101.180005 -2.223247 -2.822592
 101.380005 -1.764567 -2.520249
 101.580005 -2.368462 -2.607031
 101.780005 -1.762359 -2.631218
 101.980005 -2.308660 -2.454812
 102.180005 -2.113048 -2.716227
 102.380005 -1.955077 -2.477738
 102.580005 -2.074315 -2.792309
 102.780005 -1.878225 -2.643822
 102.980005 -2.269026 -2.717576
 103.180005 -2.023624 -2.517071
 103.380005 -2.149702 -2.595187
 103.580005 -1.983085 -2.598955
 103.780005 -2.108611 -2.568576
 103.980005 -2.223075 -2.779400
 104.180005 -1.974588 -2.420382
 104.380005 -2.279966 -2.617876
 104.580005 -1.989845 -2.589436
 104.780005 -2.111117 -2.471103
 104.980005 -2.100112 -2.647658
 105.180005 -1.869293 -2.490965
 105.380005 -2.103390 -2.590113
 105.580005 -1.899619 -2.827130
 105.780005 -2.130685 -2.435083
 105.980005 -2.179625 -2.631132
 106.180005 -2.090133 -2.471998
 106.380005 -2.063273 -2.496325
 106.580005 -1.924176 -2.789338
 106.780005 -2.250386 -2.501590
 106.980005 -1.939372 -2.832148
 107.180005 -2.130653 -2.512982
 107.380005 -2.237287 -2.828976
 107.580005 -2.129220 -2.673459
 107.780005 -2.167230 -2.741592
 107.980005 -2.119544 -2.653125
 108.180005 -2.071705 -2.469963
 108.380005 -2.150168 -2.757259
 108.580005 -1.974229 -2.466922
 108.780005 -2.182383 -2.601161
 108.980005 -2.124920 -2.727521
 109.180005 -2.199201 -2.325875
 109.380005 -2.164045 -2.595724
 109.580005 -2.129341 -2.495673
 109.780005 -1.967059 -2.348276
 109.980005 -2.068728 -2.813495
 110.180005 -2.180868 -2.584026
 110.380005 -2.186613 -2.470845
 110.580005 -2.107377 -2.673103
 110.780005 -2.307107 -2.428371
 110.980005 -2.057585 -2.599678
 111.180005 -2.205967 -2.609076
 111.380005 -1.847338 -2.467515
 111.580005 -2.263947 -2.963349
 111.780005 -1.962702 -2.420327
 111.980005 -1.957665 -2.713411
 112.180005 -2.402331 -2.625743
 112.380005 -2.114376 -2.443475
 112.580005 -2.066077 -2.685196
 112.780005 -2.065855 -2.367800
 112.980005 -2.133364 -2.750717
 113.180005 -2.151097 -2.548367
 113.380005 -1.875390 -2.534198
 113.580005 -2.108305 -2.628426
 113.780005 -2.110562 -2.312636
 113.980005 -2.144640 -2.785312
 114.180005 -2.146201 -2.229208
 114.380005 -2.049197 -2.754737
 114.580005 -2.224308 -2.586014
 114.780005 -2.048671 -2.440467
 114.980005 -2.109765 -2.880512
 115.180005 -2.159340 -2.314207
 115.380005 -1.938230 -2.837040
 115.580005 -2.134277 -2.686704
 115.780005 -2.003688 -2.393221
 115.980006 -2.275762 -2.964894
 116.180006 -1.924184 -2.222551
 116.380006 -2.022852 -2.910723
 116.580006 -2.118692 -2.658038
 116.780006 -2.083308 -2.435166
 116.980006 -2.215110 -3.017427
 117.180006 -2.012351 -2.160129
 117.380006 -2.070943 -2.926514
 117.580006 -2.078159 -2.501039
 117.780006 -1.774027 -2.358312
 117.980006 -2.335527 -2.934842
 118.180006 -1.989216 -2.228954
 118.380006 -2.101287 -2.827555
 118.580006 -2.238433 -2.592214
 118.780006 -1.787436 -2.417118
 118.980006 -2.263979 -2.874311
 119.180006 -1.841760 -2.366903
 119.380006 -2.310229 -2.772414
 119.580006 -2.053801 -2.529522
 119.780006 -2.014402 -2.573179
 119.980006 -2.297933 -2.804221
 120.180006 -1.832178 -2.299256
 120.380006 -2.348441 -2.871848
 120.580006 -1.938638 -2.368274
 120.780006 -2.209307 -2.790422
 120.980006 -2.020548 -2.497352
 121.180006 -1.963126 -2.487186
 121.380006 -2.398531 -2.830634
 121.580006 -1.742312 -2.304010
 121.780006 -2.180203 -2.762523
 121.980006 -1.961285 -2.556737
 122.180006 -1.985857 -2.464276
 122.380006 -2.179217 -2.784906
 122.580006 -1.846732 -2.363166
 122.780006 -2.291032 -2.741611
 122.980006 -1.909222 -2.642150
 123.180006 -2.209885 -2.566473
 123.380006 -2.182912 -2.759727
 123.580006 -1.799043 -2.658594
 123.780006 -2.194659 -2.403216
 123.980006 -1.928594 -2.734134
 124.180006 -2.139985 -2.574862
 124.380006 -2.079163 -2.573797
 124.580006 -1.974913 -2.728556
 124.780006 -2.254585 -2.405988
 124.980006 -1.837973 -2.760067
 125.180006 -2.213343 -2.587231
 125.380006 -1.933678 -2.411801
 125.580006 -2.151024 -2.887320
 125.780006 -2.083346 -2.391193
 125.980006 -1.862556 -2.799824
 126.180006 -2.306945 -2.580585
 126.380006 -1.801143 -2.483992
 126.580006 -2.239107 -2.733843
 126.780006 -2.033167 -2.282919
 126.980006 -2.024583 -2.818484
 127.180006 -2.223333 -2.571115
 127.380006 -2.106586 -2.544663
 127.580006 -2.212109 -2.753485
 127.780006 -1.981970 -2.398946
 127.980006 -1.998225 -2.754056
 128.180006 -2.175492 -2.578387
 128.380006 -2.023678 -2.528520
 128.580006 -2.352820 -2.768778
 128.780006 -2.042902 -2.416177
 128.980006 -2.081168 -2.703016
 129.180006 -2.065230 -2.516449
 129.380006 -1.997141 -2.563814
 129.580006 -2.193163 -2.647026
 129.780006 -1.940266 -2.522655
 129.980006 -2.060410 -2.624448
 130.180006 -2.260714 -2.693968
 130.380006 -2.012288 -2.565630
 130.580006 -2.206360 -2.717971
 130.780006 -1.996837 -2.616830
 130.980006 -1.866367 -2.535119
 131.180006 -2.076721 -2.727732
 131.380006 -2.049537 -2.597084
 131.580006 -2.294959 -2.718134
 131.780006 -2.108611 -2.599569
 131.980006 -1.948183 -2.418557
 132.180006 -2.110551 -2.626372
 132.380006 -2.039377 -2.473681
 132.580006 -2.068825 -2.614034
 132.780006 -2.133175 -2.548584
 132.980006 -2.076648 -2.504783
 133.180006 -2.134716 -2.746994
 133.380006 -2.062576 -2.539201
 133.580006 -2.277174 -2.749148
 133.780006 -2.033587 -2.550280
 133.980006 -2.073426 -2.650005
 134.180006 -2.105869 -2.751941
 134.380006 -2.166675 -2.704642
 134.580006 -2.145957 -2.590827
 134.780006 -2.074805 -2.560616
 134.980006 -2.141693 -2.670478
 135.180006 -1.880122 -2.443562
 135.380006 -2.119932 -2.736089
 135.580006 -2.232272 -2.235292
 135.780006 -2.324786 -2.751457
 135.980006 -2.129391 -2.397813
 136.180006 -2.015144 -2.485624
 136.380006 -2.033040 -2.938377
 136.580006 -1.984647 -2.405804
 136.780006 -2.118941 -2.758676
 136.980007 -2.054252 -2.536411
 137.180007 -2.262577 -2.433141
 137.380007 -2.089498 -2.853604
 137.580007 -2.024616 -2.420327
 137.780007 -2.241396 -2.715250
 137.980007 -1.960021 -2.761342
 138.180007 -2.053430 -2.384174
 138.380007 -2.019515 -2.799529
 138.580007 -2.263535 -2.367804
 138.780007 -1.966501 -2.572437
 138.980007 -2.261584 -2.682763
 139.180007 -1.963722 -2.372976
 139.380007 -2.137738 -2.882091
 139.580007 -1.963963 -2.334747
 139.780007 -1.990786 -2.694917
 139.980007 -2.220190 -2.698313
 140.180007 -1.978952 -2.336225
 140.380007 -2.136018 -2.963636
 140.580007 -2.148396 -2.295807
 140.780007 -2.155611 -2.776391
 140.980007 -2.233149 -2.551002
 141.180007 -2.044021 -2.550881
 141.380007 -2.217837 -2.821756
 141.580007 -1.812217 -2.337590
 141.780007 -2.209112 -2.703308
 141.980007 -2.146601 -2.555986
 142.180007 -2.071790 -2.473365
 142.380007 -2.247200 -2.763317
 142.580007 -1.989096 -2.339657
 142.780007 -2.235035 -2.805260
 142.980007 -1.907036 -2.379520
 143.180007 -2.098282 -2.469985
 143.380007 -2.105591 -2.656116
 143.580007 -2.089403 -2.399023
 143.780007 -2.021212 -2.633580
 143.980007 -2.157654 -2.735057
 144.180007 -2.122444 -2.502543
 144.380007 -2.144897 -2.641786
 144.580007 -2.106747 -2.435714
 144.780007 -2.070343 -2.625672
 144.980007 -2.277795 -2.695806
 145.180007 -1.962416 -2.580830
 145.380007 -2.255317 -2.841611
 145.580007 -2.073725 -2.548885
 145.780007 -2.164065 -2.700459
 145.980007 -2.126033 -2.636841
 146.180007 -2.000693 -2.469679
 146.380007 -2.372369 -2.812186
 146.580007 -1.910839 -2.549511
 146.780007 -2.109720 -2.627237
 146.980007 -2.039572 -2.705248
 147.180007 -1.937923 -2.387890
 147.380007 -2.172981 -2.816410
 147.580007 -1.876827 -2.443075
 147.780007 -2.262393 -2.633838
 147.980007 -1.968285 -2.684777
 148.180007 -2.071254 -2.381769
 148.380007 -2.332103 -2.750397
 148.580007 -1.977265 -2.332792
 148.780007 -2.300616 -2.546106
 148.980007 -1.857205 -2.697067
 149.180007 -2.281751 -2.507310
 149.380007 -2.160980 -2.841694
 149.580007 -1.984351 -2.590239
 149.780007 -2.190202 -2.584807
 149.980007 -1.962747 -2.603437
 150.180007 -2.300581 -2.586361
 150.380007 -1.956897 -2.687835
 150.580007 -2.101430 -2.403818
 150.780007 -2.226106 -2.851592
 150.980007 -1.912269 -2.449898
 151.180007 -2.138620 -2.507028
 151.380007 -2.069243 -2.561902
 151.580007 -2.091708 -2.516502
 151.780007 -2.205420 -2.720981
 151.980007 -1.902310 -2.317150
 152.180007 -2.449623 -2.835762
 152.380007 -1.974354 -2.458581
 152.580007 -2.035912 -2.460039
 152.780007 -2.034573 -2.829386
 152.980007 -1.970026 -2.267202
 153.180007 -2.317866 -2.927074
 153.380007 -1.825367 -2.382914
 153.580007 -2.442806 -2.668757
 153.780007 -1.839496 -2.791925
 153.980007 -2.245385 -2.315187
 154.180007 -2.025630 -2.788706
 154.380007 -2.084109 -2.470728
 154.580007 -2.389163 -2.722229
 154.780007 -1.599849 -2.529670
 154.980007 -2.476333 -2.509462
 155.180007 -1.770218 -2.776532
 155.380007 -2.223895 -2.287751
 155.580007 -2.033939 -2.694319
 155.780007 -2.006920 -2.469782
 155.980007 -2.394517 -2.503167
 156.180007 -1.815384 -2.682236
 156.380007 -2.461309 -2.592600
 156.580007 -1.893069 -2.679130
 156.780007 -2.129469 -2.592921
 156.980007 -2.299479 -2.578014
 157.180007 -1.745076 -2.791147
 157.380007 -2.526062 -2.495584
 157.580007 -1.836872 -2.745740
 157.780007 -2.109124 -2.818996
 157.980008 -2.049556 -2.406769
 158.180008 -1.838921 -2.893547
 158.380008 -2.435144 -2.318293
 158.580008 -1.847708 -2.563006
 158.780008 -2.358756 -2.645314
 158.980008 -1.915307 -2.413671
 159.180008 -2.063956 -2.894739
 159.380008 -2.248118 -2.490756
 159.580008 -1.838690 -2.523375
 159.780008 -2.438383 -2.582927
 159.980008 -1.754441 -2.396343
 160.180008 -2.309860 -2.750357
 160.380008 -1.955768 -2.604607
 160.580008 -2.110368 -2.688570
 160.780008 -2.300401 -2.695557
 160.980008 -1.847393 -2.425615
 161.180008 -2.475500 -2.747607
 161.380008 -1.909489 -2.587315
 161.580008 -2.332594 -2.683708
 161.780008 -2.120758 -2.700235
 161.980008 -1.937396 -2.435444
 162.180008 -2.412301 -2.604052
 162.380008 -1.844714 -2.437755
 162.580008 -2.299250 -2.431580
 162.780008 -2.092165 -2.748250
 162.980008 -2.058873 -2.481900
 163.180008 -2.101530 -2.613110
 163.380008 -1.755843 -2.730901
 163.580008 -2.510169 -2.567304
 163.780008 -1.969990 -2.650679
 163.980008 -2.099201 -2.514914
 164.180008 -2.192631 -2.750268
 164.380008 -1.940312 -2.614362
 164.580008 -2.220364 -2.553027
 164.780008 -1.802836 -2.768263
 164.980008 -2.549987 -2.590472
 165.180008 -1.930646 -2.727226
 165.380008 -2.034564 -2.721701
 165.580008 -2.147643 -2.504040
 165.780008 -1.968150 -2.706156
 165.980008 -2.302716 -2.429602
 166.180008 -1.860650 -2.588499
 166.380008 -2.233977 -2.549308
 166.580008 -1.962798 -2.551237
 166.780008 -1.890284 -2.550823
 166.980008 -2.126671 -2.685516
 167.180008 -1.894652 -2.520483
 167.380008 -2.332186 -2.626235
 167.580008 -1.936036 -2.561938
 167.780008 -2.057532 -2.415544
 167.980008 -2.163846 -2.749237
 168.180008 -1.953774 -2.491719
 168.380008 -2.384674 -2.677980
 168.580008 -1.924316 -2.505038
 168.780008 -2.226105 -2.635380
 168.980008 -2.023175 -2.710966
 169.180008 -1.908888 -2.526340
 169.380008 -2.302799 -2.712688
 169.580008 -2.012767 -2.682368
 169.780008 -2.238086 -2.535149
 169.980008 -2.124672 -2.863940
 170.180008 -2.074354 -2.511095
 170.380008 -2.058950 -2.614931
 170.580008 -2.023081 -2.696661
 170.780008 -2.444329 -2.490027
 170.980008 -1.971633 -2.667628
 171.180008 -2.063997 -2.428741
 171.380008 -2.111250 -2.608472
 171.580008 -1.953261 -2.570593
 171.780008 -2.232787 -2.662462
 171.980008 -1.772984 -2.521574
 172.180008 -2.385998 -2.824850
 172.380008 -1.927843 -2.480571
 172.580008 -2.210718 -2.759192
 172.780008 -2.122047 -2.868892
 172.980008 -1.975346 -2.453592
 173.180008 -2.234563 -2.789297
 173.380008 -1.959006 -2.478234
 173.580008 -2.210018 -2.647065
 173.780008 -2.172976 -2.722308
 173.980008 -2.179530 -2.623931
 174.180008 -2.096387 -2.749165
 174.380008 -2.050116 -2.405021
 174.580008 -2.005067 -2.689907
 174.780008 -2.050529 -2.632366
 174.980008 -2.099803 -2.610356
 175.180008 -2.088911 -2.771440
 175.380008 -2.028773 -2.405922
 175.580008 -2.041323 -2.853751
 175.780008 -2.250577 -2.518335
 175.980008 -2.048645 -2.644444
 176.180008 -2.056881 -2.690633
 176.380008 -2.185735 -2.473942
 176.580008 -2.105344 -2.899440
 176.780008 -2.215535 -2.360552
 176.980008 -2.109061 -2.608507
 177.180008 -2.253920 -2.623472
 177.380008 -1.945093 -2.257320
 177.580008 -2.042218 -2.824283
 177.780008 -2.210610 -2.434493
 177.980008 -1.866598 -2.610107
 178.180008 -2.157305 -2.583818
 178.380008 -2.008391 -2.384961
 178.580008 -2.287529 -2.677278
 178.780008 -2.149093 -2.470176
 178.980009 -1.867639 -2.667560
 179.180009 -2.343805 -2.709759
 179.380009 -1.911153 -2.686792
 179.580009 -2.177241 -2.625882
 179.780009 -2.076898 -2.439040
 179.980009 -2.154253 -2.742617
 180.180009 -2.305557 -2.596648
 180.380009 -1.886583 -2.721955
 180.580009 -2.311133 -2.709193
 180.780009 -1.954918 -2.446425
 180.980009 -2.078294 -2.725093
 181.180009 -2.126787 -2.557433
 181.380009 -1.829989 -2.648251
 181.580009 -2.175582 -2.634460
 181.780009 -1.698071 -2.512520
 181.980009 -2.463665 -2.736491
 182.180009 -2.041214 -2.477469
 182.380009 -1.973035 -2.660157
 182.580009 -2.306791 -2.633898
 182.780009 -1.774124 -2.562384
 182.980009 -2.321907 -2.898407
 183.180009 -1.825114 -2.445729
 183.380009 -2.204185 -2.639395
 183.580009 -2.202079 -2.550926
 183.780009 -1.806637 -2.445414
 183.980009 -2.324118 -2.601023
 184.180009 -1.746505 -2.625098
 184.380009 -2.223865 -2.675398
 184.580009 -1.993299 -2.498249
 184.780009 -2.071095 -2.584563
 184.980009 -2.186205 -2.441582
 185.180009 -1.882309 -2.629667
 185.380009 -2.242153 -2.615281
 185.580009 -1.846381 -2.432459
 185.780009 -2.237526 -2.744626
 185.980009 -1.973715 -2.454602
 186.180009 -2.162958 -2.769605
 186.380009 -2.178879 -2.551434
 186.580009 -1.994182 -2.696333
 186.780009 -2.153922 -2.575185
 186.980009 -2.077195 -2.686895
 187.180009 -2.093324 -2.533780
 187.380009 -1.988935 -2.792913
 187.580009 -2.072263 -2.534186
 187.780009 -2.066271 -2.431216
 187.980009 -2.182398 -2.740299
 188.180009 -2.212830 -2.307495
 188.380009 -2.298357 -2.923048
 188.580009 -1.921753 -2.405016
 188.780009 -2.090544 -2.556762
 188.980009 -2.250801 -2.815587
 189.180009 -1.950244 -2.374605
 189.380009 -2.101626 -2.786225
 189.580009 -1.939682 -2.403436
 189.780009 -2.217406 -2.723669
 189.980009 -1.971699 -2.630506
 190.180009 -2.229275 -2.511233
 190.380009 -2.148158 -2.689280
 190.580009 -2.003969 -2.404425
 190.780009 -2.097762 -2.808333
 190.980009 -2.012340 -2.530949
 191.180009 -2.129510 -2.554197
 191.380009 -2.043825 -2.656087
 191.580009 -2.104167 -2.385912
 191.780009 -2.125638 -2.797486
 191.980009 -1.984795 -2.028302
 192.180009 -2.196030 -2.852073
 192.380009 -2.090967 -2.426133
 192.580009 -1.862235 -2.613027
 192.780009 -2.202269 -2.883253
 192.980009 -1.872653 -2.357588
 193.180009 -2.331228 -2.881875
 193.380009 -1.946376 -2.359044
 193.580009 -2.336828 -2.726603
 193.780009 -2.031919 -2.762567
 193.980009 -2.098917 -2.302567
 194.180009 -2.223356 -2.870136
 194.380009 -1.863799 -2.310567
 194.580009 -2.290953 -2.502756
 194.780009 -1.917531 -2.800861
 194.980009 -2.220866 -2.232940
 195.180009 -2.084291 -2.763592
 195.380009 -1.875949 -2.347077
 195.580009 -2.322359 -2.596960
 195.780009 -1.951455 -2.736003
 195.980009 -2.219229 -2.343949
 196.180009 -1.995017 -2.670818
 196.380009 -2.141603 -2.606818
 196.580009 -2.226978 -2.705844
 196.780009 -1.964940 -2.736402
 196.980009 -2.408077 -2.518298
 197.180009 -1.907268 -2.722827
 197.380009 -2.155319 -2.515621
 197.580009 -2.010460 -2.579175
 197.780009 -2.200004 -2.910504
 197.980009 -2.313929 -2.291683
 198.180009 -1.947627 -2.843363
 198.380009 -2.353666 -2.434090
 198.580009 -1.950272 -2.526062
 198.780009 -2.080131 -2.776542
 198.980009 -2.200917 -2.239028
 199.180009 -2.060208 -2.719222
 199.380009 -2.302116 -2.409398
 199.580009 -1.861321 -2.360336
 199.780009 -2.156383 -2.839355
 199.980009 -2.131848 -2.236729
