#! FIELDS time phi psi
#! SET max_psi pi
 0.180000 2.174549 0.757992
 0.380000 3.067220 0.836245
 0.580000 2.616812 0.254881
 0.780000 1.898037 0.135281
 0.980000 1.616219 0.353484
 1.180000 2.812106 0.090761
 1.380000 2.673428 0.795802
 1.580000 2.559103 0.674517
 1.780000 1.759346 -0.244900
 1.980000 1.731254 0.731942
 2.180000 2.457950 0.140808
 2.380000 2.123769 0.366547
 2.580000 2.152505 0.664774
 2.780000 2.154780 -0.093559
 2.980000 1.741820 0.463206
 3.180000 1.833540 0.112996
 3.380000 2.688440 0.218922
 3.580000 2.066875 0.834780
 3.780000 2.015420 0.209705
 3.980000 1.875549 0.049483
 4.180000 1.719110 0.545452
 4.380000 2.365076 -0.097821
 4.580000 1.731847 0.522486
 4.780000 1.875504 0.059541
 4.980000 2.080431 0.308953
 5.180000 1.814137 0.281968
 5.380000 1.939253 0.158081
 5.580000 1.810091 0.260753
 5.780000 2.162974 0.037916
 5.980000 1.775387 0.434613
 6.180000 1.782917 0.037893
 6.380000 1.987336 0.479387
 6.580000 1.958444 0.187809
 6.780000 2.144211 0.360217
 6.980000 1.610805 0.155365
 7.180000 2.189270 0.236401
 7.380000 2.150117 0.464775
 7.580000 1.791348 0.195648
 7.780000 1.987198 0.118589
 7.980000 1.831287 0.467468
 8.180000 2.218256 0.021275
 8.380000 1.961310 0.519164
 8.580000 1.889563 0.126686
 8.780000 2.161110 0.362787
 8.980000 1.964287 0.507530
 9.180000 1.772338 0.126655
 9.380000 1.699316 0.407094
 9.580000 2.081959 0.284394
 9.780000 2.121550 0.472651
 9.980000 1.818405 0.079835
 10.180000 1.994821 0.376799
 10.380000 1.961846 0.134797
 10.580001 2.001890 0.364905
 10.780001 1.671886 0.156530
 10.980001 2.180635 0.265722
 11.180001 1.952567 0.208075
 11.380001 1.800532 0.274675
 11.580001 2.021820 0.300542
 11.780001 1.806060 0.278761
 11.980001 2.001034 0.367331
 12.180001 1.766438 0.232274
 12.380001 1.901870 0.468572
 12.580001 2.003557 0.182453
 12.780001 1.959979 0.274035
 12.980001 2.149259 0.335804
 13.180001 1.870578 0.271544
 13.380001 2.147786 0.276385
 13.580001 1.922348 0.399665
 13.780001 1.968368 0.299802
 13.980001 1.947102 0.170964
 14.180001 1.960000 0.414345
 14.380001 2.160398 0.331598
 14.580001 1.700169 0.076640
 14.780001 1.915405 0.512601
 14.980001 2.184917 0.100795
 15.180001 1.920518 0.270750
 15.380001 1.927820 0.300693
 15.580001 1.854624 0.128403
 15.780001 2.259268 0.561783
 15.980001 2.096417 0.099626
 16.180001 1.665795 0.231562
 16.380001 2.025310 0.368398
 16.580001 2.307400 0.073392
 16.780001 1.966537 0.530574
 16.980001 1.712006 0.053832
 17.180001 2.149662 0.386009
 17.380001 2.320384 0.793698
 17.580001 2.535472 0.485659
 17.780001 2.406936 0.701108
 17.980001 2.484814 0.647203
 18.180001 2.815839 0.630276
 18.380001 2.866210 0.722426
 18.580001 2.518062 0.526890
 18.780001 1.890498 0.442000
 18.980001 1.669781 -0.150934
 19.180001 2.117226 0.648376
 19.380001 2.564392 0.203785
 19.580001 2.154965 0.606514
 19.780001 1.980530 0.308082
 19.980001 1.658659 0.075948
 20.180001 2.180931 0.512268
 20.380001 2.457901 0.655945
 20.580001 3.071571 0.547697
 20.780001 2.615221 0.812310
 20.980001 2.050011 -0.085121
 21.180001 1.604362 0.359230
 21.380001 2.136046 0.169057
 21.580001 2.335508 0.148934
 21.780001 1.771681 0.355720
 21.980001 1.848770 0.063677
 22.180001 2.201755 0.416918
 22.380001 2.325379 0.547665
 22.580001 2.160529 0.017544
 22.780001 1.579609 0.453300
 22.980001 2.212737 0.051430
 23.180001 2.412240 0.606844
 23.380001 2.166891 0.812112
 23.580001 2.406575 0.297983
 23.780001 1.850037 0.096358
 23.980001 1.726360 0.419476
 24.180001 2.298821 0.051116
 24.380001 2.060074 0.451140
 24.580001 1.700298 0.282616
 24.780001 1.934115 0.085747
 24.980001 2.276800 0.539469
 25.180001 2.096931 0.379226
 25.380001 1.705805 0.035245
 25.580001 1.789283 0.626817
 25.780001 2.059102 0.035505
 25.980001 2.027002 0.233619
 26.180001 1.703769 0.308872
 26.380001 2.229113 0.030993
 26.580001 2.252527 0.462672
 26.780001 1.870342 0.339797
 26.980001 1.898130 0.216576
 27.180001 1.873737 0.601497
 27.380001 1.997904 0.115305
 27.580001 1.838371 0.406142
 27.780001 2.014122 0.244882
 27.980001 2.013352 0.227233
 28.180001 1.940756 0.477201
 28.380001 1.754851 0.113950
 28.580001 1.924987 0.442932
 28.780001 2.152978 0.281198
 28.980001 1.833254 0.250497
 29.180001 1.895576 0.382676
 29.380001 1.974819 0.191186
 29.580001 2.017015 0.237091
 29.780001 1.847307 0.370652
 29.980001 1.831137 0.198500
 30.180001 2.127344 0.229604
 30.380001 2.012876 0.381246
 30.580001 1.837806 0.162813
 30.780001 1.938132 0.225733
 30.980001 2.165619 0.377564
 31.180001 1.858286 0.218858
 31.380001 1.767220 0.371670
 31.580001 2.006955 0.114227
 31.780002 1.938226 0.255919
 31.980002 1.764186 0.254455
 32.180002 1.773228 0.208854
 32.380002 2.149274 0.230866
 32.580002 1.841996 0.430483
 32.780002 1.800760 -0.058007
 32.980002 1.937814 0.473183
 33.180002 1.949906 0.037901
 33.380002 2.106690 0.284329
 33.580002 1.712576 0.333394
 33.780002 2.139829 0.169565
 33.980002 1.991249 0.437812
 34.180002 1.727035 0.275064
 34.380002 2.120442 0.213028
 34.580002 2.087098 0.718765
 34.780002 2.154411 0.101470
 34.980002 1.656478 0.282467
 35.180002 1.980215 0.574117
 35.380002 2.388734 0.044612
 35.580002 1.758758 0.350190
 35.780002 1.859883 0.112549
 35.980002 1.950182 0.210277
 36.180002 2.151848 0.485140
 36.380002 2.065116 0.455530
 36.580002 1.965352 -0.127887
 36.780002 1.685792 0.538307
 36.980002 1.896252 0.146767
 37.180002 2.321749 0.258599
 37.380002 1.925759 0.372837
 37.580002 1.720511 0.154857
 37.780002 2.058440 0.275990
 37.980002 1.807353 0.508277
 38.180002 2.007942 -0.003067
 38.380002 2.017913 0.384605
 38.580002 2.108517 0.269479
 38.780002 1.760657 0.204915
 38.980002 1.955273 0.307525
 39.180002 1.991646 0.219355
 39.380002 1.799175 0.332843
 39.580002 2.101204 0.226660
 39.780002 1.770666 0.286403
 39.980002 1.960795 0.406725
 40.180002 2.081611 0.133995
 40.380002 1.600798 0.472252
 40.580002 2.318240 -0.032358
 40.780002 1.915303 0.468694
 40.980002 1.955031 0.483556
 41.180002 2.013175 0.159413
 41.380002 1.727550 0.503869
 41.580002 2.249022 0.112985
 41.780002 1.791171 0.232869
 41.980002 1.647659 0.426620
 42.180002 2.125691 -0.147006
 42.380002 1.968996 0.474155
 42.580002 1.963785 0.161867
 42.780002 1.888545 0.143451
 42.980002 2.068011 0.243253
 43.180002 1.899388 0.342104
 43.380002 1.782755 -0.005703
 43.580002 1.911328 0.390582
 43.780002 2.024771 0.144612
 43.980002 1.906622 0.171655
 44.180002 1.700414 0.313112
 44.380002 2.041836 0.267163
 44.580002 2.165435 0.172112
 44.780002 1.864234 0.333174
 44.980002 2.026701 0.197013
 45.180002 1.982424 0.313933
 45.380002 1.799150 0.239612
 45.580002 2.054469 0.222225
 45.780002 2.044246 0.386666
 45.980002 2.082356 0.168300
 46.180002 1.792869 0.427728
 46.380002 2.068171 0.277714
 46.580002 1.983795 0.227810
 46.780002 1.691384 0.482239
 46.980002 2.232280 0.189057
 47.180002 1.972330 0.356764
 47.380002 2.129676 0.266520
 47.580002 1.773344 0.151879
 47.780002 1.811747 0.405434
 47.980002 2.083366 0.223093
 48.180002 1.803126 0.267810
 48.380002 2.023342 0.395905
 48.580002 1.742112 0.219998
 48.780002 2.131949 0.457984
 48.980002 1.918923 0.403875
 49.180002 1.925220 0.192119
 49.380002 1.883950 0.434731
 49.580002 1.808486 0.119836
 49.780002 2.157964 0.332581
 49.980002 2.015399 0.142867
 50.180002 1.895402 0.362870
 50.380002 1.895526 0.314441
 50.580002 1.880011 0.278677
 50.780002 2.153060 0.282351
 50.980002 1.757121 0.268292
 51.180002 1.916164 0.360413
 51.380002 2.107167 0.181165
 51.580002 1.828078 0.442630
 51.780002 2.133285 0.072740
 51.980002 1.936152 0.410528
 52.180002 2.130357 0.309676
 52.380002 1.837118 0.179258
 52.580002 1.844378 0.367691
 52.780003 2.030498 0.111406
 52.980003 1.921145 0.454576
 53.180003 2.180034 0.240956
 53.380003 1.897479 0.223847
 53.580003 1.999004 0.396670
 53.780003 1.821450 0.252552
 53.980003 2.004864 0.165704
 54.180003 2.096591 0.374505
 54.380003 1.768529 0.240439
 54.580003 2.027751 0.176811
 54.780003 2.186225 0.545106
 54.980003 1.794240 0.326813
 55.180003 1.978745 0.098433
 55.380003 1.955441 0.462925
 55.580003 1.909924 0.031455
 55.780003 1.995566 0.496431
 55.980003 1.885407 0.262931
 56.180003 2.215898 0.188166
 56.380003 1.833368 0.310956
 56.580003 1.739515 0.136387
 56.780003 2.207913 0.345022
 56.980003 2.140626 0.484879
 57.180003 2.085708 0.157946
 57.380003 1.743077 0.316053
 57.580003 2.082335 0.251082
 57.780003 1.996869 0.172561
 57.980003 1.618340 0.294229
 58.180003 1.925739 0.268446
 58.380003 2.099539 0.335932
 58.580003 1.680959 0.313388
 58.780003 1.959178 0.092014
 58.980003 1.989407 0.234411
 59.180003 1.936405 0.048654
 59.380003 1.773493 0.263417
 59.580003 1.965771 0.342113
 59.780003 2.101549 0.042255
 59.980003 1.684254 0.407282
 60.180003 1.813601 0.114267
 60.380003 1.990054 0.422522
 60.580003 2.040438 0.298627
 60.780003 1.928516 0.179311
 60.980003 1.858570 0.408093
 61.180003 2.307349 0.227853
 61.380003 1.904265 0.419434
 61.580003 2.028008 0.116099
 61.780003 1.966265 0.380790
 61.980003 2.205606 0.256962
 62.180003 2.023325 0.252655
 62.380003 1.585682 0.284850
 62.580003 2.038135 0.245689
 62.780003 2.119730 0.126954
 62.980003 1.645295 0.387668
 63.180003 1.813183 0.126447
 63.380003 2.103194 0.406420
 63.580003 2.289375 0.222035
 63.780003 1.695357 0.295675
 63.980003 1.816236 0.153671
 64.180003 2.346670 0.323249
 64.380003 1.850252 0.378292
 64.580003 1.935871 0.096401
 64.780003 1.892119 0.430593
 64.980003 2.120910 0.562888
 65.180003 2.575547 0.730131
 65.380003 2.802772 0.649526
 65.580003 2.351653 0.737822
 65.780003 2.017124 0.054872
 65.980003 1.742290 0.297339
 66.180003 2.285739 0.145569
 66.380003 2.433100 0.279310
 66.580003 1.841518 0.579343
 66.780003 1.907160 0.120034
 66.980003 1.826709 0.228209
 67.180003 2.021328 0.467272
 67.380003 2.171523 0.250421
 67.580003 1.669911 0.262602
 67.780003 2.282232 0.182889
 67.980003 2.183275 0.402270
 68.180003 1.670388 0.625064
 68.380003 1.946601 -0.098341
 68.580003 1.804352 0.456492
 68.780003 2.185067 0.316015
 68.980003 1.957925 -0.027517
 69.180003 1.788364 0.556122
 69.380003 2.264433 0.210094
 69.580003 2.109907 0.253599
 69.780003 1.876568 0.430943
 69.980003 1.876673 -0.065297
 70.180003 1.958323 0.626737
 70.380003 2.104774 0.237271
 70.580003 1.766180 0.111166
 70.780003 1.762151 0.474498
 70.980003 2.043277 0.145149
 71.180003 2.196745 0.176312
 71.380003 1.860682 0.532958
 71.580003 1.807925 -0.118845
 71.780003 2.177844 0.573164
 71.980003 1.994659 0.242583
 72.180003 1.719272 0.259666
 72.380003 1.919882 0.210252
 72.580003 2.045847 0.180941
 72.780003 2.212622 0.446351
 72.980003 1.706080 0.071388
 73.180003 1.872256 0.499180
 73.380003 2.319616 0.335930
 73.580003 1.791524 0.148968
 73.780004 1.906382 0.279377
 73.980004 2.016744 0.190488
 74.180004 2.059688 0.197235
 74.380004 1.894206 0.403163
 74.580004 1.642585 -0.060857
 74.780004 2.373274 0.448057
 74.980004 2.064027 0.368787
 75.180004 1.738008 0.038100
 75.380004 2.030742 0.320430
 75.580004 2.096593 0.278260
 75.780004 1.775759 0.182353
 75.980004 1.867381 0.380395
 76.180004 2.089839 -0.031698
 76.380004 2.221502 0.494521
 76.580004 1.667859 0.391756
 76.780004 1.976333 -0.012364
 76.980004 2.070356 0.640346
 77.180004 2.112600 0.004876
 77.380004 1.867498 0.269331
 77.580004 1.784585 0.193120
 77.780004 2.235017 0.227852
 77.980004 1.946718 0.486169
 78.180004 1.792291 0.023249
 78.380004 1.918293 0.360905
 78.580004 2.173628 0.387186
 78.780004 2.322357 0.055506
 78.980004 1.682697 0.614361
 79.180004 2.182553 -0.020251
 79.380004 2.327325 0.559050
 79.580004 2.275600 0.655726
 79.780004 2.208882 -0.019163
 79.980004 1.517953 0.538468
 80.180004 2.233037 0.164158
 80.380004 2.089787 0.168270
 80.580004 1.942357 0.838753
 80.780004 2.284048 -0.171171
 80.980004 1.884004 0.418555
 81.180004 1.808884 0.337445
 81.380004 2.198311 -0.001648
 81.580004 1.850452 0.740713
 81.780004 1.942993 -0.086595
 81.980004 1.981715 0.433043
 82.180004 2.148264 0.709448
 82.380004 2.345695 -0.269923
 82.580004 1.434590 0.475054
 82.780004 2.299771 0.164131
 82.980004 2.119085 0.130895
 83.180004 1.727047 0.611077
 83.380004 2.113900 -0.097918
 83.580004 2.075290 0.705681
 83.780004 2.569723 0.529267
 83.980004 2.869837 0.608463
 84.180004 2.793055 0.769492
 84.380004 2.510247 0.495092
 84.580004 2.118195 0.631274
 84.780004 1.700227 -0.015380
 84.980004 2.020672 0.491885
 85.180004 2.194701 0.170913
 85.380004 1.916934 0.112941
 85.580004 1.931053 0.421644
 85.780004 1.946059 -0.099006
 85.980004 1.936807 0.666961
 86.180004 2.072915 0.064775
 86.380004 1.977610 0.169163
 86.580004 1.806278 0.546564
 86.780004 2.186114 -0.074548
 86.980004 1.907180 0.513393
 87.180004 1.773358 0.264980
 87.380004 1.967770 -0.022081
 87.580004 2.165171 0.866088
 87.780004 2.282819 0.058198
 87.980004 1.820560 0.340579
 88.180004 1.852584 0.185432
 88.380004 2.226235 0.209745
 88.580004 2.012029 0.467256
 88.780004 1.860399 0.165369
 88.980004 1.853816 0.310049
 89.180004 2.053693 0.317038
 89.380004 1.922441 0.163204
 89.580004 1.889629 0.383510
 89.780004 2.133441 0.098492
 89.980004 2.048086 0.362402
 90.180004 1.675621 0.271523
 90.380004 2.022173 0.199134
 90.580004 2.035745 0.408516
 90.780004 2.063492 0.271050
 90.980004 1.484847 0.213309
 91.180004 1.874846 0.302743
 91.380004 2.241381 0.261063
 91.580004 1.783056 0.094674
 91.780004 1.908790 0.295616
 91.980004 2.252746 0.027944
 92.180004 2.084584 0.240810
 92.380004 1.796586 0.226778
 92.580004 1.833499 0.196347
 92.780004 2.139467 0.115041
 92.980004 1.691300 0.533969
 93.180004 1.902745 -0.006372
 93.380004 2.107232 0.417567
 93.580004 1.828812 0.374091
 93.780004 1.963906 -0.039626
 93.980004 1.789131 0.306292
 94.180004 2.101768 0.205920
 94.380004 1.818999 0.209623
 94.580004 1.924945 0.305617
 94.780005 2.030725 0.304000
 94.980005 1.748188 0.174726
 95.180005 1.887958 0.454445
 95.380005 1.942255 0.181452
 95.580005 2.017204 0.227062
 95.780005 1.875501 0.187292
 95.980005 1.747771 0.248368
 96.180005 1.980389 0.132373
 96.380005 1.977752 0.268887
 96.580005 1.845342 0.288386
 96.780005 2.000520 0.168207
 96.980005 1.872755 0.254985
 97.180005 1.926143 0.268980
 97.380005 1.877159 0.175187
 97.580005 1.775486 0.392039
 97.780005 2.127886 0.164895
 97.980005 1.836453 0.315260
 98.180005 2.059406 0.151234
 98.380005 2.032650 0.389980
 98.580005 1.782443 0.381774
 98.780005 1.970312 0.207200
 98.980005 1.881042 0.306340
 99.180005 2.153406 0.249802
 99.380005 1.757056 0.215503
 99.580005 1.934869 0.329473
 99.780005 2.232218 0.302180
 99.980005 1.965795 0.168989
 100.180005 1.931182 0.360699
 100.380005 1.953318 0.196151
 100.580005 1.963631 0.390133
 100.780005 1.889603 0.213126
 100.980005 1.801767 0.267222
 101.180005 2.222967 0.282601
 101.380005 1.981018 0.213936
 101.580005 1.897277 0.380467
 101.780005 2.063303 0.184745
 101.980005 1.711826 0.319701
 102.180005 1.948082 0.277234
 102.380005 1.789752 0.300964
 102.580005 2.283848 0.434915
 102.780005 1.960337 0.189266
 102.980005 1.737329 0.249517
 103.180005 1.951263 0.315337
 103.380005 1.831503 0.201225
 103.580005 1.969344 0.180576
 103.780005 1.636775 0.367816
 103.980005 2.243699 0.041833
 104.180005 2.216668 0.404068
 104.380005 1.725111 0.265717
 104.580005 1.836926 0.144100
 104.780005 2.068815 0.483339
 104.980005 2.178332 0.142978
 105.180005 1.965784 0.333192
 105.380005 1.804626 0.358012
 105.580005 2.098690 0.206090
 105.780005 2.411790 0.356791
 105.980005 1.999863 0.211047
 106.180005 1.798775 0.125714
 106.380005 2.122986 0.401818
 106.580005 2.447250 0.043361
 106.780005 1.634195 0.416817
 106.980005 1.787363 -0.014213
 107.180005 2.295395 0.341644
 107.380005 2.124464 0.699504
 107.580005 2.572582 0.482739
 107.780005 2.900109 0.808138
 107.980005 2.834874 0.565328
 108.180005 2.635707 0.768609
 108.380005 2.859361 0.560625
 108.580005 2.891936 0.696978
 108.780005 2.402904 0.597850
 108.980005 1.713735 0.113259
 109.180005 1.784316 0.459326
 109.380005 2.176077 0.380829
 109.580005 2.382035 0.103505
 109.780005 1.649272 0.422570
 109.980005 1.948093 0.139135
 110.180005 2.466557 0.439100
 110.380005 2.633051 0.866380
 110.580005 2.956456 0.526349
 110.780005 2.463483 0.858919
 110.980005 2.187839 0.427877
 111.180005 1.983531 0.293194
 111.380005 1.614697 0.221595
 111.580005 2.446133 0.514226
 111.780005 3.042868 0.812243
 111.980005 2.879040 0.612535
 112.180005 2.224301 0.544205
 112.380005 1.509988 -0.070664
 112.580005 2.138000 0.440914
 112.780005 2.367389 0.712039
 112.980005 2.911547 0.677783
 113.180005 2.837024 0.774250
 113.380005 2.491800 0.669807
 113.580005 2.162365 0.575432
 113.780005 1.966980 -0.033823
 113.980005 1.751155 0.411420
 114.180005 2.330206 0.411429
 114.380005 2.082535 0.047563
 114.580005 1.639133 0.408816
 114.780005 2.121552 0.175886
 114.980005 1.991847 0.081400
 115.180005 1.982600 0.572749
 115.380005 1.736983 0.105840
 115.580005 2.126625 0.220255
 115.780005 2.009762 0.576884
 115.980006 1.885440 0.036978
 116.180006 1.822400 0.384757
 116.380006 1.841063 0.176688
 116.580006 2.421363 0.280184
 116.780006 1.666515 0.236252
 116.980006 1.770873 0.159337
 117.180006 2.308574 0.440115
 117.380006 2.015012 0.521435
 117.580006 2.117788 0.401230
 117.780006 1.592510 0.019964
 117.980006 1.804246 0.529987
 118.180006 2.433040 0.114292
 118.380006 2.213074 -0.019054
 118.580006 1.810477 0.598430
 118.780006 1.742570 -0.220373
 118.980006 2.324518 0.494365
 119.180006 1.968206 0.440850
 119.380006 1.916804 0.069630
 119.580006 1.841143 0.442353
 119.780006 1.985620 0.199099
 119.980006 2.414699 0.134330
 120.180006 1.789953 0.529987
 120.380006 1.822566 0.147159
 120.580006 2.191041 0.310593
 120.780006 2.004576 0.498394
 120.980006 1.996771 0.070373
 121.180006 1.758885 0.273733
 121.380006 2.066652 0.450733
 121.580006 1.907757 0.217267
 121.780006 1.569471 0.305070
 121.980006 2.239727 0.377011
 122.180006 2.197318 0.209981
 122.380006 1.870978 0.338736
 122.580006 1.745659 0.124017
 122.780006 2.301264 0.290016
 122.980006 2.267759 0.538173
 123.180006 1.793829 0.166302
 123.380006 1.942161 0.281474
 123.580006 1.953745 0.316869
 123.780006 2.327994 0.317858
 123.980006 1.751725 0.199604
 124.180006 1.929768 0.304713
 124.380006 2.210676 0.197119
 124.580006 1.944212 0.539091
 124.780006 2.045890 0.147089
 124.980006 1.738854 0.222552
 125.180006 2.146761 0.668431
 125.380006 2.244455 -0.032180
 125.580006 1.574562 0.719623
 125.780006 2.061144 0.132146
 125.980006 2.281004 0.222918
 126.180006 2.192280 0.715087
 126.380006 2.289678 0.202762
 126.580006 2.189030 0.204587
 126.780006 1.621805 0.298015
 126.980006 2.066258 0.172711
 127.180006 2.434207 0.283978
 127.380006 1.923150 0.249004
 127.580006 1.596057 0.275089
 127.780006 2.373867 0.219747
 127.980006 2.464857 0.764106
 128.180006 2.825365 0.481402
 128.380006 2.544620 0.744217
 128.580006 2.257946 0.588322
 128.780006 1.817886 0.078282
 128.980006 1.752037 0.425967
 129.180006 2.206468 0.193042
 129.380006 1.784802 0.437990
 129.580006 1.885771 0.102345
 129.780006 2.042368 0.337412
 129.980006 2.343692 0.598810
 130.180006 2.327286 0.147677
 130.380006 1.690542 0.274294
 130.580006 1.951976 0.228836
 130.780006 2.576035 0.132960
 130.980006 1.996403 0.631660
 131.180006 1.871194 0.231223
 131.380006 1.795077 0.338863
 131.580006 2.371795 0.567850
 131.780006 2.137410 0.086031
 131.980006 1.673253 0.374329
 132.180006 2.021864 0.146171
 132.380006 2.028025 0.245057
 132.580006 1.999711 0.197588
 132.780006 1.584582 0.136470
 132.980006 2.003869 0.258361
 133.180006 2.124642 0.318308
 133.380006 1.847602 0.154355
 133.580006 1.948204 0.125166
 133.780006 1.820931 0.485956
 133.980006 1.983123 0.254598
 134.180006 1.849811 0.052869
 134.380006 1.793176 0.250459
 134.580006 2.401413 -0.002288
 134.780006 1.837866 0.677004
 134.980006 1.962496 0.058930
 135.180006 1.863396 0.305147
 135.380006 2.054621 0.473510
 135.580006 2.163642 -0.241622
 135.780006 1.636049 0.503844
 135.980006 2.014499 0.124402
 136.180006 2.121411 0.184570
 136.380006 1.884311 0.492676
 136.580006 2.156970 -0.021164
 136.780006 1.671332 0.409941
 136.980007 1.947197 0.181642
 137.180007 2.134857 0.233906
 137.380007 1.741460 0.264525
 137.580007 2.078859 0.010115
 137.780007 1.916229 0.448623
 137.980007 1.928955 0.264825
 138.180007 1.916688 0.161375
 138.380007 1.949738 0.421567
 138.580007 2.032101 0.034321
 138.780007 1.847033 0.472996
 138.980007 1.832950 0.255209
 139.180007 1.996202 0.189402
 139.380007 2.045570 0.664804
 139.580007 2.003689 0.099365
 139.780007 1.818380 0.356763
 139.980007 2.052117 0.446762
 140.180007 2.192785 -0.033802
 140.380007 1.683221 0.618509
 140.580007 2.029776 -0.080614
 140.780007 2.091445 0.468471
 140.980007 1.760139 0.230364
 141.180007 1.914712 0.186464
 141.380007 1.970266 0.549687
 141.580007 2.102168 0.112852
 141.780007 1.983661 0.353570
 141.980007 1.849713 0.522844
 142.180007 2.252524 0.032254
 142.380007 2.000780 0.624055
 142.580007 1.983712 0.238544
 142.780007 1.890626 0.177317
 142.980007 2.098264 0.554638
 143.180007 2.151854 0.157121
 143.380007 1.591097 0.263952
 143.580007 2.048377 0.141150
 143.780007 2.000770 0.102297
 143.980007 1.917151 0.341825
 144.180007 1.815532 0.159754
 144.380007 2.033081 0.312051
 144.580007 2.313923 0.765210
 144.780007 2.163529 -0.090639
 144.980007 1.799004 0.425806
 145.180007 2.042881 0.236926
 145.380007 2.166655 0.341648
 145.580007 2.028983 0.519553
 145.780007 1.692849 -0.035703
 145.980007 2.128392 0.293998
 146.180007 2.231182 0.682034
 146.380007 2.220242 -0.118919
 146.580007 1.647833 0.436386
 146.780007 2.018100 0.247075
 146.980007 2.371759 0.072522
 147.180007 1.875436 0.461405
 147.380007 1.825318 0.069514
 147.580007 1.853250 0.554370
 147.780007 1.941491 0.261885
 147.980007 2.084847 0.133439
 148.180007 1.716171 0.284588
 148.380007 2.073966 0.040328
 148.580007 2.205728 0.562857
 148.780007 1.918200 0.275967
 148.980007 1.920433 0.245057
 149.180007 1.771174 0.488534
 149.380007 2.357709 0.123513
 149.580007 1.955414 0.327848
 149.780007 1.746549 0.361993
 149.980007 1.998542 0.102020
 150.180007 1.765495 0.619992
 150.380007 1.963530 -0.111104
 150.580007 1.824020 0.332746
 150.780007 2.029513 0.404536
 150.980007 2.303874 0.133376
 151.180007 1.509991 0.268255
 151.380007 2.195703 0.265944
 151.580007 2.033149 0.344352
 151.780007 1.697866 0.465081
 151.980007 2.052401 0.009385
 152.180007 2.046451 0.682150
 152.380007 2.189309 0.508713
 152.580007 1.794731 0.029900
 152.780007 1.690730 0.497932
 152.980007 2.119507 0.026627
 153.180007 2.015053 0.391516
 153.380007 1.955426 0.138161
 153.580007 1.822813 0.102147
 153.780007 1.934504 0.422956
 153.980007 2.080560 0.200989
 154.180007 1.721911 0.148584
 154.380007 1.829589 0.191009
 154.580007 2.231624 0.115158
 154.780007 2.062380 0.377693
 154.980007 1.665653 0.216407
 155.180007 2.193589 0.294545
 155.380007 2.314353 0.559212
 155.580007 2.043925 0.257206
 155.780007 1.686952 0.288037
 155.980007 2.117713 0.324818
 156.180007 2.310686 0.098287
 156.380007 1.723069 0.483518
 156.580007 1.901775 0.026899
 156.780007 2.377370 0.363853
 156.980007 2.242056 0.848384
 157.180007 2.792943 0.524392
 157.380007 2.786645 0.773728
 157.580007 2.408046 0.546081
 157.780007 1.799779 0.059457
 157.980008 1.898935 0.409198
 158.180008 2.229000 0.301085
 158.380008 2.068389 0.084818
 158.580008 1.464814 0.545608
 158.780008 2.139474 0.008398
 158.980008 2.389280 0.494484
 159.180008 1.882762 0.541646
 159.380008 1.739878 -0.035860
 159.580008 1.946366 0.503756
 159.780008 2.044436 0.198170
 159.980008 1.865460 0.245865
 160.180008 1.750105 0.280353
 160.380008 2.386781 0.311904
 160.580008 2.188251 0.428782
 160.780008 1.647691 0.155607
 160.980008 2.138467 0.431250
 161.180008 1.845931 0.272084
 161.380008 2.132944 0.351219
 161.580008 1.910353 0.440150
 161.780008 1.804803 0.091418
 161.980008 2.264461 0.523656
 162.180008 1.626209 0.098586
 162.380008 2.131511 0.502768
 162.580008 2.237032 0.365604
 162.780008 1.798807 -0.004694
 162.980008 2.040808 0.472447
 163.180008 1.934566 0.080925
 163.380008 2.151105 0.517396
 163.580008 1.716881 0.216763
 163.780008 1.783405 0.147744
 163.980008 2.173119 0.557597
 164.180008 1.693792 0.011237
 164.380008 2.133100 0.443151
 164.580008 1.957615 0.248616
 164.780008 2.054334 0.167843
 164.980008 1.913869 0.523263
 165.180008 1.648165 -0.039464
 165.380008 2.201529 0.630319
 165.580008 1.915728 0.286065
 165.780008 1.926146 0.125404
 165.980008 2.040904 0.470420
 166.180008 1.789856 0.120042
 166.380008 1.955654 0.257306
 166.580008 1.807308 0.307303
 166.780008 2.332247 0.353997
 166.980008 2.063335 0.247287
 167.180008 1.554991 0.286883
 167.380008 2.414016 0.227843
 167.580008 2.130320 0.561815
 167.780008 1.967720 0.330514
 167.980008 1.717902 0.224425
 168.180008 2.121473 0.596330
 168.380008 2.569343 0.615288
 168.580008 2.841173 0.773486
 168.780008 2.699039 0.658812
 168.980008 2.627669 0.760183
 169.180008 2.731774 0.583486
 169.380008 2.802381 0.763888
 169.580008 2.676226 0.748187
 169.780008 2.356237 0.574829
 169.980008 2.715065 0.723424
 170.180008 2.778865 0.645878
 170.380008 2.724370 0.774256
 170.580008 2.783994 0.580500
 170.780008 2.854771 0.615171
 170.980008 2.724896 0.660890
 171.180008 2.808669 0.847420
 171.380008 2.729938 0.743526
 171.580008 2.541535 0.598000
 171.780008 2.790741 0.726794
 171.980008 2.872987 0.682408
 172.180008 2.882310 0.740072
 172.380008 2.472259 0.761012
 172.580008 2.792550 0.442206
 172.780008 2.836225 0.823047
 172.980008 3.034546 0.639381
 173.180008 2.790083 0.836654
 173.380008 2.903435 0.603800
 173.580008 2.829771 0.642495
 173.780008 2.955896 0.727735
 173.980008 3.072061 0.867857
 174.180008 -3.044518 0.456789
 174.380008 2.733406 1.061778
 174.580008 2.575492 0.222882
 174.780008 1.750106 0.286279
 174.980008 1.992407 -0.022600
 175.180008 2.130171 0.445415
 175.380008 2.220736 0.497625
 175.580008 1.950224 -0.050759
 175.780008 1.545540 0.451551
 175.980008 2.361555 0.135921
 176.180008 2.155075 0.298799
 176.380008 1.614584 0.295453
 176.580008 2.290866 0.066910
 176.780008 2.416182 0.950265
 176.980008 3.132288 0.477131
 177.180008 2.424946 0.908228
 177.380008 1.954161 0.132951
 177.580008 1.749979 0.036626
 177.780008 2.053285 0.620833
 177.980008 2.649223 -0.100514
 178.180008 1.813977 0.476484
 178.380008 1.782335 0.023272
 178.580008 2.305757 0.212031
 178.780008 2.532750 0.806174
 178.980009 3.076400 0.571824
 179.180009 2.719650 0.842255
 179.380009 2.692483 0.069819
 179.580009 1.448378 0.258227
 179.780009 1.997847 0.205714
 179.980009 2.393111 0.156167
 180.180009 1.735786 0.682267
 180.380009 1.980549 -0.207540
 180.580009 1.941439 0.612965
 180.780009 2.059211 0.385519
 180.980009 2.116337 0.072071
 181.180009 1.516166 0.506361
 181.380009 2.324572 -0.185310
 181.580009 2.429583 0.767043
 181.780009 2.280767 0.438662
 181.980009 1.823899 0.008434
 182.180009 1.809774 0.659283
 182.380009 2.308178 0.022110
 182.580009 2.010684 0.538592
 182.780009 1.885600 0.332547
 182.980009 1.841407 0.129034
 183.180009 2.238349 0.665489
 183.380009 2.291063 0.268763
 183.580009 1.795466 0.130670
 183.780009 1.836332 0.581339
 183.980009 2.039304 -0.015335
 184.180009 2.036320 0.684612
 184.380009 1.871288 0.398318
 184.580009 2.067346 0.181057
 184.780009 1.975744 0.618829
 184.980009 1.855059 -0.121879
 185.180009 1.912594 0.608849
 185.380009 2.141955 0.324182
 185.580009 1.976428 0.207258
 185.780009 1.890421 0.436129
 185.980009 1.963056 0.007629
 186.180009 1.962860 0.461743
 186.380009 2.253681 0.226873
 186.580009 1.786913 0.179751
 186.780009 1.893056 0.627680
 186.980009 2.223357 0.113510
 187.180009 1.897415 0.285813
 187.380009 2.048983 0.326242
 187.580009 1.715977 0.120837
 187.780009 2.055877 0.341204
 187.980009 1.954594 0.184406
 188.180009 1.847345 0.216788
 188.380009 2.171615 0.270248
 188.580009 2.010064 0.265312
 188.780009 2.084024 0.188227
 188.980009 1.715276 0.342767
 189.180009 2.251890 0.308899
 189.380009 2.144784 0.398025
 189.580009 1.648863 0.333895
 189.780009 2.204033 0.092994
 189.980009 1.899502 0.455830
 190.180009 1.940137 0.244702
 190.380009 1.826955 0.211858
 190.580009 1.965686 0.442357
 190.780009 2.421522 0.223275
 190.980009 1.835514 0.253256
 191.180009 1.691596 0.470642
 191.380009 2.432948 0.108112
 191.580009 1.958355 0.300469
 191.780009 1.894489 0.446138
 191.980009 1.680401 -0.163230
 192.180009 2.012822 0.716026
 192.380009 2.359888 0.364741
 192.580009 2.480339 0.013227
 192.780009 1.912268 0.449735
 192.980009 1.619120 0.271905
 193.180009 2.513204 0.206936
 193.380009 2.790618 1.120031
 193.580009 2.825793 0.334606
 193.780009 1.990347 0.582326
 193.980009 1.621508 -0.061080
 194.180009 2.204372 0.357583
 194.380009 2.745607 0.750534
 194.580009 2.764104 0.434671
 194.780009 2.244685 0.783448
 194.980009 2.111389 0.139184
 195.180009 1.843813 0.319149
 195.380009 2.016502 0.455383
 195.580009 2.528998 -0.044128
 195.780009 1.707237 0.548920
 195.980009 1.920033 0.041273
 196.180009 2.244399 0.414965
 196.380009 2.200426 0.655058
 196.580009 2.457376 0.486992
 196.780009 1.743772 0.069592
 196.980009 1.965207 0.298656
 197.180009 2.240046 0.236242
 197.380009 1.952422 0.052271
 197.580009 1.742653 0.377696
 197.780009 2.109858 0.049695
 197.980009 2.276598 0.591449
 198.180009 1.804988 0.320965
 198.380009 1.737298 0.079884
 198.580009 2.365324 0.697983
 198.780009 2.569218 0.598002
 198.980009 3.015477 0.716834
 199.180009 2.820497 0.657949
 199.380009 2.188593 0.668193
 199.580009 1.987119 -0.031594
 199.780009 1.818584 0.292978
 199.980009 2.148117 0.370668
