#! FIELDS time phi psi
#! SET max_psi pi
 0.180000 -1.515727 -1.623646
 0.380000 -1.573654 -1.745234
 0.580000 -1.055194 -0.955899
 0.780000 -1.509074 -1.324500
 0.980000 -1.368731 -1.899046
 1.180000 -1.450300 -0.806334
 1.380000 -1.477838 -1.346961
 1.580000 -1.316963 -1.676088
 1.780000 -1.290824 -1.377658
 1.980000 -1.643303 -1.118344
 2.180000 -1.334608 -1.696531
 2.380000 -1.317168 -1.451715
 2.580000 -1.546077 -1.035193
 2.780000 -1.619590 -1.807640
 2.980000 -1.150074 -1.159610
 3.180000 -1.233459 -1.366951
 3.380000 -1.604530 -1.697947
 3.580000 -1.126408 -1.323573
 3.780000 -1.356532 -1.266787
 3.980000 -1.602052 -1.601007
 4.180000 -1.357137 -1.110634
 4.380000 -1.370519 -1.481306
 4.580000 -1.292587 -1.701834
 4.780000 -1.196586 -1.157151
 4.980000 -1.394999 -1.437920
 5.180000 -1.347863 -1.597786
 5.380000 -1.259456 -1.282946
 5.580000 -1.593259 -1.393045
 5.780000 -1.306272 -1.494913
 5.980000 -1.295114 -1.147332
 6.180000 -1.468983 -1.507396
 6.380000 -1.271000 -1.422650
 6.580000 -1.002276 -1.694634
 6.780000 -1.487258 -1.159184
 6.980000 -1.417344 -1.377144
 7.180000 -1.351811 -1.529359
 7.380000 -1.434703 -1.405675
 7.580000 -1.559972 -1.332739
 7.780000 -1.542921 -1.543753
 7.980000 -1.243728 -1.484800
 8.180000 -1.410807 -1.253441
 8.380000 -1.611732 -1.425057
 8.580000 -1.375975 -1.244488
 8.780000 -1.114691 -1.510685
 8.980000 -1.457667 -1.413404
 9.180000 -1.357071 -1.314717
 9.380000 -1.350227 -1.412292
 9.580000 -1.537927 -1.711732
 9.780000 -1.613474 -1.098147
 9.980000 -1.517900 -1.481254
 10.180000 -1.508341 -1.457928
 10.380000 -1.301294 -1.456815
 10.580001 -1.580079 -1.202582
 10.780001 -1.428338 -1.621154
 10.980001 -1.109183 -1.394789
 11.180001 -1.346236 -1.312902
 11.380001 -1.501102 -1.484460
 11.580001 -1.177783 -1.255097
 11.780001 -1.228027 -1.505840
 11.980001 -1.562323 -1.355258
 12.180001 -1.065665 -1.339636
 12.380001 -1.351869 -1.456751
 12.580001 -1.577971 -1.667661
 12.780001 -1.432736 -1.080320
 12.980001 -1.520382 -1.576786
 13.180001 -1.564838 -1.459233
 13.380001 -1.076685 -1.358233
 13.580001 -1.524053 -1.369363
 13.780001 -1.431274 -1.528563
 13.980001 -1.239288 -1.237739
 14.180001 -1.369373 -1.437169
 14.380001 -1.348991 -1.575068
 14.580001 -1.162575 -1.234886
 14.780001 -1.217840 -1.497601
 14.980001 -1.510328 -1.453165
 15.180001 -1.430980 -1.308539
 15.380001 -1.461216 -1.277727
 15.580001 -1.400585 -1.701671
 15.780001 -1.331884 -1.321067
 15.980001 -1.381046 -1.483531
 16.180001 -1.376431 -1.390656
 16.380001 -1.222382 -1.479119
 16.580001 -1.362903 -1.250002
 16.780001 -1.567792 -1.516106
 16.980001 -1.402183 -1.404620
 17.180001 -1.344295 -1.368542
 17.380001 -1.505096 -1.450741
 17.580001 -1.337541 -1.350035
 17.780001 -1.191543 -1.602237
 17.980001 -1.517492 -1.196520
 18.180001 -1.377454 -1.465576
 18.380001 -1.223604 -1.312697
 18.580001 -1.482258 -1.596240
 18.780001 -1.323021 -1.239607
 18.980001 -1.182045 -1.454300
 19.180001 -1.453870 -1.292797
 19.380001 -1.288656 -1.527150
 19.580001 -1.417752 -1.089188
 19.780001 -1.522669 -1.657821
 19.980001 -1.606404 -1.399701
 20.180001 -1.317230 -1.265427
 20.380001 -1.447038 -1.412834
 20.580001 -1.352478 -1.620744
 20.780001 -1.303710 -1.138845
 20.980001 -1.221479 -1.431924
 21.180001 -1.382660 -1.646936
 21.380001 -1.351990 -1.117515
 21.580001 -1.210590 -1.559787
 21.780001 -1.385461 -1.448131
 21.980001 -1.271532 -1.460789
 22.180001 -1.344260 -1.162040
 22.380001 -1.365276 -1.827300
 22.580001 -1.362566 -1.210573
 22.780001 -1.357231 -1.288426
 22.980001 -1.507670 -1.565704
 23.180001 -1.305877 -1.462338
 23.380001 -1.217526 -1.159965
 23.580001 -1.529313 -1.651633
 23.780001 -1.299521 -1.283389
 23.980001 -1.306854 -1.323539
 24.180001 -1.290453 -1.552601
 24.380001 -1.303833 -1.236660
 24.580001 -1.288110 -1.384058
 24.780001 -1.625250 -1.532528
 24.980001 -1.415042 -1.453942
 25.180001 -1.365493 -1.440163
 25.380001 -1.652294 -1.529934
 25.580001 -1.480253 -1.268688
 25.780001 -1.180170 -1.351110
 25.980001 -1.399650 -1.451646
 26.180001 -1.050319 -1.564304
 26.380001 -1.161993 -1.238104
 26.580001 -1.591181 -1.413091
 26.780001 -1.374116 -1.321491
 26.980001 -1.263547 -1.489870
 27.180001 -1.477957 -1.435070
 27.380001 -1.385583 -1.362371
 27.580001 -1.383098 -1.422196
 27.780001 -1.418427 -1.505578
 27.980001 -1.228285 -1.362126
 28.180001 -1.432947 -1.538953
 28.380001 -1.419214 -1.330821
 28.580001 -1.395014 -1.321880
 28.780001 -1.443612 -1.413524
 28.980001 -1.370736 -1.410525
 29.180001 -1.273920 -1.278124
 29.380001 -1.470714 -1.318520
 29.580001 -1.462771 -1.461788
 29.780001 -1.295445 -1.326714
 29.980001 -1.547794 -1.539327
 30.180001 -1.198391 -1.307514
 30.380001 -1.439260 -1.591619
 30.580001 -1.652199 -1.243524
 30.780001 -1.344646 -1.306048
 30.980001 -1.299612 -1.538231
 31.180001 -1.404905 -1.473776
 31.380001 -1.108104 -1.364605
 31.580001 -1.531793 -1.432413
 31.780002 -1.438166 -1.473245
 31.980002 -1.367405 -1.245227
 32.180002 -1.472642 -1.567595
 32.380002 -1.286468 -1.407358
 32.580002 -1.188815 -1.240435
 32.780002 -1.457156 -1.473408
 32.980002 -1.470462 -1.602440
 33.180002 -1.135094 -1.225848
 33.380002 -1.458297 -1.522933
 33.580002 -1.462122 -1.414295
 33.780002 -1.153963 -1.406573
 33.980002 -1.477130 -1.241653
 34.180002 -1.307197 -1.849236
 34.380002 -1.282176 -1.137232
 34.580002 -1.602612 -1.290649
 34.780002 -1.459152 -1.590450
 34.980002 -1.087675 -1.366965
 35.180002 -1.374187 -1.279912
 35.380002 -1.568058 -1.568171
 35.580002 -1.304753 -1.256891
 35.780002 -1.396712 -1.286680
 35.980002 -1.483272 -1.657475
 36.180002 -1.337623 -1.084541
 36.380002 -1.268226 -1.515832
 36.580002 -1.547986 -1.493729
 36.780002 -1.244466 -1.291586
 36.980002 -1.341890 -1.419322
 37.180002 -1.495178 -1.617481
 37.380002 -1.327836 -1.228020
 37.580002 -1.392397 -1.423352
 37.780002 -1.289071 -1.441790
 37.980002 -1.413829 -1.311710
 38.180002 -1.374643 -1.289374
 38.380002 -1.305752 -1.600973
 38.580002 -1.386409 -1.301598
 38.780002 -1.443229 -1.289623
 38.980002 -1.248405 -1.724532
 39.180002 -1.339883 -1.380322
 39.380002 -1.342742 -1.357091
 39.580002 -1.534518 -1.310422
 39.780002 -1.282248 -1.556079
 39.980002 -1.293543 -1.182013
 40.180002 -1.368826 -1.635639
 40.380002 -1.373390 -1.241274
 40.580002 -1.363494 -1.146311
 40.780002 -1.378126 -1.484054
 40.980002 -1.154610 -1.395505
 41.180002 -1.306622 -1.323754
 41.380002 -1.423358 -1.383291
 41.580002 -1.431085 -1.255193
 41.780002 -1.280041 -1.359567
 41.980002 -1.451126 -1.703207
 42.180002 -1.568258 -1.149723
 42.380002 -1.403101 -1.413099
 42.580002 -1.499810 -1.699430
 42.780002 -1.222155 -1.373491
 42.980002 -1.571429 -1.298067
 43.180002 -1.592297 -1.684114
 43.380002 -1.228955 -1.125244
 43.580002 -1.289461 -1.466923
 43.780002 -1.425484 -1.593848
 43.980002 -1.147757 -1.130754
 44.180002 -1.213554 -1.385603
 44.380002 -1.380778 -1.643232
 44.580002 -1.321097 -1.321558
 44.780002 -1.374487 -1.180341
 44.980002 -1.505409 -1.781355
 45.180002 -1.452065 -1.070931
 45.380002 -1.258905 -1.405827
 45.580002 -1.555081 -1.480858
 45.780002 -1.255607 -1.635012
 45.980002 -1.257886 -1.020474
 46.180002 -1.502230 -1.625095
 46.380002 -1.362713 -1.367365
 46.580002 -1.275149 -1.369068
 46.780002 -1.451337 -1.490079
 46.980002 -1.488158 -1.285152
 47.180002 -1.391374 -1.469253
 47.380002 -1.419341 -1.381670
 47.580002 -1.469566 -1.585754
 47.780002 -1.431553 -1.196100
 47.980002 -1.313553 -1.649116
 48.180002 -1.351263 -1.334903
 48.380002 -1.363438 -1.511438
 48.580002 -1.515909 -1.163798
 48.780002 -1.267600 -1.688572
 48.980002 -1.294149 -1.329052
 49.180002 -1.359238 -1.358587
 49.380002 -1.267270 -1.345962
 49.580002 -1.328862 -1.555122
 49.780002 -1.510277 -1.291519
 49.980002 -1.513953 -1.236782
 50.180002 -1.389528 -1.698205
 50.380002 -1.470842 -1.297701
 50.580002 -1.498544 -1.415351
 50.780002 -1.410246 -1.434237
 50.980002 -1.191665 -1.515847
 51.180002 -1.399036 -1.261897
 51.380002 -1.436305 -1.552850
 51.580002 -1.388672 -1.167097
 51.780002 -1.324250 -1.468415
 51.980002 -1.518281 -1.413404
 52.180002 -1.153267 -1.441259
 52.380002 -1.373716 -1.314090
 52.580002 -1.582779 -1.526759
 52.780003 -1.355792 -1.253531
 52.980003 -1.255502 -1.548338
 53.180003 -1.540249 -1.603028
 53.380003 -1.388376 -1.141097
 53.580003 -1.355431 -1.362928
 53.780003 -1.436815 -1.544350
 53.980003 -1.327524 -1.309494
 54.180003 -1.391061 -1.293326
 54.380003 -1.326539 -1.714398
 54.580003 -1.432998 -1.208677
 54.780003 -1.344296 -1.263258
 54.980003 -1.402851 -1.540108
 55.180003 -1.233110 -1.297410
 55.380003 -1.259504 -1.233562
 55.580003 -1.484136 -1.674128
 55.780003 -1.434431 -1.308394
 55.980003 -1.305275 -1.275408
 56.180003 -1.515259 -1.696221
 56.380003 -1.311913 -1.272805
 56.580003 -1.314932 -1.342236
 56.780003 -1.529018 -1.616150
 56.980003 -1.352606 -1.411887
 57.180003 -1.255146 -1.148856
 57.380003 -1.477370 -1.609482
 57.580003 -1.176558 -1.353013
 57.780003 -1.201848 -1.203382
 57.980003 -1.635498 -1.558849
 58.180003 -1.436627 -1.405303
 58.380003 -1.448867 -1.333800
 58.580003 -1.554956 -1.608391
 58.780003 -1.510396 -1.272904
 58.980003 -1.288163 -1.392955
 59.180003 -1.399736 -1.496995
 59.380003 -1.461258 -1.472769
 59.580003 -1.129403 -1.276904
 59.780003 -1.486500 -1.606154
 59.980003 -1.580314 -1.563557
 60.180003 -1.211366 -1.120978
 60.380003 -1.495464 -1.711210
 60.580003 -1.627950 -1.619594
 60.780003 -1.177014 -1.296017
 60.980003 -1.504041 -1.312658
 61.180003 -1.384338 -1.695808
 61.380003 -1.127063 -1.132122
 61.580003 -1.418976 -1.488462
 61.780003 -1.376588 -1.456678
 61.980003 -1.084437 -1.283393
 62.180003 -1.312601 -1.385918
 62.380003 -1.412603 -1.605030
 62.580003 -1.223034 -1.168390
 62.780003 -1.296618 -1.424896
 62.980003 -1.424975 -1.666682
 63.180003 -1.441019 -1.010748
 63.380003 -1.683858 -1.585779
 63.580003 -1.499731 -1.470433
 63.780003 -1.101287 -1.322634
 63.980003 -1.615880 -1.432650
 64.180003 -1.465068 -1.609807
 64.380003 -1.172731 -1.318090
 64.580003 -1.492031 -1.450745
 64.780003 -1.565680 -1.447954
 64.980003 -0.960630 -1.225761
 65.180003 -1.330555 -1.499018
 65.380003 -1.726059 -1.635249
 65.580003 -1.234930 -0.960197
 65.780003 -1.479333 -1.699441
 65.980003 -1.532946 -1.528258
 66.180003 -1.222141 -1.000754
 66.380003 -1.415978 -1.622185
 66.580003 -1.421935 -1.411059
 66.780003 -1.274268 -1.266067
 66.980003 -1.514828 -1.497071
 67.180003 -1.469819 -1.600475
 67.380003 -1.270061 -1.392687
 67.580003 -1.509873 -1.474353
 67.780003 -1.573712 -1.508042
 67.980003 -1.286315 -1.216062
 68.180003 -1.411384 -1.421396
 68.380003 -1.452341 -1.442650
 68.580003 -1.245524 -1.250364
 68.780003 -1.319438 -1.522498
 68.980003 -1.387192 -1.516036
 69.180003 -1.263561 -1.280058
 69.380003 -1.266058 -1.402269
 69.580003 -1.458674 -1.444549
 69.780003 -1.358732 -1.404925
 69.980003 -1.315954 -1.211202
 70.180003 -1.623944 -1.669187
 70.380003 -1.511622 -1.490786
 70.580003 -1.169880 -1.293485
 70.780003 -1.616407 -1.600845
 70.980003 -1.398944 -1.397497
 71.180003 -1.145224 -1.369894
 71.380003 -1.503169 -1.449203
 71.580003 -1.279688 -1.405665
 71.780003 -1.195912 -1.272472
 71.980003 -1.534486 -1.661303
 72.180003 -1.678979 -1.306324
 72.380003 -1.311514 -1.420280
 72.580003 -1.537760 -1.597502
 72.780003 -1.652824 -1.352009
 72.980003 -1.380734 -1.117760
 73.180003 -1.246965 -1.620586
 73.380003 -1.216765 -1.475787
 73.580003 -1.156734 -1.137279
 73.780004 -1.454587 -1.487160
 73.980004 -1.311608 -1.570004
 74.180004 -1.385922 -1.174305
 74.380004 -1.475360 -1.487415
 74.580004 -1.366647 -1.471754
 74.780004 -1.307413 -1.190769
 74.980004 -1.511561 -1.533781
 75.180004 -1.364623 -1.570465
 75.380004 -1.348194 -1.325908
 75.580004 -1.356604 -1.432290
 75.780004 -1.544750 -1.537008
 75.980004 -1.462395 -1.204310
 76.180004 -1.033675 -1.611885
 76.380004 -1.239591 -1.544663
 76.580004 -1.347695 -1.339054
 76.780004 -1.289760 -1.336567
 76.980004 -1.520071 -1.403740
 77.180004 -1.372408 -1.347097
 77.380004 -1.475145 -1.230746
 77.580004 -1.487677 -1.523525
 77.780004 -1.301899 -1.376353
 77.980004 -1.305020 -1.356852
 78.180004 -1.430294 -1.658816
 78.380004 -1.195226 -1.408250
 78.580004 -1.436374 -1.185689
 78.780004 -1.528900 -1.501313
 78.980004 -1.269373 -1.237370
 79.180004 -1.541848 -1.331252
 79.380004 -1.658252 -1.739635
 79.580004 -0.980134 -1.330000
 79.780004 -1.262126 -1.399582
 79.980004 -1.512752 -1.669859
 80.180004 -1.145279 -1.115679
 80.380004 -1.336734 -1.509861
 80.580004 -1.520998 -1.532037
 80.780004 -1.274216 -1.125895
 80.980004 -1.554787 -1.396103
 81.180004 -1.609678 -1.783031
 81.380004 -1.242627 -1.224165
 81.580004 -1.418730 -1.356614
 81.780004 -1.435638 -1.619232
 81.980004 -1.298376 -1.117619
 82.180004 -1.228183 -1.502551
 82.380004 -1.259523 -1.397218
 82.580004 -1.123776 -1.386091
 82.780004 -1.235405 -1.434174
 82.980004 -1.372469 -1.531860
 83.180004 -1.409958 -1.168858
 83.380004 -1.560419 -1.426697
 83.580004 -1.566211 -1.528677
 83.780004 -1.408297 -1.297433
 83.980004 -1.331913 -1.615108
 84.180004 -1.426344 -1.449017
 84.380004 -1.116128 -1.339547
 84.580004 -1.333022 -1.343445
 84.780004 -1.353690 -1.420865
 84.980004 -1.318387 -1.274168
 85.180004 -1.203025 -1.403194
 85.380004 -1.235943 -1.491051
 85.580004 -1.413825 -1.429712
 85.780004 -1.418457 -1.107263
 85.980004 -1.303498 -1.869374
 86.180004 -1.650648 -1.385659
 86.380004 -1.474672 -1.180351
 86.580004 -1.600980 -1.680174
 86.780004 -1.414939 -1.586976
 86.980004 -1.580540 -1.192496
 87.180004 -1.652562 -1.477245
 87.380004 -1.198250 -1.489046
 87.580004 -1.436447 -1.219192
 87.780004 -1.480338 -1.693555
 87.980004 -1.294340 -1.079204
 88.180004 -1.178268 -1.589829
 88.380004 -1.429262 -1.408981
 88.580004 -1.277769 -1.272363
 88.780004 -1.284772 -1.388429
 88.980004 -1.396347 -1.577227
 89.180004 -1.352408 -1.186936
 89.380004 -1.384224 -1.311863
 89.580004 -1.321808 -1.753531
 89.780004 -1.340856 -1.343492
 89.980004 -1.288890 -1.208412
 90.180004 -1.387636 -1.492686
 90.380004 -1.148869 -1.586787
 90.580004 -1.312906 -1.252199
 90.780004 -1.445318 -1.392983
 90.980004 -1.131667 -1.611038
 91.180004 -1.305371 -1.412798
 91.380004 -1.484580 -1.181487
 91.580004 -1.430309 -1.529105
 91.780004 -1.338212 -1.397977
 91.980004 -1.560138 -1.417260
 92.180004 -1.493129 -1.231684
 92.380004 -1.226398 -1.800710
 92.580004 -1.472652 -1.284902
 92.780004 -1.464247 -1.335202
 92.980004 -1.311727 -1.438077
 93.180004 -1.253772 -1.506851
 93.380004 -1.551659 -1.365261
 93.580004 -1.404590 -1.237742
 93.780004 -1.170387 -1.559758
 93.980004 -1.476460 -1.413392
 94.180004 -1.343912 -1.349568
 94.380004 -1.376480 -1.367776
 94.580004 -1.406425 -1.615452
 94.780005 -1.402011 -1.216458
 94.980005 -1.400077 -1.368829
 95.180005 -1.325539 -1.617101
 95.380005 -1.087877 -1.449420
 95.580005 -1.274619 -1.104155
 95.780005 -1.540977 -1.649829
 95.980005 -1.237423 -1.116785
 96.180005 -1.303667 -1.424583
 96.380005 -1.608690 -1.579906
 96.580005 -1.395904 -1.283063
 96.780005 -1.364517 -1.384665
 96.980005 -1.508572 -1.440054
 97.180005 -1.259970 -1.207254
 97.380005 -1.346844 -1.473355
 97.580005 -1.515621 -1.579753
 97.780005 -1.365585 -1.123227
 97.980005 -1.347741 -1.541143
 98.180005 -1.353558 -1.487436
 98.380005 -1.181462 -1.382126
 98.580005 -1.372910 -1.415187
 98.780005 -1.354449 -1.521303
 98.980005 -1.396214 -1.199965
 99.180005 -1.452624 -1.451362
 99.380005 -1.360776 -1.483680
 99.580005 -1.421257 -1.303686
 99.780005 -1.456637 -1.374640
 99.980005 -1.244553 -1.472248
 100.180005 -1.155887 -1.477296
 100.380005 -1.321484 -1.447506
 100.580005 -1.387151 -1.276870
 100.780005 -1.423265 -1.394581
 100.980005 -1.396474 -1.599381
 101.180005 -1.550481 -1.183724
 101.380005 -1.424329 -1.568568
 101.580005 -1.316461 -1.281340
 101.780005 -1.148011 -1.502997
 101.980005 -1.403878 -1.266025
 102.180005 -1.319586 -1.434923
 102.380005 -1.481109 -1.269113
 102.580005 -1.458758 -1.426087
 102.780005 -1.464877 -1.322082
 102.980005 -1.473795 -1.367759
 103.180005 -1.332904 -1.328833
 103.380005 -1.499713 -1.263104
 103.580005 -1.325345 -1.357912
 103.780005 -1.296895 -1.501212
 103.980005 -1.530797 -1.351249
 104.180005 -1.414279 -1.443119
 104.380005 -1.243620 -1.645393
 104.580005 -1.502836 -1.318566
 104.780005 -1.211013 -1.233568
 104.980005 -1.315134 -1.348922
 105.180005 -1.341256 -1.517606
 105.380005 -1.162978 -1.237067
 105.580005 -1.382171 -1.547457
 105.780005 -1.474950 -1.474616
 105.980005 -1.386131 -1.189763
 106.180005 -1.433218 -1.543139
 106.380005 -1.409807 -1.499662
 106.580005 -1.213647 -1.356412
 106.780005 -1.499634 -1.448000
 106.980005 -1.464179 -1.434978
 107.180005 -1.256458 -1.272525
 107.380005 -1.390949 -1.537008
 107.580005 -1.577610 -1.443555
 107.780005 -1.139440 -1.294782
 107.980005 -1.505139 -1.227665
 108.180005 -1.372542 -1.817181
 108.380005 -1.295823 -0.862256
 108.580005 -1.370727 -1.444508
 108.780005 -1.588551 -1.525119
 108.980005 -1.210211 -1.321465
 109.180005 -1.403162 -1.093282
 109.380005 -1.366220 -1.628489
 109.580005 -1.172647 -1.548277
 109.780005 -1.330755 -1.162817
 109.980005 -1.414513 -1.609118
 110.180005 -1.444950 -1.228020
 110.380005 -1.299688 -1.415124
 110.580005 -1.709673 -1.318863
 110.780005 -1.334078 -1.696676
 110.980005 -1.313940 -1.218992
 111.180005 -1.351013 -1.481652
 111.380005 -1.470874 -1.385589
 111.580005 -1.175827 -1.185920
 111.780005 -1.241947 -1.589877
 111.980005 -1.498199 -1.420790
 112.180005 -1.318568 -1.148658
 112.380005 -1.272043 -1.545816
 112.580005 -1.449730 -1.692120
 112.780005 -1.448139 -1.178321
 112.980005 -1.376426 -1.338097
 113.180005 -1.511945 -1.540849
 113.380005 -1.294218 -1.377640
 113.580005 -1.386476 -1.134261
 113.780005 -1.470801 -1.726338
 113.980005 -1.318048 -1.335526
 114.180005 -1.215175 -1.287235
 114.380005 -1.568283 -1.549025
 114.580005 -1.356927 -1.373118
 114.780005 -1.211285 -1.188861
 114.980005 -1.522077 -1.725348
 115.180005 -1.418357 -1.350932
 115.380005 -1.340027 -1.255975
 115.580005 -1.477663 -1.675248
 115.780005 -1.557788 -1.282657
 115.980006 -1.295012 -1.291953
 116.180006 -1.454593 -1.370418
 116.380006 -1.275357 -1.606854
 116.580006 -1.243738 -1.030080
 116.780006 -1.434783 -1.680155
 116.980006 -1.297860 -1.387759
 117.180006 -1.225102 -1.240987
 117.380006 -1.481069 -1.404175
 117.580006 -1.427862 -1.515640
 117.780006 -1.235643 -1.215691
 117.980006 -1.537029 -1.430798
 118.180006 -1.330024 -1.592715
 118.380006 -1.367617 -1.170678
 118.580006 -1.491862 -1.511428
 118.780006 -1.481492 -1.382972
 118.980006 -1.305651 -1.365077
 119.180006 -1.568687 -1.527582
 119.380006 -1.370738 -1.637141
 119.580006 -1.443505 -1.121313
 119.780006 -1.391257 -1.631727
 119.980006 -1.338109 -1.449444
 120.180006 -1.154533 -1.242989
 120.380006 -1.364599 -1.419067
 120.580006 -1.543605 -1.492692
 120.780006 -1.266795 -1.123010
 120.980006 -1.539676 -1.436754
 121.180006 -1.517984 -1.661112
 121.380006 -1.271361 -0.999874
 121.580006 -1.568528 -1.595336
 121.780006 -1.312810 -1.567554
 121.980006 -1.113716 -1.330951
 122.180006 -1.535292 -1.228533
 122.380006 -1.402587 -1.654401
 122.580006 -1.122925 -1.330213
 122.780006 -1.336531 -1.320465
 122.980006 -1.738235 -1.487629
 123.180006 -1.321284 -1.289461
 123.380006 -1.328121 -1.458436
 123.580006 -1.554094 -1.592811
 123.780006 -1.198190 -1.208341
 123.980006 -1.404475 -1.333877
 124.180006 -1.419448 -1.663138
 124.380006 -1.051250 -1.124522
 124.580006 -1.391463 -1.550277
 124.780006 -1.469653 -1.609155
 124.980006 -1.395378 -1.214353
 125.180006 -1.504597 -1.219659
 125.380006 -1.324693 -1.531206
 125.580006 -1.083137 -1.390636
 125.780006 -1.323658 -1.362465
 125.980006 -1.205426 -1.346935
 126.180006 -1.301932 -1.480040
 126.380006 -1.449093 -1.359300
 126.580006 -1.457518 -1.378324
 126.780006 -1.373944 -1.454791
 126.980006 -1.556866 -1.446642
 127.180006 -1.466295 -1.389633
 127.380006 -1.385693 -1.490594
 127.580006 -1.411836 -1.501795
 127.780006 -1.502647 -1.335153
 127.980006 -1.439368 -1.402287
 128.180006 -1.326280 -1.249586
 128.380006 -1.323781 -1.460441
 128.580006 -1.351472 -1.281289
 128.780006 -1.014825 -1.559361
 128.980006 -1.185349 -1.458022
 129.180006 -1.501868 -1.317438
 129.380006 -1.529191 -1.148449
 129.580006 -1.338822 -1.655452
 129.780006 -1.365007 -1.340715
 129.980006 -1.519000 -1.362551
 130.180006 -1.527671 -1.432405
 130.380006 -1.262632 -1.474304
 130.580006 -1.470849 -1.339577
 130.780006 -1.426730 -1.191011
 130.980006 -1.216750 -1.665532
 131.180006 -1.428861 -1.487028
 131.380006 -1.406548 -1.138347
 131.580006 -1.524281 -1.525089
 131.780006 -1.305217 -1.607505
 131.980006 -1.309542 -1.290255
 132.180006 -1.583840 -1.493428
 132.380006 -1.369272 -1.357811
 132.580006 -1.278173 -1.294518
 132.780006 -1.341099 -1.488794
 132.980006 -1.241889 -1.579647
 133.180006 -1.289875 -1.230277
 133.380006 -1.346204 -1.487139
 133.580006 -1.465638 -1.449489
 133.780006 -1.328816 -1.374759
 133.980006 -1.356287 -1.259702
 134.180006 -1.451432 -1.593480
 134.380006 -1.124648 -1.400710
 134.580006 -1.270526 -1.385552
 134.780006 -1.524186 -1.604424
 134.980006 -1.263296 -1.349816
 135.180006 -1.359441 -1.425721
 135.380006 -1.603105 -1.413008
 135.580006 -1.191207 -1.443065
 135.780006 -1.231272 -1.350619
 135.980006 -1.424106 -1.702575
 136.180006 -1.419872 -1.174821
 136.380006 -1.172159 -1.440667
 136.580006 -1.471336 -1.526958
 136.780006 -1.368387 -1.266907
 136.980007 -1.355045 -1.361561
 137.180007 -1.496991 -1.617719
 137.380007 -1.198199 -1.210005
 137.580007 -1.153408 -1.388380
 137.780007 -1.403242 -1.523756
 137.980007 -1.363706 -1.216090
 138.180007 -1.338184 -1.212123
 138.380007 -1.331510 -1.646900
 138.580007 -1.380141 -1.418201
 138.780007 -1.381693 -1.169871
 138.980007 -1.591966 -1.711592
 139.180007 -1.425194 -1.447961
 139.380007 -1.266008 -1.315616
 139.580007 -1.758078 -1.353478
 139.780007 -1.481221 -1.485824
 139.980007 -1.098933 -1.335954
 140.180007 -1.534945 -1.431687
 140.380007 -1.424117 -1.616781
 140.580007 -1.035648 -1.299058
 140.780007 -1.185526 -1.448055
 140.980007 -1.647841 -1.403374
 141.180007 -1.260637 -1.295244
 141.380007 -1.399273 -1.418348
 141.580007 -1.465236 -1.641761
 141.780007 -1.208511 -1.219724
 141.980007 -1.235147 -1.530330
 142.180007 -1.427822 -1.544075
 142.380007 -1.245688 -1.299486
 142.580007 -1.505737 -1.311899
 142.780007 -1.414330 -1.597013
 142.980007 -1.332644 -0.980666
 143.180007 -1.394948 -1.465011
 143.380007 -1.342137 -1.591161
 143.580007 -1.288321 -1.195907
 143.780007 -1.400432 -1.415983
 143.980007 -1.300332 -1.537017
 144.180007 -1.291150 -1.241415
 144.380007 -1.352561 -1.297223
 144.580007 -1.306597 -1.738558
 144.780007 -1.476446 -1.141179
 144.980007 -1.479857 -1.363161
 145.180007 -1.482929 -1.559236
 145.380007 -1.278897 -1.493995
 145.580007 -1.379324 -1.223848
 145.780007 -1.439330 -1.577706
 145.980007 -1.350453 -1.317388
 146.180007 -1.243284 -1.363731
 146.380007 -1.544253 -1.559348
 146.580007 -1.199494 -1.431297
 146.780007 -1.277271 -1.358727
 146.980007 -1.638545 -1.534008
 147.180007 -1.319729 -1.267457
 147.380007 -1.134561 -1.396371
 147.580007 -1.505144 -1.665287
 147.780007 -1.311805 -1.192849
 147.980007 -1.262547 -1.476844
 148.180007 -1.585038 -1.438771
 148.380007 -1.487462 -1.472836
 148.580007 -1.361997 -1.143981
 148.780007 -1.480403 -1.626697
 148.980007 -1.327831 -1.509891
 149.180007 -1.195839 -1.203644
 149.380007 -1.317627 -1.493693
 149.580007 -1.182084 -1.587705
 149.780007 -1.216019 -1.179100
 149.980007 -1.386601 -1.481117
 150.180007 -1.345798 -1.463109
 150.380007 -1.338440 -1.331174
 150.580007 -1.558198 -1.364472
 150.780007 -1.492731 -1.516091
 150.980007 -1.319020 -1.354686
 151.180007 -1.507538 -1.471648
 151.380007 -1.378398 -1.433707
 151.580007 -1.303533 -1.449072
 151.780007 -1.306789 -1.395993
 151.980007 -1.391669 -1.396562
 152.180007 -1.205848 -1.455570
 152.380007 -1.244826 -1.384515
 152.580007 -1.389596 -1.412479
 152.780007 -1.393648 -1.300572
 152.980007 -1.204159 -1.509975
 153.180007 -1.257749 -1.393184
 153.380007 -1.463607 -1.554916
 153.580007 -1.429220 -1.317016
 153.780007 -1.368617 -1.517243
 153.980007 -1.597646 -1.415927
 154.180007 -1.431729 -1.340152
 154.380007 -1.192748 -1.386378
 154.580007 -1.318332 -1.436097
 154.780007 -1.245405 -1.404010
 154.980007 -1.217109 -1.316974
 155.180007 -1.459829 -1.461221
 155.380007 -1.376078 -1.382657
 155.580007 -1.238806 -1.369813
 155.780007 -1.255053 -1.567437
 155.980007 -1.345933 -1.396771
 156.180007 -1.354185 -1.258899
 156.380007 -1.414373 -1.540592
 156.580007 -1.485506 -1.365481
 156.780007 -1.445315 -1.298939
 156.980007 -1.579672 -1.532933
 157.180007 -1.341063 -1.323497
 157.380007 -1.389597 -1.321065
 157.580007 -1.498433 -1.515547
 157.780007 -1.263446 -1.347198
 157.980008 -1.242645 -1.261652
 158.180008 -1.393652 -1.487306
 158.380008 -1.337094 -1.422880
 158.580008 -1.252978 -1.370496
 158.780008 -1.512180 -1.453725
 158.980008 -1.383503 -1.376235
 159.180008 -1.422200 -1.359827
 159.380008 -1.432633 -1.415640
 159.580008 -1.392694 -1.497961
 159.780008 -1.469795 -1.262213
 159.980008 -1.438847 -1.498505
 160.180008 -1.262108 -1.505737
 160.380008 -1.207910 -1.360710
 160.580008 -1.414569 -1.459349
 160.780008 -1.308859 -1.212393
 160.980008 -1.320571 -1.435670
 161.180008 -1.476216 -1.422111
 161.380008 -1.543555 -1.266359
 161.580008 -1.388955 -1.497747
 161.780008 -1.468116 -1.570547
 161.980008 -1.469508 -1.349618
 162.180008 -1.293312 -1.338830
 162.380008 -1.312842 -1.632154
 162.580008 -1.557291 -1.273428
 162.780008 -1.241596 -1.270559
 162.980008 -1.181789 -1.453807
 163.180008 -1.414338 -1.462082
 163.380008 -1.285735 -1.380959
 163.580008 -1.439973 -1.296664
 163.780008 -1.394072 -1.710843
 163.980008 -1.526851 -1.179502
 164.180008 -1.511724 -1.271078
 164.380008 -1.501017 -1.528458
 164.580008 -1.387622 -1.387229
 164.780008 -1.372421 -1.258363
 164.980008 -1.443023 -1.599397
 165.180008 -1.128906 -1.446597
 165.380008 -1.450532 -1.320826
 165.580008 -1.365345 -1.437088
 165.780008 -1.146502 -1.496046
 165.980008 -1.299570 -1.328117
 166.180008 -1.405629 -1.351230
 166.380008 -1.043599 -1.536084
 166.580008 -1.319637 -1.494947
 166.780008 -1.602434 -1.413806
 166.980008 -1.480172 -1.382144
 167.180008 -1.473324 -1.489086
 167.380008 -1.613464 -1.274655
 167.580008 -1.390869 -1.367253
 167.780008 -1.361575 -1.493389
 167.980008 -1.416371 -1.347056
 168.180008 -1.313835 -1.312106
 168.380008 -1.366487 -1.555815
 168.580008 -1.348376 -1.363930
 168.780008 -1.445602 -1.312712
 168.980008 -1.412727 -1.416235
 169.180008 -1.394344 -1.335554
 169.380008 -1.272507 -1.306032
 169.580008 -1.289519 -1.417118
 169.780008 -1.395003 -1.504656
 169.980008 -1.228534 -1.333240
 170.180008 -1.535591 -1.457391
 170.380008 -1.340751 -1.322386
 170.580008 -1.251621 -1.417640
 170.780008 -1.513637 -1.443741
 170.980008 -1.445559 -1.368601
 171.180008 -1.216133 -1.446186
 171.380008 -1.591018 -1.385442
 171.580008 -1.536604 -1.341124
 171.780008 -1.130467 -1.422274
 171.980008 -1.499983 -1.609959
 172.180008 -1.559674 -1.280115
 172.380008 -1.008504 -1.296673
 172.580008 -1.425238 -1.507789
 172.780008 -1.493364 -1.346078
 172.980008 -1.259891 -1.295204
 173.180008 -1.331225 -1.645832
 173.380008 -1.568004 -1.357313
 173.580008 -1.111981 -1.296406
 173.780008 -1.424252 -1.482272
 173.980008 -1.514601 -1.426985
 174.180008 -1.350639 -1.061287
 174.380008 -1.375966 -1.595140
 174.580008 -1.401894 -1.465861
 174.780008 -1.161408 -1.261021
 174.980008 -1.535355 -1.381566
 175.180008 -1.447632 -1.586844
 175.380008 -1.165325 -1.204036
 175.580008 -1.506332 -1.431387
 175.780008 -1.401517 -1.738032
 175.980008 -1.277431 -1.134477
 176.180008 -1.309445 -1.418494
 176.380008 -1.336686 -1.524583
 176.580008 -1.107260 -1.293934
 176.780008 -1.421932 -1.053481
 176.980008 -1.416354 -1.795715
 177.180008 -1.461299 -1.098541
 177.380008 -1.213712 -1.454351
 177.580008 -1.317254 -1.762469
 177.780008 -1.384017 -1.376485
 177.980008 -1.493782 -1.074172
 178.180008 -1.581352 -1.583500
 178.380008 -1.370019 -1.431941
 178.580008 -1.283540 -1.121496
 178.780008 -1.408882 -1.498493
 178.980009 -1.297138 -1.330253
 179.180009 -0.874601 -1.567747
 179.380009 -1.474996 -1.201424
 179.580009 -1.372370 -1.498500
 179.780009 -1.286254 -1.213608
 179.980009 -1.394287 -1.670764
 180.180009 -1.649712 -1.152832
 180.380009 -1.259874 -1.429318
 180.580009 -1.256421 -1.623928
 180.780009 -1.558939 -1.403099
 180.980009 -1.270096 -1.290498
 181.180009 -1.340269 -1.461409
 181.380009 -1.574059 -1.628437
 181.580009 -1.537684 -1.068147
 181.780009 -1.194350 -1.539543
 181.980009 -1.395559 -1.423290
 182.180009 -1.349661 -1.438204
 182.380009 -1.378534 -1.269003
 182.580009 -1.345970 -1.800137
 182.780009 -1.438381 -1.359982
 182.980009 -1.581277 -1.242556
 183.180009 -1.467905 -1.459641
 183.380009 -1.280933 -1.430763
 183.580009 -1.366345 -1.282433
 183.780009 -1.188083 -1.543852
 183.980009 -1.173659 -1.439970
 184.180009 -1.318341 -1.205281
 184.380009 -1.410046 -1.470306
 184.580009 -1.164466 -1.320702
 184.780009 -1.329010 -1.489779
 184.980009 -1.588524 -1.524837
 185.180009 -1.414211 -1.460796
 185.380009 -1.440089 -1.256023
 185.580009 -1.596852 -1.757222
 185.780009 -1.274836 -1.290267
 185.980009 -1.180790 -1.435928
 186.180009 -1.676384 -1.540370
 186.380009 -1.195385 -1.224464
 186.580009 -1.307295 -1.335092
 186.780009 -1.551762 -1.742163
 186.980009 -1.199400 -1.164482
 187.180009 -1.462557 -1.177597
 187.380009 -1.485563 -1.789041
 187.580009 -1.295103 -1.023957
 187.780009 -1.183678 -1.517101
 187.980009 -1.495951 -1.419910
 188.180009 -1.107699 -1.348683
 188.380009 -1.500629 -1.322658
 188.580009 -1.255918 -1.716812
 188.780009 -1.373125 -1.011543
 188.980009 -1.586250 -1.493869
 189.180009 -1.423111 -1.500259
 189.380009 -1.213787 -1.138368
 189.580009 -1.511361 -1.597533
 189.780009 -1.473552 -1.447602
 189.980009 -1.084348 -1.419727
 190.180009 -1.582116 -1.302202
 190.380009 -1.391483 -1.636761
 190.580009 -1.216899 -1.091424
 190.780009 -1.507443 -1.473277
 190.980009 -1.425638 -1.652801
 191.180009 -1.152926 -1.275926
 191.380009 -1.374494 -1.272515
 191.580009 -1.503210 -1.575746
 191.780009 -1.213137 -1.317983
 191.980009 -1.366915 -1.356368
 192.180009 -1.456744 -1.401657
 192.380009 -1.281117 -1.284701
 192.580009 -1.385601 -1.594619
 192.780009 -1.334422 -1.360002
 192.980009 -1.374265 -1.407868
 193.180009 -1.436446 -1.353444
 193.380009 -1.499555 -1.546889
 193.580009 -1.317406 -1.236124
 193.780009 -1.532290 -1.466059
 193.980009 -1.321978 -1.523894
 194.180009 -1.240814 -1.322387
 194.380009 -1.458590 -1.485988
 194.580009 -1.367024 -1.292716
 194.780009 -1.341423 -1.470911
 194.980009 -1.513378 -1.339608
 195.180009 -1.376278 -1.487366
 195.380009 -1.438734 -1.374216
 195.580009 -1.379366 -1.537941
 195.780009 -1.543776 -1.287226
 195.980009 -1.311805 -1.389521
 196.180009 -1.425416 -1.502806
 196.380009 -1.307366 -1.351643
 196.580009 -1.370103 -1.303800
 196.780009 -1.359635 -1.569624
 196.980009 -1.414271 -1.244915
 197.180009 -1.414912 -1.331146
 197.380009 -1.165873 -1.608228
 197.580009 -1.226016 -1.381039
 197.780009 -1.347413 -1.328538
 197.980009 -1.150278 -1.525681
 198.180009 -1.228716 -1.488281
 198.380009 -1.493656 -1.266699
 198.580009 -1.316083 -1.444062
 198.780009 -1.300443 -1.491965
 198.980009 -1.259553 -1.508868
 199.180009 -1.469832 -1.289534
 199.380009 -1.159522 -1.522814
 199.580009 -1.445217 -1.318128
 199.780009 -1.354597 -1.402865
 199.980009 -1.393226 -1.255315
