0.000000  -0.153145
0.020000  0.812145
0.040000  1.198803
0.060000  1.540523
0.080000  1.714364
0.100000  2.036466
0.120000  2.108477
0.140000  2.082827
0.160000  1.853547
0.180000  2.057786
0.200000  2.313365
0.220000  2.439533
0.240000  2.525806
0.260000  2.503334
0.280000  2.472235
0.300000  2.417551
0.320000  2.412628
0.340000  2.596564
0.360000  2.439736
0.380000  2.434616
0.400000  2.544299
0.420000  2.629204
0.440000  2.775424
0.460000  2.643651
0.480000  2.326333
0.500000  2.277595
0.520000  2.045652
0.540000  2.219057
0.560000  2.066043
0.580000  1.944884
0.600000  1.919649
0.620000  1.998077
0.640000  1.902335
0.660000  1.976784
0.680000  1.862310
0.700000  2.115925
0.720000  2.088404
0.740000  2.479491
0.760000  2.464499
0.780000  2.371853
0.800000  2.403736
0.820000  2.193184
0.840000  2.181453
0.860000  2.292931
0.880000  2.278366
0.900000  2.503042
0.920000  2.474946
0.940000  2.390157
0.960000  2.456040
0.980000  2.440745
1.000000  2.628589
1.020000  2.447151
1.040000  2.510488
1.060000  2.493011
1.080000  2.512341
1.100000  2.751105
1.120000  2.516745
1.140000  2.256620
1.160000  2.019493
1.180000  1.800961
1.200000  1.977994
1.220000  2.059007
1.240000  1.939901
1.260000  1.844611
1.280000  1.978283
1.300000  2.068289
1.320000  2.175495
1.340000  2.143485
1.360000  2.126295
1.380000  2.144568
1.400000  2.373041
1.420000  2.260491
1.440000  2.378180
1.460000  2.424796
1.480000  2.316203
1.500000  2.110404
1.520000  2.156050
1.540000  1.886084
1.560000  2.172697
1.580000  2.214648
1.600000  2.200188
1.620000  2.237892
1.640000  2.025889
1.660000  2.107398
1.680000  2.151125
1.700000  2.239716
1.720000  2.249073
1.740000  2.292039
1.760000  2.097764
1.780000  2.133044
1.800000  1.886538
1.820000  1.871934
1.840000  1.621421
1.860000  1.750134
1.880000  1.455379
1.900000  1.644556
1.920000  1.634595
1.940000  1.590169
1.960000  1.496343
1.980000  1.627781
2.000000  1.681994
2.020000  2.044157
2.040000  2.022059
2.060000  2.063683
2.080000  2.044830
2.100000  2.041612
2.120000  1.935711
2.140000  2.065547
2.160000  1.982512
2.180000  2.105917
2.200000  2.234135
2.220000  2.097406
2.240000  2.036526
2.260000  1.881899
2.280000  1.921399
2.300000  2.156670
2.320000  2.312295
2.340000  2.376023
2.360000  2.333873
2.380000  2.174572
2.400000  2.270342
2.420000  2.177237
2.440000  2.294125
2.460000  2.203881
2.480000  2.222932
2.500000  2.231372
2.520000  2.131705
2.540000  2.065907
2.560000  2.071808
2.580000  1.957555
2.600000  2.112520
2.620000  2.006856
2.640000  2.147805
2.660000  2.241949
2.680000  2.437687
2.700000  2.596486
2.720000  2.494577
2.740000  2.485971
2.760000  2.370454
2.780000  2.441982
2.800000  2.620607
2.820000  2.449487
2.840000  2.529067
2.860000  2.575358
2.880000  2.579836
2.900000  2.736523
2.920000  2.453448
2.940000  2.522577
2.960000  2.529943
2.980000  2.562533
3.000000  2.606257
3.020000  2.541630
3.040000  2.577566
3.060000  2.365673
3.080000  2.404624
3.100000  2.275776
3.120000  2.212510
3.140000  2.351698
3.160000  2.293281
3.180000  2.206517
3.200000  2.325361
3.220000  2.143886
3.240000  2.276924
3.260000  2.344092
3.280000  2.403312
3.300000  2.469661
3.320000  2.491215
3.340000  2.359639
3.360000  2.291917
3.380000  2.411456
3.400000  2.289768
3.420000  2.363160
3.440000  2.283423
3.460000  2.207094
3.480000  2.308001
3.500000  2.454613
3.520000  2.344964
3.540000  2.302679
3.560000  2.103476
3.580000  2.086601
3.600000  2.228402
3.620000  2.367093
3.640000  2.317674
3.660000  2.240729
3.680000  2.027750
3.700000  1.895817
3.720000  1.985562
3.740000  1.893436
3.760000  1.877642
3.780000  1.816441
3.800000  1.862044
3.820000  1.720811
3.840000  1.897131
3.860000  1.743803
3.880000  1.994571
3.900000  1.909266
3.920000  2.008500
3.940000  1.805455
3.960000  1.953401
3.980000  1.827288
4.000000  1.809540
4.020000  1.911639
4.040000  1.814619
4.060000  1.907103
4.080000  1.792115
4.100000  1.853694
4.120000  1.761859
4.140000  1.849517
4.160000  1.784290
4.180000  1.838851
4.200000  1.782371
4.220000  2.007686
4.240000  1.996391
4.260000  2.058585
4.280000  1.971310
4.300000  1.954552
4.320000  2.030242
4.340000  1.934486
4.360000  2.004595
4.380000  2.040311
4.400000  2.082099
4.420000  2.115651
4.440000  2.119973
4.460000  2.163899
4.480000  2.252903
4.500000  2.304866
4.520000  2.330553
4.540000  2.304857
4.560000  2.318918
4.580000  2.415661
4.600000  2.525074
4.620000  2.726351
4.640000  2.728594
4.660000  2.608182
4.680000  2.450676
4.700000  2.361594
4.720000  2.451657
4.740000  2.477087
4.760000  2.667825
4.780000  2.676746
4.800000  2.635690
4.820000  2.616485
4.840000  2.536864
4.860000  2.590536
4.880000  2.672695
4.900000  2.692615
4.920000  2.779502
4.940000  2.764030
4.960000  2.835246
4.980000  2.694729
5.000000  2.630429
5.020000  2.573363
5.040000  2.541669
5.060000  2.695993
5.080000  2.703888
5.100000  2.710724
5.120000  2.778087
5.140000  2.713632
5.160000  2.669296
5.180000  2.650405
5.200000  2.553135
5.220000  2.532880
5.240000  2.518022
5.260000  2.622277
5.280000  2.641502
5.300000  2.744771
5.320000  2.544190
5.340000  2.289005
5.360000  2.342911
5.380000  2.349867
5.400000  2.546413
5.420000  2.616661
5.440000  2.456581
5.460000  2.381815
5.480000  2.318704
5.500000  2.299876
5.520000  2.294157
5.540000  2.209901
5.560000  2.244252
5.580000  2.093046
5.600000  2.048753
5.620000  2.145551
5.640000  2.181533
5.660000  2.138875
5.680000  1.938632
5.700000  1.991599
5.720000  1.965657
5.740000  2.045811
5.760000  2.168840
5.780000  2.008598
5.800000  2.033186
5.820000  2.074422
5.840000  2.071247
5.860000  1.870773
5.880000  1.847878
5.900000  1.776982
5.920000  1.907139
5.940000  2.006941
5.960000  2.029592
5.980000  1.873297
6.000000  1.818641
6.020000  1.768277
6.040000  1.845022
6.060000  1.957952
6.080000  1.722016
6.100000  1.864828
6.120000  1.903842
6.140000  1.939450
6.160000  1.809118
6.180000  1.819655
6.200000  1.567562
6.220000  1.670340
6.240000  1.797095
6.260000  1.851360
6.280000  1.773878
6.300000  1.647053
6.320000  1.635419
6.340000  1.813011
6.360000  1.967218
6.380000  2.017998
6.400000  2.107933
6.420000  1.974593
6.440000  1.868801
6.460000  1.970752
6.480000  2.017005
6.500000  2.002888
6.520000  2.090129
6.540000  2.078233
6.560000  2.172718
6.580000  2.202487
6.600000  2.127342
6.620000  2.082988
6.640000  2.120279
6.660000  2.102311
6.680000  2.196996
6.700000  2.255604
6.720000  2.315017
6.740000  2.370784
6.760000  2.433659
6.780000  2.190066
6.800000  2.198211
6.820000  2.229723
6.840000  2.128289
6.860000  2.296493
6.880000  2.145857
6.900000  2.104269
6.920000  2.103951
6.940000  1.951825
6.960000  2.065476
6.980000  2.104849
7.000000  1.994779
7.020000  2.044549
7.040000  2.026242
7.060000  2.021583
7.080000  2.012646
7.100000  2.148935
7.120000  2.060780
7.140000  2.198326
7.160000  2.229328
7.180000  2.125341
7.200000  2.187811
7.220000  2.234210
7.240000  2.272012
7.260000  2.387855
7.280000  2.339672
7.300000  2.359246
7.320000  2.370106
7.340000  2.388483
7.360000  2.498455
7.380000  2.469114
7.400000  2.501143
7.420000  2.424447
7.440000  2.438847
7.460000  2.460271
7.480000  2.406940
7.500000  2.466697
7.520000  2.384748
7.540000  2.346931
7.560000  2.476546
7.580000  2.339659
7.600000  2.281252
7.620000  2.179493
7.640000  2.102584
7.660000  2.264054
7.680000  2.231982
7.700000  2.364533
7.720000  2.243227
7.740000  2.321042
7.760000  2.252477
7.780000  2.228152
7.800000  2.459721
7.820000  2.486573
7.840000  2.582071
7.860000  2.611696
7.880000  2.468733
7.900000  2.506762
7.920000  2.533004
7.940000  2.560694
7.960000  2.576502
7.980000  2.541399
8.000000  2.536751
8.020000  2.553458
8.040000  2.606883
8.060000  2.496089
8.080000  2.451721
8.100000  2.296586
8.120000  2.248981
8.140000  2.340744
8.160000  2.393913
8.180000  2.277270
8.200000  2.225302
8.220000  2.040569
8.240000  2.061407
8.260000  2.267202
8.280000  2.188673
8.300000  2.307334
8.320000  2.223981
8.340000  2.171626
8.360000  2.226241
8.380000  2.242338
8.400000  2.288269
8.420000  2.307806
8.440000  2.351341
8.460000  2.354077
8.480000  2.382381
8.500000  2.526513
8.520000  2.366563
8.540000  2.459034
8.560000  2.401339
8.580000  2.289923
8.600000  2.297041
8.620000  2.281707
8.640000  2.290581
8.660000  2.472964
8.680000  2.341150
8.700000  2.277396
8.720000  2.157881
8.740000  1.952379
8.760000  2.096060
8.780000  2.007039
8.800000  1.985451
8.820000  1.827264
8.840000  1.776211
8.860000  1.837141
8.880000  1.869567
8.900000  1.867441
8.920000  1.797345
8.940000  1.714292
8.960000  1.797014
8.980000  1.795545
9.000000  1.852340
9.020000  1.923340
9.040000  1.872580
9.060000  1.985497
9.080000  2.008054
9.100000  1.937821
9.120000  2.042293
9.140000  2.026565
9.160000  1.998919
9.180000  2.090770
9.200000  2.013482
9.220000  2.079169
9.240000  2.256659
9.260000  2.238325
9.280000  2.332716
9.300000  2.330595
9.320000  2.297618
9.340000  2.360155
9.360000  2.508523
9.380000  2.371765
9.400000  2.383516
9.420000  2.394469
9.440000  2.242299
9.460000  2.397650
9.480000  2.432242
9.500000  2.235052
9.520000  2.322780
9.540000  2.127757
9.560000  2.040652
9.580000  2.139402
9.600000  2.122189
9.620000  2.242890
9.640000  2.482203
9.660000  2.511929
9.680000  2.449243
9.700000  2.432785
9.720000  2.261190
9.740000  2.382654
9.760000  2.513583
9.780000  2.531452
9.800000  2.508526
9.820000  2.618813
9.840000  2.525196
9.860000  2.528991
9.880000  2.521500
9.900000  2.465125
9.920000  2.623336
9.940000  2.730327
9.960000  2.799933
9.980000  2.918389
10.000000  2.833279
10.020000  2.706685
10.040000  2.626158
10.060000  2.553304
10.080000  2.567029
10.100000  2.549485
10.120000  2.592481
10.140000  2.538757
10.160000  2.654384
10.180000  2.617223
10.200000  2.487911
10.220000  2.600033
10.240000  2.533207
10.260000  2.697195
10.280000  2.754453
10.300000  2.628593
10.320000  2.652239
10.340000  2.516110
10.360000  2.474399
10.380000  2.468160
10.400000  2.424401
10.420000  2.513768
10.440000  2.469817
10.460000  2.585243
10.480000  2.605210
10.500000  2.505876
10.520000  2.457977
10.540001  2.278566
10.560001  2.441112
10.580001  2.452249
10.600001  2.386508
10.620001  2.454969
10.640001  2.186991
10.660001  2.224544
10.680001  2.241893
10.700001  2.085878
10.720001  2.149510
10.740001  2.104970
10.760001  2.091487
10.780001  2.185108
10.800001  2.149813
10.820001  2.220893
10.840001  2.200831
10.860001  2.279621
10.880001  2.097348
10.900001  2.275039
10.920001  2.173744
10.940001  2.137248
10.960001  2.304212
10.980001  2.220435
11.000001  2.112864
11.020001  2.150284
11.040001  1.940109
11.060001  1.972977
11.080001  2.016417
11.100001  2.038936
11.120001  2.119311
11.140001  2.084543
11.160001  2.056765
11.180001  2.023047
11.200001  2.102953
11.220001  1.982478
11.240001  2.151440
11.260001  1.975004
11.280001  1.914613
11.300001  1.954028
11.320001  1.974980
11.340001  1.886962
11.360001  1.747738
11.380001  1.653490
11.400001  1.855807
11.420001  1.852942
11.440001  1.904753
11.460001  1.808703
11.480001  1.828501
11.500001  1.963185
11.520001  1.984847
11.540001  2.143287
11.560001  2.089498
11.580001  2.182641
11.600001  2.271591
11.620001  2.048917
11.640001  2.050959
11.660001  1.982778
11.680001  2.164089
11.700001  2.170206
11.720001  2.071978
11.740001  2.081752
11.760001  1.990567
11.780001  2.185796
11.800001  2.307102
11.820001  2.172332
11.840001  2.275591
11.860001  2.169499
11.880001  2.229595
11.900001  2.477944
11.920001  2.289006
11.940001  2.434270
11.960001  2.215184
11.980001  2.075376
12.000001  2.159195
12.020001  2.190378
12.040001  2.184392
12.060001  2.215066
12.080001  2.053235
12.100001  2.183307
12.120001  2.162030
12.140001  2.343807
12.160001  2.380587
12.180001  2.401797
12.200001  2.548424
12.220001  2.490851
12.240001  2.712896
12.260001  2.640102
12.280001  2.572565
12.300001  2.509349
12.320001  2.365752
12.340001  2.501592
12.360001  2.492863
12.380001  2.323060
12.400001  2.489809
12.420001  2.482074
12.440001  2.633519
12.460001  2.670581
12.480001  2.659182
12.500001  2.672561
12.520001  2.507259
12.540001  2.708001
12.560001  2.470639
12.580001  2.650471
12.600001  2.555506
12.620001  2.300206
12.640001  2.385137
12.660001  2.427251
12.680001  2.449990
12.700001  2.627964
12.720001  2.577179
12.740001  2.766537
12.760001  2.839976
12.780001  2.803521
12.800001  2.665814
12.820001  2.510804
12.840001  2.471122
12.860001  2.365092
12.880001  2.533289
12.900001  2.496308
12.920001  2.473369
12.940001  2.385298
12.960001  2.150904
12.980001  2.169052
13.000001  2.328454
13.020001  2.389111
13.040001  2.459612
13.060001  2.476964
13.080001  2.329532
13.100001  2.322219
13.120001  2.260431
13.140001  2.156158
13.160001  2.111020
13.180001  2.015178
13.200001  1.996394
13.220001  2.002097
13.240001  2.059913
13.260001  1.866924
13.280001  1.928714
13.300001  2.002548
13.320001  1.985476
13.340001  2.220955
13.360001  1.997996
13.380001  2.060028
13.400001  2.222370
13.420001  2.212606
13.440001  2.268344
13.460001  2.080823
13.480001  1.846080
13.500001  2.018239
13.520001  1.931244
13.540001  2.048517
13.560001  1.943510
13.580001  1.816275
13.600001  1.854970
13.620001  1.925011
13.640001  1.970148
13.660001  1.838901
13.680001  1.828657
13.700001  1.847059
13.720001  1.874430
13.740001  2.025497
13.760001  1.930355
13.780001  1.883619
13.800001  1.817428
13.820001  1.772640
13.840001  1.832866
13.860001  1.868598
13.880001  1.599196
13.900001  1.780701
13.920001  1.768826
13.940001  1.756275
13.960001  1.882232
13.980001  1.756416
14.000001  1.966245
14.020001  2.122239
14.040001  2.224017
14.060001  2.293855
14.080001  2.121960
14.100001  2.059533
14.120001  2.133964
14.140001  2.290710
14.160001  2.372560
14.180001  2.283277
14.200001  2.051533
14.220001  1.961450
14.240001  2.074164
14.260001  2.179092
14.280001  2.203306
14.300001  2.195228
14.320001  2.222608
14.340001  2.191523
14.360001  2.465849
14.380001  2.472336
14.400001  2.611223
14.420001  2.453011
14.440001  2.327205
14.460001  2.122481
14.480001  2.268939
14.500001  2.265422
14.520001  2.396871
14.540001  2.298700
14.560001  2.148869
14.580001  2.089585
14.600001  2.040695
14.620001  2.081903
14.640001  2.136481
14.660001  2.353675
14.680001  2.385746
14.700001  2.469385
14.720001  2.464545
14.740001  2.456077
14.760001  2.388223
14.780001  2.353713
14.800001  2.206142
14.820001  2.233912
14.840001  2.279052
14.860001  2.389500
14.880001  2.405892
14.900001  2.415240
14.920001  2.375609
14.940001  2.419669
14.960001  2.463376
14.980001  2.502234
15.000001  2.628624
15.020001  2.642672
15.040001  2.700192
15.060001  2.630842
15.080001  2.539861
15.100001  2.494267
15.120001  2.494231
15.140001  2.495621
15.160001  2.425532
15.180001  2.359059
15.200001  2.286237
15.220001  2.282747
15.240001  2.341176
15.260001  2.375340
15.280001  2.424884
15.300001  2.378762
15.320001  2.447362
15.340001  2.494120
15.360001  2.534711
15.380001  2.415926
15.400001  2.347946
15.420001  2.216977
15.440001  2.332525
15.460001  2.495344
15.480001  2.592527
15.500001  2.532558
15.520001  2.446117
15.540001  2.313530
15.560001  2.351113
15.580001  2.396698
15.600001  2.480557
15.620001  2.575617
15.640001  2.686653
15.660001  2.702090
15.680001  2.563799
15.700001  2.607374
15.720001  2.360217
15.740001  2.322623
15.760001  2.211301
15.780001  2.026005
15.800001  2.174487
15.820001  2.371154
15.840001  2.429235
15.860001  2.421524
15.880001  2.269761
15.900001  2.051107
15.920001  2.141576
15.940001  2.292330
15.960001  2.289655
15.980001  2.347142
16.000001  2.360307
16.020001  2.226251
16.040001  2.270772
16.060001  2.196482
16.080001  2.057667
16.100001  2.081824
16.120001  2.036479
16.140001  2.024406
16.160001  2.308855
16.180001  2.408247
16.200001  2.513044
16.220001  2.497034
16.240001  2.345606
16.260001  2.254861
16.280001  2.180940
16.300001  2.347609
16.320001  2.354326
16.340001  2.492242
16.360001  2.414504
16.380001  2.115569
16.400001  2.201649
16.420001  2.042839
16.440001  2.105898
16.460001  2.236989
16.480001  2.073824
16.500001  2.217856
16.520001  2.228070
16.540001  2.313612
16.560001  2.405538
16.580001  2.274445
16.600001  2.164318
16.620001  1.970804
16.640001  2.028973
16.660001  2.108920
16.680001  2.221983
16.700001  2.197151
16.720001  2.091113
16.740001  2.013019
16.760001  2.176768
16.780001  2.063363
16.800001  2.252310
16.820001  2.137841
16.840001  2.136896
16.860001  2.312290
16.880001  2.240251
16.900001  2.348287
16.920001  2.329424
16.940001  2.308929
16.960001  2.170638
16.980001  2.061706
17.000001  1.997747
17.020001  2.102408
17.040001  2.193856
17.060001  2.371927
17.080001  2.210390
17.100001  2.228311
17.120001  1.961335
17.140001  2.069935
17.160001  2.175345
17.180001  2.015148
17.200001  2.141610
17.220001  2.043876
17.240001  1.993685
17.260001  2.104790
17.280001  1.937564
17.300001  1.858763
17.320001  1.910669
17.340001  1.784101
17.360001  1.867807
17.380001  1.720829
17.400001  1.819360
17.420001  1.763904
17.440001  1.950944
17.460001  1.872879
17.480001  1.872187
17.500001  2.022664
17.520001  1.982747
17.540001  2.032327
17.560001  2.102880
17.580001  2.011771
17.600001  2.011118
17.620001  2.024330
17.640001  1.992201
17.660001  2.226647
17.680001  2.206167
17.700001  2.079875
17.720001  1.913938
17.740001  1.869556
17.760001  2.070957
17.780001  2.176588
17.800001  2.272659
17.820001  2.196604
17.840001  2.142722
17.860001  2.289528
17.880001  2.141887
17.900001  2.271154
17.920001  2.229000
17.940001  2.222715
17.960001  2.235394
17.980001  2.150169
18.000001  2.161907
18.020001  2.194101
18.040001  2.183349
18.060001  2.261670
18.080001  2.097123
18.100001  2.080884
18.120001  2.041039
18.140001  2.062851
18.160001  2.332855
18.180001  2.368613
18.200001  2.445915
18.220001  2.240264
18.240001  2.227500
18.260001  2.218615
18.280001  2.301319
18.300001  2.325358
18.320001  2.370294
18.340001  2.222998
18.360001  2.335179
18.380001  2.261105
18.400001  2.328758
18.420001  2.321392
18.440001  2.261744
18.460001  2.232843
18.480001  2.217322
18.500001  2.485891
18.520001  2.516017
18.540001  2.524214
18.560001  2.381157
18.580001  2.255489
18.600001  2.309270
18.620001  2.347762
18.640001  2.312037
18.660001  2.499980
18.680001  2.250463
18.700001  2.275156
18.720001  2.166829
18.740001  2.195151
18.760001  2.214054
18.780001  2.176690
18.800001  2.161753
18.820001  2.106933
18.840001  2.290832
18.860001  2.350333
18.880001  2.217396
18.900001  2.338688
18.920001  2.148013
18.940001  2.114123
18.960001  2.219994
18.980001  2.116162
19.000001  2.331659
19.020001  2.253116
19.040001  2.195001
19.060001  2.145721
19.080001  2.121453
19.100001  2.158781
19.120001  2.223102
19.140001  2.215486
19.160001  2.245207
19.180001  2.221789
19.200001  2.347918
19.220001  2.182903
19.240001  2.370419
19.260001  2.389212
19.280001  2.219716
19.300001  2.313056
19.320001  2.129436
19.340001  2.235303
19.360001  2.403829
19.380001  2.286664
19.400001  2.319635
19.420001  2.181174
19.440001  1.998323
19.460001  2.228414
19.480001  2.182882
19.500001  2.381854
19.520001  2.239858
19.540001  2.302096
19.560001  2.282180
19.580001  2.313164
19.600001  2.552323
19.620001  2.341253
19.640001  2.450419
19.660001  2.336553
19.680001  2.310781
19.700001  2.425085
19.720001  2.559184
19.740001  2.572718
19.760001  2.648928
19.780001  2.331930
19.800001  2.419160
19.820001  2.535649
19.840001  2.522983
19.860001  2.502190
19.880001  2.484810
19.900001  2.643471
19.920001  2.671582
19.940001  2.736459
19.960001  2.524009
19.980001  2.424016
20.000001  2.410602
20.020001  2.464536
20.040001  2.540799
20.060001  2.719638
20.080001  2.610907
20.100001  2.663745
20.120001  2.638035
20.140001  2.593918
20.160001  2.719044
20.180001  2.660593
20.200001  2.702568
20.220001  2.664043
20.240001  2.848558
20.260001  2.703982
20.280001  2.684964
20.300001  2.489989
20.320001  2.410691
20.340001  2.511212
20.360001  2.494013
20.380001  2.550380
20.400001  2.635099
20.420001  2.567939
20.440001  2.416082
20.460001  2.423549
20.480001  2.210456
20.500001  2.404917
20.520001  2.274781
20.540001  2.283975
20.560001  2.269085
20.580001  2.491428
20.600001  2.437753
20.620001  2.433684
20.640001  2.340009
20.660001  2.189135
20.680001  2.305922
20.700001  2.310332
20.720001  2.465572
20.740001  2.484081
20.760001  2.437628
20.780001  2.253112
20.800001  2.187398
20.820001  2.257630
20.840001  2.324212
20.860001  2.319519
20.880001  2.130573
20.900001  2.070951
20.920001  2.124093
20.940001  2.079367
20.960001  2.154673
20.980001  2.016341
21.000001  1.952632
21.020001  1.891867
21.040001  1.961563
21.060001  1.962442
21.080001  2.065053
21.100001  2.034136
21.120001  1.960213
21.140001  1.920159
21.160001  1.787398
21.180001  1.840905
21.200001  1.874624
21.220001  1.947828
21.240001  1.860950
21.260001  1.903656
21.280001  1.565882
21.300001  1.794458
21.320001  1.780454
21.340001  1.923278
21.360001  1.947221
21.380001  1.952000
21.400001  1.843797
21.420001  1.997738
21.440001  1.843380
21.460001  1.939397
21.480001  1.928034
21.500001  1.855906
21.520001  2.079674
21.540001  1.997568
21.560001  2.054471
21.580001  1.917962
21.600001  2.029151
21.620001  1.832488
21.640001  2.095424
21.660001  2.084690
21.680001  2.077128
21.700001  2.085843
21.720001  2.087993
21.740001  2.122616
21.760001  2.290239
21.780001  2.134826
21.800001  2.116032
21.820001  2.137724
21.840001  2.005332
21.860001  2.146950
21.880001  2.197815
21.900001  2.128181
21.920001  2.172290
21.940001  2.171405
21.960001  2.144374
21.980001  2.315186
22.000001  2.361752
22.020001  2.327390
22.040001  2.285346
22.060001  2.473405
22.080001  2.457339
22.100001  2.560473
22.120001  2.480003
22.140001  2.307360
22.160001  2.435633
22.180001  2.524785
22.200001  2.580893
22.220001  2.706850
22.240001  2.654686
22.260001  2.629628
22.280001  2.571634
22.300001  2.567382
22.320001  2.755223
22.340001  2.676777
22.360001  2.809164
22.380001  2.601150
22.400001  2.729024
22.420001  2.683804
22.440001  2.621724
22.460001  2.667159
22.480001  2.562278
22.500001  2.737895
22.520001  2.655327
22.540001  2.776625
22.560001  2.713170
22.580001  2.665638
22.600001  2.638643
22.620001  2.607287
22.640001  2.674651
22.660001  2.887001
22.680001  2.784873
22.700001  2.810658
22.720001  2.685630
22.740001  2.578652
22.760001  2.594955
22.780001  2.435517
22.800001  2.492193
22.820001  2.419210
22.840001  2.538724
22.860001  2.521005
22.880001  2.503296
22.900001  2.464871
22.920001  2.313177
22.940001  2.127156
22.960001  2.225380
22.980001  2.113995
23.000001  2.371918
23.020001  2.190546
23.040001  2.054819
23.060001  1.982606
23.080001  1.814216
23.100001  1.985359
23.120001  1.974363
23.140001  1.883188
23.160001  1.942926
23.180001  1.931562
23.200001  1.926736
23.220001  2.078176
23.240001  2.053250
23.260001  2.079951
23.280001  1.962414
23.300001  1.907563
23.320001  1.861246
23.340001  1.857174
23.360001  1.910568
23.380001  1.835210
23.400001  1.930016
23.420001  1.949390
23.440001  1.868078
23.460001  1.848445
23.480001  1.752710
23.500001  1.776025
23.520001  1.895482
23.540001  1.816595
23.560001  1.820612
23.580001  1.925574
23.600001  1.939818
23.620001  2.055116
23.640001  1.933394
23.660001  1.950252
23.680001  1.811643
23.700001  1.991643
23.720001  1.955287
23.740001  2.082596
23.760001  2.000654
23.780001  2.122928
23.800001  2.130095
23.820001  2.305747
23.840001  2.249182
23.860001  2.309403
23.880001  2.316813
23.900001  2.198330
23.920001  2.484055
23.940001  2.484710
23.960001  2.686460
23.980001  2.819882
24.000001  2.665811
24.020001  2.623645
24.040001  2.565162
24.060001  2.526466
24.080001  2.660919
24.100001  2.594124
24.120001  2.743900
24.140001  2.663021
24.160001  2.787299
24.180001  2.681269
24.200001  2.562718
24.220001  2.628623
24.240001  2.501228
24.260001  2.744558
24.280001  2.792448
24.300001  2.920270
24.320001  2.881203
24.340001  2.887504
24.360001  2.676821
24.380001  2.740301
24.400001  2.678896
24.420001  2.716619
24.440001  2.813812
24.460001  2.743835
24.480001  2.744917
24.500001  2.715056
24.520001  2.758495
24.540001  2.696397
24.560001  2.665363
24.580001  2.454478
24.600001  2.497563
24.620001  2.475526
24.640001  2.396820
24.660001  2.327012
24.680001  2.215533
24.700001  2.257643
24.720001  2.272718
24.740001  2.285967
24.760001  2.240171
24.780001  2.257098
24.800001  2.342543
24.820001  2.359924
24.840001  2.429459
24.860001  2.369374
24.880001  2.267677
24.900001  2.170036
24.920001  2.196810
24.940001  2.060105
24.960001  2.176692
24.980001  2.143985
25.000001  2.162172
25.020001  2.205004
25.040001  2.166896
25.060001  2.138885
25.080001  2.120899
25.100001  2.160898
25.120001  2.153645
25.140001  2.289470
25.160001  2.286355
25.180001  2.274500
25.200001  2.114289
25.220001  1.966340
25.240001  1.859012
25.260001  1.957101
25.280001  1.839210
25.300001  1.787474
25.320001  1.720976
25.340001  1.702809
25.360001  1.736239
25.380001  1.777244
25.400001  1.545248
25.420001  1.618173
25.440001  1.812560
25.460001  2.057408
25.480001  2.079295
25.500001  2.006192
25.520001  1.803631
25.540001  1.873280
25.560001  1.784489
25.580001  1.970412
25.600001  2.010058
25.620001  2.046016
25.640001  1.765508
25.660001  1.769209
25.680001  1.695206
25.700001  1.783047
25.720001  1.849988
25.740001  1.970504
25.760001  2.048803
25.780001  2.188801
25.800001  2.099625
25.820001  2.079985
25.840001  1.899678
25.860001  1.949387
25.880001  2.205402
25.900001  2.186204
25.920001  2.168403
25.940001  1.976952
25.960001  1.942110
25.980001  1.884576
26.000001  1.942437
26.020001  1.755399
26.040001  1.906141
26.060001  1.859438
26.080001  2.289178
26.100001  2.383342
26.120001  2.384905
26.140001  2.302914
26.160001  2.286030
26.180001  2.217639
26.200001  2.349114
26.220001  2.275231
26.240001  2.317019
26.260001  2.384994
26.280001  2.471078
26.300001  2.582925
26.320001  2.336999
26.340001  2.233395
26.360001  2.045953
26.380001  2.186265
26.400001  2.338091
26.420001  2.674870
26.440001  2.905650
26.460001  2.990034
26.480001  2.843750
26.500001  2.695485
26.520001  2.444132
26.540001  2.530507
26.560001  2.676424
26.580001  2.758957
26.600001  2.980557
26.620001  2.918518
26.640001  2.801866
26.660001  2.667581
26.680001  2.549756
26.700001  2.594997
26.720001  2.783007
26.740001  2.814858
26.760001  2.864116
26.780001  2.698677
26.800001  2.606388
26.820001  2.420163
26.840001  2.356108
26.860001  2.454596
26.880001  2.368242
26.900001  2.494567
26.920001  2.722684
26.940001  2.683168
26.960001  2.957213
26.980001  2.716260
27.000001  2.621070
27.020001  2.659050
27.040001  2.388482
27.060001  2.568357
27.080001  2.574659
27.100001  2.639359
27.120001  2.613221
27.140001  2.383808
27.160001  2.233465
27.180001  2.195458
27.200001  2.271769
27.220001  2.301056
27.240001  2.275094
27.260001  2.417438
27.280001  2.259707
27.300001  2.430802
27.320001  2.304175
27.340001  2.274175
27.360001  2.287177
27.380001  2.241887
27.400001  2.241675
27.420001  2.311386
27.440001  2.166014
27.460001  2.115598
27.480001  2.030077
27.500001  2.000468
27.520001  2.225358
27.540001  2.390461
27.560001  2.409067
27.580001  2.214514
27.600001  2.248047
27.620001  2.229271
27.640001  2.414908
27.660001  2.427944
27.680001  2.289481
27.700001  2.270241
27.720001  2.261910
27.740001  2.258533
27.760001  2.336992
27.780001  2.292833
27.800001  2.079130
27.820001  2.118784
27.840001  1.819365
27.860001  1.832873
27.880001  1.583770
27.900001  1.714973
27.920001  1.853330
27.940001  2.087146
27.960001  2.044472
27.980001  1.798535
28.000001  1.827600
28.020001  1.689784
28.040001  1.731105
28.060001  1.696819
28.080001  1.794949
28.100001  1.829563
28.120001  1.954266
28.140001  1.748557
28.160001  1.622616
28.180001  1.638360
28.200001  1.727210
28.220001  1.846921
28.240001  1.972468
28.260001  1.924030
28.280001  2.090827
28.300001  2.171589
28.320001  2.153580
28.340001  2.280833
28.360001  2.419237
28.380001  2.455241
28.400001  2.456157
28.420001  2.308655
28.440001  2.255882
28.460001  2.149785
28.480001  2.365325
28.500001  2.412181
28.520001  2.690116
28.540001  2.610177
28.560001  2.404700
28.580001  2.394490
28.600001  2.176101
28.620001  2.130976
28.640001  2.298803
28.660001  2.227943
28.680001  2.295201
28.700001  2.323394
28.720001  2.213780
28.740001  2.152929
28.760001  1.924170
28.780001  1.940533
28.800001  1.815809
28.820001  1.922031
28.840001  1.617646
28.860001  1.726855
28.880001  1.793560
28.900001  1.893397
28.920001  2.005567
28.940001  1.971290
28.960001  1.687749
28.980001  2.089635
29.000001  1.963409
29.020001  2.074724
29.040001  2.227535
29.060001  2.138384
29.080001  2.237160
29.100001  2.292254
29.120001  2.325398
29.140001  2.318335
29.160001  2.292879
29.180001  2.105756
29.200001  2.260924
29.220001  2.221761
29.240001  2.368328
29.260001  2.380295
29.280001  2.561499
29.300001  2.370251
29.320001  2.421110
29.340001  2.297262
29.360001  2.222825
29.380001  2.280004
29.400001  2.217240
29.420001  2.145180
29.440001  2.004857
29.460001  1.922412
29.480001  1.873700
29.500001  1.877477
29.520001  1.777171
29.540001  1.891557
29.560001  1.588393
29.580001  1.808229
29.600001  1.780592
29.620001  1.837594
29.640001  1.830954
29.660001  1.882285
29.680001  1.958742
29.700001  2.009886
29.720001  1.932462
29.740001  1.880752
29.760001  1.973784
29.780001  1.730829
29.800001  1.904764
29.820001  1.989699
29.840001  2.058769
29.860001  2.125254
29.880001  1.966865
29.900001  1.886113
29.920001  2.034521
29.940001  2.085100
29.960001  2.302294
29.980001  2.194529
30.000001  1.973403
30.020001  2.080931
30.040001  2.126794
30.060001  2.152640
30.080001  2.094459
30.100001  2.031836
30.120001  1.950458
30.140001  2.095393
30.160001  2.130420
30.180001  2.047353
30.200001  1.895285
30.220001  1.793079
30.240001  1.854732
30.260001  2.110373
30.280001  2.165480
30.300001  2.270045
30.320001  2.230768
30.340001  2.067039
30.360001  2.054734
30.380001  2.173928
30.400001  2.094941
30.420001  2.127206
30.440001  2.028180
30.460001  2.133970
30.480001  2.352844
30.500001  2.515662
30.520001  2.539433
30.540001  2.327430
30.560001  2.222432
30.580001  2.250203
30.600001  2.548074
30.620001  2.768333
30.640001  2.834898
30.660001  2.984699
30.680001  2.963366
30.700001  2.728593
30.720001  2.687687
30.740001  2.357916
30.760001  2.514352
30.780001  2.501846
30.800001  2.566932
30.820001  2.749811
30.840001  2.735789
30.860001  2.554583
30.880001  2.245973
30.900001  2.229397
30.920001  2.224864
30.940001  2.489916
30.960001  2.595512
30.980001  2.593035
31.000001  2.479189
31.020001  2.505507
31.040001  2.374198
31.060001  2.444827
31.080001  2.395226
31.100001  2.427793
31.120001  2.625469
31.140001  2.740568
31.160001  2.788785
31.180001  2.832052
31.200001  2.670956
31.220001  2.525381
31.240001  2.558539
31.260001  2.542478
31.280001  2.795447
31.300001  2.722570
31.320001  2.727947
31.340001  2.444465
31.360001  2.427113
31.380001  2.335722
31.400001  2.265750
31.420001  2.316684
31.440001  2.162387
31.460001  2.305847
31.480001  2.433612
31.500001  2.453807
31.520001  2.385332
31.540001  2.262831
31.560001  1.977812
31.580001  2.127533
31.600002  2.306664
31.620002  2.420394
31.640002  2.383319
31.660002  2.365890
31.680002  2.131338
31.700002  2.147869
31.720002  2.067928
31.740002  1.957445
31.760002  1.976995
31.780002  2.106176
31.800002  2.169703
31.820002  2.314399
31.840002  2.293622
31.860002  2.139703
31.880002  2.162994
31.900002  2.059015
31.920002  2.043685
31.940002  2.036618
31.960002  1.926559
31.980002  1.979773
32.000002  2.085961
32.020002  1.940345
32.040002  1.912409
32.060002  1.751280
32.080002  1.785214
32.100002  1.822603
32.120002  1.993824
32.140002  1.924480
32.160002  1.908818
32.180002  1.890072
32.200002  1.843352
32.220002  1.964985
32.240002  2.065248
32.260002  2.088746
32.280002  2.154942
32.300002  1.887548
32.320002  1.812459
32.340002  1.726066
32.360002  1.777169
32.380002  1.966927
32.400002  2.095289
32.420002  2.067059
32.440002  2.035153
32.460002  1.943190
32.480002  2.057695
32.500002  2.089399
32.520002  2.199332
32.540002  2.173061
32.560002  2.039959
32.580002  2.212573
32.600002  2.308696
32.620002  2.364430
32.640002  2.310450
32.660002  2.278398
32.680002  2.245662
32.700002  2.278594
32.720002  2.291027
32.740002  2.281077
32.760002  2.328590
32.780002  2.439619
32.800002  2.354320
32.820002  2.472596
32.840002  2.410345
32.860002  2.471916
32.880002  2.379068
32.900002  2.242923
32.920002  2.130783
32.940002  2.090067
32.960002  2.088901
32.980002  2.179594
33.000002  2.225971
33.020002  2.257812
33.040002  2.204546
33.060002  2.196507
33.080002  2.219612
33.100002  2.202540
33.120002  2.442379
33.140002  2.335872
33.160002  2.326036
33.180002  2.290830
33.200002  2.385111
33.220002  2.435759
33.240002  2.601233
33.260002  2.500105
33.280002  2.628607
33.300002  2.502113
33.320002  2.566260
33.340002  2.558969
33.360002  2.596175
33.380002  2.780545
33.400002  2.601533
33.420002  2.765910
33.440002  2.711205
33.460002  2.673645
33.480002  2.577051
33.500002  2.392138
33.520002  2.351618
33.540002  2.524261
33.560002  2.399794
33.580002  2.515539
33.600002  2.479837
33.620002  2.374821
33.640002  2.404274
33.660002  2.431323
33.680002  2.568193
33.700002  2.592152
33.720002  2.746285
33.740002  2.702855
33.760002  2.647488
33.780002  2.668168
33.800002  2.486551
33.820002  2.407323
33.840002  2.582656
33.860002  2.515363
33.880002  2.653507
33.900002  2.798112
33.920002  2.704727
33.940002  2.928014
33.960002  2.694219
33.980002  2.706621
34.000002  2.564732
34.020002  2.495206
34.040002  2.494828
34.060002  2.507184
34.080002  2.545625
34.100002  2.475424
34.120002  2.418901
34.140002  2.344292
34.160002  2.214135
34.180002  2.264408
34.200002  2.374807
34.220002  2.435615
34.240002  2.632258
34.260002  2.534572
34.280002  2.549647
34.300002  2.369705
34.320002  2.234063
34.340002  2.211030
34.360002  2.363121
34.380002  2.317685
34.400002  2.385214
34.420002  2.251431
34.440002  2.271524
34.460002  2.292052
34.480002  2.401435
34.500002  2.213353
34.520002  2.207533
34.540002  2.172454
34.560002  2.226851
34.580002  2.369835
34.600002  2.350215
34.620002  2.195130
34.640002  2.097208
34.660002  1.965243
34.680002  1.937839
34.700002  1.943510
34.720002  1.858567
34.740002  2.050694
34.760002  1.958530
34.780002  2.133268
34.800002  1.955301
34.820002  1.989817
34.840002  1.847173
34.860002  2.121538
34.880002  1.958365
34.900002  2.177868
34.920002  1.949095
34.940002  2.099835
34.960002  1.935807
34.980002  1.977825
35.000002  1.852025
35.020002  2.027016
35.040002  1.891189
35.060002  2.074383
35.080002  2.040130
35.100002  2.027604
35.120002  1.917553
35.140002  1.952354
35.160002  1.920744
35.180002  2.201260
35.200002  2.278648
35.220002  2.266726
35.240002  2.072645
35.260002  2.081416
35.280002  1.830154
35.300002  1.944013
35.320002  2.025217
35.340002  1.945752
35.360002  2.082661
35.380002  1.953235
35.400002  1.776886
35.420002  1.749503
35.440002  1.782057
35.460002  1.800624
35.480002  2.113529
35.500002  1.922210
35.520002  2.026915
35.540002  1.941998
35.560002  2.025839
35.580002  1.969243
35.600002  2.061905
35.620002  2.026470
35.640002  2.028698
35.660002  2.041566
35.680002  2.152855
35.700002  1.970296
35.720002  2.045325
35.740002  1.867096
35.760002  1.892513
35.780002  2.079047
35.800002  2.275350
35.820002  2.315267
35.840002  2.269424
35.860002  2.074168
35.880002  2.117535
35.900002  2.133728
35.920002  2.409017
35.940002  2.442201
35.960002  2.405304
35.980002  2.313236
36.000002  2.084052
36.020002  2.179270
36.040002  2.194756
36.060002  2.142990
36.080002  2.166482
36.100002  2.083294
36.120002  2.078242
36.140002  2.325625
36.160002  2.258005
36.180002  2.391147
36.200002  2.291038
36.220002  2.266316
36.240002  2.320460
36.260002  2.348632
36.280002  2.511319
36.300002  2.522019
36.320002  2.568851
36.340002  2.490741
36.360002  2.317419
36.380002  2.318481
36.400002  2.333481
36.420002  2.406346
36.440002  2.525989
36.460002  2.557429
36.480002  2.668205
36.500002  2.789830
36.520002  2.705699
36.540002  2.653263
36.560002  2.552567
36.580002  2.596799
36.600002  2.622794
36.620002  2.661049
36.640002  2.611365
36.660002  2.607986
36.680002  2.436535
36.700002  2.282518
36.720002  2.407836
36.740002  2.327401
36.760002  2.460891
36.780002  2.458897
36.800002  2.604003
36.820002  2.615610
36.840002  2.578584
36.860002  2.403539
36.880002  2.366786
36.900002  2.440777
36.920002  2.548343
36.940002  2.502820
36.960002  2.493958
36.980002  2.321854
37.000002  2.272931
37.020002  2.364218
37.040002  2.273128
37.060002  2.428097
37.080002  2.478715
37.100002  2.600428
37.120002  2.604728
37.140002  2.596835
37.160002  2.342691
37.180002  2.297999
37.200002  2.220203
37.220002  2.182439
37.240002  2.249862
37.260002  2.426906
37.280002  2.384709
37.300002  2.359963
37.320002  2.278353
37.340002  2.027563
37.360002  2.239631
37.380002  2.191474
37.400002  2.352901
37.420002  2.425105
37.440002  2.416321
37.460002  2.376489
37.480002  2.350158
37.500002  2.258548
37.520002  2.185435
37.540002  2.153003
37.560002  2.202933
37.580002  2.221909
37.600002  2.349740
37.620002  2.370228
37.640002  2.272755
37.660002  2.366061
37.680002  2.233523
37.700002  2.290888
37.720002  2.326408
37.740002  2.330630
37.760002  2.422986
37.780002  2.382574
37.800002  2.381415
37.820002  2.394376
37.840002  2.354818
37.860002  2.338401
37.880002  2.210969
37.900002  2.158234
37.920002  2.198238
37.940002  2.237129
37.960002  2.388149
37.980002  2.351170
38.000002  2.441553
38.020002  2.364512
38.040002  2.419724
38.060002  2.410103
38.080002  2.399820
38.100002  2.504945
38.120002  2.477007
38.140002  2.484690
38.160002  2.452231
38.180002  2.441874
38.200002  2.468020
38.220002  2.487829
38.240002  2.470547
38.260002  2.424171
38.280002  2.344576
38.300002  2.462885
38.320002  2.435864
38.340002  2.613435
38.360002  2.569451
38.380002  2.494955
38.400002  2.497771
38.420002  2.335696
38.440002  2.397393
38.460002  2.354121
38.480002  2.408853
38.500002  2.447217
38.520002  2.416518
38.540002  2.387570
38.560002  2.344288
38.580002  2.327052
38.600002  2.431447
38.620002  2.321071
38.640002  2.487996
38.660002  2.440875
38.680002  2.414707
38.700002  2.590404
38.720002  2.464884
38.740002  2.576059
38.760002  2.453416
38.780002  2.487146
38.800002  2.479735
38.820002  2.545229
38.840002  2.479218
38.860002  2.385482
38.880002  2.362293
38.900002  2.503740
38.920002  2.502454
38.940002  2.594945
38.960002  2.407867
38.980002  2.239040
39.000002  2.333304
39.020002  2.211725
39.040002  2.472741
39.060002  2.381515
39.080002  2.374453
39.100002  2.218822
39.120002  2.244606
39.140002  2.199603
39.160002  2.299152
39.180002  2.245318
39.200002  2.247741
39.220002  2.178088
39.240002  2.357004
39.260002  2.466788
39.280002  2.579400
39.300002  2.527305
39.320002  2.262306
39.340002  2.147473
39.360002  2.119440
39.380002  2.253426
39.400002  2.413743
39.420002  2.411146
39.440002  2.217147
39.460002  2.241752
39.480002  2.121916
39.500002  2.276469
39.520002  2.204507
39.540002  2.248875
39.560002  2.132507
39.580002  2.177196
39.600002  2.239377
39.620002  2.344801
39.640002  2.214578
39.660002  2.312199
39.680002  2.004669
39.700002  2.002525
39.720002  2.008369
39.740002  1.961740
39.760002  2.182555
39.780002  2.131823
39.800002  2.081031
39.820002  2.202114
39.840002  2.104538
39.860002  2.246674
39.880002  2.446542
39.900002  2.196012
39.920002  2.316160
39.940002  2.124643
39.960002  2.336632
39.980002  2.428632
40.000002  2.490343
40.020002  2.462199
40.040002  2.303835
40.060002  2.119419
40.080002  2.255619
40.100002  1.988758
40.120002  2.295297
40.140002  2.178723
40.160002  2.270745
40.180002  2.282629
40.200002  2.137990
40.220002  2.302553
40.240002  2.188007
40.260002  2.173542
40.280002  2.197663
40.300002  2.128850
40.320002  2.156499
40.340002  2.272558
40.360002  2.142965
40.380002  2.353500
40.400002  2.152850
40.420002  2.219183
40.440002  1.991050
40.460002  2.075331
40.480002  2.116090
40.500002  2.262538
40.520002  2.250977
40.540002  2.437619
40.560002  2.294048
40.580002  2.529662
40.600002  2.392743
40.620002  2.427913
40.640002  2.447461
40.660002  2.415052
40.680002  2.525692
40.700002  2.499484
40.720002  2.608916
40.740002  2.542310
40.760002  2.390356
40.780002  2.222601
40.800002  2.208916
40.820002  2.162093
40.840002  2.392224
40.860002  2.317314
40.880002  2.476439
40.900002  2.292487
40.920002  2.331978
40.940002  2.215062
40.960002  2.287002
40.980002  2.269952
41.000002  2.227612
41.020002  2.184715
41.040002  2.262910
41.060002  2.346768
41.080002  2.314498
41.100002  2.252922
41.120002  2.128972
41.140002  2.207995
41.160002  2.251432
41.180002  2.414383
41.200002  2.434595
41.220002  2.615633
41.240002  2.550234
41.260002  2.522854
41.280002  2.416858
41.300002  2.459175
41.320002  2.536781
41.340002  2.673487
41.360002  2.646672
41.380002  2.624649
41.400002  2.574135
41.420002  2.547974
41.440002  2.501856
41.460002  2.375202
41.480002  2.476429
41.500002  2.341830
41.520002  2.531230
41.540002  2.493173
41.560002  2.461038
41.580002  2.318130
41.600002  2.331592
41.620002  2.368571
41.640002  2.507408
41.660002  2.484679
41.680002  2.513573
41.700002  2.490779
41.720002  2.547012
41.740002  2.503463
41.760002  2.425527
41.780002  2.458675
41.800002  2.487892
41.820002  2.633867
41.840002  2.626190
41.860002  2.679207
41.880002  2.495587
41.900002  2.571404
41.920002  2.476777
41.940002  2.554635
41.960002  2.550461
41.980002  2.464940
42.000002  2.372658
42.020002  2.334125
42.040002  2.463164
42.060002  2.407357
42.080002  2.310393
42.100002  2.200914
42.120002  2.069607
42.140002  2.033811
42.160002  2.261702
42.180002  2.357718
42.200002  2.463763
42.220002  2.212152
42.240002  2.155324
42.260002  2.049120
42.280002  2.248838
42.300002  2.353621
42.320002  2.324846
42.340002  2.135021
42.360002  2.209115
42.380002  2.177709
42.400002  2.297665
42.420002  2.349101
42.440002  2.275276
42.460002  2.197180
42.480002  2.130229
42.500002  2.195387
42.520002  2.196896
42.540002  2.352440
42.560002  2.313869
42.580002  2.144434
42.600002  2.140169
42.620002  2.057986
42.640002  2.031981
42.660002  2.232185
42.680002  2.115951
42.700002  2.172426
42.720002  1.980187
42.740002  1.866580
42.760002  1.889866
42.780002  1.945206
42.800002  2.052683
42.820002  2.135330
42.840002  1.955445
42.860002  1.995939
42.880002  1.948604
42.900002  2.071072
42.920002  2.140643
42.940002  2.204672
42.960002  2.078075
42.980002  1.997730
43.000002  2.156299
43.020002  2.236563
43.040002  2.305303
43.060002  2.214419
43.080002  2.025645
43.100002  2.136095
43.120002  2.348771
43.140002  2.353909
43.160002  2.557999
43.180002  2.305723
43.200002  2.303320
43.220002  2.335429
43.240002  2.308195
43.260002  2.422665
43.280002  2.389360
43.300002  2.428346
43.320002  2.334347
43.340002  2.254052
43.360002  2.349248
43.380002  2.082725
43.400002  2.162613
43.420002  2.161548
43.440002  2.082197
43.460002  2.353182
43.480002  2.260707
43.500002  2.265080
43.520002  2.344327
43.540002  2.342469
43.560002  2.340651
43.580002  2.360794
43.600002  2.338333
43.620002  2.490932
43.640002  2.404289
43.660002  2.677431
43.680002  2.614743
43.700002  2.539387
43.720002  2.597507
43.740002  2.359425
43.760002  2.604150
43.780002  2.567082
43.800002  2.736782
43.820002  2.877091
43.840002  2.739127
43.860002  2.803041
43.880002  2.527547
43.900002  2.503012
43.920002  2.486443
43.940002  2.278294
43.960002  2.454649
43.980002  2.362302
44.000002  2.397258
44.020002  2.584178
44.040002  2.249976
44.060002  2.287145
44.080002  2.124341
44.100002  2.280299
44.120002  2.466388
44.140002  2.468300
44.160002  2.496933
44.180002  2.369878
44.200002  2.327838
44.220002  2.328421
44.240002  2.268153
44.260002  2.410411
44.280002  2.483715
44.300002  2.481456
44.320002  2.577212
44.340002  2.342693
44.360002  2.447235
44.380002  2.268141
44.400002  2.365393
44.420002  2.427368
44.440002  2.484256
44.460002  2.610328
44.480002  2.586650
44.500002  2.366509
44.520002  2.436009
44.540002  2.254673
44.560002  2.253446
44.580002  2.163239
44.600002  2.167608
44.620002  2.192979
44.640002  2.088493
44.660002  2.283140
44.680002  2.067821
44.700002  2.091047
44.720002  2.045959
44.740002  2.105576
44.760002  2.219376
44.780002  2.435015
44.800002  2.344221
44.820002  2.365798
44.840002  2.121911
44.860002  2.293546
44.880002  2.193884
44.900002  2.184456
44.920002  2.179671
44.940002  2.041133
44.960002  2.168045
44.980002  2.130729
45.000002  2.202481
45.020002  2.295102
45.040002  2.173485
45.060002  2.226124
45.080002  2.146337
45.100002  2.017330
45.120002  2.196726
45.140002  2.181800
45.160002  2.225507
45.180002  2.165595
45.200002  1.972444
45.220002  1.884862
45.240002  1.572049
45.260002  1.550229
45.280002  1.789205
45.300002  1.662138
45.320002  1.756720
45.340002  1.631147
45.360002  1.640028
45.380002  1.618422
45.400002  1.768971
45.420002  1.813918
45.440002  1.948941
45.460002  1.754104
45.480002  1.963480
45.500002  1.889997
45.520002  1.845562
45.540002  1.886707
45.560002  1.873069
45.580002  1.936014
45.600002  2.015300
45.620002  1.855220
45.640002  2.065360
45.660002  1.997365
45.680002  2.088779
45.700002  2.240840
45.720002  2.162038
45.740002  2.344873
45.760002  2.432225
45.780002  2.582731
45.800002  2.566992
45.820002  2.304652
45.840002  2.267320
45.860002  2.126637
45.880002  2.233613
45.900002  2.508332
45.920002  2.226783
45.940002  2.525131
45.960002  2.207585
45.980002  2.159914
46.000002  2.159641
46.020002  2.166846
46.040002  2.313947
46.060002  2.448233
46.080002  2.498304
46.100002  2.635449
46.120002  2.531137
46.140002  2.514470
46.160002  2.275735
46.180002  2.197623
46.200002  2.223268
46.220002  2.281268
46.240002  2.561250
46.260002  2.504902
46.280002  2.514556
46.300002  2.509639
46.320002  2.405715
46.340002  2.563989
46.360002  2.792504
46.380002  2.861451
46.400002  3.002075
46.420002  2.856276
46.440002  2.874757
46.460002  2.729711
46.480002  2.636796
46.500002  2.438323
46.520002  2.394594
46.540002  2.558431
46.560002  2.565826
46.580002  2.676165
46.600002  2.703090
46.620002  2.518130
46.640002  2.526500
46.660002  2.287778
46.680002  2.387719
46.700002  2.432258
46.720002  2.399964
46.740002  2.468279
46.760002  2.389670
46.780002  2.329719
46.800002  2.240247
46.820002  2.083511
46.840002  2.087882
46.860002  2.272351
46.880002  2.490491
46.900002  2.679641
46.920002  2.665031
46.940002  2.652874
46.960002  2.438551
46.980002  2.481454
47.000002  2.503288
47.020002  2.509321
47.040002  2.637597
47.060002  2.648208
47.080002  2.562666
47.100002  2.608715
47.120002  2.422013
47.140002  2.262126
47.160002  2.153253
47.180002  1.991778
47.200002  2.120174
47.220002  2.131846
47.240002  2.245111
47.260002  2.122618
47.280002  2.145779
47.300002  2.026819
47.320002  1.895497
47.340002  1.910242
47.360002  1.858728
47.380002  1.852195
47.400002  1.968352
47.420002  1.902514
47.440002  2.002639
47.460002  2.041305
47.480002  1.824305
47.500002  1.879863
47.520002  1.731307
47.540002  1.804572
47.560002  1.933403
47.580002  2.009479
47.600002  2.014349
47.620002  1.910958
47.640002  1.921164
47.660002  1.944128
47.680002  2.004318
47.700002  2.099647
47.720002  1.989990
47.740002  2.023619
47.760002  1.990860
47.780002  1.814916
47.800002  1.985282
47.820002  1.817814
47.840002  1.836314
47.860002  2.024354
47.880002  1.792989
47.900002  1.928926
47.920002  1.826278
47.940002  1.810865
47.960002  1.930759
47.980002  1.915342
48.000002  2.092804
48.020002  2.230018
48.040002  2.363274
48.060002  2.429499
48.080002  2.316735
48.100002  2.227185
48.120002  2.131671
48.140002  2.127140
48.160002  2.372996
48.180002  2.179625
48.200002  2.454981
48.220002  2.447764
48.240002  2.416932
48.260002  2.640352
48.280002  2.468381
48.300002  2.646498
48.320002  2.656576
48.340002  2.702419
48.360002  2.830096
48.380002  2.858981
48.400002  2.953080
48.420002  2.728716
48.440002  2.682719
48.460002  2.577276
48.480002  2.385772
48.500002  2.615099
48.520002  2.445230
48.540002  2.617110
48.560002  2.797867
48.580002  2.628675
48.600002  2.760199
48.620002  2.522521
48.640002  2.441876
48.660002  2.334259
48.680002  2.425777
48.700002  2.477517
48.720002  2.580786
48.740002  2.606140
48.760002  2.482613
48.780002  2.194058
48.800002  2.449420
48.820002  2.443009
48.840002  2.735814
48.860002  2.761506
48.880002  2.725250
48.900002  2.841609
48.920002  2.697565
48.940002  2.640003
48.960002  2.476063
48.980002  2.541114
49.000002  2.481572
49.020002  2.482969
49.040002  2.586139
49.060002  2.525106
49.080002  2.354868
49.100002  2.287072
49.120002  1.914571
49.140002  2.110590
49.160002  2.125078
49.180002  2.202164
49.200002  2.293476
49.220002  2.040247
49.240002  2.160000
49.260002  2.176208
49.280002  2.108158
49.300002  2.180668
49.320002  1.970149
49.340002  1.930091
49.360002  1.993974
49.380002  1.996124
49.400002  2.172779
49.420002  1.991045
49.440002  2.090918
49.460002  2.003769
49.480002  1.972024
49.500002  2.105822
49.520002  1.988471
49.540002  1.994367
49.560002  2.051230
49.580002  1.947307
49.600002  2.047593
49.620002  1.923342
49.640002  1.777456
49.660002  1.795270
49.680002  1.788768
49.700002  1.858513
49.720002  1.735359
49.740002  1.624377
49.760002  1.682144
49.780002  1.557070
49.800002  1.678109
49.820002  1.828490
49.840002  1.704871
49.860002  1.832727
49.880002  1.910405
49.900002  1.834794
49.920002  2.010865
49.940002  1.988714
49.960002  1.997874
49.980002  2.258213
50.000002  2.037445
50.020002  2.273967
50.040002  2.205458
50.060002  2.267468
50.080002  2.422688
50.100002  2.362668
50.120002  2.352225
50.140002  2.396283
50.160002  2.325663
50.180002  2.582586
50.200002  2.505119
50.220002  2.631940
50.240002  2.518052
50.260002  2.412895
50.280002  2.471309
50.300002  2.306414
50.320002  2.510535
50.340002  2.358442
50.360002  2.228713
50.380002  2.160061
50.400002  2.114097
50.420002  2.096627
50.440002  2.225963
50.460002  2.105758
50.480002  2.220821
50.500002  2.056298
50.520002  2.292936
50.540002  2.385945
50.560002  2.490276
50.580002  2.526195
50.600002  2.286028
50.620002  2.376016
50.640002  2.321236
50.660002  2.436771
50.680002  2.622297
50.700002  2.506467
50.720002  2.560593
50.740002  2.585998
50.760002  2.571264
50.780002  2.701228
50.800002  2.559860
50.820002  2.596701
50.840002  2.652312
50.860002  2.647052
50.880002  2.710669
50.900002  2.419923
50.920002  2.383125
50.940002  2.187757
50.960002  2.042682
50.980002  2.195876
51.000002  2.054818
51.020002  2.070325
51.040002  2.124002
51.060002  2.028316
51.080002  2.219611
51.100002  2.149843
51.120002  2.189154
51.140002  2.117745
51.160002  2.086464
51.180002  2.182107
51.200002  2.032283
51.220002  2.220888
51.240002  2.216187
51.260002  2.109385
51.280002  2.097596
51.300002  1.975588
51.320002  2.040050
51.340002  2.158548
51.360002  1.980021
51.380002  2.145911
51.400002  2.100004
51.420002  2.270875
51.440002  2.351006
51.460002  2.320876
51.480002  2.204339
51.500002  2.230628
51.520002  2.361642
51.540002  2.274376
51.560002  2.205002
51.580002  1.954768
51.600002  1.942891
51.620002  1.965872
51.640002  2.056038
51.660002  2.013195
51.680002  2.012660
51.700002  1.853367
51.720002  1.961021
51.740002  1.905476
51.760002  1.904292
51.780002  1.801547
51.800002  1.939640
51.820002  1.931707
51.840002  2.122148
51.860002  2.190879
51.880002  2.157436
51.900002  2.050293
51.920002  1.873357
51.940002  1.832897
51.960002  1.826128
51.980002  1.878403
52.000002  2.107884
52.020002  2.061580
52.040002  2.035867
52.060002  2.140886
52.080002  1.991340
52.100002  2.306950
52.120002  2.268592
52.140002  2.344622
52.160002  2.365772
52.180002  2.290071
52.200002  2.480562
52.220002  2.553161
52.240002  2.489275
52.260002  2.675047
52.280002  2.330537
52.300002  2.368163
52.320002  2.243434
52.340002  2.233251
52.360002  2.352811
52.380002  2.214473
52.400002  2.338203
52.420002  2.326654
52.440002  2.212809
52.460002  2.399530
52.480002  2.264562
52.500002  2.219710
52.520002  2.101951
52.540002  2.031199
52.560002  2.075043
52.580002  2.061125
52.600002  2.099803
52.620002  1.981716
52.640003  2.134909
52.660003  2.082497
52.680003  2.123460
52.700003  2.073312
52.720003  2.247093
52.740003  2.187059
52.760003  2.455369
52.780003  2.408717
52.800003  2.512949
52.820003  2.503975
52.840003  2.497086
52.860003  2.593329
52.880003  2.579514
52.900003  2.578916
52.920003  2.490316
52.940003  2.544800
52.960003  2.604754
52.980003  2.533704
53.000003  2.466632
53.020003  2.512845
53.040003  2.539294
53.060003  2.667636
53.080003  2.570843
53.100003  2.527354
53.120003  2.448627
53.140003  2.252921
53.160003  2.415702
53.180003  2.237640
53.200003  2.461139
53.220003  2.352204
53.240003  2.400506
53.260003  2.425443
53.280003  2.354826
53.300003  2.589253
53.320003  2.526912
53.340003  2.610992
53.360003  2.720431
53.380003  2.651158
53.400003  2.821347
53.420003  2.682493
53.440003  2.602011
53.460003  2.697983
53.480003  2.447868
53.500003  2.579637
53.520003  2.484483
53.540003  2.602226
53.560003  2.585091
53.580003  2.388565
53.600003  2.448221
53.620003  2.349371
53.640003  2.419689
53.660003  2.299919
53.680003  2.255487
53.700003  2.191465
53.720003  2.190466
53.740003  2.169944
53.760003  2.264270
53.780003  2.003473
53.800003  2.185116
53.820003  2.182855
53.840003  2.127746
53.860003  2.254409
53.880003  2.249037
53.900003  2.237077
53.920003  2.363621
53.940003  2.245408
53.960003  2.374002
53.980003  2.336065
54.000003  2.547872
54.020003  2.406539
54.040003  2.455044
54.060003  2.591955
54.080003  2.361591
54.100003  2.474836
54.120003  2.349200
54.140003  2.324446
54.160003  2.422900
54.180003  2.338351
54.200003  2.271981
54.220003  2.284766
54.240003  2.052169
54.260003  2.284943
54.280003  2.096607
54.300003  2.131394
54.320003  1.989026
54.340003  2.019222
54.360003  1.862106
54.380003  1.914004
54.400003  1.928378
54.420003  1.846884
54.440003  1.896346
54.460003  2.024072
54.480003  1.901591
54.500003  1.867987
54.520003  1.829950
54.540003  1.807383
54.560003  2.055609
54.580003  2.067254
54.600003  2.085636
54.620003  2.066488
54.640003  1.997409
54.660003  1.994778
54.680003  2.134740
54.700003  2.041314
54.720003  2.131246
54.740003  2.096790
54.760003  2.293675
54.780003  2.139237
54.800003  2.137678
54.820003  2.072152
54.840003  2.093588
54.860003  2.218294
54.880003  2.328364
54.900003  2.313863
54.920003  2.161249
54.940003  2.044718
54.960003  2.118252
54.980003  2.091484
55.000003  2.129012
55.020003  2.162209
55.040003  2.022458
55.060003  2.111468
55.080003  2.004635
55.100003  1.990765
55.120003  1.917888
55.140003  1.844101
55.160003  1.965083
55.180003  2.057743
55.200003  2.129414
55.220003  2.340106
55.240003  2.284416
55.260003  2.276916
55.280003  2.108203
55.300003  2.168333
55.320003  2.198098
55.340003  2.316033
55.360003  2.371389
55.380003  2.348508
55.400003  2.424369
55.420003  2.532432
55.440003  2.445117
55.460003  2.404629
55.480003  2.371887
55.500003  2.353091
55.520003  2.562481
55.540003  2.649663
55.560003  2.760761
55.580003  2.743589
55.600003  2.628145
55.620003  2.445977
55.640003  2.354305
55.660003  2.380598
55.680003  2.487499
55.700003  2.454181
55.720003  2.544909
55.740003  2.528330
55.760003  2.585228
55.780003  2.479507
55.800003  2.289183
55.820003  2.388004
55.840003  2.400230
55.860003  2.594778
55.880003  2.710856
55.900003  2.715891
55.920003  2.654952
55.940003  2.476243
55.960003  2.418109
55.980003  2.505902
56.000003  2.556152
56.020003  2.668738
56.040003  2.667215
56.060003  2.864534
56.080003  2.894820
56.100003  2.767001
56.120003  2.741548
56.140003  2.609717
56.160003  2.636045
56.180003  2.648465
56.200003  2.689121
56.220003  2.695783
56.240003  2.630699
56.260003  2.434624
56.280003  2.398167
56.300003  2.291578
56.320003  2.332486
56.340003  2.467361
56.360003  2.512213
56.380003  2.636484
56.400003  2.559245
56.420003  2.542978
56.440003  2.424066
56.460003  2.363088
56.480003  2.384499
56.500003  2.375544
56.520003  2.463781
56.540003  2.493396
56.560003  2.424609
56.580003  2.489292
56.600003  2.314778
56.620003  2.323919
56.640003  2.281918
56.660003  2.353048
56.680003  2.597781
56.700003  2.615543
56.720003  2.647492
56.740003  2.509932
56.760003  2.401400
56.780003  2.339450
56.800003  2.266639
56.820003  2.204596
56.840003  2.194052
56.860003  2.065744
56.880003  2.225737
56.900003  2.167075
56.920003  2.283095
56.940003  2.073094
56.960003  2.037871
56.980003  2.087276
57.000003  1.998766
57.020003  2.102208
57.040003  2.112467
57.060003  2.170155
57.080003  2.253026
57.100003  2.042413
57.120003  1.992342
57.140003  1.893679
57.160003  1.858818
57.180003  1.938650
57.200003  1.874631
57.220003  2.032288
57.240003  1.998560
57.260003  2.034254
57.280003  1.966168
57.300003  1.834155
57.320003  1.972733
57.340003  1.970679
57.360003  2.026463
57.380003  2.135386
57.400003  1.908558
57.420003  2.185208
57.440003  1.965875
57.460003  2.086628
57.480003  2.179328
57.500003  1.987234
57.520003  2.027311
57.540003  2.051993
57.560003  1.991873
57.580003  2.139603
57.600003  1.900207
57.620003  2.032089
57.640003  1.943514
57.660003  2.102032
57.680003  2.267372
57.700003  2.075788
57.720003  2.083767
57.740003  1.738019
57.760003  1.997935
57.780003  2.058949
57.800003  2.138486
57.820003  2.216905
57.840003  2.154953
57.860003  1.924592
57.880003  2.117028
57.900003  1.894625
57.920003  1.965738
57.940003  1.980711
57.960003  1.984715
57.980003  2.166926
58.000003  2.235384
58.020003  2.250529
58.040003  2.300473
58.060003  2.197941
58.080003  2.090709
58.100003  2.046236
58.120003  2.101204
58.140003  2.159825
58.160003  2.346319
58.180003  2.482744
58.200003  2.408110
58.220003  2.444428
58.240003  2.310770
58.260003  2.221641
58.280003  2.259340
58.300003  2.265789
58.320003  2.370188
58.340003  2.566964
58.360003  2.536589
58.380003  2.591581
58.400003  2.389115
58.420003  2.277627
58.440003  2.063365
58.460003  2.150250
58.480003  2.195138
58.500003  2.306670
58.520003  2.564493
58.540003  2.518890
58.560003  2.549803
58.580003  2.350486
58.600003  2.244737
58.620003  2.146854
58.640003  2.416518
58.660003  2.468866
58.680003  2.639004
58.700003  2.580889
58.720003  2.483357
58.740003  2.287357
58.760003  2.269606
58.780003  2.132802
58.800003  2.283216
58.820003  2.367392
58.840003  2.501059
58.860003  2.586898
58.880003  2.662183
58.900003  2.626359
58.920003  2.384862
58.940003  2.324902
58.960003  2.066894
58.980003  2.357914
59.000003  2.461592
59.020003  2.545678
59.040003  2.389800
59.060003  2.322683
59.080003  2.021891
59.100003  2.134571
59.120003  2.044677
59.140003  2.081891
59.160003  2.033207
59.180003  2.106069
59.200003  2.126289
59.220003  2.242782
59.240003  2.239950
59.260003  2.052340
59.280003  2.025009
59.300003  1.889903
59.320003  1.986566
59.340003  2.105790
59.360003  2.104566
59.380003  2.011149
59.400003  2.164851
59.420003  2.049341
59.440003  2.072027
59.460003  1.871310
59.480003  1.797455
59.500003  1.820334
59.520003  2.098706
59.540003  2.158088
59.560003  2.212386
59.580003  2.063409
59.600003  1.959493
59.620003  1.963012
59.640003  2.095565
59.660003  2.070511
59.680003  2.159743
59.700003  2.072625
59.720003  2.089672
59.740003  2.130121
59.760003  2.085201
59.780003  2.004505
59.800003  1.942580
59.820003  1.903253
59.840003  2.015898
59.860003  2.150668
59.880003  2.184054
59.900003  2.143589
59.920003  2.003866
59.940003  2.044790
59.960003  2.002235
59.980003  2.203204
60.000003  2.182461
60.020003  2.210156
60.040003  1.996066
60.060003  1.995400
60.080003  1.879425
60.100003  2.092148
60.120003  2.084001
60.140003  2.193813
60.160003  2.022507
60.180003  1.984958
60.200003  1.867449
60.220003  2.010169
60.240003  1.940133
60.260003  2.040710
60.280003  2.029145
60.300003  2.058881
60.320003  2.238004
60.340003  2.177277
60.360003  2.044504
60.380003  1.857493
60.400003  1.874185
60.420003  1.968036
60.440003  2.139527
60.460003  2.090756
60.480003  2.085656
60.500003  1.927309
60.520003  2.179472
60.540003  2.062181
60.560003  2.118059
60.580003  2.053829
60.600003  2.124165
60.620003  2.282545
60.640003  2.483027
60.660003  2.322976
60.680003  2.326603
60.700003  2.092822
60.720003  2.228792
60.740003  2.286846
60.760003  2.336940
60.780003  2.289358
60.800003  2.162312
60.820003  2.299597
60.840003  2.317031
60.860003  2.443267
60.880003  2.462704
60.900003  2.200872
60.920003  2.136226
60.940003  2.289012
60.960003  2.418144
60.980003  2.789154
61.000003  2.672774
61.020003  2.620120
61.040003  2.323944
61.060003  2.403350
61.080003  2.502103
61.100003  2.510300
61.120003  2.644082
61.140003  2.489592
61.160003  2.717678
61.180003  2.743610
61.200003  2.561403
61.220003  2.541999
61.240003  2.408154
61.260003  2.416774
61.280003  2.633066
61.300003  2.773614
61.320003  2.862853
61.340003  2.689414
61.360003  2.650476
61.380003  2.424830
61.400003  2.497596
61.420003  2.643186
61.440003  2.534822
61.460003  2.742628
61.480003  2.678576
61.500003  2.764559
61.520003  2.674856
61.540003  2.745415
61.560003  2.495629
61.580003  2.542568
61.600003  2.577459
61.620003  2.661747
61.640003  2.821550
61.660003  2.879449
61.680003  2.631536
61.700003  2.433987
61.720003  2.427775
61.740003  2.341429
61.760003  2.751182
61.780003  2.673718
61.800003  2.747861
61.820003  2.633566
61.840003  2.641256
61.860003  2.561996
61.880003  2.465603
61.900003  2.526964
61.920003  2.427447
61.940003  2.624848
61.960003  2.671680
61.980003  2.581286
62.000003  2.581006
62.020003  2.364276
62.040003  2.241673
62.060003  2.455013
62.080003  2.422267
62.100003  2.608055
62.120003  2.508052
62.140003  2.489759
62.160003  2.536142
62.180003  2.467716
62.200003  2.416071
62.220003  2.311776
62.240003  2.276344
62.260003  2.335936
62.280003  2.363838
62.300003  2.402544
62.320003  2.293462
62.340003  2.300700
62.360003  2.206701
62.380003  2.153784
62.400003  2.560729
62.420003  2.455967
62.440003  2.538086
62.460003  2.438696
62.480003  2.235854
62.500003  2.405542
62.520003  2.609885
62.540003  2.557106
62.560003  2.635015
62.580003  2.464543
62.600003  2.401322
62.620003  2.430069
62.640003  2.461136
62.660003  2.502730
62.680003  2.481081
62.700003  2.645000
62.720003  2.515085
62.740003  2.734044
62.760003  2.719005
62.780003  2.379235
62.800003  2.303528
62.820003  2.205854
62.840003  2.267887
62.860003  2.561046
62.880003  2.496567
62.900003  2.389759
62.920003  2.315093
62.940003  2.251711
62.960003  2.254802
62.980003  2.441962
63.000003  2.565336
63.020003  2.285425
63.040003  2.519274
63.060003  2.327248
63.080003  2.537148
63.100003  2.641742
63.120003  2.396110
63.140003  2.175071
63.160003  2.168452
63.180003  2.107901
63.200003  2.348946
63.220003  2.380571
63.240003  2.272110
63.260003  2.229323
63.280003  2.231610
63.300003  2.308657
63.320003  2.325780
63.340003  2.398885
63.360003  2.099021
63.380003  2.100591
63.400003  2.175018
63.420003  2.175068
63.440003  2.315321
63.460003  2.311412
63.480003  2.075163
63.500003  2.221081
63.520003  2.021918
63.540003  2.104427
63.560003  2.126068
63.580003  2.102887
63.600003  2.277904
63.620003  2.409685
63.640003  2.416713
63.660003  2.459651
63.680003  2.342636
63.700003  2.336403
63.720003  2.331056
63.740003  2.379585
63.760003  2.401766
63.780003  2.440549
63.800003  2.619918
63.820003  2.521690
63.840003  2.522563
63.860003  2.375295
63.880003  2.254749
63.900003  2.249411
63.920003  2.300622
63.940003  2.305033
63.960003  2.598739
63.980003  2.519734
64.000003  2.536682
64.020003  2.299514
64.040003  2.144908
64.060003  2.340356
64.080003  2.323817
64.100003  2.463253
64.120003  2.432233
64.140003  2.367680
64.160003  2.439185
64.180003  2.482700
64.200003  2.424762
64.220003  2.351268
64.240003  2.169243
64.260003  2.422748
64.280003  2.463364
64.300003  2.721853
64.320003  2.715969
64.340003  2.510296
64.360003  2.569294
64.380003  2.382793
64.400003  2.540136
64.420003  2.629206
64.440003  2.525443
64.460003  2.513430
64.480003  2.412453
64.500003  2.390568
64.520003  2.410228
64.540003  2.294097
64.560003  2.341630
64.580003  2.137109
64.600003  2.322674
64.620003  2.305061
64.640003  2.360748
64.660003  2.429234
64.680003  2.111887
64.700003  2.203309
64.720003  2.067588
64.740003  2.180704
64.760003  2.266548
64.780003  2.234049
64.800003  2.071853
64.820003  2.099167
64.840003  2.139643
64.860003  2.185142
64.880003  2.138928
64.900003  2.225877
64.920003  2.114265
64.940003  2.292617
64.960003  2.366616
64.980003  2.346907
65.000003  2.332407
65.020003  2.283506
65.040003  2.257593
65.060003  2.251647
65.080003  2.281386
65.100003  2.318518
65.120003  2.310934
65.140003  2.199750
65.160003  2.265427
65.180003  2.196552
65.200003  2.146454
65.220003  2.091238
65.240003  2.093778
65.260003  2.097418
65.280003  2.271939
65.300003  2.230594
65.320003  2.235748
65.340003  2.110557
65.360003  2.208339
65.380003  2.090538
65.400003  2.139069
65.420003  1.987601
65.440003  2.019999
65.460003  2.044616
65.480003  2.101248
65.500003  2.108475
65.520003  2.159939
65.540003  1.962731
65.560003  1.896661
65.580003  2.108794
65.600003  2.069187
65.620003  2.361140
65.640003  2.233810
65.660003  2.305984
65.680003  2.277252
65.700003  2.484135
65.720003  2.397678
65.740003  2.357478
65.760003  2.168143
65.780003  2.259942
65.800003  2.309908
65.820003  2.485020
65.840003  2.445251
65.860003  2.395351
65.880003  2.253994
65.900003  2.092237
65.920003  2.233298
65.940003  2.182065
65.960003  2.445823
65.980003  2.346102
66.000003  2.398525
66.020003  2.312090
66.040003  2.318343
66.060003  2.211814
66.080003  2.191534
66.100003  2.015170
66.120003  2.168160
66.140003  2.112320
66.160003  2.256501
66.180003  2.304642
66.200003  2.204223
66.220003  2.245665
66.240003  2.231900
66.260003  2.294476
66.280003  2.359859
66.300003  2.433185
66.320003  2.451643
66.340003  2.522914
66.360003  2.488124
66.380003  2.461096
66.400003  2.216581
66.420003  2.281206
66.440003  2.178264
66.460003  2.514514
66.480003  2.548494
66.500003  2.469288
66.520003  2.469123
66.540003  2.403591
66.560003  2.437165
66.580003  2.476044
66.600003  2.447226
66.620003  2.379985
66.640003  2.368859
66.660003  2.329117
66.680003  2.411590
66.700003  2.374290
66.720003  2.349825
66.740003  2.066890
66.760003  2.167569
66.780003  2.107573
66.800003  2.309686
66.820003  2.586188
66.840003  2.412697
66.860003  2.373391
66.880003  2.419811
66.900003  2.477040
66.920003  2.602466
66.940003  2.674627
66.960003  2.426410
66.980003  2.462262
67.000003  2.391744
67.020003  2.517448
67.040003  2.474808
67.060003  2.404408
67.080003  2.253876
67.100003  2.368332
67.120003  2.547537
67.140003  2.514714
67.160003  2.575139
67.180003  2.391282
67.200003  2.319327
67.220003  2.344817
67.240003  2.447460
67.260003  2.470937
67.280003  2.424182
67.300003  2.169168
67.320003  2.144591
67.340003  2.090180
67.360003  2.183664
67.380003  2.186864
67.400003  2.197588
67.420003  2.216651
67.440003  2.349257
67.460003  2.476821
67.480003  2.482927
67.500003  2.502923
67.520003  2.361298
67.540003  2.246782
67.560003  2.257189
67.580003  2.351858
67.600003  2.388647
67.620003  2.550854
67.640003  2.233602
67.660003  2.238769
67.680003  2.182529
67.700003  2.104779
67.720003  2.191524
67.740003  2.099850
67.760003  2.168299
67.780003  2.391516
67.800003  2.474987
67.820003  2.428172
67.840003  2.346724
67.860003  2.170842
67.880003  2.084980
67.900003  1.992135
67.920003  2.189417
67.940003  1.930839
67.960003  2.086841
67.980003  2.035854
68.000003  1.987738
68.020003  2.066186
68.040003  1.977639
68.060003  1.823252
68.080003  1.988022
68.100003  1.865142
68.120003  2.254685
68.140003  2.200388
68.160003  2.161563
68.180003  2.216615
68.200003  2.134835
68.220003  2.127188
68.240003  2.096850
68.260003  1.916326
68.280003  1.901219
68.300003  1.818783
68.320003  1.862037
68.340003  1.989681
68.360003  1.857820
68.380003  1.908616
68.400003  1.700442
68.420003  1.963916
68.440003  1.846507
68.460003  1.949347
68.480003  2.004995
68.500003  2.049665
68.520003  1.955151
68.540003  1.971931
68.560003  1.856586
68.580003  1.727805
68.600003  1.988550
68.620003  1.861383
68.640003  1.828588
68.660003  1.646781
68.680003  1.646453
68.700003  1.880221
68.720003  2.036174
68.740003  2.012541
68.760003  2.081960
68.780003  2.118394
68.800003  2.125384
68.820003  2.270640
68.840003  2.248432
68.860003  2.199853
68.880003  2.200579
68.900003  2.463591
68.920003  2.410397
68.940003  2.585779
68.960003  2.461409
68.980003  2.347075
69.000003  2.355178
69.020003  2.171701
69.040003  2.149381
69.060003  2.269534
69.080003  2.325955
69.100003  2.667192
69.120003  2.525070
69.140003  2.466836
69.160003  2.370812
69.180003  2.137574
69.200003  2.263232
69.220003  2.011463
69.240003  2.309575
69.260003  2.277808
69.280003  2.299586
69.300003  2.274737
69.320003  2.158101
69.340003  1.989840
69.360003  2.161021
69.380003  1.927952
69.400003  2.249829
69.420003  2.362370
69.440003  2.560107
69.460003  2.627416
69.480003  2.460281
69.500003  2.387223
69.520003  2.415561
69.540003  2.570194
69.560003  2.749343
69.580003  2.757762
69.600003  2.838959
69.620003  2.787550
69.640003  2.656599
69.660003  2.679893
69.680003  2.335922
69.700003  2.531735
69.720003  2.387512
69.740003  2.458817
69.760003  2.530735
69.780003  2.420123
69.800003  2.454039
69.820003  2.254309
69.840003  2.082157
69.860003  2.036246
69.880003  1.953954
69.900003  2.049021
69.920003  2.177913
69.940003  2.114562
69.960003  2.085997
69.980003  2.027685
70.000003  2.086868
70.020003  2.116528
70.040003  2.275440
70.060003  2.209752
70.080003  2.237652
70.100003  2.251298
70.120003  2.302641
70.140003  2.271734
70.160003  2.446093
70.180003  2.218252
70.200003  2.294299
70.220003  2.238880
70.240003  2.312549
70.260003  2.582025
70.280003  2.689472
70.300003  2.655686
70.320003  2.559384
70.340003  2.346879
70.360003  2.219931
70.380003  2.305930
70.400003  2.438407
70.420003  2.492828
70.440003  2.333107
70.460003  2.179946
70.480003  2.035723
70.500003  2.129249
70.520003  1.994081
70.540003  2.059947
70.560003  1.875932
70.580003  1.857845
70.600003  1.944426
70.620003  1.896315
70.640003  1.808268
70.660003  1.838634
70.680003  1.711005
70.700003  2.012347
70.720003  1.740312
70.740003  1.726322
70.760003  1.764364
70.780003  1.733949
70.800003  1.709276
70.820003  1.820645
70.840003  1.694521
70.860003  1.850377
70.880003  1.984617
70.900003  2.151415
70.920003  1.995124
70.940003  1.955082
70.960003  1.924075
70.980003  2.096679
71.000003  2.372800
71.020003  2.529069
71.040003  2.467668
71.060003  2.349329
71.080003  2.264068
71.100003  2.340100
71.120003  2.486501
71.140003  2.462892
71.160003  2.456594
71.180003  2.356053
71.200003  2.371886
71.220003  2.277613
71.240003  2.394159
71.260003  2.309821
71.280003  2.343694
71.300003  2.267391
71.320003  2.239910
71.340003  2.091659
71.360003  2.059890
71.380003  1.982590
71.400003  2.060695
71.420003  2.108013
71.440003  2.123788
71.460003  1.907868
71.480003  1.779863
71.500003  1.643863
71.520003  1.823015
71.540003  1.833909
71.560003  1.771433
71.580003  1.641360
71.600003  1.626758
71.620003  1.842703
71.640003  2.103782
71.660003  2.057728
71.680003  1.968759
71.700003  1.945577
71.720003  1.830142
71.740003  2.289542
71.760003  2.387781
71.780003  2.357400
71.800003  2.419868
71.820003  2.253878
71.840003  2.399973
71.860003  2.465051
71.880003  2.428355
71.900003  2.530589
71.920003  2.443702
71.940003  2.403961
71.960003  2.366486
71.980003  2.408118
72.000003  2.444489
72.020003  2.507470
72.040003  2.451839
72.060003  2.302523
72.080003  2.212380
72.100003  2.242261
72.120003  2.057536
72.140003  2.170463
72.160003  2.095019
72.180003  1.976740
72.200003  1.846235
72.220003  1.693424
72.240003  1.781648
72.260003  1.865439
72.280003  1.835379
72.300003  1.962916
72.320003  1.805614
72.340003  1.765151
72.360003  1.914453
72.380003  1.916732
72.400003  2.052102
72.420003  2.082052
72.440003  2.085243
72.460003  2.066810
72.480003  2.128680
72.500003  2.096539
72.520003  2.228070
72.540003  2.189248
72.560003  2.221427
72.580003  2.168350
72.600003  2.175054
72.620003  2.233016
72.640003  2.445928
72.660003  2.445599
72.680003  2.511370
72.700003  2.377607
72.720003  2.293596
72.740003  2.387961
72.760003  2.299312
72.780003  2.386780
72.800003  2.306723
72.820003  2.181345
72.840003  2.154640
72.860003  2.179630
72.880003  2.124020
72.900003  2.190179
72.920003  1.963111
72.940003  1.961185
72.960003  1.892763
72.980003  1.912314
73.000003  1.991410
73.020003  2.195727
73.040003  2.093251
73.060003  2.102624
73.080003  2.053122
73.100003  2.026715
73.120003  1.952688
73.140003  2.084531
73.160003  1.846168
73.180003  1.767346
73.200003  1.785018
73.220003  2.048455
73.240003  2.078414
73.260003  2.246312
73.280003  2.161156
73.300003  2.094054
73.320003  2.240374
73.340003  2.309933
73.360003  2.467252
73.380003  2.590033
73.400003  2.612507
73.420003  2.717959
73.440003  2.734291
73.460003  2.527194
73.480003  2.538368
73.500003  2.376164
73.520003  2.411510
73.540003  2.383552
73.560003  2.350955
73.580003  2.338705
73.600003  2.391626
73.620003  2.327651
73.640003  2.307260
73.660003  2.298816
73.680003  2.334033
73.700004  2.204174
73.720004  2.212084
73.740004  2.223031
73.760004  2.217318
73.780004  2.284258
73.800004  2.208558
73.820004  2.092159
73.840004  2.077605
73.860004  2.153971
73.880004  2.167199
73.900004  2.215367
73.920004  2.246908
73.940004  2.318340
73.960004  2.395319
73.980004  2.491042
74.000004  2.418601
74.020004  2.506886
74.040004  2.587900
74.060004  2.569499
74.080004  2.569202
74.100004  2.501003
74.120004  2.476517
74.140004  2.502073
74.160004  2.384398
74.180004  2.357439
74.200004  2.336875
74.220004  2.345356
74.240004  2.280218
74.260004  2.118112
74.280004  2.166363
74.300004  2.151711
74.320004  2.264772
74.340004  2.170145
74.360004  2.069961
74.380004  1.979112
74.400004  1.957172
74.420004  2.062637
74.440004  2.189738
74.460004  2.137710
74.480004  2.035130
74.500004  2.003588
74.520004  2.008190
74.540004  2.101299
74.560004  2.101693
74.580004  2.086663
74.600004  2.098711
74.620004  2.240213
74.640004  2.482093
74.660004  2.666568
74.680004  2.623326
74.700004  2.602583
74.720004  2.528030
74.740004  2.441580
74.760004  2.456194
74.780004  2.552749
74.800004  2.693628
74.820004  2.638317
74.840004  2.557103
74.860004  2.483651
74.880004  2.403614
74.900004  2.462606
74.920004  2.390235
74.940004  2.188753
74.960004  2.088472
74.980004  1.923638
75.000004  2.100036
75.020004  2.024509
75.040004  1.942653
75.060004  1.928605
75.080004  1.802386
75.100004  1.763588
75.120004  1.734751
75.140004  1.562364
75.160004  1.458276
75.180004  1.540013
75.200004  1.708844
75.220004  1.782338
75.240004  1.743140
75.260004  1.569338
75.280004  1.799631
75.300004  1.845245
75.320004  1.927567
75.340004  1.939161
75.360004  2.165223
75.380004  2.233814
75.400004  2.461047
75.420004  2.526667
75.440004  2.505977
75.460004  2.527346
75.480004  2.613569
75.500004  2.729352
75.520004  2.780745
75.540004  2.651969
75.560004  2.590398
75.580004  2.623806
75.600004  2.597110
75.620004  2.637138
75.640004  2.533029
75.660004  2.481902
75.680004  2.327147
75.700004  2.168527
75.720004  2.047926
75.740004  2.044266
75.760004  1.928410
75.780004  1.837241
75.800004  1.816110
75.820004  1.793715
75.840004  1.679588
75.860004  1.789788
75.880004  1.799412
75.900004  1.994253
75.920004  1.979903
75.940004  1.921532
75.960004  1.846490
75.980004  2.186680
76.000004  2.214062
76.020004  2.268738
76.040004  2.088822
76.060004  2.134617
76.080004  2.309125
76.100004  2.479959
76.120004  2.639380
76.140004  2.619396
76.160004  2.575620
76.180004  2.514707
76.200004  2.463955
76.220004  2.530481
76.240004  2.624680
76.260004  2.719300
76.280004  2.786800
76.300004  2.659959
76.320004  2.569731
76.340004  2.433421
76.360004  2.352690
76.380004  2.338974
76.400004  2.326705
76.420004  2.306435
76.440004  2.157054
76.460004  1.889652
76.480004  1.886190
76.500004  1.833435
76.520004  2.010521
76.540004  1.991738
76.560004  1.871138
76.580004  1.812046
76.600004  1.802414
76.620004  1.687781
76.640004  1.818349
76.660004  1.796652
76.680004  1.827442
76.700004  1.817713
76.720004  1.859010
76.740004  1.875180
76.760004  1.960014
76.780004  1.919207
76.800004  1.835433
76.820004  1.969003
76.840004  2.094511
76.860004  2.240599
76.880004  2.456330
76.900004  2.457576
76.920004  2.504354
76.940004  2.576813
76.960004  2.471449
76.980004  2.649048
77.000004  2.697358
77.020004  2.663286
77.040004  2.632439
77.060004  2.452724
77.080004  2.400688
77.100004  2.541309
77.120004  2.451845
77.140004  2.636575
77.160004  2.443972
77.180004  2.254925
77.200004  1.988686
77.220004  1.882183
77.240004  1.856389
77.260004  1.984180
77.280004  2.003834
77.300004  1.912552
77.320004  1.873518
77.340004  2.006042
77.360004  1.809846
77.380004  1.904047
77.400004  1.970373
77.420004  1.843444
77.440004  1.927118
77.460004  1.981321
77.480004  2.122490
77.500004  2.333490
77.520004  2.340423
77.540004  2.311433
77.560004  2.267541
77.580004  2.274646
77.600004  2.452986
77.620004  2.450143
77.640004  2.592223
77.660004  2.615594
77.680004  2.702986
77.700004  2.854361
77.720004  2.802251
77.740004  2.694351
77.760004  2.596684
77.780004  2.310288
77.800004  2.370925
77.820004  2.445293
77.840004  2.458916
77.860004  2.491527
77.880004  2.272697
77.900004  2.056353
77.920004  1.978758
77.940004  2.075505
77.960004  2.016032
77.980004  2.178325
78.000004  2.085524
78.020004  2.248034
78.040004  2.281264
78.060004  2.337632
78.080004  2.148445
78.100004  2.191653
78.120004  2.107674
78.140004  2.183305
78.160004  2.349789
78.180004  2.412437
78.200004  2.386573
78.220004  2.425851
78.240004  2.411639
78.260004  2.376556
78.280004  2.319301
78.300004  2.244549
78.320004  2.321123
78.340004  2.507454
78.360004  2.630087
78.380004  2.512391
78.400004  2.564571
78.420004  2.347399
78.440004  2.436932
78.460004  2.327515
78.480004  2.250601
78.500004  2.293706
78.520004  2.191340
78.540004  2.184961
78.560004  2.215365
78.580004  2.230257
78.600004  2.274378
78.620004  2.164981
78.640004  2.083714
78.660004  2.090404
78.680004  2.260790
78.700004  2.447960
78.720004  2.437649
78.740004  2.493705
78.760004  2.456376
78.780004  2.492487
78.800004  2.627677
78.820004  2.620865
78.840004  2.522710
78.860004  2.501025
78.880004  2.309556
78.900004  2.401986
78.920004  2.458326
78.940004  2.507599
78.960004  2.633779
78.980004  2.461460
79.000004  2.572805
79.020004  2.473352
79.040004  2.578500
79.060004  2.457137
79.080004  2.343405
79.100004  2.330563
79.120004  2.219940
79.140004  2.356808
79.160004  2.446577
79.180004  2.245640
79.200004  2.191923
79.220004  1.944384
79.240004  1.954404
79.260004  2.263786
79.280004  2.356137
79.300004  2.624016
79.320004  2.531995
79.340004  2.610315
79.360004  2.527170
79.380004  2.464682
79.400004  2.515441
79.420004  2.504753
79.440004  2.453613
79.460004  2.539483
79.480004  2.389964
79.500004  2.486097
79.520004  2.459830
79.540004  2.299673
79.560004  2.227519
79.580004  2.042641
79.600004  2.074064
79.620004  2.011669
79.640004  2.153842
79.660004  2.078280
79.680004  2.198983
79.700004  2.118813
79.720004  2.051342
79.740004  1.906343
79.760004  1.901495
79.780004  1.758338
79.800004  1.983900
79.820004  1.977197
79.840004  1.929380
79.860004  2.013562
79.880004  2.035865
79.900004  2.081502
79.920004  2.236794
79.940004  2.097141
79.960004  2.146606
79.980004  2.251518
80.000004  2.333596
80.020004  2.602306
80.040004  2.546877
80.060004  2.637440
80.080004  2.580025
80.100004  2.548028
80.120004  2.551007
80.140004  2.502056
80.160004  2.465021
80.180004  2.544710
80.200004  2.377566
80.220004  2.378831
80.240004  2.328025
80.260004  2.380641
80.280004  2.432177
80.300004  2.273347
80.320004  2.141196
80.340004  1.974078
80.360004  1.935513
80.380004  1.983422
80.400004  1.866338
80.420004  1.851179
80.440004  1.803312
80.460004  1.806127
80.480004  1.921074
80.500004  1.746362
80.520004  1.694650
80.540004  1.557164
80.560004  1.699100
80.580004  1.820559
80.600004  1.883029
80.620004  1.895571
80.640004  2.087999
80.660004  2.137954
80.680004  2.051807
80.700004  1.886227
80.720004  1.887164
80.740004  2.004655
80.760004  2.269336
80.780004  2.267422
80.800004  2.157902
80.820004  2.093177
80.840004  1.998765
80.860004  2.246479
80.880004  2.313751
80.900004  2.290495
80.920004  2.311628
80.940004  2.211622
80.960004  2.183002
80.980004  2.209572
81.000004  2.173034
81.020004  2.292748
81.040004  2.232966
81.060004  2.279993
81.080004  2.065282
81.100004  1.942879
81.120004  1.975653
81.140004  1.874971
81.160004  2.024747
81.180004  2.029751
81.200004  1.915290
81.220004  2.103677
81.240004  2.068838
81.260004  2.345478
81.280004  2.488575
81.300004  2.461074
81.320004  2.458095
81.340004  2.366968
81.360004  2.349442
81.380004  2.458161
81.400004  2.528843
81.420004  2.701605
81.440004  2.741485
81.460004  2.683958
81.480004  2.763590
81.500004  2.595184
81.520004  2.696711
81.540004  2.815999
81.560004  2.913673
81.580004  3.004604
81.600004  2.882079
81.620004  2.707810
81.640004  2.527575
81.660004  2.410980
81.680004  2.343278
81.700004  2.503801
81.720004  2.446275
81.740004  2.557399
81.760004  2.503205
81.780004  2.592951
81.800004  2.562479
81.820004  2.627117
81.840004  2.521985
81.860004  2.551579
81.880004  2.685901
81.900004  2.733319
81.920004  2.860845
81.940004  2.829179
81.960004  2.726723
81.980004  2.659674
82.000004  2.619283
82.020004  2.546093
82.040004  2.611825
82.060004  2.632479
82.080004  2.651171
82.100004  2.724810
82.120004  2.619062
82.140004  2.526245
82.160004  2.368324
82.180004  2.373485
82.200004  2.267579
82.220004  2.446794
82.240004  2.344477
82.260004  2.453382
82.280004  2.496501
82.300004  2.376380
82.320004  2.286259
82.340004  2.267151
82.360004  2.443071
82.380004  2.639725
82.400004  2.839996
82.420004  2.803233
82.440004  2.677857
82.460004  2.507318
82.480004  2.506740
82.500004  2.534457
82.520004  2.701412
82.540004  2.585813
82.560004  2.622419
82.580004  2.474204
82.600004  2.547244
82.620004  2.473079
82.640004  2.387624
82.660004  2.368797
82.680004  2.211086
82.700004  2.321986
82.720004  2.310212
82.740004  2.263139
82.760004  2.159120
82.780004  2.109354
82.800004  1.836679
82.820004  2.053507
82.840004  2.050761
82.860004  2.129385
82.880004  2.024926
82.900004  2.054138
82.920004  1.887927
82.940004  2.068925
82.960004  2.184529
82.980004  2.133322
83.000004  2.226627
83.020004  2.223033
83.040004  2.264954
83.060004  2.442937
83.080004  2.462580
83.100004  2.350597
83.120004  2.467287
83.140004  2.319440
83.160004  2.454604
83.180004  2.423023
83.200004  2.400172
83.220004  2.276330
83.240004  2.424367
83.260004  2.357936
83.280004  2.579074
83.300004  2.338438
83.320004  2.283258
83.340004  2.118754
83.360004  2.217383
83.380004  2.207839
83.400004  2.254438
83.420004  2.071742
83.440004  1.917997
83.460004  2.080407
83.480004  1.986270
83.500004  1.980606
83.520004  1.761931
83.540004  1.554931
83.560004  1.658120
83.580004  1.806606
83.600004  1.778664
83.620004  1.936661
83.640004  1.783404
83.660004  1.787820
83.680004  1.792220
83.700004  1.994008
83.720004  2.024315
83.740004  2.199832
83.760004  1.996986
83.780004  2.162818
83.800004  2.334032
83.820004  2.570718
83.840004  2.663409
83.860004  2.700560
83.880004  2.562261
83.900004  2.564165
83.920004  2.478462
83.940004  2.593423
83.960004  2.707821
83.980004  2.981560
84.000004  2.975602
84.020004  2.917054
84.040004  2.752686
84.060004  2.606056
84.080004  2.525647
84.100004  2.489083
84.120004  2.246168
84.140004  2.175898
84.160004  1.972358
84.180004  1.911122
84.200004  1.984438
84.220004  1.811222
84.240004  1.931235
84.260004  1.839324
84.280004  1.750406
84.300004  1.797722
84.320004  1.782867
84.340004  1.777690
84.360004  2.017837
84.380004  1.990560
84.400004  1.922762
84.420004  2.051161
84.440004  1.844510
84.460004  1.847485
84.480004  1.751312
84.500004  1.682757
84.520004  1.873236
84.540004  1.984516
84.560004  2.088319
84.580004  2.189575
84.600004  2.019733
84.620004  2.095735
84.640004  2.104457
84.660004  2.167726
84.680004  2.261811
84.700004  2.344088
84.720004  2.397324
84.740004  2.291768
84.760004  2.179624
84.780004  2.167378
84.800004  2.168478
84.820004  2.373773
84.840004  2.228770
84.860004  2.111562
84.880004  2.000212
84.900004  1.804632
84.920004  2.130095
84.940004  2.144087
84.960004  2.165884
84.980004  2.187284
85.000004  2.069311
85.020004  2.170884
85.040004  2.346684
85.060004  2.359957
85.080004  2.444434
85.100004  2.300420
85.120004  2.283780
85.140004  2.285326
85.160004  2.271889
85.180004  2.394449
85.200004  2.422489
85.220004  2.565682
85.240004  2.674462
85.260004  2.668986
85.280004  2.819622
85.300004  2.819980
85.320004  2.878499
85.340004  2.860292
85.360004  2.818683
85.380004  2.908411
85.400004  2.844981
85.420004  2.817699
85.440004  2.788198
85.460004  2.608104
85.480004  2.575394
85.500004  2.511312
85.520004  2.594912
85.540004  2.631677
85.560004  2.533321
85.580004  2.519622
85.600004  2.483328
85.620004  2.471154
85.640004  2.410482
85.660004  2.383992
85.680004  2.410557
85.700004  2.551063
85.720004  2.584149
85.740004  2.680261
85.760004  2.580005
85.780004  2.583627
85.800004  2.475129
85.820004  2.472924
85.840004  2.665929
85.860004  2.663574
85.880004  2.746308
85.900004  2.771614
85.920004  2.726789
85.940004  2.688821
85.960004  2.568985
85.980004  2.527448
86.000004  2.566264
86.020004  2.380523
86.040004  2.421339
86.060004  2.334581
86.080004  2.323096
86.100004  2.156677
86.120004  1.958222
86.140004  1.758034
86.160004  1.741002
86.180004  1.882401
86.200004  2.007429
86.220004  1.988865
86.240004  1.963905
86.260004  1.936630
86.280004  1.942676
86.300004  2.091183
86.320004  1.911790
86.340004  2.008869
86.360004  1.920792
86.380004  2.139314
86.400004  2.133122
86.420004  2.193625
86.440004  2.041793
86.460004  2.062848
86.480004  1.943714
86.500004  2.117558
86.520004  2.080871
86.540004  2.166471
86.560004  2.009821
86.580004  2.053208
86.600004  2.137547
86.620004  2.254903
86.640004  2.333656
86.660004  2.291806
86.680004  2.277431
86.700004  2.149853
86.720004  2.136294
86.740004  1.952269
86.760004  1.995691
86.780004  1.870156
86.800004  1.992568
86.820004  1.945459
86.840004  1.932616
86.860004  1.749919
86.880004  1.870016
86.900004  1.792903
86.920004  1.855003
86.940004  1.797082
86.960004  1.831422
86.980004  1.942937
87.000004  2.198049
87.020004  2.212361
87.040004  2.384301
87.060004  2.354019
87.080004  2.291059
87.100004  1.969524
87.120004  1.886260
87.140004  1.792173
87.160004  2.065587
87.180004  2.203233
87.200004  2.336861
87.220004  2.317310
87.240004  2.328260
87.260004  2.265191
87.280004  2.330994
87.300004  2.374623
87.320004  2.316197
87.340004  2.414898
87.360004  2.328953
87.380004  2.543024
87.400004  2.540535
87.420004  2.540953
87.440004  2.325821
87.460004  2.232664
87.480004  1.915362
87.500004  2.006338
87.520004  1.969399
87.540004  2.174582
87.560004  2.337673
87.580004  2.447484
87.600004  2.385692
87.620004  2.320916
87.640004  2.296271
87.660004  2.292484
87.680004  2.394374
87.700004  2.453448
87.720004  2.420973
87.740004  2.425853
87.760004  2.436939
87.780004  2.301699
87.800004  2.404561
87.820004  2.136081
87.840004  2.131827
87.860004  2.076973
87.880004  2.192046
87.900004  2.357703
87.920004  2.567879
87.940004  2.612840
87.960004  2.516539
87.980004  2.382912
88.000004  2.377063
88.020004  2.377534
88.040004  2.501865
88.060004  2.495446
88.080004  2.295702
88.100004  2.187310
88.120004  2.062880
88.140004  2.259618
88.160004  2.168850
88.180004  2.207260
88.200004  2.060573
88.220004  2.043391
88.240004  2.141287
88.260004  2.286562
88.280004  2.446647
88.300004  2.557586
88.320004  2.384207
88.340004  2.432301
88.360004  2.225283
88.380004  2.217021
88.400004  2.272344
88.420004  2.178933
88.440004  2.156841
88.460004  1.983593
88.480004  2.062020
88.500004  2.094761
88.520004  1.999065
88.540004  2.104440
88.560004  1.974654
88.580004  2.111323
88.600004  2.308914
88.620004  2.367420
88.640004  2.597733
88.660004  2.499121
88.680004  2.401765
88.700004  2.315063
88.720004  2.161940
88.740004  2.242261
88.760004  2.191113
88.780004  2.196214
88.800004  2.242539
88.820004  2.112749
88.840004  2.252430
88.860004  2.054944
88.880004  2.110384
88.900004  2.142425
88.920004  2.216297
88.940004  2.374612
88.960004  2.329720
88.980004  2.444361
89.000004  2.490581
89.020004  2.387709
89.040004  2.408142
89.060004  2.162599
89.080004  2.018805
89.100004  1.986775
89.120004  1.876729
89.140004  2.060667
89.160004  2.010519
89.180004  1.995239
89.200004  2.000675
89.220004  1.862404
89.240004  2.102805
89.260004  2.233976
89.280004  2.326096
89.300004  2.375478
89.320004  2.326702
89.340004  2.383251
89.360004  2.258201
89.380004  2.245365
89.400004  2.277613
89.420004  2.204099
89.440004  2.099333
89.460004  2.032462
89.480004  1.794803
89.500004  1.938678
89.520004  1.974182
89.540004  2.120569
89.560004  2.214916
89.580004  2.111229
89.600004  2.167475
89.620004  2.184122
89.640004  2.069414
89.660004  2.203477
89.680004  2.140515
89.700004  2.021495
89.720004  2.109146
89.740004  2.002406
89.760004  1.946811
89.780004  1.749524
89.800004  1.604129
89.820004  1.515173
89.840004  1.771716
89.860004  1.769563
89.880004  1.894531
89.900004  1.856935
89.920004  1.844756
89.940004  1.936615
89.960004  1.981582
89.980004  1.764514
90.000004  1.988123
90.020004  2.134645
90.040004  1.988129
90.060004  1.920513
90.080004  1.746521
90.100004  1.785550
90.120004  1.894681
90.140004  1.961189
90.160004  1.938766
90.180004  2.058149
90.200004  1.937103
90.220004  2.148525
90.240004  2.158296
90.260004  2.183603
90.280004  2.387019
90.300004  2.393004
90.320004  2.400071
90.340004  2.275268
90.360004  2.260774
90.380004  2.096971
90.400004  2.179359
90.420004  2.212382
90.440004  2.211002
90.460004  2.250738
90.480004  2.103998
90.500004  2.071872
90.520004  2.191540
90.540004  2.052678
90.560004  2.087762
90.580004  2.029446
90.600004  2.025157
90.620004  2.265337
90.640004  2.397423
90.660004  2.312424
90.680004  2.238104
90.700004  2.172597
90.720004  2.082504
90.740004  2.124630
90.760004  2.118637
90.780004  2.127843
90.800004  2.178255
90.820004  2.395921
90.840004  2.235060
90.860004  2.398248
90.880004  2.221841
90.900004  2.178995
90.920004  2.435662
90.940004  2.545640
90.960004  2.740076
90.980004  2.726260
91.000004  2.548204
91.020004  2.476457
91.040004  2.238803
91.060004  2.349394
91.080004  2.304072
91.100004  2.325014
91.120004  2.469809
91.140004  2.209607
91.160004  2.407920
91.180004  2.203634
91.200004  2.290822
91.220004  2.227481
91.240004  2.277248
91.260004  2.273091
91.280004  2.448517
91.300004  2.385524
91.320004  2.340756
91.340004  2.149722
91.360004  2.153896
91.380004  1.957512
91.400004  2.043433
91.420004  2.052783
91.440004  2.028813
91.460004  2.230565
91.480004  2.147125
91.500004  2.249827
91.520004  2.208832
91.540004  2.262801
91.560004  2.261347
91.580004  2.411714
91.600004  2.294043
91.620004  2.497111
91.640004  2.372889
91.660004  2.499236
91.680004  2.323193
91.700004  2.290024
91.720004  2.117659
91.740004  2.174828
91.760004  2.266885
91.780004  2.271077
91.800004  2.282715
91.820004  2.377177
91.840004  2.380342
91.860004  2.347628
91.880004  2.341055
91.900004  2.182593
91.920004  2.294804
91.940004  2.185453
91.960004  2.221180
91.980004  2.249066
92.000004  2.138423
92.020004  2.019021
92.040004  2.109177
92.060004  1.836077
92.080004  1.962431
92.100004  1.844623
92.120004  2.000813
92.140004  2.121477
92.160004  2.281003
92.180004  2.374464
92.200004  2.416919
92.220004  2.421561
92.240004  2.423531
92.260004  2.360840
92.280004  2.434503
92.300004  2.418571
92.320004  2.457967
92.340004  2.552885
92.360004  2.576163
92.380004  2.659809
92.400004  2.502737
92.420004  2.375055
92.440004  2.303804
92.460004  2.362978
92.480004  2.448544
92.500004  2.542351
92.520004  2.538044
92.540004  2.580419
92.560004  2.415874
92.580004  2.217504
92.600004  2.031139
92.620004  1.898379
92.640004  1.986872
92.660004  1.903354
92.680004  1.973289
92.700004  1.899753
92.720004  1.918791
92.740004  1.926238
92.760004  1.921160
92.780004  1.806706
92.800004  1.969541
92.820004  2.011035
92.840004  2.244597
92.860004  2.350481
92.880004  2.345052
92.900004  2.399986
92.920004  2.155192
92.940004  2.233388
92.960004  2.143958
92.980004  2.141491
93.000004  2.239868
93.020004  2.192207
93.040004  2.313087
93.060004  2.449979
93.080004  2.304546
93.100004  2.442545
93.120004  2.252280
93.140004  2.277754
93.160004  2.328039
93.180004  2.300592
93.200004  2.219053
93.220004  2.194188
93.240004  2.142798
93.260004  2.057687
93.280004  1.974883
93.300004  1.920037
93.320004  1.842417
93.340004  1.798943
93.360004  1.859557
93.380004  1.617612
93.400004  1.816264
93.420004  1.700536
93.440004  1.823212
93.460004  2.012818
93.480004  1.950387
93.500004  2.059562
93.520004  2.123201
93.540004  1.929995
93.560004  1.684781
93.580004  1.863004
93.600004  1.840769
93.620004  2.155797
93.640004  2.148287
93.660004  2.131059
93.680004  1.953873
93.700004  2.089592
93.720004  2.007002
93.740004  2.174495
93.760004  2.285277
93.780004  2.248575
93.800004  2.391000
93.820004  2.407844
93.840004  2.340537
93.860004  2.446629
93.880004  2.390737
93.900004  2.288781
93.920004  2.412625
93.940004  2.180313
93.960004  2.154378
93.980004  2.086373
94.000004  1.953340
94.020004  2.056543
94.040004  2.135496
94.060004  2.043150
94.080004  2.107304
94.100004  1.985673
94.120004  1.951301
94.140004  1.999114
94.160004  2.031316
94.180004  1.898158
94.200004  1.918136
94.220004  2.036346
94.240004  2.108558
94.260004  2.168845
94.280004  2.101708
94.300004  1.856529
94.320004  1.916996
94.340004  1.881432
94.360004  1.950324
94.380004  2.259454
94.400004  2.210229
94.420004  2.195325
94.440004  2.334807
94.460004  2.255283
94.480004  2.424284
94.500004  2.585102
94.520004  2.387883
94.540004  2.399457
94.560004  2.318477
94.580004  2.492605
94.600004  2.671201
94.620004  2.783867
94.640004  2.800637
94.660004  2.530675
94.680004  2.426924
94.700004  2.315866
94.720004  2.273968
94.740004  2.451077
94.760005  2.364945
94.780005  2.569733
94.800005  2.481139
94.820005  2.295417
94.840005  2.411401
94.860005  2.045331
94.880005  2.155180
94.900005  2.021424
94.920005  2.174648
94.940005  2.329510
94.960005  2.436006
94.980005  2.340001
95.000005  2.317405
95.020005  2.002991
95.040005  2.008720
95.060005  2.100535
95.080005  2.437651
95.100005  2.517845
95.120005  2.498430
95.140005  2.533130
95.160005  2.361648
95.180005  2.376508
95.200005  2.394602
95.220005  2.443689
95.240005  2.662301
95.260005  2.743319
95.280005  2.596339
95.300005  2.618715
95.320005  2.438170
95.340005  2.446454
95.360005  2.338753
95.380005  2.271683
95.400005  2.292279
95.420005  2.303124
95.440005  2.399011
95.460005  2.313092
95.480005  2.246675
95.500005  2.185439
95.520005  1.972859
95.540005  1.993022
95.560005  2.026939
95.580005  2.022610
95.600005  2.360463
95.620005  2.231970
95.640005  2.276790
95.660005  2.254494
95.680005  2.209708
95.700005  2.228132
95.720005  2.342268
95.740005  2.277586
95.760005  2.288065
95.780005  2.269141
95.800005  2.339875
95.820005  2.325285
95.840005  2.435496
95.860005  2.370962
95.880005  2.289105
95.900005  2.461977
95.920005  2.333378
95.940005  2.641241
95.960005  2.554408
95.980005  2.510995
96.000005  2.448870
96.020005  2.381866
96.040005  2.286444
96.060005  2.433471
96.080005  2.199439
96.100005  2.133035
96.120005  1.948888
96.140005  2.069903
96.160005  2.281069
96.180005  2.312176
96.200005  2.415846
96.220005  2.201328
96.240005  2.371260
96.260005  2.394249
96.280005  2.471019
96.300005  2.514660
96.320005  2.507933
96.340005  2.357996
96.360005  2.444460
96.380005  2.420254
96.400005  2.488560
96.420005  2.362625
96.440005  2.306331
96.460005  2.296815
96.480005  2.339365
96.500005  2.489807
96.520005  2.461485
96.540005  2.688257
96.560005  2.609886
96.580005  2.480006
96.600005  2.409615
96.620005  2.320032
96.640005  2.429434
96.660005  2.444364
96.680005  2.396835
96.700005  2.270999
96.720005  2.215898
96.740005  2.166712
96.760005  2.101435
96.780005  2.084576
96.800005  2.184104
96.820005  2.245241
96.840005  2.352949
96.860005  2.371132
96.880005  2.369311
96.900005  2.429657
96.920005  2.343672
96.940005  2.323178
96.960005  2.199883
96.980005  2.240137
97.000005  2.333751
97.020005  2.439939
97.040005  2.376278
97.060005  2.364941
97.080005  2.145963
97.100005  2.150024
97.120005  2.155996
97.140005  2.231499
97.160005  2.276332
97.180005  2.228913
97.200005  2.206164
97.220005  2.105161
97.240005  2.133085
97.260005  2.038539
97.280005  1.989343
97.300005  1.933345
97.320005  1.837669
97.340005  1.811797
97.360005  1.823736
97.380005  1.851449
97.400005  1.895658
97.420005  1.765090
97.440005  1.566363
97.460005  1.689546
97.480005  1.820090
97.500005  1.934279
97.520005  1.953905
97.540005  1.768593
97.560005  1.901321
97.580005  1.802180
97.600005  1.946611
97.620005  1.896059
97.640005  2.052571
97.660005  2.028822
97.680005  2.051804
97.700005  1.851476
97.720005  1.960347
97.740005  1.914506
97.760005  2.138411
97.780005  1.998253
97.800005  1.987913
97.820005  2.132766
97.840005  2.103794
97.860005  2.323051
97.880005  2.266048
97.900005  2.130195
97.920005  2.130161
97.940005  2.144797
97.960005  2.248517
97.980005  2.493321
98.000005  2.345845
98.020005  2.432943
98.040005  2.308798
98.060005  2.257349
98.080005  2.238954
98.100005  2.151370
98.120005  2.262560
98.140005  2.412766
98.160005  2.530868
98.180005  2.723603
98.200005  2.491590
98.220005  2.719115
98.240005  2.481638
98.260005  2.640038
98.280005  2.745685
98.300005  2.712220
98.320005  2.963725
98.340005  2.856230
98.360005  2.838136
98.380005  2.660549
98.400005  2.658154
98.420005  2.569041
98.440005  2.667708
98.460005  2.631357
98.480005  2.716136
98.500005  2.723423
98.520005  2.804444
98.540005  2.650099
98.560005  2.628953
98.580005  2.495797
98.600005  2.327182
98.620005  2.466590
98.640005  2.626121
98.660005  2.769844
98.680005  2.930429
98.700005  2.760948
98.720005  2.597250
98.740005  2.612729
98.760005  2.459676
98.780005  2.656173
98.800005  2.661118
98.820005  2.686750
98.840005  2.697419
98.860005  2.659778
98.880005  2.470546
98.900005  2.304560
98.920005  2.197741
98.940005  2.089774
98.960005  2.274426
98.980005  2.369625
99.000005  2.380009
99.020005  2.350259
99.040005  2.231112
99.060005  2.011342
99.080005  2.101081
99.100005  1.946647
99.120005  1.970501
99.140005  2.095826
99.160005  1.994864
99.180005  1.985782
99.200005  2.003674
99.220005  1.914074
99.240005  1.990928
99.260005  1.949661
99.280005  1.865391
99.300005  1.843057
99.320005  1.963499
99.340005  2.151561
99.360005  2.330987
99.380005  2.263734
99.400005  2.139596
99.420005  2.015088
99.440005  2.041935
99.460005  2.090769
99.480005  2.220313
99.500005  2.258327
99.520005  2.003049
99.540005  2.049764
99.560005  1.909802
99.580005  1.977701
99.600005  1.997861
99.620005  1.982602
99.640005  2.047827
99.660005  2.004029
99.680005  1.886856
99.700005  1.934163
99.720005  1.845790
99.740005  1.947104
99.760005  2.136445
99.780005  2.132140
99.800005  2.037152
99.820005  1.971837
99.840005  1.879589
99.860005  1.975347
99.880005  2.075216
99.900005  1.952054
99.920005  1.940885
99.940005  1.955809
99.960005  2.142198
99.980005  2.321217
